1.245	-0.2294	-0.4436
1.062	-0.1992	-0.3256
0.9163	-0.1492	-0.2309
0.8323	-0.1328	-0.1778
0.7765	-0.1354	-0.1734
0.7427	-0.1626	-0.1601
0.7312	-0.1729	-0.1687
0.7287	-0.1934	-0.1831
0.7618	-0.241	-0.1838
0.8017	-0.2611	-0.2124
0.8198	-0.2664	-0.2065
0.8635	-0.2415	-0.2108
0.8953	-0.2165	-0.2384
0.8868	-0.2071	-0.196
0.9089	-0.1838	-0.153
0.9886	-0.196	-0.1559
1.084	-0.2082	-0.2076
1.12	-0.2143	-0.2683
1.106	-0.2396	-0.2584
1.159	-0.2346	-0.2642
1.29	-0.2276	-0.3389
1.371	-0.2185	-0.4144
1.364	-0.2206	-0.4416
1.3	-0.2907	-0.4079
1.146	-0.3718	-0.3958
0.9496	-0.3935	-0.4694
0.8743	-0.3737	-0.5701
0.9334	-0.3791	-0.6763
0.9566	-0.3759	-0.7911
0.9154	-0.3209	-0.8293
0.9014	-0.2681	-0.7716
0.8733	-0.2272	-0.7131
0.8629	-0.2255	-0.6658
0.8862	-0.2463	-0.5989
0.8318	-0.2373	-0.5533
0.7773	-0.2241	-0.5145
0.7615	-0.1825	-0.459
0.7332	-0.144	-0.436
0.7246	-0.1429	-0.4188
0.6991	-0.1234	-0.3901
0.6797	-0.1013	-0.3867
0.6715	-0.07685	-0.3833
0.6491	-0.05821	-0.3818
0.6819	-0.0745	-0.3922
0.7102	-0.08655	-0.3939
0.713	-0.1021	-0.3927
0.7488	-0.1275	-0.3891
0.763	-0.1088	-0.3841
0.7672	-0.03146	-0.3771
0.8039	0.04784	-0.3676
0.8407	0.06043	-0.3705
0.9139	0.03107	-0.3791
1.098	0.02301	-0.3851
1.245	0.0111	-0.3944
1.219	-0.02353	-0.4282
1.236	-0.0566	-0.5284
1.312	-0.08916	-0.6457
1.285	-0.08516	-0.7238
1.286	-0.08975	-0.8625
1.217	-0.166	-0.9645
0.9851	-0.1969	-0.8422
0.8467	-0.1684	-0.7076
0.773	-0.1474	-0.6448
0.7184	-0.1078	-0.5577
0.7576	-0.07707	-0.5637
0.7854	-0.0763	-0.5691
0.8441	-0.09033	-0.516
0.8956	-0.09942	-0.5191
0.8403	-0.1164	-0.5183
0.7974	-0.1816	-0.5263
0.7675	-0.2602	-0.4925
0.7584	-0.2992	-0.3927
0.7727	-0.2757	-0.3572
0.7212	-0.2312	-0.3535
0.6761	-0.1659	-0.3732
0.6476	-0.06913	-0.3881
0.6305	-0.06398	-0.3701
0.6848	-0.1244	-0.3731
0.7356	-0.1664	-0.3454
0.77	-0.2119	-0.3237
0.7942	-0.213	-0.3186
0.798	-0.208	-0.2827
0.8797	-0.2355	-0.2776
1.028	-0.237	-0.3034
1.147	-0.2239	-0.3336
1.19	-0.2002	-0.3378
1.188	-0.1888	-0.34
1.216	-0.2293	-0.4179
1.251	-0.3085	-0.5407
1.293	-0.4059	-0.6474
1.309	-0.4348	-0.7168
1.121	-0.3196	-0.7377
0.7922	-0.169	-0.6522
0.6316	-0.1529	-0.5438
0.68	-0.2319	-0.5852
0.7674	-0.281	-0.6404
0.8772	-0.3009	-0.6252
0.9425	-0.2894	-0.6255
0.8927	-0.2602	-0.5807
0.8568	-0.2281	-0.5235
0.8216	-0.1593	-0.486
0.7809	-0.1108	-0.4462
0.8073	-0.07721	-0.461
0.7983	-0.02899	-0.4631
0.7702	-0.03351	-0.4444
0.7364	-0.04367	-0.43
0.6515	-0.04292	-0.3521
0.6289	-0.07476	-0.2933
0.649	-0.08911	-0.295
0.6755	-0.09823	-0.3217
0.7398	-0.1156	-0.3731
0.7653	-0.1155	-0.3858
0.7785	-0.09963	-0.3688
0.8416	-0.05824	-0.3552
0.9328	-0.02105	-0.3462
1.043	0.00722	-0.3674
1.148	0.02742	-0.4013
1.231	0.003556	-0.4326
1.301	-0.05607	-0.4686
1.326	-0.138	-0.5457
1.299	-0.1645	-0.6655
1.257	-0.1049	-0.7681
1.177	-0.09991	-0.8474
1.023	-0.1841	-0.8703
0.8789	-0.2482	-0.7914
0.7839	-0.2198	-0.6834
0.7184	-0.1386	-0.626
0.723	-0.0821	-0.6076
0.7576	-0.07707	-0.5637
0.7854	-0.0763	-0.5691
0.8441	-0.09033	-0.516
0.8956	-0.09942	-0.5191
0.8403	-0.1164	-0.5183
0.7974	-0.1816	-0.5263
0.7675	-0.2602	-0.4925
0.7584	-0.2992	-0.3927
0.7727	-0.2757	-0.3572
0.7212	-0.2312	-0.3535
0.6761	-0.1659	-0.3732
0.6476	-0.06913	-0.3881
0.6305	-0.06398	-0.3701
0.6848	-0.1244	-0.3731
0.7356	-0.1664	-0.3454
0.77	-0.2119	-0.3237
0.7942	-0.213	-0.3186
0.798	-0.208	-0.2827
0.8797	-0.2355	-0.2776
1.028	-0.237	-0.3034
1.147	-0.2239	-0.3336
1.19	-0.2002	-0.3378
1.188	-0.1888	-0.34
1.216	-0.2293	-0.4179
1.251	-0.3085	-0.5407
1.293	-0.4059	-0.6474
1.309	-0.4348	-0.7168
1.121	-0.3196	-0.7377
0.7922	-0.169	-0.6522
0.6316	-0.1529	-0.5438
0.68	-0.2319	-0.5852
0.7674	-0.281	-0.6404
0.8772	-0.3009	-0.6252
0.9425	-0.2894	-0.6255
0.8927	-0.2602	-0.5807
0.8568	-0.2281	-0.5235
0.8216	-0.1593	-0.486
0.7809	-0.1108	-0.4462
0.8073	-0.07721	-0.461
0.7983	-0.02899	-0.4631
0.7702	-0.03351	-0.4444
0.7364	-0.04367	-0.43
0.6515	-0.04292	-0.3521
0.6289	-0.07476	-0.2933
0.649	-0.08911	-0.295
0.6755	-0.09823	-0.3217
0.7398	-0.1156	-0.3731
0.7653	-0.1155	-0.3858
0.7785	-0.09963	-0.3688
0.8416	-0.05824	-0.3552
0.9328	-0.02105	-0.3462
1.043	0.00722	-0.3674
1.148	0.02742	-0.4013
1.231	0.003556	-0.4326
1.301	-0.05607	-0.4686
1.326	-0.138	-0.5457
1.299	-0.1645	-0.6655
1.257	-0.1049	-0.7681
1.177	-0.09991	-0.8474
1.023	-0.1841	-0.8703
0.8789	-0.2482	-0.7914
0.7839	-0.2198	-0.6834
0.7184	-0.1386	-0.626
0.723	-0.0821	-0.6076
0.763	-0.0435	-0.5868
0.8133	-0.04834	-0.5506
0.8844	-0.08236	-0.5088
0.8863	-0.09371	-0.4934
0.8348	-0.1424	-0.4986
0.8083	-0.1919	-0.4806
0.7696	-0.2044	-0.457
0.7365	-0.2174	-0.4328
0.7218	-0.1966	-0.3873
0.6857	-0.1653	-0.3546
0.674	-0.1428	-0.3557
0.6831	-0.1253	-0.3637
0.6674	-0.1176	-0.3477
0.6742	-0.1128	-0.3412
0.7309	-0.1545	-0.3559
0.8126	-0.2174	-0.344
0.8724	-0.2574	-0.3395
0.8869	-0.2508	-0.3343
0.957	-0.216	-0.3016
1.068	-0.2211	-0.2991
1.075	-0.2073	-0.3003
1.082	-0.1906	-0.2969
1.163	-0.2061	-0.3214
1.195	-0.2047	-0.3772
1.232	-0.2744	-0.4871
1.317	-0.3802	-0.5901
1.353	-0.4117	-0.6258
1.25	-0.3717	-0.6073
0.9112	-0.2543	-0.575
0.5713	-0.1684	-0.573
0.6446	-0.2209	-0.5793
0.8205	-0.3185	-0.6068
0.7669	-0.3306	-0.6498
0.8711	-0.311	-0.6412
0.9623	-0.2997	-0.6064
0.8253	-0.2224	-0.5716
0.8585	-0.1692	-0.5419
0.8511	-0.1395	-0.5303
0.7829	-0.07881	-0.5214
0.8499	-0.07751	-0.5318
0.7925	-0.07881	-0.5385
0.7802	-0.07574	-0.5086
0.7801	-0.09398	-0.4645
0.681	-0.0842	-0.4139
0.6746	-0.0845	-0.3793
0.6455	-0.07973	-0.3644
0.6788	-0.0865	-0.3573
0.7487	-0.1141	-0.3718
0.7338	-0.1157	-0.3895
0.7605	-0.1153	-0.3955
0.779	-0.0888	-0.3865
0.8527	-0.04175	-0.3682
0.9557	-0.01291	-0.3696
1.01	-0.0001942	-0.3771
1.1	-0.02474	-0.3919
1.171	-0.07795	-0.4437
1.243	-0.1291	-0.5153
1.258	-0.1297	-0.6223
1.236	-0.08078	-0.7861
1.28	-0.071	-0.8882
1.175	-0.1394	-0.854
0.9786	-0.2266	-0.8022
0.8747	-0.2297	-0.7444
0.7766	-0.1702	-0.6589
0.763	-0.0435	-0.5868
0.8133	-0.04834	-0.5506
0.8844	-0.08236	-0.5088
0.8863	-0.09371	-0.4934
0.8348	-0.1424	-0.4986
0.8083	-0.1919	-0.4806
0.7696	-0.2044	-0.457
0.7365	-0.2174	-0.4328
0.7218	-0.1966	-0.3873
0.6857	-0.1653	-0.3546
0.674	-0.1428	-0.3557
0.6831	-0.1253	-0.3637
0.6674	-0.1176	-0.3477
0.6742	-0.1128	-0.3412
0.7309	-0.1545	-0.3559
0.8126	-0.2174	-0.344
0.8724	-0.2574	-0.3395
0.8869	-0.2508	-0.3343
0.957	-0.216	-0.3016
1.068	-0.2211	-0.2991
1.075	-0.2073	-0.3003
1.082	-0.1906	-0.2969
1.163	-0.2061	-0.3214
1.195	-0.2047	-0.3772
1.232	-0.2744	-0.4871
1.317	-0.3802	-0.5901
1.353	-0.4117	-0.6258
1.25	-0.3717	-0.6073
0.9112	-0.2543	-0.575
0.5713	-0.1684	-0.573
0.6446	-0.2209	-0.5793
0.8205	-0.3185	-0.6068
0.7669	-0.3306	-0.6498
0.8711	-0.311	-0.6412
0.9623	-0.2997	-0.6064
0.8253	-0.2224	-0.5716
0.8585	-0.1692	-0.5419
0.8511	-0.1395	-0.5303
0.7829	-0.07881	-0.5214
0.8499	-0.07751	-0.5318
0.7925	-0.07881	-0.5385
0.7802	-0.07574	-0.5086
0.7801	-0.09398	-0.4645
0.681	-0.0842	-0.4139
0.6746	-0.0845	-0.3793
0.6455	-0.07973	-0.3644
0.6788	-0.0865	-0.3573
0.7487	-0.1141	-0.3718
0.7338	-0.1157	-0.3895
0.7605	-0.1153	-0.3955
0.779	-0.0888	-0.3865
0.8527	-0.04175	-0.3682
0.9557	-0.01291	-0.3696
1.01	-0.0001942	-0.3771
1.1	-0.02474	-0.3919
1.171	-0.07795	-0.4437
1.243	-0.1291	-0.5153
1.258	-0.1297	-0.6223
1.236	-0.08078	-0.7861
1.28	-0.071	-0.8882
1.175	-0.1394	-0.854
0.9786	-0.2266	-0.8022
0.8747	-0.2297	-0.7444
0.7766	-0.1702	-0.6589
0.7281	-0.1319	-0.6715
0.7481	-0.09516	-0.6879
0.7725	-0.08701	-0.6158
0.8186	-0.1098	-0.5732
0.8554	-0.1078	-0.5251
0.8503	-0.1215	-0.5046
0.825	-0.1466	-0.5359
0.8026	-0.167	-0.4919
0.7861	-0.1987	-0.4401
0.7712	-0.2006	-0.3978
0.7421	-0.1887	-0.3537
0.6972	-0.1743	-0.3724
0.6769	-0.1447	-0.3614
0.6779	-0.1423	-0.337
0.6803	-0.1628	-0.3477
0.686	-0.1764	-0.3428
0.6976	-0.1804	-0.3481
0.7414	-0.1949	-0.3413
0.7932	-0.2182	-0.3144
0.8138	-0.2038	-0.2995
0.8621	-0.1794	-0.2957
0.9743	-0.1811	-0.3103
1.078	-0.1731	-0.3144
1.143	-0.1609	-0.3142
1.19	-0.162	-0.3328
1.22	-0.1822	-0.4038
1.289	-0.2669	-0.5595
1.39	-0.3958	-0.6809
1.407	-0.4441	-0.7192
1.235	-0.3545	-0.7396
0.8803	-0.248	-0.6742
0.6504	-0.2416	-0.5698
0.6854	-0.2997	-0.5925
0.7542	-0.36	-0.6565
0.8192	-0.3706	-0.6558
0.8686	-0.3232	-0.6308
0.8356	-0.2853	-0.5759
0.8051	-0.2565	-0.5271
0.7738	-0.2127	-0.4777
0.7529	-0.1536	-0.4252
0.7861	-0.07669	-0.4771
0.8104	-0.02738	-0.5247
0.8123	-0.01491	-0.5
0.795	-0.02758	-0.4977
0.7442	-0.06211	-0.4482
0.7005	-0.08914	-0.3774
0.7029	-0.1033	-0.3537
0.7313	-0.1049	-0.3387
0.7508	-0.1058	-0.3667
0.7657	-0.0951	-0.4176
0.7737	-0.05337	-0.431
0.7587	-0.01615	-0.4069
0.7433	0.002327	-0.3813
0.7574	0.0007808	-0.3706
0.8085	0.007026	-0.3463
0.9129	0.03557	-0.3473
1.039	0.03939	-0.3755
1.094	0.02009	-0.3791
1.101	-0.02744	-0.3829
1.157	-0.06731	-0.3883
1.239	-0.03322	-0.4275
1.282	0.008407	-0.595
1.304	-0.001428	-0.8208
1.299	-0.09172	-0.9152
0.7281	-0.1319	-0.6715
0.7481	-0.09516	-0.6879
0.7725	-0.08701	-0.6158
0.8186	-0.1098	-0.5732
0.8554	-0.1078	-0.5251
0.8503	-0.1215	-0.5046
0.825	-0.1466	-0.5359
0.8026	-0.167	-0.4919
0.7861	-0.1987	-0.4401
0.7712	-0.2006	-0.3978
0.7421	-0.1887	-0.3537
0.6972	-0.1743	-0.3724
0.6769	-0.1447	-0.3614
0.6779	-0.1423	-0.337
0.6803	-0.1628	-0.3477
0.686	-0.1764	-0.3428
0.6976	-0.1804	-0.3481
0.7414	-0.1949	-0.3413
0.7932	-0.2182	-0.3144
0.8138	-0.2038	-0.2995
0.8621	-0.1794	-0.2957
0.9743	-0.1811	-0.3103
1.078	-0.1731	-0.3144
1.143	-0.1609	-0.3142
1.19	-0.162	-0.3328
1.22	-0.1822	-0.4038
1.289	-0.2669	-0.5595
1.39	-0.3958	-0.6809
1.407	-0.4441	-0.7192
1.235	-0.3545	-0.7396
0.8803	-0.248	-0.6742
0.6504	-0.2416	-0.5698
0.6854	-0.2997	-0.5925
0.7542	-0.36	-0.6565
0.8192	-0.3706	-0.6558
0.8686	-0.3232	-0.6308
0.8356	-0.2853	-0.5759
0.8051	-0.2565	-0.5271
0.7738	-0.2127	-0.4777
0.7529	-0.1536	-0.4252
0.7861	-0.07669	-0.4771
0.8104	-0.02738	-0.5247
0.8123	-0.01491	-0.5
0.795	-0.02758	-0.4977
0.7442	-0.06211	-0.4482
0.7005	-0.08914	-0.3774
0.7029	-0.1033	-0.3537
0.7313	-0.1049	-0.3387
0.7508	-0.1058	-0.3667
0.7657	-0.0951	-0.4176
0.7737	-0.05337	-0.431
0.7587	-0.01615	-0.4069
0.7433	0.002327	-0.3813
0.7574	0.0007808	-0.3706
0.8085	0.007026	-0.3463
0.9129	0.03557	-0.3473
1.039	0.03939	-0.3755
1.094	0.02009	-0.3791
1.101	-0.02744	-0.3829
1.157	-0.06731	-0.3883
1.239	-0.03322	-0.4275
1.282	0.008407	-0.595
1.304	-0.001428	-0.8208
1.299	-0.09172	-0.9152
1.158	-0.2419	-0.873
0.8929	-0.2865	-0.8213
0.7355	-0.2088	-0.7722
0.7394	-0.1747	-0.7531
0.7551	-0.1923	-0.7797
0.7583	-0.1875	-0.7501
0.7742	-0.1861	-0.6814
0.8072	-0.1935	-0.6057
0.8413	-0.1979	-0.5536
0.8331	-0.2221	-0.5713
0.8322	-0.2448	-0.5396
0.8417	-0.2406	-0.518
0.8059	-0.2301	-0.5382
0.7675	-0.2274	-0.4618
0.7471	-0.2159	-0.434
0.7394	-0.1956	-0.4593
0.7259	-0.1672	-0.4247
0.6963	-0.1287	-0.4166
0.7025	-0.1232	-0.403
0.7053	-0.1213	-0.376
0.6915	-0.1034	-0.3669
0.7157	-0.1229	-0.3603
0.7384	-0.1333	-0.3695
0.7681	-0.1441	-0.3725
0.8019	-0.1845	-0.3802
0.7972	-0.1954	-0.365
0.8041	-0.2113	-0.3275
0.8281	-0.2291	-0.3208
0.8645	-0.2214	-0.3108
0.9363	-0.2178	-0.313
1.022	-0.1875	-0.3349
1.126	-0.1425	-0.3456
1.212	-0.1245	-0.3613
1.246	-0.1627	-0.4069
1.307	-0.2706	-0.4988
1.403	-0.3801	-0.5741
1.413	-0.4422	-0.6395
1.291	-0.4563	-0.7221
1.07	-0.4297	-0.6817
0.7711	-0.3747	-0.5887
0.6171	-0.3449	-0.6139
0.7318	-0.3791	-0.6564
0.8355	-0.385	-0.702
0.8485	-0.3102	-0.7508
0.8753	-0.2007	-0.6675
0.8193	-0.1146	-0.5535
0.7638	-0.09885	-0.5059
0.7896	-0.112	-0.466
0.7782	-0.1113	-0.4489
0.7706	-0.09446	-0.4559
0.7644	-0.07513	-0.4745
0.7174	-0.07795	-0.4605
0.6954	-0.08184	-0.4126
0.68	-0.08391	-0.395
0.6804	-0.08522	-0.3843
0.7142	-0.0855	-0.3923
0.7487	-0.1029	-0.3971
0.7761	-0.1124	-0.3817
0.782	-0.1069	-0.3978
0.7972	-0.09805	-0.3934
0.8048	-0.08966	-0.3851
0.7936	-0.0787	-0.3775
0.8294	-0.04428	-0.3348
0.8836	-0.007627	-0.3294
1.158	-0.2419	-0.873
0.8929	-0.2865	-0.8213
0.7355	-0.2088	-0.7722
0.7394	-0.1747	-0.7531
0.7551	-0.1923	-0.7797
0.7583	-0.1875	-0.7501
0.7742	-0.1861	-0.6814
0.8072	-0.1935	-0.6057
0.8413	-0.1979	-0.5536
0.8331	-0.2221	-0.5713
0.8322	-0.2448	-0.5396
0.8417	-0.2406	-0.518
0.8059	-0.2301	-0.5382
0.7675	-0.2274	-0.4618
0.7471	-0.2159	-0.434
0.7394	-0.1956	-0.4593
0.7259	-0.1672	-0.4247
0.6963	-0.1287	-0.4166
0.7025	-0.1232	-0.403
0.7053	-0.1213	-0.376
0.6915	-0.1034	-0.3669
0.7157	-0.1229	-0.3603
0.7384	-0.1333	-0.3695
0.7681	-0.1441	-0.3725
0.8019	-0.1845	-0.3802
0.7972	-0.1954	-0.365
0.8041	-0.2113	-0.3275
0.8281	-0.2291	-0.3208
0.8645	-0.2214	-0.3108
0.9363	-0.2178	-0.313
1.022	-0.1875	-0.3349
1.126	-0.1425	-0.3456
1.212	-0.1245	-0.3613
1.246	-0.1627	-0.4069
1.307	-0.2706	-0.4988
1.403	-0.3801	-0.5741
1.413	-0.4422	-0.6395
1.291	-0.4563	-0.7221
1.07	-0.4297	-0.6817
0.7711	-0.3747	-0.5887
0.6171	-0.3449	-0.6139
0.7318	-0.3791	-0.6564
0.8355	-0.385	-0.702
0.8485	-0.3102	-0.7508
0.8753	-0.2007	-0.6675
0.8193	-0.1146	-0.5535
0.7638	-0.09885	-0.5059
0.7896	-0.112	-0.466
0.7782	-0.1113	-0.4489
0.7706	-0.09446	-0.4559
0.7644	-0.07513	-0.4745
0.7174	-0.07795	-0.4605
0.6954	-0.08184	-0.4126
0.68	-0.08391	-0.395
0.6804	-0.08522	-0.3843
0.7142	-0.0855	-0.3923
0.7487	-0.1029	-0.3971
0.7761	-0.1124	-0.3817
0.782	-0.1069	-0.3978
0.7972	-0.09805	-0.3934
0.8048	-0.08966	-0.3851
0.7936	-0.0787	-0.3775
0.8294	-0.04428	-0.3348
0.8836	-0.007627	-0.3294
0.9897	0.02404	-0.3485
1.173	0.05376	-0.3869
1.252	-0.0009089	-0.4535
1.238	-0.152	-0.4938
1.295	-0.2305	-0.5431
1.322	-0.155	-0.6509
1.274	-0.06253	-0.8077
1.216	-0.04337	-0.8959
1.068	-0.06229	-0.8247
0.9227	-0.09853	-0.7238
0.8727	-0.1377	-0.6636
0.8158	-0.1434	-0.612
0.8066	-0.111	-0.6018
0.8291	-0.08645	-0.5655
0.8213	-0.09438	-0.4921
0.8585	-0.1055	-0.481
0.8724	-0.1118	-0.4701
0.8407	-0.1312	-0.4517
0.8115	-0.1551	-0.4533
0.764	-0.1841	-0.4083
0.7358	-0.2169	-0.3737
0.7042	-0.2157	-0.3545
0.6585	-0.1772	-0.3174
0.6496	-0.1306	-0.3031
0.6611	-0.1041	-0.296
0.6864	-0.1071	-0.3201
0.7289	-0.1112	-0.3626
0.7802	-0.1245	-0.3663
0.8283	-0.158	-0.3532
0.8727	-0.1812	-0.3427
0.9266	-0.1945	-0.3331
0.972	-0.2013	-0.2954
1.025	-0.199	-0.2501
1.1	-0.1959	-0.2592
1.159	-0.1827	-0.2975
1.212	-0.168	-0.3667
1.286	-0.1911	-0.4828
1.329	-0.289	-0.5618
1.315	-0.4057	-0.6282
1.225	-0.3884	-0.7152
0.9687	-0.2487	-0.6557
0.712	-0.1708	-0.5492
0.7247	-0.2109	-0.5956
0.7957	-0.2895	-0.6123
0.752	-0.3288	-0.5856
0.8021	-0.3128	-0.6011
0.8899	-0.2814	-0.5598
0.8727	-0.2463	-0.5401
0.8526	-0.2092	-0.5263
0.829	-0.1794	-0.4676
0.7953	-0.1465	-0.4743
0.7989	-0.1089	-0.4862
0.7934	-0.07906	-0.4752
0.7709	-0.0569	-0.4625
0.7245	-0.03964	-0.4132
0.6752	-0.04565	-0.382
0.6701	-0.0594	-0.3629
0.6724	-0.06518	-0.3457
0.6879	-0.08138	-0.3497
0.7241	-0.09624	-0.3559
0.7608	-0.107	-0.3744
0.7984	-0.0939	-0.3853
0.8169	-0.05211	-0.4007
0.8437	-0.02606	-0.4277
0.9897	0.02404	-0.3485
1.173	0.05376	-0.3869
1.252	-0.0009089	-0.4535
1.238	-0.152	-0.4938
1.295	-0.2305	-0.5431
1.322	-0.155	-0.6509
1.274	-0.06253	-0.8077
1.216	-0.04337	-0.8959
1.068	-0.06229	-0.8247
0.9227	-0.09853	-0.7238
0.8727	-0.1377	-0.6636
0.8158	-0.1434	-0.612
0.8066	-0.111	-0.6018
0.8291	-0.08645	-0.5655
0.8213	-0.09438	-0.4921
0.8585	-0.1055	-0.481
0.8724	-0.1118	-0.4701
0.8407	-0.1312	-0.4517
0.8115	-0.1551	-0.4533
0.764	-0.1841	-0.4083
0.7358	-0.2169	-0.3737
0.7042	-0.2157	-0.3545
0.6585	-0.1772	-0.3174
0.6496	-0.1306	-0.3031
0.6611	-0.1041	-0.296
0.6864	-0.1071	-0.3201
0.7289	-0.1112	-0.3626
0.7802	-0.1245	-0.3663
0.8283	-0.158	-0.3532
0.8727	-0.1812	-0.3427
0.9266	-0.1945	-0.3331
0.972	-0.2013	-0.2954
1.025	-0.199	-0.2501
1.1	-0.1959	-0.2592
1.159	-0.1827	-0.2975
1.212	-0.168	-0.3667
1.286	-0.1911	-0.4828
1.329	-0.289	-0.5618
1.315	-0.4057	-0.6282
1.225	-0.3884	-0.7152
0.9687	-0.2487	-0.6557
0.712	-0.1708	-0.5492
0.7247	-0.2109	-0.5956
0.7957	-0.2895	-0.6123
0.752	-0.3288	-0.5856
0.8021	-0.3128	-0.6011
0.8899	-0.2814	-0.5598
0.8727	-0.2463	-0.5401
0.8526	-0.2092	-0.5263
0.829	-0.1794	-0.4676
0.7953	-0.1465	-0.4743
0.7989	-0.1089	-0.4862
0.7934	-0.07906	-0.4752
0.7709	-0.0569	-0.4625
0.7245	-0.03964	-0.4132
0.6752	-0.04565	-0.382
0.6701	-0.0594	-0.3629
0.6724	-0.06518	-0.3457
0.6879	-0.08138	-0.3497
0.7241	-0.09624	-0.3559
0.7608	-0.107	-0.3744
0.7984	-0.0939	-0.3853
0.8169	-0.05211	-0.4007
0.8437	-0.02606	-0.4277
0.9135	-0.01451	-0.4215
1.016	-0.01625	-0.4184
1.1	-0.01596	-0.4325
1.137	-0.02131	-0.445
1.197	-0.07616	-0.4849
1.276	-0.1164	-0.5596
1.311	-0.1037	-0.6827
1.322	-0.09345	-0.8248
1.298	-0.0986	-0.8821
1.19	-0.1089	-0.8513
1.003	-0.162	-0.7886
0.8104	-0.2324	-0.6717
0.7027	-0.1991	-0.5726
0.7024	-0.1294	-0.6005
0.7576	-0.1161	-0.6339
0.7977	-0.08625	-0.6028
0.7946	-0.09189	-0.5768
0.7913	-0.1322	-0.5096
0.807	-0.1427	-0.4578
0.8079	-0.1848	-0.4799
0.8216	-0.2264	-0.4737
0.8494	-0.2539	-0.4644
0.8296	-0.2509	-0.4604
0.8026	-0.1963	-0.4333
0.7831	-0.1928	-0.4393
0.7257	-0.1669	-0.4294
0.7021	-0.1158	-0.3935
0.7369	-0.1375	-0.3776
0.7596	-0.1217	-0.3576
0.7818	-0.1132	-0.3559
0.8027	-0.1421	-0.3777
0.8016	-0.148	-0.3816
0.8122	-0.2116	-0.3461
0.8162	-0.2485	-0.2983
0.8135	-0.2173	-0.2873
0.8438	-0.2065	-0.275
0.8842	-0.1943	-0.2571
0.9238	-0.1871	-0.2792
0.959	-0.1723	-0.2898
0.9929	-0.1469	-0.2853
1.066	-0.148	-0.3128
1.159	-0.1731	-0.3652
1.233	-0.2497	-0.4552
1.312	-0.3658	-0.5531
1.394	-0.4355	-0.6374
1.362	-0.3966	-0.7328
1.129	-0.3076	-0.7434
0.8086	-0.2641	-0.6225
0.6501	-0.3015	-0.5119
0.7227	-0.4005	-0.5141
0.7902	-0.4341	-0.5897
0.807	-0.3798	-0.6391
0.858	-0.3254	-0.6251
0.8351	-0.2757	-0.584
0.818	-0.2677	-0.5388
0.8275	-0.2735	-0.5062
0.7807	-0.2341	-0.502
0.8147	-0.1801	-0.521
0.8535	-0.1165	-0.5493
0.8316	-0.08657	-0.5635
0.8251	-0.09374	-0.5486
0.7733	-0.09117	-0.5051
0.7255	-0.0933	-0.4275
0.6869	-0.09072	-0.3589
0.9135	-0.01451	-0.4215
1.016	-0.01625	-0.4184
1.1	-0.01596	-0.4325
1.137	-0.02131	-0.445
1.197	-0.07616	-0.4849
1.276	-0.1164	-0.5596
1.311	-0.1037	-0.6827
1.322	-0.09345	-0.8248
1.298	-0.0986	-0.8821
1.19	-0.1089	-0.8513
1.003	-0.162	-0.7886
0.8104	-0.2324	-0.6717
0.7027	-0.1991	-0.5726
0.7024	-0.1294	-0.6005
0.7576	-0.1161	-0.6339
0.7977	-0.08625	-0.6028
0.7946	-0.09189	-0.5768
0.7913	-0.1322	-0.5096
0.807	-0.1427	-0.4578
0.8079	-0.1848	-0.4799
0.8216	-0.2264	-0.4737
0.8494	-0.2539	-0.4644
0.8296	-0.2509	-0.4604
0.8026	-0.1963	-0.4333
0.7831	-0.1928	-0.4393
0.7257	-0.1669	-0.4294
0.7021	-0.1158	-0.3935
0.7369	-0.1375	-0.3776
0.7596	-0.1217	-0.3576
0.7818	-0.1132	-0.3559
0.8027	-0.1421	-0.3777
0.8016	-0.148	-0.3816
0.8122	-0.2116	-0.3461
0.8162	-0.2485	-0.2983
0.8135	-0.2173	-0.2873
0.8438	-0.2065	-0.275
0.8842	-0.1943	-0.2571
0.9238	-0.1871	-0.2792
0.959	-0.1723	-0.2898
0.9929	-0.1469	-0.2853
1.066	-0.148	-0.3128
1.159	-0.1731	-0.3652
1.233	-0.2497	-0.4552
1.312	-0.3658	-0.5531
1.394	-0.4355	-0.6374
1.362	-0.3966	-0.7328
1.129	-0.3076	-0.7434
0.8086	-0.2641	-0.6225
0.6501	-0.3015	-0.5119
0.7227	-0.4005	-0.5141
0.7902	-0.4341	-0.5897
0.807	-0.3798	-0.6391
0.858	-0.3254	-0.6251
0.8351	-0.2757	-0.584
0.818	-0.2677	-0.5388
0.8275	-0.2735	-0.5062
0.7807	-0.2341	-0.502
0.8147	-0.1801	-0.521
0.8535	-0.1165	-0.5493
0.8316	-0.08657	-0.5635
0.8251	-0.09374	-0.5486
0.7733	-0.09117	-0.5051
0.7255	-0.0933	-0.4275
0.6869	-0.09072	-0.3589
0.6572	-0.0868	-0.3661
0.688	-0.08385	-0.3869
0.7117	-0.06468	-0.3778
0.7851	-0.04291	-0.4156
0.8558	-0.02501	-0.4526
0.7942	-0.01066	-0.4217
0.7407	0.01049	-0.3879
0.7466	0.0118	-0.3677
0.7462	-0.009457	-0.3538
0.7723	0.004928	-0.3451
0.8624	0.03853	-0.3367
1.024	0.06604	-0.3639
1.175	0.06023	-0.3819
1.23	0.01132	-0.3449
1.255	-0.00442	-0.3312
1.298	0.003208	-0.4164
1.314	-0.00181	-0.5871
1.285	-0.02493	-0.7322
1.205	-0.0902	-0.7573
1.047	-0.1461	-0.7148
0.8641	-0.1639	-0.6966
0.7672	-0.1517	-0.7035
0.7694	-0.1273	-0.7149
0.8058	-0.1197	-0.7319
0.8301	-0.1058	-0.7032
0.8171	-0.1065	-0.6249
0.803	-0.1187	-0.5676
0.8103	-0.123	-0.5411
0.7989	-0.1428	-0.5393
0.7813	-0.1355	-0.527
0.7745	-0.1158	-0.4848
0.7832	-0.1083	-0.478
0.815	-0.09771	-0.4966
0.8329	-0.124	-0.4966
0.8359	-0.1617	-0.4688
0.8199	-0.1866	-0.409
0.771	-0.2057	-0.3594
0.733	-0.1922	-0.3393
0.6994	-0.1578	-0.3233
0.6599	-0.1191	-0.3004
0.667	-0.1116	-0.3019
0.7242	-0.1353	-0.339
0.8045	-0.1387	-0.3641
0.8837	-0.1474	-0.3741
0.933	-0.1682	-0.3572
1.029	-0.1873	-0.3189
1.153	-0.2085	-0.3196
1.152	-0.193	-0.3335
1.176	-0.1865	-0.3771
1.289	-0.2488	-0.4964
1.322	-0.3429	-0.6177
1.344	-0.4249	-0.6805
1.231	-0.4271	-0.6762
0.9482	-0.3517	-0.627
0.798	-0.2827	-0.5665
0.7355	-0.2588	-0.5395
0.7397	-0.2759	-0.5841
0.8041	-0.2663	-0.6242
0.8119	-0.2188	-0.6089
0.8604	-0.1742	-0.5749
0.8716	-0.1279	-0.5387
0.8283	-0.1362	-0.5222
0.8196	-0.1579	-0.4981
0.7864	-0.1227	-0.4655
0.6572	-0.0868	-0.3661
0.688	-0.08385	-0.3869
0.7117	-0.06468	-0.3778
0.7851	-0.04291	-0.4156
0.8558	-0.02501	-0.4526
0.7942	-0.01066	-0.4217
0.7407	0.01049	-0.3879
0.7466	0.0118	-0.3677
0.7462	-0.009457	-0.3538
0.7723	0.004928	-0.3451
0.8624	0.03853	-0.3367
1.024	0.06604	-0.3639
1.175	0.06023	-0.3819
1.23	0.01132	-0.3449
1.255	-0.00442	-0.3312
1.298	0.003208	-0.4164
1.314	-0.00181	-0.5871
1.285	-0.02493	-0.7322
1.205	-0.0902	-0.7573
1.047	-0.1461	-0.7148
0.8641	-0.1639	-0.6966
0.7672	-0.1517	-0.7035
0.7694	-0.1273	-0.7149
0.8058	-0.1197	-0.7319
0.8301	-0.1058	-0.7032
0.8171	-0.1065	-0.6249
0.803	-0.1187	-0.5676
0.8103	-0.123	-0.5411
0.7989	-0.1428	-0.5393
0.7813	-0.1355	-0.527
0.7745	-0.1158	-0.4848
0.7832	-0.1083	-0.478
0.815	-0.09771	-0.4966
0.8329	-0.124	-0.4966
0.8359	-0.1617	-0.4688
0.8199	-0.1866	-0.409
0.771	-0.2057	-0.3594
0.733	-0.1922	-0.3393
0.6994	-0.1578	-0.3233
0.6599	-0.1191	-0.3004
0.667	-0.1116	-0.3019
0.7242	-0.1353	-0.339
0.8045	-0.1387	-0.3641
0.8837	-0.1474	-0.3741
0.933	-0.1682	-0.3572
1.029	-0.1873	-0.3189
1.153	-0.2085	-0.3196
1.152	-0.193	-0.3335
1.176	-0.1865	-0.3771
1.289	-0.2488	-0.4964
1.322	-0.3429	-0.6177
1.344	-0.4249	-0.6805
1.231	-0.4271	-0.6762
0.9482	-0.3517	-0.627
0.798	-0.2827	-0.5665
0.7355	-0.2588	-0.5395
0.7397	-0.2759	-0.5841
0.8041	-0.2663	-0.6242
0.8119	-0.2188	-0.6089
0.8604	-0.1742	-0.5749
0.8716	-0.1279	-0.5387
0.8283	-0.1362	-0.5222
0.8196	-0.1579	-0.4981
0.7864	-0.1227	-0.4655
0.7943	-0.1092	-0.4827
0.8014	-0.09349	-0.4899
0.7706	-0.06245	-0.4584
0.7557	-0.06767	-0.4427
0.6921	-0.06683	-0.4141
0.6442	-0.08259	-0.3845
0.65	-0.117	-0.3767
0.6696	-0.1378	-0.3691
0.7181	-0.167	-0.3965
0.7441	-0.1676	-0.4411
0.7476	-0.1405	-0.4562
0.7679	-0.1027	-0.4393
0.8128	-0.0542	-0.403
0.8817	-0.03581	-0.3814
0.9539	-0.02413	-0.3721
1.037	0.009303	-0.3878
1.12	0.03083	-0.4313
1.2	-0.02497	-0.4633
1.269	-0.1257	-0.5057
1.301	-0.1248	-0.5769
1.348	-0.05179	-0.6746
1.394	-0.0187	-0.7717
1.317	-0.04446	-0.826
1.099	-0.1422	-0.8326
0.8692	-0.2436	-0.7698
0.7921	-0.2586	-0.699
0.8007	-0.1982	-0.6558
0.7183	-0.1417	-0.5746
0.7103	-0.1188	-0.5398
0.8184	-0.07589	-0.5535
0.833	-0.03076	-0.4997
0.8507	-0.02943	-0.4818
0.8647	-0.05858	-0.5096
0.8206	-0.08785	-0.4714
0.8383	-0.1157	-0.4479
0.8069	-0.1591	-0.4423
0.7707	-0.1795	-0.4158
0.784	-0.1893	-0.4183
0.7305	-0.1974	-0.387
0.706	-0.1716	-0.3357
0.689	-0.1605	-0.3201
0.6789	-0.1594	-0.3027
0.725	-0.1594	-0.3085
0.7443	-0.1701	-0.3222
0.7822	-0.1726	-0.3276
0.8058	-0.1962	-0.3301
0.8161	-0.221	-0.3081
0.8666	-0.2342	-0.3013
0.8884	-0.2352	-0.2879
0.9365	-0.2125	-0.2557
1.016	-0.1927	-0.2401
1.097	-0.1492	-0.2258
1.209	-0.1116	-0.2488
1.299	-0.1315	-0.3235
1.343	-0.1891	-0.4244
1.358	-0.278	-0.504
1.405	-0.3555	-0.5286
1.433	-0.4079	-0.5892
1.266	-0.4105	-0.645
0.9702	-0.3206	-0.5848
0.7569	-0.2351	-0.5458
0.7187	-0.2187	-0.6268
0.7751	-0.2383	-0.7269
0.8142	-0.25	-0.7599
0.7943	-0.1092	-0.4827
0.8014	-0.09349	-0.4899
0.7706	-0.06245	-0.4584
0.7557	-0.06767	-0.4427
0.6921	-0.06683	-0.4141
0.6442	-0.08259	-0.3845
0.65	-0.117	-0.3767
0.6696	-0.1378	-0.3691
0.7181	-0.167	-0.3965
0.7441	-0.1676	-0.4411
0.7476	-0.1405	-0.4562
0.7679	-0.1027	-0.4393
0.8128	-0.0542	-0.403
0.8817	-0.03581	-0.3814
0.9539	-0.02413	-0.3721
1.037	0.009303	-0.3878
1.12	0.03083	-0.4313
1.2	-0.02497	-0.4633
1.269	-0.1257	-0.5057
1.301	-0.1248	-0.5769
1.348	-0.05179	-0.6746
1.394	-0.0187	-0.7717
1.317	-0.04446	-0.826
1.099	-0.1422	-0.8326
0.8692	-0.2436	-0.7698
0.7921	-0.2586	-0.699
0.8007	-0.1982	-0.6558
0.7183	-0.1417	-0.5746
0.7103	-0.1188	-0.5398
0.8184	-0.07589	-0.5535
0.833	-0.03076	-0.4997
0.8507	-0.02943	-0.4818
0.8647	-0.05858	-0.5096
0.8206	-0.08785	-0.4714
0.8383	-0.1157	-0.4479
0.8069	-0.1591	-0.4423
0.7707	-0.1795	-0.4158
0.784	-0.1893	-0.4183
0.7305	-0.1974	-0.387
0.706	-0.1716	-0.3357
0.689	-0.1605	-0.3201
0.6789	-0.1594	-0.3027
0.725	-0.1594	-0.3085
0.7443	-0.1701	-0.3222
0.7822	-0.1726	-0.3276
0.8058	-0.1962	-0.3301
0.8161	-0.221	-0.3081
0.8666	-0.2342	-0.3013
0.8884	-0.2352	-0.2879
0.9365	-0.2125	-0.2557
1.016	-0.1927	-0.2401
1.097	-0.1492	-0.2258
1.209	-0.1116	-0.2488
1.299	-0.1315	-0.3235
1.343	-0.1891	-0.4244
1.358	-0.278	-0.504
1.405	-0.3555	-0.5286
1.433	-0.4079	-0.5892
1.266	-0.4105	-0.645
0.9702	-0.3206	-0.5848
0.7569	-0.2351	-0.5458
0.7187	-0.2187	-0.6268
0.7751	-0.2383	-0.7269
0.8142	-0.25	-0.7599
0.8508	-0.2298	-0.6907
0.8529	-0.2297	-0.5739
0.8044	-0.2392	-0.505
0.7916	-0.2264	-0.4566
0.7915	-0.1999	-0.4237
0.7856	-0.1264	-0.4448
0.7937	-0.05468	-0.459
0.7737	-0.02033	-0.4558
0.7349	-0.001315	-0.4373
0.68	-0.02791	-0.3756
0.6302	-0.06992	-0.3356
0.6404	-0.1023	-0.331
0.6781	-0.1323	-0.3434
0.7291	-0.1436	-0.3833
0.7646	-0.1521	-0.4128
0.7562	-0.1445	-0.426
0.7696	-0.1146	-0.418
0.8135	-0.07	-0.3952
0.8745	-0.01002	-0.391
0.9444	0.004167	-0.3821
1.016	-0.002351	-0.3749
1.111	0.03138	-0.3752
1.173	0.02835	-0.3706
1.219	-0.03037	-0.3997
1.316	-0.08776	-0.4915
1.383	-0.1087	-0.6647
1.393	-0.05747	-0.8312
1.314	-0.03035	-0.8731
1.107	-0.1112	-0.8538
0.8983	-0.189	-0.8024
0.7762	-0.1875	-0.7088
0.7483	-0.1582	-0.665
0.7782	-0.1411	-0.6495
0.7756	-0.1102	-0.5928
0.7743	-0.07837	-0.5375
0.7946	-0.0834	-0.5069
0.7899	-0.0933	-0.4971
0.7855	-0.1213	-0.5016
0.7714	-0.1731	-0.4848
0.748	-0.2122	-0.4507
0.7411	-0.2523	-0.4198
0.7294	-0.2662	-0.3951
0.7138	-0.2423	-0.3869
0.6886	-0.2027	-0.3758
0.671	-0.1447	-0.3588
0.6896	-0.1121	-0.3592
0.7076	-0.1267	-0.3632
0.7328	-0.1646	-0.3722
0.7795	-0.2031	-0.3842
0.7947	-0.2192	-0.3742
0.8076	-0.2307	-0.3534
0.8571	-0.2451	-0.32
0.8882	-0.2275	-0.2659
0.927	-0.1955	-0.2345
1.009	-0.1792	-0.2421
1.096	-0.1607	-0.265
1.204	-0.1463	-0.3168
1.286	-0.1541	-0.4056
1.304	-0.2336	-0.5193
1.354	-0.386	-0.6178
1.381	-0.4446	-0.6325
1.217	-0.3567	-0.6195
0.9386	-0.252	-0.642
0.8078	-0.2081	-0.6427
0.8508	-0.2298	-0.6907
0.8529	-0.2297	-0.5739
0.8044	-0.2392	-0.505
0.7916	-0.2264	-0.4566
0.7915	-0.1999	-0.4237
0.7856	-0.1264	-0.4448
0.7937	-0.05468	-0.459
0.7737	-0.02033	-0.4558
0.7349	-0.001315	-0.4373
0.68	-0.02791	-0.3756
0.6302	-0.06992	-0.3356
0.6404	-0.1023	-0.331
0.6781	-0.1323	-0.3434
0.7291	-0.1436	-0.3833
0.7646	-0.1521	-0.4128
0.7562	-0.1445	-0.426
0.7696	-0.1146	-0.418
0.8135	-0.07	-0.3952
0.8745	-0.01002	-0.391
0.9444	0.004167	-0.3821
1.016	-0.002351	-0.3749
1.111	0.03138	-0.3752
1.173	0.02835	-0.3706
1.219	-0.03037	-0.3997
1.316	-0.08776	-0.4915
1.383	-0.1087	-0.6647
1.393	-0.05747	-0.8312
1.314	-0.03035	-0.8731
1.107	-0.1112	-0.8538
0.8983	-0.189	-0.8024
0.7762	-0.1875	-0.7088
0.7483	-0.1582	-0.665
0.7782	-0.1411	-0.6495
0.7756	-0.1102	-0.5928
0.7743	-0.07837	-0.5375
0.7946	-0.0834	-0.5069
0.7899	-0.0933	-0.4971
0.7855	-0.1213	-0.5016
0.7714	-0.1731	-0.4848
0.748	-0.2122	-0.4507
0.7411	-0.2523	-0.4198
0.7294	-0.2662	-0.3951
0.7138	-0.2423	-0.3869
0.6886	-0.2027	-0.3758
0.671	-0.1447	-0.3588
0.6896	-0.1121	-0.3592
0.7076	-0.1267	-0.3632
0.7328	-0.1646	-0.3722
0.7795	-0.2031	-0.3842
0.7947	-0.2192	-0.3742
0.8076	-0.2307	-0.3534
0.8571	-0.2451	-0.32
0.8882	-0.2275	-0.2659
0.927	-0.1955	-0.2345
1.009	-0.1792	-0.2421
1.096	-0.1607	-0.265
1.204	-0.1463	-0.3168
1.286	-0.1541	-0.4056
1.304	-0.2336	-0.5193
1.354	-0.386	-0.6178
1.381	-0.4446	-0.6325
1.217	-0.3567	-0.6195
0.9386	-0.252	-0.642
0.8078	-0.2081	-0.6427
0.8106	-0.2572	-0.6521
0.7395	-0.342	-0.7059
0.7233	-0.3567	-0.7326
0.8236	-0.3311	-0.705
0.8282	-0.3077	-0.6424
0.8044	-0.2727	-0.5797
0.7992	-0.2569	-0.5368
0.7437	-0.228	-0.4741
0.7432	-0.1694	-0.4267
0.7543	-0.1402	-0.4699
0.7374	-0.09107	-0.5104
0.7532	-0.05514	-0.5009
0.7466	-0.08523	-0.5085
0.7204	-0.0705	-0.4637
0.6817	-0.05176	-0.3863
0.6567	-0.06714	-0.3656
0.68	-0.05183	-0.358
0.6991	-0.07109	-0.3853
0.734	-0.1062	-0.4326
0.76	-0.1081	-0.4375
0.7524	-0.09947	-0.4268
0.7827	-0.06231	-0.4189
0.8427	-0.03419	-0.4236
0.9368	-0.01733	-0.4193
1.066	0.008761	-0.4086
1.175	0.003356	-0.4169
1.258	-0.05537	-0.4299
1.328	-0.1639	-0.4992
1.378	-0.2117	-0.6492
1.379	-0.1507	-0.7966
1.291	-0.1052	-0.8759
1.119	-0.1097	-0.8882
0.9316	-0.134	-0.8257
0.8009	-0.1665	-0.7105
0.7375	-0.1719	-0.663
0.7264	-0.1584	-0.6802
0.7393	-0.1469	-0.6708
0.7447	-0.1266	-0.6451
0.767	-0.1226	-0.5961
0.8201	-0.1417	-0.536
0.8547	-0.1419	-0.5084
0.8423	-0.1446	-0.511
0.822	-0.1691	-0.518
0.8056	-0.1886	-0.4914
0.7582	-0.2003	-0.4615
0.727	-0.2018	-0.4374
0.7325	-0.199	-0.4011
0.7058	-0.1862	-0.3909
0.6723	-0.1696	-0.3711
0.6651	-0.1693	-0.3341
0.6697	-0.1662	-0.3237
0.7059	-0.1725	-0.3206
0.7638	-0.1859	-0.3289
0.8253	-0.1913	-0.3372
0.8688	-0.2082	-0.3329
0.8788	-0.2112	-0.322
0.8676	-0.1989	-0.2962
0.8357	-0.1867	-0.2892
0.8194	-0.1754	-0.3045
0.8569	-0.1994	-0.3138
0.95	-0.2452	-0.313
1.045	-0.2629	-0.3052
1.071	-0.2363	-0.3037
1.092	-0.1899	-0.3052
1.455	-0.1165	-0.4063
1.198	-0.1301	-0.2814
0.9949	-0.1448	-0.1791
0.8998	-0.1253	-0.1673
0.844	-0.1137	-0.2109
0.7149	-0.1111	-0.2241
0.6773	-0.1428	-0.2213
0.7626	-0.2392	-0.2374
0.7735	-0.3063	-0.2341
0.7965	-0.3406	-0.2491
0.8673	-0.3635	-0.2642
0.8624	-0.344	-0.2387
0.8925	-0.327	-0.2151
0.9655	-0.3047	-0.1892
1.047	-0.2755	-0.1691
1.173	-0.2477	-0.1558
1.234	-0.1681	-0.1574
1.294	-0.1104	-0.2363
1.389	-0.1499	-0.3847
1.417	-0.2567	-0.5308
1.425	-0.4102	-0.6063
1.363	-0.4839	-0.6191
1.14	-0.4004	-0.6145
0.8506	-0.3193	-0.6111
0.7435	-0.2916	-0.6376
0.8511	-0.2598	-0.7082
0.8888	-0.2635	-0.7953
0.8909	-0.2494	-0.7914
0.939	-0.2082	-0.6873
0.8893	-0.2113	-0.597
0.8307	-0.2139	-0.5022
0.7836	-0.2188	-0.4268
0.7131	-0.2086	-0.4276
0.7041	-0.1603	-0.4218
0.6854	-0.1234	-0.4057
0.6585	-0.0751	-0.4153
0.637	-0.05562	-0.4124
0.6029	-0.08433	-0.384
0.6372	-0.1073	-0.3544
0.6532	-0.1273	-0.3461
0.6348	-0.1012	-0.3573
0.6646	-0.03046	-0.3717
0.7021	0.03521	-0.3792
0.7783	0.05885	-0.3907
0.9386	0.02648	-0.411
1.147	0.01513	-0.4436
1.226	0.009894	-0.4864
1.217	-0.04979	-0.5731
1.351	-0.1017	-0.7557
1.374	-0.101	-0.8736
1.272	-0.1134	-0.88
1.293	-0.1961	-0.9933
1.192	-0.2416	-1.053
0.9891	-0.2025	-0.862
0.8059	-0.188	-0.6629
0.6863	-0.1828	-0.5804
0.7843	-0.1578	-0.5488
0.7834	-0.1427	-0.5081
0.7328	-0.1195	-0.474
0.8444	-0.1085	-0.5126
0.8027	-0.117	-0.4958
0.7465	-0.1368	-0.4435
0.7281	-0.1672	-0.4456
0.6352	-0.18	-0.3868
0.6416	-0.1822	-0.3489
0.6177	-0.1605	-0.3451
0.6038	-0.1074	-0.3212
0.6389	-0.08798	-0.3512
0.6296	-0.1293	-0.3473
0.6981	-0.1969	-0.3349
0.7339	-0.2534	-0.3344
0.7689	-0.2878	-0.2921
0.8784	-0.2957	-0.2823
0.9452	-0.2652	-0.2677
1.05	-0.2183	-0.2671
1.175	-0.192	-0.3045
1.301	-0.192	-0.3437
1.395	-0.2266	-0.4573
1.366	-0.3221	-0.6132
1.346	-0.4146	-0.7193
1.28	-0.3917	-0.7306
1.036	-0.2764	-0.7089
0.787	-0.1849	-0.7112
0.6898	-0.1942	-0.6698
0.695	-0.2684	-0.659
0.7368	-0.3058	-0.6927
0.85	-0.3034	-0.6799
0.9245	-0.2911	-0.6523
0.8679	-0.2547	-0.5808
0.8253	-0.201	-0.4897
0.7879	-0.1372	-0.4469
0.7257	-0.09214	-0.4292
0.7313	-0.07516	-0.4349
0.7265	-0.05871	-0.4232
0.6736	-0.05758	-0.4019
0.6485	-0.06578	-0.3984
0.6348	-0.08212	-0.3519
0.6149	-0.1113	-0.2966
0.6173	-0.1147	-0.2994
0.6534	-0.1021	-0.3313
0.7088	-0.08861	-0.3529
0.759	-0.06337	-0.3682
0.8153	-0.02941	-0.3711
0.9721	0.01507	-0.3628
1.173	0.03452	-0.3839
1.25	0.001407	-0.4196
1.36	-0.05276	-0.494
1.469	-0.1239	-0.6228
1.362	-0.1718	-0.7281
1.323	-0.1381	-0.8465
1.289	-0.1352	-0.9747
1.041	-0.2229	-0.9938
0.8573	-0.2795	-0.8648
0.7042	-0.2632	-0.6739
0.6198	-0.2132	-0.5851
0.7183	-0.1649	-0.577
0.7757	-0.1148	-0.5636
0.8792	-0.06792	-0.5776
0.9563	-0.0638	-0.5715
0.8631	-0.07163	-0.5422
0.7981	-0.1149	-0.4972
0.7208	-0.2076	-0.4049
0.6495	-0.2599	-0.3566
0.653	-0.2608	-0.3529
0.6195	-0.2426	-0.3401
0.5971	-0.2115	-0.3421
0.6019	-0.1592	-0.3404
0.6008	-0.1398	-0.338
0.6416	-0.1822	-0.3489
0.6177	-0.1605	-0.3451
0.6038	-0.1074	-0.3212
0.6389	-0.08798	-0.3512
0.6296	-0.1293	-0.3473
0.6981	-0.1969	-0.3349
0.7339	-0.2534	-0.3344
0.7689	-0.2878	-0.2921
0.8784	-0.2957	-0.2823
0.9452	-0.2652	-0.2677
1.05	-0.2183	-0.2671
1.175	-0.192	-0.3045
1.301	-0.192	-0.3437
1.395	-0.2266	-0.4573
1.366	-0.3221	-0.6132
1.346	-0.4146	-0.7193
1.28	-0.3917	-0.7306
1.036	-0.2764	-0.7089
0.787	-0.1849	-0.7112
0.6898	-0.1942	-0.6698
0.695	-0.2684	-0.659
0.7368	-0.3058	-0.6927
0.85	-0.3034	-0.6799
0.9245	-0.2911	-0.6523
0.8679	-0.2547	-0.5808
0.8253	-0.201	-0.4897
0.7879	-0.1372	-0.4469
0.7257	-0.09214	-0.4292
0.7313	-0.07516	-0.4349
0.7265	-0.05871	-0.4232
0.6736	-0.05758	-0.4019
0.6485	-0.06578	-0.3984
0.6348	-0.08212	-0.3519
0.6149	-0.1113	-0.2966
0.6173	-0.1147	-0.2994
0.6534	-0.1021	-0.3313
0.7088	-0.08861	-0.3529
0.759	-0.06337	-0.3682
0.8153	-0.02941	-0.3711
0.9721	0.01507	-0.3628
1.173	0.03452	-0.3839
1.25	0.001407	-0.4196
1.36	-0.05276	-0.494
1.469	-0.1239	-0.6228
1.362	-0.1718	-0.7281
1.323	-0.1381	-0.8465
1.289	-0.1352	-0.9747
1.041	-0.2229	-0.9938
0.8573	-0.2795	-0.8648
0.7042	-0.2632	-0.6739
0.6198	-0.2132	-0.5851
0.7183	-0.1649	-0.577
0.7757	-0.1148	-0.5636
0.8792	-0.06792	-0.5776
0.9563	-0.0638	-0.5715
0.8631	-0.07163	-0.5422
0.7981	-0.1149	-0.4972
0.7208	-0.2076	-0.4049
0.6495	-0.2599	-0.3566
0.653	-0.2608	-0.3529
0.6195	-0.2426	-0.3401
0.5971	-0.2115	-0.3421
0.6019	-0.1592	-0.3404
0.6008	-0.1398	-0.338
0.6513	-0.1944	-0.3522
0.7329	-0.2412	-0.3696
0.8032	-0.2715	-0.3744
0.8914	-0.2763	-0.3626
1.004	-0.2431	-0.3593
1.123	-0.24	-0.3653
1.247	-0.2379	-0.3813
1.31	-0.2306	-0.4215
1.274	-0.2555	-0.4989
1.216	-0.3298	-0.6229
1.166	-0.4215	-0.7024
1.114	-0.3763	-0.6989
0.964	-0.2508	-0.7335
0.69	-0.1946	-0.7616
0.5976	-0.1788	-0.669
0.7252	-0.2282	-0.6056
0.7997	-0.289	-0.6543
0.8708	-0.2954	-0.6718
0.9139	-0.3028	-0.6215
0.8323	-0.2566	-0.5495
0.7729	-0.1608	-0.4699
0.7121	-0.07526	-0.4348
0.6601	-0.01778	-0.4573
0.6782	-0.02196	-0.4603
0.6433	-0.04501	-0.4354
0.6204	-0.09612	-0.4205
0.6474	-0.1552	-0.3785
0.6668	-0.1502	-0.353
0.7411	-0.1188	-0.3964
0.816	-0.06393	-0.445
0.9052	-0.01898	-0.4927
1.037	-0.001703	-0.5159
1.082	0.02592	-0.4969
1.08	0.02366	-0.5027
1.118	-0.00271	-0.52
1.164	-0.08516	-0.5461
1.17	-0.1853	-0.6068
1.138	-0.1522	-0.7135
1.11	-0.1079	-0.8981
1.057	-0.1592	-0.9954
0.9708	-0.1957	-0.8965
0.8492	-0.2403	-0.7973
0.7334	-0.2719	-0.7181
0.7392	-0.2175	-0.6276
0.7664	-0.1886	-0.6275
0.7725	-0.1716	-0.6049
0.8539	-0.122	-0.5566
0.8964	-0.1199	-0.5675
0.8705	-0.1226	-0.5433
0.8178	-0.1499	-0.5228
0.7337	-0.2122	-0.4886
0.7026	-0.2296	-0.4089
0.6765	-0.2428	-0.3843
0.6237	-0.2274	-0.3758
0.6082	-0.175	-0.3683
0.5853	-0.1485	-0.3515
0.5822	-0.1428	-0.3283
0.6542	-0.1743	-0.3538
0.7539	-0.2275	-0.3563
0.8496	-0.2771	-0.3528
0.9338	-0.296	-0.3549
1.025	-0.2753	-0.3329
1.128	-0.264	-0.3571
1.196	-0.2317	-0.4012
0.6513	-0.1944	-0.3522
0.7329	-0.2412	-0.3696
0.8032	-0.2715	-0.3744
0.8914	-0.2763	-0.3626
1.004	-0.2431	-0.3593
1.123	-0.24	-0.3653
1.247	-0.2379	-0.3813
1.31	-0.2306	-0.4215
1.274	-0.2555	-0.4989
1.216	-0.3298	-0.6229
1.166	-0.4215	-0.7024
1.114	-0.3763	-0.6989
0.964	-0.2508	-0.7335
0.69	-0.1946	-0.7616
0.5976	-0.1788	-0.669
0.7252	-0.2282	-0.6056
0.7997	-0.289	-0.6543
0.8708	-0.2954	-0.6718
0.9139	-0.3028	-0.6215
0.8323	-0.2566	-0.5495
0.7729	-0.1608	-0.4699
0.7121	-0.07526	-0.4348
0.6601	-0.01778	-0.4573
0.6782	-0.02196	-0.4603
0.6433	-0.04501	-0.4354
0.6204	-0.09612	-0.4205
0.6474	-0.1552	-0.3785
0.6668	-0.1502	-0.353
0.7411	-0.1188	-0.3964
0.816	-0.06393	-0.445
0.9052	-0.01898	-0.4927
1.037	-0.001703	-0.5159
1.082	0.02592	-0.4969
1.08	0.02366	-0.5027
1.118	-0.00271	-0.52
1.164	-0.08516	-0.5461
1.17	-0.1853	-0.6068
1.138	-0.1522	-0.7135
1.11	-0.1079	-0.8981
1.057	-0.1592	-0.9954
0.9708	-0.1957	-0.8965
0.8492	-0.2403	-0.7973
0.7334	-0.2719	-0.7181
0.7392	-0.2175	-0.6276
0.7664	-0.1886	-0.6275
0.7725	-0.1716	-0.6049
0.8539	-0.122	-0.5566
0.8964	-0.1199	-0.5675
0.8705	-0.1226	-0.5433
0.8178	-0.1499	-0.5228
0.7337	-0.2122	-0.4886
0.7026	-0.2296	-0.4089
0.6765	-0.2428	-0.3843
0.6237	-0.2274	-0.3758
0.6082	-0.175	-0.3683
0.5853	-0.1485	-0.3515
0.5822	-0.1428	-0.3283
0.6542	-0.1743	-0.3538
0.7539	-0.2275	-0.3563
0.8496	-0.2771	-0.3528
0.9338	-0.296	-0.3549
1.025	-0.2753	-0.3329
1.128	-0.264	-0.3571
1.196	-0.2317	-0.4012
1.224	-0.2171	-0.4653
1.233	-0.2964	-0.5717
1.23	-0.3934	-0.6694
1.196	-0.4127	-0.7283
1.031	-0.3015	-0.7246
0.7516	-0.1747	-0.7003
0.6141	-0.1925	-0.6432
0.713	-0.2667	-0.5701
0.8246	-0.3263	-0.612
0.8979	-0.383	-0.668
0.9644	-0.3671	-0.6313
0.9064	-0.3046	-0.5828
0.866	-0.2428	-0.5198
0.8887	-0.1677	-0.4902
0.8046	-0.09869	-0.5241
0.742	-0.01618	-0.5123
0.7239	0.0001644	-0.4833
0.679	-0.08074	-0.4558
0.6435	-0.1021	-0.3798
0.5951	-0.1243	-0.3339
0.6023	-0.155	-0.3212
0.6259	-0.09203	-0.3181
0.6537	-0.04711	-0.3534
0.7362	0.005263	-0.381
0.7588	0.03475	-0.4027
0.7893	-0.005516	-0.4107
0.9321	0.01772	-0.4145
1.14	0.001915	-0.4788
1.253	-0.03964	-0.522
1.199	-0.04123	-0.505
1.215	-0.1035	-0.5066
1.236	-0.1143	-0.5461
1.088	-0.08105	-0.6431
0.9823	-0.1132	-0.8206
0.9738	-0.2246	-0.9742
0.9664	-0.3971	-0.9799
0.8939	-0.422	-0.8949
0.7707	-0.2922	-0.7764
0.7419	-0.2138	-0.6669
0.7665	-0.1902	-0.6502
0.8153	-0.1922	-0.637
0.8862	-0.2119	-0.6014
0.8422	-0.2259	-0.592
0.7375	-0.2499	-0.5335
0.6618	-0.2601	-0.4683
0.6228	-0.2445	-0.4501
0.6197	-0.2167	-0.4298
0.5951	-0.175	-0.415
0.5933	-0.1414	-0.4178
0.6105	-0.1201	-0.4091
0.6141	-0.1078	-0.3845
0.6799	-0.1223	-0.3804
0.748	-0.1546	-0.3907
0.7763	-0.1952	-0.394
0.8345	-0.2254	-0.3832
0.9082	-0.2212	-0.3547
0.9984	-0.2153	-0.3484
1.112	-0.2221	-0.3586
1.2	-0.2042	-0.371
1.257	-0.1815	-0.3976
1.287	-0.1968	-0.4335
1.252	-0.2717	-0.5255
1.175	-0.4065	-0.6441
1.09	-0.4742	-0.6867
1.224	-0.2171	-0.4653
1.233	-0.2964	-0.5717
1.23	-0.3934	-0.6694
1.196	-0.4127	-0.7283
1.031	-0.3015	-0.7246
0.7516	-0.1747	-0.7003
0.6141	-0.1925	-0.6432
0.713	-0.2667	-0.5701
0.8246	-0.3263	-0.612
0.8979	-0.383	-0.668
0.9644	-0.3671	-0.6313
0.9064	-0.3046	-0.5828
0.866	-0.2428	-0.5198
0.8887	-0.1677	-0.4902
0.8046	-0.09869	-0.5241
0.742	-0.01618	-0.5123
0.7239	0.0001644	-0.4833
0.679	-0.08074	-0.4558
0.6435	-0.1021	-0.3798
0.5951	-0.1243	-0.3339
0.6023	-0.155	-0.3212
0.6259	-0.09203	-0.3181
0.6537	-0.04711	-0.3534
0.7362	0.005263	-0.381
0.7588	0.03475	-0.4027
0.7893	-0.005516	-0.4107
0.9321	0.01772	-0.4145
1.14	0.001915	-0.4788
1.253	-0.03964	-0.522
1.199	-0.04123	-0.505
1.215	-0.1035	-0.5066
1.236	-0.1143	-0.5461
1.088	-0.08105	-0.6431
0.9823	-0.1132	-0.8206
0.9738	-0.2246	-0.9742
0.9664	-0.3971	-0.9799
0.8939	-0.422	-0.8949
0.7707	-0.2922	-0.7764
0.7419	-0.2138	-0.6669
0.7665	-0.1902	-0.6502
0.8153	-0.1922	-0.637
0.8862	-0.2119	-0.6014
0.8422	-0.2259	-0.592
0.7375	-0.2499	-0.5335
0.6618	-0.2601	-0.4683
0.6228	-0.2445	-0.4501
0.6197	-0.2167	-0.4298
0.5951	-0.175	-0.415
0.5933	-0.1414	-0.4178
0.6105	-0.1201	-0.4091
0.6141	-0.1078	-0.3845
0.6799	-0.1223	-0.3804
0.748	-0.1546	-0.3907
0.7763	-0.1952	-0.394
0.8345	-0.2254	-0.3832
0.9082	-0.2212	-0.3547
0.9984	-0.2153	-0.3484
1.112	-0.2221	-0.3586
1.2	-0.2042	-0.371
1.257	-0.1815	-0.3976
1.287	-0.1968	-0.4335
1.252	-0.2717	-0.5255
1.175	-0.4065	-0.6441
1.09	-0.4742	-0.6867
0.9165	-0.4126	-0.7018
0.7104	-0.355	-0.7424
0.6659	-0.3292	-0.7329
0.7521	-0.3109	-0.7083
0.8177	-0.3136	-0.7316
0.8397	-0.2761	-0.7101
0.8538	-0.2333	-0.6363
0.8357	-0.2062	-0.5538
0.7932	-0.1242	-0.4933
0.7716	-0.05796	-0.5042
0.7616	-0.0386	-0.497
0.7533	-0.01638	-0.4641
0.7136	-0.01246	-0.4503
0.6595	-0.01717	-0.4113
0.626	-0.04379	-0.3874
0.5843	-0.1129	-0.357
0.5891	-0.168	-0.3289
0.6341	-0.1763	-0.3547
0.6818	-0.1434	-0.368
0.7864	-0.08203	-0.4044
0.925	-0.02285	-0.4671
1.081	-0.0008441	-0.5015
1.224	-0.01196	-0.5499
1.295	-0.04769	-0.6107
1.308	-0.1195	-0.698
1.269	-0.1669	-0.8202
1.185	-0.1485	-0.9207
1.042	-0.1532	-0.9437
0.8616	-0.2008	-0.8522
0.7566	-0.2115	-0.7369
0.7407	-0.2041	-0.6957
0.7755	-0.1916	-0.677
0.8118	-0.1527	-0.6337
0.8062	-0.1416	-0.5899
0.8124	-0.1469	-0.5436
0.8061	-0.1422	-0.4865
0.7553	-0.1531	-0.4661
0.728	-0.1571	-0.4762
0.705	-0.1738	-0.4681
0.6701	-0.2145	-0.4508
0.6662	-0.2332	-0.4132
0.6609	-0.2342	-0.3681
0.6268	-0.2178	-0.3688
0.6051	-0.1811	-0.3833
0.6161	-0.1607	-0.3807
0.6841	-0.1796	-0.3944
0.819	-0.2188	-0.4116
0.9111	-0.2496	-0.4042
0.9636	-0.2692	-0.3965
1.073	-0.2763	-0.3877
1.142	-0.2666	-0.3718
1.174	-0.2434	-0.3933
1.231	-0.2393	-0.4751
1.207	-0.29	-0.6038
1.163	-0.3356	-0.7196
1.146	-0.3047	-0.7754
0.9941	-0.2364	-0.8067
0.759	-0.2097	-0.7783
0.6736	-0.2615	-0.6719
0.7351	-0.3352	-0.6108
0.7619	-0.3336	-0.6187
0.7789	-0.2908	-0.6253
0.8509	-0.2703	-0.5977
0.8523	-0.227	-0.5281
0.9165	-0.4126	-0.7018
0.7104	-0.355	-0.7424
0.6659	-0.3292	-0.7329
0.7521	-0.3109	-0.7083
0.8177	-0.3136	-0.7316
0.8397	-0.2761	-0.7101
0.8538	-0.2333	-0.6363
0.8357	-0.2062	-0.5538
0.7932	-0.1242	-0.4933
0.7716	-0.05796	-0.5042
0.7616	-0.0386	-0.497
0.7533	-0.01638	-0.4641
0.7136	-0.01246	-0.4503
0.6595	-0.01717	-0.4113
0.626	-0.04379	-0.3874
0.5843	-0.1129	-0.357
0.5891	-0.168	-0.3289
0.6341	-0.1763	-0.3547
0.6818	-0.1434	-0.368
0.7864	-0.08203	-0.4044
0.925	-0.02285	-0.4671
1.081	-0.0008441	-0.5015
1.224	-0.01196	-0.5499
1.295	-0.04769	-0.6107
1.308	-0.1195	-0.698
1.269	-0.1669	-0.8202
1.185	-0.1485	-0.9207
1.042	-0.1532	-0.9437
0.8616	-0.2008	-0.8522
0.7566	-0.2115	-0.7369
0.7407	-0.2041	-0.6957
0.7755	-0.1916	-0.677
0.8118	-0.1527	-0.6337
0.8062	-0.1416	-0.5899
0.8124	-0.1469	-0.5436
0.8061	-0.1422	-0.4865
0.7553	-0.1531	-0.4661
0.728	-0.1571	-0.4762
0.705	-0.1738	-0.4681
0.6701	-0.2145	-0.4508
0.6662	-0.2332	-0.4132
0.6609	-0.2342	-0.3681
0.6268	-0.2178	-0.3688
0.6051	-0.1811	-0.3833
0.6161	-0.1607	-0.3807
0.6841	-0.1796	-0.3944
0.819	-0.2188	-0.4116
0.9111	-0.2496	-0.4042
0.9636	-0.2692	-0.3965
1.073	-0.2763	-0.3877
1.142	-0.2666	-0.3718
1.174	-0.2434	-0.3933
1.231	-0.2393	-0.4751
1.207	-0.29	-0.6038
1.163	-0.3356	-0.7196
1.146	-0.3047	-0.7754
0.9941	-0.2364	-0.8067
0.759	-0.2097	-0.7783
0.6736	-0.2615	-0.6719
0.7351	-0.3352	-0.6108
0.7619	-0.3336	-0.6187
0.7789	-0.2908	-0.6253
0.8509	-0.2703	-0.5977
0.8523	-0.227	-0.5281
0.7979	-0.1707	-0.4624
0.7467	-0.114	-0.4328
0.6815	-0.03592	-0.4347
0.6668	0.008085	-0.441
0.6648	0.008717	-0.4338
0.6545	-0.03522	-0.4228
0.6702	-0.1023	-0.3831
0.6646	-0.1088	-0.3548
0.6712	-0.08757	-0.3794
0.6905	-0.07063	-0.4069
0.7181	-0.03994	-0.429
0.8251	-0.0123	-0.4508
0.9702	0.01382	-0.4803
1.05	0.001078	-0.5065
1.116	-0.07306	-0.5063
1.276	-0.1453	-0.5207
1.331	-0.1603	-0.5327
1.215	-0.123	-0.5821
1.142	-0.05962	-0.7921
1.034	-0.01541	-0.9797
0.9685	-0.1168	-0.91
0.943	-0.3301	-0.8039
0.7717	-0.3917	-0.8086
0.7599	-0.2925	-0.7155
0.7842	-0.2065	-0.5956
0.6869	-0.1411	-0.5975
0.8222	-0.113	-0.5999
0.9218	-0.1329	-0.5861
0.8866	-0.151	-0.5665
0.8842	-0.1743	-0.5161
0.7704	-0.1954	-0.4759
0.7255	-0.206	-0.4523
0.722	-0.2079	-0.4499
0.6814	-0.187	-0.4372
0.7089	-0.1518	-0.4164
0.6614	-0.109	-0.3937
0.6226	-0.09574	-0.3475
0.6289	-0.1426	-0.3344
0.6233	-0.2033	-0.3259
0.6773	-0.2497	-0.3146
0.7381	-0.2888	-0.3384
0.8529	-0.3001	-0.3421
0.9972	-0.2775	-0.3423
1.126	-0.2411	-0.3517
1.252	-0.1913	-0.3797
1.259	-0.1331	-0.466
1.188	-0.1487	-0.5659
1.096	-0.3347	-0.6395
1.011	-0.5543	-0.6621
0.9663	-0.5456	-0.6869
0.8183	-0.3963	-0.7649
0.6475	-0.3367	-0.7956
0.6958	-0.3305	-0.7527
0.8407	-0.3706	-0.701
0.8877	-0.4573	-0.6893
0.9101	-0.4774	-0.6787
0.8853	-0.4562	-0.6098
0.7852	-0.3689	-0.5956
0.7443	-0.2199	-0.6163
0.7265	-0.138	-0.5907
0.7237	-0.07517	-0.6018
0.7303	-0.04311	-0.5951
0.6814	-0.08018	-0.5503
0.6307	-0.08157	-0.5018
0.7979	-0.1707	-0.4624
0.7467	-0.114	-0.4328
0.6815	-0.03592	-0.4347
0.6668	0.008085	-0.441
0.6648	0.008717	-0.4338
0.6545	-0.03522	-0.4228
0.6702	-0.1023	-0.3831
0.6646	-0.1088	-0.3548
0.6712	-0.08757	-0.3794
0.6905	-0.07063	-0.4069
0.7181	-0.03994	-0.429
0.8251	-0.0123	-0.4508
0.9702	0.01382	-0.4803
1.05	0.001078	-0.5065
1.116	-0.07306	-0.5063
1.276	-0.1453	-0.5207
1.331	-0.1603	-0.5327
1.215	-0.123	-0.5821
1.142	-0.05962	-0.7921
1.034	-0.01541	-0.9797
0.9685	-0.1168	-0.91
0.943	-0.3301	-0.8039
0.7717	-0.3917	-0.8086
0.7599	-0.2925	-0.7155
0.7842	-0.2065	-0.5956
0.6869	-0.1411	-0.5975
0.8222	-0.113	-0.5999
0.9218	-0.1329	-0.5861
0.8866	-0.151	-0.5665
0.8842	-0.1743	-0.5161
0.7704	-0.1954	-0.4759
0.7255	-0.206	-0.4523
0.722	-0.2079	-0.4499
0.6814	-0.187	-0.4372
0.7089	-0.1518	-0.4164
0.6614	-0.109	-0.3937
0.6226	-0.09574	-0.3475
0.6289	-0.1426	-0.3344
0.6233	-0.2033	-0.3259
0.6773	-0.2497	-0.3146
0.7381	-0.2888	-0.3384
0.8529	-0.3001	-0.3421
0.9972	-0.2775	-0.3423
1.126	-0.2411	-0.3517
1.252	-0.1913	-0.3797
1.259	-0.1331	-0.466
1.188	-0.1487	-0.5659
1.096	-0.3347	-0.6395
1.011	-0.5543	-0.6621
0.9663	-0.5456	-0.6869
0.8183	-0.3963	-0.7649
0.6475	-0.3367	-0.7956
0.6958	-0.3305	-0.7527
0.8407	-0.3706	-0.701
0.8877	-0.4573	-0.6893
0.9101	-0.4774	-0.6787
0.8853	-0.4562	-0.6098
0.7852	-0.3689	-0.5956
0.7443	-0.2199	-0.6163
0.7265	-0.138	-0.5907
0.7237	-0.07517	-0.6018
0.7303	-0.04311	-0.5951
0.6814	-0.08018	-0.5503
0.6307	-0.08157	-0.5018
0.5496	-0.07351	-0.4195
0.528	-0.08294	-0.3716
0.5982	-0.06868	-0.3564
0.6467	-0.06625	-0.3733
0.729	-0.06209	-0.4317
0.7772	-0.0256	-0.4618
0.8069	0.0002838	-0.4848
0.9193	-0.006374	-0.4869
1.045	-0.04261	-0.4687
1.177	-0.07853	-0.4723
1.262	-0.07106	-0.4738
1.274	-0.06384	-0.5219
1.226	-0.07754	-0.6433
1.131	-0.07715	-0.8095
1.071	-0.1117	-0.9484
0.9953	-0.214	-0.9509
0.8608	-0.293	-0.8766
0.7425	-0.2565	-0.8054
0.7115	-0.1735	-0.7307
0.751	-0.1416	-0.6896
0.7767	-0.1226	-0.6843
0.828	-0.1201	-0.6695
0.8756	-0.1332	-0.6243
0.8277	-0.1093	-0.5709
0.7393	-0.08605	-0.5144
0.6568	-0.06254	-0.445
0.6364	-0.07376	-0.4333
0.6413	-0.1447	-0.4529
0.6031	-0.1788	-0.4115
0.6183	-0.2081	-0.381
0.6378	-0.2236	-0.3592
0.6361	-0.1959	-0.3314
0.7241	-0.2012	-0.3933
0.8177	-0.1946	-0.4515
0.9068	-0.2019	-0.4518
1.036	-0.2494	-0.4578
1.135	-0.2547	-0.4296
1.209	-0.2356	-0.4034
1.206	-0.2272	-0.4276
1.119	-0.2988	-0.5074
1.052	-0.4167	-0.6119
1.026	-0.4216	-0.6615
0.9571	-0.3283	-0.7301
0.7648	-0.237	-0.8089
0.6362	-0.2266	-0.7554
0.7054	-0.2818	-0.6982
0.814	-0.3157	-0.7505
0.8867	-0.3305	-0.7546
0.8771	-0.3099	-0.6952
0.8173	-0.2463	-0.6163
0.8062	-0.1814	-0.5017
0.763	-0.1071	-0.491
0.6872	-0.03253	-0.5146
0.6559	0.0001486	-0.4584
0.6394	-0.02913	-0.4684
0.6202	-0.06945	-0.4717
0.6013	-0.1008	-0.419
0.5971	-0.162	-0.401
0.6073	-0.1757	-0.3579
0.6284	-0.1308	-0.3565
0.6935	-0.09599	-0.4154
0.7807	-0.0386	-0.4546
0.8823	-0.008833	-0.5039
1.027	-0.02774	-0.5184
0.5496	-0.07351	-0.4195
0.528	-0.08294	-0.3716
0.5982	-0.06868	-0.3564
0.6467	-0.06625	-0.3733
0.729	-0.06209	-0.4317
0.7772	-0.0256	-0.4618
0.8069	0.0002838	-0.4848
0.9193	-0.006374	-0.4869
1.045	-0.04261	-0.4687
1.177	-0.07853	-0.4723
1.262	-0.07106	-0.4738
1.274	-0.06384	-0.5219
1.226	-0.07754	-0.6433
1.131	-0.07715	-0.8095
1.071	-0.1117	-0.9484
0.9953	-0.214	-0.9509
0.8608	-0.293	-0.8766
0.7425	-0.2565	-0.8054
0.7115	-0.1735	-0.7307
0.751	-0.1416	-0.6896
0.7767	-0.1226	-0.6843
0.828	-0.1201	-0.6695
0.8756	-0.1332	-0.6243
0.8277	-0.1093	-0.5709
0.7393	-0.08605	-0.5144
0.6568	-0.06254	-0.445
0.6364	-0.07376	-0.4333
0.6413	-0.1447	-0.4529
0.6031	-0.1788	-0.4115
0.6183	-0.2081	-0.381
0.6378	-0.2236	-0.3592
0.6361	-0.1959	-0.3314
0.7241	-0.2012	-0.3933
0.8177	-0.1946	-0.4515
0.9068	-0.2019	-0.4518
1.036	-0.2494	-0.4578
1.135	-0.2547	-0.4296
1.209	-0.2356	-0.4034
1.206	-0.2272	-0.4276
1.119	-0.2988	-0.5074
1.052	-0.4167	-0.6119
1.026	-0.4216	-0.6615
0.9571	-0.3283	-0.7301
0.7648	-0.237	-0.8089
0.6362	-0.2266	-0.7554
0.7054	-0.2818	-0.6982
0.814	-0.3157	-0.7505
0.8867	-0.3305	-0.7546
0.8771	-0.3099	-0.6952
0.8173	-0.2463	-0.6163
0.8062	-0.1814	-0.5017
0.763	-0.1071	-0.491
0.6872	-0.03253	-0.5146
0.6559	0.0001486	-0.4584
0.6394	-0.02913	-0.4684
0.6202	-0.06945	-0.4717
0.6013	-0.1008	-0.419
0.5971	-0.162	-0.401
0.6073	-0.1757	-0.3579
0.6284	-0.1308	-0.3565
0.6935	-0.09599	-0.4154
0.7807	-0.0386	-0.4546
0.8823	-0.008833	-0.5039
1.027	-0.02774	-0.5184
1.163	-0.01916	-0.5161
1.228	-0.01752	-0.5626
1.224	-0.05123	-0.6365
1.204	-0.08756	-0.7367
1.179	-0.1044	-0.8395
1.116	-0.1238	-0.9412
1.033	-0.1887	-0.9773
0.9233	-0.2492	-0.8672
0.7882	-0.2516	-0.7288
0.7377	-0.2118	-0.6706
0.781	-0.1486	-0.6691
0.7991	-0.1061	-0.6598
0.8259	-0.1195	-0.618
0.8842	-0.1407	-0.5655
0.8585	-0.1405	-0.5166
0.7974	-0.1619	-0.5045
0.7565	-0.1973	-0.4901
0.6995	-0.2218	-0.4454
0.6587	-0.2359	-0.4133
0.5943	-0.2026	-0.3622
0.5379	-0.1457	-0.3228
0.5482	-0.1305	-0.3275
0.5587	-0.1408	-0.323
0.593	-0.1468	-0.3236
0.6558	-0.1621	-0.3308
0.7273	-0.2011	-0.3364
0.8535	-0.2529	-0.3444
1.029	-0.2995	-0.3499
1.195	-0.3023	-0.3812
1.31	-0.2796	-0.4077
1.397	-0.3051	-0.4224
1.384	-0.3301	-0.5021
1.251	-0.3522	-0.6372
1.119	-0.4007	-0.7121
1.008	-0.3598	-0.7136
0.9016	-0.262	-0.7634
0.7306	-0.2024	-0.8002
0.6341	-0.1953	-0.7264
0.7374	-0.265	-0.6753
0.7847	-0.3204	-0.6816
0.8067	-0.3351	-0.6508
0.8467	-0.3204	-0.5684
0.7905	-0.2421	-0.4759
0.7722	-0.1589	-0.4392
0.7354	-0.06473	-0.4524
0.6702	-0.0001631	-0.4588
0.6515	-0.003698	-0.4468
0.5889	-0.01548	-0.4205
0.5594	-0.06821	-0.3687
0.5743	-0.1122	-0.3139
0.597	-0.1092	-0.3129
0.6608	-0.09647	-0.3425
0.7091	-0.06253	-0.3687
0.7925	-0.04962	-0.4063
0.9357	-0.02819	-0.4455
1.053	-0.007289	-0.4757
1.172	-0.04052	-0.4908
1.311	-0.06944	-0.5185
1.36	-0.1131	-0.5711
1.333	-0.1557	-0.6155
1.308	-0.1352	-0.6736
1.175	-0.0805	-0.7897
1.014	-0.06345	-0.9392
0.9717	-0.2059	-0.9684
1.163	-0.01916	-0.5161
1.228	-0.01752	-0.5626
1.224	-0.05123	-0.6365
1.204	-0.08756	-0.7367
1.179	-0.1044	-0.8395
1.116	-0.1238	-0.9412
1.033	-0.1887	-0.9773
0.9233	-0.2492	-0.8672
0.7882	-0.2516	-0.7288
0.7377	-0.2118	-0.6706
0.781	-0.1486	-0.6691
0.7991	-0.1061	-0.6598
0.8259	-0.1195	-0.618
0.8842	-0.1407	-0.5655
0.8585	-0.1405	-0.5166
0.7974	-0.1619	-0.5045
0.7565	-0.1973	-0.4901
0.6995	-0.2218	-0.4454
0.6587	-0.2359	-0.4133
0.5943	-0.2026	-0.3622
0.5379	-0.1457	-0.3228
0.5482	-0.1305	-0.3275
0.5587	-0.1408	-0.323
0.593	-0.1468	-0.3236
0.6558	-0.1621	-0.3308
0.7273	-0.2011	-0.3364
0.8535	-0.2529	-0.3444
1.029	-0.2995	-0.3499
1.195	-0.3023	-0.3812
1.31	-0.2796	-0.4077
1.397	-0.3051	-0.4224
1.384	-0.3301	-0.5021
1.251	-0.3522	-0.6372
1.119	-0.4007	-0.7121
1.008	-0.3598	-0.7136
0.9016	-0.262	-0.7634
0.7306	-0.2024	-0.8002
0.6341	-0.1953	-0.7264
0.7374	-0.265	-0.6753
0.7847	-0.3204	-0.6816
0.8067	-0.3351	-0.6508
0.8467	-0.3204	-0.5684
0.7905	-0.2421	-0.4759
0.7722	-0.1589	-0.4392
0.7354	-0.06473	-0.4524
0.6702	-0.0001631	-0.4588
0.6515	-0.003698	-0.4468
0.5889	-0.01548	-0.4205
0.5594	-0.06821	-0.3687
0.5743	-0.1122	-0.3139
0.597	-0.1092	-0.3129
0.6608	-0.09647	-0.3425
0.7091	-0.06253	-0.3687
0.7925	-0.04962	-0.4063
0.9357	-0.02819	-0.4455
1.053	-0.007289	-0.4757
1.172	-0.04052	-0.4908
1.311	-0.06944	-0.5185
1.36	-0.1131	-0.5711
1.333	-0.1557	-0.6155
1.308	-0.1352	-0.6736
1.175	-0.0805	-0.7897
1.014	-0.06345	-0.9392
0.9717	-0.2059	-0.9684
0.8969	-0.3946	-0.8351
0.7859	-0.3694	-0.6981
0.7206	-0.2348	-0.6058
0.7089	-0.1543	-0.583
0.7781	-0.08043	-0.6154
0.8541	-0.06846	-0.5986
0.8913	-0.0943	-0.567
0.852	-0.07261	-0.5193
0.7577	-0.1017	-0.4494
0.6922	-0.1553	-0.4238
0.6387	-0.1908	-0.3965
0.6332	-0.229	-0.3628
0.6332	-0.2093	-0.3444
0.593	-0.1885	-0.3195
0.594	-0.1811	-0.3081
0.6153	-0.184	-0.3053
0.6672	-0.2339	-0.3193
0.743	-0.2574	-0.3451
0.7967	-0.2717	-0.3468
0.8799	-0.2734	-0.3475
0.9713	-0.2515	-0.3514
1.044	-0.2576	-0.347
1.145	-0.2118	-0.357
1.28	-0.1395	-0.3842
1.322	-0.1288	-0.4238
1.272	-0.1904	-0.5034
1.319	-0.3827	-0.6473
1.336	-0.5688	-0.7396
1.199	-0.4897	-0.689
0.9621	-0.2587	-0.6642
0.6917	-0.1645	-0.7
0.7005	-0.2004	-0.6757
0.7949	-0.2654	-0.68
0.7278	-0.303	-0.6966
0.8638	-0.2861	-0.651
0.9241	-0.2712	-0.6116
0.7908	-0.2278	-0.5408
0.8274	-0.191	-0.4591
0.7807	-0.1699	-0.4176
0.7276	-0.09319	-0.4001
0.7471	-0.05546	-0.4438
0.64	-0.02957	-0.4642
0.6038	-0.02444	-0.4141
0.5528	-0.0777	-0.3708
0.5093	-0.08211	-0.3436
0.5726	-0.1081	-0.3259
0.5725	-0.1156	-0.3188
0.6542	-0.07148	-0.3487
0.7578	-0.07548	-0.3887
0.8132	-0.0524	-0.4011
0.9623	-0.0444	-0.4305
1.079	-0.06103	-0.4713
1.17	-0.04235	-0.498
1.26	-0.07014	-0.4946
1.308	-0.1189	-0.5189
1.339	-0.1498	-0.6467
1.272	-0.1262	-0.8117
1.174	-0.09241	-0.9574
1.086	-0.2009	-0.9954
0.9314	-0.3118	-0.8804
0.7871	-0.2886	-0.7541
0.7303	-0.2259	-0.6752
0.7427	-0.1348	-0.6333
0.755	-0.05276	-0.6319
1.059	-0.185	-0.223
0.8315	-0.1992	-0.2291
0.82	-0.1583	-0.2715
0.7742	-0.1455	-0.2801
0.729	-0.1571	-0.306
0.7601	-0.1793	-0.3082
0.7428	-0.2583	-0.3049
0.8222	-0.2996	-0.3074
0.8468	-0.3313	-0.284
0.8493	-0.364	-0.2514
0.9695	-0.3481	-0.2153
1.019	-0.3151	-0.196
1.122	-0.2394	-0.1671
1.227	-0.1912	-0.134
1.27	-0.217	-0.1687
1.443	-0.2682	-0.2439
1.611	-0.3358	-0.3888
1.642	-0.3689	-0.5869
1.504	-0.3908	-0.6476
1.195	-0.4394	-0.6066
0.8724	-0.4356	-0.6238
0.7643	-0.3508	-0.6751
0.832	-0.2496	-0.7686
0.7865	-0.1957	-0.8787
0.8015	-0.1977	-0.8357
0.9004	-0.206	-0.6919
0.816	-0.2131	-0.5846
0.7657	-0.2549	-0.4598
0.7332	-0.2659	-0.3568
0.6519	-0.2083	-0.3479
0.6748	-0.1437	-0.3984
0.6586	-0.107	-0.4474
0.632	-0.1183	-0.4335
0.6281	-0.1213	-0.4364
0.6002	-0.1116	-0.4502
0.6269	-0.1584	-0.393
0.6199	-0.1875	-0.355
0.6151	-0.1612	-0.3411
0.6536	-0.1148	-0.3419
0.6889	-0.04063	-0.3667
0.8058	0.02863	-0.3734
0.9664	0.05329	-0.4024
1.12	0.03272	-0.4368
1.224	-0.002883	-0.4942
1.257	-0.07001	-0.5898
1.304	-0.155	-0.6753
1.333	-0.1406	-0.837
1.314	-0.04917	-1.033
1.205	-0.008077	-1.085
0.9528	-0.07444	-0.9712
0.7405	-0.1894	-0.8033
0.6899	-0.2168	-0.6855
0.7145	-0.1984	-0.606
0.7619	-0.2062	-0.553
0.8173	-0.1796	-0.5162
0.826	-0.1588	-0.489
0.7546	-0.1625	-0.5031
0.6629	-0.1543	-0.4949
0.5954	-0.1616	-0.4464
0.5653	-0.1732	-0.3881
0.5781	-0.1839	-0.3174
0.5815	-0.1816	-0.2934
0.5883	-0.1507	-0.328
0.6438	-0.1285	-0.3943
0.7314	-0.1402	-0.4543
0.8757	-0.2068	-0.485
1.078	-0.2839	-0.5064
1.216	-0.3024	-0.4679
1.223	-0.2882	-0.4041
1.192	-0.2709	-0.4084
1.101	-0.2528	-0.4806
0.9767	-0.2678	-0.5978
1.022	-0.3112	-0.6841
1.057	-0.3035	-0.73
0.8622	-0.2335	-0.7556
0.6947	-0.1683	-0.6938
0.6964	-0.1631	-0.6342
0.7669	-0.1916	-0.6909
0.8482	-0.1745	-0.7647
0.8973	-0.1683	-0.7663
0.8818	-0.1895	-0.6724
0.8138	-0.181	-0.5045
0.7801	-0.1979	-0.4303
0.7455	-0.1946	-0.4674
0.6523	-0.1584	-0.4441
0.5877	-0.1467	-0.4049
0.5276	-0.1117	-0.3923
0.4536	-0.09212	-0.3244
0.44	-0.1001	-0.2846
0.4856	-0.1033	-0.2881
0.5581	-0.1144	-0.2776
0.6729	-0.09818	-0.3262
0.8414	-0.05899	-0.4109
1.009	0.003987	-0.4775
1.19	0.0552	-0.5462
1.346	0.0391	-0.5883
1.389	0.004188	-0.6025
1.387	-0.0598	-0.616
1.339	-0.1382	-0.6647
1.249	-0.1479	-0.7791
1.166	-0.1394	-0.889
1.004	-0.1893	-0.9118
0.7778	-0.2521	-0.8424
0.6407	-0.252	-0.7384
0.6553	-0.2163	-0.6543
0.724	-0.1982	-0.6021
0.7937	-0.1783	-0.5893
0.8671	-0.1586	-0.5831
0.8634	-0.157	-0.559
0.8099	-0.1639	-0.5335
0.7473	-0.1779	-0.4908
0.6758	-0.1891	-0.4415
0.6429	-0.1903	-0.4063
0.6035	-0.1832	-0.3739
0.5654	-0.1601	-0.3494
0.5629	-0.1271	-0.3381
0.5737	-0.1167	-0.3421
0.6415	-0.1495	-0.3518
0.7669	-0.2045	-0.3763
0.9076	-0.2556	-0.4239
1.021	-0.2815	-0.4283
1.123	-0.2794	-0.3869
1.241	-0.2847	-0.3858
1.262	-0.3025	-0.4789
1.215	-0.3409	-0.6515
1.221	-0.4083	-0.7658
1.172	-0.4213	-0.7731
0.9715	-0.3275	-0.785
0.7314	-0.1402	-0.4543
0.8757	-0.2068	-0.485
1.078	-0.2839	-0.5064
1.216	-0.3024	-0.4679
1.223	-0.2882	-0.4041
1.192	-0.2709	-0.4084
1.101	-0.2528	-0.4806
0.9767	-0.2678	-0.5978
1.022	-0.3112	-0.6841
1.057	-0.3035	-0.73
0.8622	-0.2335	-0.7556
0.6947	-0.1683	-0.6938
0.6964	-0.1631	-0.6342
0.7669	-0.1916	-0.6909
0.8482	-0.1745	-0.7647
0.8973	-0.1683	-0.7663
0.8818	-0.1895	-0.6724
0.8138	-0.181	-0.5045
0.7801	-0.1979	-0.4303
0.7455	-0.1946	-0.4674
0.6523	-0.1584	-0.4441
0.5877	-0.1467	-0.4049
0.5276	-0.1117	-0.3923
0.4536	-0.09212	-0.3244
0.44	-0.1001	-0.2846
0.4856	-0.1033	-0.2881
0.5581	-0.1144	-0.2776
0.6729	-0.09818	-0.3262
0.8414	-0.05899	-0.4109
1.009	0.003987	-0.4775
1.19	0.0552	-0.5462
1.346	0.0391	-0.5883
1.389	0.004188	-0.6025
1.387	-0.0598	-0.616
1.339	-0.1382	-0.6647
1.249	-0.1479	-0.7791
1.166	-0.1394	-0.889
1.004	-0.1893	-0.9118
0.7778	-0.2521	-0.8424
0.6407	-0.252	-0.7384
0.6553	-0.2163	-0.6543
0.724	-0.1982	-0.6021
0.7937	-0.1783	-0.5893
0.8671	-0.1586	-0.5831
0.8634	-0.157	-0.559
0.8099	-0.1639	-0.5335
0.7473	-0.1779	-0.4908
0.6758	-0.1891	-0.4415
0.6429	-0.1903	-0.4063
0.6035	-0.1832	-0.3739
0.5654	-0.1601	-0.3494
0.5629	-0.1271	-0.3381
0.5737	-0.1167	-0.3421
0.6415	-0.1495	-0.3518
0.7669	-0.2045	-0.3763
0.9076	-0.2556	-0.4239
1.021	-0.2815	-0.4283
1.123	-0.2794	-0.3869
1.241	-0.2847	-0.3858
1.262	-0.3025	-0.4789
1.215	-0.3409	-0.6515
1.221	-0.4083	-0.7658
1.172	-0.4213	-0.7731
0.9715	-0.3275	-0.785
0.6897	-0.2152	-0.7658
0.5596	-0.2046	-0.6938
0.6829	-0.2549	-0.6928
0.7717	-0.2592	-0.7195
0.7752	-0.2558	-0.708
0.8105	-0.26	-0.6931
0.7779	-0.2446	-0.6217
0.7779	-0.2378	-0.5338
0.7849	-0.2008	-0.5186
0.6981	-0.1209	-0.497
0.6862	-0.06452	-0.4749
0.6811	-0.04899	-0.5046
0.6465	-0.03115	-0.5
0.6391	-0.03075	-0.4685
0.5855	-0.09884	-0.435
0.5601	-0.1411	-0.3634
0.5663	-0.1254	-0.3352
0.5801	-0.1111	-0.3422
0.622	-0.06444	-0.349
0.7051	-0.01945	-0.4154
0.8775	-0.009743	-0.4598
1.057	-0.01619	-0.4895
1.232	-0.05344	-0.5775
1.378	-0.1163	-0.6396
1.398	-0.1697	-0.6926
1.312	-0.1289	-0.7869
1.145	-0.04722	-0.8908
0.9835	-0.04931	-0.9528
0.8582	-0.1309	-0.9479
0.766	-0.2568	-0.9164
0.7381	-0.288	-0.837
0.7045	-0.2329	-0.7328
0.7116	-0.231	-0.6581
0.7745	-0.1803	-0.5963
0.8252	-0.1084	-0.5851
0.8501	-0.118	-0.5998
0.7965	-0.1323	-0.59
0.7344	-0.1636	-0.5581
0.6971	-0.1989	-0.4739
0.6378	-0.1989	-0.3797
0.5994	-0.1892	-0.3362
0.5512	-0.1467	-0.3214
0.5079	-0.1037	-0.3028
0.524	-0.1116	-0.312
0.5713	-0.1512	-0.3527
0.6501	-0.1903	-0.3538
0.7461	-0.2313	-0.3495
0.8361	-0.2751	-0.3609
0.9513	-0.2952	-0.3419
1.101	-0.3196	-0.3199
1.162	-0.33	-0.3135
1.151	-0.3115	-0.4151
1.236	-0.3362	-0.6238
1.249	-0.3603	-0.7172
1.158	-0.3641	-0.7206
1.126	-0.3917	-0.7923
0.9849	-0.3675	-0.8233
0.8	-0.2661	-0.7573
0.6597	-0.1661	-0.7062
0.5786	-0.1633	-0.6648
0.7321	-0.2561	-0.6519
0.8229	-0.3275	-0.6686
0.8199	-0.3605	-0.5873
0.8965	-0.3489	-0.5148
0.6897	-0.2152	-0.7658
0.5596	-0.2046	-0.6938
0.6829	-0.2549	-0.6928
0.7717	-0.2592	-0.7195
0.7752	-0.2558	-0.708
0.8105	-0.26	-0.6931
0.7779	-0.2446	-0.6217
0.7779	-0.2378	-0.5338
0.7849	-0.2008	-0.5186
0.6981	-0.1209	-0.497
0.6862	-0.06452	-0.4749
0.6811	-0.04899	-0.5046
0.6465	-0.03115	-0.5
0.6391	-0.03075	-0.4685
0.5855	-0.09884	-0.435
0.5601	-0.1411	-0.3634
0.5663	-0.1254	-0.3352
0.5801	-0.1111	-0.3422
0.622	-0.06444	-0.349
0.7051	-0.01945	-0.4154
0.8775	-0.009743	-0.4598
1.057	-0.01619	-0.4895
1.232	-0.05344	-0.5775
1.378	-0.1163	-0.6396
1.398	-0.1697	-0.6926
1.312	-0.1289	-0.7869
1.145	-0.04722	-0.8908
0.9835	-0.04931	-0.9528
0.8582	-0.1309	-0.9479
0.766	-0.2568	-0.9164
0.7381	-0.288	-0.837
0.7045	-0.2329	-0.7328
0.7116	-0.231	-0.6581
0.7745	-0.1803	-0.5963
0.8252	-0.1084	-0.5851
0.8501	-0.118	-0.5998
0.7965	-0.1323	-0.59
0.7344	-0.1636	-0.5581
0.6971	-0.1989	-0.4739
0.6378	-0.1989	-0.3797
0.5994	-0.1892	-0.3362
0.5512	-0.1467	-0.3214
0.5079	-0.1037	-0.3028
0.524	-0.1116	-0.312
0.5713	-0.1512	-0.3527
0.6501	-0.1903	-0.3538
0.7461	-0.2313	-0.3495
0.8361	-0.2751	-0.3609
0.9513	-0.2952	-0.3419
1.101	-0.3196	-0.3199
1.162	-0.33	-0.3135
1.151	-0.3115	-0.4151
1.236	-0.3362	-0.6238
1.249	-0.3603	-0.7172
1.158	-0.3641	-0.7206
1.126	-0.3917	-0.7923
0.9849	-0.3675	-0.8233
0.8	-0.2661	-0.7573
0.6597	-0.1661	-0.7062
0.5786	-0.1633	-0.6648
0.7321	-0.2561	-0.6519
0.8229	-0.3275	-0.6686
0.8199	-0.3605	-0.5873
0.8965	-0.3489	-0.5148
0.8203	-0.2694	-0.5221
0.78	-0.174	-0.5025
0.7917	-0.07633	-0.51
0.7328	-0.02154	-0.5153
0.7731	-0.00757	-0.5028
0.7457	-0.02719	-0.4989
0.6897	-0.1343	-0.4221
0.6699	-0.1863	-0.3517
0.6042	-0.1408	-0.3321
0.6016	-0.1081	-0.3266
0.5899	-0.04895	-0.337
0.6304	0.02728	-0.3449
0.7468	0.05838	-0.3822
0.8671	0.02784	-0.4162
1.064	-0.01764	-0.4362
1.191	-0.05847	-0.4531
1.241	-0.1189	-0.4236
1.255	-0.1192	-0.4364
1.157	-0.08577	-0.5976
1.085	-0.103	-0.8508
1.09	-0.2248	-0.9944
1.056	-0.4454	-0.9914
0.9007	-0.5007	-0.9762
0.733	-0.3566	-0.8822
0.6839	-0.2514	-0.7136
0.6829	-0.202	-0.6172
0.7282	-0.1757	-0.5921
0.7911	-0.1742	-0.591
0.7946	-0.1843	-0.5846
0.7646	-0.2082	-0.5825
0.7429	-0.2176	-0.5664
0.7557	-0.2151	-0.5139
0.7527	-0.216	-0.4955
0.7302	-0.2167	-0.5066
0.7161	-0.1938	-0.508
0.7016	-0.1351	-0.499
0.7102	-0.08537	-0.4642
0.7037	-0.07411	-0.4014
0.6707	-0.09077	-0.3414
0.6333	-0.1156	-0.3318
0.6157	-0.1621	-0.3147
0.6892	-0.2355	-0.2639
0.8365	-0.2609	-0.2604
0.9996	-0.2277	-0.2852
1.125	-0.1899	-0.3155
1.215	-0.1595	-0.3726
1.333	-0.1881	-0.4738
1.386	-0.2913	-0.6167
1.338	-0.3991	-0.7035
1.28	-0.4642	-0.7015
1.086	-0.4503	-0.6893
0.74	-0.3891	-0.6918
0.5602	-0.3592	-0.6763
0.6197	-0.3605	-0.6678
0.7177	-0.3636	-0.7387
0.8061	-0.3292	-0.8316
0.8549	-0.2572	-0.8359
0.8307	-0.2056	-0.7831
0.823	-0.1925	-0.7328
0.788	-0.1853	-0.63
0.7077	-0.1372	-0.496
0.7074	-0.102	-0.4977
0.7148	-0.09141	-0.5502
0.6736	-0.03897	-0.4891
0.8203	-0.2694	-0.5221
0.78	-0.174	-0.5025
0.7917	-0.07633	-0.51
0.7328	-0.02154	-0.5153
0.7731	-0.00757	-0.5028
0.7457	-0.02719	-0.4989
0.6897	-0.1343	-0.4221
0.6699	-0.1863	-0.3517
0.6042	-0.1408	-0.3321
0.6016	-0.1081	-0.3266
0.5899	-0.04895	-0.337
0.6304	0.02728	-0.3449
0.7468	0.05838	-0.3822
0.8671	0.02784	-0.4162
1.064	-0.01764	-0.4362
1.191	-0.05847	-0.4531
1.241	-0.1189	-0.4236
1.255	-0.1192	-0.4364
1.157	-0.08577	-0.5976
1.085	-0.103	-0.8508
1.09	-0.2248	-0.9944
1.056	-0.4454	-0.9914
0.9007	-0.5007	-0.9762
0.733	-0.3566	-0.8822
0.6839	-0.2514	-0.7136
0.6829	-0.202	-0.6172
0.7282	-0.1757	-0.5921
0.7911	-0.1742	-0.591
0.7946	-0.1843	-0.5846
0.7646	-0.2082	-0.5825
0.7429	-0.2176	-0.5664
0.7557	-0.2151	-0.5139
0.7527	-0.216	-0.4955
0.7302	-0.2167	-0.5066
0.7161	-0.1938	-0.508
0.7016	-0.1351	-0.499
0.7102	-0.08537	-0.4642
0.7037	-0.07411	-0.4014
0.6707	-0.09077	-0.3414
0.6333	-0.1156	-0.3318
0.6157	-0.1621	-0.3147
0.6892	-0.2355	-0.2639
0.8365	-0.2609	-0.2604
0.9996	-0.2277	-0.2852
1.125	-0.1899	-0.3155
1.215	-0.1595	-0.3726
1.333	-0.1881	-0.4738
1.386	-0.2913	-0.6167
1.338	-0.3991	-0.7035
1.28	-0.4642	-0.7015
1.086	-0.4503	-0.6893
0.74	-0.3891	-0.6918
0.5602	-0.3592	-0.6763
0.6197	-0.3605	-0.6678
0.7177	-0.3636	-0.7387
0.8061	-0.3292	-0.8316
0.8549	-0.2572	-0.8359
0.8307	-0.2056	-0.7831
0.823	-0.1925	-0.7328
0.788	-0.1853	-0.63
0.7077	-0.1372	-0.496
0.7074	-0.102	-0.4977
0.7148	-0.09141	-0.5502
0.6736	-0.03897	-0.4891
0.6361	-0.02736	-0.4489
0.5738	-0.04686	-0.4236
0.5515	-0.04469	-0.3446
0.5975	-0.07935	-0.3479
0.6392	-0.08912	-0.3836
0.6999	-0.05613	-0.4005
0.7967	-0.02628	-0.4516
0.9351	-0.009374	-0.4752
1.114	-0.0292	-0.5038
1.259	-0.06481	-0.5652
1.315	-0.1342	-0.6266
1.277	-0.186	-0.7169
1.194	-0.1479	-0.8317
1.083	-0.1332	-0.949
0.9427	-0.1793	-0.976
0.8327	-0.2168	-0.8962
0.7601	-0.2302	-0.8336
0.7233	-0.1906	-0.7744
0.7227	-0.1358	-0.7112
0.7384	-0.1377	-0.7007
0.8155	-0.1446	-0.6848
0.8793	-0.1349	-0.6398
0.8509	-0.1524	-0.6058
0.81	-0.1678	-0.561
0.7517	-0.1953	-0.4954
0.6865	-0.2422	-0.4392
0.6567	-0.2409	-0.3914
0.6188	-0.2096	-0.3592
0.5784	-0.1709	-0.3482
0.5536	-0.1247	-0.3431
0.5514	-0.1142	-0.352
0.5936	-0.1349	-0.3637
0.6771	-0.1722	-0.3746
0.7937	-0.2239	-0.3865
0.9341	-0.2505	-0.3857
1.057	-0.2338	-0.3804
1.114	-0.2133	-0.3383
1.156	-0.2096	-0.2793
1.213	-0.2097	-0.3317
1.22	-0.2443	-0.5519
1.229	-0.3302	-0.7958
1.233	-0.3896	-0.8214
1.059	-0.3248	-0.729
0.7606	-0.2105	-0.7599
0.6272	-0.2024	-0.7526
0.7094	-0.2286	-0.675
0.759	-0.2267	-0.682
0.7446	-0.256	-0.673
0.8276	-0.278	-0.6609
0.8899	-0.298	-0.6262
0.844	-0.2912	-0.5283
0.7935	-0.2105	-0.4971
0.7314	-0.1363	-0.444
0.696	-0.07316	-0.4226
0.6993	-0.009669	-0.4913
0.6941	0.009677	-0.4794
0.7076	-0.02257	-0.4885
0.6808	-0.0708	-0.4886
0.6245	-0.09555	-0.4054
0.603	-0.1149	-0.3744
0.5955	-0.1002	-0.3506
0.6271	-0.0578	-0.368
0.6939	-0.03443	-0.4265
0.8048	-0.0102	-0.4379
0.6361	-0.02736	-0.4489
0.5738	-0.04686	-0.4236
0.5515	-0.04469	-0.3446
0.5975	-0.07935	-0.3479
0.6392	-0.08912	-0.3836
0.6999	-0.05613	-0.4005
0.7967	-0.02628	-0.4516
0.9351	-0.009374	-0.4752
1.114	-0.0292	-0.5038
1.259	-0.06481	-0.5652
1.315	-0.1342	-0.6266
1.277	-0.186	-0.7169
1.194	-0.1479	-0.8317
1.083	-0.1332	-0.949
0.9427	-0.1793	-0.976
0.8327	-0.2168	-0.8962
0.7601	-0.2302	-0.8336
0.7233	-0.1906	-0.7744
0.7227	-0.1358	-0.7112
0.7384	-0.1377	-0.7007
0.8155	-0.1446	-0.6848
0.8793	-0.1349	-0.6398
0.8509	-0.1524	-0.6058
0.81	-0.1678	-0.561
0.7517	-0.1953	-0.4954
0.6865	-0.2422	-0.4392
0.6567	-0.2409	-0.3914
0.6188	-0.2096	-0.3592
0.5784	-0.1709	-0.3482
0.5536	-0.1247	-0.3431
0.5514	-0.1142	-0.352
0.5936	-0.1349	-0.3637
0.6771	-0.1722	-0.3746
0.7937	-0.2239	-0.3865
0.9341	-0.2505	-0.3857
1.057	-0.2338	-0.3804
1.114	-0.2133	-0.3383
1.156	-0.2096	-0.2793
1.213	-0.2097	-0.3317
1.22	-0.2443	-0.5519
1.229	-0.3302	-0.7958
1.233	-0.3896	-0.8214
1.059	-0.3248	-0.729
0.7606	-0.2105	-0.7599
0.6272	-0.2024	-0.7526
0.7094	-0.2286	-0.675
0.759	-0.2267	-0.682
0.7446	-0.256	-0.673
0.8276	-0.278	-0.6609
0.8899	-0.298	-0.6262
0.844	-0.2912	-0.5283
0.7935	-0.2105	-0.4971
0.7314	-0.1363	-0.444
0.696	-0.07316	-0.4226
0.6993	-0.009669	-0.4913
0.6941	0.009677	-0.4794
0.7076	-0.02257	-0.4885
0.6808	-0.0708	-0.4886
0.6245	-0.09555	-0.4054
0.603	-0.1149	-0.3744
0.5955	-0.1002	-0.3506
0.6271	-0.0578	-0.368
0.6939	-0.03443	-0.4265
0.8048	-0.0102	-0.4379
0.9688	-0.02008	-0.4793
1.098	-0.03023	-0.5122
1.163	-0.03224	-0.5293
1.208	-0.1019	-0.5705
1.236	-0.1695	-0.5935
1.202	-0.1749	-0.6932
1.114	-0.0842	-0.8867
1.041	-0.005959	-1.026
0.9757	-0.1589	-1.006
0.8683	-0.3371	-0.8941
0.7457	-0.2981	-0.8222
0.7111	-0.2155	-0.7398
0.735	-0.1619	-0.6564
0.7324	-0.0893	-0.6487
0.7919	-0.09072	-0.6514
0.8545	-0.1186	-0.6332
0.8157	-0.1162	-0.5974
0.7682	-0.1751	-0.5639
0.7083	-0.2209	-0.529
0.6646	-0.2184	-0.475
0.6815	-0.2303	-0.4464
0.6716	-0.204	-0.4301
0.6451	-0.1739	-0.4248
0.6129	-0.1567	-0.3994
0.5751	-0.1373	-0.34
0.5901	-0.1625	-0.342
0.6401	-0.1963	-0.3637
0.7136	-0.24	-0.3733
0.8057	-0.2803	-0.3867
0.8951	-0.2819	-0.3503
1.009	-0.2783	-0.3097
1.118	-0.243	-0.3106
1.198	-0.1958	-0.366
1.269	-0.1959	-0.4865
1.26	-0.2825	-0.6214
1.184	-0.47	-0.6976
1.126	-0.5915	-0.6891
1.017	-0.5444	-0.7055
0.8131	-0.4594	-0.7683
0.6156	-0.3761	-0.7742
0.545	-0.2818	-0.7348
0.632	-0.299	-0.6975
0.7644	-0.3756	-0.7252
0.8289	-0.3881	-0.7639
0.8178	-0.4029	-0.6751
0.7731	-0.3298	-0.5718
0.7399	-0.1862	-0.5542
0.7537	-0.1423	-0.5828
0.7783	-0.07167	-0.6216
0.7657	-0.01565	-0.5979
0.7389	-0.05714	-0.5526
0.6777	-0.05282	-0.5024
0.6045	-0.05443	-0.439
0.5869	-0.06084	-0.4309
0.5955	-0.03404	-0.4174
0.6283	-0.04739	-0.4125
0.6793	-0.04522	-0.4503
0.7234	-0.02274	-0.4616
0.7794	-0.01425	-0.4734
0.8443	-0.004286	-0.4618
0.9355	-0.01731	-0.4332
1.062	-0.0411	-0.4355
1.207	-0.07448	-0.4351
1.318	-0.1167	-0.478
0.9688	-0.02008	-0.4793
1.098	-0.03023	-0.5122
1.163	-0.03224	-0.5293
1.208	-0.1019	-0.5705
1.236	-0.1695	-0.5935
1.202	-0.1749	-0.6932
1.114	-0.0842	-0.8867
1.041	-0.005959	-1.026
0.9757	-0.1589	-1.006
0.8683	-0.3371	-0.8941
0.7457	-0.2981	-0.8222
0.7111	-0.2155	-0.7398
0.735	-0.1619	-0.6564
0.7324	-0.0893	-0.6487
0.7919	-0.09072	-0.6514
0.8545	-0.1186	-0.6332
0.8157	-0.1162	-0.5974
0.7682	-0.1751	-0.5639
0.7083	-0.2209	-0.529
0.6646	-0.2184	-0.475
0.6815	-0.2303	-0.4464
0.6716	-0.204	-0.4301
0.6451	-0.1739	-0.4248
0.6129	-0.1567	-0.3994
0.5751	-0.1373	-0.34
0.5901	-0.1625	-0.342
0.6401	-0.1963	-0.3637
0.7136	-0.24	-0.3733
0.8057	-0.2803	-0.3867
0.8951	-0.2819	-0.3503
1.009	-0.2783	-0.3097
1.118	-0.243	-0.3106
1.198	-0.1958	-0.366
1.269	-0.1959	-0.4865
1.26	-0.2825	-0.6214
1.184	-0.47	-0.6976
1.126	-0.5915	-0.6891
1.017	-0.5444	-0.7055
0.8131	-0.4594	-0.7683
0.6156	-0.3761	-0.7742
0.545	-0.2818	-0.7348
0.632	-0.299	-0.6975
0.7644	-0.3756	-0.7252
0.8289	-0.3881	-0.7639
0.8178	-0.4029	-0.6751
0.7731	-0.3298	-0.5718
0.7399	-0.1862	-0.5542
0.7537	-0.1423	-0.5828
0.7783	-0.07167	-0.6216
0.7657	-0.01565	-0.5979
0.7389	-0.05714	-0.5526
0.6777	-0.05282	-0.5024
0.6045	-0.05443	-0.439
0.5869	-0.06084	-0.4309
0.5955	-0.03404	-0.4174
0.6283	-0.04739	-0.4125
0.6793	-0.04522	-0.4503
0.7234	-0.02274	-0.4616
0.7794	-0.01425	-0.4734
0.8443	-0.004286	-0.4618
0.9355	-0.01731	-0.4332
1.062	-0.0411	-0.4355
1.207	-0.07448	-0.4351
1.318	-0.1167	-0.478
1.304	-0.1421	-0.5626
1.187	-0.1643	-0.6939
1.068	-0.1712	-0.9201
1.032	-0.1816	-1.073
1.036	-0.2313	-1.039
0.9098	-0.2532	-0.933
0.7313	-0.1905	-0.8145
0.7096	-0.1034	-0.718
0.7429	-0.09774	-0.7189
0.7305	-0.1396	-0.7151
0.7675	-0.147	-0.6619
0.7943	-0.1569	-0.6623
0.731	-0.1208	-0.5978
0.6664	-0.04002	-0.4634
0.6487	-0.03711	-0.4513
0.6539	-0.06764	-0.4654
0.6403	-0.114	-0.4203
0.6175	-0.1838	-0.4225
0.6384	-0.1949	-0.4257
0.6679	-0.2077	-0.3779
0.6844	-0.2379	-0.3735
0.7037	-0.208	-0.4006
0.7265	-0.1947	-0.4092
0.7787	-0.2264	-0.4289
0.8416	-0.2459	-0.424
0.9267	-0.2794	-0.4017
1.047	-0.2957	-0.3873
1.133	-0.2688	-0.3509
1.182	-0.2565	-0.3516
1.204	-0.2471	-0.4142
1.21	-0.2568	-0.5181
1.217	-0.3383	-0.6303
1.184	-0.4353	-0.6741
1.082	-0.4341	-0.7011
0.8704	-0.3219	-0.7357
0.6432	-0.232	-0.7145
0.6065	-0.2251	-0.6938
0.6914	-0.2446	-0.6915
0.7655	-0.2494	-0.6798
0.8554	-0.2509	-0.6879
0.8868	-0.271	-0.6795
0.8249	-0.2498	-0.6182
0.7719	-0.1823	-0.5152
0.7308	-0.1134	-0.4333
0.6809	-0.04588	-0.4511
0.6483	-0.02303	-0.4704
0.6107	-0.03482	-0.4375
0.5712	-0.06875	-0.4319
0.5613	-0.1188	-0.4066
0.578	-0.1448	-0.3736
0.6113	-0.1621	-0.3892
0.6692	-0.1518	-0.3961
0.7773	-0.1174	-0.4147
0.9201	-0.074	-0.4649
1.087	-0.02637	-0.5163
1.264	-0.02676	-0.5688
1.345	-0.03306	-0.6021
1.309	-0.03916	-0.626
1.24	-0.08221	-0.6762
1.192	-0.1145	-0.7792
1.17	-0.126	-0.8746
1.066	-0.1705	-0.887
0.8775	-0.2597	-0.9155
0.8353	-0.2653	-0.9233
1.304	-0.1421	-0.5626
1.187	-0.1643	-0.6939
1.068	-0.1712	-0.9201
1.032	-0.1816	-1.073
1.036	-0.2313	-1.039
0.9098	-0.2532	-0.933
0.7313	-0.1905	-0.8145
0.7096	-0.1034	-0.718
0.7429	-0.09774	-0.7189
0.7305	-0.1396	-0.7151
0.7675	-0.147	-0.6619
0.7943	-0.1569	-0.6623
0.731	-0.1208	-0.5978
0.6664	-0.04002	-0.4634
0.6487	-0.03711	-0.4513
0.6539	-0.06764	-0.4654
0.6403	-0.114	-0.4203
0.6175	-0.1838	-0.4225
0.6384	-0.1949	-0.4257
0.6679	-0.2077	-0.3779
0.6844	-0.2379	-0.3735
0.7037	-0.208	-0.4006
0.7265	-0.1947	-0.4092
0.7787	-0.2264	-0.4289
0.8416	-0.2459	-0.424
0.9267	-0.2794	-0.4017
1.047	-0.2957	-0.3873
1.133	-0.2688	-0.3509
1.182	-0.2565	-0.3516
1.204	-0.2471	-0.4142
1.21	-0.2568	-0.5181
1.217	-0.3383	-0.6303
1.184	-0.4353	-0.6741
1.082	-0.4341	-0.7011
0.8704	-0.3219	-0.7357
0.6432	-0.232	-0.7145
0.6065	-0.2251	-0.6938
0.6914	-0.2446	-0.6915
0.7655	-0.2494	-0.6798
0.8554	-0.2509	-0.6879
0.8868	-0.271	-0.6795
0.8249	-0.2498	-0.6182
0.7719	-0.1823	-0.5152
0.7308	-0.1134	-0.4333
0.6809	-0.04588	-0.4511
0.6483	-0.02303	-0.4704
0.6107	-0.03482	-0.4375
0.5712	-0.06875	-0.4319
0.5613	-0.1188	-0.4066
0.578	-0.1448	-0.3736
0.6113	-0.1621	-0.3892
0.6692	-0.1518	-0.3961
0.7773	-0.1174	-0.4147
0.9201	-0.074	-0.4649
1.087	-0.02637	-0.5163
1.264	-0.02676	-0.5688
1.345	-0.03306	-0.6021
1.309	-0.03916	-0.626
1.24	-0.08221	-0.6762
1.192	-0.1145	-0.7792
1.17	-0.126	-0.8746
1.066	-0.1705	-0.887
0.8775	-0.2597	-0.9155
0.8353	-0.2653	-0.9233
0.8345	-0.2075	-0.7997
0.7076	-0.1958	-0.7073
0.7245	-0.1424	-0.6973
0.812	-0.1178	-0.6525
0.7804	-0.1409	-0.5661
0.8248	-0.1087	-0.5125
0.8167	-0.1274	-0.5308
0.7315	-0.1409	-0.5087
0.7291	-0.1297	-0.4716
0.6574	-0.195	-0.4716
0.6121	-0.2389	-0.3971
0.621	-0.2532	-0.3604
0.5658	-0.2267	-0.3779
0.5589	-0.1687	-0.3459
0.5592	-0.1648	-0.3508
0.6022	-0.1591	-0.3622
0.7373	-0.1916	-0.3819
0.8603	-0.2564	-0.4346
1.007	-0.2628	-0.437
1.143	-0.2618	-0.4166
1.229	-0.2664	-0.3921
1.267	-0.2766	-0.3914
1.232	-0.2985	-0.4771
1.187	-0.3572	-0.623
1.131	-0.4311	-0.7329
1.053	-0.3766	-0.7648
0.8914	-0.2612	-0.7999
0.6467	-0.2149	-0.796
0.6003	-0.2099	-0.7177
0.7271	-0.2492	-0.6897
0.802	-0.3018	-0.6977
0.8689	-0.3324	-0.691
0.8587	-0.327	-0.6496
0.7673	-0.2554	-0.5417
0.7449	-0.1709	-0.46
0.7141	-0.1007	-0.468
0.6717	-0.05303	-0.5014
0.6632	-0.05073	-0.4947
0.6353	-0.04363	-0.4748
0.6246	-0.05217	-0.4553
0.6041	-0.1047	-0.4016
0.5842	-0.1336	-0.3622
0.6028	-0.1355	-0.3508
0.6343	-0.1234	-0.3657
0.7451	-0.08771	-0.4232
0.9045	-0.05706	-0.4834
1.057	-0.03256	-0.5495
1.197	-0.02073	-0.5951
1.279	-0.05425	-0.621
1.305	-0.1104	-0.663
1.227	-0.1364	-0.7379
1.091	-0.1076	-0.8951
1.013	-0.0979	-0.9751
0.9283	-0.2058	-0.8949
0.7983	-0.3135	-0.8167
0.7013	-0.2807	-0.7251
0.7019	-0.2169	-0.6601
0.7531	-0.1884	-0.6789
0.8118	-0.129	-0.6358
0.8756	-0.09157	-0.5737
0.8437	-0.1017	-0.5481
0.758	-0.08673	-0.4897
0.7174	-0.09016	-0.4672
0.6526	-0.1592	-0.4588
0.8345	-0.2075	-0.7997
0.7076	-0.1958	-0.7073
0.7245	-0.1424	-0.6973
0.812	-0.1178	-0.6525
0.7804	-0.1409	-0.5661
0.8248	-0.1087	-0.5125
0.8167	-0.1274	-0.5308
0.7315	-0.1409	-0.5087
0.7291	-0.1297	-0.4716
0.6574	-0.195	-0.4716
0.6121	-0.2389	-0.3971
0.621	-0.2532	-0.3604
0.5658	-0.2267	-0.3779
0.5589	-0.1687	-0.3459
0.5592	-0.1648	-0.3508
0.6022	-0.1591	-0.3622
0.7373	-0.1916	-0.3819
0.8603	-0.2564	-0.4346
1.007	-0.2628	-0.437
1.143	-0.2618	-0.4166
1.229	-0.2664	-0.3921
1.267	-0.2766	-0.3914
1.232	-0.2985	-0.4771
1.187	-0.3572	-0.623
1.131	-0.4311	-0.7329
1.053	-0.3766	-0.7648
0.8914	-0.2612	-0.7999
0.6467	-0.2149	-0.796
0.6003	-0.2099	-0.7177
0.7271	-0.2492	-0.6897
0.802	-0.3018	-0.6977
0.8689	-0.3324	-0.691
0.8587	-0.327	-0.6496
0.7673	-0.2554	-0.5417
0.7449	-0.1709	-0.46
0.7141	-0.1007	-0.468
0.6717	-0.05303	-0.5014
0.6632	-0.05073	-0.4947
0.6353	-0.04363	-0.4748
0.6246	-0.05217	-0.4553
0.6041	-0.1047	-0.4016
0.5842	-0.1336	-0.3622
0.6028	-0.1355	-0.3508
0.6343	-0.1234	-0.3657
0.7451	-0.08771	-0.4232
0.9045	-0.05706	-0.4834
1.057	-0.03256	-0.5495
1.197	-0.02073	-0.5951
1.279	-0.05425	-0.621
1.305	-0.1104	-0.663
1.227	-0.1364	-0.7379
1.091	-0.1076	-0.8951
1.013	-0.0979	-0.9751
0.9283	-0.2058	-0.8949
0.7983	-0.3135	-0.8167
0.7013	-0.2807	-0.7251
0.7019	-0.2169	-0.6601
0.7531	-0.1884	-0.6789
0.8118	-0.129	-0.6358
0.8756	-0.09157	-0.5737
0.8437	-0.1017	-0.5481
0.758	-0.08673	-0.4897
0.7174	-0.09016	-0.4672
0.6526	-0.1592	-0.4588
0.605	-0.2313	-0.4015
0.6099	-0.2482	-0.3712
0.6	-0.2319	-0.3727
0.5926	-0.2286	-0.3703
0.5946	-0.2071	-0.3621
0.636	-0.1952	-0.362
0.7289	-0.2239	-0.3805
0.8028	-0.238	-0.3973
0.8737	-0.2656	-0.4116
0.9669	-0.2756	-0.3928
1.06	-0.2469	-0.3496
1.164	-0.251	-0.3481
1.255	-0.233	-0.3912
1.252	-0.2231	-0.5002
1.149	-0.3062	-0.648
1.062	-0.4001	-0.7296
1.019	-0.4044	-0.7502
0.8802	-0.3188	-0.7793
0.6581	-0.2497	-0.7812
0.6088	-0.2347	-0.708
0.7282	-0.2396	-0.6684
0.7843	-0.268	-0.7148
0.8287	-0.2958	-0.7316
0.8827	-0.3093	-0.6589
0.8587	-0.2849	-0.5503
0.8351	-0.2304	-0.501
0.7919	-0.1707	-0.4976
0.7264	-0.08101	-0.4792
0.6965	-0.0175	-0.4725
0.6636	-0.02606	-0.4653
0.6279	-0.07671	-0.4402
0.574	-0.125	-0.3977
0.5559	-0.1422	-0.3541
0.5913	-0.1445	-0.358
0.5972	-0.1162	-0.3848
0.648	-0.08115	-0.4095
0.7158	-0.07536	-0.4228
0.7962	-0.07414	-0.4403
1.054	-0.07123	-0.5046
1.28	-0.06416	-0.5449
1.243	-0.0755	-0.5557
1.207	-0.1059	-0.639
1.266	-0.1223	-0.7531
1.189	-0.0984	-0.8369
1.054	-0.07069	-0.9457
0.9743	-0.1575	-0.9989
0.8381	-0.2687	-0.9071
0.7467	-0.2606	-0.8508
0.7616	-0.2259	-0.838
0.7681	-0.2068	-0.7571
0.7845	-0.1679	-0.7154
0.8277	-0.1393	-0.6706
0.8729	-0.1526	-0.6214
0.8745	-0.1859	-0.6242
0.8315	-0.2063	-0.571
0.79	-0.2344	-0.5475
0.723	-0.2529	-0.5438
0.6829	-0.2474	-0.4797
0.6799	-0.2343	-0.466
0.6498	-0.2002	-0.453
0.6328	-0.1808	-0.4358
0.6172	-0.1752	-0.4417
0.6071	-0.1673	-0.4099
0.6462	-0.1966	-0.3999
