-0.0447	0.5452	-0.4004
-0.03469	0.4986	-0.3811
-0.03042	0.4565	-0.3508
-0.03294	0.498	-0.3362
-0.0317	0.6142	-0.3407
-0.02237	0.6784	-0.3519
0.001125	0.6856	-0.3578
0.03318	0.6458	-0.3661
0.03997	0.6071	-0.3721
0.01805	0.6049	-0.3841
0.002031	0.6023	-0.3828
-0.01429	0.6091	-0.3702
-0.02425	0.6075	-0.3848
-0.02008	0.59	-0.3876
-0.02118	0.57	-0.3759
-0.01098	0.5412	-0.3679
0.002155	0.5469	-0.3431
-8.772e-05	0.582	-0.3335
-0.02562	0.6148	-0.3365
-0.0724	0.6391	-0.3245
-0.08461	0.6287	-0.3134
-0.06602	0.6103	-0.3135
-0.04105	0.6021	-0.3285
-0.0005907	0.6008	-0.3556
0.0103	0.6367	-0.3927
-0.00425	0.6612	-0.4142
-0.01015	0.6337	-0.4043
-0.02044	0.6043	-0.3981
-0.0232	0.5851	-0.3903
-0.01184	0.5807	-0.3729
0.001868	0.5917	-0.3613
0.008083	0.5943	-0.3457
0.01048	0.6041	-0.3399
0.01309	0.6095	-0.3448
-9.848e-05	0.5997	-0.3507
-0.01029	0.5944	-0.3636
-0.01454	0.5801	-0.3666
-0.02908	0.5693	-0.3606
-0.04009	0.5725	-0.3544
-0.05215	0.588	-0.3498
-0.05659	0.6179	-0.3505
-0.04772	0.6268	-0.3471
-0.03752	0.628	-0.3492
-0.0216	0.6343	-0.359
-0.01309	0.6178	-0.3638
-0.01234	0.6033	-0.3671
-0.01087	0.6004	-0.3686
-0.01036	0.5949	-0.3697
-0.004541	0.5945	-0.3686
-0.0001318	0.5931	-0.3592
0.00362	0.5906	-0.3547
0.005348	0.597	-0.363
-0.002731	0.6091	-0.3681
-0.0112	0.6164	-0.3644
-0.02058	0.6156	-0.3647
-0.02854	0.6083	-0.3662
-0.03014	0.5987	-0.3645
-0.03137	0.5966	-0.3648
-0.02944	0.5999	-0.363
-0.02706	0.5996	-0.3542
-0.02712	0.5973	-0.3472
-0.02444	0.5967	-0.3495
-0.02014	0.5986	-0.351
-0.01473	0.6	-0.3501
-0.01197	0.5995	-0.3552
-0.01329	0.603	-0.3605
-0.01093	0.6104	-0.3649
-0.003781	0.613	-0.37
-0.003199	0.6101	-0.3728
-0.0198	0.6079	-0.3714
-0.03526	0.6061	-0.3648
-0.03149	0.6037	-0.3624
-0.02286	0.6013	-0.3617
-0.01564	0.5986	-0.3572
-0.01206	0.5985	-0.3567
-0.01452	0.599	-0.3567
-0.01379	0.5998	-0.3533
-0.01561	0.602	-0.352
-0.01822	0.5995	-0.356
-0.01588	0.5979	-0.364
-0.01693	0.6016	-0.369
-0.01547	0.604	-0.367
-0.01205	0.6062	-0.3626
-0.01425	0.6068	-0.3596
-0.01765	0.606	-0.3558
-0.02163	0.6065	-0.355
-0.02454	0.6046	-0.3609
-0.02388	0.6037	-0.3649
0.00673	0.5959	-0.3648
-0.02226	0.6256	-0.3736
-0.0354	0.6074	-0.3607
-0.0473	0.5888	-0.3584
-0.04764	0.5803	-0.3588
-0.03124	0.5853	-0.3518
-0.01115	0.6034	-0.351
0.001737	0.6106	-0.3453
0.0103	0.6226	-0.3476
0.018	0.6278	-0.3583
0.008522	0.6161	-0.3676
0.0005343	0.6076	-0.3817
-0.002945	0.5892	-0.3838
-0.01797	0.5742	-0.3754
-0.03044	0.5734	-0.3658
-0.04463	0.5855	-0.3573
-0.05155	0.6127	-0.3541
-0.0452	0.6199	-0.347
-0.03733	0.6203	-0.3461
-0.02337	0.6266	-0.3537
-0.01633	0.6108	-0.3572
-0.01651	0.5975	-0.3599
-0.01542	0.5961	-0.3616
-0.01484	0.5923	-0.3636
-0.008545	0.5935	-0.3636
-0.003386	0.5935	-0.3557
0.001279	0.5921	-0.3528
0.003972	0.5994	-0.3625
-0.003184	0.6119	-0.3688
-0.01085	0.6194	-0.3661
-0.01959	0.6184	-0.367
-0.02712	0.6107	-0.3689
-0.02848	0.6006	-0.3672
-0.02967	0.5979	-0.3673
-0.02784	0.6006	-0.3651
-0.0257	0.5998	-0.3558
-0.02608	0.597	-0.3482
-0.02376	0.596	-0.3499
-0.01981	0.5976	-0.351
-0.01471	0.5989	-0.3497
-0.01222	0.5985	-0.3545
-0.01374	0.602	-0.3595
-0.0115	0.6096	-0.364
-0.004404	0.6124	-0.3691
-0.003808	0.6098	-0.372
-0.02034	0.6077	-0.3707
-0.03571	0.6061	-0.3643
-0.0318	0.6039	-0.3621
-0.02304	0.6016	-0.3616
-0.0157	0.599	-0.3573
-0.01201	0.5989	-0.3569
-0.01439	0.5994	-0.357
-0.0136	0.6001	-0.3537
-0.01538	0.6023	-0.3524
-0.01799	0.5997	-0.3563
-0.01567	0.598	-0.3643
-0.01675	0.6016	-0.3692
-0.01533	0.6039	-0.3671
-0.01196	0.6061	-0.3626
-0.01421	0.6067	-0.3596
-0.01765	0.6058	-0.3557
-0.02167	0.6064	-0.3549
-0.0246	0.6045	-0.3608
-0.02396	0.6036	-0.3648
-0.02193	0.6037	-0.3682
-0.02178	0.6025	-0.3697
-0.02333	0.6032	-0.3594
-0.02189	0.6034	-0.3531
-0.01829	0.6025	-0.3561
-0.01451	0.601	-0.3545
-0.01178	0.5998	-0.3562
-0.01111	0.6009	-0.3599
-0.01052	0.6018	-0.3581
-0.01254	0.6034	-0.3584
-0.01585	0.6038	-0.3601
-0.01671	0.5999	-0.3641
-0.01792	0.598	-0.3668
-0.01875	0.6002	-0.364
-0.01941	0.6035	-0.3642
-0.02119	0.6051	-0.3652
-0.02098	0.6055	-0.3641
-0.01961	0.6104	-0.3613
-0.01938	0.6126	-0.3549
-0.02075	0.6062	-0.3557
-0.02101	0.6008	-0.3616
-0.01854	0.5948	-0.3617
-0.01823	0.5905	-0.3591
-0.01961	0.5998	-0.3578
-0.01812	0.6108	-0.3592
-0.01429	0.6111	-0.3596
-0.01285	0.6082	-0.3582
-0.01657	0.6044	-0.3545
-0.0181	0.5972	-0.3523
-0.01544	0.5938	-0.364
-0.0135	0.5988	-0.3756
-0.009727	0.6007	-0.3715
-0.01008	0.6001	-0.3628
-0.02035	0.6056	-0.3575
-0.02692	0.6081	-0.3594
-0.02593	0.6092	-0.3599
-0.02745	0.6116	-0.3556
-0.02432	0.6056	-0.3565
-0.01345	0.5976	-0.3566
-0.01182	0.5958	-0.3569
-0.01808	0.5974	-0.3615
-0.01887	0.598	-0.3613
-0.01663	0.5994	-0.3589
-0.0164	0.6044	-0.3594
-0.0173	0.6062	-0.3613
-0.01682	0.6058	-0.3619
-0.01532	0.6068	-0.3612
-0.01469	0.6049	-0.3624
-0.0148	0.6029	-0.3641
-0.01505	0.6029	-0.3668
-0.01603	0.6048	-0.3662
-0.01898	0.6055	-0.3596
-0.02181	0.6025	-0.3574
-0.02288	0.6029	-0.3612
-0.02152	0.6047	-0.3632
-0.01922	0.6045	-0.3613
-0.01829	0.604	-0.3598
-0.0157	0.6007	-0.3596
-0.01498	0.5982	-0.3575
-0.01761	0.5983	-0.3554
-0.01734	0.598	-0.3555
-0.01634	0.6	-0.3566
-0.01684	0.6023	-0.358
-0.01849	0.603	-0.3592
-0.01724	0.6044	-0.3582
-0.01894	0.6045	-0.3682
-0.02218	0.606	-0.3632
-0.02217	0.6068	-0.3597
-0.01966	0.6059	-0.3635
-0.0166	0.6042	-0.3614
-0.01423	0.6025	-0.3617
-0.01362	0.6029	-0.3636
-0.01283	0.603	-0.3599
-0.01446	0.6038	-0.3584
-0.01726	0.6035	-0.3588
-0.01756	0.5991	-0.3617
-0.01824	0.5968	-0.3639
-0.01861	0.5988	-0.3608
-0.01889	0.602	-0.3613
-0.0204	0.6037	-0.3626
-0.02005	0.6044	-0.3622
-0.01864	0.6095	-0.3601
-0.01847	0.612	-0.3544
-0.01997	0.6059	-0.3558
-0.02041	0.6008	-0.3622
-0.01814	0.595	-0.3627
-0.01803	0.5909	-0.3603
-0.0196	0.6003	-0.3591
-0.01826	0.6113	-0.3604
-0.01455	0.6117	-0.3607
-0.01318	0.6086	-0.359
-0.01693	0.6048	-0.3551
-0.01845	0.5975	-0.3526
-0.01576	0.594	-0.3641
-0.01376	0.5989	-0.3754
-0.009912	0.6006	-0.3712
-0.01019	0.6	-0.3623
-0.02039	0.6054	-0.3571
-0.02689	0.6079	-0.3589
-0.02586	0.609	-0.3595
-0.02734	0.6114	-0.3553
-0.0242	0.6055	-0.3562
-0.01332	0.5974	-0.3564
-0.0117	0.5957	-0.3569
-0.01798	0.5973	-0.3615
-0.01879	0.598	-0.3614
-0.01658	0.5994	-0.359
-0.01637	0.6045	-0.3595
-0.0173	0.6062	-0.3615
-0.01684	0.6059	-0.3621
-0.01536	0.6069	-0.3614
-0.01474	0.605	-0.3625
-0.01485	0.6029	-0.3642
-0.0151	0.6029	-0.3669
-0.01607	0.6048	-0.3662
-0.01901	0.6055	-0.3595
-0.02184	0.6025	-0.3573
-0.02289	0.6029	-0.3612
-0.02152	0.6047	-0.3631
-0.01922	0.6045	-0.3613
-0.01828	0.604	-0.3597
-0.01568	0.6007	-0.3595
-0.01496	0.5982	-0.3574
-0.0176	0.5983	-0.3554
-0.01732	0.5979	-0.3555
-0.01632	0.6	-0.3566
-0.01683	0.6023	-0.358
-0.01848	0.603	-0.3592
-0.01972	0.6038	-0.3609
-0.01965	0.6042	-0.362
-0.02184	0.6063	-0.3629
-0.02099	0.6082	-0.3647
-0.0143	0.6066	-0.364
-0.01043	0.6037	-0.3604
-0.01224	0.6009	-0.359
-0.01756	0.6008	-0.3627
-0.02243	0.6029	-0.3635
-0.02173	0.6026	-0.3602
-0.01629	0.6025	-0.3617
-0.01138	0.605	-0.3657
-0.01292	0.6056	-0.3653
-0.02174	0.6027	-0.3582
-0.02744	0.6013	-0.3526
-0.02389	0.6012	-0.3568
-0.01814	0.6002	-0.3605
-0.01354	0.6015	-0.3599
-0.01253	0.6009	-0.3579
-0.0177	0.5993	-0.355
-0.02147	0.6021	-0.3575
-0.02013	0.6038	-0.3602
-0.01547	0.6044	-0.3621
-0.01161	0.6049	-0.3658
-0.01361	0.6048	-0.3643
-0.01632	0.6063	-0.3639
-0.01862	0.6051	-0.3648
-0.02154	0.6041	-0.3626
-0.01983	0.6049	-0.3615
-0.01674	0.6027	-0.359
-0.01714	0.6016	-0.3583
-0.02183	0.6016	-0.3595
-0.02421	0.6009	-0.359
-0.01976	0.6011	-0.361
-0.01858	0.6012	-0.3622
-0.0171	0.6016	-0.3614
-0.01245	0.6022	-0.357
-0.01419	0.6032	-0.3516
-0.01491	0.6038	-0.3553
-0.01397	0.6028	-0.3619
-0.01543	0.6024	-0.3643
-0.0152	0.6025	-0.3625
-0.01945	0.6019	-0.3618
-0.02375	0.6024	-0.3667
-0.023	0.6033	-0.3665
-0.02235	0.603	-0.3605
-0.01743	0.6039	-0.3572
-0.01451	0.6064	-0.3568
-0.01816	0.607	-0.358
-0.01784	0.6049	-0.3579
-0.01621	0.6026	-0.3598
-0.01622	0.6017	-0.3622
-0.01565	0.6016	-0.3613
-0.01767	0.601	-0.3622
-0.01878	0.6005	-0.3618
-0.01701	0.6	-0.3604
-0.01606	0.5997	-0.3601
-0.01662	0.6023	-0.3595
-0.01917	0.6051	-0.3612
-0.02061	0.6048	-0.3607
-0.01939	0.6042	-0.3593
-0.01901	0.6032	-0.362
-0.01836	0.603	-0.3626
-0.01752	0.6052	-0.362
-0.01586	0.6029	-0.3629
-0.01727	0.6023	-0.3611
-0.02066	0.6037	-0.3599
-0.02072	0.6054	-0.3604
-0.01466	0.6038	-0.3591
-0.01117	0.6014	-0.3556
-0.01315	0.5991	-0.355
-0.01847	0.5996	-0.3596
-0.02324	0.6024	-0.3616
-0.02234	0.6026	-0.3595
-0.01668	0.603	-0.362
-0.01155	0.6059	-0.3669
-0.01288	0.6067	-0.3671
-0.02153	0.6038	-0.3604
-0.02712	0.6024	-0.3549
-0.0235	0.6022	-0.3589
-0.01774	0.601	-0.3623
-0.01316	0.602	-0.3613
-0.01221	0.6012	-0.3589
-0.01746	0.5994	-0.3555
-0.02132	0.602	-0.3575
-0.02006	0.6035	-0.3599
-0.01549	0.604	-0.3615
-0.01169	0.6045	-0.365
-0.01373	0.6044	-0.3634
-0.01648	0.6059	-0.363
-0.01878	0.6048	-0.364
-0.02169	0.6039	-0.3619
-0.01996	0.6047	-0.361
-0.01685	0.6026	-0.3587
-0.01721	0.6017	-0.3582
-0.02187	0.6017	-0.3595
-0.02422	0.601	-0.3592
-0.01974	0.6013	-0.3613
-0.01855	0.6014	-0.3625
-0.01704	0.6017	-0.3618
-0.01239	0.6024	-0.3573
-0.01413	0.6033	-0.3519
-0.01486	0.6039	-0.3554
-0.01393	0.6028	-0.362
-0.0154	0.6024	-0.3644
-0.01518	0.6025	-0.3625
-0.01944	0.6019	-0.3618
-0.02375	0.6024	-0.3667
-0.02301	0.6032	-0.3664
-0.02237	0.603	-0.3604
-0.01745	0.6039	-0.3571
-0.01454	0.6064	-0.3567
-0.01818	0.6069	-0.3579
-0.01786	0.6049	-0.3578
-0.01622	0.6026	-0.3597
-0.01623	0.6017	-0.3622
-0.01565	0.6017	-0.3614
-0.01767	0.601	-0.3623
-0.01878	0.6005	-0.3618
-0.017	0.6	-0.3604
-0.01605	0.5997	-0.3602
-0.01661	0.6024	-0.3595
-0.01916	0.6051	-0.3612
-0.0206	0.6048	-0.3607
-0.01939	0.6042	-0.3593
-0.019	0.6032	-0.362
-0.01835	0.603	-0.3626
-0.01752	0.6052	-0.362
-0.01891	0.6052	-0.3631
-0.01884	0.6025	-0.3618
-0.01619	0.601	-0.359
-0.01421	0.6014	-0.3581
-0.01136	0.602	-0.3567
-0.01233	0.6015	-0.3568
-0.02284	0.6017	-0.3601
-0.02905	0.6056	-0.3615
-0.02221	0.607	-0.3619
-0.0138	0.6019	-0.3624
-0.01166	0.6015	-0.3614
-0.01513	0.6065	-0.3609
-0.01775	0.6055	-0.3601
-0.01742	0.6005	-0.3598
-0.01959	0.5972	-0.3593
-0.01964	0.5958	-0.3592
-0.01728	0.5979	-0.3614
-0.01791	0.6038	-0.3605
-0.01823	0.6067	-0.3586
-0.02035	0.6054	-0.3604
-0.02119	0.6069	-0.3613
-0.0165	0.6065	-0.3618
-0.01588	0.6044	-0.3642
-0.01807	0.6054	-0.3633
-0.01704	0.6044	-0.3606
-0.01557	0.6036	-0.3623
-0.01504	0.6013	-0.3621
-0.01581	0.5983	-0.3596
-0.01608	0.6002	-0.3567
-0.01753	0.6	-0.3537
-0.02105	0.6006	-0.3595
-0.02153	0.6036	-0.3631
-0.02073	0.603	-0.3613
-0.01996	0.6031	-0.366
-0.01778	0.6047	-0.3623
-0.01639	0.606	-0.3534
-0.01555	0.6067	-0.3535
-0.01636	0.6059	-0.3575
-0.01712	0.6032	-0.3642
-0.01512	0.5997	-0.3663
-0.01498	0.6008	-0.3655
-0.01516	0.6009	-0.3653
-0.01441	0.5979	-0.3588
-0.01988	0.5999	-0.3568
-0.02807	0.6032	-0.361
-0.02756	0.6047	-0.3613
-0.01862	0.6059	-0.3611
-0.01299	0.6062	-0.3627
-0.01389	0.6054	-0.3603
-0.01401	0.6037	-0.352
-0.01557	0.6024	-0.3523
-0.02089	0.5994	-0.365
-0.02095	0.598	-0.3683
-0.01624	0.6028	-0.3606
-0.01495	0.6043	-0.3599
-0.01606	0.6035	-0.3617
-0.01674	0.6061	-0.3595
-0.01789	0.6063	-0.3621
-0.01861	0.6046	-0.3636
-0.01797	0.6038	-0.3578
-0.01799	0.6029	-0.3546
-0.01857	0.6023	-0.3556
-0.01799	0.6006	-0.3594
-0.01717	0.5993	-0.3634
-0.02023	0.6013	-0.363
-0.02088	0.6004	-0.3641
-0.01831	0.6005	-0.3626
-0.01598	0.6021	-0.362
-0.01257	0.6035	-0.3603
-0.01291	0.6034	-0.3596
-0.02282	0.6037	-0.362
-0.02854	0.6075	-0.3623
-0.02134	0.6086	-0.3617
-0.01274	0.6031	-0.3614
-0.01055	0.6023	-0.3598
-0.0141	0.6069	-0.359
-0.01689	0.6055	-0.3581
-0.01679	0.6001	-0.3579
-0.01922	0.5966	-0.3577
-0.01951	0.5951	-0.358
-0.01737	0.5971	-0.3607
-0.01819	0.6031	-0.3601
-0.01863	0.6061	-0.3586
-0.02081	0.6049	-0.3608
-0.02167	0.6066	-0.362
-0.01694	0.6064	-0.3626
-0.01626	0.6044	-0.3651
-0.01836	0.6055	-0.3641
-0.01723	0.6046	-0.3613
-0.01565	0.6038	-0.3629
-0.01504	0.6016	-0.3625
-0.01573	0.5986	-0.3598
-0.01594	0.6005	-0.3568
-0.01736	0.6002	-0.3536
-0.02086	0.6007	-0.3593
-0.02135	0.6037	-0.3628
-0.02058	0.603	-0.361
-0.01983	0.603	-0.3657
-0.01768	0.6047	-0.362
-0.01634	0.6059	-0.3532
-0.01554	0.6066	-0.3533
-0.01637	0.6058	-0.3573
-0.01716	0.6031	-0.3642
-0.01518	0.5996	-0.3663
-0.01504	0.6007	-0.3655
-0.01523	0.6009	-0.3654
-0.01448	0.5979	-0.3589
-0.01993	0.5999	-0.3569
-0.02811	0.6032	-0.3611
-0.02759	0.6047	-0.3614
-0.01863	0.606	-0.3612
-0.01299	0.6062	-0.3628
-0.01388	0.6054	-0.3603
-0.01399	0.6037	-0.352
-0.01554	0.6024	-0.3522
-0.02086	0.5994	-0.3649
-0.02093	0.598	-0.3683
-0.01622	0.6028	-0.3606
-0.01494	0.6043	-0.3599
-0.01605	0.6035	-0.3617
-0.01673	0.6061	-0.3594
-0.01789	0.6063	-0.3621
-0.01861	0.6046	-0.3636
-0.01798	0.6037	-0.3578
-0.018	0.6029	-0.3546
-0.01858	0.6023	-0.3556
-0.018	0.6006	-0.3594
-0.01718	0.5993	-0.3634
-0.01734	0.5998	-0.3644
-0.01935	0.6002	-0.3657
-0.02049	0.6022	-0.3632
-0.01891	0.6043	-0.3585
-0.01856	0.6037	-0.359
-0.01796	0.6043	-0.3603
-0.01653	0.6047	-0.3601
-0.01758	0.6037	-0.3602
-0.01799	0.6043	-0.3605
-0.01781	0.6044	-0.3611
-0.01751	0.6037	-0.3611
-0.01545	0.6025	-0.3616
-0.01602	0.6012	-0.3618
-0.01757	0.6028	-0.3605
-0.01601	0.6026	-0.3574
-0.01554	0.6001	-0.3565
-0.0169	0.599	-0.3618
-0.01672	0.6004	-0.3638
-0.01496	0.6051	-0.3597
-0.01606	0.6067	-0.3591
-0.02291	0.6052	-0.3593
-0.02702	0.6074	-0.3609
-0.02379	0.607	-0.366
-0.02084	0.6021	-0.3644
-0.01847	0.6001	-0.3572
-0.01701	0.6007	-0.356
-0.01718	0.6006	-0.3616
-0.01274	0.6007	-0.3624
-0.01022	0.6015	-0.3558
-0.01193	0.602	-0.3558
-0.01196	0.6025	-0.3614
-0.01682	0.6032	-0.3622
-0.02287	0.6038	-0.3618
-0.02423	0.6039	-0.3619
-0.02431	0.6031	-0.3612
-0.02122	0.6028	-0.3615
-0.01831	0.6047	-0.3621
-0.01676	0.6051	-0.3623
-0.0143	0.6035	-0.3619
-0.01448	0.603	-0.3613
-0.01463	0.6017	-0.3604
-0.01381	0.5996	-0.3592
-0.01508	0.5998	-0.3574
-0.01818	0.6021	-0.3573
-0.0223	0.6062	-0.362
-0.02248	0.6074	-0.3642
-0.01922	0.6039	-0.3627
-0.01806	0.6034	-0.3644
-0.01867	0.6038	-0.3622
-0.0211	0.6001	-0.3545
-0.02106	0.5999	-0.3527
-0.0157	0.6033	-0.356
-0.01376	0.6035	-0.3583
-0.01534	0.6016	-0.3606
-0.01473	0.6002	-0.3635
-0.01539	0.5997	-0.3659
-0.01675	0.6026	-0.3686
-0.01557	0.6084	-0.3682
-0.01572	0.6087	-0.3592
-0.01922	0.6027	-0.3543
-0.02375	0.6015	-0.3572
-0.02502	0.6047	-0.3555
-0.02096	0.6043	-0.3572
-0.01698	0.6023	-0.3634
-0.01294	0.6007	-0.358
-0.01549	0.5995	-0.3629
-0.01749	0.6007	-0.3628
-0.01689	0.6025	-0.3595
-0.01752	0.602	-0.3606
-0.01777	0.6028	-0.362
-0.01702	0.6037	-0.3617
-0.01854	0.6031	-0.3614
-0.01922	0.6042	-0.3614
-0.01911	0.6047	-0.3615
-0.01873	0.6043	-0.3612
-0.01648	0.6031	-0.3613
-0.01679	0.6019	-0.3613
-0.01803	0.6035	-0.3599
-0.01618	0.6032	-0.3569
-0.01545	0.6005	-0.356
-0.01661	0.5992	-0.3614
-0.01628	0.6005	-0.3635
-0.01444	0.605	-0.3595
-0.01552	0.6065	-0.359
-0.02241	0.605	-0.3594
-0.02659	0.6071	-0.361
-0.02346	0.6067	-0.3662
-0.02062	0.6018	-0.3646
-0.01837	0.5998	-0.3574
-0.01702	0.6005	-0.3562
-0.01727	0.6005	-0.3617
-0.01289	0.6006	-0.3626
-0.01041	0.6015	-0.3559
-0.01214	0.6021	-0.3558
-0.01217	0.6025	-0.3614
-0.017	0.6033	-0.3621
-0.02302	0.604	-0.3617
-0.02433	0.604	-0.3618
-0.02437	0.6032	-0.3611
-0.02124	0.6029	-0.3614
-0.01829	0.6047	-0.362
-0.01672	0.6051	-0.3622
-0.01424	0.6035	-0.3619
-0.01441	0.603	-0.3613
-0.01455	0.6017	-0.3604
-0.01374	0.5996	-0.3593
-0.01502	0.5997	-0.3575
-0.01814	0.6021	-0.3573
-0.02227	0.6062	-0.362
-0.02247	0.6073	-0.3643
-0.01922	0.6039	-0.3627
-0.01807	0.6034	-0.3644
-0.01869	0.6038	-0.3622
-0.02113	0.6001	-0.3545
-0.02108	0.5999	-0.3527
-0.01573	0.6033	-0.356
-0.01379	0.6035	-0.3583
-0.01536	0.6016	-0.3605
-0.01474	0.6002	-0.3635
-0.01539	0.5997	-0.3659
-0.01676	0.6026	-0.3686
-0.01557	0.6084	-0.3682
-0.01571	0.6087	-0.3592
-0.01921	0.6027	-0.3543
-0.02374	0.6015	-0.3572
-0.02501	0.6047	-0.3555
-0.02096	0.6043	-0.3572
-0.01697	0.6023	-0.3634
-0.01602	0.6021	-0.3611
-0.01624	0.6014	-0.3586
-0.01647	0.6004	-0.3616
-0.01618	0.6001	-0.3622
-0.01564	0.6001	-0.362
-0.01298	0.6013	-0.3622
-0.01205	0.6028	-0.361
-0.01749	0.6026	-0.3612
-0.02105	0.6022	-0.3612
-0.02144	0.6026	-0.3603
-0.02344	0.606	-0.3605
-0.02209	0.6092	-0.3592
-0.01947	0.6082	-0.358
-0.01934	0.6067	-0.3589
-0.01777	0.6043	-0.36
-0.01574	0.6018	-0.3631
-0.01415	0.6011	-0.3662
-0.0144	0.5984	-0.3654
-0.01691	0.5975	-0.3608
-0.01684	0.599	-0.3578
-0.01569	0.6007	-0.3579
-0.01514	0.6028	-0.3559
-0.01647	0.6028	-0.3564
-0.02203	0.6039	-0.3606
-0.02441	0.6047	-0.3604
-0.02025	0.6045	-0.3601
-0.01536	0.6065	-0.3622
-0.01365	0.6062	-0.3626
-0.01583	0.604	-0.3608
-0.01923	0.603	-0.357
-0.02197	0.602	-0.3588
-0.02078	0.6022	-0.3638
-0.01376	0.602	-0.3618
-0.01111	0.6009	-0.3617
-0.01518	0.5992	-0.3654
-0.01539	0.5984	-0.3647
-0.01816	0.6023	-0.3623
-0.02725	0.605	-0.3586
-0.02693	0.606	-0.3565
-0.01954	0.6082	-0.3577
-0.01601	0.6044	-0.3576
-0.01489	0.6016	-0.3578
-0.01619	0.604	-0.3586
-0.01626	0.6016	-0.3606
-0.01336	0.5987	-0.3635
-0.01309	0.6002	-0.3637
-0.01472	0.6032	-0.3634
-0.01572	0.6053	-0.3633
-0.01888	0.6032	-0.3617
-0.0231	0.603	-0.3572
-0.02283	0.6052	-0.3545
-0.02268	0.6047	-0.3605
-0.0233	0.6041	-0.3629
-0.01849	0.602	-0.3603
-0.01585	0.5996	-0.362
-0.01505	0.6002	-0.3608
-0.0112	0.601	-0.3605
-0.01178	0.6028	-0.3635
-0.01396	0.6038	-0.3612
-0.01435	0.6034	-0.3564
-0.01761	0.6039	-0.3553
-0.02224	0.6036	-0.3619
-0.02424	0.6048	-0.3649
-0.02251	0.6062	-0.359
-0.02082	0.6025	-0.3633
-0.01977	0.6028	-0.3583
-0.01864	0.6019	-0.36
-0.01709	0.6014	-0.3602
-0.0155	0.6008	-0.3602
-0.01204	0.6014	-0.3608
-0.0106	0.6024	-0.3602
-0.0158	0.6018	-0.361
-0.01935	0.6011	-0.3615
-0.01992	0.6014	-0.3609
-0.02223	0.6048	-0.3613
-0.02126	0.6082	-0.3601
-0.01904	0.6074	-0.3588
-0.01927	0.6062	-0.3595
-0.01802	0.6041	-0.3605
-0.01623	0.6019	-0.3633
-0.01479	0.6013	-0.3663
-0.01511	0.5988	-0.3653
-0.01761	0.598	-0.3605
-0.01747	0.5995	-0.3575
-0.01619	0.6012	-0.3575
-0.0155	0.6032	-0.3555
-0.01667	0.6032	-0.3561
-0.02209	0.6041	-0.3603
-0.02435	0.6049	-0.3602
-0.02008	0.6045	-0.36
-0.01513	0.6064	-0.3621
-0.01338	0.6061	-0.3626
-0.01556	0.6038	-0.3609
-0.01898	0.6028	-0.3572
-0.02175	0.6018	-0.359
-0.02061	0.602	-0.364
-0.01366	0.6018	-0.3619
-0.01106	0.6008	-0.3619
-0.01518	0.5992	-0.3655
-0.01543	0.5984	-0.3647
-0.01823	0.6023	-0.3623
-0.02734	0.605	-0.3586
-0.02703	0.6061	-0.3565
-0.01964	0.6083	-0.3576
-0.0161	0.6045	-0.3575
-0.01496	0.6017	-0.3578
-0.01624	0.604	-0.3585
-0.01628	0.6017	-0.3605
-0.01337	0.5988	-0.3635
-0.01308	0.6002	-0.3636
-0.0147	0.6032	-0.3634
-0.01569	0.6053	-0.3633
-0.01884	0.6032	-0.3617
-0.02306	0.603	-0.3572
-0.0228	0.6052	-0.3546
-0.02265	0.6046	-0.3605
-0.02328	0.6041	-0.3629
-0.01848	0.602	-0.3603
-0.01584	0.5996	-0.362
-0.01505	0.6002	-0.3608
-0.0112	0.601	-0.3605
-0.01179	0.6028	-0.3635
-0.01398	0.6038	-0.3612
-0.01437	0.6034	-0.3564
-0.01762	0.6039	-0.3553
-0.02225	0.6036	-0.3619
-0.02425	0.6048	-0.3649
-0.02252	0.6062	-0.359
-0.02063	0.6038	-0.3582
-0.019	0.5998	-0.3589
-0.01638	0.5989	-0.3609
-0.01562	0.6026	-0.3657
-0.01585	0.6043	-0.3639
-0.01685	0.6031	-0.3621
-0.01802	0.6048	-0.3606
-0.0181	0.6046	-0.358
-0.019	0.6019	-0.3599
-0.01728	0.6019	-0.359
-0.01468	0.6017	-0.3567
-0.01641	0.6008	-0.3573
-0.01922	0.6012	-0.3591
-0.02127	0.6035	-0.3634
-0.01936	0.606	-0.3637
-0.01389	0.6049	-0.3633
-0.01349	0.6027	-0.3653
-0.01761	0.6024	-0.3624
-0.01952	0.6023	-0.358
-0.01797	0.602	-0.3572
-0.01536	0.6015	-0.3615
-0.01451	0.6018	-0.3633
-0.01684	0.6034	-0.3573
-0.01917	0.604	-0.3563
-0.01953	0.6034	-0.3574
-0.02226	0.6046	-0.3569
-0.02466	0.6066	-0.3638
-0.02238	0.6052	-0.3663
-0.02011	0.6012	-0.3597
-0.0183	0.5988	-0.3587
-0.01646	0.5991	-0.3601
-0.01556	0.5996	-0.3583
-0.01361	0.602	-0.3602
-0.01311	0.6051	-0.3622
-0.01329	0.6041	-0.3621
-0.01262	0.6047	-0.3651
-0.01495	0.6052	-0.3653
-0.01715	0.6026	-0.3613
-0.01796	0.6034	-0.3605
-0.01987	0.603	-0.3607
-0.0207	0.6019	-0.359
-0.0216	0.6052	-0.3574
-0.0212	0.605	-0.3575
-0.01949	0.6013	-0.3588
-0.02047	0.6005	-0.3578
-0.02032	0.6018	-0.3546
-0.01921	0.6016	-0.3556
-0.01945	0.6017	-0.3639
-0.01751	0.6045	-0.3681
-0.01489	0.6047	-0.3643
-0.01327	0.6016	-0.3637
-0.01231	0.5999	-0.3631
-0.01354	0.6007	-0.3611
-0.01715	0.6041	-0.362
-0.02023	0.606	-0.3611
-0.01961	0.6053	-0.3607
-0.0181	0.6051	-0.3597
-0.01727	0.6045	-0.356
-0.01649	0.6021	-0.357
-0.01827	0.6011	-0.3584
-0.02026	0.6015	-0.358
-0.01969	0.6006	-0.3584
-0.01698	0.601	-0.3585
-0.01553	0.6038	-0.3622
-0.02282	0.6064	-0.3632
-0.02033	0.6016	-0.3623
-0.01716	0.6	-0.3629
-0.01605	0.6034	-0.3666
-0.0161	0.6048	-0.3639
-0.017	0.6033	-0.3615
-0.01813	0.6049	-0.3597
-0.0182	0.6047	-0.357
-0.01909	0.6019	-0.3589
-0.01737	0.6018	-0.3581
-0.01476	0.6016	-0.356
-0.01647	0.6007	-0.3568
-0.01926	0.6011	-0.3589
-0.02128	0.6034	-0.3634
-0.01936	0.6059	-0.3638
-0.01386	0.6048	-0.3636
-0.01344	0.6026	-0.3657
-0.01755	0.6023	-0.3628
-0.01946	0.6023	-0.3584
-0.01791	0.602	-0.3575
-0.0153	0.6015	-0.3618
-0.01447	0.6018	-0.3635
-0.01681	0.6035	-0.3574
-0.01915	0.604	-0.3563
-0.01952	0.6034	-0.3574
-0.02227	0.6047	-0.3568
-0.02468	0.6066	-0.3636
-0.0224	0.6052	-0.3661
-0.02013	0.6012	-0.3596
-0.01832	0.5988	-0.3586
-0.01648	0.5992	-0.36
-0.01558	0.5996	-0.3582
-0.01362	0.602	-0.3602
-0.01312	0.6051	-0.3622
-0.0133	0.6041	-0.3621
-0.01263	0.6047	-0.3651
-0.01495	0.6052	-0.3654
-0.01714	0.6026	-0.3613
-0.01795	0.6034	-0.3606
-0.01986	0.603	-0.3607
-0.02069	0.6019	-0.359
-0.02159	0.6052	-0.3574
-0.0212	0.605	-0.3575
-0.01948	0.6013	-0.3588
-0.02047	0.6005	-0.3578
-0.02031	0.6018	-0.3546
-0.01921	0.6016	-0.3556
-0.01946	0.6017	-0.3638
-0.01751	0.6045	-0.3681
-0.01489	0.6047	-0.3643
-0.01328	0.6016	-0.3636
-0.01231	0.5999	-0.3631
-0.01354	0.6007	-0.361
-0.01715	0.6041	-0.362
-0.02023	0.606	-0.3611
-0.01961	0.6053	-0.3607
-0.0181	0.6051	-0.3597
-0.01727	0.6045	-0.356
-0.01649	0.6021	-0.357
-0.01827	0.6011	-0.3584
-0.02025	0.6015	-0.358
-0.01969	0.6006	-0.3584
-0.01698	0.601	-0.3585
-0.01553	0.6038	-0.3622
-0.01921	0.6048	-0.3642
-0.02148	0.6037	-0.3628
-0.02091	0.6028	-0.364
-0.02098	0.6026	-0.3635
-0.01695	0.6023	-0.362
-0.01405	0.6027	-0.3616
-0.01576	0.604	-0.3588
-0.01494	0.6039	-0.3578
-0.01479	0.6033	-0.3596
-0.01566	0.6026	-0.3608
-0.01568	0.6005	-0.3602
-0.0198	0.6001	-0.3574
-0.0218	0.6026	-0.356
-0.01936	0.6036	-0.3595
-0.01929	0.6044	-0.3633
-0.01747	0.6047	-0.3662
-0.01492	0.603	-0.3652
-0.01721	0.6035	-0.3594
-0.01956	0.6052	-0.3587
-0.0196	0.6053	-0.3583
-0.01812	0.6029	-0.3565
-0.01629	0.5995	-0.3647
-0.01599	0.6	-0.3663
-0.017	0.6019	-0.3566
-0.021	0.6018	-0.3546
-0.02195	0.6019	-0.3587
-0.01491	0.6039	-0.3643
-0.01209	0.6048	-0.3665
-0.01702	0.6033	-0.3594
-0.02178	0.6059	-0.3557
-0.0225	0.6083	-0.3591
-0.01699	0.6039	-0.3628
-0.01416	0.5997	-0.3642
-0.01745	0.5979	-0.3591
-0.01727	0.5991	-0.3558
-0.01692	0.6011	-0.3607
-0.01698	0.6007	-0.3614
-0.01402	0.6016	-0.361
-0.01545	0.6027	-0.3633
-0.01941	0.6047	-0.3607
-0.02136	0.6064	-0.3599
-0.02162	0.6048	-0.3607
-0.01996	0.6053	-0.3606
-0.02021	0.6061	-0.3617
-0.02008	0.6056	-0.3583
-0.0175	0.6044	-0.359
-0.01623	0.601	-0.3668
-0.01551	0.5997	-0.3671
-0.01384	0.6001	-0.3589
-0.0122	0.6012	-0.3551
-0.01328	0.6029	-0.3573
-0.01639	0.6032	-0.3562
-0.01983	0.6033	-0.3569
-0.02201	0.6013	-0.3609
-0.0205	0.6001	-0.362
-0.02016	0.6039	-0.3646
-0.02105	0.6051	-0.3636
-0.02101	0.6034	-0.36
-0.02087	0.6037	-0.3601
-0.01676	0.6037	-0.3597
-0.01442	0.6043	-0.3611
-0.01594	0.6042	-0.3606
-0.01553	0.6016	-0.359
-0.01621	0.6006	-0.3609
-0.01155	0.6038	-0.3639
-0.0175	0.6025	-0.3611
-0.01967	0.6017	-0.3616
-0.02166	0.6018	-0.361
-0.01883	0.6019	-0.3598
-0.01655	0.6027	-0.3599
-0.01841	0.6043	-0.3578
-0.0174	0.6044	-0.3574
-0.01682	0.6038	-0.3599
-0.01714	0.6032	-0.3615
-0.01656	0.601	-0.3613
-0.02012	0.6006	-0.3586
-0.02163	0.6029	-0.3572
-0.0188	0.6038	-0.3606
-0.01847	0.6044	-0.3642
-0.01653	0.6046	-0.3668
-0.01396	0.6028	-0.3656
-0.01633	0.6032	-0.3595
-0.01882	0.6049	-0.3586
-0.01906	0.605	-0.358
-0.01778	0.6026	-0.3561
-0.01615	0.5993	-0.3642
-0.01603	0.5999	-0.3658
-0.01719	0.6018	-0.3562
-0.02129	0.6018	-0.3543
-0.0223	0.6019	-0.3584
-0.01527	0.6039	-0.3641
-0.01243	0.6049	-0.3664
-0.01732	0.6034	-0.3594
-0.02201	0.606	-0.3557
-0.02266	0.6084	-0.3592
-0.01707	0.604	-0.3629
-0.01417	0.5998	-0.3644
-0.0174	0.5979	-0.3592
-0.01718	0.5991	-0.3559
-0.0168	0.6011	-0.3608
-0.01684	0.6007	-0.3615
-0.01388	0.6016	-0.361
-0.01533	0.6027	-0.3633
-0.01931	0.6047	-0.3607
-0.02128	0.6063	-0.3598
-0.02158	0.6048	-0.3606
-0.01994	0.6052	-0.3606
-0.02021	0.6061	-0.3616
-0.02011	0.6056	-0.3583
-0.01754	0.6044	-0.359
-0.01628	0.601	-0.3668
-0.01556	0.5997	-0.3671
-0.01388	0.6001	-0.3589
-0.01224	0.6012	-0.3551
-0.01331	0.603	-0.3573
-0.01641	0.6032	-0.3562
-0.01984	0.6033	-0.3569
-0.02201	0.6013	-0.3609
-0.02049	0.6001	-0.362
-0.02015	0.6039	-0.3647
-0.02103	0.6051	-0.3636
-0.02099	0.6034	-0.36
-0.02085	0.6037	-0.3601
-0.01674	0.6037	-0.3597
-0.01441	0.6043	-0.3611
-0.01593	0.6042	-0.3606
-0.01553	0.6016	-0.359
-0.01621	0.6006	-0.3609
-0.01679	0.6014	-0.3603
-0.01614	0.6037	-0.3627
-0.01512	0.6049	-0.3651
-0.01257	0.6019	-0.3613
-0.01559	0.6004	-0.359
-0.02536	0.6021	-0.3579
-0.0288	0.6037	-0.3589
-0.02043	0.6048	-0.3613
-0.01401	0.6033	-0.3621
-0.01534	0.602	-0.3618
-0.01645	0.6026	-0.3562
-0.01825	0.6019	-0.3545
-0.01796	0.6034	-0.3581
-0.01475	0.6049	-0.3586
-0.01497	0.6033	-0.3621
-0.01618	0.6037	-0.3659
-0.0193	0.6036	-0.3653
-0.02143	0.6024	-0.3626
-0.01965	0.6032	-0.3604
-0.0199	0.6031	-0.3635
-0.01804	0.6026	-0.3631
-0.01561	0.6009	-0.3586
-0.01704	0.5998	-0.3583
-0.01737	0.6031	-0.3582
-0.01762	0.6037	-0.3576
-0.01705	0.6019	-0.3587
-0.01634	0.6028	-0.3613
-0.01883	0.6036	-0.3619
-0.01991	0.6038	-0.3588
-0.0183	0.6037	-0.3598
-0.01512	0.6031	-0.3626
-0.01339	0.6032	-0.3629
-0.0171	0.6039	-0.365
-0.01994	0.6041	-0.3639
-0.0197	0.6028	-0.3568
-0.02053	0.6023	-0.3541
-0.02048	0.6034	-0.3585
-0.01921	0.6028	-0.3596
-0.018	0.6014	-0.3586
-0.01611	0.6013	-0.3625
-0.01357	0.6026	-0.3629
-0.01195	0.6027	-0.3619
-0.01523	0.6004	-0.3632
-0.02149	0.6009	-0.3613
-0.0235	0.6053	-0.3601
-0.02132	0.6064	-0.3586
-0.0186	0.6032	-0.357
-0.01688	0.6019	-0.3606
-0.01699	0.6017	-0.3622
-0.01706	0.6009	-0.3618
-0.01581	0.6043	-0.3625
-0.01451	0.6083	-0.3608
-0.01317	0.6069	-0.3595
-0.01459	0.6033	-0.3598
-0.02028	0.6011	-0.3613
-0.02376	0.601	-0.3633
-0.02261	0.6	-0.3612
-0.02067	0.5996	-0.3594
-0.01796	0.6028	-0.3611
-0.01519	0.6035	-0.3604
-0.01558	0.6019	-0.3584
-0.0178	0.6013	-0.3582
-0.01757	0.6019	-0.3578
-0.01343	0.6067	-0.3578
-0.01632	0.6045	-0.3539
-0.01729	0.6052	-0.362
-0.01694	0.6052	-0.3678
-0.01442	0.6015	-0.3655
-0.01707	0.5996	-0.3635
-0.02627	0.6012	-0.3618
-0.02909	0.6028	-0.3618
-0.02016	0.604	-0.3629
-0.01331	0.6027	-0.3626
-0.01434	0.6016	-0.3612
-0.01532	0.6024	-0.3549
-0.01713	0.602	-0.3527
-0.01697	0.6036	-0.3562
-0.01398	0.6052	-0.3567
-0.01445	0.6037	-0.3605
-0.01592	0.6041	-0.3646
-0.0193	0.6039	-0.3645
-0.02163	0.6026	-0.3622
-0.02002	0.6033	-0.3604
-0.02037	0.6032	-0.3638
-0.01855	0.6027	-0.3637
-0.01611	0.6008	-0.3594
-0.01748	0.5997	-0.3592
-0.01772	0.603	-0.359
-0.01787	0.6036	-0.3583
-0.01719	0.6018	-0.3592
-0.01638	0.6027	-0.3617
-0.01878	0.6035	-0.3621
-0.01979	0.6037	-0.3588
-0.01813	0.6036	-0.3597
-0.01493	0.6031	-0.3624
-0.0132	0.6033	-0.3626
-0.01692	0.6039	-0.3647
-0.01979	0.6042	-0.3636
-0.01958	0.6028	-0.3565
-0.02046	0.6024	-0.3538
-0.02045	0.6035	-0.3584
-0.01921	0.6029	-0.3594
-0.01803	0.6014	-0.3586
-0.01616	0.6013	-0.3625
-0.01364	0.6026	-0.363
-0.01202	0.6027	-0.362
-0.0153	0.6004	-0.3633
-0.02155	0.6009	-0.3614
-0.02355	0.6053	-0.3602
-0.02136	0.6064	-0.3587
-0.01862	0.6032	-0.357
-0.01688	0.6018	-0.3607
-0.01699	0.6017	-0.3622
-0.01704	0.6009	-0.3618
-0.01579	0.6043	-0.3625
-0.01449	0.6083	-0.3608
-0.01315	0.6069	-0.3595
-0.01457	0.6033	-0.3597
-0.02026	0.6011	-0.3613
-0.02375	0.601	-0.3633
-0.0226	0.6	-0.3611
-0.02067	0.5996	-0.3594
-0.01796	0.6028	-0.3611
-0.0152	0.6035	-0.3604
-0.01559	0.6019	-0.3584
-0.01781	0.6013	-0.3582
-0.01758	0.6019	-0.3578
-0.01344	0.6067	-0.3578
-0.01255	0.6083	-0.3593
-0.01863	0.6023	-0.3613
-0.02034	0.6	-0.3631
-0.01727	0.6018	-0.3636
-0.01928	0.602	-0.363
-0.02236	0.6036	-0.3606
-0.02222	0.6044	-0.3587
-0.01986	0.6029	-0.3618
-0.01851	0.6026	-0.3633
-0.0187	0.602	-0.3618
-0.01488	0.6014	-0.3626
-0.01341	0.6023	-0.3606
-0.01623	0.6042	-0.3578
-0.01541	0.6057	-0.3582
-0.01449	0.6035	-0.357
-0.01385	0.6015	-0.3581
-0.01466	0.6016	-0.3609
-0.02061	0.6023	-0.3602
-0.02398	0.6039	-0.36
-0.02248	0.6029	-0.3614
-0.01942	0.6023	-0.3654
-0.01718	0.6037	-0.366
-0.0183	0.6036	-0.3563
-0.01882	0.6045	-0.3535
-0.01765	0.6036	-0.3622
-0.01645	0.6011	-0.3639
-0.01435	0.6004	-0.3616
-0.01455	0.6013	-0.3627
-0.01723	0.6041	-0.3605
-0.019	0.6054	-0.3582
-0.02022	0.6043	-0.3602
-0.02026	0.602	-0.3623
-0.01904	0.6018	-0.3634
-0.01872	0.6022	-0.3618
-0.01834	0.6012	-0.3582
-0.01617	0.6026	-0.3556
-0.01475	0.6029	-0.355
-0.01559	0.6025	-0.3586
-0.01576	0.604	-0.3608
-0.01655	0.6032	-0.3609
-0.01935	0.604	-0.3645
-0.02031	0.6036	-0.3646
-0.01908	0.6013	-0.3621
-0.01765	0.6027	-0.3619
-0.01755	0.6045	-0.3593
-0.01895	0.605	-0.3588
-0.01906	0.6043	-0.3602
-0.01758	0.6038	-0.3597
-0.01706	0.6023	-0.3622
-0.01778	0.5986	-0.3632
-0.01747	0.5991	-0.3618
-0.01582	0.6021	-0.3638
-0.0141	0.6037	-0.3638
-0.01402	0.6044	-0.3581
-0.01765	0.604	-0.3521
-0.02277	0.6041	-0.3529
-0.02364	0.6028	-0.3594
-0.01881	0.602	-0.3622
-0.01669	0.6044	-0.3608
-0.01967	0.6061	-0.3609
-0.01902	0.6052	-0.3621
-0.01728	0.6019	-0.3644
-0.01663	0.6	-0.3656
-0.0134	0.6005	-0.3619
-0.01398	0.6019	-0.3599
-0.01826	0.5997	-0.3596
-0.01899	0.5999	-0.3601
-0.01553	0.6031	-0.3601
-0.01759	0.6042	-0.3597
-0.021	0.6059	-0.3578
-0.02132	0.6065	-0.3567
-0.01947	0.6045	-0.3605
-0.0186	0.6037	-0.3629
-0.01917	0.6025	-0.3621
-0.01562	0.6015	-0.3634
-0.01429	0.6019	-0.3617
-0.01715	0.6035	-0.3591
-0.01626	0.6049	-0.3595
-0.0152	0.6027	-0.3582
-0.01437	0.6007	-0.3591
-0.01497	0.6009	-0.3615
-0.02072	0.6018	-0.3606
-0.02391	0.6036	-0.3601
-0.02227	0.6027	-0.3612
-0.0191	0.6023	-0.3651
-0.01681	0.6038	-0.3655
-0.01791	0.6039	-0.3558
-0.01846	0.6048	-0.353
-0.01734	0.6039	-0.3617
-0.01621	0.6014	-0.3635
-0.01419	0.6007	-0.3613
-0.01447	0.6015	-0.3625
-0.01723	0.6042	-0.3604
-0.01906	0.6055	-0.3582
-0.02032	0.6043	-0.3602
-0.02039	0.602	-0.3625
-0.01919	0.6017	-0.3636
-0.01886	0.6021	-0.362
-0.01847	0.6011	-0.3584
-0.01627	0.6025	-0.3557
-0.01483	0.6027	-0.3551
-0.01564	0.6024	-0.3587
-0.01577	0.604	-0.3609
-0.01654	0.6032	-0.3609
-0.01932	0.604	-0.3645
-0.02026	0.6037	-0.3646
-0.01903	0.6013	-0.362
-0.01759	0.6028	-0.3618
-0.0175	0.6045	-0.3592
-0.01891	0.6051	-0.3587
-0.01902	0.6044	-0.3601
-0.01756	0.6038	-0.3596
-0.01705	0.6023	-0.3622
-0.01778	0.5986	-0.3631
-0.01748	0.5991	-0.3618
-0.01583	0.6021	-0.3638
-0.01412	0.6037	-0.3638
-0.01404	0.6044	-0.3581
-0.01767	0.604	-0.3521
-0.02279	0.6041	-0.3529
-0.02366	0.6028	-0.3594
-0.01882	0.602	-0.3622
-0.01669	0.6044	-0.3608
-0.01967	0.6061	-0.3609
-0.01902	0.6052	-0.3621
-0.01727	0.6019	-0.3644
-0.01662	0.6	-0.3656
-0.01339	0.6005	-0.3619
-0.01382	0.6007	-0.3605
-0.01814	0.6019	-0.3617
-0.01948	0.602	-0.3581
-0.01844	0.6003	-0.3567
-0.01902	0.6023	-0.3589
-0.01955	0.6065	-0.3604
-0.01704	0.6069	-0.3624
-0.0162	0.6047	-0.3599
-0.01651	0.6034	-0.3582
-0.01544	0.602	-0.3604
-0.01741	0.6004	-0.3595
-0.01943	0.6012	-0.3604
-0.01964	0.6047	-0.3629
-0.02063	0.6066	-0.3633
-0.02024	0.605	-0.3627
-0.01894	0.604	-0.3589
-0.01757	0.6028	-0.358
-0.01633	0.6004	-0.3632
-0.01648	0.6	-0.3651
-0.01574	0.6004	-0.3616
-0.0142	0.6009	-0.3583
-0.01513	0.6015	-0.3564
-0.01819	0.6019	-0.3556
-0.0201	0.6028	-0.3591
-0.01919	0.6039	-0.3632
-0.01746	0.6047	-0.3628
-0.01696	0.6045	-0.3626
-0.01698	0.6042	-0.3622
-0.01715	0.6039	-0.3575
-0.01992	0.6036	-0.3563
-0.02437	0.6055	-0.3616
-0.02355	0.6055	-0.3642
-0.01737	0.6017	-0.3642
-0.01364	0.6001	-0.3614
-0.01317	0.5999	-0.3532
-0.01293	0.5993	-0.353
-0.01515	0.6013	-0.3623
-0.01738	0.6019	-0.3649
-0.0156	0.6006	-0.363
-0.01648	0.6048	-0.3641
-0.02051	0.6081	-0.3628
-0.02143	0.6059	-0.359
-0.02263	0.6061	-0.3592
-0.02457	0.6077	-0.362
-0.0233	0.6064	-0.3633
-0.01916	0.6018	-0.3625
-0.01386	0.5979	-0.3618
-0.0119	0.5985	-0.36
-0.01303	0.597	-0.3565
-0.01293	0.5956	-0.3563
-0.01346	0.6009	-0.3558
-0.01562	0.6039	-0.3532
-0.01815	0.6031	-0.3564
-0.02091	0.6054	-0.3626
-0.02103	0.6081	-0.366
-0.01935	0.6069	-0.3667
-0.01857	0.6059	-0.3665
-0.01756	0.6062	-0.3644
-0.01793	0.6029	-0.3589
-0.02004	0.6018	-0.3579
-0.02129	0.6038	-0.3603
-0.02059	0.6027	-0.3596
-0.01859	0.6017	-0.3587
-0.01706	0.5995	-0.3583
-0.008478	0.5988	-0.366
-0.01592	0.601	-0.3641
-0.01901	0.6017	-0.3586
-0.0188	0.6003	-0.3563
-0.01963	0.6024	-0.3581
-0.02006	0.6066	-0.3597
-0.01729	0.607	-0.3618
-0.01616	0.6047	-0.3597
-0.01622	0.6034	-0.3583
-0.01498	0.602	-0.3607
-0.01687	0.6004	-0.3599
-0.0189	0.6012	-0.3609
-0.01919	0.6048	-0.3634
-0.02032	0.6067	-0.3638
-0.02008	0.6051	-0.3631
-0.01893	0.6041	-0.359
-0.0177	0.6029	-0.358
-0.01656	0.6005	-0.3632
-0.01679	0.6001	-0.365
-0.01609	0.6005	-0.3613
-0.01454	0.6009	-0.3581
-0.01543	0.6016	-0.3561
-0.01844	0.6019	-0.3553
-0.02028	0.6028	-0.3589
-0.01929	0.6039	-0.3631
-0.01749	0.6047	-0.3627
-0.01692	0.6045	-0.3626
-0.01689	0.6042	-0.3623
-0.01703	0.6039	-0.3575
-0.01978	0.6035	-0.3564
-0.02422	0.6054	-0.3617
-0.02342	0.6055	-0.3643
-0.01725	0.6017	-0.3643
-0.01355	0.6001	-0.3615
-0.01311	0.5999	-0.3533
-0.0129	0.5993	-0.3531
-0.01514	0.6013	-0.3623
-0.0174	0.6019	-0.3649
-0.01564	0.6007	-0.3629
-0.01652	0.6048	-0.3641
-0.02056	0.6082	-0.3628
-0.02148	0.6059	-0.359
-0.02268	0.6061	-0.3591
-0.02461	0.6077	-0.3619
-0.02333	0.6064	-0.3633
-0.01917	0.6018	-0.3625
-0.01387	0.5978	-0.3617
-0.01189	0.5985	-0.36
-0.01302	0.597	-0.3565
-0.01291	0.5956	-0.3563
-0.01344	0.6009	-0.3558
-0.0156	0.6038	-0.3532
-0.01813	0.6031	-0.3564
-0.0209	0.6054	-0.3626
-0.02101	0.6081	-0.366
-0.01934	0.6069	-0.3667
-0.01856	0.6059	-0.3665
-0.01756	0.6062	-0.3644
-0.01794	0.6029	-0.3589
-0.02004	0.6018	-0.3579
-0.0213	0.6038	-0.3603
-0.0206	0.6027	-0.3596
-0.01859	0.6017	-0.3587
-0.01707	0.5995	-0.3583
-0.01545	0.5964	-0.3612
-0.01362	0.5981	-0.364
-0.01206	0.6054	-0.362
-0.01217	0.6091	-0.3607
-0.01761	0.6023	-0.3597
-0.0252	0.6012	-0.3589
-0.02611	0.6062	-0.361
-0.01989	0.6041	-0.362
-0.01542	0.6023	-0.359
-0.01426	0.601	-0.3562
-0.01348	0.6005	-0.3579
-0.01646	0.6036	-0.3595
-0.01828	0.6034	-0.3608
-0.01623	0.604	-0.3644
-0.01863	0.6054	-0.363
-0.021	0.6038	-0.3608
-0.01973	0.6034	-0.363
-0.02094	0.603	-0.3618
-0.0207	0.6021	-0.3594
-0.0182	0.6015	-0.3591
-0.01819	0.6018	-0.3589
-0.01644	0.6024	-0.36
-0.01283	0.6011	-0.3609
-0.01296	0.6026	-0.3617
-0.01468	0.6031	-0.3617
-0.01486	0.6004	-0.3587
-0.01618	0.6017	-0.3568
-0.01865	0.6035	-0.3587
-0.02001	0.605	-0.3629
-0.02028	0.607	-0.3659
-0.02042	0.6046	-0.3636
-0.02252	0.6032	-0.3591
-0.02273	0.604	-0.3575
-0.01847	0.6039	-0.3579
-0.01713	0.6042	-0.3604
-0.01749	0.6013	-0.3634
-0.01535	0.5994	-0.3636
-0.0154	0.6013	-0.3613
-0.01596	0.6007	-0.357
-0.01496	0.6012	-0.355
-0.01574	0.6026	-0.3586
-0.01537	0.6013	-0.3627
-0.01466	0.6015	-0.3646
-0.02038	0.6038	-0.3635
-0.02707	0.6076	-0.3608
-0.02492	0.6084	-0.3603
-0.01661	0.6041	-0.3621
-0.01281	0.603	-0.3643
-0.01583	0.6036	-0.3613
-0.01616	0.6022	-0.351
-0.015	0.6014	-0.3489
-0.01704	0.5997	-0.3596
-0.01533	0.5996	-0.3628
-0.01545	0.6022	-0.3609
-0.02116	0.6031	-0.369
-0.02226	0.6031	-0.371
-0.02101	0.6038	-0.3631
-0.02092	0.6037	-0.3572
-0.01923	0.6032	-0.3519
-0.01686	0.6035	-0.3542
-0.01567	0.6046	-0.3639
-0.0166	0.6047	-0.3684
-0.01646	0.6028	-0.3659
-0.01492	0.6023	-0.3598
-0.01851	0.5999	-0.3525
-0.01514	0.5994	-0.3593
-0.01288	0.6054	-0.36
-0.01278	0.6082	-0.3605
-0.01826	0.6011	-0.3605
-0.02595	0.5999	-0.3602
-0.02694	0.6051	-0.3625
-0.02073	0.6032	-0.3633
-0.01618	0.6017	-0.3601
-0.01487	0.6007	-0.3569
-0.01388	0.6005	-0.3583
-0.01663	0.6037	-0.3596
-0.01822	0.6036	-0.3606
-0.01597	0.6043	-0.3641
-0.01821	0.6058	-0.3626
-0.02048	0.6042	-0.3603
-0.01917	0.6037	-0.3626
-0.02039	0.6032	-0.3614
-0.02021	0.6023	-0.3591
-0.0178	0.6016	-0.3589
-0.0179	0.6018	-0.3588
-0.01628	0.6023	-0.36
-0.01278	0.601	-0.361
-0.01301	0.6024	-0.3618
-0.01482	0.6029	-0.3618
-0.01506	0.6002	-0.3589
-0.0164	0.6016	-0.357
-0.01888	0.6034	-0.3588
-0.02023	0.6049	-0.363
-0.02046	0.607	-0.366
-0.02056	0.6046	-0.3636
-0.02261	0.6033	-0.3591
-0.02278	0.6041	-0.3575
-0.01848	0.6039	-0.3578
-0.0171	0.6043	-0.3603
-0.01744	0.6013	-0.3634
-0.01528	0.5995	-0.3635
-0.01532	0.6013	-0.3612
-0.01588	0.6007	-0.3569
-0.01489	0.6012	-0.355
-0.01568	0.6026	-0.3586
-0.01532	0.6012	-0.3627
-0.01464	0.6014	-0.3646
-0.02037	0.6038	-0.3636
-0.02708	0.6076	-0.3608
-0.02494	0.6083	-0.3603
-0.01664	0.6041	-0.3621
-0.01284	0.603	-0.3643
-0.01586	0.6035	-0.3613
-0.01619	0.6022	-0.3511
-0.01502	0.6014	-0.3489
-0.01706	0.5997	-0.3596
-0.01534	0.5996	-0.3628
-0.01545	0.6022	-0.3609
-0.02116	0.6031	-0.369
-0.02225	0.6031	-0.371
-0.021	0.6038	-0.3631
-0.02091	0.6037	-0.3572
-0.01922	0.6032	-0.3519
-0.01685	0.6035	-0.3542
-0.01566	0.6046	-0.3639
-0.01659	0.6047	-0.3684
-0.01645	0.6028	-0.3659
-0.01492	0.6023	-0.3598
-0.01489	0.6036	-0.3569
-0.01583	0.6021	-0.3575
-0.01693	0.5995	-0.3565
-0.01745	0.5997	-0.3566
-0.01805	0.6021	-0.3605
-0.01962	0.6049	-0.3634
-0.02137	0.605	-0.3626
-0.02215	0.603	-0.3622
-0.02084	0.6018	-0.361
-0.01847	0.6024	-0.3596
-0.01686	0.6042	-0.3614
-0.01646	0.6052	-0.3616
-0.01623	0.6053	-0.3604
-0.01616	0.6053	-0.3603
-0.01669	0.6038	-0.3604
-0.01619	0.6013	-0.3606
-0.01644	0.6006	-0.3594
-0.01756	0.6012	-0.3598
-0.01624	0.6003	-0.3608
-0.01451	0.5998	-0.3604
-0.01576	0.6007	-0.3614
-0.02096	0.6021	-0.3604
-0.02541	0.6059	-0.359
-0.02367	0.6073	-0.359
-0.01916	0.604	-0.3588
-0.01484	0.6023	-0.3616
-0.01399	0.6019	-0.3625
-0.01744	0.6014	-0.3617
-0.01737	0.6027	-0.3622
-0.01443	0.6035	-0.3603
-0.01421	0.6036	-0.3604
-0.01605	0.6052	-0.3635
-0.01807	0.605	-0.3636
-0.02014	0.6026	-0.3599
-0.0227	0.6023	-0.3575
-0.0215	0.6029	-0.3587
-0.01847	0.6033	-0.3596
-0.0193	0.6036	-0.3597
-0.0191	0.6025	-0.3571
-0.01601	0.6011	-0.3572
-0.01369	0.5999	-0.367
-0.01385	0.5993	-0.3698
-0.01481	0.6002	-0.3604
-0.01484	0.6012	-0.3548
-0.01688	0.6019	-0.353
-0.0192	0.6041	-0.3535
-0.01987	0.6081	-0.362
-0.01982	0.6092	-0.3676
-0.01927	0.6052	-0.3643
-0.02143	0.6036	-0.364
-0.02198	0.6039	-0.3636
-0.01877	0.6028	-0.3599
-0.01847	0.6051	-0.3585
-0.01822	0.6048	-0.3581
-0.0157	0.5967	-0.3619
-0.01425	0.5946	-0.3647
-0.01342	0.6006	-0.3609
-0.01464	0.6016	-0.3571
-0.01738	0.6015	-0.3549
-0.01813	0.6057	-0.3577
-0.01805	0.6063	-0.3607
-0.0189	0.6039	-0.3586
-0.02013	0.6032	-0.3569
-0.02117	0.6025	-0.3566
-0.01702	0.605	-0.3654
-0.01618	0.6041	-0.3664
-0.01617	0.6014	-0.3644
-0.01609	0.6012	-0.3626
-0.01648	0.6031	-0.3642
-0.01811	0.6052	-0.3649
-0.02009	0.6047	-0.3622
-0.02121	0.6023	-0.3603
-0.02025	0.6009	-0.3582
-0.01824	0.6014	-0.3562
-0.01692	0.6031	-0.358
-0.01675	0.6042	-0.3585
-0.01666	0.6046	-0.358
-0.01667	0.6048	-0.3586
-0.0172	0.6035	-0.3594
-0.01666	0.6013	-0.3604
-0.01682	0.6008	-0.3598
-0.01783	0.6015	-0.3607
-0.01639	0.6007	-0.362
-0.01456	0.6003	-0.3618
-0.0157	0.6012	-0.3629
-0.02083	0.6025	-0.3616
-0.02523	0.6062	-0.3601
-0.02347	0.6075	-0.3598
-0.01895	0.6041	-0.3593
-0.01465	0.6023	-0.3618
-0.01384	0.6019	-0.3624
-0.01732	0.6012	-0.3614
-0.0173	0.6025	-0.3618
-0.0144	0.6033	-0.3598
-0.01422	0.6034	-0.3598
-0.0161	0.6051	-0.363
-0.01814	0.6048	-0.3631
-0.02022	0.6025	-0.3595
-0.02278	0.6022	-0.3573
-0.02157	0.6029	-0.3586
-0.01854	0.6033	-0.3596
-0.01936	0.6037	-0.3598
-0.01914	0.6026	-0.3572
-0.01603	0.6011	-0.3574
-0.0137	0.5999	-0.3672
-0.01384	0.5994	-0.37
-0.01479	0.6003	-0.3606
-0.01482	0.6013	-0.355
-0.01685	0.602	-0.3532
-0.01917	0.6041	-0.3535
-0.01984	0.6081	-0.362
-0.0198	0.6092	-0.3676
-0.01926	0.6052	-0.3642
-0.02142	0.6036	-0.3639
-0.02198	0.6039	-0.3635
-0.01877	0.6028	-0.3598
-0.01848	0.6051	-0.3584
-0.01823	0.6048	-0.358
-0.01571	0.5967	-0.3618
-0.01426	0.5946	-0.3646
-0.01343	0.6006	-0.3609
-0.01465	0.6016	-0.3571
-0.01739	0.6015	-0.3549
-0.01814	0.6057	-0.3577
-0.01806	0.6063	-0.3607
-0.0189	0.6039	-0.3586
-0.02013	0.6032	-0.3569
-0.02117	0.6026	-0.3566
-0.02052	0.6036	-0.3639
-0.01639	0.6044	-0.3709
-0.01245	0.6036	-0.3684
-0.01369	0.6034	-0.3647
-0.01724	0.6031	-0.3564
-0.01955	0.6035	-0.3514
-0.01973	0.6025	-0.3598
-0.01816	0.5999	-0.3639
-0.01843	0.6005	-0.3608
-0.01888	0.6027	-0.362
-0.01714	0.6026	-0.3658
-0.01716	0.6022	-0.3699
-0.01991	0.6055	-0.3657
-0.02191	0.608	-0.3486
-0.02188	0.6059	-0.3432
-0.02022	0.6042	-0.3549
-0.0145	0.6014	-0.3555
-0.01066	0.5994	-0.354
-0.01389	0.6008	-0.3665
-0.014	0.6001	-0.3726
-0.01427	0.6007	-0.3699
-0.0195	0.6021	-0.3653
-0.01991	0.6011	-0.3581
-0.01911	0.6026	-0.3585
-0.02035	0.6045	-0.3613
-0.02075	0.6053	-0.3606
-0.02083	0.6056	-0.3615
-0.01895	0.6049	-0.3608
-0.01824	0.6043	-0.3606
-0.0181	0.6023	-0.3606
-0.01693	0.6015	-0.3586
-0.01634	0.6029	-0.3577
-0.01439	0.6038	-0.3577
-0.01454	0.6038	-0.3607
-0.01648	0.6026	-0.362
-0.01649	0.6021	-0.3585
-0.01633	0.6009	-0.3574
-0.01604	0.5993	-0.3587
-0.01679	0.6004	-0.3599
-0.01965	0.602	-0.3598
-0.0249	0.6044	-0.3606
-0.02744	0.6072	-0.3647
-0.02083	0.6069	-0.3669
-0.01525	0.6036	-0.3637
-0.01505	0.6014	-0.3597
-0.01327	0.6024	-0.3601
-0.01402	0.6018	-0.3614
-0.01622	0.6009	-0.3606
-0.01601	0.602	-0.3623
-0.01714	0.6021	-0.3631
-0.01803	0.6032	-0.3589
-0.01879	0.6043	-0.3572
-0.02003	0.604	-0.3588
-0.01996	0.6035	-0.3596
-0.02123	0.6029	-0.3601
-0.02119	0.6052	-0.3581
-0.01657	0.6055	-0.357
-0.01314	0.6027	-0.3588
-0.01491	0.6023	-0.3584
-0.01698	0.6023	-0.3585
-0.0162	0.6021	-0.3609
-0.01733	0.5978	-0.3641
-0.01895	0.5951	-0.3665
-0.01808	0.6017	-0.3637
-0.0204	0.6048	-0.3628
-0.01809	0.6063	-0.3668
-0.0148	0.6058	-0.3631
-0.01595	0.6055	-0.3596
-0.01898	0.6048	-0.3522
-0.02058	0.6048	-0.3485
-0.02003	0.6033	-0.3584
-0.01783	0.6003	-0.3638
-0.01762	0.6006	-0.3617
-0.0178	0.6025	-0.3637
-0.01595	0.6021	-0.3679
-0.01603	0.6016	-0.372
-0.01895	0.605	-0.3677
-0.02119	0.6074	-0.3503
-0.02146	0.6054	-0.3444
-0.02009	0.6038	-0.3555
-0.01462	0.6012	-0.3557
-0.01099	0.5993	-0.3537
-0.01436	0.6008	-0.3659
-0.01454	0.6002	-0.3718
-0.01483	0.6009	-0.369
-0.02002	0.6023	-0.3644
-0.02034	0.6014	-0.3573
-0.01944	0.6028	-0.3579
-0.02056	0.6047	-0.3608
-0.02084	0.6054	-0.3603
-0.02081	0.6057	-0.3614
-0.01885	0.605	-0.3608
-0.01807	0.6044	-0.3608
-0.01789	0.6023	-0.3609
-0.01671	0.6014	-0.359
-0.01612	0.6028	-0.3581
-0.0142	0.6037	-0.358
-0.01439	0.6037	-0.361
-0.01637	0.6025	-0.3622
-0.01643	0.602	-0.3587
-0.01631	0.6009	-0.3575
-0.01606	0.5992	-0.3588
-0.01684	0.6004	-0.3598
-0.01972	0.602	-0.3597
-0.02498	0.6044	-0.3604
-0.02752	0.6072	-0.3646
-0.0209	0.6069	-0.3668
-0.01531	0.6036	-0.3636
-0.01509	0.6015	-0.3596
-0.0133	0.6024	-0.36
-0.01404	0.6018	-0.3613
-0.01622	0.6009	-0.3606
-0.01599	0.602	-0.3623
-0.01711	0.6021	-0.3631
-0.018	0.6032	-0.3589
-0.01876	0.6043	-0.3573
-0.02	0.604	-0.3588
-0.01994	0.6035	-0.3596
-0.02121	0.6029	-0.3602
-0.02118	0.6052	-0.3581
-0.01656	0.6055	-0.357
-0.01313	0.6027	-0.3588
-0.01491	0.6023	-0.3584
-0.01699	0.6023	-0.3585
-0.01621	0.6021	-0.3608
-0.01734	0.5978	-0.3641
-0.01896	0.5951	-0.3665
-0.01809	0.6017	-0.3636
-0.01798	0.6039	-0.3593
-0.01771	0.6039	-0.3586
-0.01834	0.6077	-0.3632
-0.01939	0.6064	-0.3672
-0.01836	0.6056	-0.364
-0.01926	0.6059	-0.363
-0.01978	0.6044	-0.3631
-0.01798	0.6043	-0.3569
-0.01657	0.6022	-0.3519
-0.01565	0.5999	-0.3513
-0.01666	0.5995	-0.3548
-0.01644	0.5999	-0.3581
-0.01494	0.6027	-0.3612
-0.01635	0.6023	-0.3649
-0.0187	0.5992	-0.3629
-0.02078	0.5999	-0.3619
-0.0214	0.6043	-0.3629
-0.02017	0.6082	-0.3617
-0.01862	0.6074	-0.362
-0.01685	0.6058	-0.3631
-0.01568	0.605	-0.3652
-0.01543	0.6021	-0.364
-0.0163	0.5996	-0.3597
-0.01617	0.5982	-0.3571
-0.01622	0.6005	-0.3558
-0.01937	0.6045	-0.357
-0.01965	0.6039	-0.3571
-0.01715	0.6016	-0.3593
-0.01749	0.6013	-0.3631
-0.01999	0.6045	-0.361
-0.02227	0.606	-0.356
-0.02079	0.6034	-0.355
-0.0165	0.6046	-0.3656
-0.01418	0.607	-0.3739
-0.01399	0.6057	-0.3678
-0.01447	0.6012	-0.3612
-0.01714	0.5972	-0.3553
-0.01948	0.5992	-0.3543
-0.01691	0.5998	-0.3577
-0.01775	0.5993	-0.3574
-0.02402	0.6008	-0.3608
-0.02297	0.6001	-0.3621
-0.01471	0.6043	-0.362
-0.01054	0.6095	-0.3643
-0.01381	0.608	-0.3609
-0.01752	0.6081	-0.3604
-0.0214	0.6088	-0.3616
-0.02487	0.6065	-0.3593
-0.02113	0.6018	-0.3587
-0.01813	0.5978	-0.3575
-0.01533	0.5988	-0.3577
-0.01047	0.5975	-0.358
-0.01542	0.5949	-0.3597
-0.02156	0.5985	-0.364
-0.02103	0.6057	-0.363
-0.018	0.6093	-0.3627
-0.01475	0.6047	-0.3632
-0.01575	0.603	-0.3606
-0.01601	0.606	-0.3616
-0.01767	0.6035	-0.362
-0.02141	0.6029	-0.3615
-0.0194	0.6041	-0.3642
-0.0183	0.6028	-0.3629
-0.01699	0.6025	-0.3567
-0.1058	0.2568	-1.136
-0.01023	0.6183	-0.2535
0.02622	0.7885	0.09536
0.05009	0.8081	0.05691
0.0224	0.7743	-0.0712
0.0108	0.6841	-0.2109
-0.01986	0.64	-0.3161
-0.05298	0.6022	-0.3521
-0.02882	0.5311	-0.4633
-0.03236	0.5188	-0.5402
-0.03608	0.4812	-0.5738
-0.0423	0.472	-0.6151
-0.05937	0.5167	-0.5267
-0.04328	0.5423	-0.4629
-0.02995	0.5854	-0.4681
-0.002316	0.6019	-0.4337
0.01593	0.6098	-0.4068
-0.005684	0.6289	-0.3359
-0.01666	0.6312	-0.2608
-0.01702	0.6492	-0.22
-0.008032	0.6527	-0.1978
0.002305	0.643	-0.2418
0.006708	0.6408	-0.2719
0.004683	0.6355	-0.2754
-0.03476	0.6336	-0.2823
-0.05554	0.6306	-0.2951
-0.02789	0.6229	-0.3644
-0.01957	0.5867	-0.4219
-0.002453	0.5531	-0.4554
0.01849	0.5659	-0.4706
-0.01896	0.5857	-0.3809
-0.03715	0.5974	-0.3208
-0.02766	0.6107	-0.3793
-0.045	0.6185	-0.4084
-0.02634	0.6126	-0.4071
0.002525	0.6048	-0.3951
-0.000707	0.5982	-0.3638
0.001982	0.5847	-0.3618
-0.01484	0.5991	-0.3097
-0.03911	0.6162	-0.2558
-0.03885	0.6111	-0.2757
-0.03309	0.6148	-0.3188
-0.02703	0.5994	-0.4151
-0.02242	0.5767	-0.4533
-0.007838	0.5654	-0.428
0.004166	0.5613	-0.44
-0.008104	0.5865	-0.4026
-0.02917	0.6031	-0.3756
-0.03248	0.6055	-0.3649
-8.387e-05	0.6069	-0.3271
0.01164	0.6053	-0.3283
-0.01731	0.6301	-0.3153
-0.02475	0.6392	-0.3117
-0.02391	0.624	-0.3291
-0.02271	0.6256	-0.3249
-0.0111	0.6212	-0.3296
-0.01676	0.6155	-0.3253
-0.0191	0.6153	-0.3398
-0.01722	0.6086	-0.3624
-0.02123	0.605	-0.3748
-0.01455	0.5927	-0.4044
-0.01822	0.5865	-0.3979
-0.01811	0.5944	-0.3773
-0.002176	0.5755	-0.3663
-0.006956	0.5499	-0.3678
-0.0331	0.5608	-0.4149
-0.05667	0.589	-0.4286
-0.05015	0.609	-0.396
-0.02841	0.6101	-0.3716
-0.02197	0.6029	-0.3552
-0.01666	0.6139	-0.361
-0.01481	0.6225	-0.3486
-0.006965	0.6156	-0.3056
0.01197	0.6173	-0.2952
0.01199	0.6178	-0.3102
0.002213	0.619	-0.3154
-0.006533	0.625	-0.3241
-0.01618	0.612	-0.3468
-0.01605	0.6013	-0.3716
-0.01223	0.6016	-0.3986
-0.01692	0.5943	-0.4187
-0.02511	0.5986	-0.4001
-0.0269	0.614	-0.3505
-0.03134	0.6091	-0.3331
-0.03784	0.5928	-0.3594
-0.03498	0.5935	-0.3733
-0.0299	0.5954	-0.3712
-0.0281	0.5983	-0.3501
-0.02877	0.6071	-0.3293
-0.01829	0.5958	-0.3622
0.005057	0.592	-0.3843
0.008791	0.5968	-0.3778
-0.01112	0.5913	-0.3743
-0.02489	0.5998	-0.3601
-0.02323	0.5977	-0.3832
-0.01576	0.5932	-0.3914
-0.01025	0.6034	-0.3603
-0.01097	0.6026	-0.3676
-0.01083	0.6114	-0.3679
-0.01052	0.6146	-0.3503
-0.02129	0.5972	-0.3189
-0.02468	0.5959	-0.2883
-0.01737	0.6051	-0.332
-0.01988	0.608	-0.3775
-0.02503	0.6091	-0.3823
-0.03197	0.615	-0.3874
-0.0353	0.6169	-0.3756
-0.02382	0.6118	-0.3631
-0.01281	0.6077	-0.3539
-0.007724	0.599	-0.3459
-0.007231	0.5927	-0.3497
-0.008927	0.5923	-0.3485
-0.01037	0.5952	-0.3576
-0.01704	0.6016	-0.3683
-0.01945	0.6036	-0.3654
-0.01682	0.6075	-0.372
-0.01448	0.6093	-0.3795
-0.0117	0.6042	-0.3793
-0.01703	0.6038	-0.3747
-0.02338	0.6041	-0.3601
-0.02464	0.6036	-0.3468
-0.02624	0.6045	-0.3439
-0.0263	0.6024	-0.3452
-0.02477	0.6013	-0.349
-0.01666	0.6015	-0.3578
-0.007504	0.5988	-0.3632
-0.009537	0.5982	-0.3589
-0.01634	0.6027	-0.3536
0.02176	0.6868	-0.2807
-0.01404	0.6027	-0.3705
-0.04632	0.5733	-0.4176
-0.0471	0.5637	-0.409
-0.03101	0.5551	-0.3999
-0.02847	0.5514	-0.3913
-0.02539	0.5734	-0.3985
-0.02431	0.5966	-0.3829
-0.01603	0.6047	-0.3334
0.004221	0.6197	-0.3149
0.006136	0.6304	-0.3211
-0.001495	0.6385	-0.318
-0.008098	0.6478	-0.3197
-0.01582	0.6349	-0.337
-0.01412	0.6217	-0.3583
-0.009173	0.6178	-0.3837
-0.01322	0.6054	-0.4039
-0.02121	0.6042	-0.3867
-0.0232	0.6144	-0.3396
-0.02814	0.6052	-0.3252
-0.03534	0.5856	-0.3548
-0.0333	0.5842	-0.3718
-0.02904	0.5853	-0.3724
-0.02801	0.5884	-0.3535
-0.02931	0.5982	-0.3342
-0.01931	0.5887	-0.3679
0.003722	0.587	-0.3901
0.007321	0.594	-0.3832
-0.01257	0.5905	-0.3789
-0.0262	0.6009	-0.3637
-0.0243	0.6002	-0.3856
-0.01654	0.5966	-0.3925
-0.01072	0.6073	-0.3603
-0.01114	0.6066	-0.3667
-0.01074	0.6151	-0.3663
-0.01022	0.6177	-0.3483
-0.02085	0.5996	-0.3168
-0.02415	0.5974	-0.2862
-0.01683	0.6058	-0.3302
-0.01936	0.608	-0.376
-0.02459	0.6085	-0.3812
-0.03163	0.6139	-0.3868
-0.03507	0.6155	-0.3754
-0.0237	0.6104	-0.3633
-0.0128	0.6063	-0.3543
-0.007799	0.5977	-0.3465
-0.00737	0.5917	-0.3505
-0.009108	0.5916	-0.3493
-0.01057	0.5948	-0.3583
-0.01724	0.6015	-0.3689
-0.01963	0.6038	-0.3659
-0.01696	0.6078	-0.3723
-0.01458	0.6097	-0.3796
-0.01176	0.6047	-0.3793
-0.01705	0.6044	-0.3746
-0.02336	0.6046	-0.3599
-0.0246	0.604	-0.3465
-0.02618	0.6048	-0.3436
-0.02623	0.6026	-0.345
-0.02469	0.6014	-0.3488
-0.01659	0.6015	-0.3576
-0.007446	0.5988	-0.3631
-0.009492	0.598	-0.3588
-0.01631	0.6025	-0.3535
-0.02235	0.6059	-0.3555
-0.023	0.6045	-0.3649
-0.01463	0.5988	-0.3728
-0.004403	0.5934	-0.3764
-0.001862	0.5949	-0.3807
-0.01358	0.5997	-0.3766
-0.0294	0.6036	-0.3647
-0.03487	0.6092	-0.3542
-0.03247	0.611	-0.3443
-0.02533	0.606	-0.3408
-0.01586	0.6044	-0.3479
-0.01162	0.6061	-0.3662
-0.01239	0.6039	-0.3755
-0.01593	0.6042	-0.3582
-0.01985	0.6058	-0.3513
-0.01927	0.6024	-0.3567
-0.01766	0.6014	-0.3516
-0.01516	0.6008	-0.3598
-0.01205	0.5994	-0.3671
-0.01328	0.6028	-0.3617
-0.01442	0.6044	-0.3648
-0.01622	0.6038	-0.3643
-0.01625	0.6053	-0.3615
-0.01282	0.6052	-0.3611
-0.01569	0.6045	-0.3594
-0.01868	0.604	-0.3616
-0.02064	0.6027	-0.3556
-0.02456	0.6016	-0.3533
-0.02336	0.6009	-0.3639
-0.02264	0.6001	-0.3666
-0.02112	0.5987	-0.3678
-0.01766	0.5984	-0.3707
-0.01787	0.5997	-0.3638
-0.01778	0.5999	-0.3561
-0.01927	0.6011	-0.3555
-0.01925	0.6034	-0.3599
-0.01514	0.6033	-0.362
-0.01293	0.6037	-0.3587
-0.01176	0.6057	-0.3565
-0.01443	0.6075	-0.3518
-0.01957	0.609	-0.3493
-0.02227	0.6088	-0.3606
-0.0234	0.6075	-0.3665
-0.02052	0.6045	-0.3638
-0.01619	0.6	-0.3702
-0.01325	0.5995	-0.369
-0.01023	0.6017	-0.3601
-0.009578	0.6025	-0.3574
-0.0144	0.6015	-0.3506
-0.02349	0.6004	-0.3492
-0.02689	0.5997	-0.3601
-0.02183	0.5998	-0.3661
-0.01856	0.6019	-0.3653
-0.01641	0.6037	-0.3631
-0.01266	0.6039	-0.3597
-0.01515	0.6049	-0.3602
-0.02204	0.604	-0.3651
-0.02522	0.6017	-0.3656
-0.02346	0.6016	-0.3621
-0.01735	0.6023	-0.3599
-0.01362	0.6027	-0.3583
-0.01622	0.6027	-0.3616
-0.01708	0.6017	-0.3639
-0.01584	0.6018	-0.3607
-0.02332	0.6037	-0.3596
-0.02082	0.6101	-0.3528
-0.01105	0.6072	-0.3539
-0.0006708	0.6014	-0.3571
0.001237	0.6008	-0.3649
-0.01154	0.6024	-0.3664
-0.02856	0.6032	-0.3605
-0.03515	0.6061	-0.3556
-0.03367	0.606	-0.3502
-0.02716	0.5999	-0.3497
-0.01803	0.5981	-0.3584
-0.01383	0.6003	-0.3768
-0.01441	0.5991	-0.385
-0.01758	0.6008	-0.3658
-0.02102	0.6038	-0.3565
-0.01992	0.602	-0.3594
-0.01781	0.6022	-0.3519
-0.01487	0.6026	-0.3581
-0.01142	0.602	-0.3639
-0.01241	0.6057	-0.3574
-0.01344	0.6073	-0.3601
-0.01523	0.6065	-0.3596
-0.01534	0.6076	-0.3573
-0.01206	0.6069	-0.3577
-0.01512	0.6056	-0.3569
-0.01832	0.6045	-0.3601
-0.02049	0.6026	-0.3552
-0.02459	0.601	-0.3537
-0.02355	0.6	-0.3649
-0.02293	0.599	-0.3681
-0.02148	0.5975	-0.3696
-0.01804	0.5973	-0.3725
-0.01823	0.5988	-0.3656
-0.01809	0.5991	-0.3576
-0.01952	0.6006	-0.3567
-0.01942	0.6031	-0.3606
-0.01523	0.6033	-0.3623
-0.01295	0.6038	-0.3587
-0.01172	0.6059	-0.3562
-0.01435	0.6078	-0.3513
-0.01945	0.6094	-0.3487
-0.02214	0.6092	-0.36
-0.02326	0.6079	-0.3659
-0.0204	0.6048	-0.3632
-0.01609	0.6002	-0.3697
-0.01318	0.5996	-0.3686
-0.01018	0.6018	-0.3598
-0.009557	0.6024	-0.3573
-0.0144	0.6015	-0.3507
-0.02351	0.6003	-0.3493
-0.02693	0.5996	-0.3603
-0.02188	0.5996	-0.3663
-0.01861	0.6018	-0.3655
-0.01646	0.6036	-0.3633
-0.01271	0.6038	-0.3599
-0.01518	0.6049	-0.3603
-0.02206	0.604	-0.3652
-0.02523	0.6017	-0.3656
-0.02346	0.6017	-0.3622
-0.01734	0.6023	-0.3598
-0.01361	0.6027	-0.3583
-0.01621	0.6028	-0.3615
-0.01706	0.6017	-0.3638
-0.01582	0.6018	-0.3606
-0.01574	0.6043	-0.3609
-0.01476	0.6062	-0.359
-0.01518	0.6066	-0.3515
-0.01599	0.6068	-0.3513
-0.01711	0.6055	-0.3567
-0.01938	0.6034	-0.3612
-0.01776	0.6016	-0.363
-0.01622	0.5986	-0.3596
-0.01802	0.5987	-0.359
-0.02162	0.602	-0.3643
-0.02479	0.6025	-0.3658
-0.02106	0.601	-0.3638
-0.01679	0.6014	-0.3621
-0.01542	0.6035	-0.3572
-0.01442	0.6039	-0.3586
-0.01781	0.6024	-0.3728
-0.01866	0.6025	-0.3747
-0.01738	0.6037	-0.36
-0.01771	0.6035	-0.3573
-0.01569	0.6025	-0.3623
-0.01692	0.6034	-0.3606
-0.01898	0.6083	-0.3497
-0.01942	0.6116	-0.3186
-0.02178	0.6056	-0.3223
-0.02403	0.5949	-0.3983
-0.02203	0.5937	-0.4188
-0.008134	0.604	-0.3479
-0.0002827	0.6074	-0.3346
-0.01113	0.5999	-0.367
-0.01889	0.6001	-0.3587
-0.02576	0.6047	-0.3624
-0.0301	0.6038	-0.372
-0.01964	0.6042	-0.3598
-0.01541	0.6035	-0.3601
-0.01789	0.6025	-0.3585
-0.01483	0.6022	-0.3633
-0.01636	0.5981	-0.3744
-0.01971	0.5993	-0.3643
-0.02103	0.6031	-0.3599
-0.02083	0.6042	-0.3551
-0.01506	0.606	-0.3476
-0.01318	0.6007	-0.3548
-0.01765	0.5988	-0.3573
-0.01855	0.6081	-0.3608
-0.01779	0.6097	-0.3594
-0.01777	0.6063	-0.3504
-0.01533	0.6065	-0.3517
-0.01433	0.6034	-0.3559
-0.0166	0.6007	-0.3747
-0.01755	0.6015	-0.3885
-0.01919	0.6019	-0.3721
-0.02205	0.6029	-0.3585
-0.02146	0.6028	-0.3521
-0.02059	0.6014	-0.343
-0.02169	0.6	-0.3379
-0.0209	0.5976	-0.3488
-0.01664	0.5983	-0.377
-0.01152	0.6032	-0.3843
-0.009759	0.6049	-0.3742
-0.01068	0.602	-0.375
-0.01434	0.6018	-0.3668
-0.02102	0.604	-0.3541
-0.02456	0.6041	-0.352
-0.02446	0.6059	-0.3482
-0.02075	0.5998	-0.3497
-0.01779	0.6072	-0.3548
-0.01643	0.6096	-0.3521
-0.01577	0.6098	-0.3548
-0.0158	0.6074	-0.3616
-0.01738	0.6039	-0.3664
-0.01543	0.6007	-0.3677
-0.01388	0.5967	-0.3633
-0.01592	0.5962	-0.3614
-0.01993	0.5992	-0.3654
-0.0236	0.6	-0.3658
-0.0204	0.599	-0.3628
-0.01663	0.6001	-0.3605
-0.01569	0.6029	-0.3552
-0.01501	0.6041	-0.3565
-0.01862	0.6031	-0.3709
-0.01957	0.6037	-0.3731
-0.01829	0.6052	-0.3587
-0.01854	0.6051	-0.3565
-0.01637	0.604	-0.3619
-0.01741	0.6047	-0.3607
-0.01928	0.6093	-0.3501
-0.01952	0.6123	-0.3192
-0.02172	0.6059	-0.3231
-0.02383	0.5949	-0.3991
-0.02174	0.5934	-0.4196
-0.007789	0.6036	-0.3486
7.4e-05	0.6068	-0.3352
-0.0108	0.5992	-0.3674
-0.01861	0.5994	-0.3589
-0.02554	0.6041	-0.3624
-0.02995	0.6033	-0.3719
-0.01957	0.6038	-0.3596
-0.0154	0.6033	-0.3598
-0.01794	0.6024	-0.3582
-0.01492	0.6022	-0.363
-0.01648	0.5983	-0.3741
-0.01984	0.5995	-0.364
-0.02116	0.6033	-0.3597
-0.02094	0.6044	-0.355
-0.01516	0.6062	-0.3475
-0.01325	0.6009	-0.3548
-0.01769	0.599	-0.3573
-0.01857	0.6082	-0.3609
-0.01778	0.6098	-0.3596
-0.01774	0.6063	-0.3505
-0.01529	0.6064	-0.3518
-0.01429	0.6033	-0.356
-0.01655	0.6007	-0.3748
-0.0175	0.6014	-0.3886
-0.01915	0.6018	-0.3721
-0.02202	0.6028	-0.3585
-0.02144	0.6027	-0.3521
-0.02058	0.6013	-0.3429
-0.02169	0.6	-0.3378
-0.02091	0.5976	-0.3488
-0.01666	0.5983	-0.377
-0.01153	0.6032	-0.3843
-0.009776	0.6049	-0.3741
-0.0107	0.6021	-0.3749
-0.01436	0.6018	-0.3668
-0.02103	0.6041	-0.3541
-0.02457	0.6042	-0.352
-0.02446	0.6059	-0.3482
-0.02212	0.6083	-0.3476
-0.01834	0.607	-0.349
-0.01668	0.6048	-0.3512
-0.01312	0.6007	-0.3665
-0.01126	0.5982	-0.374
-0.01589	0.6019	-0.3636
-0.01713	0.6049	-0.3601
-0.01791	0.6046	-0.3617
-0.02176	0.6033	-0.3614
-0.0207	0.6027	-0.3634
-0.01902	0.6029	-0.3609
-0.0187	0.6015	-0.3568
-0.01723	0.5998	-0.3586
-0.01753	0.5988	-0.3632
-0.01729	0.5994	-0.366
-0.01636	0.602	-0.3643
-0.01635	0.6031	-0.3627
-0.01688	0.6047	-0.3601
-0.01903	0.6064	-0.3567
-0.01975	0.6055	-0.3583
-0.01942	0.605	-0.3542
-0.01991	0.6042	-0.3503
-0.01742	0.6028	-0.3593
-0.01447	0.6023	-0.3663
-0.01477	0.6018	-0.3673
-0.01651	0.6025	-0.3659
-0.01888	0.6019	-0.3643
-0.01933	0.6005	-0.3657
-0.01756	0.6038	-0.3603
-0.01729	0.6063	-0.3532
-0.01774	0.6058	-0.3516
-0.0174	0.6045	-0.3541
-0.0173	0.6011	-0.3622
-0.01761	0.6001	-0.3648
-0.01817	0.6005	-0.3612
-0.01791	0.5992	-0.3616
-0.01728	0.6014	-0.3627
-0.01896	0.6033	-0.3616
-0.02125	0.6028	-0.361
-0.02085	0.6037	-0.3615
-0.01866	0.6037	-0.3615
-0.01585	0.6036	-0.3614
-0.01422	0.6036	-0.361
-0.01517	0.6038	-0.3598
-0.01725	0.6046	-0.3594
-0.01853	0.6023	-0.358
-0.01717	0.6016	-0.3579
-0.01655	0.6052	-0.3606
-0.0181	0.6051	-0.3601
-0.01745	0.6025	-0.3612
-0.01703	0.6012	-0.3659
-0.01801	0.6006	-0.3653
-0.0188	0.6017	-0.3615
-0.01994	0.6036	-0.3571
-0.01966	0.6055	-0.3526
-0.02007	0.6071	-0.3535
-0.01982	0.6059	-0.3563
-0.01752	0.6025	-0.3607
-0.01663	0.6	-0.3676
-0.01414	0.5998	-0.3646
-0.01378	0.6003	-0.3612
-0.01722	0.6005	-0.3654
-0.01744	0.6011	-0.3657
-0.01769	0.6025	-0.3649
-0.01972	0.6013	-0.3575
-0.0195	0.603	-0.3548
-0.01959	0.6034	-0.3532
-0.01653	0.6015	-0.3655
-0.01436	0.6006	-0.3707
-0.01822	0.6053	-0.359
-0.01851	0.6086	-0.3549
-0.01836	0.6082	-0.3565
-0.02142	0.6064	-0.3568
-0.01976	0.6051	-0.3599
-0.01772	0.6044	-0.3584
-0.01726	0.6021	-0.3555
-0.01584	0.5996	-0.3585
-0.01634	0.598	-0.364
-0.0164	0.5982	-0.3675
-0.01581	0.6005	-0.3662
-0.01615	0.6015	-0.3648
-0.01699	0.6031	-0.3621
-0.01939	0.6051	-0.3586
-0.02029	0.6045	-0.3598
-0.02006	0.6043	-0.3552
-0.02057	0.6039	-0.3509
-0.01804	0.6028	-0.3595
-0.01499	0.6026	-0.3661
-0.01517	0.6023	-0.3669
-0.01677	0.6031	-0.3652
-0.019	0.6026	-0.3636
-0.01932	0.6011	-0.3649
-0.01744	0.6043	-0.3596
-0.0171	0.6068	-0.3526
-0.0175	0.6061	-0.3511
-0.01714	0.6047	-0.3538
-0.01704	0.6012	-0.362
-0.01739	0.6001	-0.3648
-0.01798	0.6003	-0.3614
-0.01778	0.599	-0.3618
-0.0172	0.6012	-0.363
-0.01894	0.6031	-0.3619
-0.02127	0.6026	-0.3613
-0.02091	0.6035	-0.3617
-0.01874	0.6036	-0.3617
-0.01594	0.6035	-0.3615
-0.01431	0.6036	-0.3611
-0.01525	0.6038	-0.3599
-0.01733	0.6046	-0.3594
-0.01859	0.6023	-0.3579
-0.0172	0.6017	-0.3579
-0.01656	0.6053	-0.3605
-0.0181	0.6052	-0.3599
-0.01744	0.6026	-0.3611
-0.017	0.6013	-0.3658
-0.01798	0.6006	-0.3652
-0.01876	0.6017	-0.3614
-0.0199	0.6036	-0.3571
-0.01963	0.6055	-0.3526
-0.02005	0.6071	-0.3536
-0.0198	0.6059	-0.3563
-0.01751	0.6025	-0.3607
-0.01663	0.6	-0.3676
-0.01414	0.5998	-0.3647
-0.01379	0.6003	-0.3612
-0.01723	0.6005	-0.3654
-0.01745	0.601	-0.3658
-0.0177	0.6025	-0.3649
-0.01807	0.6035	-0.3599
-0.01785	0.6017	-0.3536
-0.02055	0.5998	-0.3562
-0.02087	0.602	-0.3573
-0.01821	0.6057	-0.3612
-0.01748	0.6074	-0.3678
-0.01761	0.607	-0.3634
-0.01697	0.6066	-0.3564
-0.01685	0.6047	-0.354
-0.01739	0.5996	-0.3592
-0.01767	0.5993	-0.364
-0.0186	0.6039	-0.361
-0.01776	0.6041	-0.361
-0.01449	0.6016	-0.3565
-0.01411	0.6011	-0.3532
-0.0173	0.6023	-0.3614
-0.0201	0.6031	-0.3625
-0.0203	0.6033	-0.3617
-0.01987	0.6042	-0.3641
-0.01975	0.6037	-0.3634
-0.01832	0.6021	-0.3644
-0.018	0.6014	-0.3642
-0.01931	0.6018	-0.3649
-0.01879	0.6022	-0.3642
-0.01599	0.6019	-0.3564
-0.01466	0.6021	-0.3529
-0.01586	0.6023	-0.356
-0.01574	0.6041	-0.3605
-0.01561	0.6057	-0.3628
-0.0168	0.6044	-0.3595
-0.01782	0.6038	-0.3579
-0.02033	0.6032	-0.359
-0.02059	0.6026	-0.3587
-0.0176	0.6032	-0.3607
-0.01768	0.6024	-0.3618
-0.02023	0.6015	-0.3592
-0.02021	0.602	-0.3591
-0.01665	0.6048	-0.3604
-0.01516	0.6056	-0.3621
-0.01688	0.6003	-0.3657
-0.0163	0.5987	-0.3697
-0.01567	0.6016	-0.3692
-0.01802	0.6015	-0.3612
-0.02169	0.6025	-0.3569
-0.02356	0.6038	-0.3574
-0.02065	0.6043	-0.3534
-0.01591	0.6069	-0.3533
-0.01247	0.6059	-0.3581
-0.0126	0.6015	-0.3604
-0.01677	0.6013	-0.3626
-0.01863	0.602	-0.3625
-0.01757	0.6012	-0.3599
-0.01817	0.6011	-0.3595
-0.01863	0.6028	-0.3613
-0.01746	0.6048	-0.3633
-0.01775	0.6051	-0.362
-0.01961	0.6053	-0.3576
-0.02047	0.6045	-0.3552
-0.01962	0.6012	-0.3592
-0.01732	0.5998	-0.3652
-0.01598	0.6019	-0.3669
-0.01742	0.6026	-0.3658
-0.0186	0.6025	-0.3635
-0.01769	0.6041	-0.3604
-0.01751	0.588	-0.3654
-0.01555	0.6027	-0.3525
-0.01774	0.6082	-0.3524
-0.01835	0.6118	-0.3532
-0.01639	0.6136	-0.3581
-0.01653	0.6118	-0.3664
-0.01751	0.6075	-0.3636
-0.01758	0.6037	-0.358
-0.01795	0.5994	-0.3566
-0.01877	0.593	-0.3623
-0.01912	0.5925	-0.3671
-0.01994	0.5978	-0.3638
-0.01886	0.5993	-0.3631
-0.01527	0.5985	-0.3578
-0.01453	0.5997	-0.3537
-0.01738	0.6026	-0.3611
-0.01989	0.6049	-0.3616
-0.01986	0.6061	-0.3603
-0.01928	0.6076	-0.3625
-0.01909	0.6074	-0.3617
-0.01766	0.6056	-0.3628
-0.0174	0.6044	-0.3629
-0.01882	0.6042	-0.3638
-0.01843	0.6038	-0.3635
-0.01578	0.6027	-0.3561
-0.01459	0.6022	-0.3529
-0.01591	0.6018	-0.3563
-0.01589	0.603	-0.361
-0.01583	0.6043	-0.3634
-0.01706	0.6029	-0.3602
-0.01808	0.6023	-0.3585
-0.02058	0.6019	-0.3596
-0.02081	0.6015	-0.3591
-0.01777	0.6024	-0.3611
-0.0178	0.6019	-0.362
-0.02029	0.6012	-0.3593
-0.02022	0.602	-0.359
-0.01662	0.6051	-0.3603
-0.0151	0.606	-0.3619
-0.01679	0.6009	-0.3654
-0.01621	0.5993	-0.3694
-0.01557	0.6021	-0.369
-0.01794	0.602	-0.361
-0.02162	0.6028	-0.3567
-0.02351	0.6041	-0.3573
-0.02062	0.6044	-0.3533
-0.0159	0.607	-0.3533
-0.01248	0.6058	-0.3581
-0.01262	0.6014	-0.3604
-0.0168	0.6011	-0.3627
-0.01867	0.6018	-0.3626
-0.0176	0.601	-0.36
-0.0182	0.6009	-0.3595
-0.01865	0.6026	-0.3614
-0.01748	0.6047	-0.3633
-0.01776	0.605	-0.3621
-0.01962	0.6052	-0.3576
-0.02047	0.6045	-0.3552
-0.01962	0.6012	-0.3592
-0.01731	0.5999	-0.3652
-0.01597	0.602	-0.3669
-0.01741	0.6027	-0.3658
-0.01859	0.6026	-0.3635
-0.01768	0.6042	-0.3603
-0.01662	0.6038	-0.3566
-0.01656	0.6025	-0.3549
-0.01664	0.6035	-0.3579
-0.01707	0.6028	-0.3597
-0.01824	0.6017	-0.3581
-0.01816	0.6033	-0.3593
-0.01753	0.6047	-0.3634
-0.01821	0.6045	-0.3658
-0.01822	0.6024	-0.3636
-0.0179	0.6008	-0.36
-0.01834	0.6019	-0.3596
-0.01803	0.6019	-0.3608
-0.01795	0.6018	-0.3586
-0.0182	0.6035	-0.3542
-0.01813	0.6032	-0.3551
-0.01833	0.6029	-0.3606
-0.01775	0.6035	-0.3624
-0.01698	0.6033	-0.362
-0.01603	0.6029	-0.3647
-0.01522	0.6021	-0.366
-0.01743	0.603	-0.3639
-0.01926	0.6053	-0.3637
-0.01842	0.6052	-0.3644
-0.01856	0.6019	-0.3616
-0.01887	0.5991	-0.3541
-0.01857	0.6004	-0.3486
-0.01929	0.6026	-0.3507
-0.01941	0.6041	-0.3565
-0.01813	0.6057	-0.3657
-0.01755	0.6058	-0.371
-0.01726	0.6047	-0.3665
-0.01501	0.6021	-0.3627
-0.0138	0.6011	-0.3591
-0.01513	0.6017	-0.3561
-0.01598	0.6006	-0.3582
-0.01814	0.6021	-0.3615
-0.01963	0.6043	-0.3654
-0.01794	0.6043	-0.364
-0.0183	0.602	-0.3614
-0.01943	0.5992	-0.3632
-0.0201	0.6022	-0.3604
-0.02106	0.6063	-0.3532
-0.01945	0.6063	-0.3496
-0.01906	0.6036	-0.3553
-0.01867	0.6009	-0.3629
-0.01581	0.6022	-0.3644
-0.01568	0.6037	-0.3653
-0.01624	0.6033	-0.3641
-0.01609	0.6028	-0.3604
-0.01736	0.6028	-0.3576
-0.01883	0.6039	-0.3582
-0.01848	0.6025	-0.3615
-0.01564	0.6019	-0.361
-0.01435	0.6023	-0.3613
-0.0144	0.6008	-0.3632
-0.01544	0.6017	-0.3631
-0.02039	0.6022	-0.3626
-0.02378	0.6028	-0.3608
-0.02181	0.6047	-0.3608
-0.01806	0.6036	-0.3601
-0.01696	0.6037	-0.3555
-0.01836	0.6051	-0.3583
-0.01938	0.6044	-0.3661
-0.01937	0.6027	-0.3629
-0.01437	0.6087	-0.3513
-0.01529	0.6008	-0.3544
-0.01602	0.5989	-0.36
-0.01685	0.5976	-0.363
-0.01824	0.5975	-0.3616
-0.01825	0.6008	-0.3623
-0.01764	0.604	-0.3656
-0.01829	0.6054	-0.367
-0.01825	0.6045	-0.3639
-0.01789	0.6036	-0.3596
-0.01829	0.6051	-0.3586
-0.01797	0.6049	-0.3594
-0.01787	0.6043	-0.3572
-0.01813	0.6053	-0.3528
-0.01808	0.6042	-0.3539
-0.0183	0.6031	-0.3597
-0.01774	0.603	-0.3618
-0.017	0.6023	-0.3617
-0.01606	0.6015	-0.3648
-0.01527	0.6005	-0.3663
-0.01748	0.6014	-0.3644
-0.01932	0.6039	-0.3642
-0.01847	0.604	-0.365
-0.01861	0.601	-0.3622
-0.01891	0.5985	-0.3546
-0.01859	0.6002	-0.349
-0.0193	0.6027	-0.351
-0.0194	0.6045	-0.3566
-0.01812	0.6062	-0.3657
-0.01753	0.6064	-0.3709
-0.01724	0.6054	-0.3663
-0.01499	0.6027	-0.3625
-0.01377	0.6016	-0.3588
-0.0151	0.6021	-0.3558
-0.01596	0.6008	-0.358
-0.01813	0.6023	-0.3613
-0.01962	0.6043	-0.3653
-0.01793	0.6042	-0.3639
-0.01831	0.6019	-0.3614
-0.01943	0.599	-0.3632
-0.02011	0.602	-0.3604
-0.02106	0.6061	-0.3533
-0.01945	0.606	-0.3497
-0.01907	0.6035	-0.3554
-0.01867	0.6008	-0.363
-0.01582	0.6021	-0.3645
-0.01569	0.6036	-0.3654
-0.01624	0.6033	-0.3642
-0.01609	0.6028	-0.3604
-0.01736	0.6029	-0.3576
-0.01883	0.604	-0.3582
-0.01848	0.6026	-0.3615
-0.01564	0.602	-0.361
-0.01435	0.6024	-0.3613
-0.0144	0.6009	-0.3632
-0.01543	0.6018	-0.3631
-0.02039	0.6022	-0.3626
-0.02378	0.6028	-0.3607
-0.02181	0.6047	-0.3608
-0.01806	0.6036	-0.3601
-0.01696	0.6037	-0.3555
-0.01836	0.6051	-0.3583
-0.01938	0.6044	-0.3661
-0.01938	0.6026	-0.3629
-0.01521	0.6013	-0.3562
-0.01246	0.6018	-0.356
-0.0163	0.6004	-0.3559
-0.01802	0.5987	-0.3596
-0.01836	0.6018	-0.3643
-0.01959	0.6073	-0.3625
-0.01868	0.6089	-0.3608
-0.01877	0.6043	-0.3598
-0.01879	0.6016	-0.3619
-0.01736	0.6028	-0.3623
-0.01659	0.6018	-0.3583
-0.01715	0.6003	-0.3593
-0.01762	0.5998	-0.3606
-0.01654	0.6034	-0.3627
-0.01689	0.6077	-0.3659
-0.01766	0.6044	-0.3637
-0.01745	0.6023	-0.3611
-0.01814	0.6035	-0.3594
-0.01786	0.6011	-0.3582
-0.01793	0.6003	-0.3595
-0.01892	0.6009	-0.3612
-0.01843	0.6013	-0.3588
-0.01787	0.6044	-0.3547
-0.01859	0.6053	-0.3539
-0.02028	0.6039	-0.3553
-0.02042	0.6042	-0.3637
-0.01801	0.6034	-0.3704
-0.01559	0.6023	-0.3652
-0.01488	0.6027	-0.3619
-0.01519	0.603	-0.3589
-0.01515	0.6028	-0.3569
-0.01631	0.6021	-0.3644
-0.01851	0.6013	-0.3655
-0.01929	0.6012	-0.3607
-0.01865	0.6016	-0.3608
-0.01796	0.6016	-0.3588
-0.01809	0.6025	-0.3556
-0.01793	0.6065	-0.3564
-0.01941	0.608	-0.3602
-0.02146	0.6045	-0.3612
-0.02004	0.6021	-0.357
-0.0184	0.6011	-0.3569
-0.0158	0.6002	-0.3624
-0.01355	0.6005	-0.3645
-0.01546	0.6019	-0.3638
-0.01715	0.6037	-0.3632
-0.01826	0.6044	-0.3611
-0.01679	0.6065	-0.3604
-0.01558	0.6071	-0.3608
-0.01933	0.6023	-0.3599
-0.01971	0.6001	-0.3601
-0.01896	0.6002	-0.3602
-0.01974	0.6003	-0.359
-0.01771	0.6033	-0.36
-0.01643	0.604	-0.3623
-0.01603	0.6036	-0.3629
-0.01852	0.6048	-0.3596
-0.022	0.603	-0.3568
-0.01989	0.6018	-0.3587
-0.01575	0.6007	-0.3616
-0.01289	0.5991	-0.3629
-0.01487	0.602	-0.3599
-0.01864	0.6039	-0.3586
-0.01803	0.6034	-0.3625
-0.02004	0.624	-0.3599
-0.01616	0.6051	-0.361
-0.01883	0.5939	-0.3603
-0.01947	0.5888	-0.3626
-0.01889	0.5925	-0.3654
-0.01941	0.6007	-0.362
-0.018	0.6057	-0.3589
-0.01781	0.6045	-0.3571
-0.01773	0.6045	-0.3588
-0.01634	0.6074	-0.3592
-0.01573	0.6072	-0.3557
-0.0165	0.6057	-0.3574
-0.01722	0.6045	-0.3594
-0.01639	0.6069	-0.3623
-0.01695	0.6098	-0.3662
-0.0179	0.6051	-0.3645
-0.0178	0.6016	-0.3624
-0.01856	0.6018	-0.361
-0.01829	0.5987	-0.3598
-0.01833	0.5975	-0.361
-0.01926	0.598	-0.3624
-0.01868	0.5986	-0.3598
-0.01803	0.6022	-0.3553
-0.01865	0.6036	-0.3541
-0.02026	0.6029	-0.3553
-0.02033	0.6038	-0.3634
-0.01788	0.6036	-0.3699
-0.01543	0.6029	-0.3646
-0.0147	0.6037	-0.3613
-0.01502	0.6041	-0.3583
-0.01501	0.604	-0.3564
-0.0162	0.6033	-0.3639
-0.01843	0.6023	-0.3652
-0.01925	0.602	-0.3605
-0.01864	0.6022	-0.3608
-0.01798	0.6019	-0.3589
-0.01813	0.6026	-0.3557
-0.01799	0.6063	-0.3566
-0.01947	0.6078	-0.3604
-0.02152	0.6041	-0.3615
-0.0201	0.6016	-0.3572
-0.01844	0.6006	-0.3571
-0.01583	0.5998	-0.3626
-0.01357	0.6002	-0.3646
-0.01547	0.6017	-0.3639
-0.01715	0.6036	-0.3632
-0.01824	0.6043	-0.3611
-0.01677	0.6065	-0.3603
-0.01556	0.6072	-0.3608
-0.01931	0.6024	-0.3598
-0.01969	0.6002	-0.36
-0.01894	0.6003	-0.3601
-0.01973	0.6004	-0.3589
-0.0177	0.6034	-0.36
-0.01642	0.6041	-0.3622
-0.01602	0.6037	-0.3629
-0.01852	0.6048	-0.3597
-0.02201	0.6031	-0.3569
-0.0199	0.6018	-0.3587
-0.01576	0.6006	-0.3617
-0.0129	0.599	-0.3629
-0.01487	0.6019	-0.3599
-0.01864	0.6039	-0.3586
-0.01803	0.6034	-0.3625
-0.01894	0.6051	-0.3627
-0.02004	0.6055	-0.3622
-0.01863	0.6051	-0.3627
-0.0192	0.6047	-0.3603
-0.01798	0.6008	-0.3594
-0.01489	0.5988	-0.3576
-0.01539	0.6024	-0.3551
-0.01798	0.6052	-0.3571
-0.01926	0.6052	-0.3586
-0.01865	0.6049	-0.3591
-0.01766	0.6035	-0.3629
-0.01748	0.6013	-0.3667
-0.01829	0.6008	-0.3671
-0.01855	0.6027	-0.3641
-0.01692	0.6033	-0.3582
-0.01668	0.6008	-0.3561
-0.01836	0.6006	-0.3625
-0.01824	0.603	-0.365
-0.01733	0.6029	-0.3604
-0.01732	0.6025	-0.3618
-0.01746	0.6033	-0.3613
-0.01755	0.6031	-0.3541
-0.01771	0.6018	-0.3544
-0.01831	0.6021	-0.3573
-0.01833	0.6067	-0.3577
-0.01746	0.6077	-0.36
-0.01695	0.6024	-0.3598
-0.01736	0.6014	-0.3603
-0.01865	0.6029	-0.363
-0.01932	0.601	-0.3637
-0.01832	0.6009	-0.3652
-0.01696	0.6016	-0.3667
-0.01604	0.6005	-0.3653
-0.01563	0.6031	-0.3633
-0.01742	0.6066	-0.362
-0.021	0.6068	-0.3575
-0.02198	0.606	-0.3537
-0.02035	0.6038	-0.3553
-0.01989	0.6025	-0.3551
-0.01751	0.6024	-0.3581
-0.008965	0.5998	-0.3668
-0.006368	0.5992	-0.3667
-0.01722	0.6021	-0.3591
-0.02176	0.6024	-0.3548
-0.01846	0.6013	-0.3572
-0.02142	0.6034	-0.361
-0.02098	0.6045	-0.3621
-0.0198	0.6005	-0.363
-0.0223	0.5991	-0.3647
-0.01914	0.6035	-0.368
-0.01841	0.6047	-0.3668
-0.0179	0.6032	-0.3595
-0.01467	0.6049	-0.355
-0.01639	0.6077	-0.3528
-0.01598	0.6084	-0.3528
-0.01591	0.6049	-0.3558
-0.01695	0.6022	-0.3586
-0.01434	0.6027	-0.3604
-0.01425	0.601	-0.3621
-0.01527	0.6003	-0.3631
-0.01911	0.6005	-0.364
-0.02252	0.6007	-0.3683
-0.01978	0.6016	-0.3693
-0.02064	0.6014	-0.3617
-0.02242	0.6021	-0.3506
-0.02038	0.6042	-0.3579
-0.01717	0.6047	-0.3631
-0.01692	0.6049	-0.3629
-0.01557	0.6012	-0.3626
-0.01278	0.5992	-0.3604
-0.01382	0.6029	-0.3569
-0.01704	0.6057	-0.3578
-0.01893	0.6057	-0.3582
-0.01883	0.6053	-0.3578
-0.01823	0.6038	-0.3611
-0.0183	0.6016	-0.3646
-0.0192	0.6011	-0.365
-0.01945	0.6029	-0.3623
-0.0177	0.6035	-0.3568
-0.01729	0.6009	-0.3552
-0.01876	0.6007	-0.3622
-0.01842	0.603	-0.3651
-0.01731	0.6029	-0.361
-0.01714	0.6025	-0.3626
-0.01716	0.6032	-0.3622
-0.01718	0.603	-0.3551
-0.01731	0.6017	-0.3554
-0.01792	0.602	-0.3581
-0.018	0.6066	-0.3584
-0.0172	0.6076	-0.3605
-0.01677	0.6024	-0.36
-0.01726	0.6013	-0.3603
-0.01863	0.6029	-0.3628
-0.01937	0.6009	-0.3634
-0.01843	0.6009	-0.3648
-0.0171	0.6016	-0.3663
-0.0162	0.6006	-0.3649
-0.01579	0.6032	-0.3629
-0.01756	0.6066	-0.3616
-0.02112	0.6068	-0.3573
-0.02206	0.606	-0.3536
-0.02041	0.6039	-0.3553
-0.01991	0.6026	-0.3552
-0.0175	0.6024	-0.3582
-0.008936	0.5998	-0.3669
-0.006323	0.5992	-0.3669
-0.01717	0.6021	-0.3592
-0.02171	0.6024	-0.355
-0.0184	0.6013	-0.3573
-0.02137	0.6034	-0.3611
-0.02095	0.6045	-0.3622
-0.01978	0.6005	-0.363
-0.02228	0.5991	-0.3647
-0.01914	0.6035	-0.368
-0.01842	0.6047	-0.3667
-0.01791	0.6032	-0.3594
-0.01469	0.6049	-0.355
-0.01641	0.6077	-0.3528
-0.016	0.6084	-0.3527
-0.01593	0.6049	-0.3558
-0.01696	0.6022	-0.3585
-0.01435	0.6027	-0.3604
-0.01426	0.601	-0.3621
-0.01527	0.6003	-0.3631
-0.01911	0.6005	-0.364
-0.02252	0.6007	-0.3684
-0.01977	0.6016	-0.3693
-0.02064	0.6014	-0.3617
-0.02227	0.6064	-0.3578
-0.02001	0.609	-0.3602
-0.01777	0.5997	-0.3594
-0.01477	0.5929	-0.3543
-0.01359	0.5951	-0.3493
-0.01444	0.6042	-0.3502
-0.01923	0.6105	-0.3638
-0.02251	0.6073	-0.3819
-0.016	0.6073	-0.3778
-0.01495	0.6073	-0.3514
-0.01961	0.6024	-0.3429
-0.01748	0.6015	-0.3608
-0.01595	0.6009	-0.365
-0.01544	0.6027	-0.3581
-0.01586	0.605	-0.3657
-0.01956	0.6	-0.3688
-0.01996	0.5987	-0.3649
-0.01859	0.6006	-0.3591
-0.01806	0.6015	-0.3496
-0.01761	0.6043	-0.3538
-0.0177	0.6039	-0.3579
-0.01843	0.6045	-0.3573
-0.0192	0.6059	-0.3625
-0.01894	0.6028	-0.3602
-0.02107	0.6018	-0.3615
-0.02025	0.6023	-0.3645
-0.01429	0.6026	-0.3617
-0.0138	0.6034	-0.3628
-0.01543	0.6014	-0.3602
-0.01627	0.5998	-0.3605
-0.01839	0.6008	-0.3624
-0.01795	0.6038	-0.3601
-0.0186	0.6062	-0.3617
-0.01923	0.6056	-0.3608
-0.01736	0.6064	-0.3608
-0.01716	0.6065	-0.3623
-0.01692	0.6027	-0.3621
-0.01751	0.6012	-0.3623
-0.01944	0.6019	-0.357
-0.01914	0.6021	-0.3553
-0.01814	0.602	-0.3595
-0.01775	0.5994	-0.3598
-0.01762	0.5971	-0.3607
-0.01746	0.5986	-0.3625
-0.01736	0.6038	-0.363
-0.01801	0.6091	-0.3612
-0.01822	0.6083	-0.3572
-0.0175	0.6046	-0.3565
-0.01647	0.6024	-0.3596
-0.01581	0.6003	-0.3638
-0.01555	0.6008	-0.3637
-0.01661	0.6037	-0.3559
-0.02044	0.6055	-0.354
-0.0225	0.6037	-0.3652
-0.0203	0.6017	-0.3713
-0.01778	0.6033	-0.3675
-0.01589	0.6023	-0.3658
-0.01431	0.5992	-0.3626
-0.01478	0.5988	-0.3571
-0.01913	0.6002	-0.3545
-0.02173	0.6033	-0.3516
-0.01812	0.6066	-0.35
-0.01738	0.6074	-0.3524
-0.0192	0.605	-0.3593
-0.0174	0.609	-0.3761
-0.0175	0.6089	-0.3692
-0.01699	0.5984	-0.3629
-0.01518	0.591	-0.3548
-0.01473	0.5933	-0.3486
-0.01594	0.6027	-0.3493
-0.0208	0.6093	-0.3633
-0.02394	0.6065	-0.3819
-0.01716	0.6069	-0.3783
-0.01577	0.6072	-0.3524
-0.02007	0.6024	-0.3442
-0.01761	0.6017	-0.3621
-0.0158	0.6012	-0.3661
-0.01508	0.6029	-0.3589
-0.01537	0.6051	-0.3661
-0.01901	0.6002	-0.3689
-0.01941	0.5987	-0.3646
-0.01811	0.6006	-0.3585
-0.01766	0.6015	-0.3488
-0.01733	0.6042	-0.3529
-0.01754	0.6038	-0.357
-0.01839	0.6044	-0.3565
-0.01926	0.6058	-0.3618
-0.01908	0.6027	-0.3597
-0.02126	0.6018	-0.3612
-0.02046	0.6023	-0.3644
-0.0145	0.6026	-0.3618
-0.014	0.6034	-0.363
-0.01559	0.6015	-0.3605
-0.01639	0.5999	-0.3609
-0.01846	0.6008	-0.3628
-0.01798	0.6038	-0.3604
-0.01859	0.6062	-0.362
-0.01919	0.6056	-0.3611
-0.0173	0.6064	-0.361
-0.01709	0.6065	-0.3624
-0.01684	0.6027	-0.3621
-0.01743	0.6012	-0.3623
-0.01937	0.6019	-0.3569
-0.01909	0.6021	-0.3552
-0.0181	0.602	-0.3593
-0.01773	0.5994	-0.3597
-0.01762	0.5971	-0.3606
-0.01747	0.5986	-0.3624
-0.01738	0.6038	-0.3629
-0.01804	0.6091	-0.3611
-0.01825	0.6083	-0.3572
-0.01753	0.6046	-0.3565
-0.01649	0.6024	-0.3596
-0.01583	0.6003	-0.3639
-0.01557	0.6008	-0.3637
-0.01662	0.6037	-0.356
-0.02045	0.6055	-0.354
-0.0225	0.6037	-0.3652
-0.0203	0.6017	-0.3714
-0.01777	0.6033	-0.3675
-0.01588	0.6023	-0.3658
-0.0143	0.5992	-0.3626
-0.01477	0.5988	-0.3571
-0.01912	0.6002	-0.3545
-0.02172	0.6033	-0.3516
-0.01812	0.6066	-0.35
-0.01738	0.6074	-0.3524
-0.0192	0.605	-0.3593
-0.01778	0.6026	-0.3662
-0.01722	0.603	-0.3674
-0.0165	0.6038	-0.3676
-0.01732	0.6039	-0.365
-0.01942	0.6021	-0.3629
-0.01678	0.6022	-0.3643
-0.01391	0.6046	-0.357
-0.01355	0.6036	-0.3525
-0.01594	0.6022	-0.3576
-0.01915	0.6026	-0.3592
-0.0191	0.6019	-0.3605
-0.02036	0.6006	-0.3622
-0.02168	0.5997	-0.3649
-0.02056	0.6007	-0.3672
-0.01997	0.602	-0.3604
-0.01882	0.604	-0.3577
-0.0177	0.605	-0.3599
-0.01665	0.6016	-0.3579
-0.0159	0.6015	-0.3595
-0.01701	0.6036	-0.36
-0.01836	0.6021	-0.3591
-0.01786	0.6032	-0.3605
-0.01434	0.6061	-0.3585
-0.01314	0.6055	-0.359
-0.01673	0.6046	-0.364
-0.01811	0.6049	-0.3682
-0.01787	0.6038	-0.3664
-0.01877	0.6046	-0.3556
-0.01838	0.6053	-0.351
-0.01866	0.6	-0.3579
-0.01913	0.5986	-0.3598
-0.01815	0.6022	-0.3592
-0.01839	0.6017	-0.3634
-0.01863	0.6011	-0.3638
-0.01844	0.6004	-0.3632
-0.01889	0.6002	-0.3646
-0.01827	0.6035	-0.3612
-0.01792	0.6044	-0.3575
-0.01921	0.6034	-0.3587
-0.02003	0.6039	-0.3631
-0.01759	0.604	-0.3638
-0.01388	0.6036	-0.3591
-0.01352	0.6028	-0.3582
-0.01459	0.6032	-0.3598
-0.0152	0.6054	-0.3598
-0.01694	0.6058	-0.361
-0.01876	0.6021	-0.3604
-0.02009	0.6007	-0.3551
-0.02105	0.6027	-0.3515
-0.02061	0.6021	-0.356
-0.02033	0.6022	-0.3609
-0.01999	0.6042	-0.3643
-0.01703	0.6035	-0.3684
-0.01501	0.6014	-0.3687
-0.01575	0.5999	-0.3692
-0.01694	0.6014	-0.3659
-0.01896	0.6048	-0.3578
-0.0188	0.6053	-0.3552
-0.01641	0.6022	-0.3566
-0.01633	0.6008	-0.359
-0.0168	0.6032	-0.3591
-0.01543	0.6035	-0.3587
-0.01512	0.6032	-0.359
-0.01843	0.6047	-0.3566
-0.02067	0.6011	-0.3609
-0.02042	0.6022	-0.3629
-0.01946	0.6038	-0.3638
-0.01969	0.6044	-0.362
-0.02103	0.603	-0.3608
-0.01759	0.6032	-0.363
-0.01399	0.6057	-0.3565
-0.01303	0.6045	-0.3526
-0.01499	0.603	-0.3583
-0.01795	0.6031	-0.3602
-0.01782	0.6022	-0.3618
-0.01915	0.6006	-0.3635
-0.02065	0.5995	-0.3662
-0.01977	0.6004	-0.3683
-0.01947	0.6016	-0.3613
-0.0186	0.6036	-0.3583
-0.01774	0.6045	-0.3603
-0.0169	0.6012	-0.358
-0.0163	0.6012	-0.3593
-0.0175	0.6033	-0.3597
-0.01888	0.602	-0.3587
-0.01836	0.6032	-0.36
-0.01478	0.6062	-0.358
-0.01349	0.6056	-0.3585
-0.01697	0.6047	-0.3636
-0.01824	0.6051	-0.3679
-0.01789	0.604	-0.3663
-0.0187	0.6048	-0.3555
-0.01825	0.6054	-0.351
-0.01848	0.6001	-0.358
-0.01893	0.5986	-0.36
-0.01795	0.6023	-0.3594
-0.01821	0.6017	-0.3636
-0.01848	0.601	-0.364
-0.01833	0.6004	-0.3634
-0.01883	0.6002	-0.3647
-0.01825	0.6035	-0.3613
-0.01793	0.6043	-0.3575
-0.01925	0.6034	-0.3587
-0.02009	0.6038	-0.3631
-0.01766	0.6039	-0.3638
-0.01395	0.6035	-0.359
-0.01359	0.6028	-0.3582
-0.01465	0.6032	-0.3598
-0.01524	0.6054	-0.3598
-0.01698	0.6058	-0.361
-0.01878	0.6022	-0.3604
-0.02009	0.6007	-0.3551
-0.02104	0.6027	-0.3515
-0.02059	0.6021	-0.356
-0.0203	0.6022	-0.3609
-0.01996	0.6042	-0.3643
-0.01701	0.6035	-0.3684
-0.01499	0.6014	-0.3687
-0.01573	0.5999	-0.3692
-0.01692	0.6014	-0.3659
-0.01895	0.6048	-0.3578
-0.0188	0.6053	-0.3552
-0.01641	0.6022	-0.3566
-0.01633	0.6008	-0.359
-0.01681	0.6032	-0.3591
-0.01544	0.6035	-0.3587
-0.01513	0.6032	-0.359
-0.01844	0.6047	-0.3566
-0.02085	0.6031	-0.3596
-0.01967	0.6024	-0.3643
-0.01981	0.6026	-0.3647
-0.02043	0.6013	-0.3645
-0.01873	0.6034	-0.3602
-0.01695	0.605	-0.3555
-0.01574	0.6044	-0.3539
-0.01547	0.6048	-0.3548
-0.0166	0.6035	-0.3615
-0.0177	0.6024	-0.3658
-0.01788	0.6021	-0.3641
-0.01784	0.6004	-0.364
-0.01845	0.5992	-0.3635
-0.01813	0.5999	-0.3611
-0.01772	0.6013	-0.3613
-0.0203	0.6036	-0.3617
-0.02104	0.6055	-0.3612
-0.0172	0.6059	-0.3602
-0.01534	0.6064	-0.3576
-0.01554	0.6035	-0.3576
-0.01531	0.5991	-0.3595
-0.01699	0.5999	-0.36
-0.0181	0.6029	-0.3594
-0.01679	0.6048	-0.3596
-0.01686	0.6046	-0.3592
-0.01872	0.6032	-0.3564
-0.0206	0.6035	-0.3567
-0.0208	0.6039	-0.3617
-0.01768	0.6041	-0.3658
-0.01465	0.6034	-0.3664
-0.01502	0.6015	-0.3653
-0.01873	0.6017	-0.3641
-0.02269	0.603	-0.3608
-0.02042	0.6035	-0.3584
-0.0165	0.6019	-0.3586
-0.01793	0.6004	-0.3593
-0.01897	0.6007	-0.3629
-0.018	0.6014	-0.3634
-0.01497	0.603	-0.3575
-0.01123	0.6031	-0.3541
-0.01362	0.6034	-0.3563
-0.01796	0.6049	-0.3617
-0.02137	0.604	-0.367
-0.02288	0.6037	-0.3668
-0.01966	0.6028	-0.3587
-0.01922	0.6021	-0.3464
-0.01879	0.6035	-0.3449
-0.01484	0.6042	-0.3604
-0.01508	0.6058	-0.3663
-0.0164	0.6049	-0.3632
-0.01592	0.6002	-0.3757
-0.01697	0.5991	-0.377
-0.01961	0.6027	-0.3604
-0.02068	0.6046	-0.3568
-0.01836	0.6024	-0.3572
-0.0177	0.601	-0.3563
-0.01818	0.601	-0.3591
-0.01673	0.6024	-0.3578
-0.01763	0.6043	-0.3593
-0.01935	0.6033	-0.3629
-0.01803	0.6042	-0.3616
-0.01689	0.6047	-0.3588
-0.01755	0.6028	-0.3568
-0.01731	0.6023	-0.3576
-0.01739	0.6044	-0.3489
-0.01697	0.6021	-0.3621
-0.01788	0.6015	-0.3674
-0.01923	0.6	-0.3694
-0.01817	0.6023	-0.3655
-0.01693	0.6043	-0.3601
-0.01611	0.6042	-0.3571
-0.01611	0.605	-0.3564
-0.01739	0.6041	-0.3616
-0.01853	0.6031	-0.3647
-0.01865	0.6029	-0.362
-0.0185	0.6012	-0.3614
-0.01894	0.5999	-0.3608
-0.01845	0.6004	-0.3586
-0.01787	0.6016	-0.3592
-0.02029	0.6038	-0.3602
-0.0209	0.6055	-0.3604
-0.01697	0.6057	-0.3599
-0.01505	0.6061	-0.3579
-0.01524	0.6031	-0.3583
-0.01501	0.5987	-0.3606
-0.01674	0.5995	-0.3611
-0.0179	0.6025	-0.3606
-0.01665	0.6045	-0.3607
-0.01679	0.6045	-0.3601
-0.01871	0.6031	-0.3571
-0.02064	0.6035	-0.3571
-0.02088	0.604	-0.3619
-0.01778	0.6042	-0.3657
-0.01476	0.6035	-0.3662
-0.01513	0.6017	-0.3649
-0.01883	0.6019	-0.3636
-0.02277	0.6031	-0.3603
-0.02048	0.6036	-0.3579
-0.01654	0.6019	-0.3582
-0.01794	0.6004	-0.359
-0.01896	0.6008	-0.3627
-0.01798	0.6014	-0.3633
-0.01493	0.603	-0.3575
-0.01119	0.6031	-0.3541
-0.01358	0.6034	-0.3564
-0.01792	0.6049	-0.3619
-0.02134	0.604	-0.3672
-0.02285	0.6036	-0.367
-0.01964	0.6028	-0.3589
-0.01921	0.6021	-0.3465
-0.01879	0.6035	-0.345
-0.01485	0.6042	-0.3605
-0.01509	0.6058	-0.3663
-0.01641	0.6049	-0.3631
-0.01593	0.6002	-0.3757
-0.01699	0.5991	-0.377
-0.01963	0.6027	-0.3604
-0.0207	0.6046	-0.3568
-0.01837	0.6024	-0.3572
-0.0177	0.601	-0.3563
-0.01818	0.601	-0.3591
-0.01673	0.6024	-0.3578
-0.01763	0.6043	-0.3593
-0.01934	0.6033	-0.3629
-0.01803	0.6042	-0.3616
-0.01689	0.6047	-0.3589
-0.01754	0.6028	-0.3568
-0.0173	0.6023	-0.3577
-0.01657	0.6006	-0.3574
-0.01716	0.6016	-0.3571
-0.01769	0.6048	-0.3616
-0.01849	0.604	-0.3617
-0.01876	0.6032	-0.3609
-0.01757	0.6042	-0.3669
-0.01851	0.605	-0.3689
-0.0199	0.604	-0.3673
-0.01838	0.6014	-0.3649
-0.01623	0.6011	-0.3569
-0.01471	0.6004	-0.3531
-0.01402	0.6002	-0.3557
-0.01552	0.6028	-0.3529
-0.01925	0.603	-0.3538
-0.02132	0.6024	-0.3639
-0.02022	0.6037	-0.3666
-0.01995	0.6038	-0.3635
-0.01932	0.6043	-0.3656
-0.01793	0.6041	-0.3649
-0.01792	0.6035	-0.3581
-0.01647	0.6041	-0.355
-0.01635	0.6033	-0.3573
-0.01785	0.6023	-0.3598
-0.01687	0.602	-0.3609
-0.01621	0.6018	-0.3607
-0.01587	0.6018	-0.3615
-0.01632	0.6018	-0.3621
-0.01674	0.6036	-0.3611
-0.01524	0.6051	-0.3628
-0.01762	0.6042	-0.3628
-0.02246	0.602	-0.361
-0.02345	0.6	-0.3643
-0.02012	0.6014	-0.3638
-0.01736	0.6032	-0.356
-0.01771	0.6026	-0.3529
-0.01651	0.603	-0.3554
-0.01596	0.6021	-0.3567
-0.01677	0.601	-0.3588
-0.01651	0.6049	-0.3617
-0.01745	0.6084	-0.3618
-0.01658	0.6076	-0.3641
-0.01687	0.605	-0.3648
-0.01941	0.6012	-0.3609
-0.01837	0.5996	-0.3602
-0.01824	0.6017	-0.359
-0.0186	0.6031	-0.3602
-0.01769	0.6035	-0.3658
-0.01826	0.6016	-0.3649
-0.01723	0.5981	-0.3595
-0.01683	0.5985	-0.3581
-0.01675	0.6005	-0.3615
-0.01589	0.6019	-0.3615
-0.0191	0.6048	-0.3585
-0.02058	0.6056	-0.3615
-0.01936	0.6057	-0.3638
-0.0209	0.6069	-0.362
-0.01963	0.6055	-0.3591
-0.01483	0.6045	-0.3554
-0.01238	0.6038	-0.3566
-0.01393	0.6025	-0.356
-0.01717	0.6026	-0.3485
-0.01866	0.6016	-0.3518
-0.01847	0.6018	-0.3703
-0.01849	0.6018	-0.3778
-0.01832	0.5989	-0.3662
-0.01872	0.5996	-0.36
-0.01897	0.6031	-0.3606
-0.01941	0.603	-0.3584
-0.0193	0.603	-0.3567
-0.01775	0.6046	-0.3625
-0.01837	0.6059	-0.3651
-0.01953	0.6053	-0.3643
-0.01784	0.6029	-0.3629
-0.01561	0.6025	-0.3559
-0.01408	0.6016	-0.3529
-0.01344	0.6011	-0.3562
-0.01504	0.6034	-0.354
-0.01889	0.6032	-0.3551
-0.0211	0.6024	-0.3653
-0.02013	0.6033	-0.368
-0.01998	0.6033	-0.3647
-0.01944	0.6037	-0.3665
-0.01812	0.6034	-0.3655
-0.01816	0.6029	-0.3584
-0.01671	0.6035	-0.3549
-0.01659	0.6028	-0.357
-0.01805	0.602	-0.3594
-0.01703	0.6019	-0.3603
-0.01632	0.6018	-0.3601
-0.01593	0.6019	-0.361
-0.01633	0.602	-0.3616
-0.01671	0.6038	-0.3607
-0.01518	0.6053	-0.3625
-0.01754	0.6044	-0.3627
-0.02237	0.6022	-0.361
-0.02337	0.6001	-0.3644
-0.02004	0.6015	-0.3639
-0.01729	0.6033	-0.3562
-0.01766	0.6026	-0.3531
-0.01648	0.603	-0.3556
-0.01594	0.6021	-0.3569
-0.01677	0.6009	-0.3589
-0.01652	0.6048	-0.3618
-0.01748	0.6083	-0.3619
-0.01661	0.6075	-0.3641
-0.0169	0.605	-0.3648
-0.01944	0.6011	-0.3609
-0.01839	0.5996	-0.3601
-0.01826	0.6016	-0.359
-0.01861	0.6031	-0.3601
-0.0177	0.6035	-0.3657
-0.01826	0.6016	-0.3649
-0.01723	0.5981	-0.3595
-0.01682	0.5985	-0.3581
-0.01674	0.6005	-0.3614
-0.01587	0.6019	-0.3615
-0.01909	0.6048	-0.3585
-0.02057	0.6056	-0.3615
-0.01935	0.6057	-0.3638
-0.02089	0.6069	-0.362
-0.01963	0.6055	-0.3591
-0.01483	0.6045	-0.3555
-0.01239	0.6038	-0.3567
-0.01393	0.6025	-0.356
-0.01718	0.6026	-0.3486
-0.01866	0.6016	-0.3518
-0.01848	0.6018	-0.3703
-0.01849	0.6018	-0.3778
-0.01894	0.5999	-0.3658
-0.01809	0.601	-0.3607
-0.01774	0.6018	-0.3614
-0.01973	0.6016	-0.3569
-0.02019	0.6029	-0.3599
-0.01947	0.6029	-0.3616
-0.0186	0.6042	-0.3585
-0.01666	0.6053	-0.3609
-0.0162	0.6055	-0.3585
-0.01639	0.6063	-0.3572
-0.01594	0.6049	-0.3639
-0.01578	0.6031	-0.3656
-0.01622	0.6	-0.3634
-0.01819	0.5962	-0.3604
-0.01967	0.5986	-0.3577
-0.01904	0.6028	-0.3584
-0.01851	0.6045	-0.3592
-0.01848	0.606	-0.3591
-0.0181	0.6059	-0.3581
-0.01695	0.6043	-0.3575
-0.01509	0.6027	-0.3587
-0.01583	0.6027	-0.3596
-0.0198	0.6036	-0.362
-0.02129	0.6037	-0.3641
-0.01959	0.6035	-0.3626
-0.01988	0.6011	-0.3623
-0.01951	0.5998	-0.3611
-0.01495	0.6019	-0.3589
-0.01219	0.6028	-0.3599
-0.01225	0.6055	-0.3621
-0.01395	0.6066	-0.3658
-0.01854	0.6008	-0.3649
-0.02021	0.5986	-0.3584
-0.02019	0.6025	-0.3561
-0.02264	0.6037	-0.3566
-0.02227	0.6038	-0.3612
-0.01971	0.6036	-0.3638
-0.01861	0.6017	-0.3575
-0.01807	0.6024	-0.3568
-0.01821	0.603	-0.361
-0.01718	0.6017	-0.3609
-0.01266	0.6029	-0.3601
-0.01147	0.6051	-0.3606
-0.01763	0.6049	-0.3634
-0.01915	0.6035	-0.3645
-0.01471	0.6032	-0.3633
-0.01588	0.603	-0.3625
-0.01935	0.6025	-0.358
-0.01969	0.6033	-0.3542
-0.01918	0.6028	-0.3565
-0.0187	0.6005	-0.3593
-0.01858	0.6	-0.3613
-0.01942	0.6016	-0.3615
-0.02184	0.6028	-0.3602
-0.0217	0.6037	-0.3617
-0.01762	0.6052	-0.3647
-0.01665	0.6042	-0.3659
-0.01622	0.6024	-0.3618
-0.0114	0.603	-0.3575
-0.0112	0.6046	-0.3587
-0.01687	0.6064	-0.3582
-0.0185	0.605	-0.3573
-0.01831	0.6024	-0.3592
-0.02008	0.6007	-0.3609
-0.02129	0.5939	-0.3647
-0.01869	0.5999	-0.3597
-0.01738	0.6032	-0.3609
-0.01896	0.604	-0.357
-0.01937	0.6052	-0.3606
-0.01881	0.6046	-0.3628
-0.01819	0.6052	-0.3599
-0.01652	0.6055	-0.3625
-0.0163	0.6049	-0.36
-0.01667	0.6052	-0.3585
-0.01633	0.6037	-0.3649
-0.01621	0.6018	-0.3663
-0.01662	0.5988	-0.3637
-0.01852	0.5953	-0.3604
-0.01991	0.598	-0.3575
-0.01917	0.6025	-0.3579
-0.01853	0.6046	-0.3586
-0.01841	0.6063	-0.3585
-0.01796	0.6064	-0.3575
-0.01676	0.6049	-0.357
-0.01487	0.6034	-0.3582
-0.01561	0.6034	-0.3593
-0.0196	0.6041	-0.3619
-0.02113	0.6042	-0.364
-0.01948	0.6038	-0.3627
-0.01982	0.6012	-0.3625
-0.01949	0.5999	-0.3614
-0.01497	0.6018	-0.3591
-0.01224	0.6026	-0.3602
-0.01233	0.6052	-0.3624
-0.01404	0.6064	-0.366
-0.01863	0.6005	-0.365
-0.02029	0.5984	-0.3584
-0.02026	0.6023	-0.3561
-0.0227	0.6036	-0.3566
-0.02231	0.6037	-0.3611
-0.01973	0.6035	-0.3637
-0.01861	0.6017	-0.3574
-0.01806	0.6024	-0.3568
-0.01819	0.6031	-0.3609
-0.01715	0.6018	-0.3608
-0.01262	0.603	-0.3601
-0.01144	0.6052	-0.3606
-0.0176	0.605	-0.3634
-0.01913	0.6035	-0.3645
-0.0147	0.6032	-0.3633
-0.01587	0.603	-0.3626
-0.01935	0.6025	-0.358
-0.01969	0.6033	-0.3543
-0.01919	0.6028	-0.3566
-0.01871	0.6005	-0.3594
-0.01859	0.6	-0.3613
-0.01943	0.6015	-0.3615
-0.02185	0.6027	-0.3602
-0.02171	0.6037	-0.3617
-0.01763	0.6052	-0.3647
-0.01666	0.6041	-0.3659
-0.01622	0.6024	-0.3618
-0.0114	0.603	-0.3575
-0.0112	0.6046	-0.3587
-0.01687	0.6064	-0.3581
-0.01849	0.605	-0.3573
-0.01831	0.6024	-0.3592
-0.02008	0.6007	-0.3609
-0.01979	0.5979	-0.3625
-0.01935	0.5988	-0.3614
-0.01983	0.6016	-0.3608
-0.01951	0.6029	-0.3595
-0.01921	0.604	-0.3573
-0.01708	0.603	-0.3601
-0.01507	0.6017	-0.3631
-0.01621	0.6021	-0.3707
-0.01809	0.6054	-0.3735
-0.01885	0.6074	-0.3559
-0.01733	0.6058	-0.3479
-0.0164	0.6062	-0.3553
-0.01763	0.6052	-0.3539
-0.01698	0.602	-0.3562
-0.0164	0.6017	-0.3632
-0.01749	0.6008	-0.3665
-0.01896	0.6002	-0.3707
-0.0205	0.601	-0.3645
-0.01896	0.6012	-0.3556
-0.01739	0.6027	-0.3571
-0.01777	0.6024	-0.3596
-0.01677	0.6003	-0.3614
-0.01631	0.5993	-0.3604
-0.01663	0.6004	-0.3601
-0.01802	0.605	-0.3641
-0.01968	0.6074	-0.3626
-0.01873	0.6061	-0.3577
-0.01853	0.6069	-0.3532
-0.01857	0.606	-0.3529
-0.01714	0.6012	-0.3597
-0.01642	0.6007	-0.3648
-0.01568	0.6051	-0.3671
-0.01499	0.6055	-0.3681
-0.01554	0.6008	-0.3663
-0.01907	0.5989	-0.3604
-0.0218	0.6007	-0.356
-0.01949	0.602	-0.3579
-0.0185	0.6033	-0.3557
-0.01928	0.6024	-0.3552
-0.01813	0.6012	-0.3605
-0.01732	0.6027	-0.361
-0.01744	0.602	-0.3617
-0.01871	0.6028	-0.3623
-0.01818	0.6049	-0.3618
-0.01417	0.6026	-0.3633
-0.01265	0.6028	-0.3628
-0.01578	0.6059	-0.3617
-0.01863	0.6071	-0.3616
-0.01901	0.6064	-0.3626
-0.01972	0.6039	-0.362
-0.02023	0.6022	-0.3566
-0.01962	0.6011	-0.3544
-0.01912	0.5995	-0.357
-0.01801	0.5996	-0.3576
-0.0172	0.6012	-0.3592
-0.01658	0.6017	-0.3633
-0.01615	0.6006	-0.3627
-0.01672	0.6011	-0.3578
-0.01751	0.6032	-0.3579
-0.01892	0.604	-0.3636
-0.01846	0.6042	-0.3664
-0.01676	0.6053	-0.3637
-0.01733	0.6061	-0.3614
-0.01792	0.6041	-0.3624
-0.0161	0.6074	-0.364
-0.01762	0.6024	-0.3611
-0.01932	0.6016	-0.359
-0.01969	0.6008	-0.3568
-0.01971	0.6011	-0.3542
-0.01768	0.6001	-0.357
-0.01562	0.5991	-0.3603
-0.01664	0.6002	-0.3686
-0.01838	0.6041	-0.3721
-0.019	0.6069	-0.3553
-0.01737	0.6058	-0.348
-0.01636	0.6067	-0.3559
-0.01754	0.606	-0.355
-0.01687	0.6028	-0.3576
-0.0163	0.6026	-0.3646
-0.01741	0.6015	-0.3679
-0.01891	0.6008	-0.3719
-0.02048	0.6014	-0.3655
-0.01897	0.6014	-0.3563
-0.01743	0.6028	-0.3575
-0.01782	0.6023	-0.3597
-0.01683	0.6001	-0.3613
-0.01637	0.599	-0.36
-0.01669	0.6	-0.3596
-0.01807	0.6046	-0.3635
-0.01972	0.6071	-0.362
-0.01875	0.6059	-0.3572
-0.01854	0.6067	-0.3528
-0.01856	0.6059	-0.3526
-0.01712	0.6012	-0.3595
-0.0164	0.6008	-0.3647
-0.01565	0.6052	-0.3671
-0.01496	0.6056	-0.3682
-0.01551	0.601	-0.3665
-0.01905	0.599	-0.3606
-0.02178	0.6008	-0.3562
-0.01947	0.6022	-0.3581
-0.0185	0.6034	-0.3559
-0.01928	0.6024	-0.3554
-0.01814	0.6012	-0.3606
-0.01733	0.6026	-0.3611
-0.01745	0.602	-0.3617
-0.01872	0.6028	-0.3623
-0.01819	0.6048	-0.3617
-0.01418	0.6026	-0.3632
-0.01266	0.6027	-0.3627
-0.01578	0.6058	-0.3616
-0.01864	0.6071	-0.3615
-0.01901	0.6064	-0.3626
-0.01972	0.6039	-0.362
-0.02022	0.6022	-0.3565
-0.01961	0.6011	-0.3544
-0.01912	0.5996	-0.357
-0.01801	0.5996	-0.3577
-0.0172	0.6013	-0.3593
-0.01658	0.6017	-0.3633
-0.01615	0.6006	-0.3628
-0.01671	0.6012	-0.3578
-0.01751	0.6032	-0.3579
-0.01892	0.604	-0.3636
-0.01846	0.6042	-0.3664
-0.01676	0.6053	-0.3637
-0.01733	0.6061	-0.3614
-0.01792	0.6041	-0.3624
-0.01747	0.6018	-0.3657
-0.01696	0.6022	-0.3656
-0.01726	0.6039	-0.3565
-0.01896	0.6046	-0.351
-0.02024	0.6036	-0.3543
-0.01909	0.6036	-0.3546
-0.01582	0.6031	-0.3589
-0.0149	0.6007	-0.3652
-0.01879	0.6005	-0.3645
-0.0218	0.6027	-0.3652
-0.01958	0.6035	-0.3634
-0.01639	0.6024	-0.3596
-0.01571	0.6015	-0.3612
-0.01633	0.6013	-0.3609
-0.01689	0.601	-0.3601
-0.01673	0.6016	-0.3564
-0.01729	0.6037	-0.353
-0.01786	0.6054	-0.3595
-0.01765	0.6054	-0.3628
-0.01831	0.6045	-0.3642
-0.01827	0.6045	-0.3666
-0.01807	0.603	-0.3585
-0.01811	0.601	-0.3556
-0.01768	0.6016	-0.3619
-0.01884	0.6028	-0.3629
-0.01979	0.6038	-0.3638
-0.01933	0.6043	-0.3629
-0.01788	0.6041	-0.3581
-0.01593	0.6027	-0.3589
-0.01611	0.5987	-0.3607
-0.01656	0.5981	-0.3601
-0.01655	0.603	-0.3607
-0.01769	0.6049	-0.3597
-0.01765	0.6045	-0.3601
-0.01684	0.6049	-0.3614
-0.01683	0.6038	-0.3598
-0.01768	0.6028	-0.3589
-0.02013	0.6028	-0.3594
-0.02138	0.6019	-0.3596
-0.02003	0.6019	-0.3583
-0.01901	0.6032	-0.3588
-0.01718	0.6038	-0.3662
-0.0151	0.6041	-0.3691
-0.01642	0.605	-0.3609
-0.01724	0.6048	-0.3557
-0.01637	0.6003	-0.3595
-0.01704	0.5979	-0.3619
-0.01777	0.6015	-0.359
-0.01806	0.6032	-0.3558
-0.01769	0.6032	-0.3559
-0.01841	0.6043	-0.363
-0.02004	0.6055	-0.3662
-0.01892	0.6058	-0.3582
-0.01738	0.6028	-0.3572
-0.01596	0.6014	-0.3631
-0.01557	0.6027	-0.3652
-0.01689	0.6009	-0.3668
-0.01679	0.6005	-0.3634
-0.01757	0.602	-0.358
-0.01863	0.6024	-0.3565
-0.01936	0.6034	-0.3532
-0.0197	0.6029	-0.3546
-0.01784	0.6028	-0.3614
-0.01843	0.6049	-0.3615
-0.01959	0.6063	-0.3665
-0.01756	0.6035	-0.3683
-0.01682	0.6034	-0.36
-0.0179	0.6032	-0.3547
-0.01891	0.6022	-0.3575
-0.01774	0.6024	-0.3571
-0.01463	0.6024	-0.3605
-0.01398	0.6005	-0.366
-0.0182	0.6007	-0.3644
-0.02154	0.6034	-0.3645
-0.01962	0.6044	-0.3623
-0.01668	0.6033	-0.3583
-0.01616	0.6024	-0.3597
-0.01688	0.602	-0.3595
-0.01746	0.6015	-0.359
-0.01727	0.602	-0.3555
-0.01775	0.6038	-0.3525
-0.01821	0.6053	-0.3593
-0.01787	0.6051	-0.3628
-0.0184	0.6041	-0.3644
-0.01826	0.604	-0.367
-0.01796	0.6025	-0.359
-0.01794	0.6006	-0.3562
-0.01746	0.6013	-0.3624
-0.01861	0.6026	-0.3634
-0.01958	0.6036	-0.3642
-0.01914	0.6042	-0.3632
-0.01773	0.6041	-0.3582
-0.01582	0.6028	-0.3589
-0.01605	0.5988	-0.3606
-0.01654	0.5982	-0.36
-0.01657	0.6031	-0.3605
-0.01775	0.6051	-0.3595
-0.01773	0.6046	-0.3599
-0.01692	0.605	-0.3612
-0.01691	0.6039	-0.3597
-0.01776	0.6028	-0.3588
-0.02019	0.6028	-0.3593
-0.02143	0.6019	-0.3596
-0.02006	0.6019	-0.3583
-0.01902	0.6031	-0.3588
-0.01717	0.6038	-0.3663
-0.01509	0.604	-0.3692
-0.0164	0.6049	-0.361
-0.01721	0.6047	-0.3558
-0.01634	0.6003	-0.3596
-0.01701	0.5979	-0.3619
-0.01774	0.6014	-0.3591
-0.01804	0.6032	-0.3558
-0.01768	0.6032	-0.3559
-0.0184	0.6044	-0.363
-0.02004	0.6055	-0.3662
-0.01893	0.6059	-0.3582
-0.01738	0.6028	-0.3572
-0.01597	0.6015	-0.3631
-0.01558	0.6027	-0.3652
-0.0169	0.6009	-0.3668
-0.0168	0.6005	-0.3634
-0.01758	0.602	-0.358
-0.01864	0.6024	-0.3565
-0.01937	0.6034	-0.3532
-0.01971	0.6029	-0.3546
-0.01784	0.6028	-0.3614
-0.01842	0.6049	-0.3615
-0.01938	0.605	-0.3616
-0.01801	0.6043	-0.3676
-0.01805	0.6048	-0.3674
-0.01721	0.6041	-0.361
-0.01576	0.6018	-0.3592
-0.01715	0.6004	-0.359
-0.01852	0.601	-0.356
-0.01758	0.6016	-0.3564
-0.01698	0.6024	-0.3599
-0.01669	0.6035	-0.3612
-0.01624	0.6035	-0.3616
-0.01694	0.602	-0.3612
-0.01761	0.6015	-0.3606
-0.01957	0.6034	-0.3615
-0.02084	0.6037	-0.36
-0.01845	0.6014	-0.357
-0.01766	0.602	-0.3584
-0.01781	0.6047	-0.3633
-0.01706	0.6062	-0.365
-0.01775	0.6056	-0.3609
-0.01673	0.6036	-0.3619
-0.01639	0.6013	-0.3682
-0.01769	0.6	-0.3664
-0.0148	0.6008	-0.3588
-0.01459	0.6029	-0.3558
-0.0201	0.6052	-0.3569
-0.0209	0.6054	-0.3556
-0.01838	0.6024	-0.3547
-0.01889	0.6012	-0.3576
-0.02028	0.6012	-0.3584
-0.02101	0.6009	-0.3594
-0.0202	0.6032	-0.362
-0.01663	0.6051	-0.3642
-0.01338	0.6041	-0.3651
-0.01362	0.6033	-0.3623
-0.01569	0.6015	-0.3624
-0.01832	0.6001	-0.3613
-0.02107	0.602	-0.3518
-0.02012	0.603	-0.3528
-0.01658	0.603	-0.3721
-0.01601	0.6041	-0.3805
-0.01757	0.6039	-0.3656
-0.01774	0.6047	-0.3545
-0.01737	0.6064	-0.3507
-0.01829	0.6046	-0.3471
-0.01897	0.6012	-0.357
-0.01746	0.6005	-0.3649
-0.01401	0.6023	-0.3636
-0.01173	0.6033	-0.3675
-0.01573	0.6024	-0.3648
-0.02272	0.6013	-0.3529
-0.02461	0.6011	-0.3481
-0.02096	0.6022	-0.3546
-0.01452	0.603	-0.3565
-0.01307	0.6023	-0.3549
-0.02329	0.5995	-0.3778
-0.03086	0.5987	-0.4066
-0.02495	0.6027	-0.3998
-0.01836	0.6012	-0.3623
-0.01796	0.6015	-0.333
-0.01458	0.6136	-0.3335
0.0005287	0.613	-0.3375
0.009427	0.6079	-0.3413
-0.006234	0.6192	-0.3465
