0.8542	-0.07438	-0.2956
0.7915	-0.05194	-0.2539
0.8689	-0.09274	-0.4146
0.8459	-0.1209	-0.5138
0.8456	-0.1193	-0.492
0.9504	-0.09392	-0.4753
1.014	-0.0658	-0.465
1.002	-0.05254	-0.4486
0.9652	-0.05609	-0.3984
0.9542	-0.06705	-0.3447
0.9315	-0.06513	-0.3023
0.8897	-0.07469	-0.3002
0.8933	-0.07705	-0.3087
0.8944	-0.05117	-0.2657
0.9081	-0.03033	-0.2788
0.9439	-0.007809	-0.2896
0.96	-0.004273	-0.268
0.9928	-0.01863	-0.2933
0.9948	-0.02934	-0.2756
0.9745	-0.0587	-0.2503
0.9667	-0.07358	-0.228
0.9425	-0.07022	-0.1997
0.9528	-0.06884	-0.221
0.9695	-0.0555	-0.2142
0.9735	-0.04753	-0.2126
0.9943	-0.03828	-0.2208
0.9975	-0.0233	-0.1899
0.9993	-0.01012	-0.18
1.002	0.01049	-0.1703
1.012	0.01534	-0.1637
1.057	-0.002485	-0.1645
1.115	-0.03245	-0.1487
1.146	-0.07708	-0.1288
1.13	-0.1134	-0.07895
1.133	-0.1095	-0.06454
1.174	-0.06663	-0.1726
1.19	-0.03249	-0.3832
1.18	-0.04902	-0.5814
1.127	-0.09467	-0.6195
0.9941	-0.1439	-0.5428
0.8294	-0.1922	-0.4824
0.7735	-0.2107	-0.4361
0.8457	-0.1978	-0.3938
0.9005	-0.1446	-0.4001
0.9659	-0.03948	-0.4248
1.035	0.001736	-0.4178
1	-0.04562	-0.4088
0.9601	-0.07892	-0.3739
0.907	-0.1205	-0.3066
0.8238	-0.151	-0.269
0.8305	-0.1317	-0.2491
0.8581	-0.1358	-0.2479
0.8877	-0.1439	-0.2647
0.9422	-0.1367	-0.2649
0.9454	-0.1474	-0.2464
0.9372	-0.1399	-0.2001
0.9353	-0.1248	-0.1582
0.9276	-0.1195	-0.1437
0.9454	-0.1009	-0.1287
0.9758	-0.08846	-0.1163
1.01	-0.08317	-0.1091
1.039	-0.07813	-0.1066
1.06	-0.0778	-0.1114
1.068	-0.06941	-0.1174
1.06	-0.05665	-0.1182
1.067	-0.04151	-0.1111
1.09	-0.02774	-0.09873
1.128	-0.0307	-0.08898
1.174	-0.07225	-0.1179
1.2	-0.1438	-0.1812
1.21	-0.2073	-0.2919
1.206	-0.2897	-0.5018
1.146	-0.3236	-0.6369
0.986	-0.2142	-0.574
0.8295	-0.1009	-0.4963
0.8016	-0.0531	-0.4582
0.8322	-0.04912	-0.4534
0.8504	-0.1054	-0.4902
0.8988	-0.1512	-0.4318
0.9694	-0.2071	-0.3582
0.979	-0.2325	-0.3561
0.9102	-0.1647	-0.3341
0.8416	-0.1249	-0.3291
0.8301	-0.0912	-0.2968
0.8865	-0.05523	-0.2385
0.9503	-0.04049	-0.2395
0.964	0.008059	-0.2372
0.9699	0.02351	-0.2402
0.9627	0.0264	-0.2306
0.9283	0.01679	-0.1877
0.9092	-0.03027	-0.1525
0.898	-0.02967	-0.1117
0.8975	-0.03744	-0.1177
0.9211	-0.06751	-0.1378
0.9714	-0.08946	-0.131
1.062	-0.1092	-0.1342
1.132	-0.06685	-0.1199
1.137	-0.007287	-0.1193
1.152	0.02377	-0.1132
1.194	0.02741	-0.1004
1.221	0.02283	-0.1988
1.241	0.03937	-0.391
1.218	-0.02195	-0.5588
1.136	-0.168	-0.6152
1.046	-0.2828	-0.6032
0.9255	-0.305	-0.5842
0.823	-0.2576	-0.4966
0.8378	-0.23	-0.4016
0.918	-0.1697	-0.406
1.003	-0.05869	-0.4409
1.019	-0.02852	-0.4355
0.931	-0.05213	-0.4041
0.8438	-0.06643	-0.3481
0.7812	-0.07498	-0.2767
0.7629	-0.06952	-0.2437
0.8064	-0.07015	-0.2389
0.8488	-0.0857	-0.2318
0.9037	-0.1184	-0.2371
0.9513	-0.1478	-0.2268
0.9604	-0.1617	-0.2004
0.9637	-0.1579	-0.1758
0.9429	-0.1019	-0.1324
0.9196	-0.04595	-0.08839
0.9239	-0.0512	-0.08508
0.9347	-0.07418	-0.1102
0.9828	-0.09387	-0.1228
1.099	-0.1334	-0.1565
1.202	-0.1425	-0.1799
1.06	-0.05665	-0.1182
1.067	-0.04151	-0.1111
1.09	-0.02774	-0.09873
1.128	-0.0307	-0.08898
1.174	-0.07225	-0.1179
1.2	-0.1438	-0.1812
1.21	-0.2073	-0.2919
1.206	-0.2897	-0.5018
1.146	-0.3236	-0.6369
0.986	-0.2142	-0.574
0.8295	-0.1009	-0.4963
0.8016	-0.0531	-0.4582
0.8322	-0.04912	-0.4534
0.8504	-0.1054	-0.4902
0.8988	-0.1512	-0.4318
0.9694	-0.2071	-0.3582
0.979	-0.2325	-0.3561
0.9102	-0.1647	-0.3341
0.8416	-0.1249	-0.3291
0.8301	-0.0912	-0.2968
0.8865	-0.05523	-0.2385
0.9503	-0.04049	-0.2395
0.964	0.008059	-0.2372
0.9699	0.02351	-0.2402
0.9627	0.0264	-0.2306
0.9283	0.01679	-0.1877
0.9092	-0.03027	-0.1525
0.898	-0.02967	-0.1117
0.8975	-0.03744	-0.1177
0.9211	-0.06751	-0.1378
0.9714	-0.08946	-0.131
1.062	-0.1092	-0.1342
1.132	-0.06685	-0.1199
1.137	-0.007287	-0.1193
1.152	0.02377	-0.1132
1.194	0.02741	-0.1004
1.221	0.02283	-0.1988
1.241	0.03937	-0.391
1.218	-0.02195	-0.5588
1.136	-0.168	-0.6152
1.046	-0.2828	-0.6032
0.9255	-0.305	-0.5842
0.823	-0.2576	-0.4966
0.8378	-0.23	-0.4016
0.918	-0.1697	-0.406
1.003	-0.05869	-0.4409
1.019	-0.02852	-0.4355
0.931	-0.05213	-0.4041
0.8438	-0.06643	-0.3481
0.7812	-0.07498	-0.2767
0.7629	-0.06952	-0.2437
0.8064	-0.07015	-0.2389
0.8488	-0.0857	-0.2318
0.9037	-0.1184	-0.2371
0.9513	-0.1478	-0.2268
0.9604	-0.1617	-0.2004
0.9637	-0.1579	-0.1758
0.9429	-0.1019	-0.1324
0.9196	-0.04595	-0.08839
0.9239	-0.0512	-0.08508
0.9347	-0.07418	-0.1102
0.9828	-0.09387	-0.1228
1.099	-0.1334	-0.1565
1.202	-0.1425	-0.1799
1.198	-0.09201	-0.1162
1.175	-0.0704	-0.07819
1.214	-0.115	-0.1641
1.245	-0.2596	-0.4192
1.273	-0.4365	-0.7495
1.263	-0.3973	-0.8222
1.087	-0.2198	-0.7174
0.8427	-0.1039	-0.6521
0.743	-0.003279	-0.4402
0.7441	0.01625	-0.2796
0.7614	-0.089	-0.3818
0.8591	-0.2124	-0.388
0.9399	-0.266	-0.3427
0.9262	-0.2006	-0.4137
0.8889	-0.1273	-0.402
0.8134	-0.08243	-0.3498
0.7966	-0.03591	-0.2952
0.8539	-0.05941	-0.2384
0.8776	-0.06018	-0.253
0.9261	-0.02404	-0.24
0.9424	-0.02508	-0.2251
0.9136	-0.003792	-0.2111
0.9138	-0.008426	-0.1423
0.8828	-0.02772	-0.1075
0.8673	-0.02297	-0.09359
0.8856	-0.05295	-0.09054
0.9216	-0.08692	-0.09445
1.038	-0.1131	-0.1009
1.171	-0.09429	-0.1539
1.233	-0.01776	-0.1871
1.241	0.04744	-0.1909
1.242	0.07452	-0.1492
1.223	0.009556	-0.0888
1.208	-0.05104	-0.2025
1.205	-0.02656	-0.4533
1.156	-0.08126	-0.671
1.083	-0.2332	-0.7344
0.9766	-0.3589	-0.6116
0.8523	-0.3821	-0.4845
0.8304	-0.3169	-0.3855
0.9151	-0.2323	-0.3132
1.023	-0.07867	-0.3775
1.058	0.07325	-0.4328
1.001	0.06951	-0.412
0.9192	-0.01651	-0.3656
0.8321	-0.09855	-0.2412
0.7735	-0.1332	-0.1745
0.7796	-0.1145	-0.1932
0.8295	-0.121	-0.186
0.8838	-0.1273	-0.1978
0.9027	-0.1257	-0.1937
0.8735	-0.142	-0.163
0.8406	-0.1159	-0.1362
0.8439	-0.06733	-0.08973
0.8595	-0.03304	-0.08488
0.8831	-0.0228	-0.1016
0.9305	-0.06086	-0.1113
1.021	-0.09497	-0.145
1.137	-0.09261	-0.1478
1.189	-0.06443	-0.1175
1.194	-0.02493	-0.0759
1.184	0.014	-0.02995
1.177	0.03491	-0.0568
1.248	-0.09295	-0.2465
1.198	-0.09201	-0.1162
1.175	-0.0704	-0.07819
1.214	-0.115	-0.1641
1.245	-0.2596	-0.4192
1.273	-0.4365	-0.7495
1.263	-0.3973	-0.8222
1.087	-0.2198	-0.7174
0.8427	-0.1039	-0.6521
0.743	-0.003279	-0.4402
0.7441	0.01625	-0.2796
0.7614	-0.089	-0.3818
0.8591	-0.2124	-0.388
0.9399	-0.266	-0.3427
0.9262	-0.2006	-0.4137
0.8889	-0.1273	-0.402
0.8134	-0.08243	-0.3498
0.7966	-0.03591	-0.2952
0.8539	-0.05941	-0.2384
0.8776	-0.06018	-0.253
0.9261	-0.02404	-0.24
0.9424	-0.02508	-0.2251
0.9136	-0.003792	-0.2111
0.9138	-0.008426	-0.1423
0.8828	-0.02772	-0.1075
0.8673	-0.02297	-0.09359
0.8856	-0.05295	-0.09054
0.9216	-0.08692	-0.09445
1.038	-0.1131	-0.1009
1.171	-0.09429	-0.1539
1.233	-0.01776	-0.1871
1.241	0.04744	-0.1909
1.242	0.07452	-0.1492
1.223	0.009556	-0.0888
1.208	-0.05104	-0.2025
1.205	-0.02656	-0.4533
1.156	-0.08126	-0.671
1.083	-0.2332	-0.7344
0.9766	-0.3589	-0.6116
0.8523	-0.3821	-0.4845
0.8304	-0.3169	-0.3855
0.9151	-0.2323	-0.3132
1.023	-0.07867	-0.3775
1.058	0.07325	-0.4328
1.001	0.06951	-0.412
0.9192	-0.01651	-0.3656
0.8321	-0.09855	-0.2412
0.7735	-0.1332	-0.1745
0.7796	-0.1145	-0.1932
0.8295	-0.121	-0.186
0.8838	-0.1273	-0.1978
0.9027	-0.1257	-0.1937
0.8735	-0.142	-0.163
0.8406	-0.1159	-0.1362
0.8439	-0.06733	-0.08973
0.8595	-0.03304	-0.08488
0.8831	-0.0228	-0.1016
0.9305	-0.06086	-0.1113
1.021	-0.09497	-0.145
1.137	-0.09261	-0.1478
1.189	-0.06443	-0.1175
1.194	-0.02493	-0.0759
1.184	0.014	-0.02995
1.177	0.03491	-0.0568
1.248	-0.09295	-0.2465
1.314	-0.3327	-0.5942
1.269	-0.4006	-0.852
1.13	-0.3086	-0.8085
0.9202	-0.2196	-0.6033
0.7762	-0.1008	-0.4131
0.8002	-0.05214	-0.3311
0.8666	-0.1215	-0.3661
0.914	-0.1535	-0.3636
0.9938	-0.2236	-0.3485
1.018	-0.2991	-0.3797
0.9375	-0.192	-0.3535
0.8444	-0.0728	-0.3189
0.7945	-0.04253	-0.2798
0.8044	-0.02915	-0.229
0.8338	-0.06676	-0.2393
0.8637	-0.08612	-0.23
0.8883	-0.06134	-0.2175
0.8823	-0.0419	-0.2051
0.8989	-0.01784	-0.1464
0.9124	-0.02206	-0.1281
0.8969	-0.05439	-0.1158
0.9128	-0.09809	-0.1011
0.9721	-0.1406	-0.1157
1.101	-0.1481	-0.1237
1.207	-0.1025	-0.1524
1.193	-0.004388	-0.1639
1.19	0.05141	-0.1478
1.27	0.03375	-0.1794
1.341	0.03137	-0.3282
1.326	0.02087	-0.5552
1.218	-0.08066	-0.6339
1.036	-0.2444	-0.588
0.8504	-0.341	-0.6
0.7995	-0.3466	-0.5332
0.8692	-0.3379	-0.3978
0.9318	-0.257	-0.4131
1.003	-0.0961	-0.4753
1.039	-0.005071	-0.4678
0.9467	-0.00947	-0.4384
0.8517	-0.02668	-0.369
0.8182	-0.0546	-0.3024
0.7815	-0.1107	-0.2505
0.789	-0.1345	-0.2102
0.8312	-0.1184	-0.2401
0.8521	-0.1276	-0.2513
0.8658	-0.1421	-0.2327
0.8576	-0.1491	-0.243
0.8461	-0.1637	-0.2194
0.8521	-0.1493	-0.1824
0.8464	-0.1174	-0.1321
0.8677	-0.09386	-0.09064
0.9298	-0.09396	-0.1332
0.982	-0.1138	-0.16
1.046	-0.1041	-0.1517
1.196	-0.07999	-0.1651
1.368	-0.04452	-0.1613
1.357	-0.007852	-0.1619
1.269	-0.08114	-0.2101
1.306	-0.3093	-0.3842
1.281	-0.5297	-0.6196
1.227	-0.4855	-0.7185
1.195	-0.339	-0.7857
0.9692	-0.3002	-0.7709
0.7836	-0.107	-0.4928
1.314	-0.3327	-0.5942
1.269	-0.4006	-0.852
1.13	-0.3086	-0.8085
0.9202	-0.2196	-0.6033
0.7762	-0.1008	-0.4131
0.8002	-0.05214	-0.3311
0.8666	-0.1215	-0.3661
0.914	-0.1535	-0.3636
0.9938	-0.2236	-0.3485
1.018	-0.2991	-0.3797
0.9375	-0.192	-0.3535
0.8444	-0.0728	-0.3189
0.7945	-0.04253	-0.2798
0.8044	-0.02915	-0.229
0.8338	-0.06676	-0.2393
0.8637	-0.08612	-0.23
0.8883	-0.06134	-0.2175
0.8823	-0.0419	-0.2051
0.8989	-0.01784	-0.1464
0.9124	-0.02206	-0.1281
0.8969	-0.05439	-0.1158
0.9128	-0.09809	-0.1011
0.9721	-0.1406	-0.1157
1.101	-0.1481	-0.1237
1.207	-0.1025	-0.1524
1.193	-0.004388	-0.1639
1.19	0.05141	-0.1478
1.27	0.03375	-0.1794
1.341	0.03137	-0.3282
1.326	0.02087	-0.5552
1.218	-0.08066	-0.6339
1.036	-0.2444	-0.588
0.8504	-0.341	-0.6
0.7995	-0.3466	-0.5332
0.8692	-0.3379	-0.3978
0.9318	-0.257	-0.4131
1.003	-0.0961	-0.4753
1.039	-0.005071	-0.4678
0.9467	-0.00947	-0.4384
0.8517	-0.02668	-0.369
0.8182	-0.0546	-0.3024
0.7815	-0.1107	-0.2505
0.789	-0.1345	-0.2102
0.8312	-0.1184	-0.2401
0.8521	-0.1276	-0.2513
0.8658	-0.1421	-0.2327
0.8576	-0.1491	-0.243
0.8461	-0.1637	-0.2194
0.8521	-0.1493	-0.1824
0.8464	-0.1174	-0.1321
0.8677	-0.09386	-0.09064
0.9298	-0.09396	-0.1332
0.982	-0.1138	-0.16
1.046	-0.1041	-0.1517
1.196	-0.07999	-0.1651
1.368	-0.04452	-0.1613
1.357	-0.007852	-0.1619
1.269	-0.08114	-0.2101
1.306	-0.3093	-0.3842
1.281	-0.5297	-0.6196
1.227	-0.4855	-0.7185
1.195	-0.339	-0.7857
0.9692	-0.3002	-0.7709
0.7836	-0.107	-0.4928
0.755	0.04184	-0.3007
0.74	-0.07477	-0.3177
0.8291	-0.1405	-0.324
0.9131	-0.2618	-0.3447
0.93	-0.3421	-0.3381
0.9092	-0.1723	-0.3527
0.8347	-0.08376	-0.3886
0.8067	-0.03185	-0.3026
0.7755	0.03869	-0.2263
0.7879	0.009252	-0.2071
0.862	-0.008169	-0.2246
0.8832	-0.03113	-0.2428
0.9233	-0.01592	-0.182
0.9393	0.01809	-0.1527
0.9286	-0.003303	-0.1439
0.948	-0.006666	-0.1294
0.9604	-0.04398	-0.1266
1.032	-0.09659	-0.1138
1.115	-0.1036	-0.1525
1.151	-0.06228	-0.1663
1.159	0.01551	-0.1357
1.17	0.03265	-0.1363
1.243	0.01472	-0.2279
1.293	-0.0001115	-0.4862
1.281	-0.08097	-0.7114
1.234	-0.2434	-0.7139
1.132	-0.3843	-0.6364
0.9554	-0.3793	-0.5654
0.7791	-0.3227	-0.3959
0.8177	-0.2801	-0.2833
0.9486	-0.132	-0.4019
0.9571	0.01524	-0.4618
0.9329	-0.002009	-0.4127
0.8465	-0.06024	-0.3832
0.7597	-0.07851	-0.279
0.7762	-0.1314	-0.2333
0.7806	-0.1691	-0.2423
0.8045	-0.1484	-0.2141
0.8603	-0.1388	-0.2432
0.8721	-0.1358	-0.2316
0.8657	-0.1349	-0.1779
0.8601	-0.146	-0.1448
0.8637	-0.1269	-0.1106
0.8686	-0.07987	-0.1151
0.9002	-0.02683	-0.09173
0.9906	-0.009731	-0.08382
1.111	-0.03972	-0.1331
1.209	-0.0442	-0.135
1.229	-0.0342	-0.1219
1.232	-0.04277	-0.09421
1.263	-0.08102	-0.107
1.304	-0.2452	-0.3334
1.372	-0.4531	-0.7106
1.362	-0.4504	-0.9327
1.163	-0.2823	-0.8231
0.8582	-0.124	-0.5741
0.6572	0.008684	-0.3396
0.6732	-0.004581	-0.2541
0.7621	-0.1437	-0.4198
0.8299	-0.2102	-0.4631
0.9101	-0.2617	-0.3373
0.9401	-0.2708	-0.3225
0.8939	-0.1704	-0.3151
0.8232	-0.06539	-0.2874
0.755	0.04184	-0.3007
0.74	-0.07477	-0.3177
0.8291	-0.1405	-0.324
0.9131	-0.2618	-0.3447
0.93	-0.3421	-0.3381
0.9092	-0.1723	-0.3527
0.8347	-0.08376	-0.3886
0.8067	-0.03185	-0.3026
0.7755	0.03869	-0.2263
0.7879	0.009252	-0.2071
0.862	-0.008169	-0.2246
0.8832	-0.03113	-0.2428
0.9233	-0.01592	-0.182
0.9393	0.01809	-0.1527
0.9286	-0.003303	-0.1439
0.948	-0.006666	-0.1294
0.9604	-0.04398	-0.1266
1.032	-0.09659	-0.1138
1.115	-0.1036	-0.1525
1.151	-0.06228	-0.1663
1.159	0.01551	-0.1357
1.17	0.03265	-0.1363
1.243	0.01472	-0.2279
1.293	-0.0001115	-0.4862
1.281	-0.08097	-0.7114
1.234	-0.2434	-0.7139
1.132	-0.3843	-0.6364
0.9554	-0.3793	-0.5654
0.7791	-0.3227	-0.3959
0.8177	-0.2801	-0.2833
0.9486	-0.132	-0.4019
0.9571	0.01524	-0.4618
0.9329	-0.002009	-0.4127
0.8465	-0.06024	-0.3832
0.7597	-0.07851	-0.279
0.7762	-0.1314	-0.2333
0.7806	-0.1691	-0.2423
0.8045	-0.1484	-0.2141
0.8603	-0.1388	-0.2432
0.8721	-0.1358	-0.2316
0.8657	-0.1349	-0.1779
0.8601	-0.146	-0.1448
0.8637	-0.1269	-0.1106
0.8686	-0.07987	-0.1151
0.9002	-0.02683	-0.09173
0.9906	-0.009731	-0.08382
1.111	-0.03972	-0.1331
1.209	-0.0442	-0.135
1.229	-0.0342	-0.1219
1.232	-0.04277	-0.09421
1.263	-0.08102	-0.107
1.304	-0.2452	-0.3334
1.372	-0.4531	-0.7106
1.362	-0.4504	-0.9327
1.163	-0.2823	-0.8231
0.8582	-0.124	-0.5741
0.6572	0.008684	-0.3396
0.6732	-0.004581	-0.2541
0.7621	-0.1437	-0.4198
0.8299	-0.2102	-0.4631
0.9101	-0.2617	-0.3373
0.9401	-0.2708	-0.3225
0.8939	-0.1704	-0.3151
0.8232	-0.06539	-0.2874
0.7967	0.003978	-0.2368
0.8278	-0.03099	-0.2103
0.8487	-0.0562	-0.2546
0.8711	-0.00934	-0.2155
0.8925	-0.02579	-0.2079
0.889	-0.003855	-0.2173
0.9012	0.007669	-0.137
0.91	-0.03778	-0.1069
0.9129	-0.04035	-0.1089
0.9524	-0.089	-0.135
1.045	-0.1045	-0.1467
1.167	-0.0593	-0.1256
1.238	-0.03771	-0.1234
1.248	0.006609	-0.08083
1.252	0.01932	-0.1365
1.288	0.03951	-0.3449
1.322	0.07371	-0.5476
1.279	-0.01815	-0.6568
1.172	-0.2317	-0.7093
1.051	-0.422	-0.7345
0.9478	-0.373	-0.5741
0.832	-0.2389	-0.3754
0.7693	-0.2554	-0.3243
0.8828	-0.1662	-0.3598
0.9714	0.002624	-0.4642
0.9411	0.02224	-0.4092
0.9072	-0.02081	-0.3119
0.8034	-0.1044	-0.2879
0.7512	-0.1545	-0.1727
0.7936	-0.1539	-0.2028
0.8034	-0.1593	-0.2218
0.8543	-0.121	-0.1443
0.8647	-0.1225	-0.1833
0.8235	-0.1148	-0.1321
0.8153	-0.07059	-0.09261
0.7705	-0.0618	-0.07385
0.7732	-0.01925	-0.004593
0.8392	-0.003034	-0.04307
0.9568	-0.001617	-0.04068
1.181	-0.03195	-0.08389
1.346	-0.1376	-0.191
1.353	-0.1348	-0.1588
1.28	-0.06715	-0.08201
1.212	-0.07502	-0.06365
1.204	-0.2281	-0.3137
1.248	-0.4363	-0.7833
1.276	-0.3935	-1.043
1.195	-0.2283	-1.003
0.9946	-0.1318	-0.732
0.7904	-0.02577	-0.3614
0.7304	-0.04556	-0.2511
0.7902	-0.1599	-0.3602
0.8025	-0.2372	-0.3402
0.8297	-0.2927	-0.322
0.8968	-0.2158	-0.4092
0.8419	-0.1057	-0.3991
0.7898	-0.0728	-0.3324
0.8274	-0.03922	-0.2473
0.8347	-0.06971	-0.2075
0.8775	-0.08606	-0.2528
0.9363	-0.05789	-0.2171
0.9014	-0.0683	-0.1772
0.8386	-0.02909	-0.1288
0.7875	-0.008809	-0.01501
0.7967	0.003978	-0.2368
0.8278	-0.03099	-0.2103
0.8487	-0.0562	-0.2546
0.8711	-0.00934	-0.2155
0.8925	-0.02579	-0.2079
0.889	-0.003855	-0.2173
0.9012	0.007669	-0.137
0.91	-0.03778	-0.1069
0.9129	-0.04035	-0.1089
0.9524	-0.089	-0.135
1.045	-0.1045	-0.1467
1.167	-0.0593	-0.1256
1.238	-0.03771	-0.1234
1.248	0.006609	-0.08083
1.252	0.01932	-0.1365
1.288	0.03951	-0.3449
1.322	0.07371	-0.5476
1.279	-0.01815	-0.6568
1.172	-0.2317	-0.7093
1.051	-0.422	-0.7345
0.9478	-0.373	-0.5741
0.832	-0.2389	-0.3754
0.7693	-0.2554	-0.3243
0.8828	-0.1662	-0.3598
0.9714	0.002624	-0.4642
0.9411	0.02224	-0.4092
0.9072	-0.02081	-0.3119
0.8034	-0.1044	-0.2879
0.7512	-0.1545	-0.1727
0.7936	-0.1539	-0.2028
0.8034	-0.1593	-0.2218
0.8543	-0.121	-0.1443
0.8647	-0.1225	-0.1833
0.8235	-0.1148	-0.1321
0.8153	-0.07059	-0.09261
0.7705	-0.0618	-0.07385
0.7732	-0.01925	-0.004593
0.8392	-0.003034	-0.04307
0.9568	-0.001617	-0.04068
1.181	-0.03195	-0.08389
1.346	-0.1376	-0.191
1.353	-0.1348	-0.1588
1.28	-0.06715	-0.08201
1.212	-0.07502	-0.06365
1.204	-0.2281	-0.3137
1.248	-0.4363	-0.7833
1.276	-0.3935	-1.043
1.195	-0.2283	-1.003
0.9946	-0.1318	-0.732
0.7904	-0.02577	-0.3614
0.7304	-0.04556	-0.2511
0.7902	-0.1599	-0.3602
0.8025	-0.2372	-0.3402
0.8297	-0.2927	-0.322
0.8968	-0.2158	-0.4092
0.8419	-0.1057	-0.3991
0.7898	-0.0728	-0.3324
0.8274	-0.03922	-0.2473
0.8347	-0.06971	-0.2075
0.8775	-0.08606	-0.2528
0.9363	-0.05789	-0.2171
0.9014	-0.0683	-0.1772
0.8386	-0.02909	-0.1288
0.7875	-0.008809	-0.01501
0.7776	-0.03649	-0.01092
0.8871	-0.04066	-0.04471
1.069	-0.05219	-0.05978
1.195	-0.02491	-0.1142
1.205	0.01646	-0.1149
1.145	0.02006	-0.06482
1.135	-9.134e-05	-0.06852
1.218	-0.0284	-0.2713
1.301	-0.02755	-0.6831
1.298	-0.07224	-0.9564
1.243	-0.2304	-0.8819
1.153	-0.3972	-0.7488
0.9762	-0.3939	-0.6574
0.8699	-0.2649	-0.4436
0.9199	-0.1795	-0.3486
0.9393	-0.03778	-0.4343
0.9366	0.1098	-0.4408
0.9234	0.08649	-0.4384
0.8387	0.001131	-0.3834
0.7976	-0.1093	-0.2349
0.7742	-0.1802	-0.1993
0.7542	-0.1583	-0.2048
0.7963	-0.1684	-0.1853
0.8156	-0.1648	-0.2011
0.8412	-0.1414	-0.196
0.8849	-0.1308	-0.188
0.8696	-0.09519	-0.1892
0.838	-0.07557	-0.1646
0.8202	-0.03613	-0.1392
0.824	-0.02508	-0.1209
0.8943	-0.06483	-0.1126
1.053	-0.05577	-0.1372
1.228	-0.06193	-0.1973
1.287	-0.07625	-0.232
1.241	-0.06868	-0.1818
1.219	-0.1116	-0.149
1.247	-0.2175	-0.2934
1.294	-0.3757	-0.6213
1.34	-0.4229	-0.9581
1.212	-0.2868	-1.004
0.8836	-0.1232	-0.6799
0.6393	0.0383	-0.3245
0.6192	0.08622	-0.2465
0.7543	-0.06277	-0.4076
0.9022	-0.1927	-0.5213
0.957	-0.2269	-0.463
0.9571	-0.221	-0.4308
0.9089	-0.1806	-0.4172
0.8404	-0.1395	-0.3315
0.7983	-0.0993	-0.2857
0.7965	-0.09685	-0.253
0.8443	-0.1191	-0.2339
0.8715	-0.1068	-0.2517
0.8871	-0.08043	-0.2261
0.8787	-0.02444	-0.2014
0.8207	0.0233	-0.1607
0.807	0.02437	-0.1033
0.8217	0.01853	-0.09943
0.877	-0.01944	-0.09225
1.004	-0.07172	-0.1066
1.148	-0.09283	-0.153
1.252	-0.07443	-0.1473
1.244	-0.02553	-0.114
1.215	0.006944	-0.1011
0.7776	-0.03649	-0.01092
0.8871	-0.04066	-0.04471
1.069	-0.05219	-0.05978
1.195	-0.02491	-0.1142
1.205	0.01646	-0.1149
1.145	0.02006	-0.06482
1.135	-9.134e-05	-0.06852
1.218	-0.0284	-0.2713
1.301	-0.02755	-0.6831
1.298	-0.07224	-0.9564
1.243	-0.2304	-0.8819
1.153	-0.3972	-0.7488
0.9762	-0.3939	-0.6574
0.8699	-0.2649	-0.4436
0.9199	-0.1795	-0.3486
0.9393	-0.03778	-0.4343
0.9366	0.1098	-0.4408
0.9234	0.08649	-0.4384
0.8387	0.001131	-0.3834
0.7976	-0.1093	-0.2349
0.7742	-0.1802	-0.1993
0.7542	-0.1583	-0.2048
0.7963	-0.1684	-0.1853
0.8156	-0.1648	-0.2011
0.8412	-0.1414	-0.196
0.8849	-0.1308	-0.188
0.8696	-0.09519	-0.1892
0.838	-0.07557	-0.1646
0.8202	-0.03613	-0.1392
0.824	-0.02508	-0.1209
0.8943	-0.06483	-0.1126
1.053	-0.05577	-0.1372
1.228	-0.06193	-0.1973
1.287	-0.07625	-0.232
1.241	-0.06868	-0.1818
1.219	-0.1116	-0.149
1.247	-0.2175	-0.2934
1.294	-0.3757	-0.6213
1.34	-0.4229	-0.9581
1.212	-0.2868	-1.004
0.8836	-0.1232	-0.6799
0.6393	0.0383	-0.3245
0.6192	0.08622	-0.2465
0.7543	-0.06277	-0.4076
0.9022	-0.1927	-0.5213
0.957	-0.2269	-0.463
0.9571	-0.221	-0.4308
0.9089	-0.1806	-0.4172
0.8404	-0.1395	-0.3315
0.7983	-0.0993	-0.2857
0.7965	-0.09685	-0.253
0.8443	-0.1191	-0.2339
0.8715	-0.1068	-0.2517
0.8871	-0.08043	-0.2261
0.8787	-0.02444	-0.2014
0.8207	0.0233	-0.1607
0.807	0.02437	-0.1033
0.8217	0.01853	-0.09943
0.877	-0.01944	-0.09225
1.004	-0.07172	-0.1066
1.148	-0.09283	-0.153
1.252	-0.07443	-0.1473
1.244	-0.02553	-0.114
1.215	0.006944	-0.1011
1.232	0.01908	-0.1778
1.232	0.003033	-0.4249
1.246	-0.06676	-0.7159
1.219	-0.2302	-0.7955
1.102	-0.4177	-0.6944
0.9461	-0.4125	-0.6183
0.8662	-0.3011	-0.5219
0.9395	-0.2182	-0.4337
1.02	-0.07108	-0.471
1.044	0.0211	-0.4869
1.02	0.02601	-0.4678
0.9107	0.004497	-0.4321
0.8145	-0.1313	-0.2747
0.7379	-0.1982	-0.1665
0.7079	-0.1332	-0.1889
0.7585	-0.1069	-0.2035
0.7492	-0.07786	-0.205
0.775	-0.07707	-0.2164
0.8491	-0.1097	-0.2116
0.8301	-0.1047	-0.1717
0.8252	-0.1072	-0.1394
0.8194	-0.07894	-0.1189
0.8132	-0.02373	-0.09976
0.8899	-0.007247	-0.1232
1.026	-0.04413	-0.1493
1.232	-0.1075	-0.1744
1.32	-0.118	-0.1753
1.25	-0.1178	-0.1249
1.234	-0.1448	-0.1119
1.256	-0.1771	-0.2037
1.355	-0.2828	-0.569
1.494	-0.3971	-1.031
1.358	-0.337	-0.9713
0.896	-0.1305	-0.511
0.5051	0.0004257	-0.2342
0.587	-0.04006	-0.2264
0.8401	-0.125	-0.4023
0.8646	-0.1682	-0.5575
0.9663	-0.2194	-0.5299
1.04	-0.2237	-0.462
0.8732	-0.1394	-0.3603
0.8321	-0.09666	-0.2921
0.7823	-0.08291	-0.3034
0.7334	-0.0909	-0.2633
0.8494	-0.1509	-0.2665
0.8432	-0.1487	-0.2662
0.8655	-0.1347	-0.2302
0.8883	-0.1085	-0.2462
0.8269	-0.0268	-0.1978
0.8604	0.01369	-0.1533
0.8217	0.02674	-0.1469
0.8218	-0.0003969	-0.1277
0.8847	-0.03299	-0.1446
0.9504	-0.06275	-0.1435
1.148	-0.1146	-0.1545
1.253	-0.08051	-0.1698
1.262	-0.04247	-0.1529
1.261	-0.02973	-0.1538
1.244	-0.008109	-0.1946
1.29	-0.04108	-0.4253
1.287	-0.08076	-0.7687
1.239	-0.2116	-0.8405
1.101	-0.3839	-0.6976
0.858	-0.3851	-0.6272
1.232	0.01908	-0.1778
1.232	0.003033	-0.4249
1.246	-0.06676	-0.7159
1.219	-0.2302	-0.7955
1.102	-0.4177	-0.6944
0.9461	-0.4125	-0.6183
0.8662	-0.3011	-0.5219
0.9395	-0.2182	-0.4337
1.02	-0.07108	-0.471
1.044	0.0211	-0.4869
1.02	0.02601	-0.4678
0.9107	0.004497	-0.4321
0.8145	-0.1313	-0.2747
0.7379	-0.1982	-0.1665
0.7079	-0.1332	-0.1889
0.7585	-0.1069	-0.2035
0.7492	-0.07786	-0.205
0.775	-0.07707	-0.2164
0.8491	-0.1097	-0.2116
0.8301	-0.1047	-0.1717
0.8252	-0.1072	-0.1394
0.8194	-0.07894	-0.1189
0.8132	-0.02373	-0.09976
0.8899	-0.007247	-0.1232
1.026	-0.04413	-0.1493
1.232	-0.1075	-0.1744
1.32	-0.118	-0.1753
1.25	-0.1178	-0.1249
1.234	-0.1448	-0.1119
1.256	-0.1771	-0.2037
1.355	-0.2828	-0.569
1.494	-0.3971	-1.031
1.358	-0.337	-0.9713
0.896	-0.1305	-0.511
0.5051	0.0004257	-0.2342
0.587	-0.04006	-0.2264
0.8401	-0.125	-0.4023
0.8646	-0.1682	-0.5575
0.9663	-0.2194	-0.5299
1.04	-0.2237	-0.462
0.8732	-0.1394	-0.3603
0.8321	-0.09666	-0.2921
0.7823	-0.08291	-0.3034
0.7334	-0.0909	-0.2633
0.8494	-0.1509	-0.2665
0.8432	-0.1487	-0.2662
0.8655	-0.1347	-0.2302
0.8883	-0.1085	-0.2462
0.8269	-0.0268	-0.1978
0.8604	0.01369	-0.1533
0.8217	0.02674	-0.1469
0.8218	-0.0003969	-0.1277
0.8847	-0.03299	-0.1446
0.9504	-0.06275	-0.1435
1.148	-0.1146	-0.1545
1.253	-0.08051	-0.1698
1.262	-0.04247	-0.1529
1.261	-0.02973	-0.1538
1.244	-0.008109	-0.1946
1.29	-0.04108	-0.4253
1.287	-0.08076	-0.7687
1.239	-0.2116	-0.8405
1.101	-0.3839	-0.6976
0.858	-0.3851	-0.6272
0.7348	-0.3082	-0.505
0.7575	-0.2325	-0.3643
0.8655	-0.1028	-0.4363
0.9784	0.02881	-0.5013
0.9894	0.05649	-0.4888
0.9165	-0.01786	-0.4747
0.8315	-0.1053	-0.3267
0.7801	-0.1603	-0.2136
0.756	-0.1639	-0.2074
0.778	-0.1425	-0.2109
0.8105	-0.135	-0.2558
0.8445	-0.147	-0.2542
0.9127	-0.1614	-0.2279
0.9242	-0.1517	-0.1922
0.9083	-0.1455	-0.138
0.9175	-0.1378	-0.1386
0.9109	-0.11	-0.1144
0.9195	-0.08661	-0.1057
0.9355	-0.05812	-0.1299
0.9906	-0.03591	-0.1168
1.126	-0.02113	-0.1333
1.231	-0.001566	-0.1228
1.221	-0.003987	-0.08072
1.184	-0.03796	-0.09694
1.214	-0.1683	-0.2306
1.259	-0.4001	-0.5783
1.294	-0.4944	-0.954
1.238	-0.3447	-1.021
1.001	-0.1448	-0.7541
0.7465	0.02537	-0.4267
0.6641	0.1086	-0.2907
0.7451	0.004505	-0.3303
0.8367	-0.1183	-0.4226
0.8993	-0.1795	-0.4905
0.9541	-0.2168	-0.487
0.899	-0.154	-0.4441
0.8576	-0.09538	-0.4
0.8522	-0.07214	-0.3189
0.7856	-0.04773	-0.2376
0.8347	-0.08837	-0.2509
0.9047	-0.07977	-0.2818
0.9208	-0.03154	-0.2754
0.9703	-0.01119	-0.2941
0.9364	0.01238	-0.2836
0.9002	-0.02421	-0.2281
0.8723	-0.06473	-0.1549
0.8133	-0.1201	-0.08001
0.8423	-0.1878	-0.09393
0.8816	-0.1645	-0.1539
0.949	-0.1667	-0.2055
1.073	-0.1897	-0.2583
1.145	-0.1814	-0.2364
1.18	-0.188	-0.1894
1.17	-0.145	-0.1642
1.17	-0.07862	-0.1459
1.234	-0.01546	-0.2843
1.282	0.02508	-0.5641
1.291	-0.02894	-0.7661
1.24	-0.1385	-0.7929
1.106	-0.2295	-0.672
0.9145	-0.2116	-0.54
0.7631	-0.1414	-0.4795
0.768	-0.1404	-0.4683
0.8371	-0.1281	-0.4925
0.7348	-0.3082	-0.505
0.7575	-0.2325	-0.3643
0.8655	-0.1028	-0.4363
0.9784	0.02881	-0.5013
0.9894	0.05649	-0.4888
0.9165	-0.01786	-0.4747
0.8315	-0.1053	-0.3267
0.7801	-0.1603	-0.2136
0.756	-0.1639	-0.2074
0.778	-0.1425	-0.2109
0.8105	-0.135	-0.2558
0.8445	-0.147	-0.2542
0.9127	-0.1614	-0.2279
0.9242	-0.1517	-0.1922
0.9083	-0.1455	-0.138
0.9175	-0.1378	-0.1386
0.9109	-0.11	-0.1144
0.9195	-0.08661	-0.1057
0.9355	-0.05812	-0.1299
0.9906	-0.03591	-0.1168
1.126	-0.02113	-0.1333
1.231	-0.001566	-0.1228
1.221	-0.003987	-0.08072
1.184	-0.03796	-0.09694
1.214	-0.1683	-0.2306
1.259	-0.4001	-0.5783
1.294	-0.4944	-0.954
1.238	-0.3447	-1.021
1.001	-0.1448	-0.7541
0.7465	0.02537	-0.4267
0.6641	0.1086	-0.2907
0.7451	0.004505	-0.3303
0.8367	-0.1183	-0.4226
0.8993	-0.1795	-0.4905
0.9541	-0.2168	-0.487
0.899	-0.154	-0.4441
0.8576	-0.09538	-0.4
0.8522	-0.07214	-0.3189
0.7856	-0.04773	-0.2376
0.8347	-0.08837	-0.2509
0.9047	-0.07977	-0.2818
0.9208	-0.03154	-0.2754
0.9703	-0.01119	-0.2941
0.9364	0.01238	-0.2836
0.9002	-0.02421	-0.2281
0.8723	-0.06473	-0.1549
0.8133	-0.1201	-0.08001
0.8423	-0.1878	-0.09393
0.8816	-0.1645	-0.1539
0.949	-0.1667	-0.2055
1.073	-0.1897	-0.2583
1.145	-0.1814	-0.2364
1.18	-0.188	-0.1894
1.17	-0.145	-0.1642
1.17	-0.07862	-0.1459
1.234	-0.01546	-0.2843
1.282	0.02508	-0.5641
1.291	-0.02894	-0.7661
1.24	-0.1385	-0.7929
1.106	-0.2295	-0.672
0.9145	-0.2116	-0.54
0.7631	-0.1414	-0.4795
0.768	-0.1404	-0.4683
0.8371	-0.1281	-0.4925
0.8954	-0.09126	-0.496
0.9564	-0.06672	-0.4747
0.9227	-0.05196	-0.4451
0.8415	-0.08438	-0.377
0.8	-0.09521	-0.3096
0.7561	-0.08402	-0.2796
0.7436	-0.09741	-0.2674
0.7574	-0.08524	-0.2463
0.7833	-0.08531	-0.2275
0.8529	-0.1015	-0.238
0.9006	-0.1163	-0.2399
0.8982	-0.148	-0.1915
0.8646	-0.1477	-0.1201
0.8233	-0.1332	-0.09382
0.8171	-0.1044	-0.1116
0.854	-0.02761	-0.1169
0.9632	0.0607	-0.138
1.136	0.1316	-0.1909
1.273	0.1413	-0.2118
1.287	0.08934	-0.1748
1.233	0.02048	-0.1197
1.22	-0.05872	-0.1022
1.231	-0.1946	-0.1994
1.275	-0.4053	-0.5333
1.333	-0.5219	-0.9853
1.268	-0.4378	-1.09
1.041	-0.298	-0.7509
0.7473	-0.1717	-0.4239
0.6454	-0.07916	-0.3387
0.7949	-0.1564	-0.4059
0.8822	-0.3035	-0.4766
0.8935	-0.3262	-0.4413
0.9261	-0.3051	-0.426
0.8651	-0.252	-0.4283
0.8225	-0.1712	-0.3718
0.8198	-0.1142	-0.3211
0.771	-0.01062	-0.2198
0.8056	0.0147	-0.2085
0.875	-0.02132	-0.3071
0.8965	0.03893	-0.289
0.9016	0.04856	-0.2605
0.8556	0.009674	-0.208
0.8097	-0.004648	-0.1132
0.8086	-0.05506	-0.1017
0.8375	-0.09737	-0.086
0.9089	-0.12	-0.1054
1.088	-0.1133	-0.1638
1.32	-0.08603	-0.1964
1.323	-0.07373	-0.2103
1.207	-0.0102	-0.1843
1.249	0.05509	-0.2263
1.255	0.03576	-0.3171
1.215	-0.02081	-0.4967
1.237	-0.1523	-0.7415
1.168	-0.3371	-0.6947
1.034	-0.3872	-0.5621
0.8452	-0.3915	-0.5393
0.7333	-0.4361	-0.376
0.8662	-0.3054	-0.3762
0.9492	-0.1196	-0.5337
0.9518	-0.02146	-0.4899
0.9622	0.05136	-0.4993
0.8559	-0.03433	-0.4588
0.7828	-0.1297	-0.2549
0.8954	-0.09126	-0.496
0.9564	-0.06672	-0.4747
0.9227	-0.05196	-0.4451
0.8415	-0.08438	-0.377
0.8	-0.09521	-0.3096
0.7561	-0.08402	-0.2796
0.7436	-0.09741	-0.2674
0.7574	-0.08524	-0.2463
0.7833	-0.08531	-0.2275
0.8529	-0.1015	-0.238
0.9006	-0.1163	-0.2399
0.8982	-0.148	-0.1915
0.8646	-0.1477	-0.1201
0.8233	-0.1332	-0.09382
0.8171	-0.1044	-0.1116
0.854	-0.02761	-0.1169
0.9632	0.0607	-0.138
1.136	0.1316	-0.1909
1.273	0.1413	-0.2118
1.287	0.08934	-0.1748
1.233	0.02048	-0.1197
1.22	-0.05872	-0.1022
1.231	-0.1946	-0.1994
1.275	-0.4053	-0.5333
1.333	-0.5219	-0.9853
1.268	-0.4378	-1.09
1.041	-0.298	-0.7509
0.7473	-0.1717	-0.4239
0.6454	-0.07916	-0.3387
0.7949	-0.1564	-0.4059
0.8822	-0.3035	-0.4766
0.8935	-0.3262	-0.4413
0.9261	-0.3051	-0.426
0.8651	-0.252	-0.4283
0.8225	-0.1712	-0.3718
0.8198	-0.1142	-0.3211
0.771	-0.01062	-0.2198
0.8056	0.0147	-0.2085
0.875	-0.02132	-0.3071
0.8965	0.03893	-0.289
0.9016	0.04856	-0.2605
0.8556	0.009674	-0.208
0.8097	-0.004648	-0.1132
0.8086	-0.05506	-0.1017
0.8375	-0.09737	-0.086
0.9089	-0.12	-0.1054
1.088	-0.1133	-0.1638
1.32	-0.08603	-0.1964
1.323	-0.07373	-0.2103
1.207	-0.0102	-0.1843
1.249	0.05509	-0.2263
1.255	0.03576	-0.3171
1.215	-0.02081	-0.4967
1.237	-0.1523	-0.7415
1.168	-0.3371	-0.6947
1.034	-0.3872	-0.5621
0.8452	-0.3915	-0.5393
0.7333	-0.4361	-0.376
0.8662	-0.3054	-0.3762
0.9492	-0.1196	-0.5337
0.9518	-0.02146	-0.4899
0.9622	0.05136	-0.4993
0.8559	-0.03433	-0.4588
0.7828	-0.1297	-0.2549
0.7546	-0.1304	-0.2208
0.7407	-0.1509	-0.2249
0.7842	-0.1022	-0.2142
0.7764	-0.08938	-0.2434
0.8009	-0.1145	-0.2297
0.837	-0.1115	-0.25
0.8262	-0.1676	-0.2093
0.8579	-0.1672	-0.1468
0.8648	-0.1464	-0.1277
0.8715	-0.1376	-0.09635
0.8875	-0.08416	-0.1302
0.9239	-0.06908	-0.1298
1.121	-0.06369	-0.1161
1.359	-0.06775	-0.1394
1.418	-0.06685	-0.1191
1.298	-0.04263	-0.114
1.228	-0.08786	-0.1436
1.289	-0.2531	-0.3889
1.286	-0.4517	-0.8157
1.21	-0.4142	-0.944
1.066	-0.2206	-0.7488
0.8223	-0.1098	-0.5348
0.686	-0.01292	-0.3441
0.7151	-0.06485	-0.276
0.8019	-0.2231	-0.3949
0.9104	-0.2888	-0.4153
0.9462	-0.3435	-0.3561
0.8748	-0.2331	-0.3847
0.811	-0.06943	-0.3289
0.7755	-0.0815	-0.2483
0.7496	-0.03839	-0.2012
0.8029	-0.0141	-0.1652
0.8907	-0.04763	-0.2256
0.9291	0.0007334	-0.2437
0.9259	0.008828	-0.2286
0.8765	0.01795	-0.1971
0.8226	0.0314	-0.09651
0.8216	-0.02333	-0.06521
0.8766	-0.09682	-0.0415
1.007	-0.1538	-0.03871
1.214	-0.0989	-0.148
1.348	-0.005515	-0.212
1.266	0.03721	-0.1554
1.202	0.07551	-0.1005
1.31	0.03893	-0.2292
1.356	-0.02842	-0.5018
1.328	-0.1069	-0.7087
1.267	-0.3073	-0.7275
1.061	-0.4493	-0.6372
0.8577	-0.3973	-0.5927
0.8113	-0.3099	-0.4514
0.8672	-0.19	-0.3192
0.9412	-0.03149	-0.4261
0.9799	0.039	-0.4642
0.9777	0.0559	-0.4259
0.9194	0.03205	-0.4295
0.8205	-0.06737	-0.2826
0.7172	-0.1374	-0.1504
0.7196	-0.1155	-0.1888
0.8054	-0.06952	-0.2256
0.7805	-0.0882	-0.1871
0.798	-0.1273	-0.1885
0.8644	-0.1435	-0.2138
0.8049	-0.1606	-0.1651
0.7546	-0.1304	-0.2208
0.7407	-0.1509	-0.2249
0.7842	-0.1022	-0.2142
0.7764	-0.08938	-0.2434
0.8009	-0.1145	-0.2297
0.837	-0.1115	-0.25
0.8262	-0.1676	-0.2093
0.8579	-0.1672	-0.1468
0.8648	-0.1464	-0.1277
0.8715	-0.1376	-0.09635
0.8875	-0.08416	-0.1302
0.9239	-0.06908	-0.1298
1.121	-0.06369	-0.1161
1.359	-0.06775	-0.1394
1.418	-0.06685	-0.1191
1.298	-0.04263	-0.114
1.228	-0.08786	-0.1436
1.289	-0.2531	-0.3889
1.286	-0.4517	-0.8157
1.21	-0.4142	-0.944
1.066	-0.2206	-0.7488
0.8223	-0.1098	-0.5348
0.686	-0.01292	-0.3441
0.7151	-0.06485	-0.276
0.8019	-0.2231	-0.3949
0.9104	-0.2888	-0.4153
0.9462	-0.3435	-0.3561
0.8748	-0.2331	-0.3847
0.811	-0.06943	-0.3289
0.7755	-0.0815	-0.2483
0.7496	-0.03839	-0.2012
0.8029	-0.0141	-0.1652
0.8907	-0.04763	-0.2256
0.9291	0.0007334	-0.2437
0.9259	0.008828	-0.2286
0.8765	0.01795	-0.1971
0.8226	0.0314	-0.09651
0.8216	-0.02333	-0.06521
0.8766	-0.09682	-0.0415
1.007	-0.1538	-0.03871
1.214	-0.0989	-0.148
1.348	-0.005515	-0.212
1.266	0.03721	-0.1554
1.202	0.07551	-0.1005
1.31	0.03893	-0.2292
1.356	-0.02842	-0.5018
1.328	-0.1069	-0.7087
1.267	-0.3073	-0.7275
1.061	-0.4493	-0.6372
0.8577	-0.3973	-0.5927
0.8113	-0.3099	-0.4514
0.8672	-0.19	-0.3192
0.9412	-0.03149	-0.4261
0.9799	0.039	-0.4642
0.9777	0.0559	-0.4259
0.9194	0.03205	-0.4295
0.8205	-0.06737	-0.2826
0.7172	-0.1374	-0.1504
0.7196	-0.1155	-0.1888
0.8054	-0.06952	-0.2256
0.7805	-0.0882	-0.1871
0.798	-0.1273	-0.1885
0.8644	-0.1435	-0.2138
0.8049	-0.1606	-0.1651
0.7788	-0.1263	-0.1268
0.7544	-0.09682	-0.07295
0.7623	-0.08859	-0.05469
0.8875	-0.06335	-0.135
1.009	-0.1088	-0.1665
1.219	-0.1516	-0.2259
1.372	-0.1391	-0.2414
1.348	-0.1105	-0.1351
1.357	-0.1008	-0.1413
1.382	-0.2684	-0.3405
1.429	-0.4989	-0.7286
1.421	-0.4975	-0.9811
1.165	-0.28	-0.846
0.7921	-0.04632	-0.606
0.6257	0.0349	-0.3823
0.7432	-0.07055	-0.3327
0.83	-0.2184	-0.4862
0.8465	-0.3023	-0.4829
0.9061	-0.3345	-0.3973
0.8578	-0.2604	-0.3809
0.8048	-0.1265	-0.3529
0.7879	-0.04023	-0.3282
0.7699	0.01159	-0.2549
0.8346	-0.006879	-0.2358
0.8153	-0.02174	-0.2857
0.794	-0.01457	-0.2429
0.8417	-0.05042	-0.2184
0.81	-0.03122	-0.1894
0.8291	-0.02647	-0.1323
0.8537	-0.05687	-0.1449
0.871	-0.06523	-0.1312
1.005	-0.1114	-0.1478
1.168	-0.1098	-0.2016
1.28	-0.08196	-0.2125
1.238	-0.07092	-0.2043
1.214	-0.03356	-0.1234
1.309	-0.03429	-0.09965
1.285	-0.01813	-0.2809
1.232	-0.001744	-0.6167
1.184	-0.1268	-0.865
1.081	-0.3245	-0.8015
1.001	-0.4229	-0.6985
0.8874	-0.39	-0.6307
0.8651	-0.3245	-0.4144
0.9151	-0.2273	-0.3221
0.8857	-0.1006	-0.3885
0.8899	-0.01046	-0.4243
0.8821	0.08513	-0.4901
0.8282	0.07198	-0.4624
0.7852	-0.06989	-0.3218
0.716	-0.09731	-0.226
0.7062	-0.1034	-0.1521
0.7663	-0.1394	-0.165
0.8238	-0.1131	-0.2133
0.8672	-0.1687	-0.1848
0.8737	-0.1929	-0.1839
0.8804	-0.1477	-0.1421
0.8899	-0.1543	-0.0661
0.8626	-0.08564	-0.0654
0.8575	-0.03729	-0.06147
0.9739	-0.05956	-0.08514
1.198	-0.0653	-0.1358
1.35	-0.09295	-0.1644
1.337	-0.06557	-0.1718
0.7788	-0.1263	-0.1268
0.7544	-0.09682	-0.07295
0.7623	-0.08859	-0.05469
0.8875	-0.06335	-0.135
1.009	-0.1088	-0.1665
1.219	-0.1516	-0.2259
1.372	-0.1391	-0.2414
1.348	-0.1105	-0.1351
1.357	-0.1008	-0.1413
1.382	-0.2684	-0.3405
1.429	-0.4989	-0.7286
1.421	-0.4975	-0.9811
1.165	-0.28	-0.846
0.7921	-0.04632	-0.606
0.6257	0.0349	-0.3823
0.7432	-0.07055	-0.3327
0.83	-0.2184	-0.4862
0.8465	-0.3023	-0.4829
0.9061	-0.3345	-0.3973
0.8578	-0.2604	-0.3809
0.8048	-0.1265	-0.3529
0.7879	-0.04023	-0.3282
0.7699	0.01159	-0.2549
0.8346	-0.006879	-0.2358
0.8153	-0.02174	-0.2857
0.794	-0.01457	-0.2429
0.8417	-0.05042	-0.2184
0.81	-0.03122	-0.1894
0.8291	-0.02647	-0.1323
0.8537	-0.05687	-0.1449
0.871	-0.06523	-0.1312
1.005	-0.1114	-0.1478
1.168	-0.1098	-0.2016
1.28	-0.08196	-0.2125
1.238	-0.07092	-0.2043
1.214	-0.03356	-0.1234
1.309	-0.03429	-0.09965
1.285	-0.01813	-0.2809
1.232	-0.001744	-0.6167
1.184	-0.1268	-0.865
1.081	-0.3245	-0.8015
1.001	-0.4229	-0.6985
0.8874	-0.39	-0.6307
0.8651	-0.3245	-0.4144
0.9151	-0.2273	-0.3221
0.8857	-0.1006	-0.3885
0.8899	-0.01046	-0.4243
0.8821	0.08513	-0.4901
0.8282	0.07198	-0.4624
0.7852	-0.06989	-0.3218
0.716	-0.09731	-0.226
0.7062	-0.1034	-0.1521
0.7663	-0.1394	-0.165
0.8238	-0.1131	-0.2133
0.8672	-0.1687	-0.1848
0.8737	-0.1929	-0.1839
0.8804	-0.1477	-0.1421
0.8899	-0.1543	-0.0661
0.8626	-0.08564	-0.0654
0.8575	-0.03729	-0.06147
0.9739	-0.05956	-0.08514
1.198	-0.0653	-0.1358
1.35	-0.09295	-0.1644
1.337	-0.06557	-0.1718
1.29	-0.0667	-0.16
1.293	-0.2297	-0.2778
1.301	-0.4486	-0.5824
1.299	-0.5104	-0.9407
1.231	-0.3145	-1.033
1.014	-0.06559	-0.7104
0.7707	0.09043	-0.3816
0.7196	0.08456	-0.2954
0.805	-0.1219	-0.3329
0.8215	-0.2991	-0.3497
0.8223	-0.3109	-0.3017
0.8485	-0.2253	-0.3229
0.7862	-0.1326	-0.3263
0.7345	-0.05352	-0.2619
0.7582	0.005357	-0.2433
0.7874	-0.02695	-0.2015
0.8485	-0.04945	-0.1908
0.8983	-0.04091	-0.2027
0.9017	-0.05413	-0.1728
0.8862	-0.01283	-0.1596
0.8523	-0.01408	-0.1024
0.8349	-0.06241	-0.06297
0.8801	-0.105	-0.05886
1.027	-0.162	-0.04434
1.206	-0.1207	-0.116
1.27	-0.0427	-0.1804
1.219	0.01755	-0.1529
1.177	0.06743	-0.09418
1.176	0.04471	-0.1021
1.156	0.06707	-0.3557
1.17	0.04694	-0.7636
1.217	-0.2139	-0.9323
1.221	-0.4965	-0.8154
1.12	-0.4984	-0.6766
0.9432	-0.3195	-0.4503
0.9168	-0.1932	-0.2513
0.9775	-0.01887	-0.361
0.9302	0.134	-0.4402
0.8998	0.08115	-0.3888
0.8183	-0.003165	-0.3586
0.6803	-0.1081	-0.2121
0.7056	-0.1694	-0.1703
0.7709	-0.1276	-0.2181
0.7804	-0.1869	-0.136
0.825	-0.1874	-0.1576
0.8501	-0.1228	-0.2042
0.8622	-0.1494	-0.1699
0.8929	-0.129	-0.1694
0.8587	-0.1177	-0.1003
0.8144	-0.08683	-0.03736
0.8189	-0.004868	-0.02204
0.8523	0.002446	0.0111
1.005	0.02152	-0.03136
1.213	0.03636	-0.1018
1.31	0.01447	-0.1406
1.294	0.005809	-0.1311
1.26	-0.06654	-0.1196
1.274	-0.282	-0.2765
1.271	-0.5698	-0.5513
1.257	-0.6049	-0.8214
1.228	-0.3923	-0.9619
1.054	-0.2221	-0.7851
0.7727	0.03257	-0.4088
0.5835	0.2396	-0.1643
1.29	-0.0667	-0.16
1.293	-0.2297	-0.2778
1.301	-0.4486	-0.5824
1.299	-0.5104	-0.9407
1.231	-0.3145	-1.033
1.014	-0.06559	-0.7104
0.7707	0.09043	-0.3816
0.7196	0.08456	-0.2954
0.805	-0.1219	-0.3329
0.8215	-0.2991	-0.3497
0.8223	-0.3109	-0.3017
0.8485	-0.2253	-0.3229
0.7862	-0.1326	-0.3263
0.7345	-0.05352	-0.2619
0.7582	0.005357	-0.2433
0.7874	-0.02695	-0.2015
0.8485	-0.04945	-0.1908
0.8983	-0.04091	-0.2027
0.9017	-0.05413	-0.1728
0.8862	-0.01283	-0.1596
0.8523	-0.01408	-0.1024
0.8349	-0.06241	-0.06297
0.8801	-0.105	-0.05886
1.027	-0.162	-0.04434
1.206	-0.1207	-0.116
1.27	-0.0427	-0.1804
1.219	0.01755	-0.1529
1.177	0.06743	-0.09418
1.176	0.04471	-0.1021
1.156	0.06707	-0.3557
1.17	0.04694	-0.7636
1.217	-0.2139	-0.9323
1.221	-0.4965	-0.8154
1.12	-0.4984	-0.6766
0.9432	-0.3195	-0.4503
0.9168	-0.1932	-0.2513
0.9775	-0.01887	-0.361
0.9302	0.134	-0.4402
0.8998	0.08115	-0.3888
0.8183	-0.003165	-0.3586
0.6803	-0.1081	-0.2121
0.7056	-0.1694	-0.1703
0.7709	-0.1276	-0.2181
0.7804	-0.1869	-0.136
0.825	-0.1874	-0.1576
0.8501	-0.1228	-0.2042
0.8622	-0.1494	-0.1699
0.8929	-0.129	-0.1694
0.8587	-0.1177	-0.1003
0.8144	-0.08683	-0.03736
0.8189	-0.004868	-0.02204
0.8523	0.002446	0.0111
1.005	0.02152	-0.03136
1.213	0.03636	-0.1018
1.31	0.01447	-0.1406
1.294	0.005809	-0.1311
1.26	-0.06654	-0.1196
1.274	-0.282	-0.2765
1.271	-0.5698	-0.5513
1.257	-0.6049	-0.8214
1.228	-0.3923	-0.9619
1.054	-0.2221	-0.7851
0.7727	0.03257	-0.4088
0.5835	0.2396	-0.1643
0.6637	0.08376	-0.2282
0.866	-0.2043	-0.3747
0.9504	-0.4182	-0.3465
0.9525	-0.4202	-0.3352
0.852	-0.2249	-0.3496
0.7511	-0.1333	-0.2739
0.7482	-0.03732	-0.2508
0.7411	0.07071	-0.1993
0.7841	0.05182	-0.1547
0.8227	0.1235	-0.1995
0.8345	0.1541	-0.1758
0.863	0.09358	-0.1648
0.8354	0.08838	-0.1466
0.8477	-0.01915	-0.07729
0.8967	-0.1153	-0.08466
1.038	-0.188	-0.1205
1.294	-0.2831	-0.188
1.351	-0.1635	-0.2328
1.291	0.004071	-0.21
1.33	0.04181	-0.2587
1.337	0.06436	-0.4201
1.287	0.04618	-0.6764
1.25	-0.1208	-0.8429
1.164	-0.3729	-0.7736
0.9857	-0.4438	-0.6565
0.8371	-0.3557	-0.5139
0.8317	-0.3003	-0.3017
0.923	-0.1613	-0.3051
0.9926	0.02331	-0.461
0.9899	0.04705	-0.4497
0.9108	-0.006202	-0.3977
0.7717	-0.05893	-0.3102
0.6927	-0.1336	-0.174
0.6959	-0.1526	-0.1766
0.7236	-0.1215	-0.1792
0.7905	-0.1034	-0.1717
0.8412	-0.1035	-0.1953
0.8467	-0.1123	-0.1655
0.8259	-0.1102	-0.1483
0.7928	-0.09146	-0.08923
0.7747	-0.05389	-0.05895
0.7733	-0.0424	-0.09679
0.8499	-0.08333	-0.09289
1.04	-0.138	-0.1288
1.266	-0.1728	-0.1576
1.36	-0.1407	-0.1434
1.262	-0.1102	-0.1301
1.222	-0.1979	-0.1542
1.338	-0.3921	-0.4519
1.443	-0.5426	-0.9456
1.433	-0.4039	-1.116
1.155	-0.0892	-0.8376
0.7307	0.06759	-0.5029
0.6157	0.06893	-0.3185
0.7403	-0.0807	-0.324
0.7755	-0.3047	-0.4207
0.8372	-0.3379	-0.352
0.89	-0.2373	-0.3309
0.7814	-0.1267	-0.3891
0.719	-0.02688	-0.2893
0.7355	-0.003246	-0.2675
0.7684	-0.03292	-0.2639
0.8788	-0.07553	-0.2248
0.9565	-0.07629	-0.2783
0.6637	0.08376	-0.2282
0.866	-0.2043	-0.3747
0.9504	-0.4182	-0.3465
0.9525	-0.4202	-0.3352
0.852	-0.2249	-0.3496
0.7511	-0.1333	-0.2739
0.7482	-0.03732	-0.2508
0.7411	0.07071	-0.1993
0.7841	0.05182	-0.1547
0.8227	0.1235	-0.1995
0.8345	0.1541	-0.1758
0.863	0.09358	-0.1648
0.8354	0.08838	-0.1466
0.8477	-0.01915	-0.07729
0.8967	-0.1153	-0.08466
1.038	-0.188	-0.1205
1.294	-0.2831	-0.188
1.351	-0.1635	-0.2328
1.291	0.004071	-0.21
1.33	0.04181	-0.2587
1.337	0.06436	-0.4201
1.287	0.04618	-0.6764
1.25	-0.1208	-0.8429
1.164	-0.3729	-0.7736
0.9857	-0.4438	-0.6565
0.8371	-0.3557	-0.5139
0.8317	-0.3003	-0.3017
0.923	-0.1613	-0.3051
0.9926	0.02331	-0.461
0.9899	0.04705	-0.4497
0.9108	-0.006202	-0.3977
0.7717	-0.05893	-0.3102
0.6927	-0.1336	-0.174
0.6959	-0.1526	-0.1766
0.7236	-0.1215	-0.1792
0.7905	-0.1034	-0.1717
0.8412	-0.1035	-0.1953
0.8467	-0.1123	-0.1655
0.8259	-0.1102	-0.1483
0.7928	-0.09146	-0.08923
0.7747	-0.05389	-0.05895
0.7733	-0.0424	-0.09679
0.8499	-0.08333	-0.09289
1.04	-0.138	-0.1288
1.266	-0.1728	-0.1576
1.36	-0.1407	-0.1434
1.262	-0.1102	-0.1301
1.222	-0.1979	-0.1542
1.338	-0.3921	-0.4519
1.443	-0.5426	-0.9456
1.433	-0.4039	-1.116
1.155	-0.0892	-0.8376
0.7307	0.06759	-0.5029
0.6157	0.06893	-0.3185
0.7403	-0.0807	-0.324
0.7755	-0.3047	-0.4207
0.8372	-0.3379	-0.352
0.89	-0.2373	-0.3309
0.7814	-0.1267	-0.3891
0.719	-0.02688	-0.2893
0.7355	-0.003246	-0.2675
0.7684	-0.03292	-0.2639
0.8788	-0.07553	-0.2248
0.9565	-0.07629	-0.2783
0.9707	-0.04936	-0.2578
0.9399	-0.03437	-0.2596
0.8681	-0.01172	-0.2276
0.8413	-0.02473	-0.1085
0.8318	-0.064	-0.1212
0.8584	-0.1316	-0.1527
0.9674	-0.1812	-0.1776
1.147	-0.1436	-0.2067
1.312	-0.1157	-0.2065
1.283	-0.08096	-0.2265
1.237	-0.01358	-0.2134
1.306	0.02936	-0.3204
1.278	0.02366	-0.623
1.24	-0.1028	-0.8786
1.227	-0.289	-0.8486
1.069	-0.4032	-0.6737
0.8742	-0.3775	-0.5906
0.7593	-0.2872	-0.3926
0.7758	-0.2428	-0.2687
0.8963	-0.08778	-0.4223
0.961	0.1143	-0.4593
0.94	0.1044	-0.4612
0.8677	-0.003835	-0.4606
0.7879	-0.1025	-0.2915
0.7294	-0.1961	-0.1932
0.7119	-0.1789	-0.1818
0.7341	-0.1209	-0.1763
0.743	-0.1537	-0.1742
0.8128	-0.1577	-0.1917
0.8597	-0.1426	-0.2215
0.8241	-0.1876	-0.1587
0.8715	-0.1503	-0.1226
0.9016	-0.1066	-0.1133
0.9311	-0.1185	-0.09399
1.055	-0.1003	-0.1259
1.151	-0.1153	-0.1176
1.231	-0.09451	-0.1341
1.253	-0.04571	-0.1423
1.237	-0.05698	-0.1229
1.287	-0.1443	-0.2116
1.353	-0.3266	-0.395
1.419	-0.401	-0.7235
1.391	-0.3365	-0.9589
1.149	-0.2166	-0.8322
0.7925	0.01004	-0.5687
0.6456	0.0945	-0.3652
0.7748	-0.07921	-0.3527
0.8408	-0.2358	-0.4611
0.8747	-0.2578	-0.4295
0.9271	-0.2066	-0.3789
0.8111	-0.1345	-0.3786
0.7201	-0.08178	-0.3077
0.7199	-0.06065	-0.2629
0.7421	-0.06268	-0.2342
0.8559	-0.06566	-0.2171
0.9313	-0.03964	-0.2603
0.9454	-0.004093	-0.2615
0.9132	0.009471	-0.2693
0.8275	8.677e-06	-0.2422
0.7903	-0.03317	-0.1409
0.7781	-0.08867	-0.1146
0.8847	-0.1634	-0.1148
1.119	-0.1937	-0.1541
1.262	-0.1546	-0.2311
0.9707	-0.04936	-0.2578
0.9399	-0.03437	-0.2596
0.8681	-0.01172	-0.2276
0.8413	-0.02473	-0.1085
0.8318	-0.064	-0.1212
0.8584	-0.1316	-0.1527
0.9674	-0.1812	-0.1776
1.147	-0.1436	-0.2067
1.312	-0.1157	-0.2065
1.283	-0.08096	-0.2265
1.237	-0.01358	-0.2134
1.306	0.02936	-0.3204
1.278	0.02366	-0.623
1.24	-0.1028	-0.8786
1.227	-0.289	-0.8486
1.069	-0.4032	-0.6737
0.8742	-0.3775	-0.5906
0.7593	-0.2872	-0.3926
0.7758	-0.2428	-0.2687
0.8963	-0.08778	-0.4223
0.961	0.1143	-0.4593
0.94	0.1044	-0.4612
0.8677	-0.003835	-0.4606
0.7879	-0.1025	-0.2915
0.7294	-0.1961	-0.1932
0.7119	-0.1789	-0.1818
0.7341	-0.1209	-0.1763
0.743	-0.1537	-0.1742
0.8128	-0.1577	-0.1917
0.8597	-0.1426	-0.2215
0.8241	-0.1876	-0.1587
0.8715	-0.1503	-0.1226
0.9016	-0.1066	-0.1133
0.9311	-0.1185	-0.09399
1.055	-0.1003	-0.1259
1.151	-0.1153	-0.1176
1.231	-0.09451	-0.1341
1.253	-0.04571	-0.1423
1.237	-0.05698	-0.1229
1.287	-0.1443	-0.2116
1.353	-0.3266	-0.395
1.419	-0.401	-0.7235
1.391	-0.3365	-0.9589
1.149	-0.2166	-0.8322
0.7925	0.01004	-0.5687
0.6456	0.0945	-0.3652
0.7748	-0.07921	-0.3527
0.8408	-0.2358	-0.4611
0.8747	-0.2578	-0.4295
0.9271	-0.2066	-0.3789
0.8111	-0.1345	-0.3786
0.7201	-0.08178	-0.3077
0.7199	-0.06065	-0.2629
0.7421	-0.06268	-0.2342
0.8559	-0.06566	-0.2171
0.9313	-0.03964	-0.2603
0.9454	-0.004093	-0.2615
0.9132	0.009471	-0.2693
0.8275	8.677e-06	-0.2422
0.7903	-0.03317	-0.1409
0.7781	-0.08867	-0.1146
0.8847	-0.1634	-0.1148
1.119	-0.1937	-0.1541
1.262	-0.1546	-0.2311
1.278	-0.1078	-0.2255
1.224	-0.04907	-0.1695
1.21	-0.01299	-0.1088
1.244	-0.02804	-0.1897
1.246	-0.01129	-0.5219
1.254	-0.02023	-0.877
1.217	-0.193	-0.9098
1.109	-0.3911	-0.7573
0.951	-0.3629	-0.7149
0.8105	-0.2218	-0.5066
0.8186	-0.1345	-0.3086
0.9099	-0.0009996	-0.4463
0.9719	0.08313	-0.471
0.9601	0.0424	-0.4463
0.8811	-0.01187	-0.4689
0.8102	-0.1346	-0.3149
0.7484	-0.2218	-0.2642
0.7355	-0.198	-0.2452
0.7716	-0.1965	-0.1897
0.7929	-0.1638	-0.2409
0.8373	-0.1314	-0.2162
0.8635	-0.1383	-0.2045
0.8584	-0.1224	-0.2001
0.8742	-0.1321	-0.1209
0.8603	-0.1265	-0.106
0.8438	-0.1038	-0.09403
0.8795	-0.08551	-0.09793
0.9874	-0.03762	-0.1311
1.182	-0.0137	-0.1592
1.314	0.0008881	-0.2003
1.281	0.006539	-0.1654
1.206	-0.02033	-0.1366
1.179	-0.102	-0.2029
1.226	-0.2995	-0.3984
1.37	-0.4786	-0.8163
1.433	-0.4923	-1.118
1.214	-0.3332	-0.94
0.8804	-0.08715	-0.6144
0.7708	0.004175	-0.4619
0.845	-0.0859	-0.3956
0.8464	-0.1891	-0.3892
0.8899	-0.3126	-0.388
1.018	-0.3776	-0.3974
0.962	-0.2793	-0.4211
0.835	-0.156	-0.3439
0.8035	-0.0749	-0.3201
0.7862	-0.04478	-0.3038
0.8101	-0.06677	-0.22
0.8352	-0.05222	-0.2449
0.8677	-0.06941	-0.2478
0.9164	-0.07741	-0.2321
0.8846	-0.002921	-0.2263
0.8869	0.0086	-0.1581
0.9085	0.01926	-0.1428
0.8835	0.02373	-0.1207
0.9092	-0.03113	-0.1001
0.9309	-0.03595	-0.09998
1.008	-0.06021	-0.06532
1.152	-0.04801	-0.05915
1.184	0.03026	-0.05132
1.138	0.05066	-0.05981
1.129	0.02083	-0.1155
1.218	-0.05722	-0.3065
1.309	-0.1033	-0.6444
0.9225	-0.03694	-0.1784
0.8922	-0.03222	-0.2377
0.9021	-0.03011	-0.2893
0.854	-0.02689	-0.3333
0.8478	-0.04113	-0.3108
0.8307	-0.03214	-0.2569
0.8491	-0.008469	-0.2439
0.9235	0.0329	-0.2175
0.9366	0.08291	-0.2116
0.9539	0.1065	-0.2077
0.9591	0.1217	-0.1853
0.9594	0.103	-0.2118
0.997	0.05043	-0.2138
1.024	0.001919	-0.2015
1.115	-0.04747	-0.2144
1.204	-0.06159	-0.2146
1.214	-0.04568	-0.2483
1.247	-0.02316	-0.2895
1.294	-0.0002626	-0.3079
1.297	-0.0454	-0.3222
1.215	-0.1125	-0.3835
1.066	-0.1212	-0.5395
0.9112	-0.1594	-0.6316
0.8207	-0.2591	-0.6147
0.8376	-0.3211	-0.61
0.8736	-0.3185	-0.5797
0.9187	-0.286	-0.524
0.9808	-0.2154	-0.514
0.9955	-0.1307	-0.5286
0.9846	-0.1072	-0.5197
0.9373	-0.1334	-0.4709
0.8594	-0.1396	-0.3867
0.7962	-0.1356	-0.2927
0.7442	-0.1309	-0.2505
0.7105	-0.1011	-0.256
0.6971	-0.09332	-0.2569
0.7253	-0.1103	-0.253
0.7752	-0.1072	-0.238
0.8132	-0.1083	-0.2158
0.8485	-0.1098	-0.2021
0.8683	-0.1016	-0.1906
0.9196	-0.08811	-0.1785
0.9754	-0.0609	-0.1664
1.008	-0.04653	-0.1571
1.17	-0.04423	-0.1452
1.366	-0.07357	-0.1684
1.378	-0.142	-0.2205
1.335	-0.2216	-0.2608
1.376	-0.3831	-0.3994
1.403	-0.495	-0.6292
1.346	-0.3584	-0.7871
1.125	-0.2017	-0.8274
0.796	-0.1279	-0.7114
0.7032	0.01908	-0.5215
0.8065	0.06929	-0.465
0.8177	-0.1024	-0.5408
0.8914	-0.2767	-0.5861
0.9848	-0.2811	-0.4951
0.8802	-0.1919	-0.365
0.7677	-0.1125	-0.3072
0.7026	-0.01685	-0.2878
0.708	-0.0186	-0.3048
0.8378	-0.1073	-0.3157
0.8866	-0.09589	-0.3124
0.876	-0.09358	-0.333
0.8693	-0.0923	-0.2906
0.8379	-0.03371	-0.2134
0.8434	-0.0411	-0.1789
0.8359	-0.04512	-0.1673
0.8539	-0.06024	-0.1602
0.907	-0.1038	-0.1401
0.9829	-0.1068	-0.1517
1.111	-0.1213	-0.1595
1.151	-0.07805	-0.1249
1.181	0.01156	-0.1032
1.247	0.04887	-0.07405
1.247	0.05519	-0.1263
1.302	0.06149	-0.3769
1.323	0.05048	-0.7332
1.217	-0.1322	-0.899
1.089	-0.3951	-0.754
0.9232	-0.4297	-0.6408
0.8361	-0.3258	-0.5662
0.893	-0.2421	-0.4125
0.9435	-0.08966	-0.4666
0.9745	0.03531	-0.5322
0.9748	0.01021	-0.461
0.9026	-0.007995	-0.459
0.8216	-0.03124	-0.3463
0.7483	-0.12	-0.2237
0.7194	-0.1214	-0.2373
0.7544	-0.09642	-0.2066
0.7732	-0.1168	-0.2169
0.7937	-0.1333	-0.2407
0.8301	-0.1753	-0.2167
0.8479	-0.1945	-0.2047
0.8673	-0.1937	-0.1363
0.8596	-0.1828	-0.1007
0.8636	-0.1044	-0.1209
0.976	-0.01563	-0.1069
1.153	0.009972	-0.1146
1.298	-0.02874	-0.1759
1.343	-0.05431	-0.2251
1.287	-0.06009	-0.1395
1.22	-0.17	-0.07503
1.219	-0.3974	-0.3259
1.233	-0.556	-0.7116
1.193	-0.4595	-0.9001
1.08	-0.2654	-0.8485
0.9	-0.1326	-0.6331
0.8201	0.01116	-0.4381
0.8802	-0.01716	-0.4582
0.9101	-0.168	-0.5033
0.9411	-0.1811	-0.4043
0.9412	-0.2074	-0.3822
0.8398	-0.1904	-0.3838
0.7682	-0.1009	-0.3104
0.7298	-0.09157	-0.2855
0.7392	-0.052	-0.2136
0.7916	-0.06514	-0.1872
0.8045	-0.08515	-0.25
0.8352	-0.02322	-0.2289
0.8315	-0.03284	-0.2156
0.8102	-0.02194	-0.189
0.8441	-0.04676	-0.1625
0.8757	-0.1441	-0.1873
1.01	-0.2005	-0.1641
1.182	-0.2239	-0.1825
0.876	-0.09358	-0.333
0.8693	-0.0923	-0.2906
0.8379	-0.03371	-0.2134
0.8434	-0.0411	-0.1789
0.8359	-0.04512	-0.1673
0.8539	-0.06024	-0.1602
0.907	-0.1038	-0.1401
0.9829	-0.1068	-0.1517
1.111	-0.1213	-0.1595
1.151	-0.07805	-0.1249
1.181	0.01156	-0.1032
1.247	0.04887	-0.07405
1.247	0.05519	-0.1263
1.302	0.06149	-0.3769
1.323	0.05048	-0.7332
1.217	-0.1322	-0.899
1.089	-0.3951	-0.754
0.9232	-0.4297	-0.6408
0.8361	-0.3258	-0.5662
0.893	-0.2421	-0.4125
0.9435	-0.08966	-0.4666
0.9745	0.03531	-0.5322
0.9748	0.01021	-0.461
0.9026	-0.007995	-0.459
0.8216	-0.03124	-0.3463
0.7483	-0.12	-0.2237
0.7194	-0.1214	-0.2373
0.7544	-0.09642	-0.2066
0.7732	-0.1168	-0.2169
0.7937	-0.1333	-0.2407
0.8301	-0.1753	-0.2167
0.8479	-0.1945	-0.2047
0.8673	-0.1937	-0.1363
0.8596	-0.1828	-0.1007
0.8636	-0.1044	-0.1209
0.976	-0.01563	-0.1069
1.153	0.009972	-0.1146
1.298	-0.02874	-0.1759
1.343	-0.05431	-0.2251
1.287	-0.06009	-0.1395
1.22	-0.17	-0.07503
1.219	-0.3974	-0.3259
1.233	-0.556	-0.7116
1.193	-0.4595	-0.9001
1.08	-0.2654	-0.8485
0.9	-0.1326	-0.6331
0.8201	0.01116	-0.4381
0.8802	-0.01716	-0.4582
0.9101	-0.168	-0.5033
0.9411	-0.1811	-0.4043
0.9412	-0.2074	-0.3822
0.8398	-0.1904	-0.3838
0.7682	-0.1009	-0.3104
0.7298	-0.09157	-0.2855
0.7392	-0.052	-0.2136
0.7916	-0.06514	-0.1872
0.8045	-0.08515	-0.25
0.8352	-0.02322	-0.2289
0.8315	-0.03284	-0.2156
0.8102	-0.02194	-0.189
0.8441	-0.04676	-0.1625
0.8757	-0.1441	-0.1873
1.01	-0.2005	-0.1641
1.182	-0.2239	-0.1825
1.228	-0.07278	-0.1919
1.239	0.1285	-0.137
1.241	0.1431	-0.09877
1.244	0.03283	-0.069
1.255	-0.05975	-0.1937
1.198	-0.03972	-0.5833
1.121	-0.097	-1.009
1.099	-0.2729	-1.019
1.049	-0.3762	-0.7548
0.916	-0.4117	-0.681
0.8555	-0.3626	-0.5332
0.9055	-0.2981	-0.3954
0.9233	-0.2762	-0.51
0.9138	-0.1861	-0.4792
0.8638	-0.07468	-0.4338
0.7675	-0.01075	-0.4321
0.7558	-0.06222	-0.2829
0.7726	-0.1966	-0.2509
0.7402	-0.1853	-0.2563
0.7511	-0.1466	-0.2234
0.767	-0.196	-0.2457
0.7612	-0.169	-0.2177
0.7923	-0.1678	-0.1912
0.8103	-0.188	-0.1549
0.8233	-0.1323	-0.108
0.8497	-0.09256	-0.1023
0.8706	-0.02327	-0.07867
0.931	-0.000791	-0.07146
1.08	-0.04663	-0.1287
1.339	-0.04484	-0.2646
1.47	-0.07665	-0.358
1.357	-0.1106	-0.3208
1.32	-0.229	-0.3955
1.336	-0.4881	-0.7264
1.28	-0.5366	-1.001
1.202	-0.3132	-0.8826
0.9242	-0.07032	-0.6254
0.6726	0.0439	-0.5265
0.7133	-0.03142	-0.3917
0.6876	-0.1532	-0.2627
0.6352	-0.2131	-0.2976
0.7877	-0.2802	-0.341
0.9035	-0.3166	-0.3526
0.9298	-0.2635	-0.3834
0.9022	-0.1442	-0.3856
0.806	-0.03574	-0.3079
0.7945	-0.0131	-0.2146
0.7993	-0.007765	-0.1781
0.7778	-3.53e-05	-0.1711
0.7963	-0.01013	-0.1854
0.7662	-0.004277	-0.1625
0.7791	-0.02782	-0.1222
0.8981	-0.06477	-0.1231
1.083	-0.08511	-0.1333
1.263	-0.07323	-0.1752
1.257	-0.0009711	-0.1552
1.22	0.04469	-0.02217
1.271	0.02768	0.07698
1.282	0.007933	-0.06332
1.284	0.03775	-0.5344
1.237	0.03277	-0.9522
1.153	-0.1438	-0.9386
1.114	-0.382	-0.7435
1.041	-0.4747	-0.6689
1.228	-0.07278	-0.1919
1.239	0.1285	-0.137
1.241	0.1431	-0.09877
1.244	0.03283	-0.069
1.255	-0.05975	-0.1937
1.198	-0.03972	-0.5833
1.121	-0.097	-1.009
1.099	-0.2729	-1.019
1.049	-0.3762	-0.7548
0.916	-0.4117	-0.681
0.8555	-0.3626	-0.5332
0.9055	-0.2981	-0.3954
0.9233	-0.2762	-0.51
0.9138	-0.1861	-0.4792
0.8638	-0.07468	-0.4338
0.7675	-0.01075	-0.4321
0.7558	-0.06222	-0.2829
0.7726	-0.1966	-0.2509
0.7402	-0.1853	-0.2563
0.7511	-0.1466	-0.2234
0.767	-0.196	-0.2457
0.7612	-0.169	-0.2177
0.7923	-0.1678	-0.1912
0.8103	-0.188	-0.1549
0.8233	-0.1323	-0.108
0.8497	-0.09256	-0.1023
0.8706	-0.02327	-0.07867
0.931	-0.000791	-0.07146
1.08	-0.04663	-0.1287
1.339	-0.04484	-0.2646
1.47	-0.07665	-0.358
1.357	-0.1106	-0.3208
1.32	-0.229	-0.3955
1.336	-0.4881	-0.7264
1.28	-0.5366	-1.001
1.202	-0.3132	-0.8826
0.9242	-0.07032	-0.6254
0.6726	0.0439	-0.5265
0.7133	-0.03142	-0.3917
0.6876	-0.1532	-0.2627
0.6352	-0.2131	-0.2976
0.7877	-0.2802	-0.341
0.9035	-0.3166	-0.3526
0.9298	-0.2635	-0.3834
0.9022	-0.1442	-0.3856
0.806	-0.03574	-0.3079
0.7945	-0.0131	-0.2146
0.7993	-0.007765	-0.1781
0.7778	-3.53e-05	-0.1711
0.7963	-0.01013	-0.1854
0.7662	-0.004277	-0.1625
0.7791	-0.02782	-0.1222
0.8981	-0.06477	-0.1231
1.083	-0.08511	-0.1333
1.263	-0.07323	-0.1752
1.257	-0.0009711	-0.1552
1.22	0.04469	-0.02217
1.271	0.02768	0.07698
1.282	0.007933	-0.06332
1.284	0.03775	-0.5344
1.237	0.03277	-0.9522
1.153	-0.1438	-0.9386
1.114	-0.382	-0.7435
1.041	-0.4747	-0.6689
0.9637	-0.3956	-0.5137
0.9704	-0.2744	-0.3041
0.9857	-0.09088	-0.3586
0.945	0.1218	-0.4463
0.887	0.1207	-0.4392
0.807	0.03533	-0.3878
0.7248	-0.01896	-0.2066
0.7189	-0.1306	-0.1575
0.7401	-0.1578	-0.1903
0.7599	-0.147	-0.1646
0.7871	-0.166	-0.2029
0.7915	-0.1494	-0.1673
0.7969	-0.143	-0.1201
0.7861	-0.1015	-0.1135
0.7805	-0.05966	-0.07794
0.8488	-0.07408	-0.1016
1.007	-0.1018	-0.1187
1.219	-0.1395	-0.1487
1.329	-0.1283	-0.1843
1.289	-0.07271	-0.112
1.204	-0.007236	-0.02621
1.143	0.005486	-0.05117
1.183	-0.1858	-0.3172
1.28	-0.4308	-0.764
1.288	-0.4289	-1.019
1.178	-0.261	-0.9669
0.9998	-0.1315	-0.8032
0.8367	-0.01271	-0.5356
0.7596	0.05153	-0.272
0.7838	-0.07563	-0.3025
0.8858	-0.2618	-0.3947
0.9425	-0.3033	-0.3504
0.9109	-0.2404	-0.3875
0.8437	-0.1726	-0.3977
0.7525	-0.08201	-0.3109
0.7245	-0.02187	-0.2436
0.7563	-0.05082	-0.1708
0.7797	-0.05214	-0.1749
0.8303	-0.02452	-0.2068
0.8541	-0.01546	-0.1843
0.8262	0.02921	-0.169
0.815	0.03935	-0.1225
0.841	-0.013	-0.1043
0.9591	-0.07932	-0.129
1.182	-0.1425	-0.1471
1.332	-0.1294	-0.1974
1.316	-0.06093	-0.1832
1.297	-0.02056	-0.1489
1.314	-0.02275	-0.2416
1.291	-0.03975	-0.5036
1.268	-0.07531	-0.8702
1.203	-0.2459	-0.9439
1.043	-0.4559	-0.7422
0.8798	-0.4641	-0.6704
0.8364	-0.3828	-0.5645
0.8869	-0.2911	-0.4163
0.8928	-0.1159	-0.3877
0.8873	-0.05683	-0.3563
0.8994	-0.06024	-0.4199
0.8652	0.06843	-0.4454
0.8409	0.04163	-0.367
0.8208	-0.1158	-0.3342
0.7744	-0.1397	-0.1919
0.7583	-0.1624	-0.1653
0.9637	-0.3956	-0.5137
0.9704	-0.2744	-0.3041
0.9857	-0.09088	-0.3586
0.945	0.1218	-0.4463
0.887	0.1207	-0.4392
0.807	0.03533	-0.3878
0.7248	-0.01896	-0.2066
0.7189	-0.1306	-0.1575
0.7401	-0.1578	-0.1903
0.7599	-0.147	-0.1646
0.7871	-0.166	-0.2029
0.7915	-0.1494	-0.1673
0.7969	-0.143	-0.1201
0.7861	-0.1015	-0.1135
0.7805	-0.05966	-0.07794
0.8488	-0.07408	-0.1016
1.007	-0.1018	-0.1187
1.219	-0.1395	-0.1487
1.329	-0.1283	-0.1843
1.289	-0.07271	-0.112
1.204	-0.007236	-0.02621
1.143	0.005486	-0.05117
1.183	-0.1858	-0.3172
1.28	-0.4308	-0.764
1.288	-0.4289	-1.019
1.178	-0.261	-0.9669
0.9998	-0.1315	-0.8032
0.8367	-0.01271	-0.5356
0.7596	0.05153	-0.272
0.7838	-0.07563	-0.3025
0.8858	-0.2618	-0.3947
0.9425	-0.3033	-0.3504
0.9109	-0.2404	-0.3875
0.8437	-0.1726	-0.3977
0.7525	-0.08201	-0.3109
0.7245	-0.02187	-0.2436
0.7563	-0.05082	-0.1708
0.7797	-0.05214	-0.1749
0.8303	-0.02452	-0.2068
0.8541	-0.01546	-0.1843
0.8262	0.02921	-0.169
0.815	0.03935	-0.1225
0.841	-0.013	-0.1043
0.9591	-0.07932	-0.129
1.182	-0.1425	-0.1471
1.332	-0.1294	-0.1974
1.316	-0.06093	-0.1832
1.297	-0.02056	-0.1489
1.314	-0.02275	-0.2416
1.291	-0.03975	-0.5036
1.268	-0.07531	-0.8702
1.203	-0.2459	-0.9439
1.043	-0.4559	-0.7422
0.8798	-0.4641	-0.6704
0.8364	-0.3828	-0.5645
0.8869	-0.2911	-0.4163
0.8928	-0.1159	-0.3877
0.8873	-0.05683	-0.3563
0.8994	-0.06024	-0.4199
0.8652	0.06843	-0.4454
0.8409	0.04163	-0.367
0.8208	-0.1158	-0.3342
0.7744	-0.1397	-0.1919
0.7583	-0.1624	-0.1653
0.7589	-0.1572	-0.2483
0.7677	-0.1386	-0.1791
0.796	-0.1807	-0.1882
0.8049	-0.1626	-0.1666
0.7917	-0.1743	-0.09942
0.7829	-0.1513	-0.1369
0.7855	-0.0575	-0.1174
0.849	-0.0547	-0.133
1.038	-0.04369	-0.1741
1.281	-0.03701	-0.1727
1.403	-0.0424	-0.1853
1.363	-0.01825	-0.1305
1.32	-0.08334	-0.128
1.331	-0.2541	-0.3747
1.313	-0.4479	-0.7769
1.241	-0.4284	-0.9396
1.022	-0.2477	-0.7588
0.7205	-0.1405	-0.5488
0.6443	-0.02892	-0.3601
0.7311	-0.06457	-0.3073
0.7968	-0.2106	-0.4173
0.9096	-0.2177	-0.3731
0.9619	-0.23	-0.3497
0.8985	-0.1768	-0.4183
0.8702	-0.06749	-0.3541
0.8268	-0.05935	-0.3145
0.7904	-0.02913	-0.2391
0.843	-0.03858	-0.1521
0.8407	-0.05184	-0.2106
0.7974	-0.01385	-0.1868
0.7726	-0.01194	-0.1478
0.7421	0.0296	-0.1487
0.8037	-0.00616	-0.1012
0.903	-0.08598	-0.1362
1.01	-0.07217	-0.1819
1.197	-0.08613	-0.2146
1.301	-0.04704	-0.1932
1.263	0.04641	-0.06245
1.246	0.05053	-0.02141
1.273	-0.002441	-0.08975
1.246	-0.04809	-0.3429
1.214	-0.07904	-0.7859
1.222	-0.2578	-0.9949
1.173	-0.4926	-0.8637
1.066	-0.4355	-0.6966
0.9311	-0.2752	-0.5148
0.8765	-0.2022	-0.2971
0.9393	-0.00496	-0.3216
0.9155	0.1399	-0.4466
0.8559	0.1014	-0.4152
0.8258	0.0481	-0.3734
0.7506	-0.108	-0.2611
0.7415	-0.2303	-0.1833
0.7488	-0.2126	-0.221
0.7378	-0.2308	-0.1725
0.7865	-0.194	-0.1846
0.8087	-0.1414	-0.1955
0.8076	-0.1334	-0.1437
0.8084	-0.07952	-0.1724
0.8126	-0.04211	-0.1485
0.8326	-0.03361	-0.1409
0.8699	-0.06069	-0.154
1.031	-0.07467	-0.11
1.195	-0.06875	-0.1226
0.7589	-0.1572	-0.2483
0.7677	-0.1386	-0.1791
0.796	-0.1807	-0.1882
0.8049	-0.1626	-0.1666
0.7917	-0.1743	-0.09942
0.7829	-0.1513	-0.1369
0.7855	-0.0575	-0.1174
0.849	-0.0547	-0.133
1.038	-0.04369	-0.1741
1.281	-0.03701	-0.1727
1.403	-0.0424	-0.1853
1.363	-0.01825	-0.1305
1.32	-0.08334	-0.128
1.331	-0.2541	-0.3747
1.313	-0.4479	-0.7769
1.241	-0.4284	-0.9396
1.022	-0.2477	-0.7588
0.7205	-0.1405	-0.5488
0.6443	-0.02892	-0.3601
0.7311	-0.06457	-0.3073
0.7968	-0.2106	-0.4173
0.9096	-0.2177	-0.3731
0.9619	-0.23	-0.3497
0.8985	-0.1768	-0.4183
0.8702	-0.06749	-0.3541
0.8268	-0.05935	-0.3145
0.7904	-0.02913	-0.2391
0.843	-0.03858	-0.1521
0.8407	-0.05184	-0.2106
0.7974	-0.01385	-0.1868
0.7726	-0.01194	-0.1478
0.7421	0.0296	-0.1487
0.8037	-0.00616	-0.1012
0.903	-0.08598	-0.1362
1.01	-0.07217	-0.1819
1.197	-0.08613	-0.2146
1.301	-0.04704	-0.1932
1.263	0.04641	-0.06245
1.246	0.05053	-0.02141
1.273	-0.002441	-0.08975
1.246	-0.04809	-0.3429
1.214	-0.07904	-0.7859
1.222	-0.2578	-0.9949
1.173	-0.4926	-0.8637
1.066	-0.4355	-0.6966
0.9311	-0.2752	-0.5148
0.8765	-0.2022	-0.2971
0.9393	-0.00496	-0.3216
0.9155	0.1399	-0.4466
0.8559	0.1014	-0.4152
0.8258	0.0481	-0.3734
0.7506	-0.108	-0.2611
0.7415	-0.2303	-0.1833
0.7488	-0.2126	-0.221
0.7378	-0.2308	-0.1725
0.7865	-0.194	-0.1846
0.8087	-0.1414	-0.1955
0.8076	-0.1334	-0.1437
0.8084	-0.07952	-0.1724
0.8126	-0.04211	-0.1485
0.8326	-0.03361	-0.1409
0.8699	-0.06069	-0.154
1.031	-0.07467	-0.11
1.195	-0.06875	-0.1226
1.192	-0.1031	-0.1159
1.2	-0.1003	-0.07833
1.243	-0.1013	-0.06129
1.217	-0.1372	-0.1255
1.25	-0.2481	-0.3988
1.32	-0.4016	-0.7391
1.283	-0.3458	-0.9268
1.172	-0.2002	-0.9334
1.013	-0.1204	-0.8026
0.9221	-0.05021	-0.6026
0.8618	-0.08482	-0.4448
0.7048	-0.1282	-0.3207
0.7825	-0.1566	-0.2975
0.9533	-0.2527	-0.4202
0.8439	-0.2032	-0.3685
0.8002	-0.09044	-0.2879
0.808	-0.08155	-0.3302
0.744	-0.03571	-0.2091
0.8176	-0.02431	-0.1906
0.8493	-0.0417	-0.2351
0.8432	0.01531	-0.1687
0.8823	0.03391	-0.2072
0.8485	0.04205	-0.1654
0.8608	0.03973	-0.1433
0.8949	-0.02427	-0.191
0.9597	-0.09849	-0.1509
1.137	-0.1774	-0.1862
1.232	-0.163	-0.1762
1.223	-0.04922	-0.1494
1.224	0.05637	-0.1714
1.26	0.09755	-0.179
1.321	0.04382	-0.3686
1.337	0.006071	-0.6267
1.277	-0.06106	-0.7317
1.13	-0.2394	-0.7001
0.9714	-0.3731	-0.665
0.8764	-0.4115	-0.6051
0.8414	-0.3605	-0.4168
0.8644	-0.2797	-0.375
0.898	-0.188	-0.4569
0.9343	-0.018	-0.4315
0.9218	0.04988	-0.4239
0.8409	-0.0008806	-0.3887
0.781	-0.03406	-0.2916
0.7372	-0.1069	-0.222
0.7359	-0.1377	-0.1736
0.7666	-0.1115	-0.1763
0.7888	-0.1423	-0.1953
0.8334	-0.17	-0.2001
0.8304	-0.1625	-0.1834
0.8055	-0.1358	-0.1399
0.8153	-0.08822	-0.1178
0.8419	-0.06364	-0.1148
0.9676	-0.0697	-0.1367
1.167	-0.06966	-0.1803
1.322	-0.05109	-0.2049
1.363	-0.01739	-0.1861
1.306	0.03441	-0.1283
1.25	0.02613	-0.121
1.18	-0.1779	-0.2616
1.099	-0.4711	-0.544
1.118	-0.5277	-0.8343
1.142	-0.3603	-0.9774
1.073	-0.2774	-0.942
1.192	-0.1031	-0.1159
1.2	-0.1003	-0.07833
1.243	-0.1013	-0.06129
1.217	-0.1372	-0.1255
1.25	-0.2481	-0.3988
1.32	-0.4016	-0.7391
1.283	-0.3458	-0.9268
1.172	-0.2002	-0.9334
1.013	-0.1204	-0.8026
0.9221	-0.05021	-0.6026
0.8618	-0.08482	-0.4448
0.7048	-0.1282	-0.3207
0.7825	-0.1566	-0.2975
0.9533	-0.2527	-0.4202
0.8439	-0.2032	-0.3685
0.8002	-0.09044	-0.2879
0.808	-0.08155	-0.3302
0.744	-0.03571	-0.2091
0.8176	-0.02431	-0.1906
0.8493	-0.0417	-0.2351
0.8432	0.01531	-0.1687
0.8823	0.03391	-0.2072
0.8485	0.04205	-0.1654
0.8608	0.03973	-0.1433
0.8949	-0.02427	-0.191
0.9597	-0.09849	-0.1509
1.137	-0.1774	-0.1862
1.232	-0.163	-0.1762
1.223	-0.04922	-0.1494
1.224	0.05637	-0.1714
1.26	0.09755	-0.179
1.321	0.04382	-0.3686
1.337	0.006071	-0.6267
1.277	-0.06106	-0.7317
1.13	-0.2394	-0.7001
0.9714	-0.3731	-0.665
0.8764	-0.4115	-0.6051
0.8414	-0.3605	-0.4168
0.8644	-0.2797	-0.375
0.898	-0.188	-0.4569
0.9343	-0.018	-0.4315
0.9218	0.04988	-0.4239
0.8409	-0.0008806	-0.3887
0.781	-0.03406	-0.2916
0.7372	-0.1069	-0.222
0.7359	-0.1377	-0.1736
0.7666	-0.1115	-0.1763
0.7888	-0.1423	-0.1953
0.8334	-0.17	-0.2001
0.8304	-0.1625	-0.1834
0.8055	-0.1358	-0.1399
0.8153	-0.08822	-0.1178
0.8419	-0.06364	-0.1148
0.9676	-0.0697	-0.1367
1.167	-0.06966	-0.1803
1.322	-0.05109	-0.2049
1.363	-0.01739	-0.1861
1.306	0.03441	-0.1283
1.25	0.02613	-0.121
1.18	-0.1779	-0.2616
1.099	-0.4711	-0.544
1.118	-0.5277	-0.8343
1.142	-0.3603	-0.9774
1.073	-0.2774	-0.942
1.021	-0.2627	-0.8282
0.9534	-0.1607	-0.6329
0.8059	-0.08004	-0.3327
0.7615	-0.1685	-0.2909
0.8285	-0.3059	-0.4339
0.8607	-0.2794	-0.3459
0.8723	-0.2179	-0.3636
0.8097	-0.1666	-0.4136
0.702	-0.01753	-0.2628
0.7236	-0.01469	-0.2816
0.781	-0.06487	-0.2418
0.7934	0.03199	-0.1406
0.8454	0.02463	-0.2097
0.8416	0.004995	-0.1863
0.8147	0.0341	-0.175
0.8673	-0.07424	-0.1686
0.8943	-0.162	-0.1172
1.001	-0.1644	-0.1522
1.214	-0.1677	-0.155
1.275	-0.1129	-0.1573
1.211	0.01075	-0.1307
1.217	0.06566	-0.0948
1.296	0.02841	-0.2442
1.326	0.03289	-0.5623
1.262	-0.03222	-0.8412
1.169	-0.2488	-0.8223
1.07	-0.4345	-0.7187
0.9488	-0.4644	-0.6993
0.8959	-0.3578	-0.5197
0.9541	-0.2364	-0.4154
0.9541	-0.0479	-0.5166
0.9045	0.1335	-0.5103
0.892	0.07042	-0.4459
0.8121	-0.02173	-0.3815
0.7657	-0.04881	-0.2728
0.7672	-0.1194	-0.2397
0.7247	-0.1231	-0.2338
0.7594	-0.1267	-0.2158
0.802	-0.1587	-0.2271
0.7962	-0.1578	-0.2081
0.802	-0.1679	-0.1847
0.7929	-0.1475	-0.157
0.8149	-0.1279	-0.1159
0.8572	-0.1348	-0.1369
0.9029	-0.1267	-0.1619
0.9784	-0.1216	-0.1556
1.079	-0.09286	-0.1573
1.177	-0.06463	-0.1434
1.187	-0.07477	-0.1578
1.198	-0.1346	-0.2633
1.31	-0.2822	-0.5422
1.417	-0.3983	-0.9463
1.408	-0.3598	-1.08
1.13	-0.238	-0.8212
0.718	-0.1031	-0.4786
0.6007	-0.03018	-0.2431
0.7076	-0.1294	-0.2627
0.7618	-0.263	-0.4193
0.8445	-0.2561	-0.4116
0.8936	-0.2042	-0.3946
0.8137	-0.1354	-0.4157
0.8049	-0.06406	-0.3475
0.8549	-0.0601	-0.318
0.8932	-0.05231	-0.2894
1.021	-0.2627	-0.8282
0.9534	-0.1607	-0.6329
0.8059	-0.08004	-0.3327
0.7615	-0.1685	-0.2909
0.8285	-0.3059	-0.4339
0.8607	-0.2794	-0.3459
0.8723	-0.2179	-0.3636
0.8097	-0.1666	-0.4136
0.702	-0.01753	-0.2628
0.7236	-0.01469	-0.2816
0.781	-0.06487	-0.2418
0.7934	0.03199	-0.1406
0.8454	0.02463	-0.2097
0.8416	0.004995	-0.1863
0.8147	0.0341	-0.175
0.8673	-0.07424	-0.1686
0.8943	-0.162	-0.1172
1.001	-0.1644	-0.1522
1.214	-0.1677	-0.155
1.275	-0.1129	-0.1573
1.211	0.01075	-0.1307
1.217	0.06566	-0.0948
1.296	0.02841	-0.2442
1.326	0.03289	-0.5623
1.262	-0.03222	-0.8412
1.169	-0.2488	-0.8223
1.07	-0.4345	-0.7187
0.9488	-0.4644	-0.6993
0.8959	-0.3578	-0.5197
0.9541	-0.2364	-0.4154
0.9541	-0.0479	-0.5166
0.9045	0.1335	-0.5103
0.892	0.07042	-0.4459
0.8121	-0.02173	-0.3815
0.7657	-0.04881	-0.2728
0.7672	-0.1194	-0.2397
0.7247	-0.1231	-0.2338
0.7594	-0.1267	-0.2158
0.802	-0.1587	-0.2271
0.7962	-0.1578	-0.2081
0.802	-0.1679	-0.1847
0.7929	-0.1475	-0.157
0.8149	-0.1279	-0.1159
0.8572	-0.1348	-0.1369
0.9029	-0.1267	-0.1619
0.9784	-0.1216	-0.1556
1.079	-0.09286	-0.1573
1.177	-0.06463	-0.1434
1.187	-0.07477	-0.1578
1.198	-0.1346	-0.2633
1.31	-0.2822	-0.5422
1.417	-0.3983	-0.9463
1.408	-0.3598	-1.08
1.13	-0.238	-0.8212
0.718	-0.1031	-0.4786
0.6007	-0.03018	-0.2431
0.7076	-0.1294	-0.2627
0.7618	-0.263	-0.4193
0.8445	-0.2561	-0.4116
0.8936	-0.2042	-0.3946
0.8137	-0.1354	-0.4157
0.8049	-0.06406	-0.3475
0.8549	-0.0601	-0.318
0.8932	-0.05231	-0.2894
0.9835	-0.05143	-0.2822
0.9983	-0.0495	-0.3194
0.9454	-0.00816	-0.281
0.9119	0.003824	-0.248
0.8465	0.002647	-0.1789
0.8221	-0.01262	-0.1274
0.8475	-0.03574	-0.1754
0.8787	-0.03624	-0.1657
0.9619	-0.04159	-0.1809
1.069	-0.02074	-0.2044
1.143	0.01809	-0.1596
1.162	0.04792	-0.1378
1.164	0.05338	-0.0954
1.192	0.01717	-0.1363
1.24	-0.01597	-0.3846
1.285	-0.06146	-0.693
1.262	-0.1809	-0.807
1.152	-0.3952	-0.7435
1.012	-0.5455	-0.7268
0.8931	-0.4951	-0.623
0.8368	-0.4296	-0.4803
0.8626	-0.3042	-0.5029
0.9369	-0.03162	-0.4637
0.9739	0.02911	-0.435
0.9591	-0.03908	-0.5138
0.9414	0.0395	-0.484
0.8967	-0.02314	-0.4035
0.8086	-0.1766	-0.2839
0.7453	-0.1594	-0.1764
0.7476	-0.1523	-0.2014
0.7677	-0.1607	-0.2142
0.7907	-0.1216	-0.2232
0.8219	-0.126	-0.2476
0.8221	-0.1171	-0.2106
0.8299	-0.1041	-0.1818
0.8666	-0.1043	-0.1566
0.9013	-0.07295	-0.1478
0.9646	-0.04189	-0.1718
1.06	-0.03101	-0.1719
1.179	-0.06038	-0.1766
1.262	-0.08502	-0.165
1.248	-0.0803	-0.1236
1.241	-0.1232	-0.1326
1.304	-0.2378	-0.3006
1.387	-0.3566	-0.645
1.38	-0.3276	-0.8812
1.103	-0.1852	-0.8091
0.6821	-0.06641	-0.5753
0.5632	0.05108	-0.362
0.7433	0.03814	-0.3605
0.8981	-0.1354	-0.5456
1.032	-0.2452	-0.6058
1.058	-0.2421	-0.4932
0.8869	-0.1857	-0.3631
0.7865	-0.1626	-0.2929
0.743	-0.152	-0.2946
0.7055	-0.1184	-0.2611
0.7689	-0.1467	-0.2127
0.7868	-0.1253	-0.2192
0.789	-0.05884	-0.2084
0.8011	-0.0132	-0.1921
0.7679	0.07707	-0.1777
0.7914	0.08532	-0.1677
0.8312	0.03721	-0.18
0.9835	-0.05143	-0.2822
0.9983	-0.0495	-0.3194
0.9454	-0.00816	-0.281
0.9119	0.003824	-0.248
0.8465	0.002647	-0.1789
0.8221	-0.01262	-0.1274
0.8475	-0.03574	-0.1754
0.8787	-0.03624	-0.1657
0.9619	-0.04159	-0.1809
1.069	-0.02074	-0.2044
1.143	0.01809	-0.1596
1.162	0.04792	-0.1378
1.164	0.05338	-0.0954
1.192	0.01717	-0.1363
1.24	-0.01597	-0.3846
1.285	-0.06146	-0.693
1.262	-0.1809	-0.807
1.152	-0.3952	-0.7435
1.012	-0.5455	-0.7268
0.8931	-0.4951	-0.623
0.8368	-0.4296	-0.4803
0.8626	-0.3042	-0.5029
0.9369	-0.03162	-0.4637
0.9739	0.02911	-0.435
0.9591	-0.03908	-0.5138
0.9414	0.0395	-0.484
0.8967	-0.02314	-0.4035
0.8086	-0.1766	-0.2839
0.7453	-0.1594	-0.1764
0.7476	-0.1523	-0.2014
0.7677	-0.1607	-0.2142
0.7907	-0.1216	-0.2232
0.8219	-0.126	-0.2476
0.8221	-0.1171	-0.2106
0.8299	-0.1041	-0.1818
0.8666	-0.1043	-0.1566
0.9013	-0.07295	-0.1478
0.9646	-0.04189	-0.1718
1.06	-0.03101	-0.1719
1.179	-0.06038	-0.1766
1.262	-0.08502	-0.165
1.248	-0.0803	-0.1236
1.241	-0.1232	-0.1326
1.304	-0.2378	-0.3006
1.387	-0.3566	-0.645
1.38	-0.3276	-0.8812
1.103	-0.1852	-0.8091
0.6821	-0.06641	-0.5753
0.5632	0.05108	-0.362
0.7433	0.03814	-0.3605
0.8981	-0.1354	-0.5456
1.032	-0.2452	-0.6058
1.058	-0.2421	-0.4932
0.8869	-0.1857	-0.3631
0.7865	-0.1626	-0.2929
0.743	-0.152	-0.2946
0.7055	-0.1184	-0.2611
0.7689	-0.1467	-0.2127
0.7868	-0.1253	-0.2192
0.789	-0.05884	-0.2084
0.8011	-0.0132	-0.1921
0.7679	0.07707	-0.1777
0.7914	0.08532	-0.1677
0.8312	0.03721	-0.18
0.9485	-0.02767	-0.1785
1.146	-0.1629	-0.1974
1.252	-0.2004	-0.2118
1.306	-0.1308	-0.1837
1.319	-0.06886	-0.1492
1.289	-0.03607	-0.1347
1.247	0.01127	-0.2214
1.188	0.09634	-0.4411
1.125	0.0881	-0.7412
1.07	-0.08272	-0.9478
1.077	-0.3355	-0.8841
1.042	-0.4574	-0.7532
0.9441	-0.3908	-0.7011
0.9534	-0.3045	-0.5191
0.9517	-0.1594	-0.3307
0.9198	-0.02292	-0.3895
0.9353	0.01069	-0.4738
0.849	0.1018	-0.4344
0.7293	0.09617	-0.4008
0.699	-0.0592	-0.3229
0.6741	-0.1118	-0.2103
0.6682	-0.1567	-0.2037
0.7224	-0.2106	-0.2095
0.7876	-0.205	-0.1868
0.841	-0.2584	-0.1967
0.8693	-0.2639	-0.1691
0.8657	-0.2059	-0.1342
0.8503	-0.1552	-0.1165
0.8578	-0.07172	-0.1017
0.983	-0.06629	-0.1373
1.223	-0.07375	-0.1704
1.365	-0.006113	-0.1908
1.339	0.05005	-0.1967
1.307	0.0405	-0.2138
1.316	-0.1875	-0.4061
1.322	-0.4539	-0.7409
1.294	-0.3996	-0.9473
1.108	-0.249	-0.8799
0.8219	-0.1866	-0.6817
0.7127	-0.02308	-0.4541
0.7379	0.05946	-0.3085
0.7912	-0.1239	-0.4329
0.9495	-0.288	-0.5111
1.009	-0.3118	-0.3763
0.8937	-0.2609	-0.3389
0.8017	-0.1725	-0.306
0.7093	-0.1082	-0.2264
0.6881	-0.05788	-0.2103
0.7407	-0.03529	-0.1642
0.7155	0.005419	-0.1557
0.7274	0.05873	-0.1841
0.7301	0.07231	-0.1748
0.6928	0.09317	-0.1517
0.8105	0.03475	-0.09882
1.039	-0.05707	-0.09716
1.277	-0.07422	-0.1656
1.361	-0.07168	-0.2058
1.264	-0.03234	-0.1644
1.257	-0.007667	-0.09428
1.291	-0.01629	-0.1559
1.26	-0.01672	-0.4391
1.261	-0.07007	-0.8464
1.24	-0.2495	-0.9929
1.166	-0.4955	-0.8042
0.9485	-0.02767	-0.1785
1.146	-0.1629	-0.1974
1.252	-0.2004	-0.2118
1.306	-0.1308	-0.1837
1.319	-0.06886	-0.1492
1.289	-0.03607	-0.1347
1.247	0.01127	-0.2214
1.188	0.09634	-0.4411
1.125	0.0881	-0.7412
1.07	-0.08272	-0.9478
1.077	-0.3355	-0.8841
1.042	-0.4574	-0.7532
0.9441	-0.3908	-0.7011
0.9534	-0.3045	-0.5191
0.9517	-0.1594	-0.3307
0.9198	-0.02292	-0.3895
0.9353	0.01069	-0.4738
0.849	0.1018	-0.4344
0.7293	0.09617	-0.4008
0.699	-0.0592	-0.3229
0.6741	-0.1118	-0.2103
0.6682	-0.1567	-0.2037
0.7224	-0.2106	-0.2095
0.7876	-0.205	-0.1868
0.841	-0.2584	-0.1967
0.8693	-0.2639	-0.1691
0.8657	-0.2059	-0.1342
0.8503	-0.1552	-0.1165
0.8578	-0.07172	-0.1017
0.983	-0.06629	-0.1373
1.223	-0.07375	-0.1704
1.365	-0.006113	-0.1908
1.339	0.05005	-0.1967
1.307	0.0405	-0.2138
1.316	-0.1875	-0.4061
1.322	-0.4539	-0.7409
1.294	-0.3996	-0.9473
1.108	-0.249	-0.8799
0.8219	-0.1866	-0.6817
0.7127	-0.02308	-0.4541
0.7379	0.05946	-0.3085
0.7912	-0.1239	-0.4329
0.9495	-0.288	-0.5111
1.009	-0.3118	-0.3763
0.8937	-0.2609	-0.3389
0.8017	-0.1725	-0.306
0.7093	-0.1082	-0.2264
0.6881	-0.05788	-0.2103
0.7407	-0.03529	-0.1642
0.7155	0.005419	-0.1557
0.7274	0.05873	-0.1841
0.7301	0.07231	-0.1748
0.6928	0.09317	-0.1517
0.8105	0.03475	-0.09882
1.039	-0.05707	-0.09716
1.277	-0.07422	-0.1656
1.361	-0.07168	-0.2058
1.264	-0.03234	-0.1644
1.257	-0.007667	-0.09428
1.291	-0.01629	-0.1559
1.26	-0.01672	-0.4391
1.261	-0.07007	-0.8464
1.24	-0.2495	-0.9929
1.166	-0.4955	-0.8042
1.045	-0.5205	-0.682
0.8979	-0.3625	-0.5245
0.8761	-0.3026	-0.3195
0.9425	-0.2301	-0.3973
0.9218	-0.03949	-0.4462
0.8326	0.1389	-0.3677
0.7399	0.1117	-0.3481
0.6804	-0.03655	-0.23
0.6766	-0.03306	-0.1898
0.681	-0.07678	-0.2278
0.7289	-0.2013	-0.1482
0.8128	-0.1944	-0.1639
0.8396	-0.2228	-0.1921
0.8386	-0.2393	-0.1347
0.8169	-0.1906	-0.1283
0.8011	-0.1497	-0.08132
0.8693	-0.05437	-0.04592
1.048	-0.05443	-0.1048
1.306	-0.09026	-0.1807
1.435	-0.05019	-0.2367
1.395	-0.04559	-0.1769
1.389	-0.07659	-0.1462
1.397	-0.2936	-0.4328
1.34	-0.5358	-0.8537
1.276	-0.3919	-1.037
1.19	-0.1821	-0.9237
0.9487	-0.136	-0.5902
0.6753	0.0363	-0.2622
0.7355	0.04499	-0.3145
0.9062	-0.2007	-0.4631
0.8483	-0.2125	-0.3324
0.8585	-0.1757	-0.3447
0.8879	-0.1691	-0.3993
0.7788	-0.04799	-0.2469
0.7695	-0.05966	-0.265
0.7417	-0.07624	-0.2525
0.6918	-0.07803	-0.1486
0.7215	-0.1054	-0.1738
0.7271	-0.01596	-0.1453
0.7909	0.02246	-0.1508
0.8273	0.04677	-0.1414
0.8352	0.05118	-0.09445
0.8963	-0.0204	-0.128
0.9813	-0.06118	-0.1085
1.184	-0.09326	-0.1587
1.3	-0.04424	-0.2121
1.302	0.004822	-0.1497
1.377	0.02388	-0.177
1.403	0.05419	-0.3597
1.41	0.01775	-0.6065
1.362	0.007698	-0.7388
1.197	-0.1492	-0.8425
1.074	-0.4269	-0.8494
0.9678	-0.4603	-0.632
0.8875	-0.3444	-0.55
0.9098	-0.2259	-0.4739
0.9269	-0.09018	-0.3787
0.8938	0.04047	-0.5047
0.8715	0.07458	-0.4647
0.8361	-0.01697	-0.3364
0.7945	-0.08904	-0.2579
0.7792	-0.1227	-0.1172
0.7388	-0.1243	-0.1616
0.7058	-0.1034	-0.1857
1.045	-0.5205	-0.682
0.8979	-0.3625	-0.5245
0.8761	-0.3026	-0.3195
0.9425	-0.2301	-0.3973
0.9218	-0.03949	-0.4462
0.8326	0.1389	-0.3677
0.7399	0.1117	-0.3481
0.6804	-0.03655	-0.23
0.6766	-0.03306	-0.1898
0.681	-0.07678	-0.2278
0.7289	-0.2013	-0.1482
0.8128	-0.1944	-0.1639
0.8396	-0.2228	-0.1921
0.8386	-0.2393	-0.1347
0.8169	-0.1906	-0.1283
0.8011	-0.1497	-0.08132
0.8693	-0.05437	-0.04592
1.048	-0.05443	-0.1048
1.306	-0.09026	-0.1807
1.435	-0.05019	-0.2367
1.395	-0.04559	-0.1769
1.389	-0.07659	-0.1462
1.397	-0.2936	-0.4328
1.34	-0.5358	-0.8537
1.276	-0.3919	-1.037
1.19	-0.1821	-0.9237
0.9487	-0.136	-0.5902
0.6753	0.0363	-0.2622
0.7355	0.04499	-0.3145
0.9062	-0.2007	-0.4631
0.8483	-0.2125	-0.3324
0.8585	-0.1757	-0.3447
0.8879	-0.1691	-0.3993
0.7788	-0.04799	-0.2469
0.7695	-0.05966	-0.265
0.7417	-0.07624	-0.2525
0.6918	-0.07803	-0.1486
0.7215	-0.1054	-0.1738
0.7271	-0.01596	-0.1453
0.7909	0.02246	-0.1508
0.8273	0.04677	-0.1414
0.8352	0.05118	-0.09445
0.8963	-0.0204	-0.128
0.9813	-0.06118	-0.1085
1.184	-0.09326	-0.1587
1.3	-0.04424	-0.2121
1.302	0.004822	-0.1497
1.377	0.02388	-0.177
1.403	0.05419	-0.3597
1.41	0.01775	-0.6065
1.362	0.007698	-0.7388
1.197	-0.1492	-0.8425
1.074	-0.4269	-0.8494
0.9678	-0.4603	-0.632
0.8875	-0.3444	-0.55
0.9098	-0.2259	-0.4739
0.9269	-0.09018	-0.3787
0.8938	0.04047	-0.5047
0.8715	0.07458	-0.4647
0.8361	-0.01697	-0.3364
0.7945	-0.08904	-0.2579
0.7792	-0.1227	-0.1172
0.7388	-0.1243	-0.1616
0.7058	-0.1034	-0.1857
0.7028	-0.1102	-0.1425
0.6953	-0.1038	-0.1526
0.7142	-0.101	-0.01793
0.7349	-0.07453	0.02541
0.7771	-0.01576	-0.0665
0.9251	-0.01575	-0.162
1.163	-0.08964	-0.2826
1.377	-0.1806	-0.2786
1.442	-0.1719	-0.204
1.403	-0.09187	-0.09323
1.328	-0.04981	-0.01659
1.213	-0.08756	-0.1305
1.15	-0.31	-0.3837
1.168	-0.5226	-0.7504
1.174	-0.3978	-1.013
1.135	-0.1793	-0.974
1.022	-0.1191	-0.7212
0.8396	-0.05653	-0.39
0.7524	-0.08393	-0.2545
0.7809	-0.2325	-0.3076
0.7677	-0.2491	-0.2844
0.7779	-0.2123	-0.3009
0.8106	-0.1558	-0.382
0.7488	-0.06052	-0.336
0.7152	-0.06416	-0.252
0.7587	-0.0656	-0.17
0.7979	-0.05758	-0.1221
0.8132	-0.06117	-0.1868
0.8084	-0.0113	-0.1916
0.8147	0.0146	-0.1571
0.8173	0.02184	-0.173
0.8611	-0.03668	-0.1635
1.033	-0.1422	-0.1877
1.247	-0.155	-0.2226
1.334	-0.07165	-0.2189
1.322	0.01872	-0.1758
1.36	-0.01932	-0.1079
1.354	-0.05701	-0.2223
1.25	-0.04034	-0.6148
1.164	-0.2107	-0.9746
1.077	-0.4384	-0.8903
1.019	-0.4846	-0.6975
0.9699	-0.4148	-0.7668
0.893	-0.3506	-0.54
0.9104	-0.2839	-0.2756
0.9489	-0.1422	-0.4937
0.9319	0.04368	-0.5436
0.9228	0.1439	-0.4369
0.8645	0.02764	-0.4124
0.7755	-0.1029	-0.2487
0.7415	-0.08129	-0.2254
0.702	-0.1178	-0.2607
0.6591	-0.116	-0.2013
0.7016	-0.04821	-0.2064
0.7255	-0.08387	-0.1407
0.6852	-0.08261	-0.07244
0.6929	-0.07971	-0.05391
0.7245	-0.08448	-0.01512
0.8334	-0.05055	-0.06895
1.099	-0.1265	-0.1732
1.36	-0.2114	-0.2549
1.435	-0.2236	-0.2787
1.393	-0.1983	-0.2278
1.408	-0.1426	-0.2207
0.7028	-0.1102	-0.1425
0.6953	-0.1038	-0.1526
0.7142	-0.101	-0.01793
0.7349	-0.07453	0.02541
0.7771	-0.01576	-0.0665
0.9251	-0.01575	-0.162
1.163	-0.08964	-0.2826
1.377	-0.1806	-0.2786
1.442	-0.1719	-0.204
1.403	-0.09187	-0.09323
1.328	-0.04981	-0.01659
1.213	-0.08756	-0.1305
1.15	-0.31	-0.3837
1.168	-0.5226	-0.7504
1.174	-0.3978	-1.013
1.135	-0.1793	-0.974
1.022	-0.1191	-0.7212
0.8396	-0.05653	-0.39
0.7524	-0.08393	-0.2545
0.7809	-0.2325	-0.3076
0.7677	-0.2491	-0.2844
0.7779	-0.2123	-0.3009
0.8106	-0.1558	-0.382
0.7488	-0.06052	-0.336
0.7152	-0.06416	-0.252
0.7587	-0.0656	-0.17
0.7979	-0.05758	-0.1221
0.8132	-0.06117	-0.1868
0.8084	-0.0113	-0.1916
0.8147	0.0146	-0.1571
0.8173	0.02184	-0.173
0.8611	-0.03668	-0.1635
1.033	-0.1422	-0.1877
1.247	-0.155	-0.2226
1.334	-0.07165	-0.2189
1.322	0.01872	-0.1758
1.36	-0.01932	-0.1079
1.354	-0.05701	-0.2223
1.25	-0.04034	-0.6148
1.164	-0.2107	-0.9746
1.077	-0.4384	-0.8903
1.019	-0.4846	-0.6975
0.9699	-0.4148	-0.7668
0.893	-0.3506	-0.54
0.9104	-0.2839	-0.2756
0.9489	-0.1422	-0.4937
0.9319	0.04368	-0.5436
0.9228	0.1439	-0.4369
0.8645	0.02764	-0.4124
0.7755	-0.1029	-0.2487
0.7415	-0.08129	-0.2254
0.702	-0.1178	-0.2607
0.6591	-0.116	-0.2013
0.7016	-0.04821	-0.2064
0.7255	-0.08387	-0.1407
0.6852	-0.08261	-0.07244
0.6929	-0.07971	-0.05391
0.7245	-0.08448	-0.01512
0.8334	-0.05055	-0.06895
1.099	-0.1265	-0.1732
1.36	-0.2114	-0.2549
1.435	-0.2236	-0.2787
1.393	-0.1983	-0.2278
1.408	-0.1426	-0.2207
1.39	-0.1616	-0.3169
1.332	-0.3073	-0.5776
1.328	-0.4554	-0.9313
1.133	-0.343	-0.9745
0.7437	-0.1217	-0.6538
0.535	-0.09869	-0.3826
0.6003	-0.09698	-0.3442
0.7511	-0.1246	-0.4562
0.8932	-0.218	-0.5179
1.01	-0.1884	-0.4515
0.9901	-0.1464	-0.4233
0.9001	-0.1099	-0.407
0.8355	-0.06606	-0.3353
0.7639	-0.1015	-0.2698
0.7739	-0.1135	-0.2052
0.7755	-0.1227	-0.1957
0.7297	-0.1206	-0.2079
0.7385	-0.05777	-0.1631
0.7319	-0.03229	-0.128
0.7978	-0.0224	-0.1205
0.9322	-0.02937	-0.1471
1.034	-0.0738	-0.1998
1.178	-0.09932	-0.21
1.286	-0.07735	-0.1477
1.303	0.003982	-0.05729
1.269	0.05718	-0.06348
1.206	0.05676	-0.2269
1.157	0.06774	-0.5845
1.14	0.02042	-0.9941
1.209	-0.2365	-1.067
1.255	-0.5994	-0.9171
1.102	-0.6524	-0.7968
0.9028	-0.4479	-0.5003
0.8665	-0.3088	-0.2811
0.8996	-0.08271	-0.4239
0.8783	0.1195	-0.4987
0.8489	0.08111	-0.432
0.7893	0.01984	-0.385
0.6921	-0.06971	-0.2376
0.6718	-0.1548	-0.1517
0.7059	-0.1282	-0.1844
0.7399	-0.139	-0.1628
0.7845	-0.1381	-0.1664
0.8103	-0.1079	-0.1775
0.8094	-0.09927	-0.1362
0.7805	-0.04915	-0.1224
0.7589	-0.03077	-0.1045
0.8169	-0.04217	-0.08466
0.9688	-0.06736	-0.08837
1.193	-0.1316	-0.1385
1.36	-0.1629	-0.2222
1.351	-0.1583	-0.1959
1.339	-0.1604	-0.1547
1.403	-0.2277	-0.2599
1.397	-0.3691	-0.5581
1.394	-0.4727	-0.9766
1.324	-0.3828	-1.073
1.092	-0.1917	-0.8737
0.8815	-0.09853	-0.6313
0.6544	0.04055	-0.262
0.6516	0.04585	-0.2807
0.8978	-0.2302	-0.5036
0.8761	-0.3262	-0.2926
0.8579	-0.2998	-0.3084
1.39	-0.1616	-0.3169
1.332	-0.3073	-0.5776
1.328	-0.4554	-0.9313
1.133	-0.343	-0.9745
0.7437	-0.1217	-0.6538
0.535	-0.09869	-0.3826
0.6003	-0.09698	-0.3442
0.7511	-0.1246	-0.4562
0.8932	-0.218	-0.5179
1.01	-0.1884	-0.4515
0.9901	-0.1464	-0.4233
0.9001	-0.1099	-0.407
0.8355	-0.06606	-0.3353
0.7639	-0.1015	-0.2698
0.7739	-0.1135	-0.2052
0.7755	-0.1227	-0.1957
0.7297	-0.1206	-0.2079
0.7385	-0.05777	-0.1631
0.7319	-0.03229	-0.128
0.7978	-0.0224	-0.1205
0.9322	-0.02937	-0.1471
1.034	-0.0738	-0.1998
1.178	-0.09932	-0.21
1.286	-0.07735	-0.1477
1.303	0.003982	-0.05729
1.269	0.05718	-0.06348
1.206	0.05676	-0.2269
1.157	0.06774	-0.5845
1.14	0.02042	-0.9941
1.209	-0.2365	-1.067
1.255	-0.5994	-0.9171
1.102	-0.6524	-0.7968
0.9028	-0.4479	-0.5003
0.8665	-0.3088	-0.2811
0.8996	-0.08271	-0.4239
0.8783	0.1195	-0.4987
0.8489	0.08111	-0.432
0.7893	0.01984	-0.385
0.6921	-0.06971	-0.2376
0.6718	-0.1548	-0.1517
0.7059	-0.1282	-0.1844
0.7399	-0.139	-0.1628
0.7845	-0.1381	-0.1664
0.8103	-0.1079	-0.1775
0.8094	-0.09927	-0.1362
0.7805	-0.04915	-0.1224
0.7589	-0.03077	-0.1045
0.8169	-0.04217	-0.08466
0.9688	-0.06736	-0.08837
1.193	-0.1316	-0.1385
1.36	-0.1629	-0.2222
1.351	-0.1583	-0.1959
1.339	-0.1604	-0.1547
1.403	-0.2277	-0.2599
1.397	-0.3691	-0.5581
1.394	-0.4727	-0.9766
1.324	-0.3828	-1.073
1.092	-0.1917	-0.8737
0.8815	-0.09853	-0.6313
0.6544	0.04055	-0.262
0.6516	0.04585	-0.2807
0.8978	-0.2302	-0.5036
0.8761	-0.3262	-0.2926
0.8579	-0.2998	-0.3084
0.9096	-0.2761	-0.4108
0.7863	-0.1559	-0.2444
0.7884	-0.1117	-0.3298
0.7765	-0.04895	-0.2878
0.7669	-0.02132	-0.171
0.8388	-0.04028	-0.2428
0.7673	0.03698	-0.1728
0.7683	0.03387	-0.1925
0.7736	0.04428	-0.1818
0.7757	0.04719	-0.1107
0.9373	-0.03502	-0.1718
1.072	-0.05729	-0.1623
1.21	-0.09818	-0.2098
1.279	-0.0704	-0.1904
1.289	0.01014	-0.07797
1.343	0.02789	-0.08762
1.315	0.02805	-0.1479
1.317	-0.04464	-0.4395
1.284	-0.118	-0.8204
1.144	-0.2618	-0.9141
1.011	-0.4401	-0.7614
0.8575	-0.4035	-0.5845
0.824	-0.3235	-0.4886
0.9131	-0.2525	-0.3995
0.9676	-0.09268	-0.4447
0.9871	0.006535	-0.5146
0.9529	0.01511	-0.4337
0.8967	-0.008516	-0.4056
0.8289	-0.06629	-0.3001
0.7316	-0.156	-0.1497
0.6938	-0.1908	-0.1537
0.7289	-0.1421	-0.1475
0.7476	-0.1299	-0.162
0.7545	-0.134	-0.2032
0.7895	-0.1191	-0.2095
0.7969	-0.1275	-0.2082
0.7793	-0.1128	-0.1599
0.7952	-0.09929	-0.1473
0.8871	-0.1124	-0.156
1.099	-0.113	-0.1559
1.318	-0.1287	-0.1906
1.395	-0.1379	-0.1737
1.356	-0.09778	-0.1006
1.27	-0.08282	-0.05926
1.166	-0.1857	-0.1843
1.117	-0.3148	-0.4477
1.231	-0.3454	-0.7845
1.312	-0.3628	-1.157
1.103	-0.2857	-1.023
0.8278	-0.02972	-0.4976
0.7099	0.08316	-0.3311
0.6785	0.01318	-0.2824
0.7176	-0.06135	-0.2661
0.819	-0.1938	-0.3812
0.9084	-0.235	-0.3341
0.9279	-0.1499	-0.4078
0.858	-0.1175	-0.4381
0.7884	-0.07904	-0.2654
0.7974	-0.05544	-0.245
0.8138	-0.07068	-0.1578
0.7964	-0.03548	-0.1468
0.7613	-0.0005922	-0.2243
0.6978	0.02221	-0.1621
0.7064	0.01282	-0.2129
0.9096	-0.2761	-0.4108
0.7863	-0.1559	-0.2444
0.7884	-0.1117	-0.3298
0.7765	-0.04895	-0.2878
0.7669	-0.02132	-0.171
0.8388	-0.04028	-0.2428
0.7673	0.03698	-0.1728
0.7683	0.03387	-0.1925
0.7736	0.04428	-0.1818
0.7757	0.04719	-0.1107
0.9373	-0.03502	-0.1718
1.072	-0.05729	-0.1623
1.21	-0.09818	-0.2098
1.279	-0.0704	-0.1904
1.289	0.01014	-0.07797
1.343	0.02789	-0.08762
1.315	0.02805	-0.1479
1.317	-0.04464	-0.4395
1.284	-0.118	-0.8204
1.144	-0.2618	-0.9141
1.011	-0.4401	-0.7614
0.8575	-0.4035	-0.5845
0.824	-0.3235	-0.4886
0.9131	-0.2525	-0.3995
0.9676	-0.09268	-0.4447
0.9871	0.006535	-0.5146
0.9529	0.01511	-0.4337
0.8967	-0.008516	-0.4056
0.8289	-0.06629	-0.3001
0.7316	-0.156	-0.1497
0.6938	-0.1908	-0.1537
0.7289	-0.1421	-0.1475
0.7476	-0.1299	-0.162
0.7545	-0.134	-0.2032
0.7895	-0.1191	-0.2095
0.7969	-0.1275	-0.2082
0.7793	-0.1128	-0.1599
0.7952	-0.09929	-0.1473
0.8871	-0.1124	-0.156
1.099	-0.113	-0.1559
1.318	-0.1287	-0.1906
1.395	-0.1379	-0.1737
1.356	-0.09778	-0.1006
1.27	-0.08282	-0.05926
1.166	-0.1857	-0.1843
1.117	-0.3148	-0.4477
1.231	-0.3454	-0.7845
1.312	-0.3628	-1.157
1.103	-0.2857	-1.023
0.8278	-0.02972	-0.4976
0.7099	0.08316	-0.3311
0.6785	0.01318	-0.2824
0.7176	-0.06135	-0.2661
0.819	-0.1938	-0.3812
0.9084	-0.235	-0.3341
0.9279	-0.1499	-0.4078
0.858	-0.1175	-0.4381
0.7884	-0.07904	-0.2654
0.7974	-0.05544	-0.245
0.8138	-0.07068	-0.1578
0.7964	-0.03548	-0.1468
0.7613	-0.0005922	-0.2243
0.6978	0.02221	-0.1621
0.7064	0.01282	-0.2129
0.8745	-0.07316	-0.1917
1.083	-0.1308	-0.1636
1.194	-0.09624	-0.2642
1.231	-0.03226	-0.2626
1.248	-0.01626	-0.2359
1.221	-0.05963	-0.1355
1.221	-0.1302	-0.09263
1.27	-0.1637	-0.2515
1.274	-0.0825	-0.5432
1.241	-0.0299	-0.9134
1.132	-0.1815	-0.9465
0.9482	-0.3522	-0.7149
0.8136	-0.3408	-0.5735
0.7932	-0.2647	-0.4336
0.8682	-0.1864	-0.4104
0.9235	-0.002732	-0.5002
0.9511	0.1388	-0.5254
0.9259	0.09673	-0.5389
0.8308	0.04198	-0.4999
0.8064	-0.05252	-0.3479
0.7489	-0.2347	-0.1846
0.7044	-0.2454	-0.1727
0.7916	-0.1598	-0.2471
0.7914	-0.1908	-0.216
0.7794	-0.172	-0.2064
0.8046	-0.1071	-0.2327
0.7721	-0.09212	-0.1733
0.7934	-0.056	-0.1658
0.8154	-0.07644	-0.1683
0.8684	-0.104	-0.1343
0.972	-0.08662	-0.1553
1.058	-0.1072	-0.1544
1.267	-0.07943	-0.1545
1.403	-0.05055	-0.149
1.29	-0.02881	-0.07737
1.225	0.004357	-0.05614
1.255	-0.1713	-0.2279
1.275	-0.4288	-0.6241
1.31	-0.4693	-1.001
1.194	-0.3454	-1.076
0.9249	-0.2048	-0.7562
0.7698	-0.06139	-0.3179
0.7399	0.009798	-0.2499
0.7644	-0.1078	-0.3659
0.8072	-0.2388	-0.3339
0.829	-0.2623	-0.3573
0.8665	-0.2364	-0.4381
0.8327	-0.1582	-0.4456
0.7636	-0.1124	-0.4012
0.7682	-0.08633	-0.3121
0.7801	-0.07509	-0.2515
0.8259	-0.103	-0.2414
0.8726	-0.05697	-0.2535
0.8816	-0.007025	-0.2628
0.9004	0.02619	-0.225
0.8839	0.05892	-0.1796
0.8855	-0.01242	-0.1537
0.9423	-0.09074	-0.1441
1.037	-0.1294	-0.1633
1.158	-0.138	-0.1854
1.2	-0.07946	-0.1875
1.179	-0.02601	-0.1441
1.147	-0.002161	-0.06343
1.116	-0.01014	-0.07307
0.8745	-0.07316	-0.1917
1.083	-0.1308	-0.1636
1.194	-0.09624	-0.2642
1.231	-0.03226	-0.2626
1.248	-0.01626	-0.2359
1.221	-0.05963	-0.1355
1.221	-0.1302	-0.09263
1.27	-0.1637	-0.2515
1.274	-0.0825	-0.5432
1.241	-0.0299	-0.9134
1.132	-0.1815	-0.9465
0.9482	-0.3522	-0.7149
0.8136	-0.3408	-0.5735
0.7932	-0.2647	-0.4336
0.8682	-0.1864	-0.4104
0.9235	-0.002732	-0.5002
0.9511	0.1388	-0.5254
0.9259	0.09673	-0.5389
0.8308	0.04198	-0.4999
0.8064	-0.05252	-0.3479
0.7489	-0.2347	-0.1846
0.7044	-0.2454	-0.1727
0.7916	-0.1598	-0.2471
0.7914	-0.1908	-0.216
0.7794	-0.172	-0.2064
0.8046	-0.1071	-0.2327
0.7721	-0.09212	-0.1733
0.7934	-0.056	-0.1658
0.8154	-0.07644	-0.1683
0.8684	-0.104	-0.1343
0.972	-0.08662	-0.1553
1.058	-0.1072	-0.1544
1.267	-0.07943	-0.1545
1.403	-0.05055	-0.149
1.29	-0.02881	-0.07737
1.225	0.004357	-0.05614
1.255	-0.1713	-0.2279
1.275	-0.4288	-0.6241
1.31	-0.4693	-1.001
1.194	-0.3454	-1.076
0.9249	-0.2048	-0.7562
0.7698	-0.06139	-0.3179
0.7399	0.009798	-0.2499
0.7644	-0.1078	-0.3659
0.8072	-0.2388	-0.3339
0.829	-0.2623	-0.3573
0.8665	-0.2364	-0.4381
0.8327	-0.1582	-0.4456
0.7636	-0.1124	-0.4012
0.7682	-0.08633	-0.3121
0.7801	-0.07509	-0.2515
0.8259	-0.103	-0.2414
0.8726	-0.05697	-0.2535
0.8816	-0.007025	-0.2628
0.9004	0.02619	-0.225
0.8839	0.05892	-0.1796
0.8855	-0.01242	-0.1537
0.9423	-0.09074	-0.1441
1.037	-0.1294	-0.1633
1.158	-0.138	-0.1854
1.2	-0.07946	-0.1875
1.179	-0.02601	-0.1441
1.147	-0.002161	-0.06343
1.116	-0.01014	-0.07307
1.147	-0.001119	-0.338
1.201	0.007407	-0.7836
1.229	-0.1411	-1.012
1.218	-0.3316	-0.9047
1.071	-0.3697	-0.7458
0.847	-0.3398	-0.5509
0.8128	-0.2845	-0.3514
0.9535	-0.08051	-0.3792
1	0.1129	-0.4385
0.9511	0.07086	-0.4338
0.9084	0.03389	-0.503
0.8415	0.02616	-0.4231
0.7563	-0.1344	-0.2506
0.7142	-0.1754	-0.213
0.7416	-0.1104	-0.1932
0.796	-0.1527	-0.2151
0.8792	-0.1432	-0.2656
0.951	-0.1376	-0.2483
0.9233	-0.1871	-0.2254
0.8761	-0.1613	-0.1631
0.8307	-0.1222	-0.08583
0.7834	-0.0522	-0.06313
0.8244	0.01254	-0.06639
0.9347	-0.01411	-0.1169
1.118	-0.04715	-0.1907
1.274	-0.09191	-0.2073
1.253	-0.1031	-0.1296
1.182	-0.04815	-0.02654
1.14	-0.03739	-0.0169
1.147	-0.09939	-0.1384
1.251	-0.2705	-0.4515
1.355	-0.4362	-0.8594
1.351	-0.3918	-0.9935
1.148	-0.2714	-0.8591
0.9023	-0.2226	-0.7902
0.8262	-0.1452	-0.6234
0.7463	-0.07864	-0.3339
0.7649	-0.1635	-0.4007
0.9718	-0.2626	-0.5339
0.9631	-0.213	-0.4111
0.8698	-0.1501	-0.4547
0.9015	-0.1458	-0.4868
0.8422	-0.1055	-0.3488
0.8212	-0.08188	-0.3278
0.848	-0.09747	-0.2891
0.8305	-0.08881	-0.2869
0.8655	-0.08477	-0.3238
0.8603	-0.07129	-0.2686
0.8641	-0.05372	-0.2858
0.8888	-0.04816	-0.2486
0.8665	-0.03745	-0.1862
0.8788	-0.04992	-0.199
0.8679	-0.04867	-0.1569
0.8578	-0.06395	-0.1716
0.861	-0.1196	-0.1659
0.8526	-0.1404	-0.1174
0.9334	-0.1391	-0.1371
1.061	-0.08085	-0.1229
1.154	0.02213	-0.1294
1.144	0.0626	-0.1347
1.083	0.0399	-0.0989
1.084	-0.004552	-0.0977
1.119	-0.02075	-0.1699
1.222	0.01586	-0.4874
