0.9863	-0.006492	-0.1401
1.018	0.006975	-0.1475
1.033	0.03885	-0.1597
1.031	0.05426	-0.1317
1.008	0.0603	-0.09232
0.9742	0.06111	-0.0538
0.9917	0.06344	-0.03565
1.035	0.05069	-0.08206
1.123	0.03053	-0.138
1.257	0.02643	-0.1654
1.384	-0.02154	-0.1305
1.539	-0.1563	-0.05015
1.67	-0.3368	-0.03443
1.657	-0.3987	-0.1498
1.566	-0.3069	-0.3377
1.45	-0.3097	-0.3844
1.227	-0.4798	-0.2326
0.9956	-0.6864	-0.06121
0.9368	-0.7905	0.02891
1.03	-0.7198	-0.001064
1.128	-0.6362	-0.08555
1.135	-0.5729	-0.1113
1.091	-0.4312	-0.08972
1.016	-0.3024	-0.03465
0.9101	-0.2597	-0.001405
0.8319	-0.2993	-0.002498
0.7808	-0.3186	0.0219
0.7453	-0.2999	0.02414
0.6971	-0.3023	0.01892
0.6292	-0.2105	0.03533
0.5912	-0.1165	0.0464
0.5621	-0.08096	0.07132
0.5803	-0.01422	0.07639
0.6441	-0.01819	0.05738
0.6808	-0.04853	0.04229
0.7208	-0.1172	0.04308
0.7371	-0.2555	0.08228
0.747	-0.3055	0.1304
0.812	-0.2915	0.1665
0.8958	-0.2336	0.1661
1.007	-0.1419	0.1463
1.126	-0.08624	0.1445
1.249	-0.07286	0.1149
1.404	-0.1011	0.07704
1.534	-0.141	0.06179
1.686	-0.2345	0.06226
1.822	-0.3133	0.08016
1.631	-0.2844	0.08994
1.15	-0.2702	0.1242
0.8697	-0.29	0.1588
0.9141	-0.334	0.1293
0.9496	-0.4191	0.08559
0.9959	-0.45	0.02969
1.239	-0.4329	-0.05634
1.313	-0.4145	-0.08626
1.093	-0.353	-0.0456
0.9473	-0.2615	-0.0175
0.8036	-0.174	0.008888
0.6437	-0.09153	0.02348
0.5978	-0.05678	-0.03721
0.5367	-0.05891	-0.09782
0.5558	-0.0715	-0.1281
0.6198	-0.1332	-0.1543
0.6674	-0.2163	-0.1609
0.7816	-0.2895	-0.1839
0.8212	-0.3308	-0.1906
0.8892	-0.3129	-0.1731
1.011	-0.2629	-0.1708
1.031	-0.1645	-0.1651
1.032	-0.0193	-0.1634
1.017	0.09792	-0.1408
1.006	0.1163	-0.1125
1.03	0.07694	-0.104
1.052	0.03981	-0.09051
1.082	-0.09063	-0.09423
1.116	-0.2471	-0.09181
1.217	-0.3369	-0.1139
1.396	-0.4648	-0.1937
1.591	-0.5215	-0.2433
1.673	-0.4886	-0.2286
1.513	-0.5385	-0.1461
1.238	-0.6065	-0.07376
1.023	-0.6069	-0.1092
1.002	-0.5211	-0.1628
1.118	-0.3946	-0.158
1.111	-0.2983	-0.1061
1.024	-0.1872	-0.004916
0.9447	-0.1178	0.05864
0.8474	-0.1508	0.01093
0.8063	-0.1878	-0.0435
0.7675	-0.2119	-0.05289
0.7305	-0.2644	-0.04698
0.7133	-0.289	-0.01437
0.6422	-0.2757	-0.005168
0.5905	-0.2781	0.01059
0.5905	-0.256	0.04787
0.6474	-0.1471	0.02568
0.7305	-0.01032	0.02393
0.761	0.003238	0.04479
0.8153	-0.0612	0.0458
0.8906	-0.07263	0.09404
0.9158	-0.1212	0.12
0.9025	-0.1641	0.1229
0.9294	-0.148	0.1576
0.9962	-0.1667	0.1557
0.9957	-0.1207	0.1378
1.032	-0.04929	0.1442
1.123	-0.03168	0.1583
1.214	0.01481	0.171
1.403	0.002223	0.1498
1.574	-0.1057	0.09034
1.642	-0.2724	0.04003
1.594	-0.4132	0.0313
1.352	-0.4176	0.03176
1.009	-0.3926	0.02125
0.7415	-0.3872	0.04155
0.7479	-0.4159	0.06545
0.9329	-0.4621	0.0202
1.06	-0.412	-0.06147
1.109	-0.342	-0.122
1.006	-0.262	-0.142
0.885	-0.1512	-0.1088
0.8194	-0.07773	-0.06814
0.66	0.01886	-0.04455
0.5893	0.06967	-0.03175
0.6363	0.007499	-0.05315
0.6604	-0.07182	-0.08305
0.7343	-0.1861	-0.1209
0.7816	-0.2895	-0.1839
0.8212	-0.3308	-0.1906
0.8892	-0.3129	-0.1731
1.011	-0.2629	-0.1708
1.031	-0.1645	-0.1651
1.032	-0.0193	-0.1634
1.017	0.09792	-0.1408
1.006	0.1163	-0.1125
1.03	0.07694	-0.104
1.052	0.03981	-0.09051
1.082	-0.09063	-0.09423
1.116	-0.2471	-0.09181
1.217	-0.3369	-0.1139
1.396	-0.4648	-0.1937
1.591	-0.5215	-0.2433
1.673	-0.4886	-0.2286
1.513	-0.5385	-0.1461
1.238	-0.6065	-0.07376
1.023	-0.6069	-0.1092
1.002	-0.5211	-0.1628
1.118	-0.3946	-0.158
1.111	-0.2983	-0.1061
1.024	-0.1872	-0.004916
0.9447	-0.1178	0.05864
0.8474	-0.1508	0.01093
0.8063	-0.1878	-0.0435
0.7675	-0.2119	-0.05289
0.7305	-0.2644	-0.04698
0.7133	-0.289	-0.01437
0.6422	-0.2757	-0.005168
0.5905	-0.2781	0.01059
0.5905	-0.256	0.04787
0.6474	-0.1471	0.02568
0.7305	-0.01032	0.02393
0.761	0.003238	0.04479
0.8153	-0.0612	0.0458
0.8906	-0.07263	0.09404
0.9158	-0.1212	0.12
0.9025	-0.1641	0.1229
0.9294	-0.148	0.1576
0.9962	-0.1667	0.1557
0.9957	-0.1207	0.1378
1.032	-0.04929	0.1442
1.123	-0.03168	0.1583
1.214	0.01481	0.171
1.403	0.002223	0.1498
1.574	-0.1057	0.09034
1.642	-0.2724	0.04003
1.594	-0.4132	0.0313
1.352	-0.4176	0.03176
1.009	-0.3926	0.02125
0.7415	-0.3872	0.04155
0.7479	-0.4159	0.06545
0.9329	-0.4621	0.0202
1.06	-0.412	-0.06147
1.109	-0.342	-0.122
1.006	-0.262	-0.142
0.885	-0.1512	-0.1088
0.8194	-0.07773	-0.06814
0.66	0.01886	-0.04455
0.5893	0.06967	-0.03175
0.6363	0.007499	-0.05315
0.6604	-0.07182	-0.08305
0.7343	-0.1861	-0.1209
0.8215	-0.3097	-0.175
0.8751	-0.3402	-0.1964
0.9305	-0.3197	-0.2017
0.9936	-0.2803	-0.2073
1.022	-0.1935	-0.1924
1.007	-0.1152	-0.1671
0.9944	-0.05705	-0.1407
0.9718	0.003754	-0.1323
0.9961	0.02247	-0.1337
1.064	0.02181	-0.1206
1.1	0.02345	-0.1132
1.15	-0.01819	-0.1155
1.229	-0.1407	-0.1194
1.356	-0.3572	-0.1505
1.496	-0.5336	-0.2178
1.532	-0.5377	-0.2587
1.519	-0.4972	-0.2363
1.512	-0.5329	-0.2187
1.443	-0.5794	-0.2236
1.267	-0.5937	-0.211
1.074	-0.533	-0.1939
1.031	-0.4112	-0.1478
1.07	-0.3767	-0.04666
1.026	-0.3723	0.05657
0.9474	-0.2881	0.08693
0.8992	-0.2125	0.005629
0.858	-0.1524	-0.082
0.8144	-0.1266	-0.07826
0.7433	-0.1605	-0.04803
0.671	-0.1882	-0.0203
0.627	-0.2451	0.01072
0.5819	-0.2854	0.02987
0.589	-0.22	0.04379
0.6387	-0.1203	0.04745
0.6675	-0.04689	0.05999
0.7333	-0.01573	0.07643
0.7979	-0.01221	0.09163
0.8189	-0.03446	0.126
0.8597	-0.1066	0.1495
0.9107	-0.1599	0.1706
0.9773	-0.1568	0.1897
1.049	-0.1417	0.1877
1.088	-0.1029	0.1978
1.135	-0.03152	0.1996
1.205	0.01885	0.1776
1.319	-0.009402	0.1379
1.498	-0.1529	0.09374
1.647	-0.3547	0.1138
1.616	-0.4294	0.1431
1.352	-0.3531	0.115
0.9726	-0.3185	0.09717
0.7354	-0.3292	0.07244
0.7878	-0.3633	0.03531
0.9417	-0.4655	0.02338
1.069	-0.4552	-0.03718
1.144	-0.3586	-0.1137
1.024	-0.3135	-0.1148
0.8648	-0.2175	-0.0821
0.7842	-0.1313	-0.04557
0.6735	-0.09005	-0.02986
0.6481	-0.04415	-0.05589
0.6669	-0.04601	-0.08932
0.6851	-0.08908	-0.1266
0.7855	-0.1915	-0.1555
0.8215	-0.3097	-0.175
0.8751	-0.3402	-0.1964
0.9305	-0.3197	-0.2017
0.9936	-0.2803	-0.2073
1.022	-0.1935	-0.1924
1.007	-0.1152	-0.1671
0.9944	-0.05705	-0.1407
0.9718	0.003754	-0.1323
0.9961	0.02247	-0.1337
1.064	0.02181	-0.1206
1.1	0.02345	-0.1132
1.15	-0.01819	-0.1155
1.229	-0.1407	-0.1194
1.356	-0.3572	-0.1505
1.496	-0.5336	-0.2178
1.532	-0.5377	-0.2587
1.519	-0.4972	-0.2363
1.512	-0.5329	-0.2187
1.443	-0.5794	-0.2236
1.267	-0.5937	-0.211
1.074	-0.533	-0.1939
1.031	-0.4112	-0.1478
1.07	-0.3767	-0.04666
1.026	-0.3723	0.05657
0.9474	-0.2881	0.08693
0.8992	-0.2125	0.005629
0.858	-0.1524	-0.082
0.8144	-0.1266	-0.07826
0.7433	-0.1605	-0.04803
0.671	-0.1882	-0.0203
0.627	-0.2451	0.01072
0.5819	-0.2854	0.02987
0.589	-0.22	0.04379
0.6387	-0.1203	0.04745
0.6675	-0.04689	0.05999
0.7333	-0.01573	0.07643
0.7979	-0.01221	0.09163
0.8189	-0.03446	0.126
0.8597	-0.1066	0.1495
0.9107	-0.1599	0.1706
0.9773	-0.1568	0.1897
1.049	-0.1417	0.1877
1.088	-0.1029	0.1978
1.135	-0.03152	0.1996
1.205	0.01885	0.1776
1.319	-0.009402	0.1379
1.498	-0.1529	0.09374
1.647	-0.3547	0.1138
1.616	-0.4294	0.1431
1.352	-0.3531	0.115
0.9726	-0.3185	0.09717
0.7354	-0.3292	0.07244
0.7878	-0.3633	0.03531
0.9417	-0.4655	0.02338
1.069	-0.4552	-0.03718
1.144	-0.3586	-0.1137
1.024	-0.3135	-0.1148
0.8648	-0.2175	-0.0821
0.7842	-0.1313	-0.04557
0.6735	-0.09005	-0.02986
0.6481	-0.04415	-0.05589
0.6669	-0.04601	-0.08932
0.6851	-0.08908	-0.1266
0.7855	-0.1915	-0.1555
0.8116	-0.2567	-0.1552
0.8003	-0.2539	-0.1479
0.847	-0.2873	-0.1419
0.8899	-0.2614	-0.1349
0.9826	-0.1948	-0.1468
1.054	-0.1333	-0.1675
1.029	-0.03815	-0.1599
1.009	0.02777	-0.1411
1.032	0.06031	-0.1211
1.059	0.01572	-0.08201
1.082	-0.05504	-0.05554
1.092	-0.06725	-0.05241
1.105	-0.1037	-0.05964
1.207	-0.1528	-0.08785
1.358	-0.26	-0.1554
1.457	-0.4212	-0.2607
1.534	-0.4914	-0.314
1.56	-0.5522	-0.2609
1.54	-0.7034	-0.1756
1.47	-0.8042	-0.1231
1.203	-0.6718	-0.1185
0.8844	-0.4736	-0.1217
0.9115	-0.4223	-0.08344
1.088	-0.3053	-0.009577
1.039	-0.1295	0.07307
1.027	-0.1343	0.07034
1.044	-0.1984	-0.01309
0.9027	-0.205	-0.05389
0.8564	-0.2456	-0.08309
0.8099	-0.2908	-0.06435
0.6959	-0.2968	0.01284
0.6646	-0.3288	2.751e-05
0.6262	-0.2867	0.0002274
0.5982	-0.1664	0.04263
0.5842	-0.1225	0.03995
0.6014	-0.08369	0.07922
0.6403	-0.02456	0.1142
0.6738	0.03111	0.1262
0.7662	0.01939	0.1451
0.777	-0.08738	0.1443
0.7653	-0.09774	0.1651
0.8226	-0.1017	0.1751
0.8687	-0.1093	0.1773
0.9537	0.01486	0.1747
0.9931	0.08856	0.1542
1.037	0.08955	0.1655
1.174	0.0621	0.1564
1.306	0.0242	0.1229
1.439	-0.002988	0.08848
1.509	-0.08078	0.05181
1.524	-0.1724	0.06784
1.574	-0.3472	0.1042
1.567	-0.4862	0.1203
1.382	-0.4961	0.1034
1.001	-0.5497	0.08371
0.649	-0.514	0.1445
0.5906	-0.4743	0.1934
0.7633	-0.5809	0.1222
1.004	-0.638	0.006916
1.271	-0.6363	-0.09777
1.323	-0.5256	-0.1631
1.089	-0.315	-0.1299
0.9371	-0.1429	-0.06139
0.8615	-0.004752	-0.03003
0.8116	-0.2567	-0.1552
0.8003	-0.2539	-0.1479
0.847	-0.2873	-0.1419
0.8899	-0.2614	-0.1349
0.9826	-0.1948	-0.1468
1.054	-0.1333	-0.1675
1.029	-0.03815	-0.1599
1.009	0.02777	-0.1411
1.032	0.06031	-0.1211
1.059	0.01572	-0.08201
1.082	-0.05504	-0.05554
1.092	-0.06725	-0.05241
1.105	-0.1037	-0.05964
1.207	-0.1528	-0.08785
1.358	-0.26	-0.1554
1.457	-0.4212	-0.2607
1.534	-0.4914	-0.314
1.56	-0.5522	-0.2609
1.54	-0.7034	-0.1756
1.47	-0.8042	-0.1231
1.203	-0.6718	-0.1185
0.8844	-0.4736	-0.1217
0.9115	-0.4223	-0.08344
1.088	-0.3053	-0.009577
1.039	-0.1295	0.07307
1.027	-0.1343	0.07034
1.044	-0.1984	-0.01309
0.9027	-0.205	-0.05389
0.8564	-0.2456	-0.08309
0.8099	-0.2908	-0.06435
0.6959	-0.2968	0.01284
0.6646	-0.3288	2.751e-05
0.6262	-0.2867	0.0002274
0.5982	-0.1664	0.04263
0.5842	-0.1225	0.03995
0.6014	-0.08369	0.07922
0.6403	-0.02456	0.1142
0.6738	0.03111	0.1262
0.7662	0.01939	0.1451
0.777	-0.08738	0.1443
0.7653	-0.09774	0.1651
0.8226	-0.1017	0.1751
0.8687	-0.1093	0.1773
0.9537	0.01486	0.1747
0.9931	0.08856	0.1542
1.037	0.08955	0.1655
1.174	0.0621	0.1564
1.306	0.0242	0.1229
1.439	-0.002988	0.08848
1.509	-0.08078	0.05181
1.524	-0.1724	0.06784
1.574	-0.3472	0.1042
1.567	-0.4862	0.1203
1.382	-0.4961	0.1034
1.001	-0.5497	0.08371
0.649	-0.514	0.1445
0.5906	-0.4743	0.1934
0.7633	-0.5809	0.1222
1.004	-0.638	0.006916
1.271	-0.6363	-0.09777
1.323	-0.5256	-0.1631
1.089	-0.315	-0.1299
0.9371	-0.1429	-0.06139
0.8615	-0.004752	-0.03003
0.7756	0.02261	-0.01067
0.7703	-0.0408	-0.02847
0.7177	-0.1122	-0.0652
0.6807	-0.2271	-0.08671
0.6379	-0.3651	-0.1197
0.5543	-0.4225	-0.1317
0.6404	-0.3304	-0.1564
0.7492	-0.2124	-0.1898
0.8228	-0.1369	-0.1771
0.9473	-0.07556	-0.1923
0.9993	-0.07311	-0.2027
1.006	-0.05866	-0.1683
0.9695	-0.0274	-0.1268
0.9307	-0.0415	-0.06588
0.9983	-0.03355	-0.04693
1.086	-0.006546	-0.05962
1.134	0.01677	-0.04596
1.143	0.02096	-0.03709
1.161	-0.05395	-0.02668
1.263	-0.1705	-0.02626
1.442	-0.2445	-0.07019
1.664	-0.2508	-0.1295
1.767	-0.263	-0.1407
1.617	-0.4113	-0.1121
1.376	-0.6714	-0.1116
1.205	-0.7848	-0.1292
1.123	-0.6317	-0.1377
1.137	-0.4511	-0.1322
1.149	-0.3525	-0.1125
1.103	-0.2666	-0.1019
1.018	-0.2375	-0.09082
0.8677	-0.1977	-0.07769
0.7967	-0.188	-0.07453
0.7586	-0.3187	-0.0509
0.5898	-0.3997	-0.006941
0.5573	-0.4001	0.005096
0.6176	-0.3823	-0.01265
0.5419	-0.3009	-0.01259
0.5623	-0.2366	-0.01284
0.6617	-0.1707	-0.0201
0.7388	-0.06293	-0.01098
0.8497	0.007587	-0.003789
0.8725	-0.02068	0.03815
0.8979	-0.06867	0.112
0.9256	-0.07442	0.1415
0.8558	-0.1889	0.1615
0.8932	-0.2868	0.1904
0.9599	-0.229	0.173
0.9794	-0.1566	0.1515
1.039	-0.03249	0.1722
1.022	0.04496	0.2091
1.054	0.004538	0.2619
1.18	-0.001312	0.2789
1.31	-0.04979	0.2086
1.52	-0.2182	0.1607
1.639	-0.4053	0.1802
1.585	-0.4746	0.1674
1.398	-0.4274	0.09133
1.071	-0.3583	0.01258
0.8552	-0.2934	0.006184
0.8537	-0.3119	0.03692
0.9443	-0.3692	0.02667
1.036	-0.3583	0.003359
1.048	-0.3535	-0.02838
0.7756	0.02261	-0.01067
0.7703	-0.0408	-0.02847
0.7177	-0.1122	-0.0652
0.6807	-0.2271	-0.08671
0.6379	-0.3651	-0.1197
0.5543	-0.4225	-0.1317
0.6404	-0.3304	-0.1564
0.7492	-0.2124	-0.1898
0.8228	-0.1369	-0.1771
0.9473	-0.07556	-0.1923
0.9993	-0.07311	-0.2027
1.006	-0.05866	-0.1683
0.9695	-0.0274	-0.1268
0.9307	-0.0415	-0.06588
0.9983	-0.03355	-0.04693
1.086	-0.006546	-0.05962
1.134	0.01677	-0.04596
1.143	0.02096	-0.03709
1.161	-0.05395	-0.02668
1.263	-0.1705	-0.02626
1.442	-0.2445	-0.07019
1.664	-0.2508	-0.1295
1.767	-0.263	-0.1407
1.617	-0.4113	-0.1121
1.376	-0.6714	-0.1116
1.205	-0.7848	-0.1292
1.123	-0.6317	-0.1377
1.137	-0.4511	-0.1322
1.149	-0.3525	-0.1125
1.103	-0.2666	-0.1019
1.018	-0.2375	-0.09082
0.8677	-0.1977	-0.07769
0.7967	-0.188	-0.07453
0.7586	-0.3187	-0.0509
0.5898	-0.3997	-0.006941
0.5573	-0.4001	0.005096
0.6176	-0.3823	-0.01265
0.5419	-0.3009	-0.01259
0.5623	-0.2366	-0.01284
0.6617	-0.1707	-0.0201
0.7388	-0.06293	-0.01098
0.8497	0.007587	-0.003789
0.8725	-0.02068	0.03815
0.8979	-0.06867	0.112
0.9256	-0.07442	0.1415
0.8558	-0.1889	0.1615
0.8932	-0.2868	0.1904
0.9599	-0.229	0.173
0.9794	-0.1566	0.1515
1.039	-0.03249	0.1722
1.022	0.04496	0.2091
1.054	0.004538	0.2619
1.18	-0.001312	0.2789
1.31	-0.04979	0.2086
1.52	-0.2182	0.1607
1.639	-0.4053	0.1802
1.585	-0.4746	0.1674
1.398	-0.4274	0.09133
1.071	-0.3583	0.01258
0.8552	-0.2934	0.006184
0.8537	-0.3119	0.03692
0.9443	-0.3692	0.02667
1.036	-0.3583	0.003359
1.048	-0.3535	-0.02838
0.9562	-0.338	-0.06915
0.814	-0.25	-0.06487
0.7152	-0.1382	-0.04551
0.6571	-0.03033	-0.05154
0.6318	0.02086	-0.07477
0.6671	-0.0005975	-0.1217
0.6953	-0.05005	-0.1497
0.7205	-0.1438	-0.1459
0.7741	-0.2845	-0.1542
0.8306	-0.4233	-0.1585
0.8906	-0.4403	-0.1536
0.9452	-0.321	-0.1543
0.9886	-0.2385	-0.1604
1.008	-0.1532	-0.1748
1.011	0.02304	-0.1753
1.03	0.1321	-0.1685
1.058	0.1059	-0.1628
1.1	0.0377	-0.1432
1.12	-0.02861	-0.1254
1.103	-0.1219	-0.1129
1.152	-0.1995	-0.1083
1.297	-0.2605	-0.1347
1.499	-0.3786	-0.2085
1.671	-0.4238	-0.3113
1.67	-0.3488	-0.3392
1.504	-0.352	-0.2039
1.27	-0.5528	-0.01979
1.083	-0.7723	0.01597
1.037	-0.7041	-0.06154
1.06	-0.5013	-0.1075
1.054	-0.3546	-0.1082
0.958	-0.1602	-0.04385
0.8216	-0.0801	0.03693
0.7876	-0.1063	0.003778
0.8277	-0.1146	-0.05555
0.836	-0.2261	-0.06358
0.7933	-0.3084	-0.08747
0.7427	-0.3101	-0.06697
0.6556	-0.3154	0.01003
0.527	-0.2742	0.06601
0.5358	-0.2296	0.08061
0.6522	-0.1373	0.05497
0.7371	-0.04482	0.0696
0.8408	-0.0288	0.1061
0.8954	0.001926	0.1173
0.8848	-0.01405	0.1562
0.9193	-0.06434	0.1745
0.9524	-0.1014	0.2023
0.9622	-0.1253	0.2227
0.9799	-0.07845	0.1634
0.996	-0.05684	0.1504
1.003	-0.05646	0.1648
1.017	-0.03599	0.1779
1.114	-0.04398	0.227
1.229	-0.03265	0.2193
1.294	-0.02841	0.1789
1.406	-0.05563	0.1337
1.498	-0.1854	0.1093
1.534	-0.4219	0.1355
1.516	-0.4915	0.1274
1.214	-0.4176	0.1072
0.8376	-0.4005	0.09677
0.8172	-0.3829	0.0817
0.9032	-0.3995	0.07297
0.9562	-0.338	-0.06915
0.814	-0.25	-0.06487
0.7152	-0.1382	-0.04551
0.6571	-0.03033	-0.05154
0.6318	0.02086	-0.07477
0.6671	-0.0005975	-0.1217
0.6953	-0.05005	-0.1497
0.7205	-0.1438	-0.1459
0.7741	-0.2845	-0.1542
0.8306	-0.4233	-0.1585
0.8906	-0.4403	-0.1536
0.9452	-0.321	-0.1543
0.9886	-0.2385	-0.1604
1.008	-0.1532	-0.1748
1.011	0.02304	-0.1753
1.03	0.1321	-0.1685
1.058	0.1059	-0.1628
1.1	0.0377	-0.1432
1.12	-0.02861	-0.1254
1.103	-0.1219	-0.1129
1.152	-0.1995	-0.1083
1.297	-0.2605	-0.1347
1.499	-0.3786	-0.2085
1.671	-0.4238	-0.3113
1.67	-0.3488	-0.3392
1.504	-0.352	-0.2039
1.27	-0.5528	-0.01979
1.083	-0.7723	0.01597
1.037	-0.7041	-0.06154
1.06	-0.5013	-0.1075
1.054	-0.3546	-0.1082
0.958	-0.1602	-0.04385
0.8216	-0.0801	0.03693
0.7876	-0.1063	0.003778
0.8277	-0.1146	-0.05555
0.836	-0.2261	-0.06358
0.7933	-0.3084	-0.08747
0.7427	-0.3101	-0.06697
0.6556	-0.3154	0.01003
0.527	-0.2742	0.06601
0.5358	-0.2296	0.08061
0.6522	-0.1373	0.05497
0.7371	-0.04482	0.0696
0.8408	-0.0288	0.1061
0.8954	0.001926	0.1173
0.8848	-0.01405	0.1562
0.9193	-0.06434	0.1745
0.9524	-0.1014	0.2023
0.9622	-0.1253	0.2227
0.9799	-0.07845	0.1634
0.996	-0.05684	0.1504
1.003	-0.05646	0.1648
1.017	-0.03599	0.1779
1.114	-0.04398	0.227
1.229	-0.03265	0.2193
1.294	-0.02841	0.1789
1.406	-0.05563	0.1337
1.498	-0.1854	0.1093
1.534	-0.4219	0.1355
1.516	-0.4915	0.1274
1.214	-0.4176	0.1072
0.8376	-0.4005	0.09677
0.8172	-0.3829	0.0817
0.9032	-0.3995	0.07297
0.9429	-0.4592	0.02509
1.144	-0.429	-0.03627
1.209	-0.3669	-0.09758
1.027	-0.2952	-0.1431
0.9421	-0.1789	-0.1016
0.8644	-0.1349	-0.04796
0.7217	-0.1056	-0.03984
0.6654	-0.05893	-0.03234
0.6577	-0.1055	-0.05352
0.6819	-0.1424	-0.09866
0.7067	-0.1862	-0.1222
0.7311	-0.2722	-0.1389
0.7667	-0.2673	-0.1525
0.7789	-0.2395	-0.1598
0.8294	-0.2122	-0.1627
0.8729	-0.1477	-0.1626
0.9203	-0.08747	-0.1723
0.9978	-0.02657	-0.1726
1	-0.02658	-0.1628
1.01	-0.04951	-0.1445
1.039	-0.04161	-0.1039
1.042	-0.05953	-0.08247
1.072	-0.05458	-0.07824
1.069	-0.03428	-0.07472
1.089	-0.02198	-0.1002
1.208	0.01043	-0.1162
1.365	0.0002141	-0.09394
1.511	-0.07622	-0.08433
1.548	-0.1988	-0.1228
1.477	-0.3187	-0.1566
1.399	-0.4402	-0.1172
1.28	-0.6384	-0.05544
1.132	-0.7288	-0.03893
1.083	-0.5621	-0.05471
1.124	-0.3905	-0.07067
1.115	-0.3317	-0.04905
1.016	-0.2802	0.009139
0.9057	-0.2934	0.06168
0.8832	-0.3564	0.04896
0.9707	-0.3861	-0.04622
1.024	-0.4448	-0.1331
0.9428	-0.4784	-0.152
0.8258	-0.4492	-0.1134
0.7315	-0.446	-0.0614
0.6615	-0.4115	-0.04385
0.645	-0.3328	-0.03908
0.6489	-0.2579	-0.04448
0.6447	-0.1754	-0.03366
0.6472	-0.1346	0.01674
0.6694	-0.1011	0.05386
0.7321	-0.04945	0.07748
0.8229	-0.05005	0.0837
0.8953	-0.08247	0.1038
0.9319	-0.1192	0.1598
0.9569	-0.1385	0.1812
0.9762	-0.1189	0.1837
0.9764	-0.07785	0.1868
0.9815	-0.02664	0.1944
1.005	-0.01362	0.2103
1.063	-0.0123	0.216
1.206	0.03298	0.2449
1.377	0.02589	0.238
1.472	-0.067	0.1664
1.49	-0.1758	0.1199
0.9429	-0.4592	0.02509
1.144	-0.429	-0.03627
1.209	-0.3669	-0.09758
1.027	-0.2952	-0.1431
0.9421	-0.1789	-0.1016
0.8644	-0.1349	-0.04796
0.7217	-0.1056	-0.03984
0.6654	-0.05893	-0.03234
0.6577	-0.1055	-0.05352
0.6819	-0.1424	-0.09866
0.7067	-0.1862	-0.1222
0.7311	-0.2722	-0.1389
0.7667	-0.2673	-0.1525
0.7789	-0.2395	-0.1598
0.8294	-0.2122	-0.1627
0.8729	-0.1477	-0.1626
0.9203	-0.08747	-0.1723
0.9978	-0.02657	-0.1726
1	-0.02658	-0.1628
1.01	-0.04951	-0.1445
1.039	-0.04161	-0.1039
1.042	-0.05953	-0.08247
1.072	-0.05458	-0.07824
1.069	-0.03428	-0.07472
1.089	-0.02198	-0.1002
1.208	0.01043	-0.1162
1.365	0.0002141	-0.09394
1.511	-0.07622	-0.08433
1.548	-0.1988	-0.1228
1.477	-0.3187	-0.1566
1.399	-0.4402	-0.1172
1.28	-0.6384	-0.05544
1.132	-0.7288	-0.03893
1.083	-0.5621	-0.05471
1.124	-0.3905	-0.07067
1.115	-0.3317	-0.04905
1.016	-0.2802	0.009139
0.9057	-0.2934	0.06168
0.8832	-0.3564	0.04896
0.9707	-0.3861	-0.04622
1.024	-0.4448	-0.1331
0.9428	-0.4784	-0.152
0.8258	-0.4492	-0.1134
0.7315	-0.446	-0.0614
0.6615	-0.4115	-0.04385
0.645	-0.3328	-0.03908
0.6489	-0.2579	-0.04448
0.6447	-0.1754	-0.03366
0.6472	-0.1346	0.01674
0.6694	-0.1011	0.05386
0.7321	-0.04945	0.07748
0.8229	-0.05005	0.0837
0.8953	-0.08247	0.1038
0.9319	-0.1192	0.1598
0.9569	-0.1385	0.1812
0.9762	-0.1189	0.1837
0.9764	-0.07785	0.1868
0.9815	-0.02664	0.1944
1.005	-0.01362	0.2103
1.063	-0.0123	0.216
1.206	0.03298	0.2449
1.377	0.02589	0.238
1.472	-0.067	0.1664
1.49	-0.1758	0.1199
1.521	-0.3441	0.1178
1.577	-0.5376	0.1027
1.445	-0.5327	0.0208
1.117	-0.3779	-0.03443
0.9013	-0.3265	-0.01391
0.8841	-0.3256	-0.007283
0.9884	-0.3667	-0.004716
1.101	-0.4873	-0.03261
1.101	-0.4819	-0.1029
1.023	-0.411	-0.1313
0.8842	-0.3296	-0.1183
0.7381	-0.1533	-0.09017
0.6398	-0.05075	-0.07094
0.5724	-0.002247	-0.06806
0.5871	0.02371	-0.07681
0.6349	-0.0719	-0.11
0.7019	-0.1946	-0.1534
0.8134	-0.2971	-0.1928
0.8776	-0.3257	-0.1963
0.9349	-0.2672	-0.1768
0.9945	-0.1988	-0.1683
0.9977	-0.1045	-0.1532
0.986	-0.02038	-0.1363
0.9796	0.02684	-0.1068
1.006	0.04287	-0.07756
1.084	0.01215	-0.06919
1.179	-0.02645	-0.05997
1.217	-0.0624	-0.06056
1.22	-0.1128	-0.06006
1.298	-0.1762	-0.07662
1.436	-0.2684	-0.1584
1.616	-0.3704	-0.2831
1.7	-0.3943	-0.336
1.5	-0.4159	-0.1898
1.181	-0.561	0.008633
0.9512	-0.6378	0.02664
0.9501	-0.5224	-0.08842
1.123	-0.3631	-0.2054
1.159	-0.2464	-0.2277
1.071	-0.199	-0.1221
0.9185	-0.2059	0.005473
0.744	-0.2153	0.03985
0.7681	-0.221	-0.03237
0.8309	-0.2572	-0.1129
0.787	-0.3229	-0.1208
0.7203	-0.3518	-0.06865
0.5909	-0.3375	0.007764
0.5412	-0.2815	0.03802
0.6168	-0.1726	0.01015
0.6879	-0.07168	-6.906e-05
0.8069	-0.0284	0.0132
0.8904	-0.0453	0.04359
0.8553	-0.08491	0.09857
0.855	-0.1118	0.124
0.8978	-0.1076	0.1401
0.9573	-0.08142	0.1859
1.087	-0.05985	0.1847
1.17	-0.01651	0.1648
1.182	0.004044	0.2026
1.214	-0.01995	0.232
1.248	-0.01901	0.247
1.365	-0.05529	0.235
1.581	-0.1337	0.1657
1.673	-0.1692	0.1417
1.521	-0.3441	0.1178
1.577	-0.5376	0.1027
1.445	-0.5327	0.0208
1.117	-0.3779	-0.03443
0.9013	-0.3265	-0.01391
0.8841	-0.3256	-0.007283
0.9884	-0.3667	-0.004716
1.101	-0.4873	-0.03261
1.101	-0.4819	-0.1029
1.023	-0.411	-0.1313
0.8842	-0.3296	-0.1183
0.7381	-0.1533	-0.09017
0.6398	-0.05075	-0.07094
0.5724	-0.002247	-0.06806
0.5871	0.02371	-0.07681
0.6349	-0.0719	-0.11
0.7019	-0.1946	-0.1534
0.8134	-0.2971	-0.1928
0.8776	-0.3257	-0.1963
0.9349	-0.2672	-0.1768
0.9945	-0.1988	-0.1683
0.9977	-0.1045	-0.1532
0.986	-0.02038	-0.1363
0.9796	0.02684	-0.1068
1.006	0.04287	-0.07756
1.084	0.01215	-0.06919
1.179	-0.02645	-0.05997
1.217	-0.0624	-0.06056
1.22	-0.1128	-0.06006
1.298	-0.1762	-0.07662
1.436	-0.2684	-0.1584
1.616	-0.3704	-0.2831
1.7	-0.3943	-0.336
1.5	-0.4159	-0.1898
1.181	-0.561	0.008633
0.9512	-0.6378	0.02664
0.9501	-0.5224	-0.08842
1.123	-0.3631	-0.2054
1.159	-0.2464	-0.2277
1.071	-0.199	-0.1221
0.9185	-0.2059	0.005473
0.744	-0.2153	0.03985
0.7681	-0.221	-0.03237
0.8309	-0.2572	-0.1129
0.787	-0.3229	-0.1208
0.7203	-0.3518	-0.06865
0.5909	-0.3375	0.007764
0.5412	-0.2815	0.03802
0.6168	-0.1726	0.01015
0.6879	-0.07168	-6.906e-05
0.8069	-0.0284	0.0132
0.8904	-0.0453	0.04359
0.8553	-0.08491	0.09857
0.855	-0.1118	0.124
0.8978	-0.1076	0.1401
0.9573	-0.08142	0.1859
1.087	-0.05985	0.1847
1.17	-0.01651	0.1648
1.182	0.004044	0.2026
1.214	-0.01995	0.232
1.248	-0.01901	0.247
1.365	-0.05529	0.235
1.581	-0.1337	0.1657
1.673	-0.1692	0.1417
1.509	-0.2419	0.1179
1.214	-0.3841	0.03895
1.008	-0.4348	0.01438
0.9583	-0.364	0.002871
0.9248	-0.3487	-0.04581
0.8799	-0.3843	-0.05725
0.9619	-0.3695	-0.03459
1.029	-0.3585	-0.0431
0.9942	-0.3368	-0.08224
0.98	-0.2809	-0.1022
0.8604	-0.2113	-0.08922
0.7163	-0.1179	-0.05785
0.656	-0.07166	-0.05151
0.5941	-0.07226	-0.06124
0.6504	-0.08837	-0.06387
0.714	-0.1429	-0.1027
0.7399	-0.1985	-0.1341
0.8307	-0.2606	-0.143
0.8854	-0.3184	-0.1594
0.9508	-0.3127	-0.1413
0.981	-0.234	-0.113
0.9886	-0.1169	-0.0994
1.04	-0.02255	-0.09601
1.033	0.04975	-0.09412
1.09	0.07365	-0.07305
1.19	0.02375	-0.06418
1.233	-0.01618	-0.05655
1.289	-0.07037	-0.04576
1.334	-0.1943	-0.07973
1.435	-0.325	-0.15
1.577	-0.3922	-0.2259
1.612	-0.375	-0.2465
1.484	-0.4009	-0.1474
1.241	-0.5327	-0.02054
1.105	-0.5914	-0.02387
1.121	-0.5075	-0.1167
1.132	-0.4059	-0.1444
1.063	-0.3494	-0.05511
0.9105	-0.2442	0.06783
0.795	-0.1014	0.08244
0.7913	-0.08881	0.03207
0.8128	-0.1326	0.006195
0.7501	-0.1565	-0.0423
0.66	-0.2391	-0.02754
0.6309	-0.2716	0.03542
0.6104	-0.2288	0.01718
0.6058	-0.1973	0.02275
0.6261	-0.1524	0.0498
0.6871	-0.1084	0.05267
0.7862	-0.06886	0.09984
0.8105	-0.05134	0.113
0.8435	-0.07539	0.1044
0.9462	-0.08865	0.1295
1.004	-0.1202	0.1227
1.033	-0.1609	0.1155
1.065	-0.14	0.1188
1.107	-0.1032	0.1052
1.176	-0.05389	0.1108
1.237	0.005795	0.1389
1.272	0.00753	0.1691
1.3	-0.005872	0.1606
1.37	-0.04714	0.08969
1.471	-0.1481	0.02743
1.483	-0.2176	0.03784
1.509	-0.2419	0.1179
1.214	-0.3841	0.03895
1.008	-0.4348	0.01438
0.9583	-0.364	0.002871
0.9248	-0.3487	-0.04581
0.8799	-0.3843	-0.05725
0.9619	-0.3695	-0.03459
1.029	-0.3585	-0.0431
0.9942	-0.3368	-0.08224
0.98	-0.2809	-0.1022
0.8604	-0.2113	-0.08922
0.7163	-0.1179	-0.05785
0.656	-0.07166	-0.05151
0.5941	-0.07226	-0.06124
0.6504	-0.08837	-0.06387
0.714	-0.1429	-0.1027
0.7399	-0.1985	-0.1341
0.8307	-0.2606	-0.143
0.8854	-0.3184	-0.1594
0.9508	-0.3127	-0.1413
0.981	-0.234	-0.113
0.9886	-0.1169	-0.0994
1.04	-0.02255	-0.09601
1.033	0.04975	-0.09412
1.09	0.07365	-0.07305
1.19	0.02375	-0.06418
1.233	-0.01618	-0.05655
1.289	-0.07037	-0.04576
1.334	-0.1943	-0.07973
1.435	-0.325	-0.15
1.577	-0.3922	-0.2259
1.612	-0.375	-0.2465
1.484	-0.4009	-0.1474
1.241	-0.5327	-0.02054
1.105	-0.5914	-0.02387
1.121	-0.5075	-0.1167
1.132	-0.4059	-0.1444
1.063	-0.3494	-0.05511
0.9105	-0.2442	0.06783
0.795	-0.1014	0.08244
0.7913	-0.08881	0.03207
0.8128	-0.1326	0.006195
0.7501	-0.1565	-0.0423
0.66	-0.2391	-0.02754
0.6309	-0.2716	0.03542
0.6104	-0.2288	0.01718
0.6058	-0.1973	0.02275
0.6261	-0.1524	0.0498
0.6871	-0.1084	0.05267
0.7862	-0.06886	0.09984
0.8105	-0.05134	0.113
0.8435	-0.07539	0.1044
0.9462	-0.08865	0.1295
1.004	-0.1202	0.1227
1.033	-0.1609	0.1155
1.065	-0.14	0.1188
1.107	-0.1032	0.1052
1.176	-0.05389	0.1108
1.237	0.005795	0.1389
1.272	0.00753	0.1691
1.3	-0.005872	0.1606
1.37	-0.04714	0.08969
1.471	-0.1481	0.02743
1.483	-0.2176	0.03784
1.405	-0.3058	0.05685
1.279	-0.4277	0.02866
1.096	-0.414	0.02065
0.9969	-0.3639	0.04057
0.9606	-0.4455	0.05767
0.9288	-0.4795	0.08432
1.046	-0.4345	0.05068
1.1	-0.4258	-0.03297
0.9998	-0.3459	-0.06403
0.9297	-0.2476	-0.05348
0.7855	-0.1959	-0.02667
0.6893	-0.09821	-0.01457
0.6933	-0.01752	-0.0499
0.6567	0.001694	-0.08952
0.6805	-0.04917	-0.1025
0.691	-0.1494	-0.1021
0.7174	-0.225	-0.1154
0.8323	-0.2753	-0.1342
0.9077	-0.2673	-0.1363
0.9596	-0.2341	-0.117
0.9818	-0.2093	-0.08487
1.014	-0.139	-0.08497
1.041	-0.06099	-0.0832
1.011	-0.006051	-0.05088
1.033	0.007949	-0.03857
1.073	-0.02231	-0.02819
1.13	-0.04857	-0.02115
1.195	-0.08291	-0.01644
1.182	-0.1331	0.002762
1.233	-0.2274	-0.03969
1.43	-0.4064	-0.1471
1.645	-0.5356	-0.2139
1.669	-0.4873	-0.1647
1.495	-0.433	-0.07205
1.308	-0.4844	-0.06416
1.112	-0.4521	-0.1081
1.046	-0.3533	-0.1599
1.164	-0.3103	-0.1836
1.155	-0.284	-0.1098
1.002	-0.3	-0.005948
0.8181	-0.2681	0.04812
0.7084	-0.1987	0.02154
0.7761	-0.2292	-0.04008
0.7751	-0.2437	-0.04849
0.7036	-0.2746	-0.04496
0.7039	-0.3603	-0.0266
0.6542	-0.359	0.006906
0.6496	-0.2986	0.0105
0.7082	-0.2019	0.02468
0.7335	-0.101	0.03213
0.7773	-0.06955	0.05155
0.7813	-0.08585	0.09819
0.7885	-0.1059	0.1215
0.851	-0.1094	0.1382
0.905	-0.1283	0.1247
0.9822	-0.1401	0.1061
1.035	-0.1354	0.1136
1.043	-0.1357	0.1184
1.049	-0.09871	0.1538
1.04	-0.05722	0.1859
1.082	-0.0313	0.1898
1.187	-0.03953	0.1763
1.364	-0.1482	0.1111
1.625	-0.2948	0.04857
0.8869	0.1393	0.1807
0.8568	0.1337	0.2154
0.8571	0.1307	0.2582
0.8751	0.1397	0.2628
0.8983	0.1348	0.2629
0.9437	0.1536	0.2819
1.037	0.1753	0.279
1.187	0.172	0.2622
1.296	0.1154	0.2276
1.364	-0.04135	0.1839
1.533	-0.2494	0.1916
1.785	-0.3705	0.2001
1.842	-0.3736	0.1781
1.491	-0.3785	0.1824
1.022	-0.412	0.1784
0.8917	-0.435	0.1644
1.018	-0.4716	0.1198
1.055	-0.5379	-0.05927
1.053	-0.5815	-0.217
1.134	-0.5074	-0.1606
1.156	-0.3771	-0.08729
1.122	-0.3045	-0.115
1.042	-0.2579	-0.07955
0.8824	-0.1921	-0.04206
0.8054	-0.1316	-0.08121
0.801	-0.1489	-0.09167
0.785	-0.1907	-0.1197
0.7785	-0.2187	-0.1505
0.742	-0.2992	-0.1367
0.7007	-0.3275	-0.1467
0.683	-0.3026	-0.1388
0.686	-0.2912	-0.1315
0.7109	-0.2403	-0.1421
0.7392	-0.1941	-0.1263
0.7849	-0.1116	-0.1196
0.8354	0.008064	-0.09548
0.9215	0.05139	-0.06014
1.064	0.03935	-0.02535
1.214	-0.003283	0.01029
1.379	-0.07558	-0.01811
1.557	-0.2103	-0.08333
1.779	-0.4091	-0.1897
1.937	-0.537	-0.2807
1.764	-0.5571	-0.2067
1.469	-0.5894	-0.1207
1.266	-0.63	-0.1212
0.9752	-0.5892	-0.07134
0.9615	-0.4907	-0.08536
1.233	-0.3361	-0.1657
1.154	-0.2419	-0.1022
1.044	-0.2664	0.002624
1.025	-0.214	0.05249
0.869	-0.2016	0.02326
0.8854	-0.269	-0.06943
0.7839	-0.2574	-0.0117
0.5947	-0.2695	0.06267
0.5365	-0.2174	0.0471
0.3523	-0.09167	0.09166
0.3586	-0.02819	0.06164
0.4657	0.02653	0.0322
0.5467	0.01221	0.08597
0.7751	-0.03623	0.08333
0.8528	-0.08669	0.1101
0.9009	-0.174	0.1272
0.9673	-0.2066	0.1416
0.998	-0.2277	0.2257
1.13	-0.2089	0.253
1.205	-0.1037	0.2575
1.293	0.0001776	0.268
1.376	0.1053	0.2437
1.446	0.1512	0.184
1.593	0.05113	0.1215
1.575	-0.1815	0.1543
1.49	-0.3957	0.1782
1.331	-0.3961	0.09716
0.9303	-0.2944	-0.0002694
0.6658	-0.28	-0.05672
0.7567	-0.3246	-0.0299
0.963	-0.3853	-0.00414
1.129	-0.4276	-0.05987
1.213	-0.4016	-0.1131
1.102	-0.3428	-0.1521
0.9504	-0.2828	-0.1558
0.8832	-0.1858	-0.08133
0.7036	-0.09527	-0.03603
0.6203	-0.09291	-0.06009
0.6485	-0.08041	-0.08922
0.5718	-0.001675	-0.1046
0.6619	-0.05787	-0.1114
0.7634	-0.2011	-0.138
0.7697	-0.2323	-0.1701
0.8805	-0.2749	-0.178
0.8862	-0.2908	-0.181
0.9001	-0.2079	-0.181
0.9791	-0.1447	-0.1723
1.002	-0.02568	-0.1552
1.088	0.0756	-0.1401
1.121	0.08209	-0.1336
1.187	0.07531	-0.13
1.338	-0.03801	-0.1396
1.435	-0.2335	-0.1795
1.585	-0.3865	-0.268
1.674	-0.4078	-0.3451
1.604	-0.3886	-0.2859
1.408	-0.5665	-0.1222
1.085	-0.8033	-0.03201
0.9122	-0.8516	-0.06605
0.982	-0.6931	-0.1091
1.034	-0.4567	-0.07824
0.9937	-0.2654	0.007009
0.9267	-0.1166	0.09517
0.8159	-0.05929	0.09985
0.7912	-0.0287	-0.003318
0.8479	0.001553	-0.07238
0.7569	-0.07543	-0.07186
0.6561	-0.1409	-0.05336
0.6147	-0.1591	-0.00151
0.5563	-0.1609	0.03518
0.5787	-0.1212	0.07206
0.6166	-0.09924	0.09187
0.7075	-0.0654	0.07427
0.8329	-0.03836	0.1053
0.8794	-0.02982	0.1133
0.939	-0.01608	0.1122
0.9531	-0.05104	0.1546
0.979	-0.08148	0.1735
1.098	-0.08921	0.2119
1.17	-0.06118	0.242
0.9673	-0.2066	0.1416
0.998	-0.2277	0.2257
1.13	-0.2089	0.253
1.205	-0.1037	0.2575
1.293	0.0001776	0.268
1.376	0.1053	0.2437
1.446	0.1512	0.184
1.593	0.05113	0.1215
1.575	-0.1815	0.1543
1.49	-0.3957	0.1782
1.331	-0.3961	0.09716
0.9303	-0.2944	-0.0002694
0.6658	-0.28	-0.05672
0.7567	-0.3246	-0.0299
0.963	-0.3853	-0.00414
1.129	-0.4276	-0.05987
1.213	-0.4016	-0.1131
1.102	-0.3428	-0.1521
0.9504	-0.2828	-0.1558
0.8832	-0.1858	-0.08133
0.7036	-0.09527	-0.03603
0.6203	-0.09291	-0.06009
0.6485	-0.08041	-0.08922
0.5718	-0.001675	-0.1046
0.6619	-0.05787	-0.1114
0.7634	-0.2011	-0.138
0.7697	-0.2323	-0.1701
0.8805	-0.2749	-0.178
0.8862	-0.2908	-0.181
0.9001	-0.2079	-0.181
0.9791	-0.1447	-0.1723
1.002	-0.02568	-0.1552
1.088	0.0756	-0.1401
1.121	0.08209	-0.1336
1.187	0.07531	-0.13
1.338	-0.03801	-0.1396
1.435	-0.2335	-0.1795
1.585	-0.3865	-0.268
1.674	-0.4078	-0.3451
1.604	-0.3886	-0.2859
1.408	-0.5665	-0.1222
1.085	-0.8033	-0.03201
0.9122	-0.8516	-0.06605
0.982	-0.6931	-0.1091
1.034	-0.4567	-0.07824
0.9937	-0.2654	0.007009
0.9267	-0.1166	0.09517
0.8159	-0.05929	0.09985
0.7912	-0.0287	-0.003318
0.8479	0.001553	-0.07238
0.7569	-0.07543	-0.07186
0.6561	-0.1409	-0.05336
0.6147	-0.1591	-0.00151
0.5563	-0.1609	0.03518
0.5787	-0.1212	0.07206
0.6166	-0.09924	0.09187
0.7075	-0.0654	0.07427
0.8329	-0.03836	0.1053
0.8794	-0.02982	0.1133
0.939	-0.01608	0.1122
0.9531	-0.05104	0.1546
0.979	-0.08148	0.1735
1.098	-0.08921	0.2119
1.17	-0.06118	0.242
1.219	0.03023	0.2449
1.282	0.09797	0.23
1.374	0.09146	0.1511
1.498	-0.07037	0.1078
1.567	-0.2935	0.1526
1.495	-0.3421	0.1869
1.234	-0.3234	0.1154
0.9437	-0.3291	-0.003769
0.8428	-0.2917	-0.0725
0.9571	-0.3236	-0.1279
1.097	-0.4032	-0.1315
1.156	-0.4157	-0.105
1.174	-0.4327	-0.1232
1.028	-0.405	-0.1105
0.8228	-0.2987	-0.08049
0.7038	-0.2116	-0.05256
0.5952	-0.09777	-0.03338
0.5827	0.007288	-0.06126
0.5902	0.03182	-0.07162
0.5952	0.0221	-0.08928
0.6977	-0.05054	-0.1438
0.7749	-0.1772	-0.1796
0.8176	-0.2799	-0.1891
0.8395	-0.3239	-0.1675
0.8858	-0.3301	-0.1512
0.9768	-0.2759	-0.141
1.041	-0.1253	-0.1127
1.114	-0.01329	-0.09854
1.112	0.02428	-0.08064
1.099	0.07521	-0.07178
1.156	0.07946	-0.08611
1.195	-0.00283	-0.09675
1.338	-0.1607	-0.1187
1.481	-0.3755	-0.1707
1.521	-0.5319	-0.2719
1.581	-0.5428	-0.3298
1.552	-0.5354	-0.2425
1.382	-0.6491	-0.1064
1.144	-0.7338	-0.03965
1.009	-0.6426	-0.08408
1.084	-0.4781	-0.157
1.096	-0.3585	-0.1547
1.026	-0.2269	-0.1205
0.9847	-0.04007	-0.02121
0.8431	-0.007307	0.09446
0.7481	-0.1259	0.02074
0.7593	-0.1641	-0.08375
0.7172	-0.2381	-0.03622
0.6888	-0.3463	-0.008503
0.6547	-0.3124	-0.000897
0.596	-0.2502	0.03878
0.6182	-0.1468	0.02952
0.669	-0.01478	0.0439
0.7375	-0.001511	0.08244
0.8118	-0.01125	0.1027
0.8223	-0.03928	0.1352
0.8254	-0.1024	0.1286
0.8316	-0.1268	0.1298
0.8505	-0.1505	0.1571
0.9407	-0.1528	0.152
1.046	-0.1431	0.1579
1.139	-0.1264	0.16
1.271	-0.0663	0.1584
1.375	-0.004521	0.159
1.219	0.03023	0.2449
1.282	0.09797	0.23
1.374	0.09146	0.1511
1.498	-0.07037	0.1078
1.567	-0.2935	0.1526
1.495	-0.3421	0.1869
1.234	-0.3234	0.1154
0.9437	-0.3291	-0.003769
0.8428	-0.2917	-0.0725
0.9571	-0.3236	-0.1279
1.097	-0.4032	-0.1315
1.156	-0.4157	-0.105
1.174	-0.4327	-0.1232
1.028	-0.405	-0.1105
0.8228	-0.2987	-0.08049
0.7038	-0.2116	-0.05256
0.5952	-0.09777	-0.03338
0.5827	0.007288	-0.06126
0.5902	0.03182	-0.07162
0.5952	0.0221	-0.08928
0.6977	-0.05054	-0.1438
0.7749	-0.1772	-0.1796
0.8176	-0.2799	-0.1891
0.8395	-0.3239	-0.1675
0.8858	-0.3301	-0.1512
0.9768	-0.2759	-0.141
1.041	-0.1253	-0.1127
1.114	-0.01329	-0.09854
1.112	0.02428	-0.08064
1.099	0.07521	-0.07178
1.156	0.07946	-0.08611
1.195	-0.00283	-0.09675
1.338	-0.1607	-0.1187
1.481	-0.3755	-0.1707
1.521	-0.5319	-0.2719
1.581	-0.5428	-0.3298
1.552	-0.5354	-0.2425
1.382	-0.6491	-0.1064
1.144	-0.7338	-0.03965
1.009	-0.6426	-0.08408
1.084	-0.4781	-0.157
1.096	-0.3585	-0.1547
1.026	-0.2269	-0.1205
0.9847	-0.04007	-0.02121
0.8431	-0.007307	0.09446
0.7481	-0.1259	0.02074
0.7593	-0.1641	-0.08375
0.7172	-0.2381	-0.03622
0.6888	-0.3463	-0.008503
0.6547	-0.3124	-0.000897
0.596	-0.2502	0.03878
0.6182	-0.1468	0.02952
0.669	-0.01478	0.0439
0.7375	-0.001511	0.08244
0.8118	-0.01125	0.1027
0.8223	-0.03928	0.1352
0.8254	-0.1024	0.1286
0.8316	-0.1268	0.1298
0.8505	-0.1505	0.1571
0.9407	-0.1528	0.152
1.046	-0.1431	0.1579
1.139	-0.1264	0.16
1.271	-0.0663	0.1584
1.375	-0.004521	0.159
1.368	0.0317	0.1228
1.426	-0.007899	0.1125
1.618	-0.147	0.1642
1.641	-0.3714	0.2071
1.347	-0.5159	0.1444
0.9523	-0.4474	0.04263
0.8191	-0.4374	0.01432
1.016	-0.5034	-0.02816
1.185	-0.4629	-0.0708
1.21	-0.4635	-0.08039
1.129	-0.4261	-0.1096
0.9388	-0.287	-0.06807
0.8603	-0.2197	-0.02212
0.7862	-0.1259	-0.05807
0.6044	0.01041	-0.0752
0.615	0.01988	-0.1069
0.6905	-0.05165	-0.142
0.6573	-0.1229	-0.1256
0.6985	-0.2279	-0.1314
0.7222	-0.2969	-0.141
0.7077	-0.2931	-0.1376
0.7973	-0.2993	-0.1642
0.8597	-0.2329	-0.1827
0.8972	-0.1172	-0.1686
0.9773	-0.0159	-0.1537
0.9618	0.09091	-0.1391
0.9333	0.07932	-0.09806
1.022	0.09213	-0.06452
1.147	0.1072	-0.07725
1.248	0.0007154	-0.08365
1.274	0.002763	-0.06435
1.296	-0.05118	-0.0578
1.441	-0.1736	-0.05576
1.585	-0.2162	-0.08521
1.594	-0.3627	-0.1955
1.481	-0.4668	-0.2701
1.286	-0.5263	-0.1414
1.096	-0.69	0.06804
0.9636	-0.7795	0.1003
0.9169	-0.6182	0.001132
0.9411	-0.2855	-0.0823
0.9764	-0.09016	-0.1301
1.009	-0.05268	-0.1044
1.019	-0.1358	-0.0865
1.014	-0.3372	-0.146
0.9675	-0.4539	-0.1677
0.8241	-0.5009	-0.1339
0.6609	-0.4645	-0.08149
0.5463	-0.3745	-0.02294
0.5118	-0.2747	0.002475
0.5554	-0.04852	0.007163
0.6033	0.1151	0.01084
0.6639	0.1777	0.03264
0.725	0.193	0.07676
0.7326	0.1119	0.1179
0.7635	0.06233	0.1289
0.876	-0.08304	0.1053
0.9892	-0.2592	0.09951
0.9992	-0.1994	0.1114
0.9812	-0.09912	0.144
1.057	-0.07778	0.2096
1.113	-0.04796	0.2212
1.219	-0.03266	0.1902
1.492	0.01555	0.1676
1.368	0.0317	0.1228
1.426	-0.007899	0.1125
1.618	-0.147	0.1642
1.641	-0.3714	0.2071
1.347	-0.5159	0.1444
0.9523	-0.4474	0.04263
0.8191	-0.4374	0.01432
1.016	-0.5034	-0.02816
1.185	-0.4629	-0.0708
1.21	-0.4635	-0.08039
1.129	-0.4261	-0.1096
0.9388	-0.287	-0.06807
0.8603	-0.2197	-0.02212
0.7862	-0.1259	-0.05807
0.6044	0.01041	-0.0752
0.615	0.01988	-0.1069
0.6905	-0.05165	-0.142
0.6573	-0.1229	-0.1256
0.6985	-0.2279	-0.1314
0.7222	-0.2969	-0.141
0.7077	-0.2931	-0.1376
0.7973	-0.2993	-0.1642
0.8597	-0.2329	-0.1827
0.8972	-0.1172	-0.1686
0.9773	-0.0159	-0.1537
0.9618	0.09091	-0.1391
0.9333	0.07932	-0.09806
1.022	0.09213	-0.06452
1.147	0.1072	-0.07725
1.248	0.0007154	-0.08365
1.274	0.002763	-0.06435
1.296	-0.05118	-0.0578
1.441	-0.1736	-0.05576
1.585	-0.2162	-0.08521
1.594	-0.3627	-0.1955
1.481	-0.4668	-0.2701
1.286	-0.5263	-0.1414
1.096	-0.69	0.06804
0.9636	-0.7795	0.1003
0.9169	-0.6182	0.001132
0.9411	-0.2855	-0.0823
0.9764	-0.09016	-0.1301
1.009	-0.05268	-0.1044
1.019	-0.1358	-0.0865
1.014	-0.3372	-0.146
0.9675	-0.4539	-0.1677
0.8241	-0.5009	-0.1339
0.6609	-0.4645	-0.08149
0.5463	-0.3745	-0.02294
0.5118	-0.2747	0.002475
0.5554	-0.04852	0.007163
0.6033	0.1151	0.01084
0.6639	0.1777	0.03264
0.725	0.193	0.07676
0.7326	0.1119	0.1179
0.7635	0.06233	0.1289
0.876	-0.08304	0.1053
0.9892	-0.2592	0.09951
0.9992	-0.1994	0.1114
0.9812	-0.09912	0.144
1.057	-0.07778	0.2096
1.113	-0.04796	0.2212
1.219	-0.03266	0.1902
1.492	0.01555	0.1676
1.591	0.08331	0.1327
1.526	-0.07611	0.1366
1.6	-0.3737	0.1618
1.595	-0.4699	0.1432
1.357	-0.4524	0.1084
1.03	-0.4249	0.05644
0.805	-0.3911	0.01174
0.832	-0.431	-0.002315
0.9654	-0.4508	-0.03836
1.092	-0.4227	-0.07422
1.186	-0.365	-0.1137
1.101	-0.2457	-0.1526
0.9538	-0.125	-0.09872
0.8376	-0.05004	-0.03269
0.6781	-0.02306	-0.02661
0.6051	-0.02432	-0.02917
0.6023	-0.07811	-0.06373
0.6021	-0.1742	-0.1082
0.6734	-0.2339	-0.1376
0.7391	-0.2458	-0.1597
0.7955	-0.2194	-0.1586
0.8581	-0.1682	-0.1561
0.9065	-0.09562	-0.139
0.9656	-0.0346	-0.1068
0.9757	0.005915	-0.08389
1.004	0.08706	-0.06643
1.09	0.1121	-0.04612
1.153	0.01866	0.006058
1.203	-0.08787	0.04178
1.257	-0.2014	0.01224
1.373	-0.3215	-0.04379
1.525	-0.35	-0.1262
1.676	-0.2643	-0.2146
1.784	-0.2293	-0.2326
1.576	-0.3585	-0.1417
1.163	-0.4837	-0.05247
1.025	-0.4575	-0.1161
1.153	-0.3507	-0.186
1.223	-0.2604	-0.1269
1.132	-0.2135	-0.081
0.9767	-0.1994	-0.01041
0.8285	-0.1878	0.07423
0.7942	-0.2002	-0.004208
0.856	-0.2537	-0.08647
0.7778	-0.2639	-0.07766
0.6768	-0.2581	-0.06766
0.6326	-0.2784	-0.0105
0.5384	-0.2488	0.02598
0.5885	-0.2003	0.02088
0.6577	-0.1279	0.0324
0.6716	-0.03877	0.02677
0.7684	-0.01279	0.04774
0.7561	-0.01257	0.08377
0.7753	-0.05818	0.1043
0.8869	-0.1433	0.1371
0.9286	-0.1903	0.1483
0.9954	-0.2056	0.14
1.011	-0.1828	0.1232
1.039	-0.1317	0.1034
1.101	-0.06869	0.101
1.098	-0.03265	0.1107
1.209	-0.04506	0.1293
1.356	-0.06013	0.137
1.5	-0.1323	0.1334
1.591	0.08331	0.1327
1.526	-0.07611	0.1366
1.6	-0.3737	0.1618
1.595	-0.4699	0.1432
1.357	-0.4524	0.1084
1.03	-0.4249	0.05644
0.805	-0.3911	0.01174
0.832	-0.431	-0.002315
0.9654	-0.4508	-0.03836
1.092	-0.4227	-0.07422
1.186	-0.365	-0.1137
1.101	-0.2457	-0.1526
0.9538	-0.125	-0.09872
0.8376	-0.05004	-0.03269
0.6781	-0.02306	-0.02661
0.6051	-0.02432	-0.02917
0.6023	-0.07811	-0.06373
0.6021	-0.1742	-0.1082
0.6734	-0.2339	-0.1376
0.7391	-0.2458	-0.1597
0.7955	-0.2194	-0.1586
0.8581	-0.1682	-0.1561
0.9065	-0.09562	-0.139
0.9656	-0.0346	-0.1068
0.9757	0.005915	-0.08389
1.004	0.08706	-0.06643
1.09	0.1121	-0.04612
1.153	0.01866	0.006058
1.203	-0.08787	0.04178
1.257	-0.2014	0.01224
1.373	-0.3215	-0.04379
1.525	-0.35	-0.1262
1.676	-0.2643	-0.2146
1.784	-0.2293	-0.2326
1.576	-0.3585	-0.1417
1.163	-0.4837	-0.05247
1.025	-0.4575	-0.1161
1.153	-0.3507	-0.186
1.223	-0.2604	-0.1269
1.132	-0.2135	-0.081
0.9767	-0.1994	-0.01041
0.8285	-0.1878	0.07423
0.7942	-0.2002	-0.004208
0.856	-0.2537	-0.08647
0.7778	-0.2639	-0.07766
0.6768	-0.2581	-0.06766
0.6326	-0.2784	-0.0105
0.5384	-0.2488	0.02598
0.5885	-0.2003	0.02088
0.6577	-0.1279	0.0324
0.6716	-0.03877	0.02677
0.7684	-0.01279	0.04774
0.7561	-0.01257	0.08377
0.7753	-0.05818	0.1043
0.8869	-0.1433	0.1371
0.9286	-0.1903	0.1483
0.9954	-0.2056	0.14
1.011	-0.1828	0.1232
1.039	-0.1317	0.1034
1.101	-0.06869	0.101
1.098	-0.03265	0.1107
1.209	-0.04506	0.1293
1.356	-0.06013	0.137
1.5	-0.1323	0.1334
1.708	-0.2449	0.1188
1.706	-0.3243	0.08068
1.404	-0.4122	0.05224
0.9973	-0.4441	0.05434
0.7713	-0.4223	0.05124
0.8355	-0.4514	0.01885
0.9588	-0.4385	-0.0123
1.059	-0.3871	-0.05917
1.101	-0.375	-0.1166
0.9792	-0.2959	-0.1114
0.8401	-0.1683	-0.08207
0.7321	-0.06203	-0.05535
0.6243	0.03367	-0.03282
0.6122	0.04641	-0.0585
0.6384	0.01038	-0.09082
0.6814	-0.02865	-0.1204
0.7705	-0.1365	-0.1369
0.8158	-0.2553	-0.1159
0.8254	-0.3091	-0.1118
0.8621	-0.3068	-0.09826
0.9479	-0.2678	-0.07403
1.023	-0.1967	-0.08821
1.026	-0.06503	-0.1062
1.028	0.06127	-0.1243
1.042	0.06568	-0.1341
1.053	0.01602	-0.1265
1.098	-0.01578	-0.1185
1.146	-0.1258	-0.08878
1.164	-0.2555	-0.08527
1.231	-0.3555	-0.158
1.441	-0.5502	-0.2638
1.692	-0.6618	-0.3175
1.75	-0.616	-0.2396
1.532	-0.6572	-0.1155
1.18	-0.6689	-0.06624
0.933	-0.5377	-0.06425
0.917	-0.4023	-0.0534
1.05	-0.2809	0.02096
1.116	-0.2262	0.1018
1.068	-0.2181	0.08192
1.044	-0.1868	0.005354
1.023	-0.2077	-0.06427
0.9207	-0.2492	-0.06572
0.7914	-0.2853	-0.01073
0.6938	-0.3205	0.009025
0.6188	-0.2637	0.01983
0.568	-0.1586	0.01743
0.5641	-0.05832	0.001796
0.5789	0.03876	0.0318
0.5865	0.07468	0.06577
0.607	0.05981	0.1009
0.6455	0.001649	0.1477
0.6976	-0.08256	0.1836
0.7766	-0.1409	0.215
0.8941	-0.2002	0.2409
0.9744	-0.1984	0.2815
1.017	-0.09685	0.2978
1.166	-0.007133	0.3297
1.3	0.053	0.4023
1.341	0.05775	0.3477
1.509	0.0129	0.2387
1.599	-0.04401	0.192
1.484	-0.2259	0.1653
1.46	-0.4345	0.1838
1.708	-0.2449	0.1188
1.706	-0.3243	0.08068
1.404	-0.4122	0.05224
0.9973	-0.4441	0.05434
0.7713	-0.4223	0.05124
0.8355	-0.4514	0.01885
0.9588	-0.4385	-0.0123
1.059	-0.3871	-0.05917
1.101	-0.375	-0.1166
0.9792	-0.2959	-0.1114
0.8401	-0.1683	-0.08207
0.7321	-0.06203	-0.05535
0.6243	0.03367	-0.03282
0.6122	0.04641	-0.0585
0.6384	0.01038	-0.09082
0.6814	-0.02865	-0.1204
0.7705	-0.1365	-0.1369
0.8158	-0.2553	-0.1159
0.8254	-0.3091	-0.1118
0.8621	-0.3068	-0.09826
0.9479	-0.2678	-0.07403
1.023	-0.1967	-0.08821
1.026	-0.06503	-0.1062
1.028	0.06127	-0.1243
1.042	0.06568	-0.1341
1.053	0.01602	-0.1265
1.098	-0.01578	-0.1185
1.146	-0.1258	-0.08878
1.164	-0.2555	-0.08527
1.231	-0.3555	-0.158
1.441	-0.5502	-0.2638
1.692	-0.6618	-0.3175
1.75	-0.616	-0.2396
1.532	-0.6572	-0.1155
1.18	-0.6689	-0.06624
0.933	-0.5377	-0.06425
0.917	-0.4023	-0.0534
1.05	-0.2809	0.02096
1.116	-0.2262	0.1018
1.068	-0.2181	0.08192
1.044	-0.1868	0.005354
1.023	-0.2077	-0.06427
0.9207	-0.2492	-0.06572
0.7914	-0.2853	-0.01073
0.6938	-0.3205	0.009025
0.6188	-0.2637	0.01983
0.568	-0.1586	0.01743
0.5641	-0.05832	0.001796
0.5789	0.03876	0.0318
0.5865	0.07468	0.06577
0.607	0.05981	0.1009
0.6455	0.001649	0.1477
0.6976	-0.08256	0.1836
0.7766	-0.1409	0.215
0.8941	-0.2002	0.2409
0.9744	-0.1984	0.2815
1.017	-0.09685	0.2978
1.166	-0.007133	0.3297
1.3	0.053	0.4023
1.341	0.05775	0.3477
1.509	0.0129	0.2387
1.599	-0.04401	0.192
1.484	-0.2259	0.1653
1.46	-0.4345	0.1838
1.307	-0.5616	0.1385
0.9114	-0.63	0.06486
0.6964	-0.5716	0.06277
0.7473	-0.5835	-0.002252
0.971	-0.6439	-0.07243
1.239	-0.556	-0.1125
1.284	-0.4637	-0.1633
1.112	-0.2941	-0.1047
0.9346	-0.116	-0.02477
0.799	-0.06136	-0.03214
0.6864	0.04072	-0.03911
0.659	0.0495	-0.0499
0.6665	-0.05573	-0.08796
0.6636	-0.1662	-0.1095
0.6739	-0.3264	-0.1261
0.6431	-0.3804	-0.1456
0.6352	-0.3428	-0.1393
0.7062	-0.2798	-0.1409
0.8216	-0.1345	-0.1684
0.9344	-0.01156	-0.1777
0.9619	0.06661	-0.1588
0.9605	0.1145	-0.1126
0.9948	0.08607	-0.05437
1.094	0.03621	-0.02829
1.247	-0.009935	-0.03403
1.297	-0.07249	-0.04627
1.263	-0.09202	-0.06904
1.32	-0.06858	-0.09943
1.467	-0.09607	-0.1178
1.607	-0.2024	-0.1176
1.672	-0.3657	-0.08618
1.55	-0.5312	-0.03625
1.287	-0.7396	-0.02639
1.167	-0.938	-0.07826
1.194	-0.7864	-0.1541
1.191	-0.4329	-0.2077
1.128	-0.2704	-0.2125
0.9781	-0.1933	-0.1408
0.7627	-0.1787	-0.0246
0.6173	-0.2475	0.008042
0.6504	-0.338	-0.05421
0.7153	-0.4661	-0.1084
0.7031	-0.4673	-0.1288
0.6663	-0.3837	-0.1014
0.5686	-0.3043	-0.0328
0.5509	-0.1651	0.01133
0.6505	-0.05661	0.01407
0.7278	0.04515	-0.005376
0.8268	0.08487	-0.009802
0.8576	0.007991	0.03479
0.8313	-0.07667	0.1064
0.882	-0.1935	0.1607
0.9594	-0.2444	0.1679
1.071	-0.2098	0.1673
1.159	-0.1915	0.1889
1.185	-0.11	0.1902
1.246	0.0002133	0.1831
1.366	0.004024	0.1566
1.523	-0.1783	0.08514
1.6	-0.4406	0.03509
1.49	-0.5323	0.002876
1.222	-0.4746	-0.03403
0.9302	-0.4079	-0.03089
0.8398	-0.3215	-0.02479
1.307	-0.5616	0.1385
0.9114	-0.63	0.06486
0.6964	-0.5716	0.06277
0.7473	-0.5835	-0.002252
0.971	-0.6439	-0.07243
1.239	-0.556	-0.1125
1.284	-0.4637	-0.1633
1.112	-0.2941	-0.1047
0.9346	-0.116	-0.02477
0.799	-0.06136	-0.03214
0.6864	0.04072	-0.03911
0.659	0.0495	-0.0499
0.6665	-0.05573	-0.08796
0.6636	-0.1662	-0.1095
0.6739	-0.3264	-0.1261
0.6431	-0.3804	-0.1456
0.6352	-0.3428	-0.1393
0.7062	-0.2798	-0.1409
0.8216	-0.1345	-0.1684
0.9344	-0.01156	-0.1777
0.9619	0.06661	-0.1588
0.9605	0.1145	-0.1126
0.9948	0.08607	-0.05437
1.094	0.03621	-0.02829
1.247	-0.009935	-0.03403
1.297	-0.07249	-0.04627
1.263	-0.09202	-0.06904
1.32	-0.06858	-0.09943
1.467	-0.09607	-0.1178
1.607	-0.2024	-0.1176
1.672	-0.3657	-0.08618
1.55	-0.5312	-0.03625
1.287	-0.7396	-0.02639
1.167	-0.938	-0.07826
1.194	-0.7864	-0.1541
1.191	-0.4329	-0.2077
1.128	-0.2704	-0.2125
0.9781	-0.1933	-0.1408
0.7627	-0.1787	-0.0246
0.6173	-0.2475	0.008042
0.6504	-0.338	-0.05421
0.7153	-0.4661	-0.1084
0.7031	-0.4673	-0.1288
0.6663	-0.3837	-0.1014
0.5686	-0.3043	-0.0328
0.5509	-0.1651	0.01133
0.6505	-0.05661	0.01407
0.7278	0.04515	-0.005376
0.8268	0.08487	-0.009802
0.8576	0.007991	0.03479
0.8313	-0.07667	0.1064
0.882	-0.1935	0.1607
0.9594	-0.2444	0.1679
1.071	-0.2098	0.1673
1.159	-0.1915	0.1889
1.185	-0.11	0.1902
1.246	0.0002133	0.1831
1.366	0.004024	0.1566
1.523	-0.1783	0.08514
1.6	-0.4406	0.03509
1.49	-0.5323	0.002876
1.222	-0.4746	-0.03403
0.9302	-0.4079	-0.03089
0.8398	-0.3215	-0.02479
0.9746	-0.2832	-0.05133
1.095	-0.3285	-0.06869
1.111	-0.3349	-0.08323
1.074	-0.3339	-0.1141
0.9623	-0.3208	-0.129
0.8668	-0.2115	-0.1169
0.7948	-0.1333	-0.1025
0.6541	-0.05844	-0.0989
0.536	0.05538	-0.09144
0.5193	0.00793	-0.08981
0.6206	-0.1711	-0.1151
0.7079	-0.3112	-0.1338
0.7135	-0.3469	-0.1417
0.7777	-0.2996	-0.1651
0.86	-0.2894	-0.1967
0.9443	-0.2879	-0.2127
1	-0.2083	-0.1893
1.041	-0.1142	-0.1525
1.126	-0.02197	-0.09816
1.104	0.05143	-0.03092
1.135	0.07011	-0.02507
1.231	0.06379	-0.0447
1.257	-0.02449	-0.05277
1.408	-0.2142	-0.09372
1.557	-0.4212	-0.1795
1.657	-0.5207	-0.2656
1.688	-0.4642	-0.239
1.436	-0.4485	-0.1089
1.14	-0.4889	-0.006338
1.03	-0.4396	-0.01516
1.097	-0.3581	-0.129
1.124	-0.262	-0.1791
0.9837	-0.2181	-0.08941
0.8784	-0.2431	-0.001467
0.7738	-0.1796	-0.01054
0.745	-0.1321	-0.06705
0.7729	-0.1945	-0.0784
0.6342	-0.2453	-0.06528
0.5594	-0.2693	-0.04978
0.5546	-0.2506	-0.008096
0.5244	-0.1833	0.02264
0.6039	-0.09667	0.02591
0.7042	0.001395	0.01569
0.8375	0.01823	0.04265
0.9683	-0.03101	0.08487
1.013	-0.06634	0.09793
1.045	-0.113	0.1297
1.034	-0.1479	0.1384
1.052	-0.1505	0.134
1.14	-0.1279	0.1449
1.217	-0.07119	0.1415
1.264	-0.00777	0.1771
1.272	0.0386	0.1919
1.358	0.01392	0.1327
1.481	-0.1493	0.05146
1.486	-0.3869	0.001199
1.378	-0.5046	0.008876
1.131	-0.4753	-0.01474
0.9116	-0.4634	-0.03607
0.9298	-0.428	0.004079
0.9972	-0.3179	0.01122
1.007	-0.256	-0.006005
1.061	-0.2185	-0.03544
1.015	-0.1871	-0.08173
0.9746	-0.2832	-0.05133
1.095	-0.3285	-0.06869
1.111	-0.3349	-0.08323
1.074	-0.3339	-0.1141
0.9623	-0.3208	-0.129
0.8668	-0.2115	-0.1169
0.7948	-0.1333	-0.1025
0.6541	-0.05844	-0.0989
0.536	0.05538	-0.09144
0.5193	0.00793	-0.08981
0.6206	-0.1711	-0.1151
0.7079	-0.3112	-0.1338
0.7135	-0.3469	-0.1417
0.7777	-0.2996	-0.1651
0.86	-0.2894	-0.1967
0.9443	-0.2879	-0.2127
1	-0.2083	-0.1893
1.041	-0.1142	-0.1525
1.126	-0.02197	-0.09816
1.104	0.05143	-0.03092
1.135	0.07011	-0.02507
1.231	0.06379	-0.0447
1.257	-0.02449	-0.05277
1.408	-0.2142	-0.09372
1.557	-0.4212	-0.1795
1.657	-0.5207	-0.2656
1.688	-0.4642	-0.239
1.436	-0.4485	-0.1089
1.14	-0.4889	-0.006338
1.03	-0.4396	-0.01516
1.097	-0.3581	-0.129
1.124	-0.262	-0.1791
0.9837	-0.2181	-0.08941
0.8784	-0.2431	-0.001467
0.7738	-0.1796	-0.01054
0.745	-0.1321	-0.06705
0.7729	-0.1945	-0.0784
0.6342	-0.2453	-0.06528
0.5594	-0.2693	-0.04978
0.5546	-0.2506	-0.008096
0.5244	-0.1833	0.02264
0.6039	-0.09667	0.02591
0.7042	0.001395	0.01569
0.8375	0.01823	0.04265
0.9683	-0.03101	0.08487
1.013	-0.06634	0.09793
1.045	-0.113	0.1297
1.034	-0.1479	0.1384
1.052	-0.1505	0.134
1.14	-0.1279	0.1449
1.217	-0.07119	0.1415
1.264	-0.00777	0.1771
1.272	0.0386	0.1919
1.358	0.01392	0.1327
1.481	-0.1493	0.05146
1.486	-0.3869	0.001199
1.378	-0.5046	0.008876
1.131	-0.4753	-0.01474
0.9116	-0.4634	-0.03607
0.9298	-0.428	0.004079
0.9972	-0.3179	0.01122
1.007	-0.256	-0.006005
1.061	-0.2185	-0.03544
1.015	-0.1871	-0.08173
0.8468	-0.1829	-0.08737
0.7667	-0.1384	-0.07844
0.6824	-0.09401	-0.07861
0.5941	-0.08561	-0.06938
0.6124	-0.07943	-0.07308
0.6067	-0.09515	-0.09143
0.6595	-0.1584	-0.1166
0.7756	-0.2441	-0.1649
0.7953	-0.2672	-0.1877
0.8308	-0.2501	-0.164
0.9346	-0.2753	-0.1618
1.017	-0.26	-0.1597
1.026	-0.1328	-0.1253
1.046	0.05009	-0.08135
1.105	0.1555	-0.04245
1.135	0.0942	-0.06646
1.265	0.01402	-0.1105
1.392	-0.06952	-0.1087
1.408	-0.2724	-0.1206
1.47	-0.4116	-0.15
1.472	-0.4445	-0.1944
1.435	-0.4569	-0.2273
1.389	-0.403	-0.1824
1.203	-0.4275	-0.1058
1.096	-0.5706	-0.03089
1.116	-0.6569	-0.02945
1.113	-0.4973	-0.1419
1.107	-0.1541	-0.1909
1.024	-0.03737	-0.09873
0.842	-0.08948	0.03327
0.7155	-0.07283	0.07127
0.751	-0.1031	-0.02844
0.7899	-0.1785	-0.1293
0.706	-0.3033	-0.146
0.6529	-0.3918	-0.07117
0.5902	-0.3622	0.04314
0.5148	-0.3215	0.09578
0.5623	-0.2038	0.09941
0.6398	-0.06148	0.06194
0.7799	0.01635	0.02311
0.9377	0.04369	0.0534
0.9783	-0.04569	0.08501
1.022	-0.1477	0.09155
1.049	-0.1908	0.1059
1.084	-0.2015	0.112
1.193	-0.1627	0.1167
1.228	-0.09303	0.1341
1.208	0.02006	0.1513
1.229	0.0747	0.1475
1.346	-0.01906	0.117
1.522	-0.1705	0.07543
1.53	-0.3429	0.03599
1.316	-0.4896	2.593e-05
1.063	-0.507	-0.005422
0.9347	-0.4493	0.04097
0.9125	-0.4227	0.07483
0.9696	-0.3828	0.04274
1.116	-0.3105	-0.01911
1.156	-0.2576	-0.07262
1.027	-0.2135	-0.09376
0.8866	-0.1654	-0.07987
0.7711	-0.1037	-0.06896
0.6744	-0.07212	-0.06037
0.5912	-0.0919	-0.05316
1.054	0.06884	0.1841
1.163	0.08877	0.1404
1.239	0.0507	0.1421
1.278	-0.04478	0.1544
1.358	-0.202	0.138
1.515	-0.3162	0.1056
1.627	-0.3003	0.05549
1.541	-0.2691	0.05659
1.289	-0.2656	0.1468
0.9421	-0.2645	0.2042
0.6866	-0.3064	0.1278
0.7386	-0.406	-0.007147
0.941	-0.5681	-0.09107
1.198	-0.6902	-0.1315
1.423	-0.6735	-0.1335
1.366	-0.5697	-0.1186
1.244	-0.3974	-0.1255
1.153	-0.2342	-0.07307
0.9682	-0.1783	0.000775
0.8802	-0.1715	-0.002855
0.8265	-0.1851	-0.02311
0.7624	-0.2021	-0.05332
0.7509	-0.1907	-0.09081
0.6574	-0.1818	-0.09838
0.5854	-0.1684	-0.09289
0.5769	-0.1585	-0.08081
0.5877	-0.1585	-0.07815
0.6449	-0.1379	-0.06816
0.6635	-0.1291	-0.06752
0.7293	-0.1249	-0.098
0.8294	-0.097	-0.106
0.8354	-0.07666	-0.1003
0.9166	-0.02391	-0.0751
1.141	0.07554	-0.02078
1.291	0.09942	0.009593
1.366	0.00629	-0.003271
1.563	-0.1218	-0.03711
1.684	-0.2289	-0.05629
1.663	-0.3029	-0.09837
1.786	-0.4011	-0.154
1.778	-0.5121	-0.137
1.511	-0.5844	-0.08588
1.266	-0.672	-0.06233
1.029	-0.6268	-0.08396
0.9888	-0.4144	-0.1234
1.077	-0.2568	-0.1067
0.9888	-0.1119	-0.0295
0.9202	-0.05764	0.04016
0.8473	-0.1064	0.01928
0.7643	-0.08568	-0.02167
0.7281	-0.1792	0.00819
0.5712	-0.2962	0.008311
0.5215	-0.2701	0.01433
0.538	-0.2549	0.07663
0.4625	-0.1957	0.07693
0.5414	-0.09058	0.06919
0.6414	-0.03417	0.08461
0.6912	-0.04694	0.06939
0.789	-0.09459	0.08263
0.8214	-0.1393	0.1032
0.8839	-0.2117	0.1265
0.9896	-0.2124	0.1612
1.08	-0.1646	0.1505
1.196	-0.134	0.1448
1.242	-0.07023	0.1547
1.331	-0.05631	0.1436
1.529	-0.09648	0.1296
1.626	-0.1944	0.1119
1.673	-0.3429	0.106
1.61	-0.4225	0.08509
1.242	-0.44	0.01755
0.8432	-0.4231	-0.0171
0.7236	-0.4185	0.01808
0.8393	-0.4522	0.03964
1.008	-0.4626	-0.002466
1.117	-0.4296	-0.06901
1.111	-0.3399	-0.1211
0.9533	-0.2193	-0.1237
0.8152	-0.1025	-0.07193
0.7137	-0.02519	-0.02764
0.6001	-0.02311	-0.01664
0.6215	-0.0591	-0.04837
0.6444	-0.133	-0.1128
0.6727	-0.2404	-0.1519
0.7579	-0.3295	-0.1738
0.7576	-0.3565	-0.1794
0.8083	-0.3112	-0.1624
0.8817	-0.2389	-0.1573
0.9306	-0.116	-0.139
1.005	0.06032	-0.1098
1.04	0.1872	-0.07312
1.134	0.2195	-0.01567
1.235	0.1617	0.004126
1.311	0.05224	-0.00599
1.43	-0.132	-0.03705
1.52	-0.4101	-0.1298
1.607	-0.5144	-0.2267
1.647	-0.3732	-0.2531
1.613	-0.3367	-0.2149
1.44	-0.4549	-0.1572
1.055	-0.5699	-0.09996
0.8412	-0.6389	-0.08322
0.9818	-0.5213	-0.142
1.099	-0.3007	-0.1705
1.063	-0.1846	-0.1004
0.9738	-0.1054	-0.01746
0.8037	-0.08079	0.0009883
0.7311	-0.1306	-0.05124
0.7819	-0.1521	-0.09632
0.7166	-0.1958	-0.07873
0.6719	-0.2644	-0.02416
0.6657	-0.3128	0.03798
0.6288	-0.3021	0.05094
0.6953	-0.1557	0.02386
0.712	-0.008437	0.02718
0.7116	0.01153	0.03428
0.7586	-0.0284	0.0462
0.7454	-0.06829	0.1079
0.7858	-0.09747	0.1543
0.8031	-0.1314	0.144
0.8378	-0.148	0.1398
0.9823	-0.152	0.1494
1.093	-0.1398	0.1384
1.232	-0.0941	0.1434
1.336	-0.0619	0.1743
1.415	-0.0277	0.179
1.605	-0.04694	0.1523
1.727	-0.1223	0.123
1.242	-0.07023	0.1547
1.331	-0.05631	0.1436
1.529	-0.09648	0.1296
1.626	-0.1944	0.1119
1.673	-0.3429	0.106
1.61	-0.4225	0.08509
1.242	-0.44	0.01755
0.8432	-0.4231	-0.0171
0.7236	-0.4185	0.01808
0.8393	-0.4522	0.03964
1.008	-0.4626	-0.002466
1.117	-0.4296	-0.06901
1.111	-0.3399	-0.1211
0.9533	-0.2193	-0.1237
0.8152	-0.1025	-0.07193
0.7137	-0.02519	-0.02764
0.6001	-0.02311	-0.01664
0.6215	-0.0591	-0.04837
0.6444	-0.133	-0.1128
0.6727	-0.2404	-0.1519
0.7579	-0.3295	-0.1738
0.7576	-0.3565	-0.1794
0.8083	-0.3112	-0.1624
0.8817	-0.2389	-0.1573
0.9306	-0.116	-0.139
1.005	0.06032	-0.1098
1.04	0.1872	-0.07312
1.134	0.2195	-0.01567
1.235	0.1617	0.004126
1.311	0.05224	-0.00599
1.43	-0.132	-0.03705
1.52	-0.4101	-0.1298
1.607	-0.5144	-0.2267
1.647	-0.3732	-0.2531
1.613	-0.3367	-0.2149
1.44	-0.4549	-0.1572
1.055	-0.5699	-0.09996
0.8412	-0.6389	-0.08322
0.9818	-0.5213	-0.142
1.099	-0.3007	-0.1705
1.063	-0.1846	-0.1004
0.9738	-0.1054	-0.01746
0.8037	-0.08079	0.0009883
0.7311	-0.1306	-0.05124
0.7819	-0.1521	-0.09632
0.7166	-0.1958	-0.07873
0.6719	-0.2644	-0.02416
0.6657	-0.3128	0.03798
0.6288	-0.3021	0.05094
0.6953	-0.1557	0.02386
0.712	-0.008437	0.02718
0.7116	0.01153	0.03428
0.7586	-0.0284	0.0462
0.7454	-0.06829	0.1079
0.7858	-0.09747	0.1543
0.8031	-0.1314	0.144
0.8378	-0.148	0.1398
0.9823	-0.152	0.1494
1.093	-0.1398	0.1384
1.232	-0.0941	0.1434
1.336	-0.0619	0.1743
1.415	-0.0277	0.179
1.605	-0.04694	0.1523
1.727	-0.1223	0.123
1.659	-0.1852	0.1233
1.425	-0.2976	0.1264
1.15	-0.3466	0.08128
0.9799	-0.3496	0.01908
0.9224	-0.4441	-0.02601
0.9851	-0.4552	-0.005255
1.071	-0.4042	0.0386
1.062	-0.3773	-0.0007721
0.9738	-0.2641	-0.04027
0.8761	-0.1578	-0.05665
0.7915	-0.1279	-0.05964
0.691	-0.08531	-0.01433
0.6227	-0.05572	-0.03255
0.6238	-0.1054	-0.07359
0.6514	-0.175	-0.09498
0.68	-0.21	-0.1468
0.7225	-0.2406	-0.1426
0.7535	-0.2419	-0.1403
0.7692	-0.2228	-0.1569
0.8369	-0.2087	-0.1372
0.9088	-0.1574	-0.1513
0.9493	-0.107	-0.1486
0.9885	-0.06451	-0.1328
1.021	-0.01066	-0.1318
1.105	0.001854	-0.09691
1.224	-0.02132	-0.07673
1.337	-0.07693	-0.0703
1.485	-0.1986	-0.08983
1.612	-0.3549	-0.1603
1.637	-0.437	-0.2156
1.558	-0.4223	-0.2103
1.431	-0.454	-0.1383
1.285	-0.5478	-0.08258
1.118	-0.6037	-0.09059
1.014	-0.6185	-0.1198
1.031	-0.5447	-0.1313
1.022	-0.3889	-0.06601
0.8932	-0.2991	0.02706
0.7948	-0.2659	0.05506
0.7665	-0.2073	0.02803
0.7687	-0.1694	-0.0283
0.8036	-0.1657	-0.09459
0.7566	-0.1569	-0.112
0.6779	-0.1549	-0.04906
0.6365	-0.1606	-0.005994
0.5942	-0.1156	0.0007156
0.6501	-0.02927	0.04654
0.7343	0.03138	0.0636
0.7936	0.05378	0.05439
0.8639	0.03155	0.08094
0.868	-0.02193	0.09981
0.9002	-0.09759	0.1173
0.965	-0.1672	0.1525
1.017	-0.1623	0.1611
1.101	-0.1216	0.1428
1.131	-0.06317	0.1477
1.162	0.01499	0.1692
1.27	0.02595	0.1754
1.434	-0.04775	0.1614
1.624	-0.2277	0.1359
1.665	-0.4764	0.1332
1.489	-0.5658	0.1137
1.181	-0.4511	0.05575
0.884	-0.3443	0.03102
1.659	-0.1852	0.1233
1.425	-0.2976	0.1264
1.15	-0.3466	0.08128
0.9799	-0.3496	0.01908
0.9224	-0.4441	-0.02601
0.9851	-0.4552	-0.005255
1.071	-0.4042	0.0386
1.062	-0.3773	-0.0007721
0.9738	-0.2641	-0.04027
0.8761	-0.1578	-0.05665
0.7915	-0.1279	-0.05964
0.691	-0.08531	-0.01433
0.6227	-0.05572	-0.03255
0.6238	-0.1054	-0.07359
0.6514	-0.175	-0.09498
0.68	-0.21	-0.1468
0.7225	-0.2406	-0.1426
0.7535	-0.2419	-0.1403
0.7692	-0.2228	-0.1569
0.8369	-0.2087	-0.1372
0.9088	-0.1574	-0.1513
0.9493	-0.107	-0.1486
0.9885	-0.06451	-0.1328
1.021	-0.01066	-0.1318
1.105	0.001854	-0.09691
1.224	-0.02132	-0.07673
1.337	-0.07693	-0.0703
1.485	-0.1986	-0.08983
1.612	-0.3549	-0.1603
1.637	-0.437	-0.2156
1.558	-0.4223	-0.2103
1.431	-0.454	-0.1383
1.285	-0.5478	-0.08258
1.118	-0.6037	-0.09059
1.014	-0.6185	-0.1198
1.031	-0.5447	-0.1313
1.022	-0.3889	-0.06601
0.8932	-0.2991	0.02706
0.7948	-0.2659	0.05506
0.7665	-0.2073	0.02803
0.7687	-0.1694	-0.0283
0.8036	-0.1657	-0.09459
0.7566	-0.1569	-0.112
0.6779	-0.1549	-0.04906
0.6365	-0.1606	-0.005994
0.5942	-0.1156	0.0007156
0.6501	-0.02927	0.04654
0.7343	0.03138	0.0636
0.7936	0.05378	0.05439
0.8639	0.03155	0.08094
0.868	-0.02193	0.09981
0.9002	-0.09759	0.1173
0.965	-0.1672	0.1525
1.017	-0.1623	0.1611
1.101	-0.1216	0.1428
1.131	-0.06317	0.1477
1.162	0.01499	0.1692
1.27	0.02595	0.1754
1.434	-0.04775	0.1614
1.624	-0.2277	0.1359
1.665	-0.4764	0.1332
1.489	-0.5658	0.1137
1.181	-0.4511	0.05575
0.884	-0.3443	0.03102
0.7719	-0.3136	0.02057
0.8351	-0.322	-0.0004534
0.9786	-0.3823	-0.02512
1.1	-0.412	-0.05988
1.063	-0.3848	-0.05759
0.9201	-0.3379	-0.04057
0.809	-0.2251	-0.0436
0.7156	-0.1371	-0.03111
0.6612	-0.1203	-0.03311
0.6244	-0.06122	-0.0632
0.5772	-0.01967	-0.08286
0.6397	-0.05594	-0.1079
0.689	-0.077	-0.141
0.7007	-0.1296	-0.1553
0.7624	-0.2715	-0.1652
0.7454	-0.3535	-0.1797
0.8604	-0.3565	-0.194
1.115	-0.3366	-0.2293
1.19	-0.2175	-0.2557
1.113	-0.04635	-0.218
1.015	0.06643	-0.156
1.039	0.07995	-0.1112
1.1	0.04454	-0.09937
1.17	-0.008517	-0.1532
1.376	-0.1547	-0.227
1.506	-0.3214	-0.271
1.565	-0.4739	-0.2791
1.581	-0.5842	-0.2391
1.45	-0.5142	-0.1507
1.316	-0.4598	-0.05071
1.153	-0.5356	-0.05333
0.9494	-0.5413	-0.0944
0.9077	-0.5085	-0.0512
1.002	-0.4689	-0.06111
1.02	-0.363	-0.08156
1.023	-0.3267	-0.05418
1.038	-0.4015	-0.1278
0.8685	-0.4912	-0.2059
0.7545	-0.5543	-0.2179
0.7642	-0.5365	-0.1862
0.6679	-0.4739	-0.104
0.6229	-0.3833	-0.06639
0.646	-0.1694	-0.04736
0.6761	0.04076	-0.04497
0.7246	0.1183	-0.04893
0.7334	0.133	0.01442
0.7012	0.06727	0.07431
0.6263	-0.02968	0.1441
0.6187	-0.07869	0.1996
0.673	-0.1169	0.1936
0.7671	-0.1039	0.2016
0.9352	-0.05071	0.2004
1.029	-0.002312	0.2071
1.103	0.05239	0.2298
1.279	0.08382	0.2273
1.458	0.09101	0.2177
1.547	0.01749	0.1831
1.616	-0.2156	0.1752
1.666	-0.5003	0.2145
1.53	-0.5867	0.2198
1.251	-0.4743	0.1438
0.9337	-0.412	0.02676
0.7836	-0.3688	-0.01705
0.9408	-0.3822	-0.04922
0.7719	-0.3136	0.02057
0.8351	-0.322	-0.0004534
0.9786	-0.3823	-0.02512
1.1	-0.412	-0.05988
1.063	-0.3848	-0.05759
0.9201	-0.3379	-0.04057
0.809	-0.2251	-0.0436
0.7156	-0.1371	-0.03111
0.6612	-0.1203	-0.03311
0.6244	-0.06122	-0.0632
0.5772	-0.01967	-0.08286
0.6397	-0.05594	-0.1079
0.689	-0.077	-0.141
0.7007	-0.1296	-0.1553
0.7624	-0.2715	-0.1652
0.7454	-0.3535	-0.1797
0.8604	-0.3565	-0.194
1.115	-0.3366	-0.2293
1.19	-0.2175	-0.2557
1.113	-0.04635	-0.218
1.015	0.06643	-0.156
1.039	0.07995	-0.1112
1.1	0.04454	-0.09937
1.17	-0.008517	-0.1532
1.376	-0.1547	-0.227
1.506	-0.3214	-0.271
1.565	-0.4739	-0.2791
1.581	-0.5842	-0.2391
1.45	-0.5142	-0.1507
1.316	-0.4598	-0.05071
1.153	-0.5356	-0.05333
0.9494	-0.5413	-0.0944
0.9077	-0.5085	-0.0512
1.002	-0.4689	-0.06111
1.02	-0.363	-0.08156
1.023	-0.3267	-0.05418
1.038	-0.4015	-0.1278
0.8685	-0.4912	-0.2059
0.7545	-0.5543	-0.2179
0.7642	-0.5365	-0.1862
0.6679	-0.4739	-0.104
0.6229	-0.3833	-0.06639
0.646	-0.1694	-0.04736
0.6761	0.04076	-0.04497
0.7246	0.1183	-0.04893
0.7334	0.133	0.01442
0.7012	0.06727	0.07431
0.6263	-0.02968	0.1441
0.6187	-0.07869	0.1996
0.673	-0.1169	0.1936
0.7671	-0.1039	0.2016
0.9352	-0.05071	0.2004
1.029	-0.002312	0.2071
1.103	0.05239	0.2298
1.279	0.08382	0.2273
1.458	0.09101	0.2177
1.547	0.01749	0.1831
1.616	-0.2156	0.1752
1.666	-0.5003	0.2145
1.53	-0.5867	0.2198
1.251	-0.4743	0.1438
0.9337	-0.412	0.02676
0.7836	-0.3688	-0.01705
0.9408	-0.3822	-0.04922
1.067	-0.5437	-0.1109
1.115	-0.5835	-0.093
1.127	-0.5438	-0.07931
0.9558	-0.4747	-0.09389
0.8047	-0.2402	-0.06207
0.7026	-0.06509	-0.05771
0.6528	0.03361	-0.0734
0.7146	0.08717	-0.0848
0.7074	0.002009	-0.1175
0.7218	-0.09891	-0.1307
0.7464	-0.2361	-0.1343
0.7142	-0.3441	-0.1431
0.778	-0.3159	-0.1436
0.8333	-0.2627	-0.1449
0.8782	-0.169	-0.1361
0.9517	-0.06214	-0.1209
0.9734	-0.02413	-0.102
1.035	0.03197	-0.06983
1.118	0.1032	-0.03197
1.198	0.04837	-0.001073
1.343	-0.08388	0.006329
1.492	-0.1869	-0.02591
1.601	-0.3319	-0.1264
1.708	-0.4541	-0.2593
1.709	-0.4788	-0.278
1.407	-0.5443	-0.1218
1.074	-0.6369	0.01427
1.033	-0.6178	-0.05556
1.066	-0.5088	-0.1727
1.054	-0.3877	-0.1831
1.067	-0.286	-0.1291
0.9537	-0.2613	5.23e-06
0.751	-0.2536	0.0599
0.7332	-0.1983	-0.03805
0.7856	-0.1918	-0.1013
0.7	-0.1834	-0.1064
0.6037	-0.1611	-0.07805
0.5187	-0.1819	-0.000271
0.4807	-0.1592	0.05504
0.5593	-0.1269	0.07893
0.6629	-0.08311	0.05775
0.8051	-0.01884	0.03854
0.9079	-0.01872	0.05568
0.9092	-0.0465	0.07289
0.9278	-0.1001	0.125
0.941	-0.1461	0.148
0.946	-0.1269	0.1302
0.9964	-0.07911	0.1332
1.043	-0.02315	0.1159
1.067	0.004045	0.1213
1.124	0.04422	0.1555
1.236	0.0827	0.1742
1.367	0.005421	0.1766
1.564	-0.1196	0.11
1.786	-0.2094	0.03534
1.787	-0.257	0.04844
1.5	-0.3081	0.1068
1.114	-0.3898	0.1533
0.8214	-0.3998	0.1551
0.6925	-0.4258	0.114
0.7684	-0.5113	0.04848
0.9975	-0.4972	-0.03748
1.099	-0.452	-0.1074
1.031	-0.3558	-0.1307
1.067	-0.5437	-0.1109
1.115	-0.5835	-0.093
1.127	-0.5438	-0.07931
0.9558	-0.4747	-0.09389
0.8047	-0.2402	-0.06207
0.7026	-0.06509	-0.05771
0.6528	0.03361	-0.0734
0.7146	0.08717	-0.0848
0.7074	0.002009	-0.1175
0.7218	-0.09891	-0.1307
0.7464	-0.2361	-0.1343
0.7142	-0.3441	-0.1431
0.778	-0.3159	-0.1436
0.8333	-0.2627	-0.1449
0.8782	-0.169	-0.1361
0.9517	-0.06214	-0.1209
0.9734	-0.02413	-0.102
1.035	0.03197	-0.06983
1.118	0.1032	-0.03197
1.198	0.04837	-0.001073
1.343	-0.08388	0.006329
1.492	-0.1869	-0.02591
1.601	-0.3319	-0.1264
1.708	-0.4541	-0.2593
1.709	-0.4788	-0.278
1.407	-0.5443	-0.1218
1.074	-0.6369	0.01427
1.033	-0.6178	-0.05556
1.066	-0.5088	-0.1727
1.054	-0.3877	-0.1831
1.067	-0.286	-0.1291
0.9537	-0.2613	5.23e-06
0.751	-0.2536	0.0599
0.7332	-0.1983	-0.03805
0.7856	-0.1918	-0.1013
0.7	-0.1834	-0.1064
0.6037	-0.1611	-0.07805
0.5187	-0.1819	-0.000271
0.4807	-0.1592	0.05504
0.5593	-0.1269	0.07893
0.6629	-0.08311	0.05775
0.8051	-0.01884	0.03854
0.9079	-0.01872	0.05568
0.9092	-0.0465	0.07289
0.9278	-0.1001	0.125
0.941	-0.1461	0.148
0.946	-0.1269	0.1302
0.9964	-0.07911	0.1332
1.043	-0.02315	0.1159
1.067	0.004045	0.1213
1.124	0.04422	0.1555
1.236	0.0827	0.1742
1.367	0.005421	0.1766
1.564	-0.1196	0.11
1.786	-0.2094	0.03534
1.787	-0.257	0.04844
1.5	-0.3081	0.1068
1.114	-0.3898	0.1533
0.8214	-0.3998	0.1551
0.6925	-0.4258	0.114
0.7684	-0.5113	0.04848
0.9975	-0.4972	-0.03748
1.099	-0.452	-0.1074
1.031	-0.3558	-0.1307
0.922	-0.1629	-0.1301
0.7448	-0.02821	-0.113
0.6218	0.0575	-0.0728
0.5991	0.07418	-0.05953
0.5944	0.01216	-0.09819
0.6204	-0.06019	-0.1429
0.6544	-0.1841	-0.1641
0.7252	-0.3028	-0.1769
0.8231	-0.3712	-0.1919
0.9193	-0.3732	-0.1865
0.9975	-0.2988	-0.1725
0.9987	-0.2131	-0.1653
0.996	-0.08082	-0.1399
1.017	0.06536	-0.1134
1.051	0.1365	-0.09901
1.135	0.1379	-0.09492
1.192	0.08701	-0.1135
1.213	0.004423	-0.1441
1.279	-0.1254	-0.1766
1.384	-0.2942	-0.1879
1.47	-0.4791	-0.2099
1.515	-0.6139	-0.2793
1.528	-0.6417	-0.2846
1.436	-0.6519	-0.1546
1.203	-0.6424	0.0283
1.023	-0.5851	0.09906
1.019	-0.4521	-0.003415
1.033	-0.2184	-0.05655
0.9779	-0.117	0.02466
0.936	-0.1429	0.0429
0.923	-0.1211	-0.03854
0.8915	-0.1813	-0.1196
0.8165	-0.305	-0.1353
0.7437	-0.3831	-0.1017
0.6807	-0.407	-0.08599
0.589	-0.3123	-0.04803
0.5153	-0.1497	0.02188
0.5012	-0.02047	0.0538
0.5654	0.03499	0.06086
0.6673	0.03891	0.08339
0.7057	0.04795	0.1233
0.7076	0.04147	0.1504
0.7322	0.02557	0.1594
0.8078	0.02391	0.1707
1.005	0.02508	0.1767
1.233	0.0412	0.1966
1.275	0.05976	0.2349
1.24	0.08723	0.2755
1.354	0.1148	0.3007
1.488	0.07752	0.2405
1.642	0.0146	0.1271
1.8	-0.02878	0.1028
1.578	-0.173	0.2109
1.161	-0.4439	0.3599
0.9106	-0.6266	0.3676
0.7538	-0.6517	0.1357
0.8546	-0.6487	-0.1296
1.084	-0.6205	-0.1897
1.132	-0.5617	-0.1692
1.129	-0.4756	-0.1585
1.005	-0.3028	-0.06074
0.8076	-0.115	-0.04066
0.7295	0.006246	-0.09083
0.6552	0.03656	-0.04319
0.922	-0.1629	-0.1301
0.7448	-0.02821	-0.113
0.6218	0.0575	-0.0728
0.5991	0.07418	-0.05953
0.5944	0.01216	-0.09819
0.6204	-0.06019	-0.1429
0.6544	-0.1841	-0.1641
0.7252	-0.3028	-0.1769
0.8231	-0.3712	-0.1919
0.9193	-0.3732	-0.1865
0.9975	-0.2988	-0.1725
0.9987	-0.2131	-0.1653
0.996	-0.08082	-0.1399
1.017	0.06536	-0.1134
1.051	0.1365	-0.09901
1.135	0.1379	-0.09492
1.192	0.08701	-0.1135
1.213	0.004423	-0.1441
1.279	-0.1254	-0.1766
1.384	-0.2942	-0.1879
1.47	-0.4791	-0.2099
1.515	-0.6139	-0.2793
1.528	-0.6417	-0.2846
1.436	-0.6519	-0.1546
1.203	-0.6424	0.0283
1.023	-0.5851	0.09906
1.019	-0.4521	-0.003415
1.033	-0.2184	-0.05655
0.9779	-0.117	0.02466
0.936	-0.1429	0.0429
0.923	-0.1211	-0.03854
0.8915	-0.1813	-0.1196
0.8165	-0.305	-0.1353
0.7437	-0.3831	-0.1017
0.6807	-0.407	-0.08599
0.589	-0.3123	-0.04803
0.5153	-0.1497	0.02188
0.5012	-0.02047	0.0538
0.5654	0.03499	0.06086
0.6673	0.03891	0.08339
0.7057	0.04795	0.1233
0.7076	0.04147	0.1504
0.7322	0.02557	0.1594
0.8078	0.02391	0.1707
1.005	0.02508	0.1767
1.233	0.0412	0.1966
1.275	0.05976	0.2349
1.24	0.08723	0.2755
1.354	0.1148	0.3007
1.488	0.07752	0.2405
1.642	0.0146	0.1271
1.8	-0.02878	0.1028
1.578	-0.173	0.2109
1.161	-0.4439	0.3599
0.9106	-0.6266	0.3676
0.7538	-0.6517	0.1357
0.8546	-0.6487	-0.1296
1.084	-0.6205	-0.1897
1.132	-0.5617	-0.1692
1.129	-0.4756	-0.1585
1.005	-0.3028	-0.06074
0.8076	-0.115	-0.04066
0.7295	0.006246	-0.09083
0.6552	0.03656	-0.04319
0.6376	-0.01731	-0.07024
0.6984	-0.08732	-0.1358
0.7587	-0.1946	-0.1585
0.8138	-0.3071	-0.2182
0.7864	-0.3579	-0.2026
0.7435	-0.3967	-0.1861
0.7251	-0.3973	-0.2096
0.7517	-0.3345	-0.2102
0.8696	-0.248	-0.2633
0.9372	-0.1499	-0.2584
0.9401	0.00491	-0.176
0.9574	0.2273	-0.08837
0.9794	0.2751	-0.01033
1.019	0.1432	0.0136
1.091	0.1104	0.0715
1.187	0.02253	0.06978
1.362	-0.2109	-0.05207
1.627	-0.3601	-0.116
1.68	-0.3425	-0.1535
1.586	-0.2242	-0.1648
1.601	-0.2294	-0.1006
1.426	-0.322	-0.01782
1.192	-0.4788	0.03781
1.151	-0.7698	-0.04127
1.08	-0.7588	-0.1696
1.101	-0.5677	-0.2132
1.115	-0.4956	-0.2261
0.9613	-0.3179	-0.1861
0.8131	-0.2926	-0.1115
0.6565	-0.3555	-0.06512
0.6535	-0.2935	-0.08254
0.7143	-0.3696	-0.1418
0.6285	-0.4003	-0.1234
0.6062	-0.3593	-0.08295
0.5862	-0.3639	-0.0356
0.5684	-0.2446	0.04602
0.6717	-0.09128	0.03751
0.7817	0.05628	0.01938
0.872	0.1508	0.04348
0.8799	0.1029	0.05718
0.8706	0.01188	0.1169
0.9233	-0.1291	0.158
0.9486	-0.234	0.1678
1.016	-0.2429	0.1906
1.098	-0.2643	0.1945
1.165	-0.2211	0.2129
1.292	-0.09742	0.2221
1.412	-0.02496	0.1948
1.539	-0.06142	0.1812
1.626	-0.1786	0.177
1.511	-0.2998	0.1245
1.233	-0.3791	0.007706
0.9581	-0.3569	-0.05844
0.8734	-0.3299	-0.02947
0.9795	-0.4072	-0.03567
1.037	-0.4278	-0.07457
1.031	-0.39	-0.05923
1.013	-0.3371	-0.05409
0.9082	-0.215	-0.0717
0.8272	-0.1279	-0.0467
0.7556	-0.03743	-0.0315
0.6424	0.04074	-0.04113
0.6438	0.001859	-0.03693
0.6632	-0.04325	-0.05176
0.6376	-0.01731	-0.07024
0.6984	-0.08732	-0.1358
0.7587	-0.1946	-0.1585
0.8138	-0.3071	-0.2182
0.7864	-0.3579	-0.2026
0.7435	-0.3967	-0.1861
0.7251	-0.3973	-0.2096
0.7517	-0.3345	-0.2102
0.8696	-0.248	-0.2633
0.9372	-0.1499	-0.2584
0.9401	0.00491	-0.176
0.9574	0.2273	-0.08837
0.9794	0.2751	-0.01033
1.019	0.1432	0.0136
1.091	0.1104	0.0715
1.187	0.02253	0.06978
1.362	-0.2109	-0.05207
1.627	-0.3601	-0.116
1.68	-0.3425	-0.1535
1.586	-0.2242	-0.1648
1.601	-0.2294	-0.1006
1.426	-0.322	-0.01782
1.192	-0.4788	0.03781
1.151	-0.7698	-0.04127
1.08	-0.7588	-0.1696
1.101	-0.5677	-0.2132
1.115	-0.4956	-0.2261
0.9613	-0.3179	-0.1861
0.8131	-0.2926	-0.1115
0.6565	-0.3555	-0.06512
0.6535	-0.2935	-0.08254
0.7143	-0.3696	-0.1418
0.6285	-0.4003	-0.1234
0.6062	-0.3593	-0.08295
0.5862	-0.3639	-0.0356
0.5684	-0.2446	0.04602
0.6717	-0.09128	0.03751
0.7817	0.05628	0.01938
0.872	0.1508	0.04348
0.8799	0.1029	0.05718
0.8706	0.01188	0.1169
0.9233	-0.1291	0.158
0.9486	-0.234	0.1678
1.016	-0.2429	0.1906
1.098	-0.2643	0.1945
1.165	-0.2211	0.2129
1.292	-0.09742	0.2221
1.412	-0.02496	0.1948
1.539	-0.06142	0.1812
1.626	-0.1786	0.177
1.511	-0.2998	0.1245
1.233	-0.3791	0.007706
0.9581	-0.3569	-0.05844
0.8734	-0.3299	-0.02947
0.9795	-0.4072	-0.03567
1.037	-0.4278	-0.07457
1.031	-0.39	-0.05923
1.013	-0.3371	-0.05409
0.9082	-0.215	-0.0717
0.8272	-0.1279	-0.0467
0.7556	-0.03743	-0.0315
0.6424	0.04074	-0.04113
0.6438	0.001859	-0.03693
0.6632	-0.04325	-0.05176
0.6746	-0.1272	-0.08913
0.759	-0.2495	-0.1232
0.8011	-0.2608	-0.1344
0.855	-0.2194	-0.1279
0.9095	-0.1806	-0.127
0.9129	-0.1161	-0.1079
0.9649	-0.03638	-0.08997
1.026	0.06129	-0.1183
1.07	0.135	-0.1555
1.109	0.1132	-0.1561
1.168	0.014	-0.1332
1.256	-0.09588	-0.1204
1.321	-0.1616	-0.1266
1.428	-0.1661	-0.1478
1.514	-0.197	-0.1701
1.47	-0.3053	-0.1846
1.405	-0.4428	-0.1789
1.289	-0.6064	-0.08946
1.118	-0.7695	0.01085
1.113	-0.7929	-0.05736
1.177	-0.5612	-0.1838
1.112	-0.2746	-0.1804
1.029	-0.1955	-0.09159
0.8648	-0.186	0.05217
0.6888	-0.1417	0.1252
0.7822	-0.1639	0.005865
0.8484	-0.2129	-0.07697
0.7223	-0.2664	-0.05318
0.6625	-0.3591	-0.07945
0.6055	-0.3869	-0.07717
0.5499	-0.3099	0.01215
0.5427	-0.2522	0.07782
0.5265	-0.2032	0.06704
0.6222	-0.1269	0.0404
0.7914	-0.0513	0.03841
0.9057	0.01868	0.0325
0.9175	-0.03458	0.06374
0.8931	-0.1156	0.1501
0.9578	-0.1147	0.1939
0.9634	-0.1463	0.1754
0.9778	-0.1393	0.1666
1.107	-0.1301	0.1643
1.16	-0.1392	0.1466
1.252	-0.08771	0.1707
1.36	-0.07131	0.2097
1.397	-0.04966	0.1751
1.508	-0.1175	0.1142
1.593	-0.3173	0.07116
1.582	-0.4228	0.03283
1.303	-0.4399	0.01296
0.843	-0.3727	0.01102
0.7505	-0.299	0.04012
0.9103	-0.3341	0.05088
1.011	-0.341	-0.005406
1.119	-0.3423	-0.07577
1.116	-0.3701	-0.1262
0.9693	-0.3195	-0.1111
0.8239	-0.2127	-0.06726
0.6824	-0.1094	-0.05686
0.6107	-0.06191	-0.04395
0.6317	-0.05502	-0.06708
0.6253	-0.04536	-0.1046
0.6919	-0.09341	-0.1253
0.7948	-0.2	-0.1633
0.6746	-0.1272	-0.08913
0.759	-0.2495	-0.1232
0.8011	-0.2608	-0.1344
0.855	-0.2194	-0.1279
0.9095	-0.1806	-0.127
0.9129	-0.1161	-0.1079
0.9649	-0.03638	-0.08997
1.026	0.06129	-0.1183
1.07	0.135	-0.1555
1.109	0.1132	-0.1561
1.168	0.014	-0.1332
1.256	-0.09588	-0.1204
1.321	-0.1616	-0.1266
1.428	-0.1661	-0.1478
1.514	-0.197	-0.1701
1.47	-0.3053	-0.1846
1.405	-0.4428	-0.1789
1.289	-0.6064	-0.08946
1.118	-0.7695	0.01085
1.113	-0.7929	-0.05736
1.177	-0.5612	-0.1838
1.112	-0.2746	-0.1804
1.029	-0.1955	-0.09159
0.8648	-0.186	0.05217
0.6888	-0.1417	0.1252
0.7822	-0.1639	0.005865
0.8484	-0.2129	-0.07697
0.7223	-0.2664	-0.05318
0.6625	-0.3591	-0.07945
0.6055	-0.3869	-0.07717
0.5499	-0.3099	0.01215
0.5427	-0.2522	0.07782
0.5265	-0.2032	0.06704
0.6222	-0.1269	0.0404
0.7914	-0.0513	0.03841
0.9057	0.01868	0.0325
0.9175	-0.03458	0.06374
0.8931	-0.1156	0.1501
0.9578	-0.1147	0.1939
0.9634	-0.1463	0.1754
0.9778	-0.1393	0.1666
1.107	-0.1301	0.1643
1.16	-0.1392	0.1466
1.252	-0.08771	0.1707
1.36	-0.07131	0.2097
1.397	-0.04966	0.1751
1.508	-0.1175	0.1142
1.593	-0.3173	0.07116
1.582	-0.4228	0.03283
1.303	-0.4399	0.01296
0.843	-0.3727	0.01102
0.7505	-0.299	0.04012
0.9103	-0.3341	0.05088
1.011	-0.341	-0.005406
1.119	-0.3423	-0.07577
1.116	-0.3701	-0.1262
0.9693	-0.3195	-0.1111
0.8239	-0.2127	-0.06726
0.6824	-0.1094	-0.05686
0.6107	-0.06191	-0.04395
0.6317	-0.05502	-0.06708
0.6253	-0.04536	-0.1046
0.6919	-0.09341	-0.1253
0.7948	-0.2	-0.1633
0.8275	-0.2997	-0.1702
0.9207	-0.3596	-0.1779
0.9738	-0.3343	-0.1846
0.9703	-0.2341	-0.1484
0.9712	-0.07847	-0.1145
0.9312	0.09654	-0.06889
0.9671	0.1764	-0.05627
1.034	0.1811	-0.09213
1.14	0.1428	-0.09456
1.275	0.02371	-0.07582
1.298	-0.1335	-0.05957
1.354	-0.3615	-0.081
1.472	-0.6058	-0.175
1.602	-0.6556	-0.3122
1.688	-0.4751	-0.3725
1.549	-0.332	-0.2121
1.291	-0.4899	-0.007614
1.066	-0.6192	-0.005621
0.9836	-0.4229	-0.1123
1.083	-0.2637	-0.1669
1.094	-0.2308	-0.1009
0.9563	-0.1602	0.01811
0.8447	-0.1477	0.04256
0.772	-0.1533	-0.0214
0.7325	-0.1413	-0.08969
0.6694	-0.1975	-0.08375
0.5704	-0.2786	-0.01862
0.528	-0.315	0.02164
0.5341	-0.2983	0.04486
0.5709	-0.2569	0.03815
0.6454	-0.1723	0.03024
0.7513	-0.04454	0.0607
0.8332	0.005031	0.07683
0.8399	-0.03387	0.1134
0.8679	-0.05821	0.1607
0.9163	-0.08756	0.1778
0.9327	-0.1419	0.1886
0.9763	-0.1525	0.1733
1.027	-0.1234	0.1722
1.083	-0.07697	0.1935
1.139	0.003698	0.2125
1.149	0.06965	0.2429
1.193	0.07539	0.2246
1.363	-0.003155	0.1387
1.659	-0.1751	0.0439
1.904	-0.3374	0.02786
1.796	-0.3917	0.06442
1.265	-0.3646	0.06377
0.7054	-0.3536	0.09322
0.6872	-0.3837	0.09326
1.021	-0.3972	-0.00712
1.15	-0.4176	-0.08278
1.23	-0.4202	-0.1094
1.224	-0.3415	-0.09298
0.9804	-0.2315	-0.09113
0.8892	-0.1309	-0.1213
0.8487	-0.09374	-0.07149
0.7232	-0.05994	-0.02375
0.6809	-0.0008054	-0.02592
0.6473	-0.07375	-0.04596
0.6468	-0.1372	-0.1004
0.6367	-0.1272	-0.1151
0.6923	-0.191	-0.1361
0.8029	-0.2117	-0.1777
