0.6944	-0.03786	-0.01832
0.5109	0.03577	0.04406
0.4591	0.1246	0.03739
0.5258	0.1548	0.003056
0.7314	0.08418	-0.04899
1.012	-0.007504	-0.1201
1.143	-0.0691	-0.1843
1.005	-0.06864	-0.1925
0.8454	-0.09151	-0.1328
0.7915	-0.2042	-0.04772
0.8468	-0.2728	0.04342
1.193	-0.2175	0.1946
1.606	-0.09132	0.3529
1.788	0.1028	0.331
1.803	0.2765	0.1891
1.715	0.2228	0.09042
1.65	0.07797	0.00389
1.584	0.05368	-0.003268
1.297	0.03954	0.1488
0.8648	0.03657	0.3088
0.7339	0.05533	0.3106
0.8488	0.07186	0.1916
0.7308	0.1426	0.08636
0.6952	0.1282	0.008427
0.8029	0.02326	0.03796
0.6865	-0.09404	0.1649
0.6819	-0.1839	0.1841
0.7133	-0.1141	0.1635
0.6415	-0.04655	0.1263
0.6917	-0.03952	0.03845
0.6944	0.01113	0.02819
0.7427	-0.01192	0.02816
0.8575	-0.02332	0.0274
0.8654	0.02896	0.03814
0.8742	0.06185	0.03041
0.8683	0.1361	0.05694
0.8789	0.1935	0.04704
0.8986	0.1881	0.04441
0.8868	0.1502	0.07198
0.8956	0.08119	0.07441
0.8541	0.03697	0.09327
0.8629	-0.006315	0.05328
1.037	-0.1015	-0.05046
1.335	-0.207	-0.1843
1.66	-0.2601	-0.3078
1.882	-0.2523	-0.3434
1.965	-0.2031	-0.3508
1.812	-0.07771	-0.2216
1.451	0.07997	0.06193
1.06	0.1849	0.2142
0.8726	0.286	0.1931
1.027	0.3508	0.02949
1.183	0.2573	-0.2514
1.229	0.03352	-0.3632
1.157	-0.2143	-0.2611
0.822	-0.3174	-0.155
0.6351	-0.2171	-0.02446
0.622	-0.1219	0.04958
0.5973	-0.01819	-0.02783
0.6783	0.1247	-0.0496
0.6544	0.1051	-0.038
0.7104	0.07627	-0.0805
0.9172	0.08541	-0.07568
0.9576	-0.005741	-0.09395
0.8879	-0.01142	-0.0876
0.702	0.04596	0.01421
0.6424	0.1101	0.07095
0.8032	0.2084	0.06012
0.9033	0.1756	-0.03449
0.9553	0.0176	-0.1329
0.9003	-0.1986	-0.1012
0.8946	-0.316	-0.0221
1.06	-0.2326	0.09769
1.205	-0.1813	0.2034
1.374	-0.1193	0.1775
1.687	0.1281	0.1829
2.031	0.303	0.2346
1.815	0.09737	0.1006
1.354	-0.2116	-0.02851
1.399	-0.1754	0.1294
1.17	-0.0596	0.2659
0.7662	0.02018	0.1883
0.8368	0.2772	0.1234
0.7442	0.289	0.0826
0.6892	0.07719	0.05261
0.7772	-0.01546	0.09318
0.6365	-0.1647	0.0995
0.6441	-0.1566	0.08257
0.6289	-0.01091	0.1059
0.5729	-0.002435	0.116
0.6511	0.07121	0.1384
0.6105	0.1075	0.161
0.675	0.1205	0.1351
0.762	0.2217	0.1233
0.7395	0.1779	0.111
0.8601	0.08429	0.04297
1.007	0.02723	-0.04857
1.053	0.01998	-0.08332
0.9865	0.09825	-0.03213
0.9001	0.1156	0.02931
0.8381	0.1239	0.08272
0.7736	0.09592	0.07733
0.8013	-0.008231	-0.009187
0.9338	-0.1055	-0.08957
1.402	-0.3204	-0.2516
1.949	-0.5133	-0.4269
1.955	-0.4702	-0.4221
1.79	-0.3269	-0.3336
1.707	-0.1114	-0.1429
1.39	0.2091	0.1618
1.102	0.4778	0.2852
1.11	0.5956	0.1633
1.183	0.5566	0.01443
1.214	0.2834	-0.1806
1.198	-0.06411	-0.3752
1.072	-0.192	-0.2562
0.9106	-0.2358	-0.04872
0.7886	-0.2755	-0.04493
0.7745	-0.1232	-0.02731
0.7792	0.06018	-0.04148
0.7034	0.1151	-0.07595
0.7117	0.1334	-0.03974
0.7034	0.1046	-0.07617
0.6671	0.08011	-0.06661
0.7242	0.08676	-0.04154
0.7421	0.07611	-0.05531
0.8459	0.09259	-0.008359
0.9258	0.07525	-0.02386
0.8879	-0.01142	-0.0876
0.702	0.04596	0.01421
0.6424	0.1101	0.07095
0.8032	0.2084	0.06012
0.9033	0.1756	-0.03449
0.9553	0.0176	-0.1329
0.9003	-0.1986	-0.1012
0.8946	-0.316	-0.0221
1.06	-0.2326	0.09769
1.205	-0.1813	0.2034
1.374	-0.1193	0.1775
1.687	0.1281	0.1829
2.031	0.303	0.2346
1.815	0.09737	0.1006
1.354	-0.2116	-0.02851
1.399	-0.1754	0.1294
1.17	-0.0596	0.2659
0.7662	0.02018	0.1883
0.8368	0.2772	0.1234
0.7442	0.289	0.0826
0.6892	0.07719	0.05261
0.7772	-0.01546	0.09318
0.6365	-0.1647	0.0995
0.6441	-0.1566	0.08257
0.6289	-0.01091	0.1059
0.5729	-0.002435	0.116
0.6511	0.07121	0.1384
0.6105	0.1075	0.161
0.675	0.1205	0.1351
0.762	0.2217	0.1233
0.7395	0.1779	0.111
0.8601	0.08429	0.04297
1.007	0.02723	-0.04857
1.053	0.01998	-0.08332
0.9865	0.09825	-0.03213
0.9001	0.1156	0.02931
0.8381	0.1239	0.08272
0.7736	0.09592	0.07733
0.8013	-0.008231	-0.009187
0.9338	-0.1055	-0.08957
1.402	-0.3204	-0.2516
1.949	-0.5133	-0.4269
1.955	-0.4702	-0.4221
1.79	-0.3269	-0.3336
1.707	-0.1114	-0.1429
1.39	0.2091	0.1618
1.102	0.4778	0.2852
1.11	0.5956	0.1633
1.183	0.5566	0.01443
1.214	0.2834	-0.1806
1.198	-0.06411	-0.3752
1.072	-0.192	-0.2562
0.9106	-0.2358	-0.04872
0.7886	-0.2755	-0.04493
0.7745	-0.1232	-0.02731
0.7792	0.06018	-0.04148
0.7034	0.1151	-0.07595
0.7117	0.1334	-0.03974
0.7034	0.1046	-0.07617
0.6671	0.08011	-0.06661
0.7242	0.08676	-0.04154
0.7421	0.07611	-0.05531
0.8459	0.09259	-0.008359
0.9258	0.07525	-0.02386
0.7875	0.0282	-0.01723
0.6965	0.008605	0.03292
0.7285	-0.009173	0.01442
0.9136	-0.01396	-0.001331
1.215	-0.1127	-0.03433
1.349	-0.253	-0.01894
1.306	-0.2447	0.05964
1.333	-0.1613	0.09232
1.491	-0.03544	0.07814
1.624	0.1328	0.0592
1.707	0.1677	0.159
1.672	0.07234	0.2597
1.504	0.0618	0.1904
1.404	0.1366	0.1105
1.304	0.1729	0.07924
1.125	0.1606	0.08119
0.885	0.1046	0.1292
0.6402	0.05577	0.1494
0.5499	0.001095	0.1558
0.4791	-0.08441	0.1643
0.4827	-0.1152	0.145
0.5985	-0.1076	0.1036
0.5693	-0.08194	0.06106
0.5529	-0.02072	0.06817
0.5716	0.05245	0.09995
0.5558	0.07907	0.1085
0.6512	0.02233	0.1237
0.7581	-0.003892	0.1167
0.922	0.02744	0.07063
1.101	0.08273	0.04327
1.08	0.1787	0.05305
0.9721	0.2101	0.08664
0.8919	0.1582	0.09012
0.8714	0.08043	0.0357
0.8807	-0.008561	-0.02378
1.003	-0.05711	-0.08098
1.386	-0.154	-0.1977
1.711	-0.3337	-0.3266
1.756	-0.3636	-0.3151
1.776	-0.2243	-0.2272
1.836	-0.09651	-0.1629
1.676	0.04811	-0.04833
1.358	0.234	0.05778
1.253	0.3697	0.08505
1.225	0.372	0.02052
1.084	0.2451	-0.1126
1.02	0.07075	-0.189
0.9578	-0.1128	-0.2109
0.8596	-0.18	-0.1763
0.8048	-0.1192	-0.1102
0.7391	-0.04951	-0.1005
0.7516	0.0752	-0.09794
0.8038	0.1497	-0.1192
0.8101	0.09952	-0.137
0.7954	0.06167	-0.1023
0.7327	0.01756	-0.0661
0.7234	-0.008615	-0.02522
0.7785	0.02334	-0.04315
0.7995	0.02703	-0.06848
0.7809	0.03846	-0.01745
0.7499	0.07982	0.006248
0.7969	0.09813	0.0007385
0.8887	0.1127	-0.03138
0.9634	0.09941	-0.09649
0.7875	0.0282	-0.01723
0.6965	0.008605	0.03292
0.7285	-0.009173	0.01442
0.9136	-0.01396	-0.001331
1.215	-0.1127	-0.03433
1.349	-0.253	-0.01894
1.306	-0.2447	0.05964
1.333	-0.1613	0.09232
1.491	-0.03544	0.07814
1.624	0.1328	0.0592
1.707	0.1677	0.159
1.672	0.07234	0.2597
1.504	0.0618	0.1904
1.404	0.1366	0.1105
1.304	0.1729	0.07924
1.125	0.1606	0.08119
0.885	0.1046	0.1292
0.6402	0.05577	0.1494
0.5499	0.001095	0.1558
0.4791	-0.08441	0.1643
0.4827	-0.1152	0.145
0.5985	-0.1076	0.1036
0.5693	-0.08194	0.06106
0.5529	-0.02072	0.06817
0.5716	0.05245	0.09995
0.5558	0.07907	0.1085
0.6512	0.02233	0.1237
0.7581	-0.003892	0.1167
0.922	0.02744	0.07063
1.101	0.08273	0.04327
1.08	0.1787	0.05305
0.9721	0.2101	0.08664
0.8919	0.1582	0.09012
0.8714	0.08043	0.0357
0.8807	-0.008561	-0.02378
1.003	-0.05711	-0.08098
1.386	-0.154	-0.1977
1.711	-0.3337	-0.3266
1.756	-0.3636	-0.3151
1.776	-0.2243	-0.2272
1.836	-0.09651	-0.1629
1.676	0.04811	-0.04833
1.358	0.234	0.05778
1.253	0.3697	0.08505
1.225	0.372	0.02052
1.084	0.2451	-0.1126
1.02	0.07075	-0.189
0.9578	-0.1128	-0.2109
0.8596	-0.18	-0.1763
0.8048	-0.1192	-0.1102
0.7391	-0.04951	-0.1005
0.7516	0.0752	-0.09794
0.8038	0.1497	-0.1192
0.8101	0.09952	-0.137
0.7954	0.06167	-0.1023
0.7327	0.01756	-0.0661
0.7234	-0.008615	-0.02522
0.7785	0.02334	-0.04315
0.7995	0.02703	-0.06848
0.7809	0.03846	-0.01745
0.7499	0.07982	0.006248
0.7969	0.09813	0.0007385
0.8887	0.1127	-0.03138
0.9634	0.09941	-0.09649
1.001	0.06327	-0.1096
0.949	0.05144	-0.06291
0.9337	-0.04081	0.009541
0.9922	-0.2474	0.06333
1.101	-0.4004	0.08503
1.391	-0.3673	0.09928
1.755	-0.1513	0.1099
1.904	0.1447	0.1129
1.779	0.3472	0.08175
1.626	0.3211	0.06299
1.512	0.2074	0.1188
1.294	0.1728	0.1762
1.14	0.1617	0.1652
1.062	0.1685	0.1295
0.8889	0.1388	0.1089
0.7292	0.05554	0.07466
0.6196	0.01244	0.04667
0.5874	-0.04794	0.04553
0.6307	-0.0866	0.04025
0.6314	-0.0799	0.04461
0.6419	-0.09426	0.04657
0.6676	-0.07511	0.04049
0.715	-0.04325	0.03899
0.8179	0.01492	0.0289
0.8537	0.0981	0.05483
0.8254	0.1426	0.09099
0.823	0.1925	0.08502
0.834	0.2137	0.0845
0.8273	0.1859	0.09437
0.8294	0.1401	0.1001
0.8682	0.08855	0.1051
0.8979	0.08424	0.09522
0.9292	0.05404	0.06969
1.079	-0.1172	0.02045
1.409	-0.3897	-0.08831
1.708	-0.5712	-0.2403
1.727	-0.5122	-0.2605
1.624	-0.2385	-0.0301
1.572	0.154	0.2166
1.514	0.3475	0.194
1.457	0.1996	0.0117
1.419	0.1038	-0.09887
1.398	0.09884	-0.1241
1.364	0.01434	-0.0997
1.255	0.01847	-0.09569
1.176	0.0308	-0.125
1.064	0.02426	-0.1031
0.7894	0.07489	-0.09929
0.7035	0.039	-0.1131
0.821	0.007068	-0.1083
0.7994	-0.02854	-0.1516
0.8002	-0.09642	-0.1611
0.8386	-0.07594	-0.1396
0.7822	-0.09881	-0.1371
0.7627	-0.1054	-0.1069
0.7099	-0.0552	-0.09954
0.6653	-0.06802	-0.1078
0.7346	-0.02805	-0.1062
0.7918	0.03867	-0.1051
0.8454	0.07669	-0.08809
0.8452	0.1151	-0.07326
0.7601	0.1087	-0.03617
0.7297	0.0899	0.006822
0.7575	0.0485	0.007424
1.001	0.06327	-0.1096
0.949	0.05144	-0.06291
0.9337	-0.04081	0.009541
0.9922	-0.2474	0.06333
1.101	-0.4004	0.08503
1.391	-0.3673	0.09928
1.755	-0.1513	0.1099
1.904	0.1447	0.1129
1.779	0.3472	0.08175
1.626	0.3211	0.06299
1.512	0.2074	0.1188
1.294	0.1728	0.1762
1.14	0.1617	0.1652
1.062	0.1685	0.1295
0.8889	0.1388	0.1089
0.7292	0.05554	0.07466
0.6196	0.01244	0.04667
0.5874	-0.04794	0.04553
0.6307	-0.0866	0.04025
0.6314	-0.0799	0.04461
0.6419	-0.09426	0.04657
0.6676	-0.07511	0.04049
0.715	-0.04325	0.03899
0.8179	0.01492	0.0289
0.8537	0.0981	0.05483
0.8254	0.1426	0.09099
0.823	0.1925	0.08502
0.834	0.2137	0.0845
0.8273	0.1859	0.09437
0.8294	0.1401	0.1001
0.8682	0.08855	0.1051
0.8979	0.08424	0.09522
0.9292	0.05404	0.06969
1.079	-0.1172	0.02045
1.409	-0.3897	-0.08831
1.708	-0.5712	-0.2403
1.727	-0.5122	-0.2605
1.624	-0.2385	-0.0301
1.572	0.154	0.2166
1.514	0.3475	0.194
1.457	0.1996	0.0117
1.419	0.1038	-0.09887
1.398	0.09884	-0.1241
1.364	0.01434	-0.0997
1.255	0.01847	-0.09569
1.176	0.0308	-0.125
1.064	0.02426	-0.1031
0.7894	0.07489	-0.09929
0.7035	0.039	-0.1131
0.821	0.007068	-0.1083
0.7994	-0.02854	-0.1516
0.8002	-0.09642	-0.1611
0.8386	-0.07594	-0.1396
0.7822	-0.09881	-0.1371
0.7627	-0.1054	-0.1069
0.7099	-0.0552	-0.09954
0.6653	-0.06802	-0.1078
0.7346	-0.02805	-0.1062
0.7918	0.03867	-0.1051
0.8454	0.07669	-0.08809
0.8452	0.1151	-0.07326
0.7601	0.1087	-0.03617
0.7297	0.0899	0.006822
0.7575	0.0485	0.007424
0.8493	-0.01771	-0.01208
0.9655	-0.05355	-0.02605
1.018	-0.09061	-0.02034
1.082	-0.1831	0.01332
1.196	-0.2907	0.07138
1.369	-0.3156	0.1045
1.664	-0.2832	0.1179
1.955	-0.2105	0.1612
1.999	-0.1128	0.1883
1.849	-0.1032	0.1737
1.639	-0.02448	0.1282
1.341	0.1439	0.1012
1.203	0.07836	0.1539
1.175	-0.01586	0.1983
0.9546	0.07639	0.1622
0.8518	0.08241	0.107
0.792	0.08369	0.07723
0.6169	0.1236	0.06084
0.6533	0.02466	0.06961
0.6416	-0.05006	0.09828
0.5894	-0.06876	0.1064
0.6731	-0.06072	0.1134
0.6262	0.01231	0.1156
0.6301	0.05234	0.109
0.6556	0.1106	0.09992
0.638	0.1274	0.06332
0.7429	0.05439	0.05367
0.7912	0.01251	0.05653
0.8861	-0.01821	0.03227
1.018	0.02384	0.02023
1.033	0.1024	-0.0003379
1.045	0.1228	-0.007054
0.9795	0.1343	-0.01034
0.8722	0.0717	-0.03951
0.8611	-0.04972	-0.02845
1.051	-0.2029	-0.03533
1.452	-0.3623	-0.1546
1.782	-0.3692	-0.3528
1.908	-0.2349	-0.4763
1.859	-0.07602	-0.3837
1.682	0.02773	-0.1485
1.353	0.1141	0.1148
0.9448	0.2314	0.2182
0.8226	0.286	0.07413
0.9396	0.2817	-0.02098
1.029	0.1784	-0.1381
1.113	-0.02869	-0.3739
1.026	-0.1233	-0.2834
0.7686	-0.08919	-0.07549
0.646	-0.04727	-0.1054
0.6597	-0.005377	-0.0935
0.7887	0.04301	-0.1151
0.9842	0.0504	-0.1993
1.001	0.01736	-0.1676
0.884	0.0278	-0.1384
0.8033	0.04336	-0.08372
0.7843	0.05243	-0.05708
0.8196	0.06963	-0.09661
0.8183	0.01737	-0.06056
0.7548	-0.0197	-0.0399
0.688	0.0007955	-0.02632
0.681	0.004826	-0.02114
0.791	0.001141	-0.08096
0.9064	-0.007067	-0.101
0.8493	-0.01771	-0.01208
0.9655	-0.05355	-0.02605
1.018	-0.09061	-0.02034
1.082	-0.1831	0.01332
1.196	-0.2907	0.07138
1.369	-0.3156	0.1045
1.664	-0.2832	0.1179
1.955	-0.2105	0.1612
1.999	-0.1128	0.1883
1.849	-0.1032	0.1737
1.639	-0.02448	0.1282
1.341	0.1439	0.1012
1.203	0.07836	0.1539
1.175	-0.01586	0.1983
0.9546	0.07639	0.1622
0.8518	0.08241	0.107
0.792	0.08369	0.07723
0.6169	0.1236	0.06084
0.6533	0.02466	0.06961
0.6416	-0.05006	0.09828
0.5894	-0.06876	0.1064
0.6731	-0.06072	0.1134
0.6262	0.01231	0.1156
0.6301	0.05234	0.109
0.6556	0.1106	0.09992
0.638	0.1274	0.06332
0.7429	0.05439	0.05367
0.7912	0.01251	0.05653
0.8861	-0.01821	0.03227
1.018	0.02384	0.02023
1.033	0.1024	-0.0003379
1.045	0.1228	-0.007054
0.9795	0.1343	-0.01034
0.8722	0.0717	-0.03951
0.8611	-0.04972	-0.02845
1.051	-0.2029	-0.03533
1.452	-0.3623	-0.1546
1.782	-0.3692	-0.3528
1.908	-0.2349	-0.4763
1.859	-0.07602	-0.3837
1.682	0.02773	-0.1485
1.353	0.1141	0.1148
0.9448	0.2314	0.2182
0.8226	0.286	0.07413
0.9396	0.2817	-0.02098
1.029	0.1784	-0.1381
1.113	-0.02869	-0.3739
1.026	-0.1233	-0.2834
0.7686	-0.08919	-0.07549
0.646	-0.04727	-0.1054
0.6597	-0.005377	-0.0935
0.7887	0.04301	-0.1151
0.9842	0.0504	-0.1993
1.001	0.01736	-0.1676
0.884	0.0278	-0.1384
0.8033	0.04336	-0.08372
0.7843	0.05243	-0.05708
0.8196	0.06963	-0.09661
0.8183	0.01737	-0.06056
0.7548	-0.0197	-0.0399
0.688	0.0007955	-0.02632
0.681	0.004826	-0.02114
0.791	0.001141	-0.08096
0.9064	-0.007067	-0.101
0.9156	-0.01313	-0.1225
0.8814	-0.03115	-0.1112
0.8908	-0.07455	-0.03108
0.9675	-0.1235	0.04852
1.139	-0.1477	0.1765
1.44	-0.1569	0.2389
1.752	-0.1869	0.1981
1.875	-0.1156	0.1881
1.78	0.02842	0.1655
1.696	0.07459	0.1226
1.716	0.1614	0.109
1.608	0.2974	0.09751
1.425	0.2607	0.1036
1.179	0.1468	0.1709
0.7765	0.08975	0.2297
0.7265	0.02076	0.184
0.9034	-0.0136	0.0762
0.7529	-0.02793	-0.006084
0.6909	-0.07356	0.01235
0.7175	-0.03501	0.07817
0.5749	-0.001831	0.09258
0.6273	0.004385	0.1194
0.7056	0.08101	0.1173
0.6851	0.09853	0.06514
0.7379	0.1097	0.06246
0.7011	0.1179	0.04203
0.6906	0.06533	0.02546
0.7426	0.07797	0.05514
0.7753	0.07465	0.06041
0.9001	0.05929	0.07583
0.9636	0.07111	0.06658
0.9494	0.04877	0.0282
0.96	0.05786	0.01842
0.9295	0.03509	0.0001871
0.8955	-0.03103	-0.003678
0.9184	-0.1165	-0.0273
1.096	-0.2394	-0.112
1.406	-0.2828	-0.2087
1.613	-0.2757	-0.2869
1.629	-0.2505	-0.2486
1.557	-0.116	-0.06224
1.462	0.1294	0.1505
1.361	0.3641	0.218
1.329	0.4893	0.124
1.333	0.5413	0.022
1.27	0.3887	-0.1312
1.187	0.08139	-0.2423
1.103	-0.01584	-0.1538
1.063	-0.003754	-0.1368
1.065	-0.02061	-0.1753
0.9626	0.02868	-0.1189
0.8135	0.02818	-0.1189
0.73	0.01404	-0.07499
0.6988	0.03513	-0.0129
0.7499	0.02028	-0.04697
0.7801	0.03904	-0.04674
0.7026	0.05708	-0.05888
0.6626	0.07219	-0.06523
0.7363	0.1189	-0.0343
0.8557	0.1441	-0.04418
0.9078	0.192	-0.02794
0.8608	0.2268	-0.009906
0.8461	0.2089	-0.002834
0.9291	0.1565	0.01225
0.9156	-0.01313	-0.1225
0.8814	-0.03115	-0.1112
0.8908	-0.07455	-0.03108
0.9675	-0.1235	0.04852
1.139	-0.1477	0.1765
1.44	-0.1569	0.2389
1.752	-0.1869	0.1981
1.875	-0.1156	0.1881
1.78	0.02842	0.1655
1.696	0.07459	0.1226
1.716	0.1614	0.109
1.608	0.2974	0.09751
1.425	0.2607	0.1036
1.179	0.1468	0.1709
0.7765	0.08975	0.2297
0.7265	0.02076	0.184
0.9034	-0.0136	0.0762
0.7529	-0.02793	-0.006084
0.6909	-0.07356	0.01235
0.7175	-0.03501	0.07817
0.5749	-0.001831	0.09258
0.6273	0.004385	0.1194
0.7056	0.08101	0.1173
0.6851	0.09853	0.06514
0.7379	0.1097	0.06246
0.7011	0.1179	0.04203
0.6906	0.06533	0.02546
0.7426	0.07797	0.05514
0.7753	0.07465	0.06041
0.9001	0.05929	0.07583
0.9636	0.07111	0.06658
0.9494	0.04877	0.0282
0.96	0.05786	0.01842
0.9295	0.03509	0.0001871
0.8955	-0.03103	-0.003678
0.9184	-0.1165	-0.0273
1.096	-0.2394	-0.112
1.406	-0.2828	-0.2087
1.613	-0.2757	-0.2869
1.629	-0.2505	-0.2486
1.557	-0.116	-0.06224
1.462	0.1294	0.1505
1.361	0.3641	0.218
1.329	0.4893	0.124
1.333	0.5413	0.022
1.27	0.3887	-0.1312
1.187	0.08139	-0.2423
1.103	-0.01584	-0.1538
1.063	-0.003754	-0.1368
1.065	-0.02061	-0.1753
0.9626	0.02868	-0.1189
0.8135	0.02818	-0.1189
0.73	0.01404	-0.07499
0.6988	0.03513	-0.0129
0.7499	0.02028	-0.04697
0.7801	0.03904	-0.04674
0.7026	0.05708	-0.05888
0.6626	0.07219	-0.06523
0.7363	0.1189	-0.0343
0.8557	0.1441	-0.04418
0.9078	0.192	-0.02794
0.8608	0.2268	-0.009906
0.8461	0.2089	-0.002834
0.9291	0.1565	0.01225
0.994	0.05292	-0.001336
0.9528	0.01345	0.01608
0.8949	0.05647	0.03152
0.8851	0.03727	0.03031
0.9276	-0.0886	0.08503
1.133	-0.2714	0.1493
1.465	-0.4277	0.1456
1.719	-0.4849	0.0388
1.82	-0.3695	-0.08292
1.786	-0.1463	-0.1043
1.716	0.0824	-0.07092
1.679	0.3274	-0.03448
1.514	0.2836	0.06435
1.232	-0.01989	0.1677
1.075	-0.08597	0.09371
1.043	-0.1361	-0.03247
1.035	-0.166	-0.04052
0.9964	0.04403	-0.04549
0.8986	0.09494	-0.02598
0.8117	0.1275	0.02451
0.7579	0.1291	0.02352
0.7517	-0.04923	0.04306
0.7717	-0.0617	0.0638
0.7484	-0.104	0.07769
0.727	-0.08544	0.1057
0.6944	0.057	0.09586
0.6373	0.01832	0.08356
0.6093	0.03968	0.05064
0.6111	0.04568	-0.00623
0.6634	0.03554	-0.03223
0.7383	0.1219	-0.04277
0.7862	0.105	-0.01532
0.8079	0.1323	0.02769
0.8347	0.1764	0.02678
0.904	0.1908	0.002553
0.9367	0.2024	-0.01828
0.8937	0.104	-0.02545
0.8551	-0.007753	-0.03465
0.8485	-0.1568	-0.06916
0.9641	-0.292	-0.1354
1.339	-0.436	-0.2683
1.74	-0.6088	-0.436
1.779	-0.5487	-0.4059
1.68	-0.413	-0.07156
1.689	-0.101	0.2236
1.555	0.4555	0.168
1.461	0.4827	-0.03663
1.501	0.1303	-0.1119
1.37	0.04672	-0.1135
1.233	-0.01229	-0.07526
1.077	-0.0072	-0.02361
0.8737	0.1016	-0.08767
0.8394	0.03118	-0.1409
0.7667	-0.02416	-0.1263
0.685	-0.1034	-0.1172
0.6848	-0.1965	-0.07973
0.6763	-0.1033	-0.1018
0.7103	-0.07661	-0.1256
0.6634	-0.03537	-0.0834
0.6299	0.0409	-0.06602
0.6846	-0.01061	-0.03966
0.7453	0.01206	-0.05222
0.877	0.005761	-0.08745
0.8833	-0.02514	-0.06752
0.994	0.05292	-0.001336
0.9528	0.01345	0.01608
0.8949	0.05647	0.03152
0.8851	0.03727	0.03031
0.9276	-0.0886	0.08503
1.133	-0.2714	0.1493
1.465	-0.4277	0.1456
1.719	-0.4849	0.0388
1.82	-0.3695	-0.08292
1.786	-0.1463	-0.1043
1.716	0.0824	-0.07092
1.679	0.3274	-0.03448
1.514	0.2836	0.06435
1.232	-0.01989	0.1677
1.075	-0.08597	0.09371
1.043	-0.1361	-0.03247
1.035	-0.166	-0.04052
0.9964	0.04403	-0.04549
0.8986	0.09494	-0.02598
0.8117	0.1275	0.02451
0.7579	0.1291	0.02352
0.7517	-0.04923	0.04306
0.7717	-0.0617	0.0638
0.7484	-0.104	0.07769
0.727	-0.08544	0.1057
0.6944	0.057	0.09586
0.6373	0.01832	0.08356
0.6093	0.03968	0.05064
0.6111	0.04568	-0.00623
0.6634	0.03554	-0.03223
0.7383	0.1219	-0.04277
0.7862	0.105	-0.01532
0.8079	0.1323	0.02769
0.8347	0.1764	0.02678
0.904	0.1908	0.002553
0.9367	0.2024	-0.01828
0.8937	0.104	-0.02545
0.8551	-0.007753	-0.03465
0.8485	-0.1568	-0.06916
0.9641	-0.292	-0.1354
1.339	-0.436	-0.2683
1.74	-0.6088	-0.436
1.779	-0.5487	-0.4059
1.68	-0.413	-0.07156
1.689	-0.101	0.2236
1.555	0.4555	0.168
1.461	0.4827	-0.03663
1.501	0.1303	-0.1119
1.37	0.04672	-0.1135
1.233	-0.01229	-0.07526
1.077	-0.0072	-0.02361
0.8737	0.1016	-0.08767
0.8394	0.03118	-0.1409
0.7667	-0.02416	-0.1263
0.685	-0.1034	-0.1172
0.6848	-0.1965	-0.07973
0.6763	-0.1033	-0.1018
0.7103	-0.07661	-0.1256
0.6634	-0.03537	-0.0834
0.6299	0.0409	-0.06602
0.6846	-0.01061	-0.03966
0.7453	0.01206	-0.05222
0.877	0.005761	-0.08745
0.8833	-0.02514	-0.06752
0.7421	0.04048	-0.04438
0.6706	0.06617	-0.01171
0.7126	0.1265	-0.01156
0.837	0.1655	-0.03738
0.9823	0.02367	-0.04691
1.168	-0.2151	-0.05992
1.238	-0.3202	0.04986
1.223	-0.2089	0.1975
1.518	-0.05206	0.1547
1.92	0.1533	0.08808
1.96	0.2535	0.09774
1.719	0.08734	0.06951
1.474	-0.02067	0.1092
1.284	-0.0188	0.2002
1.141	-0.009926	0.212
1.082	0.06603	0.2138
1.032	0.1021	0.1559
0.9449	0.1123	0.04135
0.8137	0.1191	0.02636
0.6769	0.08194	0.04769
0.5895	0.06602	0.04718
0.4956	0.03052	0.0763
0.5075	0.00548	0.114
0.5691	0.009386	0.1199
0.5726	-0.02725	0.08631
0.6595	-0.02384	0.05889
0.7231	-0.01654	0.0557
0.7905	-0.05488	0.04239
0.8829	-0.0594	0.007591
0.8663	-0.05256	-0.01445
0.9158	-0.02924	0.0016
0.9589	0.03657	0.0227
0.8839	0.1411	0.0631
0.8321	0.2421	0.1107
0.8412	0.2224	0.08416
0.9404	0.1169	0.01427
1.151	-0.03093	-0.08242
1.503	-0.2721	-0.2245
1.74	-0.4212	-0.2966
1.697	-0.3123	-0.2556
1.728	-0.09438	-0.2065
1.744	0.09922	-0.1655
1.499	0.2082	-0.07227
1.238	0.2366	0.05361
1.016	0.2771	0.1112
0.88	0.241	0.01905
0.9504	0.1191	-0.1535
1.036	0.0007645	-0.2727
1.054	-0.1688	-0.3036
0.9641	-0.2123	-0.2109
0.729	-0.1198	-0.0546
0.6028	-0.09336	0.01322
0.596	-0.006864	0.02162
0.6243	0.07329	-0.01172
0.7809	0.06175	-0.08442
0.889	0.08599	-0.1045
0.8078	0.08589	-0.09679
0.6064	0.07698	-0.04773
0.3841	0.06971	0.04724
0.3457	0.03377	0.07658
0.6432	0.01303	0.01942
1.095	-0.04238	-0.09879
1.231	-0.1073	-0.1875
0.9988	-0.1676	-0.1372
0.7421	0.04048	-0.04438
0.6706	0.06617	-0.01171
0.7126	0.1265	-0.01156
0.837	0.1655	-0.03738
0.9823	0.02367	-0.04691
1.168	-0.2151	-0.05992
1.238	-0.3202	0.04986
1.223	-0.2089	0.1975
1.518	-0.05206	0.1547
1.92	0.1533	0.08808
1.96	0.2535	0.09774
1.719	0.08734	0.06951
1.474	-0.02067	0.1092
1.284	-0.0188	0.2002
1.141	-0.009926	0.212
1.082	0.06603	0.2138
1.032	0.1021	0.1559
0.9449	0.1123	0.04135
0.8137	0.1191	0.02636
0.6769	0.08194	0.04769
0.5895	0.06602	0.04718
0.4956	0.03052	0.0763
0.5075	0.00548	0.114
0.5691	0.009386	0.1199
0.5726	-0.02725	0.08631
0.6595	-0.02384	0.05889
0.7231	-0.01654	0.0557
0.7905	-0.05488	0.04239
0.8829	-0.0594	0.007591
0.8663	-0.05256	-0.01445
0.9158	-0.02924	0.0016
0.9589	0.03657	0.0227
0.8839	0.1411	0.0631
0.8321	0.2421	0.1107
0.8412	0.2224	0.08416
0.9404	0.1169	0.01427
1.151	-0.03093	-0.08242
1.503	-0.2721	-0.2245
1.74	-0.4212	-0.2966
1.697	-0.3123	-0.2556
1.728	-0.09438	-0.2065
1.744	0.09922	-0.1655
1.499	0.2082	-0.07227
1.238	0.2366	0.05361
1.016	0.2771	0.1112
0.88	0.241	0.01905
0.9504	0.1191	-0.1535
1.036	0.0007645	-0.2727
1.054	-0.1688	-0.3036
0.9641	-0.2123	-0.2109
0.729	-0.1198	-0.0546
0.6028	-0.09336	0.01322
0.596	-0.006864	0.02162
0.6243	0.07329	-0.01172
0.7809	0.06175	-0.08442
0.889	0.08599	-0.1045
0.8078	0.08589	-0.09679
0.6064	0.07698	-0.04773
0.3841	0.06971	0.04724
0.3457	0.03377	0.07658
0.6432	0.01303	0.01942
1.095	-0.04238	-0.09879
1.231	-0.1073	-0.1875
0.9988	-0.1676	-0.1372
0.8863	-0.2137	0.01601
1.056	-0.1663	0.1799
1.274	-0.08118	0.2558
1.615	0.0711	0.2097
2.052	0.2579	0.1799
1.973	0.2129	0.2096
1.676	0.08347	0.1699
1.681	0.08091	0.08959
1.41	-0.02085	0.02718
1.228	-0.05337	0.03607
1.276	0.09915	0.1506
0.8143	0.1034	0.1881
0.6626	0.1063	0.1568
0.8442	0.132	0.1265
0.6412	0.05121	0.0517
0.6513	0.03221	0.03504
0.6582	-0.03831	0.04071
0.488	-0.07473	0.04134
0.5297	-0.02685	0.07282
0.5273	-0.05696	0.1054
0.5715	0.002552	0.1687
0.653	0.08464	0.1673
0.6546	0.135	0.09447
0.7529	0.1845	0.02289
0.8902	0.1236	-0.0423
0.9812	0.05337	-0.03244
0.8757	-0.03518	0.0311
0.7215	-0.07994	0.1281
0.7439	-0.0241	0.1693
0.8844	-0.05089	0.06159
1.275	-0.132	-0.1012
1.699	-0.2504	-0.2991
1.81	-0.3268	-0.3958
1.787	-0.1948	-0.2721
1.805	0.03418	-0.1608
1.757	0.2813	-0.131
1.538	0.4522	-0.04229
1.313	0.4116	0.02514
1.201	0.2476	-0.02203
1.137	0.00604	-0.1085
1.071	-0.1933	-0.1833
0.9263	-0.1559	-0.1771
0.7628	-0.08042	-0.09881
0.6686	-0.06111	-0.08044
0.6562	0.04969	-0.07565
0.7226	0.08298	-0.07381
0.8074	0.02039	-0.1111
0.8792	0.01352	-0.1069
0.8811	-0.01361	-0.1102
0.8085	-0.01495	-0.09782
0.7225	0.01483	-0.04274
0.6609	0.003962	-0.03373
0.6219	0.0455	-0.001838
0.5289	0.1308	0.05004
0.5233	0.1866	0.05101
0.7225	0.1653	0.0001011
0.9239	0.08583	-0.09071
0.9764	0.02404	-0.13
0.8732	-0.04516	-0.08993
0.8338	-0.0718	-0.02908
1.034	-0.05814	-0.001967
1.295	-0.06935	0.008548
1.459	-0.0154	0.05624
1.504	0.03615	0.1008
0.8863	-0.2137	0.01601
1.056	-0.1663	0.1799
1.274	-0.08118	0.2558
1.615	0.0711	0.2097
2.052	0.2579	0.1799
1.973	0.2129	0.2096
1.676	0.08347	0.1699
1.681	0.08091	0.08959
1.41	-0.02085	0.02718
1.228	-0.05337	0.03607
1.276	0.09915	0.1506
0.8143	0.1034	0.1881
0.6626	0.1063	0.1568
0.8442	0.132	0.1265
0.6412	0.05121	0.0517
0.6513	0.03221	0.03504
0.6582	-0.03831	0.04071
0.488	-0.07473	0.04134
0.5297	-0.02685	0.07282
0.5273	-0.05696	0.1054
0.5715	0.002552	0.1687
0.653	0.08464	0.1673
0.6546	0.135	0.09447
0.7529	0.1845	0.02289
0.8902	0.1236	-0.0423
0.9812	0.05337	-0.03244
0.8757	-0.03518	0.0311
0.7215	-0.07994	0.1281
0.7439	-0.0241	0.1693
0.8844	-0.05089	0.06159
1.275	-0.132	-0.1012
1.699	-0.2504	-0.2991
1.81	-0.3268	-0.3958
1.787	-0.1948	-0.2721
1.805	0.03418	-0.1608
1.757	0.2813	-0.131
1.538	0.4522	-0.04229
1.313	0.4116	0.02514
1.201	0.2476	-0.02203
1.137	0.00604	-0.1085
1.071	-0.1933	-0.1833
0.9263	-0.1559	-0.1771
0.7628	-0.08042	-0.09881
0.6686	-0.06111	-0.08044
0.6562	0.04969	-0.07565
0.7226	0.08298	-0.07381
0.8074	0.02039	-0.1111
0.8792	0.01352	-0.1069
0.8811	-0.01361	-0.1102
0.8085	-0.01495	-0.09782
0.7225	0.01483	-0.04274
0.6609	0.003962	-0.03373
0.6219	0.0455	-0.001838
0.5289	0.1308	0.05004
0.5233	0.1866	0.05101
0.7225	0.1653	0.0001011
0.9239	0.08583	-0.09071
0.9764	0.02404	-0.13
0.8732	-0.04516	-0.08993
0.8338	-0.0718	-0.02908
1.034	-0.05814	-0.001967
1.295	-0.06935	0.008548
1.459	-0.0154	0.05624
1.504	0.03615	0.1008
1.579	0.008941	0.1212
1.714	0.004364	0.1441
1.667	0.02221	0.1634
1.533	0.04253	0.1198
1.474	0.0835	0.06453
1.373	0.1344	0.1097
1.205	0.1481	0.1458
1.021	0.1046	0.1362
0.9209	0.03476	0.1272
0.853	-0.07385	0.08231
0.7227	-0.1606	0.07803
0.6828	-0.1634	0.09876
0.6599	-0.1223	0.09129
0.6082	-0.05588	0.09284
0.6389	-0.0009689	0.07258
0.6246	0.04103	0.04934
0.6186	0.09353	0.04695
0.6471	0.1281	0.05406
0.622	0.1611	0.08286
0.6461	0.1838	0.1138
0.6892	0.1359	0.1214
0.7772	0.04658	0.08713
0.8962	0.00413	0.03878
0.8899	0.01013	0.01377
0.8606	0.02321	0.01555
0.8688	0.05024	0.02679
0.8968	0.0669	0.01112
1.084	0.006521	-0.03458
1.481	-0.1744	-0.1811
1.754	-0.3445	-0.3471
1.628	-0.2689	-0.251
1.51	-0.06969	-0.07178
1.577	0.03716	-0.08338
1.534	0.1764	-0.09957
1.519	0.3479	-0.1006
1.526	0.3728	-0.1645
1.385	0.2842	-0.1686
1.187	0.1563	-0.1215
0.9152	-0.0091	-0.06707
0.8597	-0.09124	-0.06273
0.9882	-0.05684	-0.1166
0.8776	-0.0685	-0.1252
0.8197	-0.05378	-0.1317
0.7828	0.00615	-0.1299
0.6535	-0.02151	-0.1039
0.7722	0.002778	-0.1081
0.8378	0.02017	-0.096
0.7937	-0.02215	-0.09099
0.7824	0.006742	-0.07403
0.6202	0.02224	-0.03405
0.5915	0.0943	-0.03883
0.7433	0.1969	-0.05231
0.8611	0.2268	-0.08444
0.8823	0.2681	-0.089
0.7485	0.263	0.001248
0.6965	0.2568	0.09558
0.7891	0.2286	0.1089
0.9619	0.03613	0.05132
1.27	-0.2375	0.03853
1.536	-0.3926	0.07695
1.588	-0.3017	0.08307
1.583	-0.1993	0.06501
1.755	-0.1302	0.03464
1.822	0.1025	0.03559
0.8523	-0.2303	-0.1597
0.9394	-0.281	-0.1843
1.011	-0.2117	-0.2088
0.9943	-0.1618	-0.1731
0.8811	-0.1326	-0.09819
0.7117	-0.05899	-0.03048
0.5467	-0.01901	0.03539
0.5207	0.06207	0.02708
0.6218	0.1387	-0.02637
0.7295	0.1357	-0.06469
0.7739	0.1015	-0.09818
0.6977	0.007258	-0.06758
0.6329	-0.04468	-0.03327
0.7201	-0.03434	-0.05274
0.8334	-0.06585	-0.09938
0.8787	-0.1725	-0.1585
0.9131	-0.361	-0.1017
1.094	-0.456	0.04706
1.523	-0.347	0.1502
1.895	-0.1304	0.2031
1.938	0.108	0.1882
1.852	0.2313	0.1668
1.776	0.1644	0.1586
1.609	0.07473	0.1177
1.333	0.05111	0.1576
1.096	0.01776	0.2202
0.958	0.03364	0.191
0.8131	0.07324	0.168
0.7055	0.1017	0.1298
0.6286	0.1706	0.05665
0.5231	0.1437	0.03712
0.5019	0.05706	0.05386
0.5115	-0.01986	0.08478
0.5549	-0.1101	0.1351
0.6955	-0.1092	0.1726
0.76	-0.08095	0.1556
0.7776	-0.03277	0.1056
0.8324	0.03323	0.07595
0.8399	0.0837	0.04438
0.8355	0.1967	0.01655
0.837	0.1923	0.03076
0.7869	0.1223	0.08068
0.7345	0.1418	0.1266
0.75	0.09381	0.1219
0.789	0.06289	0.09754
0.8598	0.005921	0.06015
1.011	-0.1559	-0.009356
1.218	-0.2176	-0.09202
1.495	-0.3145	-0.2548
1.66	-0.4074	-0.3855
1.665	-0.2135	-0.275
1.769	0.07262	-0.142
1.767	0.3176	-0.1459
1.592	0.4282	-0.1045
1.472	0.2903	-0.03585
1.197	0.2106	-0.00385
0.9259	0.1665	-0.04242
0.8397	-0.001599	-0.1737
0.7594	-0.0902	-0.21
0.8073	-0.1536	-0.188
0.8189	-0.1838	-0.1787
0.7242	-0.1103	-0.1002
0.697	-0.05379	-0.0711
0.6013	0.0274	-0.05904
0.5504	0.07516	-0.008606
0.5495	0.07477	0.001885
0.5766	0.1024	-0.0008708
0.8073	0.07065	-0.05064
0.9703	0.03435	-0.09935
0.856	0.02981	-0.07204
0.6167	0.01924	0.005263
0.4801	0.0151	0.08791
0.5541	-0.08531	0.06419
0.7932	-0.3228	-0.01752
1.138	-0.5059	-0.04618
1.458	-0.3903	-0.02443
1.811	-0.1015	0.0236
2.046	0.1037	0.04571
1.934	0.2071	0.101
1.821	0.1113	0.1922
1.676	-0.03882	0.1794
1.394	-0.04427	0.1198
1.317	-0.03647	0.1117
1.164	0.08739	0.1089
0.8016	0.2333	0.1099
0.6628	0.2017	0.1279
0.6182	0.1716	0.1353
0.4916	0.1152	0.1045
0.4879	0.02046	0.04227
0.5163	-0.03083	0.02421
0.4736	-0.07322	0.04401
0.4803	-0.1075	0.04324
0.4736	-0.1359	0.06181
0.4839	-0.09829	0.08795
0.6699	-0.07616	0.07733
0.9433	-0.06951	0.05483
1.129	-0.01816	0.01071
1.123	-0.02558	-0.05209
1.033	0.02114	-0.05904
0.9807	0.0728	-0.01044
0.9391	0.05746	0.019
1.005	0.0718	0.01587
1.176	-0.01793	-0.04022
1.35	-0.117	-0.1251
1.458	-0.1542	-0.1651
1.502	-0.2673	-0.211
1.541	-0.3038	-0.226
1.493	-0.1499	-0.1647
1.497	0.07807	-0.1108
1.544	0.2111	-0.03984
1.449	0.1936	-0.04492
1.383	0.1477	-0.1189
1.209	0.1438	-0.06813
0.946	0.1179	-0.06362
0.8853	0.04862	-0.1337
0.8782	-0.04993	-0.139
0.8934	-0.193	-0.1733
0.8632	-0.2138	-0.1484
0.7675	-0.1026	-0.09069
0.747	-0.05674	-0.08676
0.7225	0.02159	-0.04919
0.7682	0.0748	-0.06505
0.849	0.01564	-0.09087
0.8682	0.02235	-0.08225
0.8106	0.02054	-0.08797
0.6033	0.004926	-0.01256
0.4519	0.05599	0.08173
0.472	0.07525	0.1127
0.5504	0.07516	-0.008606
0.5495	0.07477	0.001885
0.5766	0.1024	-0.0008708
0.8073	0.07065	-0.05064
0.9703	0.03435	-0.09935
0.856	0.02981	-0.07204
0.6167	0.01924	0.005263
0.4801	0.0151	0.08791
0.5541	-0.08531	0.06419
0.7932	-0.3228	-0.01752
1.138	-0.5059	-0.04618
1.458	-0.3903	-0.02443
1.811	-0.1015	0.0236
2.046	0.1037	0.04571
1.934	0.2071	0.101
1.821	0.1113	0.1922
1.676	-0.03882	0.1794
1.394	-0.04427	0.1198
1.317	-0.03647	0.1117
1.164	0.08739	0.1089
0.8016	0.2333	0.1099
0.6628	0.2017	0.1279
0.6182	0.1716	0.1353
0.4916	0.1152	0.1045
0.4879	0.02046	0.04227
0.5163	-0.03083	0.02421
0.4736	-0.07322	0.04401
0.4803	-0.1075	0.04324
0.4736	-0.1359	0.06181
0.4839	-0.09829	0.08795
0.6699	-0.07616	0.07733
0.9433	-0.06951	0.05483
1.129	-0.01816	0.01071
1.123	-0.02558	-0.05209
1.033	0.02114	-0.05904
0.9807	0.0728	-0.01044
0.9391	0.05746	0.019
1.005	0.0718	0.01587
1.176	-0.01793	-0.04022
1.35	-0.117	-0.1251
1.458	-0.1542	-0.1651
1.502	-0.2673	-0.211
1.541	-0.3038	-0.226
1.493	-0.1499	-0.1647
1.497	0.07807	-0.1108
1.544	0.2111	-0.03984
1.449	0.1936	-0.04492
1.383	0.1477	-0.1189
1.209	0.1438	-0.06813
0.946	0.1179	-0.06362
0.8853	0.04862	-0.1337
0.8782	-0.04993	-0.139
0.8934	-0.193	-0.1733
0.8632	-0.2138	-0.1484
0.7675	-0.1026	-0.09069
0.747	-0.05674	-0.08676
0.7225	0.02159	-0.04919
0.7682	0.0748	-0.06505
0.849	0.01564	-0.09087
0.8682	0.02235	-0.08225
0.8106	0.02054	-0.08797
0.6033	0.004926	-0.01256
0.4519	0.05599	0.08173
0.472	0.07525	0.1127
0.7246	0.08569	0.03918
1.099	0.08013	-0.108
1.127	0.05094	-0.1441
0.9382	0.02783	-0.08412
0.9101	-0.05569	-0.02741
1.025	-0.2001	-0.00481
1.205	-0.3469	0.0376
1.317	-0.3613	0.1207
1.378	-0.2308	0.106
1.59	-0.001071	0.09111
1.816	0.2811	0.1462
1.692	0.2064	0.1462
1.413	-0.07686	0.1694
1.328	-0.09062	0.2062
1.196	-0.1174	0.1942
1.044	-0.07103	0.1874
1.008	0.1219	0.1458
0.8742	0.09383	0.09967
0.7807	0.1214	0.08683
0.6768	0.1608	0.07518
0.4837	0.07073	0.07976
0.5187	0.09428	0.07653
0.6139	0.00507	0.08034
0.61	-0.1011	0.09545
0.6393	-0.05704	0.08346
0.6606	-0.0454	0.08611
0.7055	0.003206	0.08925
0.7446	0.04769	0.0817
0.7579	0.06125	0.08415
0.836	0.1106	0.05702
0.8984	0.1566	0.03614
0.8998	0.1555	0.0548
0.9573	0.1272	0.06826
1.033	0.1569	0.05381
1.02	0.1321	0.0336
1.039	0.04383	0.01829
1.163	-0.04588	-0.03926
1.311	-0.1487	-0.1276
1.38	-0.1388	-0.1818
1.425	-0.1188	-0.1629
1.669	-0.03938	-0.08443
1.851	0.1782	-0.01632
1.594	0.2038	0.04682
1.232	0.1295	0.1192
1.048	0.1576	0.141
0.971	0.165	0.05434
1.012	0.1584	-0.1154
1.046	0.09961	-0.2231
0.9694	-0.01729	-0.2142
0.8797	-0.05664	-0.1299
0.7554	-0.02427	-0.02483
0.6627	0.01749	0.005336
0.6831	0.06484	-0.00874
0.6471	0.08013	-0.01405
0.6117	0.05803	-0.03897
0.6588	0.06746	-0.06057
0.6716	0.07568	-0.05009
0.681	0.06004	-0.01777
0.6577	0.07987	0.01282
0.6175	0.1097	0.03402
0.6537	0.1294	0.02939
0.7061	0.08181	-0.008072
0.7537	-0.04238	-0.03603
0.8147	-0.1222	-0.02748
0.7246	0.08569	0.03918
1.099	0.08013	-0.108
1.127	0.05094	-0.1441
0.9382	0.02783	-0.08412
0.9101	-0.05569	-0.02741
1.025	-0.2001	-0.00481
1.205	-0.3469	0.0376
1.317	-0.3613	0.1207
1.378	-0.2308	0.106
1.59	-0.001071	0.09111
1.816	0.2811	0.1462
1.692	0.2064	0.1462
1.413	-0.07686	0.1694
1.328	-0.09062	0.2062
1.196	-0.1174	0.1942
1.044	-0.07103	0.1874
1.008	0.1219	0.1458
0.8742	0.09383	0.09967
0.7807	0.1214	0.08683
0.6768	0.1608	0.07518
0.4837	0.07073	0.07976
0.5187	0.09428	0.07653
0.6139	0.00507	0.08034
0.61	-0.1011	0.09545
0.6393	-0.05704	0.08346
0.6606	-0.0454	0.08611
0.7055	0.003206	0.08925
0.7446	0.04769	0.0817
0.7579	0.06125	0.08415
0.836	0.1106	0.05702
0.8984	0.1566	0.03614
0.8998	0.1555	0.0548
0.9573	0.1272	0.06826
1.033	0.1569	0.05381
1.02	0.1321	0.0336
1.039	0.04383	0.01829
1.163	-0.04588	-0.03926
1.311	-0.1487	-0.1276
1.38	-0.1388	-0.1818
1.425	-0.1188	-0.1629
1.669	-0.03938	-0.08443
1.851	0.1782	-0.01632
1.594	0.2038	0.04682
1.232	0.1295	0.1192
1.048	0.1576	0.141
0.971	0.165	0.05434
1.012	0.1584	-0.1154
1.046	0.09961	-0.2231
0.9694	-0.01729	-0.2142
0.8797	-0.05664	-0.1299
0.7554	-0.02427	-0.02483
0.6627	0.01749	0.005336
0.6831	0.06484	-0.00874
0.6471	0.08013	-0.01405
0.6117	0.05803	-0.03897
0.6588	0.06746	-0.06057
0.6716	0.07568	-0.05009
0.681	0.06004	-0.01777
0.6577	0.07987	0.01282
0.6175	0.1097	0.03402
0.6537	0.1294	0.02939
0.7061	0.08181	-0.008072
0.7537	-0.04238	-0.03603
0.8147	-0.1222	-0.02748
1.066	-0.2389	0.02848
1.459	-0.3948	0.1267
1.522	-0.3359	0.2104
1.523	-0.08843	0.2089
1.875	0.1751	0.1986
1.972	0.3302	0.2516
1.676	0.208	0.2572
1.488	0.03432	0.2625
1.368	0.0544	0.2881
1.28	0.08129	0.2386
1.226	0.1385	0.2064
1.084	0.1871	0.149
0.9257	0.07599	0.08142
0.7645	-0.0007389	0.1058
0.6682	-0.03212	0.08802
0.6368	-0.02353	0.06627
0.5813	0.03403	0.07032
0.5723	0.01007	0.05233
0.5821	-0.005543	0.1021
0.6431	-0.03412	0.1477
0.7592	-0.03224	0.1495
0.8155	0.06257	0.1391
0.8554	0.1068	0.1045
0.8953	0.1568	0.09139
0.9212	0.1695	0.09066
0.9046	0.1325	0.1194
0.8757	0.1302	0.1692
0.9164	0.1032	0.1785
0.9302	0.1233	0.1528
0.8948	0.1426	0.1111
0.8498	0.1263	0.09495
0.829	0.123	0.05611
0.98	-0.0005578	-0.04199
1.273	-0.2292	-0.1203
1.534	-0.4924	-0.1893
1.688	-0.6944	-0.2284
1.713	-0.6341	-0.1241
1.638	-0.2854	0.08548
1.508	0.1724	0.2056
1.352	0.4176	0.1879
1.289	0.3563	0.07982
1.353	0.2011	-0.1235
1.335	0.0147	-0.229
1.196	-0.115	-0.1736
1.014	-0.08829	-0.148
0.7993	-0.08849	-0.117
0.7052	-0.1033	-0.07962
0.7141	-0.05597	-0.1178
0.7515	-0.1133	-0.148
0.8381	-0.1857	-0.1468
0.8349	-0.186	-0.1409
0.774	-0.1622	-0.127
0.7508	-0.04885	-0.1198
0.736	0.06982	-0.114
0.7345	0.1283	-0.0928
0.7102	0.1102	-0.06315
0.7375	0.02564	-0.05563
0.8149	-0.02629	-0.0707
0.827	-0.07409	-0.08249
0.8117	-0.08891	-0.07837
0.7773	-0.06626	-0.04836
0.7624	-0.06661	-0.01009
0.7901	-0.06982	-0.001943
0.8387	-0.1492	0.002819
1.066	-0.2389	0.02848
1.459	-0.3948	0.1267
1.522	-0.3359	0.2104
1.523	-0.08843	0.2089
1.875	0.1751	0.1986
1.972	0.3302	0.2516
1.676	0.208	0.2572
1.488	0.03432	0.2625
1.368	0.0544	0.2881
1.28	0.08129	0.2386
1.226	0.1385	0.2064
1.084	0.1871	0.149
0.9257	0.07599	0.08142
0.7645	-0.0007389	0.1058
0.6682	-0.03212	0.08802
0.6368	-0.02353	0.06627
0.5813	0.03403	0.07032
0.5723	0.01007	0.05233
0.5821	-0.005543	0.1021
0.6431	-0.03412	0.1477
0.7592	-0.03224	0.1495
0.8155	0.06257	0.1391
0.8554	0.1068	0.1045
0.8953	0.1568	0.09139
0.9212	0.1695	0.09066
0.9046	0.1325	0.1194
0.8757	0.1302	0.1692
0.9164	0.1032	0.1785
0.9302	0.1233	0.1528
0.8948	0.1426	0.1111
0.8498	0.1263	0.09495
0.829	0.123	0.05611
0.98	-0.0005578	-0.04199
1.273	-0.2292	-0.1203
1.534	-0.4924	-0.1893
1.688	-0.6944	-0.2284
1.713	-0.6341	-0.1241
1.638	-0.2854	0.08548
1.508	0.1724	0.2056
1.352	0.4176	0.1879
1.289	0.3563	0.07982
1.353	0.2011	-0.1235
1.335	0.0147	-0.229
1.196	-0.115	-0.1736
1.014	-0.08829	-0.148
0.7993	-0.08849	-0.117
0.7052	-0.1033	-0.07962
0.7141	-0.05597	-0.1178
0.7515	-0.1133	-0.148
0.8381	-0.1857	-0.1468
0.8349	-0.186	-0.1409
0.774	-0.1622	-0.127
0.7508	-0.04885	-0.1198
0.736	0.06982	-0.114
0.7345	0.1283	-0.0928
0.7102	0.1102	-0.06315
0.7375	0.02564	-0.05563
0.8149	-0.02629	-0.0707
0.827	-0.07409	-0.08249
0.8117	-0.08891	-0.07837
0.7773	-0.06626	-0.04836
0.7624	-0.06661	-0.01009
0.7901	-0.06982	-0.001943
0.8387	-0.1492	0.002819
0.9648	-0.3019	0.03602
1.103	-0.4068	0.09196
1.282	-0.3467	0.1603
1.618	-0.1359	0.1446
1.927	0.07583	0.09711
1.95	0.1776	0.17
1.719	0.06893	0.2284
1.447	-0.04909	0.223
1.262	-0.03078	0.2288
1.206	-0.03531	0.1893
1.151	0.02793	0.1557
0.972	0.08764	0.1338
0.8395	0.06591	0.1072
0.7606	0.09767	0.1121
0.6706	0.07634	0.09227
0.6504	0.0461	0.08978
0.6233	0.02067	0.09785
0.6196	-0.03595	0.08695
0.6606	-0.02056	0.1119
0.6497	-0.03792	0.1182
0.6616	-0.03545	0.119
0.6834	0.01688	0.1176
0.6983	0.0178	0.07378
0.753	0.0459	0.03591
0.8148	0.06153	0.003279
0.8971	0.0758	0.01306
0.9431	0.1139	0.04841
0.9491	0.1082	0.04514
0.9808	0.1124	0.04519
0.9685	0.1157	0.02646
0.9124	0.1068	0.003017
0.9018	0.05357	0.007593
1.032	-0.1047	-0.02618
1.262	-0.2393	-0.09681
1.397	-0.2537	-0.1619
1.558	-0.2175	-0.1912
1.82	-0.2076	-0.2079
1.806	-0.1668	-0.204
1.591	-0.006336	-0.0781
1.493	0.1858	0.08988
1.342	0.2393	0.1442
1.237	0.1687	0.07716
1.228	0.1641	-0.03568
1.121	0.1626	-0.103
1.083	0.03363	-0.1336
0.9352	-0.08971	-0.1557
0.7599	-0.1505	-0.1549
0.8249	-0.1306	-0.1236
0.7186	-0.1011	-0.08336
0.6817	-0.1095	-0.08596
0.8391	-0.02369	-0.1029
0.8111	0.008771	-0.1246
0.8225	-0.01293	-0.1319
0.7603	0.04421	-0.07588
0.6547	0.04156	-0.02107
0.7753	0.07112	0.001478
0.8546	0.1467	-0.01915
0.8587	0.1464	-0.03567
0.7843	0.1284	0.004012
0.6897	0.09815	0.01398
0.7608	0.09934	0.001685
0.8402	0.05414	-0.02881
0.8921	-0.1219	-0.08551
0.9799	-0.2888	-0.07593
0.9648	-0.3019	0.03602
1.103	-0.4068	0.09196
1.282	-0.3467	0.1603
1.618	-0.1359	0.1446
1.927	0.07583	0.09711
1.95	0.1776	0.17
1.719	0.06893	0.2284
1.447	-0.04909	0.223
1.262	-0.03078	0.2288
1.206	-0.03531	0.1893
1.151	0.02793	0.1557
0.972	0.08764	0.1338
0.8395	0.06591	0.1072
0.7606	0.09767	0.1121
0.6706	0.07634	0.09227
0.6504	0.0461	0.08978
0.6233	0.02067	0.09785
0.6196	-0.03595	0.08695
0.6606	-0.02056	0.1119
0.6497	-0.03792	0.1182
0.6616	-0.03545	0.119
0.6834	0.01688	0.1176
0.6983	0.0178	0.07378
0.753	0.0459	0.03591
0.8148	0.06153	0.003279
0.8971	0.0758	0.01306
0.9431	0.1139	0.04841
0.9491	0.1082	0.04514
0.9808	0.1124	0.04519
0.9685	0.1157	0.02646
0.9124	0.1068	0.003017
0.9018	0.05357	0.007593
1.032	-0.1047	-0.02618
1.262	-0.2393	-0.09681
1.397	-0.2537	-0.1619
1.558	-0.2175	-0.1912
1.82	-0.2076	-0.2079
1.806	-0.1668	-0.204
1.591	-0.006336	-0.0781
1.493	0.1858	0.08988
1.342	0.2393	0.1442
1.237	0.1687	0.07716
1.228	0.1641	-0.03568
1.121	0.1626	-0.103
1.083	0.03363	-0.1336
0.9352	-0.08971	-0.1557
0.7599	-0.1505	-0.1549
0.8249	-0.1306	-0.1236
0.7186	-0.1011	-0.08336
0.6817	-0.1095	-0.08596
0.8391	-0.02369	-0.1029
0.8111	0.008771	-0.1246
0.8225	-0.01293	-0.1319
0.7603	0.04421	-0.07588
0.6547	0.04156	-0.02107
0.7753	0.07112	0.001478
0.8546	0.1467	-0.01915
0.8587	0.1464	-0.03567
0.7843	0.1284	0.004012
0.6897	0.09815	0.01398
0.7608	0.09934	0.001685
0.8402	0.05414	-0.02881
0.8921	-0.1219	-0.08551
0.9799	-0.2888	-0.07593
1.127	-0.3413	0.02086
1.328	-0.222	0.1494
1.483	-0.02849	0.1889
1.654	0.1351	0.1668
1.797	0.2277	0.2016
1.754	0.1363	0.193
1.606	0.0171	0.1307
1.426	-0.005061	0.1159
1.227	-0.02402	0.1247
1.072	0.02723	0.1526
0.9349	0.1074	0.18
0.8357	0.1262	0.1675
0.7865	0.1447	0.1412
0.7055	0.1338	0.09836
0.6496	0.0951	0.04538
0.5993	0.05582	0.02324
0.5215	0.01339	0.02239
0.5204	0.02144	0.02486
0.5286	0.04423	0.04347
0.5338	0.06211	0.07488
0.6087	0.09379	0.08207
0.7184	0.08416	0.06174
0.849	0.05703	0.04391
0.972	0.04293	0.02402
1.035	0.02329	0.01126
0.9782	0.01307	0.01782
0.8983	0.009535	0.01516
0.9095	-0.004372	-0.009596
0.9992	-0.0736	-0.06776
1.287	-0.2234	-0.1577
1.611	-0.413	-0.2396
1.664	-0.5236	-0.261
1.578	-0.3779	-0.1336
1.452	-0.03101	0.09163
1.278	0.2935	0.1884
1.246	0.5137	0.1452
1.368	0.605	0.05157
1.4	0.5195	-0.155
1.339	0.2254	-0.316
1.226	-0.116	-0.2328
0.9641	-0.2322	-0.08745
0.7777	-0.1316	-0.007032
0.7816	0.02037	0.02431
0.7689	0.1704	-0.03771
0.7421	0.2525	-0.07295
0.7207	0.1529	-0.05194
0.6913	0.0295	-0.0796
0.6826	0.01504	-0.07759
0.6703	-0.03073	-0.06205
0.6895	0.009738	-0.04736
0.7827	0.1432	0.02159
0.9202	0.1974	0.03693
0.9981	0.2155	0.02128
0.9845	0.1807	0.04739
0.9349	0.2153	0.09831
0.8716	0.3067	0.1548
0.8684	0.3159	0.1387
0.9173	0.2545	0.08391
0.975	-0.07899	0.03066
1.093	-0.4372	-0.008235
1.222	-0.4688	0.03766
1.371	-0.5053	0.08955
1.519	-0.5343	0.1093
1.573	-0.2532	0.1451
1.127	-0.3413	0.02086
1.328	-0.222	0.1494
1.483	-0.02849	0.1889
1.654	0.1351	0.1668
1.797	0.2277	0.2016
1.754	0.1363	0.193
1.606	0.0171	0.1307
1.426	-0.005061	0.1159
1.227	-0.02402	0.1247
1.072	0.02723	0.1526
0.9349	0.1074	0.18
0.8357	0.1262	0.1675
0.7865	0.1447	0.1412
0.7055	0.1338	0.09836
0.6496	0.0951	0.04538
0.5993	0.05582	0.02324
0.5215	0.01339	0.02239
0.5204	0.02144	0.02486
0.5286	0.04423	0.04347
0.5338	0.06211	0.07488
0.6087	0.09379	0.08207
0.7184	0.08416	0.06174
0.849	0.05703	0.04391
0.972	0.04293	0.02402
1.035	0.02329	0.01126
0.9782	0.01307	0.01782
0.8983	0.009535	0.01516
0.9095	-0.004372	-0.009596
0.9992	-0.0736	-0.06776
1.287	-0.2234	-0.1577
1.611	-0.413	-0.2396
1.664	-0.5236	-0.261
1.578	-0.3779	-0.1336
1.452	-0.03101	0.09163
1.278	0.2935	0.1884
1.246	0.5137	0.1452
1.368	0.605	0.05157
1.4	0.5195	-0.155
1.339	0.2254	-0.316
1.226	-0.116	-0.2328
0.9641	-0.2322	-0.08745
0.7777	-0.1316	-0.007032
0.7816	0.02037	0.02431
0.7689	0.1704	-0.03771
0.7421	0.2525	-0.07295
0.7207	0.1529	-0.05194
0.6913	0.0295	-0.0796
0.6826	0.01504	-0.07759
0.6703	-0.03073	-0.06205
0.6895	0.009738	-0.04736
0.7827	0.1432	0.02159
0.9202	0.1974	0.03693
0.9981	0.2155	0.02128
0.9845	0.1807	0.04739
0.9349	0.2153	0.09831
0.8716	0.3067	0.1548
0.8684	0.3159	0.1387
0.9173	0.2545	0.08391
0.975	-0.07899	0.03066
1.093	-0.4372	-0.008235
1.222	-0.4688	0.03766
1.371	-0.5053	0.08955
1.519	-0.5343	0.1093
1.573	-0.2532	0.1451
1.702	0.0592	0.1279
1.824	0.1114	0.1037
1.719	0.01801	0.1839
1.534	-0.1427	0.2514
1.278	-0.2649	0.2149
1.053	-0.2549	0.1636
1.022	-0.1857	0.1206
0.97	-0.07899	0.09072
0.8873	0.004596	0.1011
0.8287	0.07761	0.0985
0.7156	0.1519	0.09519
0.6278	0.16	0.1213
0.5756	0.1256	0.1119
0.5622	0.03463	0.07493
0.6007	-0.0216	0.04984
0.6271	-0.01973	0.03312
0.6479	-0.02606	0.03725
0.6321	0.01215	0.03003
0.5923	0.05622	0.007032
0.598	0.0937	-0.01074
0.6055	0.1047	-0.03403
0.6356	0.07925	-0.02804
0.7388	0.04731	0.00871
0.8213	-0.008839	0.06599
0.8088	-0.006981	0.1133
0.7832	0.009188	0.08199
0.8335	-0.03416	-0.01395
1.005	-0.1439	-0.1898
1.437	-0.3995	-0.3702
1.897	-0.639	-0.4177
1.89	-0.6579	-0.389
1.709	-0.4639	-0.2049
1.71	-0.1031	0.09948
1.589	0.2551	0.1383
1.429	0.4142	0.02128
1.369	0.3968	0.004342
1.193	0.2776	-0.1325
1.004	0.05225	-0.2622
0.8733	-0.1483	-0.1914
0.7393	-0.2077	-0.1572
0.6834	-0.2113	-0.1254
0.6742	-0.1795	-0.06671
0.6457	-0.08105	-0.08813
0.5615	0.02608	-0.05721
0.5125	0.03811	-0.02786
0.6139	-0.01286	-0.07002
0.7528	0.01349	-0.08977
0.8443	0.02702	-0.1118
0.8525	0.00376	-0.09856
0.8183	0.02939	-0.04669
0.8641	-0.02914	0.001503
0.9632	-0.1535	0.07354
1.117	-0.2263	0.06661
1.361	-0.2151	0.005874
1.576	-0.1653	0.01422
1.577	-0.1792	0.0147
1.535	-0.0837	0.05659
1.737	0.1228	0.1566
1.797	0.1851	0.157
1.626	0.128	0.1554
1.53	0.0575	0.2162
1.26	0.0551	0.2256
1.003	0.07886	0.1952
0.9538	0.07601	0.1354
1.702	0.0592	0.1279
1.824	0.1114	0.1037
1.719	0.01801	0.1839
1.534	-0.1427	0.2514
1.278	-0.2649	0.2149
1.053	-0.2549	0.1636
1.022	-0.1857	0.1206
0.97	-0.07899	0.09072
0.8873	0.004596	0.1011
0.8287	0.07761	0.0985
0.7156	0.1519	0.09519
0.6278	0.16	0.1213
0.5756	0.1256	0.1119
0.5622	0.03463	0.07493
0.6007	-0.0216	0.04984
0.6271	-0.01973	0.03312
0.6479	-0.02606	0.03725
0.6321	0.01215	0.03003
0.5923	0.05622	0.007032
0.598	0.0937	-0.01074
0.6055	0.1047	-0.03403
0.6356	0.07925	-0.02804
0.7388	0.04731	0.00871
0.8213	-0.008839	0.06599
0.8088	-0.006981	0.1133
0.7832	0.009188	0.08199
0.8335	-0.03416	-0.01395
1.005	-0.1439	-0.1898
1.437	-0.3995	-0.3702
1.897	-0.639	-0.4177
1.89	-0.6579	-0.389
1.709	-0.4639	-0.2049
1.71	-0.1031	0.09948
1.589	0.2551	0.1383
1.429	0.4142	0.02128
1.369	0.3968	0.004342
1.193	0.2776	-0.1325
1.004	0.05225	-0.2622
0.8733	-0.1483	-0.1914
0.7393	-0.2077	-0.1572
0.6834	-0.2113	-0.1254
0.6742	-0.1795	-0.06671
0.6457	-0.08105	-0.08813
0.5615	0.02608	-0.05721
0.5125	0.03811	-0.02786
0.6139	-0.01286	-0.07002
0.7528	0.01349	-0.08977
0.8443	0.02702	-0.1118
0.8525	0.00376	-0.09856
0.8183	0.02939	-0.04669
0.8641	-0.02914	0.001503
0.9632	-0.1535	0.07354
1.117	-0.2263	0.06661
1.361	-0.2151	0.005874
1.576	-0.1653	0.01422
1.577	-0.1792	0.0147
1.535	-0.0837	0.05659
1.737	0.1228	0.1566
1.797	0.1851	0.157
1.626	0.128	0.1554
1.53	0.0575	0.2162
1.26	0.0551	0.2256
1.003	0.07886	0.1952
0.9538	0.07601	0.1354
0.8018	0.09713	0.06818
0.7004	0.0822	0.0453
0.626	0.08146	0.04948
0.5032	0.09434	0.05379
0.4586	0.06518	0.06236
0.3844	0.05976	0.09398
0.4069	0.01829	0.1057
0.524	-0.0241	0.08332
0.6528	-0.02517	0.05938
0.8499	-0.04097	0.02483
0.9425	-0.02486	0.0002022
0.9944	0.0344	-0.006826
1.041	0.1359	0.01339
0.9628	0.1986	0.06012
0.9578	0.1593	0.06379
1.078	0.05572	0.02654
1.262	-0.1472	-0.03938
1.481	-0.3283	-0.1438
1.564	-0.3494	-0.1955
1.601	-0.2529	-0.1641
1.661	-0.04912	-0.1454
1.624	0.1911	-0.1383
1.55	0.3282	-0.07893
1.362	0.3169	-0.01849
1.106	0.2557	0.0002687
1.02	0.2024	-0.03479
0.9743	0.06423	-0.1398
0.8896	-0.087	-0.2021
0.82	-0.1424	-0.177
0.7245	-0.1675	-0.1432
0.6678	-0.163	-0.1059
0.6616	-0.1294	-0.08199
0.6833	-0.04558	-0.05701
0.7185	0.08354	-0.01255
0.7141	0.1022	-0.02626
0.7104	0.1145	-0.07706
0.7209	0.2095	-0.09248
0.7327	0.1497	-0.08634
0.7402	0.03443	-0.06744
0.6848	0.04242	-0.02621
0.6446	0.0163	0.02095
0.7815	0.01159	0.0184
1.011	0.05116	-0.06158
1.092	-0.03285	-0.121
1.051	-0.146	-0.06626
1.11	-0.1904	0.05385
1.288	-0.1142	0.1514
1.555	0.05531	0.1857
1.906	0.1197	0.1926
2.009	0.1247	0.2067
1.705	0.1406	0.155
1.438	0.1501	0.03675
1.356	0.1949	-0.009454
1.18	0.1881	0.08446
0.9485	0.133	0.2093
0.7818	0.07288	0.2149
0.6503	0.007287	0.1576
0.566	-0.009569	0.1288
0.5376	-0.0394	0.08264
0.5273	-0.07604	0.05312
0.4958	-0.08329	0.05083
0.4533	-0.09312	0.05083
0.4367	-0.05411	0.08741
0.4832	0.01063	0.1019
0.8018	0.09713	0.06818
0.7004	0.0822	0.0453
0.626	0.08146	0.04948
0.5032	0.09434	0.05379
0.4586	0.06518	0.06236
0.3844	0.05976	0.09398
0.4069	0.01829	0.1057
0.524	-0.0241	0.08332
0.6528	-0.02517	0.05938
0.8499	-0.04097	0.02483
0.9425	-0.02486	0.0002022
0.9944	0.0344	-0.006826
1.041	0.1359	0.01339
0.9628	0.1986	0.06012
0.9578	0.1593	0.06379
1.078	0.05572	0.02654
1.262	-0.1472	-0.03938
1.481	-0.3283	-0.1438
1.564	-0.3494	-0.1955
1.601	-0.2529	-0.1641
1.661	-0.04912	-0.1454
1.624	0.1911	-0.1383
1.55	0.3282	-0.07893
1.362	0.3169	-0.01849
1.106	0.2557	0.0002687
1.02	0.2024	-0.03479
0.9743	0.06423	-0.1398
0.8896	-0.087	-0.2021
0.82	-0.1424	-0.177
0.7245	-0.1675	-0.1432
0.6678	-0.163	-0.1059
0.6616	-0.1294	-0.08199
0.6833	-0.04558	-0.05701
0.7185	0.08354	-0.01255
0.7141	0.1022	-0.02626
0.7104	0.1145	-0.07706
0.7209	0.2095	-0.09248
0.7327	0.1497	-0.08634
0.7402	0.03443	-0.06744
0.6848	0.04242	-0.02621
0.6446	0.0163	0.02095
0.7815	0.01159	0.0184
1.011	0.05116	-0.06158
1.092	-0.03285	-0.121
1.051	-0.146	-0.06626
1.11	-0.1904	0.05385
1.288	-0.1142	0.1514
1.555	0.05531	0.1857
1.906	0.1197	0.1926
2.009	0.1247	0.2067
1.705	0.1406	0.155
1.438	0.1501	0.03675
1.356	0.1949	-0.009454
1.18	0.1881	0.08446
0.9485	0.133	0.2093
0.7818	0.07288	0.2149
0.6503	0.007287	0.1576
0.566	-0.009569	0.1288
0.5376	-0.0394	0.08264
0.5273	-0.07604	0.05312
0.4958	-0.08329	0.05083
0.4533	-0.09312	0.05083
0.4367	-0.05411	0.08741
0.4832	0.01063	0.1019
0.636	0.05883	0.08469
0.9009	0.07679	0.05767
1.127	0.05776	0.0159
1.132	0.06361	0.02825
1.036	0.0789	0.05594
0.9691	0.1012	0.05052
0.9254	0.1146	0.02901
1.03	0.006806	-0.03906
1.21	-0.133	-0.109
1.368	-0.1869	-0.1752
1.54	-0.2214	-0.2269
1.417	-0.1369	-0.08785
1.21	0.06442	0.0943
1.543	0.1304	-0.0402
1.914	0.1855	-0.2883
1.831	0.2231	-0.3515
1.595	0.02265	-0.2647
1.195	-0.08818	-0.04375
0.8244	-0.05545	0.07594
0.743	-0.04736	-0.01268
0.7565	0.0219	-0.08968
0.8621	-0.01535	-0.1928
0.9326	-0.07596	-0.252
0.8106	-0.07309	-0.1722
0.6338	-0.09525	-0.09778
0.4791	-0.02186	-0.01547
0.4434	0.05248	0.02237
0.5744	0.1551	-0.02404
0.8287	0.2095	-0.05273
0.9996	0.08985	-0.09792
0.8978	0.07751	-0.121
0.7725	0.06606	-0.0299
0.7722	-0.0003116	0.04381
0.783	0.003434	-0.02098
0.8413	-0.08066	-0.09447
1.028	-0.1664	-0.07702
1.366	-0.1743	-0.01515
1.679	-0.1119	0.04928
1.737	-0.04755	0.05423
1.72	-0.1268	0.0795
1.753	-0.1641	0.2145
1.611	-0.07319	0.2612
1.428	0.03571	0.1625
1.416	0.1343	0.1026
1.339	0.1985	0.111
1.109	0.2341	0.1285
0.9447	0.1779	0.1228
0.8358	0.05568	0.09028
0.67	-0.01589	0.06498
0.5854	-0.02839	0.06411
0.5353	-0.01473	0.07501
0.4215	-0.02243	0.06678
0.4498	-0.01052	0.07551
0.4977	0.03519	0.1108
0.4895	0.07512	0.1199
0.622	0.1158	0.1166
0.7262	0.09887	0.09304
0.7752	0.07983	0.06387
0.8923	0.103	0.04142
0.9728	0.09478	0.003914
0.9221	0.1331	0.02399
0.7704	0.1983	0.08727
0.7545	0.1753	0.1053
0.8976	0.06709	0.05027
0.959	0.4136	-0.01708
0.8869	0.4172	0.02761
0.8041	0.3375	0.08807
0.6996	0.2192	0.1011
0.5891	0.000672	0.05379
0.5555	-0.2304	-0.00478
0.752	-0.4192	-0.0004874
1.131	-0.5501	0.02267
1.486	-0.4983	0.04068
1.791	-0.2386	0.1427
1.925	0.1139	0.2181
1.812	0.2447	0.1242
1.731	0.03191	0.03972
1.73	-0.1705	0.1141
1.511	-0.2369	0.2548
1.122	-0.1725	0.3455
0.8853	0.0618	0.262
0.8153	0.2178	0.06374
0.7654	0.268	0.00901
0.6947	0.263	0.03767
0.6162	0.1494	0.04242
0.5623	0.06723	0.1172
0.5443	-0.004207	0.1641
0.5548	-0.02932	0.1659
0.5608	0.01259	0.1604
0.5604	-0.006871	0.1162
0.5779	0.04032	0.1184
0.6163	0.1551	0.07375
0.6799	0.2489	-0.006387
0.7061	0.2368	0.01803
0.7626	0.07802	0.04077
0.9221	-0.02484	0.06762
0.9703	-0.07954	0.1216
0.8907	-0.03628	0.09974
0.8516	0.1036	0.06089
0.8217	0.1239	0.07737
0.8383	0.1407	0.07461
1.017	0.1024	0.017
1.377	-0.1318	-0.09727
1.686	-0.3816	-0.3026
1.63	-0.3936	-0.4
1.539	-0.1653	-0.2194
1.689	0.0004087	-0.03164
1.673	0.177	-0.04534
1.537	0.2999	-0.08082
1.431	0.1851	-0.0304
1.212	0.1644	-0.02193
1.045	0.107	-0.05934
0.8879	-0.02749	-0.1071
0.7788	-0.02225	-0.1809
0.837	-0.09133	-0.182
0.8034	-0.1117	-0.1516
0.7425	-0.06002	-0.1441
0.6763	-0.06064	-0.08983
0.5673	-0.0128	-0.05294
0.5667	-0.02089	-0.0374
0.5495	-0.01198	0.005116
0.5866	0.08322	0.01731
0.7552	0.1795	-0.006151
0.8798	0.2384	-0.03809
0.8829	0.1771	-0.06786
0.7588	0.1029	-0.05874
0.6712	0.02725	0.00987
0.6816	-0.08664	0.0678
0.8552	-0.1296	0.03871
1.24	-0.1976	-0.02298
1.463	-0.261	-0.03036
1.446	-0.1558	0.0405
1.56	0.002298	0.1512
1.849	0.09924	0.2096
1.948	0.1769	0.2123
1.759	0.2078	0.1913
1.598	0.1658	0.1133
1.485	0.1496	0.07242
1.304	0.1711	0.1221
1.092	0.1714	0.1558
0.8508	0.1745	0.1635
0.6651	0.1606	0.1363
0.5226	0.1125	0.0886
0.405	0.05596	0.08999
0.3666	-0.00858	0.08581
0.3518	-0.05574	0.05365
0.3718	-0.07987	0.03343
0.3989	-0.08176	0.04411
0.4174	-0.0363	0.09575
0.5012	0.009491	0.1461
0.6225	-0.00666	0.1493
0.8114	-0.04913	0.0929
1.036	-0.05162	0.03772
1.089	0.01993	0.03946
0.9961	0.1322	0.05741
0.9751	0.1567	0.0609
1.076	0.07152	0.02455
1.282	-0.03691	-0.08833
1.51	-0.1529	-0.2165
1.566	-0.1896	-0.2021
1.566	-0.13	-0.03283
1.611	-0.03468	0.09331
1.559	0.2079	0.07499
1.589	0.4272	-0.01688
1.644	0.3624	-0.09147
1.434	0.2199	-0.1139
1.174	0.09765	-0.08575
0.9868	-0.04839	-0.04801
0.8618	-0.0959	-0.06958
0.8074	-0.0939	-0.087
0.7268	-0.08074	-0.07548
0.6973	-0.03591	-0.08408
0.6467	-0.05641	-0.06148
0.5421	-0.09348	-0.05647
0.5188	-0.115	-0.06918
0.5301	-0.1311	-0.04667
0.5794	-0.04825	-0.0421
0.606	0.07375	0.005431
0.6069	0.1695	0.07
0.7225	0.239	0.06034
0.9308	0.2404	0.02859
1.109	0.2287	-0.04135
1.13	0.1664	-0.1189
1.15	-0.1059	-0.07421
1.249	-0.375	0.01508
1.284	-0.2023	0.03965
1.437	0.1058	0.09842
1.684	0.05663	0.1426
1.815	0.0112	0.1712
1.923	0.0621	0.2931
1.777	0.01172	0.2294
1.389	0.08446	0.06947
0.8552	-0.1296	0.03871
1.24	-0.1976	-0.02298
1.463	-0.261	-0.03036
1.446	-0.1558	0.0405
1.56	0.002298	0.1512
1.849	0.09924	0.2096
1.948	0.1769	0.2123
1.759	0.2078	0.1913
1.598	0.1658	0.1133
1.485	0.1496	0.07242
1.304	0.1711	0.1221
1.092	0.1714	0.1558
0.8508	0.1745	0.1635
0.6651	0.1606	0.1363
0.5226	0.1125	0.0886
0.405	0.05596	0.08999
0.3666	-0.00858	0.08581
0.3518	-0.05574	0.05365
0.3718	-0.07987	0.03343
0.3989	-0.08176	0.04411
0.4174	-0.0363	0.09575
0.5012	0.009491	0.1461
0.6225	-0.00666	0.1493
0.8114	-0.04913	0.0929
1.036	-0.05162	0.03772
1.089	0.01993	0.03946
0.9961	0.1322	0.05741
0.9751	0.1567	0.0609
1.076	0.07152	0.02455
1.282	-0.03691	-0.08833
1.51	-0.1529	-0.2165
1.566	-0.1896	-0.2021
1.566	-0.13	-0.03283
1.611	-0.03468	0.09331
1.559	0.2079	0.07499
1.589	0.4272	-0.01688
1.644	0.3624	-0.09147
1.434	0.2199	-0.1139
1.174	0.09765	-0.08575
0.9868	-0.04839	-0.04801
0.8618	-0.0959	-0.06958
0.8074	-0.0939	-0.087
0.7268	-0.08074	-0.07548
0.6973	-0.03591	-0.08408
0.6467	-0.05641	-0.06148
0.5421	-0.09348	-0.05647
0.5188	-0.115	-0.06918
0.5301	-0.1311	-0.04667
0.5794	-0.04825	-0.0421
0.606	0.07375	0.005431
0.6069	0.1695	0.07
0.7225	0.239	0.06034
0.9308	0.2404	0.02859
1.109	0.2287	-0.04135
1.13	0.1664	-0.1189
1.15	-0.1059	-0.07421
1.249	-0.375	0.01508
1.284	-0.2023	0.03965
1.437	0.1058	0.09842
1.684	0.05663	0.1426
1.815	0.0112	0.1712
1.923	0.0621	0.2931
1.777	0.01172	0.2294
1.389	0.08446	0.06947
1.339	0.1624	0.1192
1.357	0.1934	0.121
1.076	0.2695	0.09742
0.8994	0.2293	0.1221
0.7427	0.1745	0.06975
0.5466	0.1098	0.08612
0.5122	0.03014	0.09459
0.4538	0.005766	0.06223
0.4472	-0.07973	0.08036
0.4778	-0.07459	0.06864
0.466	0.01059	0.07891
0.5448	0.03075	0.07624
0.5803	0.1048	0.04724
0.6213	0.1268	0.05693
0.7734	0.04729	0.04589
0.9355	0.01053	0.04745
0.974	0.007477	0.04476
0.9267	-0.006336	0.006105
1.098	-0.09356	-0.03802
1.338	-0.195	-0.09703
1.55	-0.213	-0.1636
1.833	-0.277	-0.2283
1.733	-0.3208	-0.1307
1.497	-0.107	0.0711
1.627	0.2087	0.0617
1.61	0.3571	-0.03652
1.436	0.3413	-0.08437
1.389	0.2425	-0.1511
1.176	0.09869	-0.1535
1.009	-0.05508	-0.1372
0.9438	-0.1597	-0.1303
0.755	-0.1722	-0.07803
0.709	-0.1152	-0.06198
0.7159	-0.02135	-0.07609
0.6968	0.08571	-0.09101
0.7343	0.1371	-0.1
0.633	0.09592	-0.06695
0.5499	0.07367	-0.02145
0.5751	0.1057	-0.004708
0.6487	0.09711	-0.04965
0.7642	0.08545	-0.08483
0.7758	0.08605	-0.04266
0.7745	0.05247	-0.01222
0.7792	0.002656	-0.02138
0.7569	-0.09322	-0.02644
0.8414	-0.195	-0.007985
0.9969	-0.23	0.05474
1.205	-0.1864	0.1221
1.508	-0.03177	0.1058
1.83	0.1324	0.05256
1.923	0.1447	0.07022
1.745	0.01789	0.1219
1.57	-0.08445	0.1882
1.381	-0.04292	0.2212
1.216	0.1285	0.1765
1.232	0.337	0.1642
1.174	0.3828	0.1322
1.014	0.2932	0.06879
0.9494	0.252	0.06647
0.8563	0.1227	0.005791
0.7116	-0.02741	-0.05984
0.6084	-0.004084	-0.01902
0.5137	-0.01571	0.02284
0.4844	-0.05717	0.04895
1.339	0.1624	0.1192
1.357	0.1934	0.121
1.076	0.2695	0.09742
0.8994	0.2293	0.1221
0.7427	0.1745	0.06975
0.5466	0.1098	0.08612
0.5122	0.03014	0.09459
0.4538	0.005766	0.06223
0.4472	-0.07973	0.08036
0.4778	-0.07459	0.06864
0.466	0.01059	0.07891
0.5448	0.03075	0.07624
0.5803	0.1048	0.04724
0.6213	0.1268	0.05693
0.7734	0.04729	0.04589
0.9355	0.01053	0.04745
0.974	0.007477	0.04476
0.9267	-0.006336	0.006105
1.098	-0.09356	-0.03802
1.338	-0.195	-0.09703
1.55	-0.213	-0.1636
1.833	-0.277	-0.2283
1.733	-0.3208	-0.1307
1.497	-0.107	0.0711
1.627	0.2087	0.0617
1.61	0.3571	-0.03652
1.436	0.3413	-0.08437
1.389	0.2425	-0.1511
1.176	0.09869	-0.1535
1.009	-0.05508	-0.1372
0.9438	-0.1597	-0.1303
0.755	-0.1722	-0.07803
0.709	-0.1152	-0.06198
0.7159	-0.02135	-0.07609
0.6968	0.08571	-0.09101
0.7343	0.1371	-0.1
0.633	0.09592	-0.06695
0.5499	0.07367	-0.02145
0.5751	0.1057	-0.004708
0.6487	0.09711	-0.04965
0.7642	0.08545	-0.08483
0.7758	0.08605	-0.04266
0.7745	0.05247	-0.01222
0.7792	0.002656	-0.02138
0.7569	-0.09322	-0.02644
0.8414	-0.195	-0.007985
0.9969	-0.23	0.05474
1.205	-0.1864	0.1221
1.508	-0.03177	0.1058
1.83	0.1324	0.05256
1.923	0.1447	0.07022
1.745	0.01789	0.1219
1.57	-0.08445	0.1882
1.381	-0.04292	0.2212
1.216	0.1285	0.1765
1.232	0.337	0.1642
1.174	0.3828	0.1322
1.014	0.2932	0.06879
0.9494	0.252	0.06647
0.8563	0.1227	0.005791
0.7116	-0.02741	-0.05984
0.6084	-0.004084	-0.01902
0.5137	-0.01571	0.02284
0.4844	-0.05717	0.04895
0.5998	-0.0008707	0.05966
0.7518	0.0317	0.04133
0.8279	0.06308	0.04484
0.8513	0.1035	0.05473
0.8404	0.1199	0.05056
0.846	0.1587	0.05126
0.8999	0.1409	0.04301
0.932	0.1039	0.03381
0.929	0.1163	0.04604
0.9484	0.03355	0.03598
1.063	-0.204	-0.03194
1.223	-0.448	-0.1208
1.397	-0.4946	-0.193
1.604	-0.4635	-0.2462
1.599	-0.4349	-0.1828
1.492	-0.1082	0.02852
1.577	0.2534	0.1116
1.548	0.2872	-0.01822
1.391	0.1826	-0.1289
1.325	-0.0179	-0.1514
1.246	-0.155	-0.1407
1.225	-0.1407	-0.1456
1.124	-0.13	-0.1547
0.9204	-0.08035	-0.1459
0.8416	-0.05072	-0.1381
0.7393	-0.008369	-0.1137
0.719	0.02175	-0.1261
0.7787	-0.04346	-0.1484
0.6943	-0.04567	-0.1232
0.6388	-0.04832	-0.1214
0.5611	-0.03288	-0.1088
0.4922	0.03887	-0.07837
0.557	0.05448	-0.07314
0.6706	0.06777	-0.06727
0.9009	0.03498	-0.07818
0.9755	0.006892	-0.0707
0.7815	0.03553	0.0123
0.7231	0.0513	0.0853
0.8647	0.1083	0.01542
1.012	0.1053	-0.0944
1.052	-0.06933	-0.06388
1.133	-0.3344	0.02053
1.335	-0.493	0.07817
1.506	-0.4525	0.08942
1.762	-0.3094	0.04965
1.93	-0.05618	0.07744
1.708	0.1276	0.1377
1.468	0.0721	0.1903
1.377	0.01891	0.2341
1.274	0.02262	0.1854
1.197	0.01754	0.1506
1.043	0.05697	0.1291
0.864	0.0765	0.0758
0.8017	0.08465	0.0957
0.7144	0.09932	0.09362
0.6521	0.0732	0.07103
0.6471	0.05904	0.08495
0.5857	0.06052	0.0671
0.5378	0.06869	0.06074
0.4991	0.1039	0.04354
0.49	0.1172	0.03278
0.5917	0.09644	0.0703
0.7364	0.04046	0.07191
0.8851	-0.04702	0.02747
0.5998	-0.0008707	0.05966
0.7518	0.0317	0.04133
0.8279	0.06308	0.04484
0.8513	0.1035	0.05473
0.8404	0.1199	0.05056
0.846	0.1587	0.05126
0.8999	0.1409	0.04301
0.932	0.1039	0.03381
0.929	0.1163	0.04604
0.9484	0.03355	0.03598
1.063	-0.204	-0.03194
1.223	-0.448	-0.1208
1.397	-0.4946	-0.193
1.604	-0.4635	-0.2462
1.599	-0.4349	-0.1828
1.492	-0.1082	0.02852
1.577	0.2534	0.1116
1.548	0.2872	-0.01822
1.391	0.1826	-0.1289
1.325	-0.0179	-0.1514
1.246	-0.155	-0.1407
1.225	-0.1407	-0.1456
1.124	-0.13	-0.1547
0.9204	-0.08035	-0.1459
0.8416	-0.05072	-0.1381
0.7393	-0.008369	-0.1137
0.719	0.02175	-0.1261
0.7787	-0.04346	-0.1484
0.6943	-0.04567	-0.1232
0.6388	-0.04832	-0.1214
0.5611	-0.03288	-0.1088
0.4922	0.03887	-0.07837
0.557	0.05448	-0.07314
0.6706	0.06777	-0.06727
0.9009	0.03498	-0.07818
0.9755	0.006892	-0.0707
0.7815	0.03553	0.0123
0.7231	0.0513	0.0853
0.8647	0.1083	0.01542
1.012	0.1053	-0.0944
1.052	-0.06933	-0.06388
1.133	-0.3344	0.02053
1.335	-0.493	0.07817
1.506	-0.4525	0.08942
1.762	-0.3094	0.04965
1.93	-0.05618	0.07744
1.708	0.1276	0.1377
1.468	0.0721	0.1903
1.377	0.01891	0.2341
1.274	0.02262	0.1854
1.197	0.01754	0.1506
1.043	0.05697	0.1291
0.864	0.0765	0.0758
0.8017	0.08465	0.0957
0.7144	0.09932	0.09362
0.6521	0.0732	0.07103
0.6471	0.05904	0.08495
0.5857	0.06052	0.0671
0.5378	0.06869	0.06074
0.4991	0.1039	0.04354
0.49	0.1172	0.03278
0.5917	0.09644	0.0703
0.7364	0.04046	0.07191
0.8851	-0.04702	0.02747
1.022	-0.09971	-0.05784
1.102	-0.09951	-0.1082
1.071	-0.0889	-0.07049
0.9878	-0.08334	-0.03633
0.9545	-0.04842	0.00383
0.9327	0.005498	0.03832
1.027	0.002081	0.004623
1.271	-0.09372	-0.08068
1.429	-0.2111	-0.2153
1.448	-0.2056	-0.29
1.473	-0.07372	-0.2088
1.607	0.06271	-0.1291
1.646	0.1398	-0.1005
1.457	0.1208	-0.01174
1.276	0.05791	0.05148
1.171	0.02073	0.01799
1.147	0.008539	-0.06352
1.156	0.02143	-0.1738
1.051	-0.01166	-0.2113
0.9057	-0.06872	-0.1356
0.7173	-0.06125	-0.0475
0.5372	-0.03571	0.01145
0.4616	0.01537	0.02644
0.4508	0.08438	-0.009964
0.5492	0.1014	-0.04092
0.675	0.07251	-0.0544
0.7323	0.03239	-0.07298
0.6932	0.04492	-0.04038
0.6283	0.1065	0.03903
0.7141	0.1522	0.06624
0.871	0.1435	0.0017
1.041	0.06933	-0.0979
1.115	-0.1102	-0.1118
1.055	-0.3968	-0.03729
1.175	-0.4642	0.01638
1.393	-0.2774	0.01682
1.562	-0.1969	0.02333
1.746	-0.003474	0.1322
1.853	0.3084	0.2622
1.838	0.2657	0.257
1.608	0.1208	0.2146
1.357	0.1259	0.2246
1.262	0.06682	0.2058
1.139	0.0642	0.1711
1.013	0.1419	0.1441
0.8289	0.1269	0.07556
0.6356	0.1363	0.04204
0.5184	0.1404	0.06757
0.3703	0.07302	0.0634
0.3666	0.0427	0.07512
0.4251	-0.0008666	0.09536
0.4877	-0.006284	0.06815
0.642	0.02748	0.056
0.7271	-0.0056	0.06204
0.8287	-0.02395	0.05659
0.9044	-0.05611	0.04745
0.8771	-0.06653	0.04131
0.8286	-0.03119	0.02059
0.7051	-0.05743	-0.03425
0.6862	-0.0601	-0.0606
0.9845	-0.1181	-0.05771
1.502	-0.3184	-0.121
1.826	-0.478	-0.2402
1.801	-0.459	-0.2842
1.022	-0.09971	-0.05784
1.102	-0.09951	-0.1082
1.071	-0.0889	-0.07049
0.9878	-0.08334	-0.03633
0.9545	-0.04842	0.00383
0.9327	0.005498	0.03832
1.027	0.002081	0.004623
1.271	-0.09372	-0.08068
1.429	-0.2111	-0.2153
1.448	-0.2056	-0.29
1.473	-0.07372	-0.2088
1.607	0.06271	-0.1291
1.646	0.1398	-0.1005
1.457	0.1208	-0.01174
1.276	0.05791	0.05148
1.171	0.02073	0.01799
1.147	0.008539	-0.06352
1.156	0.02143	-0.1738
1.051	-0.01166	-0.2113
0.9057	-0.06872	-0.1356
0.7173	-0.06125	-0.0475
0.5372	-0.03571	0.01145
0.4616	0.01537	0.02644
0.4508	0.08438	-0.009964
0.5492	0.1014	-0.04092
0.675	0.07251	-0.0544
0.7323	0.03239	-0.07298
0.6932	0.04492	-0.04038
0.6283	0.1065	0.03903
0.7141	0.1522	0.06624
0.871	0.1435	0.0017
1.041	0.06933	-0.0979
1.115	-0.1102	-0.1118
1.055	-0.3968	-0.03729
1.175	-0.4642	0.01638
1.393	-0.2774	0.01682
1.562	-0.1969	0.02333
1.746	-0.003474	0.1322
1.853	0.3084	0.2622
1.838	0.2657	0.257
1.608	0.1208	0.2146
1.357	0.1259	0.2246
1.262	0.06682	0.2058
1.139	0.0642	0.1711
1.013	0.1419	0.1441
0.8289	0.1269	0.07556
0.6356	0.1363	0.04204
0.5184	0.1404	0.06757
0.3703	0.07302	0.0634
0.3666	0.0427	0.07512
0.4251	-0.0008666	0.09536
0.4877	-0.006284	0.06815
0.642	0.02748	0.056
0.7271	-0.0056	0.06204
0.8287	-0.02395	0.05659
0.9044	-0.05611	0.04745
0.8771	-0.06653	0.04131
0.8286	-0.03119	0.02059
0.7051	-0.05743	-0.03425
0.6862	-0.0601	-0.0606
0.9845	-0.1181	-0.05771
1.502	-0.3184	-0.121
1.826	-0.478	-0.2402
1.801	-0.459	-0.2842
1.72	-0.217	-0.1471
1.488	0.1565	0.1516
1.106	0.5535	0.4216
1.054	0.8446	0.3718
1.34	0.8397	0.01351
1.533	0.4928	-0.3379
1.49	-0.02857	-0.4579
1.264	-0.3368	-0.279
0.8706	-0.3191	-0.0605
0.5404	-0.182	0.0266
0.445	0.02431	0.1068
0.4742	0.1555	0.03584
0.5613	0.1163	-0.09467
0.6257	0.03352	-0.1061
0.6168	-0.04754	-0.1494
0.6372	-0.04028	-0.1094
0.7601	0.07031	-0.05975
0.8582	0.1706	-0.09824
0.7802	0.2366	-0.02015
0.6537	0.262	0.08423
0.6025	0.2867	0.1371
0.6136	0.2697	0.07605
0.7195	0.06026	-0.04651
0.9308	-0.2936	-0.02922
1.251	-0.6096	-0.01683
1.603	-0.7029	0.009851
1.848	-0.5384	0.117
1.958	-0.2783	0.1406
1.934	-0.02309	0.1242
1.816	0.09814	0.1286
1.657	0.04274	0.1576
1.488	-0.00323	0.1761
1.371	-0.0394	0.1433
1.245	-0.09703	0.1215
1.043	-0.07231	0.1005
0.9009	-0.04341	0.07251
0.8468	-0.02958	0.04873
0.7293	0.06276	0.01965
0.5235	0.1428	-0.001029
0.4062	0.1342	0.001903
0.3454	0.09701	0.05531
0.1699	0.09192	0.0939
0.1567	0.08882	0.08881
0.3383	0.04455	0.08087
0.4285	-0.002915	0.04873
0.5831	-0.02926	0.01965
0.7211	0.02136	0.005189
0.8283	0.1105	-0.01578
1.022	0.1153	-0.03266
0.9933	0.08263	-0.04041
1.008	0.004033	-0.05626
1.114	-0.1586	-0.1066
1.132	-0.3719	-0.1911
1.606	-0.5932	-0.3598
2.04	-0.6331	-0.4482
1.821	-0.4445	-0.1698
1.589	-0.1885	0.1478
1.538	0.06309	0.09159
1.515	0.2521	-0.05426
1.518	0.3013	-0.08254
1.378	0.2325	-0.1531
1.108	0.1157	-0.1743
0.8691	-0.05981	-0.135
0.6782	-0.2024	-0.1402
1.72	-0.217	-0.1471
1.488	0.1565	0.1516
1.106	0.5535	0.4216
1.054	0.8446	0.3718
1.34	0.8397	0.01351
1.533	0.4928	-0.3379
1.49	-0.02857	-0.4579
1.264	-0.3368	-0.279
0.8706	-0.3191	-0.0605
0.5404	-0.182	0.0266
0.445	0.02431	0.1068
0.4742	0.1555	0.03584
0.5613	0.1163	-0.09467
0.6257	0.03352	-0.1061
0.6168	-0.04754	-0.1494
0.6372	-0.04028	-0.1094
0.7601	0.07031	-0.05975
0.8582	0.1706	-0.09824
0.7802	0.2366	-0.02015
0.6537	0.262	0.08423
0.6025	0.2867	0.1371
0.6136	0.2697	0.07605
0.7195	0.06026	-0.04651
0.9308	-0.2936	-0.02922
1.251	-0.6096	-0.01683
1.603	-0.7029	0.009851
1.848	-0.5384	0.117
1.958	-0.2783	0.1406
1.934	-0.02309	0.1242
1.816	0.09814	0.1286
1.657	0.04274	0.1576
1.488	-0.00323	0.1761
1.371	-0.0394	0.1433
1.245	-0.09703	0.1215
1.043	-0.07231	0.1005
0.9009	-0.04341	0.07251
0.8468	-0.02958	0.04873
0.7293	0.06276	0.01965
0.5235	0.1428	-0.001029
0.4062	0.1342	0.001903
0.3454	0.09701	0.05531
0.1699	0.09192	0.0939
0.1567	0.08882	0.08881
0.3383	0.04455	0.08087
0.4285	-0.002915	0.04873
0.5831	-0.02926	0.01965
0.7211	0.02136	0.005189
0.8283	0.1105	-0.01578
1.022	0.1153	-0.03266
0.9933	0.08263	-0.04041
1.008	0.004033	-0.05626
1.114	-0.1586	-0.1066
1.132	-0.3719	-0.1911
1.606	-0.5932	-0.3598
2.04	-0.6331	-0.4482
1.821	-0.4445	-0.1698
1.589	-0.1885	0.1478
1.538	0.06309	0.09159
1.515	0.2521	-0.05426
1.518	0.3013	-0.08254
1.378	0.2325	-0.1531
1.108	0.1157	-0.1743
0.8691	-0.05981	-0.135
0.6782	-0.2024	-0.1402
0.5248	-0.1902	-0.07635
0.4598	-0.1558	-0.05369
0.424	-0.121	-0.09146
0.4504	-0.02394	-0.05756
0.5627	0.02218	-0.07561
0.6163	0.03759	-0.08252
0.6517	0.05642	-0.05407
0.6848	0.05996	-0.06459
0.6526	0.1012	-0.02934
0.6427	0.1164	0.01359
0.778	0.08648	0.0777
1.1	0.002459	0.1174
1.428	-0.2165	0.0671
1.572	-0.4015	0.0571
1.656	-0.4015	0.07503
1.815	-0.2746	0.1276
1.839	-0.06824	0.2226
1.731	0.07413	0.2283
1.723	0.1102	0.192
1.584	0.1759	0.1959
1.369	0.1696	0.2007
1.286	0.07372	0.1868
1.046	0.1081	0.1456
0.8456	0.1473	0.0894
0.8101	0.1062	0.07509
0.6099	0.1331	0.0795
0.4715	0.1088	0.05556
0.5043	0.04964	0.0718
0.4897	0.04076	0.1083
0.4858	0.004275	0.1073
0.532	0.01601	0.1122
0.5749	0.008245	0.1008
0.6414	-0.05328	0.08555
0.7671	-0.0842	0.09657
0.8807	-0.1229	0.09411
0.9063	-0.05911	0.09335
0.8589	0.04688	0.08673
0.8555	0.03332	0.05192
1.051	-0.03683	-0.01378
1.407	-0.1537	-0.1359
1.701	-0.2667	-0.2766
1.725	-0.2994	-0.3033
1.598	-0.2042	-0.1209
1.544	0.02262	0.06855
1.503	0.2324	0.02748
1.501	0.3487	-0.08429
1.487	0.3418	-0.1041
1.271	0.2508	-0.07847
1.012	0.1849	-0.02575
0.8517	0.07959	-0.01756
0.7586	-0.07899	-0.07791
0.7534	-0.1716	-0.1214
0.7846	-0.1545	-0.1436
0.7527	-0.114	-0.1388
0.663	-0.1055	-0.09809
0.5945	-0.02625	-0.05413
0.5972	0.05585	-0.04249
0.7322	0.07127	-0.07874
0.8773	0.1099	-0.09314
0.837	0.07897	-0.0772
0.7052	0.02408	-0.03572
0.6322	0.04493	0.04072
0.7362	0.04467	0.02983
0.9501	0.04372	-0.04941
0.5248	-0.1902	-0.07635
0.4598	-0.1558	-0.05369
0.424	-0.121	-0.09146
0.4504	-0.02394	-0.05756
0.5627	0.02218	-0.07561
0.6163	0.03759	-0.08252
0.6517	0.05642	-0.05407
0.6848	0.05996	-0.06459
0.6526	0.1012	-0.02934
0.6427	0.1164	0.01359
0.778	0.08648	0.0777
1.1	0.002459	0.1174
1.428	-0.2165	0.0671
1.572	-0.4015	0.0571
1.656	-0.4015	0.07503
1.815	-0.2746	0.1276
1.839	-0.06824	0.2226
1.731	0.07413	0.2283
1.723	0.1102	0.192
1.584	0.1759	0.1959
1.369	0.1696	0.2007
1.286	0.07372	0.1868
1.046	0.1081	0.1456
0.8456	0.1473	0.0894
0.8101	0.1062	0.07509
0.6099	0.1331	0.0795
0.4715	0.1088	0.05556
0.5043	0.04964	0.0718
0.4897	0.04076	0.1083
0.4858	0.004275	0.1073
0.532	0.01601	0.1122
0.5749	0.008245	0.1008
0.6414	-0.05328	0.08555
0.7671	-0.0842	0.09657
0.8807	-0.1229	0.09411
0.9063	-0.05911	0.09335
0.8589	0.04688	0.08673
0.8555	0.03332	0.05192
1.051	-0.03683	-0.01378
1.407	-0.1537	-0.1359
1.701	-0.2667	-0.2766
1.725	-0.2994	-0.3033
1.598	-0.2042	-0.1209
1.544	0.02262	0.06855
1.503	0.2324	0.02748
1.501	0.3487	-0.08429
1.487	0.3418	-0.1041
1.271	0.2508	-0.07847
1.012	0.1849	-0.02575
0.8517	0.07959	-0.01756
0.7586	-0.07899	-0.07791
0.7534	-0.1716	-0.1214
0.7846	-0.1545	-0.1436
0.7527	-0.114	-0.1388
0.663	-0.1055	-0.09809
0.5945	-0.02625	-0.05413
0.5972	0.05585	-0.04249
0.7322	0.07127	-0.07874
0.8773	0.1099	-0.09314
0.837	0.07897	-0.0772
0.7052	0.02408	-0.03572
0.6322	0.04493	0.04072
0.7362	0.04467	0.02983
0.9501	0.04372	-0.04941
1.037	-0.01167	-0.08106
1.044	-0.1769	-0.04265
1.087	-0.2981	0.05581
1.209	-0.2783	0.1014
1.468	-0.1595	0.0762
1.765	-0.02094	0.08371
1.885	0.1029	0.1422
1.733	0.1281	0.2027
1.5	0.08834	0.1937
1.311	0.1049	0.1571
1.211	0.08112	0.1546
1.197	0.04965	0.1562
1.014	0.05226	0.1596
0.8042	0.0155	0.1432
0.7366	0.03398	0.1028
0.5792	0.042	0.07256
0.5021	0.007903	0.05304
0.499	0.02771	0.0468
0.3828	0.04392	0.03305
0.3375	0.07486	0.01869
0.3468	0.08382	0.05013
0.4083	0.05998	0.1036
0.5307	0.05239	0.126
0.696	-0.03259	0.1028
0.9525	-0.09518	0.02862
1.074	-0.05734	-0.07983
1.035	-0.01628	-0.1084
0.9321	0.02062	-0.01
0.9186	-0.01399	0.04116
1.316	-0.1431	-0.0723
1.784	-0.2735	-0.2742
1.778	-0.288	-0.3571
1.558	-0.1005	-0.1182
1.542	0.1337	0.1691
1.533	0.2618	0.1034
1.523	0.3132	-0.07728
1.604	0.2395	-0.1413
1.416	0.06109	-0.1872
1.157	-0.02981	-0.1276
1.037	-0.02074	-0.05064
0.8954	-0.03078	-0.0703
0.8685	-0.038	-0.06637
0.7859	-0.02115	-0.09784
0.676	-0.02531	-0.1058
0.6853	-0.03937	-0.06172
0.5516	-0.0437	-0.06968
0.4666	-0.04053	-0.04021
0.5641	-0.01504	-0.03933
0.6321	0.03379	-0.05345
0.7007	0.06596	-0.01323
0.7388	0.06306	-0.02202
0.7095	0.06358	-0.004289
0.7371	0.07576	0.01077
0.8167	0.05039	-0.02802
0.9197	-0.03883	-0.04599
1.078	-0.1742	-0.05066
1.214	-0.2538	0.03549
1.369	-0.1631	0.162
1.657	0.01676	0.1949
1.921	0.1434	0.1897
1.913	0.147	0.2123
1.693	0.04696	0.2277
1.513	-0.01127	0.174
1.326	-0.02197	0.1266
1.037	-0.01167	-0.08106
1.044	-0.1769	-0.04265
1.087	-0.2981	0.05581
1.209	-0.2783	0.1014
1.468	-0.1595	0.0762
1.765	-0.02094	0.08371
1.885	0.1029	0.1422
1.733	0.1281	0.2027
1.5	0.08834	0.1937
1.311	0.1049	0.1571
1.211	0.08112	0.1546
1.197	0.04965	0.1562
1.014	0.05226	0.1596
0.8042	0.0155	0.1432
0.7366	0.03398	0.1028
0.5792	0.042	0.07256
0.5021	0.007903	0.05304
0.499	0.02771	0.0468
0.3828	0.04392	0.03305
0.3375	0.07486	0.01869
0.3468	0.08382	0.05013
0.4083	0.05998	0.1036
0.5307	0.05239	0.126
0.696	-0.03259	0.1028
0.9525	-0.09518	0.02862
1.074	-0.05734	-0.07983
1.035	-0.01628	-0.1084
0.9321	0.02062	-0.01
0.9186	-0.01399	0.04116
1.316	-0.1431	-0.0723
1.784	-0.2735	-0.2742
1.778	-0.288	-0.3571
1.558	-0.1005	-0.1182
1.542	0.1337	0.1691
1.533	0.2618	0.1034
1.523	0.3132	-0.07728
1.604	0.2395	-0.1413
1.416	0.06109	-0.1872
1.157	-0.02981	-0.1276
1.037	-0.02074	-0.05064
0.8954	-0.03078	-0.0703
0.8685	-0.038	-0.06637
0.7859	-0.02115	-0.09784
0.676	-0.02531	-0.1058
0.6853	-0.03937	-0.06172
0.5516	-0.0437	-0.06968
0.4666	-0.04053	-0.04021
0.5641	-0.01504	-0.03933
0.6321	0.03379	-0.05345
0.7007	0.06596	-0.01323
0.7388	0.06306	-0.02202
0.7095	0.06358	-0.004289
0.7371	0.07576	0.01077
0.8167	0.05039	-0.02802
0.9197	-0.03883	-0.04599
1.078	-0.1742	-0.05066
1.214	-0.2538	0.03549
1.369	-0.1631	0.162
1.657	0.01676	0.1949
1.921	0.1434	0.1897
1.913	0.147	0.2123
1.693	0.04696	0.2277
1.513	-0.01127	0.174
1.326	-0.02197	0.1266
1.158	0.005838	0.1401
1.114	0.09888	0.1458
1.004	0.1052	0.1411
0.9101	0.07303	0.1336
0.8512	0.07879	0.1144
0.7042	0.05545	0.08914
0.6034	0.07128	0.07561
0.4835	0.08893	0.07754
0.3999	0.09293	0.07008
0.4363	0.1027	0.07298
0.4912	0.02978	0.08173
0.6576	-0.07744	0.0762
0.836	-0.1529	0.04596
0.9318	-0.1413	-0.02169
1.028	-0.05917	-0.06608
1.057	0.02162	-0.06034
1.041	0.146	-0.02075
1.059	0.2353	0.02354
1.056	0.228	0.007888
0.9942	0.2068	-0.01373
0.967	0.1507	-0.002227
1.044	-0.008283	-0.03451
1.182	-0.2052	-0.09874
1.384	-0.2765	-0.1713
1.674	-0.2373	-0.2182
1.849	-0.1247	-0.1563
1.66	0.1161	-0.04565
1.378	0.3198	0.05202
1.234	0.353	0.1119
1.072	0.2764	0.06828
1.04	0.1414	-0.02547
1.085	-0.01146	-0.1425
0.9891	-0.1484	-0.2174
0.9185	-0.2065	-0.1513
0.8137	-0.1874	-0.1016
0.6798	-0.1404	-0.07768
0.6957	-0.05034	-0.01314
0.7707	0.0393	-0.03693
0.8459	0.1071	-0.05782
0.8545	0.1742	-0.03586
0.822	0.1919	-0.05405
0.8558	0.1674	-0.04045
0.858	0.1514	-0.03962
0.8182	0.1355	-0.0433
0.7467	0.1036	0.03122
0.694	0.07262	0.1167
0.8676	0.06367	0.1427
1.098	0.08754	0.07198
1.063	0.1459	0.01768
0.8849	0.2065	0.067
0.7698	0.2448	0.09853
0.7818	0.2182	0.1021
0.9989	0.03679	0.1266
1.252	-0.206	0.1598
1.326	-0.276	0.1811
1.442	-0.2666	0.1329
1.703	-0.3652	0.03817
1.765	-0.3191	-0.01706
1.628	-0.02257	0.003452
1.566	0.1864	0.04218
1.449	0.1649	0.06627
1.274	0.06927	0.1812
1.138	0.08231	0.3086
0.9964	0.118	0.2524
