0.745	-0.03624	0.002304
0.7404	-0.04559	0.006086
0.8374	-0.07515	-0.004502
0.9558	-0.1267	-0.02587
0.9502	-0.115	-0.02799
0.9554	-0.0594	-0.02316
1.024	-0.003891	-0.03229
1.006	0.04096	-0.0299
0.9852	0.01324	-0.02971
1.025	-0.0607	-0.04782
1.03	-0.132	-0.05204
1.05	-0.2832	-0.02505
1.129	-0.4674	0.02319
1.278	-0.5101	0.06499
1.587	-0.4466	0.09237
1.892	-0.3642	0.08246
1.922	-0.2092	0.03559
1.699	-0.1322	0.01923
1.39	-0.2407	0.01927
1.112	-0.267	0.0409
0.9258	-0.2234	0.1055
0.8382	-0.2148	0.1241
0.8102	-0.1154	0.1128
0.7573	-0.05039	0.1071
0.7064	-0.0492	0.07393
0.7403	-0.04805	0.05807
0.7812	-0.1186	0.06904
0.7681	-0.1826	0.08379
0.7476	-0.2067	0.09795
0.7124	-0.1669	0.1035
0.6857	-0.07518	0.1056
0.6873	-0.007118	0.1021
0.6578	0.06102	0.1048
0.6223	0.06203	0.09705
0.6268	0.01914	0.07594
0.7007	-0.03938	0.06351
0.8442	-0.165	0.03053
0.9016	-0.2082	0.004838
0.817	-0.1589	0.03063
0.7455	-0.1488	0.07033
0.7746	-0.1762	0.06784
0.9004	-0.215	-0.009161
1.16	-0.2593	-0.1111
1.543	-0.3507	-0.156
1.827	-0.5037	-0.1491
1.855	-0.5663	-0.09592
1.844	-0.3057	0.0003882
1.842	0.08835	0.02445
1.632	0.19	-0.001883
1.406	0.1119	0.01763
1.211	-0.02605	-0.0169
0.925	-0.2559	-0.06238
0.9519	-0.3289	-0.05949
1.087	-0.3467	-0.09491
0.9054	-0.3602	-0.08986
0.7926	-0.1596	-0.04991
0.6711	-0.04428	-0.03686
0.4615	-0.02119	-0.02092
0.4782	0.06817	-0.05682
0.4707	-0.007355	-0.1029
0.4794	-0.08058	-0.1059
0.6615	-0.1308	-0.1058
0.7685	-0.2271	-0.08215
0.7814	-0.1387	-0.03137
0.6574	-0.03643	0.01448
0.5601	0.05332	0.02657
0.7273	0.1287	0.0128
0.9278	0.03226	0.008039
1.036	-0.03812	0.008636
1.058	-0.1572	0.02108
1.052	-0.3432	0.03984
1.204	-0.4471	0.03708
1.57	-0.6008	0.02606
1.94	-0.6244	0.00693
1.993	-0.4333	-0.02618
1.926	-0.2702	-0.03155
1.897	-0.1407	-0.02325
1.652	-0.03834	-0.02733
1.371	-0.03045	0.0212
1.088	-0.08474	0.1016
0.8018	-0.1124	0.1285
0.812	-0.1303	0.1142
0.7597	-0.1601	0.09106
0.5739	-0.1173	0.0765
0.5908	-0.08832	0.0749
0.5401	-0.1172	0.0796
0.4979	-0.1406	0.08518
0.5639	-0.1923	0.08809
0.5405	-0.1926	0.09856
0.5959	-0.1372	0.1005
0.6328	-0.09759	0.09649
0.605	-0.05014	0.08356
0.672	-0.04744	0.03662
0.7462	-0.07861	-0.007551
0.8791	-0.09776	-0.03484
0.9806	-0.1075	-0.03602
0.9422	-0.09402	0.008737
0.8738	-0.08066	0.0541
0.7865	-0.07111	0.05512
0.8353	-0.1366	-0.01625
1.174	-0.3511	-0.1238
1.678	-0.6083	-0.1807
1.895	-0.7192	-0.1665
1.601	-0.5602	-0.09253
1.429	-0.2305	0.02349
1.617	0.04488	0.08331
1.693	0.1074	-0.009629
1.662	0.05211	-0.1151
1.524	0.02168	-0.09265
1.177	-0.1639	-0.06138
0.9402	-0.3541	-0.04895
0.8025	-0.3093	-0.02039
0.6453	-0.2916	-0.03644
0.6429	-0.2336	-0.06299
0.6635	-0.08715	-0.08567
0.6163	-0.02671	-0.103
0.5995	0.03518	-0.08302
0.5713	0.01756	-0.07011
0.5997	-0.02685	-0.05111
0.6861	-0.03606	-0.03142
0.7086	-0.103	-0.04389
0.6735	-0.09092	-0.02643
0.6484	-0.06252	-6.458e-05
0.742	-0.05238	-0.002187
0.8757	-0.01113	0.007275
0.8935	-0.02154	0.01457
0.9065	-0.04479	0.004178
1.012	-0.1633	-0.009842
0.6574	-0.03643	0.01448
0.5601	0.05332	0.02657
0.7273	0.1287	0.0128
0.9278	0.03226	0.008039
1.036	-0.03812	0.008636
1.058	-0.1572	0.02108
1.052	-0.3432	0.03984
1.204	-0.4471	0.03708
1.57	-0.6008	0.02606
1.94	-0.6244	0.00693
1.993	-0.4333	-0.02618
1.926	-0.2702	-0.03155
1.897	-0.1407	-0.02325
1.652	-0.03834	-0.02733
1.371	-0.03045	0.0212
1.088	-0.08474	0.1016
0.8018	-0.1124	0.1285
0.812	-0.1303	0.1142
0.7597	-0.1601	0.09106
0.5739	-0.1173	0.0765
0.5908	-0.08832	0.0749
0.5401	-0.1172	0.0796
0.4979	-0.1406	0.08518
0.5639	-0.1923	0.08809
0.5405	-0.1926	0.09856
0.5959	-0.1372	0.1005
0.6328	-0.09759	0.09649
0.605	-0.05014	0.08356
0.672	-0.04744	0.03662
0.7462	-0.07861	-0.007551
0.8791	-0.09776	-0.03484
0.9806	-0.1075	-0.03602
0.9422	-0.09402	0.008737
0.8738	-0.08066	0.0541
0.7865	-0.07111	0.05512
0.8353	-0.1366	-0.01625
1.174	-0.3511	-0.1238
1.678	-0.6083	-0.1807
1.895	-0.7192	-0.1665
1.601	-0.5602	-0.09253
1.429	-0.2305	0.02349
1.617	0.04488	0.08331
1.693	0.1074	-0.009629
1.662	0.05211	-0.1151
1.524	0.02168	-0.09265
1.177	-0.1639	-0.06138
0.9402	-0.3541	-0.04895
0.8025	-0.3093	-0.02039
0.6453	-0.2916	-0.03644
0.6429	-0.2336	-0.06299
0.6635	-0.08715	-0.08567
0.6163	-0.02671	-0.103
0.5995	0.03518	-0.08302
0.5713	0.01756	-0.07011
0.5997	-0.02685	-0.05111
0.6861	-0.03606	-0.03142
0.7086	-0.103	-0.04389
0.6735	-0.09092	-0.02643
0.6484	-0.06252	-6.458e-05
0.742	-0.05238	-0.002187
0.8757	-0.01113	0.007275
0.8935	-0.02154	0.01457
0.9065	-0.04479	0.004178
1.012	-0.1633	-0.009842
1.202	-0.4029	-0.0162
1.477	-0.6146	-0.01574
1.777	-0.6642	-0.02247
1.985	-0.4873	-0.02278
1.991	-0.2606	-0.006453
1.9	-0.1087	0.01033
1.771	-0.06748	0.01337
1.46	-0.1331	0.03402
1.123	-0.1664	0.09118
0.9374	-0.181	0.1155
0.7763	-0.1728	0.1019
0.6739	-0.1192	0.09841
0.6311	-0.1248	0.08413
0.555	-0.1401	0.07149
0.5279	-0.147	0.07845
0.5123	-0.1761	0.08842
0.4868	-0.1566	0.1024
0.5103	-0.1258	0.1007
0.5306	-0.0859	0.07568
0.5707	-0.003063	0.0496
0.6017	0.01702	0.03503
0.6344	-0.02267	0.02363
0.7937	-0.04115	-0.00234
0.9263	-0.07844	-0.01301
0.8929	-0.1374	0.002286
0.8685	-0.1927	0.007699
0.8828	-0.2252	0.02962
0.8023	-0.1758	0.05605
0.7337	-0.1389	0.02594
0.7979	-0.1956	-0.02521
1.101	-0.3123	-0.08046
1.684	-0.5216	-0.1732
1.967	-0.6794	-0.2153
1.775	-0.6452	-0.07091
1.738	-0.4239	0.1014
1.736	-0.01359	0.04663
1.53	0.2548	-0.02639
1.446	0.1926	0.004838
1.341	-0.006607	-0.07564
1.099	-0.2992	-0.1094
0.9189	-0.4482	-0.04436
0.732	-0.3489	-0.06193
0.5822	-0.2712	-0.04837
0.512	-0.1301	-0.04882
0.4643	0.04802	-0.09621
0.5173	0.07195	-0.087
0.5745	0.08283	-0.08661
0.5863	0.0724	-0.05651
0.6464	0.003843	-0.0267
0.8138	-0.06254	-0.04749
1.151	-0.1567	-0.05067
1.311	-0.1396	-0.05116
1.035	0.02295	0.01094
0.8164	0.1382	0.09948
0.8814	0.1122	0.131
0.8976	0.03213	0.1595
1.002	-0.04312	0.09157
1.243	-0.2359	-0.06139
1.142	-0.3919	-0.08132
0.971	-0.4108	-0.01694
1.104	-0.5162	0.01689
1.253	-0.5171	0.09149
1.55	-0.3321	0.1195
1.846	-0.1425	0.06302
1.202	-0.4029	-0.0162
1.477	-0.6146	-0.01574
1.777	-0.6642	-0.02247
1.985	-0.4873	-0.02278
1.991	-0.2606	-0.006453
1.9	-0.1087	0.01033
1.771	-0.06748	0.01337
1.46	-0.1331	0.03402
1.123	-0.1664	0.09118
0.9374	-0.181	0.1155
0.7763	-0.1728	0.1019
0.6739	-0.1192	0.09841
0.6311	-0.1248	0.08413
0.555	-0.1401	0.07149
0.5279	-0.147	0.07845
0.5123	-0.1761	0.08842
0.4868	-0.1566	0.1024
0.5103	-0.1258	0.1007
0.5306	-0.0859	0.07568
0.5707	-0.003063	0.0496
0.6017	0.01702	0.03503
0.6344	-0.02267	0.02363
0.7937	-0.04115	-0.00234
0.9263	-0.07844	-0.01301
0.8929	-0.1374	0.002286
0.8685	-0.1927	0.007699
0.8828	-0.2252	0.02962
0.8023	-0.1758	0.05605
0.7337	-0.1389	0.02594
0.7979	-0.1956	-0.02521
1.101	-0.3123	-0.08046
1.684	-0.5216	-0.1732
1.967	-0.6794	-0.2153
1.775	-0.6452	-0.07091
1.738	-0.4239	0.1014
1.736	-0.01359	0.04663
1.53	0.2548	-0.02639
1.446	0.1926	0.004838
1.341	-0.006607	-0.07564
1.099	-0.2992	-0.1094
0.9189	-0.4482	-0.04436
0.732	-0.3489	-0.06193
0.5822	-0.2712	-0.04837
0.512	-0.1301	-0.04882
0.4643	0.04802	-0.09621
0.5173	0.07195	-0.087
0.5745	0.08283	-0.08661
0.5863	0.0724	-0.05651
0.6464	0.003843	-0.0267
0.8138	-0.06254	-0.04749
1.151	-0.1567	-0.05067
1.311	-0.1396	-0.05116
1.035	0.02295	0.01094
0.8164	0.1382	0.09948
0.8814	0.1122	0.131
0.8976	0.03213	0.1595
1.002	-0.04312	0.09157
1.243	-0.2359	-0.06139
1.142	-0.3919	-0.08132
0.971	-0.4108	-0.01694
1.104	-0.5162	0.01689
1.253	-0.5171	0.09149
1.55	-0.3321	0.1195
1.846	-0.1425	0.06302
1.779	0.02956	0.04962
1.695	0.004554	0.02041
1.571	-0.05608	0.001721
1.291	0.0135	0.04483
0.989	0.02009	0.06787
0.7373	0.06413	0.1043
0.8046	0.07275	0.0914
0.872	-0.02315	0.005865
0.7269	-0.05969	-0.04045
0.6771	-0.1199	-0.05796
0.5359	-0.1275	-0.04173
0.4067	-0.04934	-0.01875
0.4454	0.004275	-0.003681
0.4413	0.05018	0.02467
0.5218	-0.01771	0.008858
0.6145	-0.1225	-0.0002048
0.6282	-0.1669	0.01025
0.7068	-0.2786	0.02196
0.7591	-0.3685	0.0726
0.7077	-0.2916	0.09371
0.6607	-0.1899	0.1036
0.9398	-0.2828	0.05886
1.579	-0.4304	-0.116
1.988	-0.5434	-0.2144
1.858	-0.7607	-0.1631
1.72	-0.8064	-0.08467
1.849	-0.5897	-0.01722
1.638	-0.3157	0.0233
1.229	-0.004233	0.04012
1.151	0.08675	0.01969
1.126	-0.02158	-0.07745
1.101	-0.05365	-0.2143
0.9979	-0.1295	-0.2471
0.8115	-0.2064	-0.1521
0.7562	-0.1681	-0.08809
0.6175	-0.1381	-0.08241
0.5664	-0.128	-0.08314
0.6106	-0.1226	-0.09127
0.5835	-0.1402	-0.09858
0.6717	-0.1257	-0.1209
0.6779	-0.08666	-0.1291
0.6556	-0.03373	-0.09577
0.6934	0.04979	-0.0491
0.6901	0.07232	-0.01029
0.7659	0.0318	-0.01409
0.8079	-0.01168	-0.02597
0.8726	-0.08229	-0.006097
0.9946	-0.09113	-0.005563
1.029	-0.002871	-0.02772
1.05	0.03153	-0.04892
1.089	-0.1055	-0.05962
1.229	-0.3875	-0.04833
1.475	-0.6532	-0.04148
1.755	-0.7646	-0.03203
1.951	-0.6742	-0.008653
1.863	-0.4342	0.01364
1.692	-0.1683	0.04336
1.524	-0.04345	0.04837
1.282	-0.1355	0.04217
1.157	-0.2055	0.06746
1.058	-0.1951	0.07021
0.8935	-0.2161	0.06658
0.7771	-0.1341	0.0833
0.6605	-0.07188	0.07293
1.779	0.02956	0.04962
1.695	0.004554	0.02041
1.571	-0.05608	0.001721
1.291	0.0135	0.04483
0.989	0.02009	0.06787
0.7373	0.06413	0.1043
0.8046	0.07275	0.0914
0.872	-0.02315	0.005865
0.7269	-0.05969	-0.04045
0.6771	-0.1199	-0.05796
0.5359	-0.1275	-0.04173
0.4067	-0.04934	-0.01875
0.4454	0.004275	-0.003681
0.4413	0.05018	0.02467
0.5218	-0.01771	0.008858
0.6145	-0.1225	-0.0002048
0.6282	-0.1669	0.01025
0.7068	-0.2786	0.02196
0.7591	-0.3685	0.0726
0.7077	-0.2916	0.09371
0.6607	-0.1899	0.1036
0.9398	-0.2828	0.05886
1.579	-0.4304	-0.116
1.988	-0.5434	-0.2144
1.858	-0.7607	-0.1631
1.72	-0.8064	-0.08467
1.849	-0.5897	-0.01722
1.638	-0.3157	0.0233
1.229	-0.004233	0.04012
1.151	0.08675	0.01969
1.126	-0.02158	-0.07745
1.101	-0.05365	-0.2143
0.9979	-0.1295	-0.2471
0.8115	-0.2064	-0.1521
0.7562	-0.1681	-0.08809
0.6175	-0.1381	-0.08241
0.5664	-0.128	-0.08314
0.6106	-0.1226	-0.09127
0.5835	-0.1402	-0.09858
0.6717	-0.1257	-0.1209
0.6779	-0.08666	-0.1291
0.6556	-0.03373	-0.09577
0.6934	0.04979	-0.0491
0.6901	0.07232	-0.01029
0.7659	0.0318	-0.01409
0.8079	-0.01168	-0.02597
0.8726	-0.08229	-0.006097
0.9946	-0.09113	-0.005563
1.029	-0.002871	-0.02772
1.05	0.03153	-0.04892
1.089	-0.1055	-0.05962
1.229	-0.3875	-0.04833
1.475	-0.6532	-0.04148
1.755	-0.7646	-0.03203
1.951	-0.6742	-0.008653
1.863	-0.4342	0.01364
1.692	-0.1683	0.04336
1.524	-0.04345	0.04837
1.282	-0.1355	0.04217
1.157	-0.2055	0.06746
1.058	-0.1951	0.07021
0.8935	-0.2161	0.06658
0.7771	-0.1341	0.0833
0.6605	-0.07188	0.07293
0.6155	-0.0744	0.07449
0.6354	-0.01843	0.08838
0.6191	-0.07918	0.0817
0.6294	-0.1686	0.0865
0.6301	-0.1899	0.08562
0.6274	-0.1929	0.08589
0.6458	-0.1242	0.1015
0.6188	-0.09239	0.1056
0.5666	-0.04842	0.1084
0.4834	0.01122	0.1065
0.4656	-0.01427	0.0864
0.6403	-0.03574	0.0001568
0.9029	-0.07944	-0.1381
1.089	-0.1238	-0.1708
1.102	-0.1628	-0.109
0.9837	-0.2095	-0.06725
0.8158	-0.1918	-0.02248
0.6524	-0.2164	-0.02735
0.6888	-0.2832	-0.1249
1.12	-0.3875	-0.2143
1.768	-0.5903	-0.2575
2.059	-0.6697	-0.2187
1.909	-0.4052	-0.08599
1.772	0.07822	0.06055
1.596	0.3868	0.1498
1.326	0.3996	0.1099
1.187	0.1982	-0.002962
1.06	-0.2201	-0.1226
0.9379	-0.5464	-0.1905
0.7976	-0.5903	-0.1142
0.5685	-0.5006	-0.07128
0.4635	-0.3304	-0.08632
0.4518	-0.1031	-0.05842
0.5032	0.1229	-0.1013
0.5966	0.203	-0.1136
0.5953	0.1858	-0.07625
0.6185	0.182	-0.05747
0.6324	0.1185	0.007229
0.6432	0.1149	0.03226
0.7924	0.1307	0.04519
0.989	0.05581	0.04085
1.133	-0.02028	-0.008048
1.115	-0.1296	0.02295
1.025	-0.2367	0.05201
1.033	-0.4008	0.05682
1.193	-0.6221	0.07048
1.582	-0.6617	0.03023
1.918	-0.5367	-0.004488
1.995	-0.3319	-0.02725
1.952	-0.1222	-0.01894
1.753	-0.02547	0.02868
1.386	-0.03002	0.06209
1.063	-0.09431	0.145
0.9835	-0.1525	0.1892
1.017	-0.1701	0.1267
0.95	-0.1477	0.1014
0.825	-0.08476	0.08448
0.6241	0.0168	0.04227
0.4556	0.0873	0.04756
0.4553	0.0282	0.06803
0.4486	-0.03307	0.07295
0.4413	-0.04784	0.06095
0.5186	-0.07938	0.04626
0.5849	-0.06464	0.05425
0.6155	-0.0744	0.07449
0.6354	-0.01843	0.08838
0.6191	-0.07918	0.0817
0.6294	-0.1686	0.0865
0.6301	-0.1899	0.08562
0.6274	-0.1929	0.08589
0.6458	-0.1242	0.1015
0.6188	-0.09239	0.1056
0.5666	-0.04842	0.1084
0.4834	0.01122	0.1065
0.4656	-0.01427	0.0864
0.6403	-0.03574	0.0001568
0.9029	-0.07944	-0.1381
1.089	-0.1238	-0.1708
1.102	-0.1628	-0.109
0.9837	-0.2095	-0.06725
0.8158	-0.1918	-0.02248
0.6524	-0.2164	-0.02735
0.6888	-0.2832	-0.1249
1.12	-0.3875	-0.2143
1.768	-0.5903	-0.2575
2.059	-0.6697	-0.2187
1.909	-0.4052	-0.08599
1.772	0.07822	0.06055
1.596	0.3868	0.1498
1.326	0.3996	0.1099
1.187	0.1982	-0.002962
1.06	-0.2201	-0.1226
0.9379	-0.5464	-0.1905
0.7976	-0.5903	-0.1142
0.5685	-0.5006	-0.07128
0.4635	-0.3304	-0.08632
0.4518	-0.1031	-0.05842
0.5032	0.1229	-0.1013
0.5966	0.203	-0.1136
0.5953	0.1858	-0.07625
0.6185	0.182	-0.05747
0.6324	0.1185	0.007229
0.6432	0.1149	0.03226
0.7924	0.1307	0.04519
0.989	0.05581	0.04085
1.133	-0.02028	-0.008048
1.115	-0.1296	0.02295
1.025	-0.2367	0.05201
1.033	-0.4008	0.05682
1.193	-0.6221	0.07048
1.582	-0.6617	0.03023
1.918	-0.5367	-0.004488
1.995	-0.3319	-0.02725
1.952	-0.1222	-0.01894
1.753	-0.02547	0.02868
1.386	-0.03002	0.06209
1.063	-0.09431	0.145
0.9835	-0.1525	0.1892
1.017	-0.1701	0.1267
0.95	-0.1477	0.1014
0.825	-0.08476	0.08448
0.6241	0.0168	0.04227
0.4556	0.0873	0.04756
0.4553	0.0282	0.06803
0.4486	-0.03307	0.07295
0.4413	-0.04784	0.06095
0.5186	-0.07938	0.04626
0.5849	-0.06464	0.05425
0.6639	-0.09217	0.06004
0.7846	-0.1712	0.05312
0.9044	-0.221	0.04719
1.021	-0.3083	0.04818
1.028	-0.33	0.06595
0.8269	-0.1695	0.1075
0.5325	0.07173	0.1447
0.3334	0.2286	0.1163
0.3455	0.1888	0.03026
0.6827	-0.171	-0.05559
1.382	-0.8927	-0.1139
1.897	-1.303	-0.08122
1.795	-0.7589	0.04391
1.767	0.04676	0.09879
1.989	0.3862	0.03537
1.807	0.4299	0.006084
1.355	0.2979	0.02235
0.8922	0.1452	-0.004007
0.7535	0.03004	-0.01739
0.9413	-0.2755	-0.04354
0.746	-0.5289	-0.1263
0.6784	-0.4311	-0.1299
0.809	-0.1113	-0.0796
0.5288	0.1749	-0.07344
0.5672	0.2641	-0.06714
0.7114	0.1902	-0.06655
0.6978	0.07508	-0.05411
0.933	0.05595	-0.02785
0.9029	0.05161	-0.03616
0.9111	0.02476	-0.02638
1.064	0.02395	-0.006286
0.9737	-0.04754	-0.02957
1.022	-0.06583	-0.04061
1.019	-0.08234	-0.0002537
0.9691	-0.1357	0.03864
1.049	-0.1211	0.04201
1.049	-0.2477	0.04009
1.135	-0.4845	0.003876
1.221	-0.7434	-0.04865
1.248	-0.8744	0.01682
1.346	-0.6964	0.1185
1.481	-0.4655	0.1057
1.617	-0.2403	0.06586
1.555	0.001013	0.05016
1.371	0.2118	0.04542
1.257	0.344	0.059
1.226	0.1942	0.04343
1.228	-0.005406	0.02989
1.055	-0.08039	0.03543
0.8515	-0.1898	0.02745
0.7545	-0.1993	0.03329
0.621	-0.1391	0.03464
0.5811	-0.1312	0.04287
0.5894	-0.1013	0.06303
0.575	-0.1123	0.04577
0.6011	-0.1244	0.03685
0.5803	-0.1024	0.0516
0.5903	-0.1222	0.05741
0.6215	-0.1219	0.06877
0.6293	-0.1246	0.08682
0.6818	-0.131	0.09179
0.7397	-0.08171	0.06629
0.8028	0.005003	0.04653
0.7852	0.1335	0.0515
0.6639	-0.09217	0.06004
0.7846	-0.1712	0.05312
0.9044	-0.221	0.04719
1.021	-0.3083	0.04818
1.028	-0.33	0.06595
0.8269	-0.1695	0.1075
0.5325	0.07173	0.1447
0.3334	0.2286	0.1163
0.3455	0.1888	0.03026
0.6827	-0.171	-0.05559
1.382	-0.8927	-0.1139
1.897	-1.303	-0.08122
1.795	-0.7589	0.04391
1.767	0.04676	0.09879
1.989	0.3862	0.03537
1.807	0.4299	0.006084
1.355	0.2979	0.02235
0.8922	0.1452	-0.004007
0.7535	0.03004	-0.01739
0.9413	-0.2755	-0.04354
0.746	-0.5289	-0.1263
0.6784	-0.4311	-0.1299
0.809	-0.1113	-0.0796
0.5288	0.1749	-0.07344
0.5672	0.2641	-0.06714
0.7114	0.1902	-0.06655
0.6978	0.07508	-0.05411
0.933	0.05595	-0.02785
0.9029	0.05161	-0.03616
0.9111	0.02476	-0.02638
1.064	0.02395	-0.006286
0.9737	-0.04754	-0.02957
1.022	-0.06583	-0.04061
1.019	-0.08234	-0.0002537
0.9691	-0.1357	0.03864
1.049	-0.1211	0.04201
1.049	-0.2477	0.04009
1.135	-0.4845	0.003876
1.221	-0.7434	-0.04865
1.248	-0.8744	0.01682
1.346	-0.6964	0.1185
1.481	-0.4655	0.1057
1.617	-0.2403	0.06586
1.555	0.001013	0.05016
1.371	0.2118	0.04542
1.257	0.344	0.059
1.226	0.1942	0.04343
1.228	-0.005406	0.02989
1.055	-0.08039	0.03543
0.8515	-0.1898	0.02745
0.7545	-0.1993	0.03329
0.621	-0.1391	0.03464
0.5811	-0.1312	0.04287
0.5894	-0.1013	0.06303
0.575	-0.1123	0.04577
0.6011	-0.1244	0.03685
0.5803	-0.1024	0.0516
0.5903	-0.1222	0.05741
0.6215	-0.1219	0.06877
0.6293	-0.1246	0.08682
0.6818	-0.131	0.09179
0.7397	-0.08171	0.06629
0.8028	0.005003	0.04653
0.7852	0.1335	0.0515
0.7554	0.1373	0.02067
0.9432	-0.1497	-0.07519
1.353	-0.611	-0.1904
1.721	-0.9593	-0.2136
1.619	-0.9476	-0.08385
1.456	-0.627	0.05368
1.718	-0.1959	0.03167
1.735	0.08416	-0.06549
1.431	0.07325	-0.09479
1.227	-0.02202	-0.07233
1.094	-0.1873	-0.0499
1.125	-0.3848	-0.07375
1.059	-0.3014	-0.1009
0.847	-0.09961	-0.07304
0.7392	-0.01805	-0.07215
0.6135	0.03747	-0.08045
0.56	0.02586	-0.05895
0.5213	-0.03088	-0.06032
0.5302	-0.08966	-0.06627
0.6101	-0.1458	-0.07685
0.5144	-0.07823	-0.07303
0.5186	0.01208	-0.04408
0.6105	0.07046	-0.02406
0.7236	0.1478	-0.01574
0.9874	0.1484	-0.08109
1.076	0.1322	-0.17
1.052	0.03311	-0.161
1.055	-0.2502	-0.09399
1.085	-0.5104	-0.02498
1.311	-0.6278	0.01628
1.685	-0.591	0.003114
2.001	-0.4728	-0.07804
1.959	-0.332	-0.1647
1.709	-0.1482	-0.1043
1.443	-0.01022	0.06528
1.089	0.05942	0.1867
0.9807	0.00742	0.2112
1.015	-0.1384	0.1505
0.8901	-0.217	0.1001
0.7669	-0.2412	0.07955
0.5932	-0.1012	0.06549
0.387	0.1322	0.1288
0.3087	0.139	0.1793
0.3918	0.004103	0.1651
0.5526	-0.1318	0.1632
0.7012	-0.2187	0.1388
0.871	-0.1925	0.109
0.8908	-0.1214	0.07172
0.8152	-0.01601	0.01274
0.8464	0.05316	-0.01501
0.8014	0.04686	-0.02729
0.7433	0.03495	-0.02328
0.7601	-0.05599	-0.01241
0.7652	-0.1896	-0.001372
0.8107	-0.2408	-0.005169
0.8311	-0.2629	-0.05085
0.9335	-0.3327	-0.08459
1.305	-0.4201	-0.1069
1.781	-0.4898	-0.1039
1.973	-0.4827	-0.06638
1.816	-0.1991	0.003539
1.778	0.1749	0.1151
1.802	0.1737	0.1108
1.529	0.02467	0.03968
0.7554	0.1373	0.02067
0.9432	-0.1497	-0.07519
1.353	-0.611	-0.1904
1.721	-0.9593	-0.2136
1.619	-0.9476	-0.08385
1.456	-0.627	0.05368
1.718	-0.1959	0.03167
1.735	0.08416	-0.06549
1.431	0.07325	-0.09479
1.227	-0.02202	-0.07233
1.094	-0.1873	-0.0499
1.125	-0.3848	-0.07375
1.059	-0.3014	-0.1009
0.847	-0.09961	-0.07304
0.7392	-0.01805	-0.07215
0.6135	0.03747	-0.08045
0.56	0.02586	-0.05895
0.5213	-0.03088	-0.06032
0.5302	-0.08966	-0.06627
0.6101	-0.1458	-0.07685
0.5144	-0.07823	-0.07303
0.5186	0.01208	-0.04408
0.6105	0.07046	-0.02406
0.7236	0.1478	-0.01574
0.9874	0.1484	-0.08109
1.076	0.1322	-0.17
1.052	0.03311	-0.161
1.055	-0.2502	-0.09399
1.085	-0.5104	-0.02498
1.311	-0.6278	0.01628
1.685	-0.591	0.003114
2.001	-0.4728	-0.07804
1.959	-0.332	-0.1647
1.709	-0.1482	-0.1043
1.443	-0.01022	0.06528
1.089	0.05942	0.1867
0.9807	0.00742	0.2112
1.015	-0.1384	0.1505
0.8901	-0.217	0.1001
0.7669	-0.2412	0.07955
0.5932	-0.1012	0.06549
0.387	0.1322	0.1288
0.3087	0.139	0.1793
0.3918	0.004103	0.1651
0.5526	-0.1318	0.1632
0.7012	-0.2187	0.1388
0.871	-0.1925	0.109
0.8908	-0.1214	0.07172
0.8152	-0.01601	0.01274
0.8464	0.05316	-0.01501
0.8014	0.04686	-0.02729
0.7433	0.03495	-0.02328
0.7601	-0.05599	-0.01241
0.7652	-0.1896	-0.001372
0.8107	-0.2408	-0.005169
0.8311	-0.2629	-0.05085
0.9335	-0.3327	-0.08459
1.305	-0.4201	-0.1069
1.781	-0.4898	-0.1039
1.973	-0.4827	-0.06638
1.816	-0.1991	0.003539
1.778	0.1749	0.1151
1.802	0.1737	0.1108
1.529	0.02467	0.03968
1.152	-0.02791	0.01104
0.8978	-0.204	-0.08785
0.9274	-0.3379	-0.1258
0.9874	-0.4103	-0.1108
0.8294	-0.5211	-0.1554
0.7346	-0.3383	-0.06479
0.524	-0.1075	0.01937
0.3376	-0.01651	-0.03822
0.4264	0.2337	-0.0479
0.4038	0.3068	-0.07171
0.5353	0.1469	-0.1232
0.7527	0.06736	-0.1282
0.7206	0.0001244	-0.09911
0.7592	0.02674	0.003969
0.7469	0.1059	0.09719
0.7582	0.1595	0.1186
0.8841	0.2004	0.09128
0.9126	0.05165	0.05664
1.037	-0.2369	0.05145
1.229	-0.5608	0.006718
1.513	-0.8246	-0.01566
1.83	-0.8165	0.02485
1.952	-0.5299	0.02086
2.003	-0.1711	-0.01628
1.948	-0.01808	-0.06714
1.755	-0.04269	-0.07277
1.347	-0.04346	0.04631
0.8868	-0.06665	0.1821
0.7683	-0.06153	0.2017
0.7064	0.001595	0.132
0.597	0.01843	0.07698
0.5437	0.04302	0.03168
0.4233	0.02353	0.008674
0.3958	-0.05794	0.05831
0.4008	-0.1077	0.09402
0.3261	-0.1719	0.1217
0.303	-0.1986	0.1671
0.4089	-0.1714	0.1404
0.7422	-0.1589	0.0548
1.093	-0.1278	-0.03102
1.117	-0.04888	-0.03247
0.9479	0.05564	0.04607
0.8781	0.0454	0.07254
0.8663	-0.0859	0.05453
0.9814	-0.299	0.002517
1.427	-0.61	-0.08141
1.773	-0.6729	-0.1111
1.649	-0.3567	-0.1076
1.546	0.002995	-0.096
1.741	0.1579	-0.0751
1.732	0.04537	-0.07335
1.324	-0.08783	-0.04342
0.9355	-0.1702	-0.001472
0.8657	-0.3362	-0.03899
0.9883	-0.3408	-0.1038
0.8874	-0.2115	-0.1124
0.6729	-0.1548	-0.1061
0.5871	-0.06448	-0.1039
0.395	-0.02298	-0.0899
0.3032	-0.04873	-0.07839
0.3454	-0.07857	-0.05371
0.3739	-0.1592	-0.0276
0.5322	-0.1676	-0.01581
0.5545	-0.1474	0.006875
1.152	-0.02791	0.01104
0.8978	-0.204	-0.08785
0.9274	-0.3379	-0.1258
0.9874	-0.4103	-0.1108
0.8294	-0.5211	-0.1554
0.7346	-0.3383	-0.06479
0.524	-0.1075	0.01937
0.3376	-0.01651	-0.03822
0.4264	0.2337	-0.0479
0.4038	0.3068	-0.07171
0.5353	0.1469	-0.1232
0.7527	0.06736	-0.1282
0.7206	0.0001244	-0.09911
0.7592	0.02674	0.003969
0.7469	0.1059	0.09719
0.7582	0.1595	0.1186
0.8841	0.2004	0.09128
0.9126	0.05165	0.05664
1.037	-0.2369	0.05145
1.229	-0.5608	0.006718
1.513	-0.8246	-0.01566
1.83	-0.8165	0.02485
1.952	-0.5299	0.02086
2.003	-0.1711	-0.01628
1.948	-0.01808	-0.06714
1.755	-0.04269	-0.07277
1.347	-0.04346	0.04631
0.8868	-0.06665	0.1821
0.7683	-0.06153	0.2017
0.7064	0.001595	0.132
0.597	0.01843	0.07698
0.5437	0.04302	0.03168
0.4233	0.02353	0.008674
0.3958	-0.05794	0.05831
0.4008	-0.1077	0.09402
0.3261	-0.1719	0.1217
0.303	-0.1986	0.1671
0.4089	-0.1714	0.1404
0.7422	-0.1589	0.0548
1.093	-0.1278	-0.03102
1.117	-0.04888	-0.03247
0.9479	0.05564	0.04607
0.8781	0.0454	0.07254
0.8663	-0.0859	0.05453
0.9814	-0.299	0.002517
1.427	-0.61	-0.08141
1.773	-0.6729	-0.1111
1.649	-0.3567	-0.1076
1.546	0.002995	-0.096
1.741	0.1579	-0.0751
1.732	0.04537	-0.07335
1.324	-0.08783	-0.04342
0.9355	-0.1702	-0.001472
0.8657	-0.3362	-0.03899
0.9883	-0.3408	-0.1038
0.8874	-0.2115	-0.1124
0.6729	-0.1548	-0.1061
0.5871	-0.06448	-0.1039
0.395	-0.02298	-0.0899
0.3032	-0.04873	-0.07839
0.3454	-0.07857	-0.05371
0.3739	-0.1592	-0.0276
0.5322	-0.1676	-0.01581
0.5545	-0.1474	0.006875
0.5633	-0.1465	0.02815
0.7742	-0.04937	0.01295
1.018	0.07106	-0.06001
1.22	0.1391	-0.1172
1.155	0.1329	-0.059
1.094	0.07983	0.02377
1.263	-0.05047	0.02511
1.489	-0.3196	0.01765
1.858	-0.4957	0.01154
1.938	-0.5071	-0.003646
1.626	-0.4678	0.1036
1.526	-0.2996	0.2158
1.556	-0.09183	0.1125
1.5	0.007053	-0.02079
1.362	0.03598	-0.0206
1.093	0.03661	0.01701
0.8723	-0.002094	0.06084
0.7388	-0.09615	0.1039
0.592	-0.1484	0.135
0.4716	-0.1339	0.1562
0.3999	-0.1229	0.1321
0.3962	-0.06824	0.1079
0.446	-0.01364	0.1147
0.5198	-0.01622	0.09679
0.5929	-0.04198	0.07586
0.6463	-0.07758	0.0615
0.7197	-0.08751	0.03618
0.8685	-0.1375	0.02603
1.051	-0.2279	0.007135
0.9964	-0.2187	0.00311
0.6779	-0.1369	0.05569
0.4634	-0.08534	0.09337
0.5414	-0.1034	0.05875
0.9818	-0.2226	-0.06524
1.678	-0.4657	-0.2596
2.064	-0.6423	-0.3472
1.881	-0.4394	-0.1919
1.758	-0.06328	-0.0016
1.93	0.05408	0.02485
1.83	-0.0107	-0.006416
1.598	-0.06231	-0.01973
1.401	-0.1169	-0.02739
1.091	-0.1872	-0.03978
1.01	-0.1882	-0.06228
0.8904	-0.1093	-0.056
0.6695	-0.1038	-0.05875
0.6887	-0.1254	-0.07081
0.5997	-0.1318	-0.05562
0.5512	-0.2006	-0.05756
0.6061	-0.2071	-0.05804
0.5894	-0.1782	-0.06248
0.6899	-0.1619	-0.08238
0.6835	-0.1199	-0.07521
0.6543	-0.1268	-0.05271
0.7234	-0.1049	-0.01495
0.7476	-0.0196	0.00548
0.826	0.08467	-0.01395
0.8154	0.135	-0.02004
0.7616	0.07477	-0.01854
0.7877	0.04093	-0.02988
0.8828	-0.03552	-0.04525
1.139	-0.2225	-0.05372
1.288	-0.3308	-0.03237
1.275	-0.3265	0.01299
0.7165	-0.1928	0.1277
0.7303	-0.14	0.1139
0.8023	-0.06636	0.1048
0.8367	0.02269	0.0906
0.7868	0.07082	0.06827
0.707	0.0507	0.05507
0.7074	-0.07468	-0.003888
0.9261	-0.3633	-0.1133
1.471	-0.7391	-0.207
1.967	-0.9487	-0.2785
1.895	-0.7619	-0.2563
1.788	-0.379	-0.1013
1.932	-0.1865	0.005931
1.607	-0.1128	-0.001159
1.195	-0.04966	0.001848
1.221	-0.09068	0.01293
1.212	-0.1652	-0.04826
1.101	-0.2103	-0.1463
0.8863	-0.1873	-0.1805
0.6938	-0.134	-0.1396
0.6725	-0.1036	-0.07706
0.5459	-0.02448	-0.03747
0.5429	0.001851	-0.04582
0.6524	-0.0237	-0.07681
0.654	-0.003839	-0.1157
0.732	-0.03016	-0.1546
0.8117	-0.1059	-0.1712
0.9565	-0.2066	-0.1641
1.028	-0.2553	-0.1078
0.7138	-0.1794	0.01195
0.3177	-0.08331	0.1067
0.1869	0.01806	0.07691
0.4116	0.1067	-0.01538
0.7693	0.111	-0.09213
1.028	0.07169	-0.1438
1.171	-0.01859	-0.1173
1.146	-0.1986	-0.05803
1.172	-0.3907	-0.0272
1.347	-0.5017	-0.02628
1.655	-0.626	-0.06728
2.038	-0.7479	-0.06531
1.979	-0.578	-0.02416
1.715	-0.3009	0.007178
1.665	-0.2151	0.03903
1.406	-0.07343	0.02048
1.124	0.06379	0.02245
1.004	0.02998	0.05754
0.7843	-0.01225	0.05767
0.6388	-0.09736	0.08214
0.5152	-0.1673	0.09478
0.43	-0.1635	0.09495
0.4135	-0.1807	0.1136
0.3231	-0.1567	0.102
0.3448	-0.1107	0.09272
0.329	-0.0543	0.08101
0.2911	-0.01842	0.07698
0.4072	-0.05704	0.089
0.499	-0.05022	0.06753
0.6868	-0.05917	0.04778
0.9409	-0.1554	-0.002357
1.185	-0.2472	-0.08501
1.22	-0.2854	-0.08229
0.8122	-0.2543	-0.0186
0.6303	-0.2839	0.008305
0.9738	-0.3871	-0.03902
1.574	-0.4367	-0.1629
2.084	-0.4509	-0.2382
2.008	-0.4201	-0.09593
1.863	-0.3064	0.08139
1.872	-0.1061	0.03639
1.529	0.005206	-0.0047
1.259	-0.1093	0.03616
1.167	-0.2555	-0.05367
0.9753	-0.3993	-0.1191
0.9517	-0.4474	-0.1176
0.8857	-0.2923	-0.1621
0.6624	-0.1814	-0.1183
0.5357	-0.05696	-0.05084
0.3909	0.06209	-0.05411
0.322	0.01013	-0.06411
0.3394	-0.009068	-0.09441
0.3134	-0.07472	-0.1021
0.4319	-0.2154	-0.08183
0.6302	-0.2567	-0.06463
0.7996	-0.26	-0.03246
0.864	-0.1391	-0.007544
0.7602	0.04466	0.01326
0.742	0.1261	0.0484
0.8477	0.1365	0.08896
1.063	-0.05308	0.06221
1.454	-0.4611	-0.03009
1.736	-0.7382	-0.07072
1.733	-0.6492	-0.04573
1.735	-0.5084	0.002371
1.846	-0.4771	0.02287
1.773	-0.3022	0.02985
1.699	-0.1494	0.04102
1.746	-0.08002	0.004642
1.539	0.004545	0.008336
1.214	-0.08443	0.05456
0.9265	-0.1449	0.07495
0.6736	-0.09995	0.09839
0.5453	-0.1108	0.1024
0.4266	-0.0676	0.1249
0.4161	-0.08876	0.1262
0.4836	-0.1594	0.08787
0.5176	-0.1582	0.09281
0.5956	-0.1859	0.07483
0.5787	-0.1813	0.07078
0.5286	-0.1812	0.08559
0.5421	-0.2133	0.06153
0.6342	-0.2249	0.06459
0.8244	-0.2587	0.05026
0.8574	-0.2115	0.05144
0.793	-0.1138	0.08795
0.8142	-0.08862	0.06814
0.8688	-0.1631	0.006559
1.148	-0.3987	-0.1247
1.68	-0.6829	-0.2341
1.93	-0.8264	-0.171
1.678	-0.7839	0.03785
1.533	-0.5824	0.2313
1.667	-0.189	0.1594
1.608	0.2691	0.0179
1.47	0.4011	0.07076
1.335	0.1866	0.02377
1.052	-0.102	-0.0933
0.8762	-0.3581	-0.08642
0.9738	-0.3871	-0.03902
1.574	-0.4367	-0.1629
2.084	-0.4509	-0.2382
2.008	-0.4201	-0.09593
1.863	-0.3064	0.08139
1.872	-0.1061	0.03639
1.529	0.005206	-0.0047
1.259	-0.1093	0.03616
1.167	-0.2555	-0.05367
0.9753	-0.3993	-0.1191
0.9517	-0.4474	-0.1176
0.8857	-0.2923	-0.1621
0.6624	-0.1814	-0.1183
0.5357	-0.05696	-0.05084
0.3909	0.06209	-0.05411
0.322	0.01013	-0.06411
0.3394	-0.009068	-0.09441
0.3134	-0.07472	-0.1021
0.4319	-0.2154	-0.08183
0.6302	-0.2567	-0.06463
0.7996	-0.26	-0.03246
0.864	-0.1391	-0.007544
0.7602	0.04466	0.01326
0.742	0.1261	0.0484
0.8477	0.1365	0.08896
1.063	-0.05308	0.06221
1.454	-0.4611	-0.03009
1.736	-0.7382	-0.07072
1.733	-0.6492	-0.04573
1.735	-0.5084	0.002371
1.846	-0.4771	0.02287
1.773	-0.3022	0.02985
1.699	-0.1494	0.04102
1.746	-0.08002	0.004642
1.539	0.004545	0.008336
1.214	-0.08443	0.05456
0.9265	-0.1449	0.07495
0.6736	-0.09995	0.09839
0.5453	-0.1108	0.1024
0.4266	-0.0676	0.1249
0.4161	-0.08876	0.1262
0.4836	-0.1594	0.08787
0.5176	-0.1582	0.09281
0.5956	-0.1859	0.07483
0.5787	-0.1813	0.07078
0.5286	-0.1812	0.08559
0.5421	-0.2133	0.06153
0.6342	-0.2249	0.06459
0.8244	-0.2587	0.05026
0.8574	-0.2115	0.05144
0.793	-0.1138	0.08795
0.8142	-0.08862	0.06814
0.8688	-0.1631	0.006559
1.148	-0.3987	-0.1247
1.68	-0.6829	-0.2341
1.93	-0.8264	-0.171
1.678	-0.7839	0.03785
1.533	-0.5824	0.2313
1.667	-0.189	0.1594
1.608	0.2691	0.0179
1.47	0.4011	0.07076
1.335	0.1866	0.02377
1.052	-0.102	-0.0933
0.8762	-0.3581	-0.08642
0.8031	-0.4403	-0.1151
0.6713	-0.3437	-0.09928
0.5485	-0.2657	-0.04093
0.4809	-0.2047	-0.05742
0.5583	-0.1309	-0.06893
0.6415	-0.1428	-0.1152
0.607	-0.1282	-0.1289
0.5974	-0.02782	-0.07782
0.5915	0.02752	-0.05472
0.6372	0.08829	-0.01446
0.7999	0.09447	-0.01641
0.9512	-0.01037	-0.05253
1.019	-0.09362	-0.058
0.9707	-0.1786	-0.05685
0.9445	-0.2743	-0.02263
1.04	-0.4166	0.003573
1.163	-0.5618	0.02332
1.407	-0.566	0.01867
1.731	-0.5427	-0.05913
1.899	-0.4772	-0.1061
1.932	-0.3649	-0.07942
1.866	-0.3491	-0.004038
1.714	-0.3002	0.05601
1.597	-0.225	0.04873
1.344	-0.2188	0.06145
0.9303	-0.1556	0.1089
0.8452	-0.1085	0.1185
0.9116	-0.1334	0.09262
0.6755	-0.09128	0.07774
0.5799	-0.08386	0.0649
0.6591	-0.1596	0.04955
0.5302	-0.2127	0.05291
0.5033	-0.2739	0.04122
0.5902	-0.2623	0.04028
0.5884	-0.2043	0.03964
0.665	-0.1738	-0.007402
0.7471	-0.06098	-0.03292
0.7759	-0.04415	-0.01877
0.8165	-0.1492	0.02632
0.8095	-0.1834	0.08151
0.7233	-0.2209	0.1283
0.5944	-0.184	0.1955
0.5585	-0.08098	0.2152
0.6032	-0.02583	0.1744
0.6548	0.03322	0.1284
0.9231	-0.1612	0.03019
1.545	-0.6726	-0.137
1.963	-0.964	-0.2176
1.589	-0.6968	-0.05851
1.25	-0.2156	0.1642
1.625	0.06019	0.1912
1.78	0.195	0.04254
1.533	0.1577	-0.07217
1.367	-0.02037	0.002674
1.048	-0.1359	0.06887
0.873	-0.2764	-0.02808
0.9692	-0.2324	-0.08764
0.8803	-0.07623	-0.1189
0.7737	-0.09391	-0.1727
0.6702	-0.01479	-0.1475
0.5067	-0.01785	-0.1427
0.485	-0.09889	-0.1551
0.4902	-0.03939	-0.111
0.5579	-0.1008	-0.08
0.8031	-0.4403	-0.1151
0.6713	-0.3437	-0.09928
0.5485	-0.2657	-0.04093
0.4809	-0.2047	-0.05742
0.5583	-0.1309	-0.06893
0.6415	-0.1428	-0.1152
0.607	-0.1282	-0.1289
0.5974	-0.02782	-0.07782
0.5915	0.02752	-0.05472
0.6372	0.08829	-0.01446
0.7999	0.09447	-0.01641
0.9512	-0.01037	-0.05253
1.019	-0.09362	-0.058
0.9707	-0.1786	-0.05685
0.9445	-0.2743	-0.02263
1.04	-0.4166	0.003573
1.163	-0.5618	0.02332
1.407	-0.566	0.01867
1.731	-0.5427	-0.05913
1.899	-0.4772	-0.1061
1.932	-0.3649	-0.07942
1.866	-0.3491	-0.004038
1.714	-0.3002	0.05601
1.597	-0.225	0.04873
1.344	-0.2188	0.06145
0.9303	-0.1556	0.1089
0.8452	-0.1085	0.1185
0.9116	-0.1334	0.09262
0.6755	-0.09128	0.07774
0.5799	-0.08386	0.0649
0.6591	-0.1596	0.04955
0.5302	-0.2127	0.05291
0.5033	-0.2739	0.04122
0.5902	-0.2623	0.04028
0.5884	-0.2043	0.03964
0.665	-0.1738	-0.007402
0.7471	-0.06098	-0.03292
0.7759	-0.04415	-0.01877
0.8165	-0.1492	0.02632
0.8095	-0.1834	0.08151
0.7233	-0.2209	0.1283
0.5944	-0.184	0.1955
0.5585	-0.08098	0.2152
0.6032	-0.02583	0.1744
0.6548	0.03322	0.1284
0.9231	-0.1612	0.03019
1.545	-0.6726	-0.137
1.963	-0.964	-0.2176
1.589	-0.6968	-0.05851
1.25	-0.2156	0.1642
1.625	0.06019	0.1912
1.78	0.195	0.04254
1.533	0.1577	-0.07217
1.367	-0.02037	0.002674
1.048	-0.1359	0.06887
0.873	-0.2764	-0.02808
0.9692	-0.2324	-0.08764
0.8803	-0.07623	-0.1189
0.7737	-0.09391	-0.1727
0.6702	-0.01479	-0.1475
0.5067	-0.01785	-0.1427
0.485	-0.09889	-0.1551
0.4902	-0.03939	-0.111
0.5579	-0.1008	-0.08
0.6773	-0.08201	-0.05851
0.7686	0.02144	-0.06008
0.9747	0.07462	-0.05239
1.073	0.1805	-0.01886
0.9844	0.1296	-0.05567
0.9409	0.07489	-0.08472
0.9104	0.02473	-0.05244
0.9853	-0.2075	-0.04507
1.178	-0.4156	-0.05919
1.236	-0.6405	-0.06547
1.25	-0.8143	-0.05971
1.339	-0.7883	-0.04173
1.43	-0.642	0.01268
1.594	-0.4198	0.08813
1.703	-0.2496	0.09751
1.619	-0.09611	0.06689
1.525	0.0109	0.06404
1.38	0.0002716	0.05933
1.184	0.05444	0.04847
1.141	0.04062	0.03612
1.081	-0.06274	0.005748
0.8888	-0.08735	-0.009452
0.7509	-0.2001	-0.02346
0.7303	-0.2633	-0.0513
0.7428	-0.2162	-0.04219
0.6523	-0.3121	-0.02682
0.554	-0.3646	-0.01941
0.5559	-0.3233	0.009549
0.487	-0.3025	0.03345
0.433	-0.1754	0.06193
0.4666	-0.01701	0.08643
0.4835	0.09479	0.09732
0.5931	0.1364	0.1018
0.7471	0.06027	0.06111
0.8936	-0.03307	0.006765
1.034	-0.1436	-0.02092
1.055	-0.2666	-0.01589
1.055	-0.3178	0.005302
1.062	-0.3428	-0.009841
1.113	-0.4489	-0.06757
1.393	-0.6111	-0.1913
1.696	-0.6177	-0.2791
1.696	-0.4839	-0.1962
1.611	-0.3768	-0.1053
1.705	-0.2589	-0.1014
1.684	-0.1994	-0.1057
1.513	-0.2062	-0.1179
1.401	-0.1848	-0.1114
1.186	-0.2513	-0.09244
0.9778	-0.3344	-0.08957
0.9285	-0.317	-0.08132
0.8666	-0.2524	-0.08711
0.7382	-0.1345	-0.08922
0.6714	-0.07656	-0.08141
0.6827	-0.06262	-0.08919
0.5935	0.004253	-0.0819
0.5794	-0.01441	-0.07186
0.6473	-0.07291	-0.06906
0.5689	-0.09629	-0.06232
0.5801	-0.1721	-0.06603
0.6013	-0.1988	-0.0584
0.56	-0.1461	-0.03785
0.5857	-0.114	-0.01266
0.5551	-0.01287	-0.003228
0.6773	-0.08201	-0.05851
0.7686	0.02144	-0.06008
0.9747	0.07462	-0.05239
1.073	0.1805	-0.01886
0.9844	0.1296	-0.05567
0.9409	0.07489	-0.08472
0.9104	0.02473	-0.05244
0.9853	-0.2075	-0.04507
1.178	-0.4156	-0.05919
1.236	-0.6405	-0.06547
1.25	-0.8143	-0.05971
1.339	-0.7883	-0.04173
1.43	-0.642	0.01268
1.594	-0.4198	0.08813
1.703	-0.2496	0.09751
1.619	-0.09611	0.06689
1.525	0.0109	0.06404
1.38	0.0002716	0.05933
1.184	0.05444	0.04847
1.141	0.04062	0.03612
1.081	-0.06274	0.005748
0.8888	-0.08735	-0.009452
0.7509	-0.2001	-0.02346
0.7303	-0.2633	-0.0513
0.7428	-0.2162	-0.04219
0.6523	-0.3121	-0.02682
0.554	-0.3646	-0.01941
0.5559	-0.3233	0.009549
0.487	-0.3025	0.03345
0.433	-0.1754	0.06193
0.4666	-0.01701	0.08643
0.4835	0.09479	0.09732
0.5931	0.1364	0.1018
0.7471	0.06027	0.06111
0.8936	-0.03307	0.006765
1.034	-0.1436	-0.02092
1.055	-0.2666	-0.01589
1.055	-0.3178	0.005302
1.062	-0.3428	-0.009841
1.113	-0.4489	-0.06757
1.393	-0.6111	-0.1913
1.696	-0.6177	-0.2791
1.696	-0.4839	-0.1962
1.611	-0.3768	-0.1053
1.705	-0.2589	-0.1014
1.684	-0.1994	-0.1057
1.513	-0.2062	-0.1179
1.401	-0.1848	-0.1114
1.186	-0.2513	-0.09244
0.9778	-0.3344	-0.08957
0.9285	-0.317	-0.08132
0.8666	-0.2524	-0.08711
0.7382	-0.1345	-0.08922
0.6714	-0.07656	-0.08141
0.6827	-0.06262	-0.08919
0.5935	0.004253	-0.0819
0.5794	-0.01441	-0.07186
0.6473	-0.07291	-0.06906
0.5689	-0.09629	-0.06232
0.5801	-0.1721	-0.06603
0.6013	-0.1988	-0.0584
0.56	-0.1461	-0.03785
0.5857	-0.114	-0.01266
0.5551	-0.01287	-0.003228
0.6427	0.1064	-0.03315
0.8807	0.08454	-0.05667
1.089	0.02925	-0.06218
1.166	-0.04765	-0.04418
1.103	-0.208	-0.005887
1.179	-0.3855	-0.004153
1.401	-0.5972	-0.01609
1.729	-0.7263	-0.02771
2.021	-0.643	-0.04817
1.95	-0.4405	-0.0374
1.88	-0.1818	-0.02582
1.887	0.01186	-0.03894
1.572	0.09904	-0.03824
1.221	0.1756	-0.01393
0.9732	0.05172	0.02746
0.7004	-0.2187	0.0593
0.6166	-0.2651	0.05351
0.5782	-0.2614	0.0463
0.3783	-0.3219	0.05559
0.3315	-0.2537	0.03986
0.4371	-0.1928	0.02358
0.4503	-0.1563	0.04159
0.5126	-0.09585	0.05661
0.5849	-0.09685	0.06044
0.5777	-0.1022	0.06285
0.6231	-0.1236	0.06489
0.7008	-0.1589	0.06514
0.8865	-0.215	0.0399
1.071	-0.3206	0.01325
1.015	-0.3354	0.02345
0.88	-0.2513	0.04447
0.7701	-0.2038	0.03642
0.8529	-0.2595	-0.03112
1.311	-0.3886	-0.1295
1.698	-0.5172	-0.1566
1.584	-0.5334	-0.1135
1.453	-0.3252	-0.05604
1.75	-0.09893	0.003246
1.863	-0.06586	-0.0509
1.555	-0.03166	-0.1448
1.293	0.03902	-0.07848
1.126	-0.07064	-0.0407
1.056	-0.2753	-0.09018
0.928	-0.3869	-0.063
0.7014	-0.3946	-0.06429
0.607	-0.2771	-0.081
0.4271	-0.113	-0.05768
0.3076	-0.02198	-0.07063
0.3693	0.01186	-0.06871
0.3518	0.009596	-0.0684
0.4699	0.03178	-0.07881
0.7098	0.0598	-0.05394
0.859	0.03541	-0.04422
0.8884	0.0133	-0.04561
0.8342	-0.01019	-0.03654
0.876	-0.01341	-0.01498
0.9246	0.001823	0.01636
0.9454	-0.03172	0.03091
1.014	-0.1525	0.01985
1.096	-0.4314	-0.005116
1.384	-0.7233	0.001946
1.814	-0.797	0.004321
2.027	-0.6838	-0.01696
1.996	-0.4546	0.01082
0.6427	0.1064	-0.03315
0.8807	0.08454	-0.05667
1.089	0.02925	-0.06218
1.166	-0.04765	-0.04418
1.103	-0.208	-0.005887
1.179	-0.3855	-0.004153
1.401	-0.5972	-0.01609
1.729	-0.7263	-0.02771
2.021	-0.643	-0.04817
1.95	-0.4405	-0.0374
1.88	-0.1818	-0.02582
1.887	0.01186	-0.03894
1.572	0.09904	-0.03824
1.221	0.1756	-0.01393
0.9732	0.05172	0.02746
0.7004	-0.2187	0.0593
0.6166	-0.2651	0.05351
0.5782	-0.2614	0.0463
0.3783	-0.3219	0.05559
0.3315	-0.2537	0.03986
0.4371	-0.1928	0.02358
0.4503	-0.1563	0.04159
0.5126	-0.09585	0.05661
0.5849	-0.09685	0.06044
0.5777	-0.1022	0.06285
0.6231	-0.1236	0.06489
0.7008	-0.1589	0.06514
0.8865	-0.215	0.0399
1.071	-0.3206	0.01325
1.015	-0.3354	0.02345
0.88	-0.2513	0.04447
0.7701	-0.2038	0.03642
0.8529	-0.2595	-0.03112
1.311	-0.3886	-0.1295
1.698	-0.5172	-0.1566
1.584	-0.5334	-0.1135
1.453	-0.3252	-0.05604
1.75	-0.09893	0.003246
1.863	-0.06586	-0.0509
1.555	-0.03166	-0.1448
1.293	0.03902	-0.07848
1.126	-0.07064	-0.0407
1.056	-0.2753	-0.09018
0.928	-0.3869	-0.063
0.7014	-0.3946	-0.06429
0.607	-0.2771	-0.081
0.4271	-0.113	-0.05768
0.3076	-0.02198	-0.07063
0.3693	0.01186	-0.06871
0.3518	0.009596	-0.0684
0.4699	0.03178	-0.07881
0.7098	0.0598	-0.05394
0.859	0.03541	-0.04422
0.8884	0.0133	-0.04561
0.8342	-0.01019	-0.03654
0.876	-0.01341	-0.01498
0.9246	0.001823	0.01636
0.9454	-0.03172	0.03091
1.014	-0.1525	0.01985
1.096	-0.4314	-0.005116
1.384	-0.7233	0.001946
1.814	-0.797	0.004321
2.027	-0.6838	-0.01696
1.996	-0.4546	0.01082
1.927	-0.1567	0.02901
1.762	0.08327	0.01064
1.376	0.1935	0.01163
1.062	0.1644	0.008246
0.9202	0.0335	-0.0124
0.8652	-0.06997	-0.05236
0.8889	-0.1751	-0.08898
0.7542	-0.2955	-0.09826
0.6565	-0.2671	-0.08634
0.6301	-0.2082	-0.03279
0.4152	-0.1734	0.01941
0.4523	-0.06281	0.01496
0.576	-0.04746	-0.01649
0.4915	-0.1265	-0.04586
0.5852	-0.2114	-0.06552
0.6002	-0.2995	-0.04576
0.5292	-0.319	-0.003761
0.6298	-0.4059	0.01111
0.7071	-0.5649	0.04894
0.8293	-0.5497	0.0942
0.8145	-0.3958	0.1212
0.6313	-0.192	0.2117
0.5672	0.09006	0.2401
0.6049	0.1819	0.158
1.102	-0.09767	0.08353
1.797	-0.5067	-0.1022
1.82	-0.9054	-0.2594
1.607	-1.093	-0.07258
1.658	-0.8855	0.1291
1.528	-0.5765	0.03701
1.223	-0.2632	0.02756
1.066	0.06231	0.1197
1.133	0.06221	-0.04402
1.275	-0.1185	-0.1868
1.086	-0.1783	-0.1306
0.7773	-0.2661	-0.1036
0.6788	-0.2563	-0.06719
0.5671	-0.1193	-0.04333
0.6246	-0.1057	-0.08379
0.7403	-0.1157	-0.1286
0.6711	-0.1527	-0.1776
0.6635	-0.2089	-0.17
0.5725	-0.1968	-0.1332
0.5295	-0.2065	-0.09311
0.5841	-0.1185	-0.01024
0.4922	-0.01828	0.04282
0.5581	-0.03069	0.0203
0.7739	-0.003303	-0.02664
1.015	-0.02801	-0.04248
1.115	-0.1278	-0.03964
0.9614	-0.1763	-0.01343
0.9662	-0.1718	0.03026
1.027	-0.225	0.01645
1.176	-0.4349	-0.06708
1.573	-0.6829	-0.1774
1.694	-0.8444	-0.2057
1.657	-0.8617	-0.1244
1.772	-0.7541	0.01654
1.84	-0.5645	0.1907
1.84	-0.3357	0.1688
1.704	-0.2282	-0.01627
1.488	-0.1511	-0.05926
1.372	-0.09233	-0.04497
1.188	-0.1501	-0.02145
1.927	-0.1567	0.02901
1.762	0.08327	0.01064
1.376	0.1935	0.01163
1.062	0.1644	0.008246
0.9202	0.0335	-0.0124
0.8652	-0.06997	-0.05236
0.8889	-0.1751	-0.08898
0.7542	-0.2955	-0.09826
0.6565	-0.2671	-0.08634
0.6301	-0.2082	-0.03279
0.4152	-0.1734	0.01941
0.4523	-0.06281	0.01496
0.576	-0.04746	-0.01649
0.4915	-0.1265	-0.04586
0.5852	-0.2114	-0.06552
0.6002	-0.2995	-0.04576
0.5292	-0.319	-0.003761
0.6298	-0.4059	0.01111
0.7071	-0.5649	0.04894
0.8293	-0.5497	0.0942
0.8145	-0.3958	0.1212
0.6313	-0.192	0.2117
0.5672	0.09006	0.2401
0.6049	0.1819	0.158
1.102	-0.09767	0.08353
1.797	-0.5067	-0.1022
1.82	-0.9054	-0.2594
1.607	-1.093	-0.07258
1.658	-0.8855	0.1291
1.528	-0.5765	0.03701
1.223	-0.2632	0.02756
1.066	0.06231	0.1197
1.133	0.06221	-0.04402
1.275	-0.1185	-0.1868
1.086	-0.1783	-0.1306
0.7773	-0.2661	-0.1036
0.6788	-0.2563	-0.06719
0.5671	-0.1193	-0.04333
0.6246	-0.1057	-0.08379
0.7403	-0.1157	-0.1286
0.6711	-0.1527	-0.1776
0.6635	-0.2089	-0.17
0.5725	-0.1968	-0.1332
0.5295	-0.2065	-0.09311
0.5841	-0.1185	-0.01024
0.4922	-0.01828	0.04282
0.5581	-0.03069	0.0203
0.7739	-0.003303	-0.02664
1.015	-0.02801	-0.04248
1.115	-0.1278	-0.03964
0.9614	-0.1763	-0.01343
0.9662	-0.1718	0.03026
1.027	-0.225	0.01645
1.176	-0.4349	-0.06708
1.573	-0.6829	-0.1774
1.694	-0.8444	-0.2057
1.657	-0.8617	-0.1244
1.772	-0.7541	0.01654
1.84	-0.5645	0.1907
1.84	-0.3357	0.1688
1.704	-0.2282	-0.01627
1.488	-0.1511	-0.05926
1.372	-0.09233	-0.04497
1.188	-0.1501	-0.02145
0.7459	-0.04152	0.04841
0.3891	0.06516	0.07314
0.4484	-0.04377	0.1062
0.443	-0.0783	0.1212
0.3444	-0.1449	0.09981
0.5429	-0.1971	0.07623
0.5774	-0.1133	0.04791
0.4959	-0.1242	0.0807
0.5816	-0.08511	0.0919
0.5408	-0.02513	0.07993
0.5843	-0.0649	0.09349
0.7139	-0.06469	0.06673
0.8145	-0.1691	0.04448
1.035	-0.3158	2.135e-05
1.075	-0.3137	-0.02532
0.9178	-0.2301	0.03103
0.7485	-0.1111	0.0694
0.6702	-0.07654	0.07765
0.9005	-0.2827	0.00766
1.381	-0.6191	-0.1402
1.768	-0.6951	-0.2092
1.607	-0.4731	-0.111
1.392	-0.2627	0.03386
1.723	-0.1119	0.04042
1.812	-0.05499	0.009343
1.492	-0.07245	0.01687
1.272	-0.08224	-0.01771
1.077	-0.1747	-0.04744
0.967	-0.2706	-0.07154
0.8483	-0.2675	-0.07413
0.703	-0.2098	-0.04798
0.6372	-0.1236	-0.05348
0.4895	-0.05731	-0.0407
0.4392	-0.03924	-0.03929
0.4235	-0.06932	-0.06803
0.3031	-0.1053	-0.07271
0.2694	-0.128	-0.09277
0.2795	-0.1457	-0.08342
0.453	-0.1291	-0.02525
0.7053	-0.1223	0.00473
0.7922	-0.1124	-0.01823
0.9993	-0.05162	-0.1095
1.32	-0.006042	-0.1822
1.321	-0.02169	-0.149
1.11	-0.1134	-0.06766
1.051	-0.2532	0.02732
0.9924	-0.3613	0.11
1.034	-0.4147	0.1486
1.377	-0.4828	0.1793
1.712	-0.5306	0.1347
2.014	-0.4656	-0.02113
2.049	-0.4082	-0.076
1.792	-0.2914	-0.02902
1.596	-0.06352	-0.01952
1.119	-0.01878	0.07122
0.7347	-0.08747	0.1932
0.8254	-0.162	0.1967
0.864	-0.3102	0.1289
0.8944	-0.3254	0.04689
0.8027	-0.2071	0.01714
0.5501	-0.1074	0.0282
0.4685	-0.06421	0.03814
0.4328	-0.1029	0.05399
0.4833	-0.1363	0.05807
0.7459	-0.04152	0.04841
0.3891	0.06516	0.07314
0.4484	-0.04377	0.1062
0.443	-0.0783	0.1212
0.3444	-0.1449	0.09981
0.5429	-0.1971	0.07623
0.5774	-0.1133	0.04791
0.4959	-0.1242	0.0807
0.5816	-0.08511	0.0919
0.5408	-0.02513	0.07993
0.5843	-0.0649	0.09349
0.7139	-0.06469	0.06673
0.8145	-0.1691	0.04448
1.035	-0.3158	2.135e-05
1.075	-0.3137	-0.02532
0.9178	-0.2301	0.03103
0.7485	-0.1111	0.0694
0.6702	-0.07654	0.07765
0.9005	-0.2827	0.00766
1.381	-0.6191	-0.1402
1.768	-0.6951	-0.2092
1.607	-0.4731	-0.111
1.392	-0.2627	0.03386
1.723	-0.1119	0.04042
1.812	-0.05499	0.009343
1.492	-0.07245	0.01687
1.272	-0.08224	-0.01771
1.077	-0.1747	-0.04744
0.967	-0.2706	-0.07154
0.8483	-0.2675	-0.07413
0.703	-0.2098	-0.04798
0.6372	-0.1236	-0.05348
0.4895	-0.05731	-0.0407
0.4392	-0.03924	-0.03929
0.4235	-0.06932	-0.06803
0.3031	-0.1053	-0.07271
0.2694	-0.128	-0.09277
0.2795	-0.1457	-0.08342
0.453	-0.1291	-0.02525
0.7053	-0.1223	0.00473
0.7922	-0.1124	-0.01823
0.9993	-0.05162	-0.1095
1.32	-0.006042	-0.1822
1.321	-0.02169	-0.149
1.11	-0.1134	-0.06766
1.051	-0.2532	0.02732
0.9924	-0.3613	0.11
1.034	-0.4147	0.1486
1.377	-0.4828	0.1793
1.712	-0.5306	0.1347
2.014	-0.4656	-0.02113
2.049	-0.4082	-0.076
1.792	-0.2914	-0.02902
1.596	-0.06352	-0.01952
1.119	-0.01878	0.07122
0.7347	-0.08747	0.1932
0.8254	-0.162	0.1967
0.864	-0.3102	0.1289
0.8944	-0.3254	0.04689
0.8027	-0.2071	0.01714
0.5501	-0.1074	0.0282
0.4685	-0.06421	0.03814
0.4328	-0.1029	0.05399
0.4833	-0.1363	0.05807
0.5485	-0.1455	0.05804
0.5152	-0.1521	0.0501
0.543	-0.1257	0.05007
0.5623	-0.116	0.05444
0.6424	-0.177	0.04219
0.8355	-0.2738	0.03014
0.9664	-0.2982	0.01235
0.9583	-0.1938	0.03325
0.8395	-0.05957	0.06289
0.8039	-0.06015	0.02916
1.066	-0.2441	-0.02225
1.58	-0.4606	-0.101
1.881	-0.523	-0.155
1.772	-0.4562	-0.06567
1.718	-0.3151	0.04846
1.741	-0.05282	0.05642
1.574	0.1443	0.06482
1.445	0.1482	0.09179
1.371	0.053	0.008519
1.175	-0.1313	-0.09983
1.012	-0.2192	-0.102
0.8966	-0.1974	-0.08964
0.7459	-0.2172	-0.1157
0.6698	-0.1421	-0.1129
0.6335	-0.1022	-0.1008
0.5623	-0.141	-0.1157
0.5479	-0.1111	-0.1189
0.5654	-0.1364	-0.1231
0.553	-0.1317	-0.131
0.5906	-0.08539	-0.09626
0.6584	-0.05396	-0.03917
0.6968	0.02982	-0.0001182
0.7422	0.06088	-0.02152
0.8368	0.1202	-0.06438
0.9828	0.1539	-0.052
1.059	0.01687	-0.03546
1.07	-0.1622	-0.02032
1.131	-0.437	0.005607
1.183	-0.709	0.01079
1.24	-0.7608	0.0197
1.402	-0.6642	0.006193
1.729	-0.4514	-0.02246
2.028	-0.2163	-0.04789
1.979	-0.1543	-0.08451
1.758	-0.1738	-0.07129
1.556	-0.1001	-0.03657
1.192	-0.07561	0.0187
0.7722	-0.09641	0.1411
0.6162	-0.01579	0.1952
0.7054	-0.04588	0.1306
0.7336	-0.121	0.06522
0.6478	-0.09699	0.04784
0.6158	-0.1495	0.04857
0.5299	-0.1645	0.0544
0.4489	-0.141	0.06158
0.5315	-0.1591	0.05455
0.5503	-0.1116	0.07486
0.5261	-0.07179	0.1208
0.5735	-0.05528	0.145
0.6121	-0.1162	0.1446
0.7459	-0.2452	0.09067
0.8771	-0.2676	0.01374
0.8284	-0.2134	-0.00523
0.6754	-0.1161	0.05859
0.5485	-0.1455	0.05804
0.5152	-0.1521	0.0501
0.543	-0.1257	0.05007
0.5623	-0.116	0.05444
0.6424	-0.177	0.04219
0.8355	-0.2738	0.03014
0.9664	-0.2982	0.01235
0.9583	-0.1938	0.03325
0.8395	-0.05957	0.06289
0.8039	-0.06015	0.02916
1.066	-0.2441	-0.02225
1.58	-0.4606	-0.101
1.881	-0.523	-0.155
1.772	-0.4562	-0.06567
1.718	-0.3151	0.04846
1.741	-0.05282	0.05642
1.574	0.1443	0.06482
1.445	0.1482	0.09179
1.371	0.053	0.008519
1.175	-0.1313	-0.09983
1.012	-0.2192	-0.102
0.8966	-0.1974	-0.08964
0.7459	-0.2172	-0.1157
0.6698	-0.1421	-0.1129
0.6335	-0.1022	-0.1008
0.5623	-0.141	-0.1157
0.5479	-0.1111	-0.1189
0.5654	-0.1364	-0.1231
0.553	-0.1317	-0.131
0.5906	-0.08539	-0.09626
0.6584	-0.05396	-0.03917
0.6968	0.02982	-0.0001182
0.7422	0.06088	-0.02152
0.8368	0.1202	-0.06438
0.9828	0.1539	-0.052
1.059	0.01687	-0.03546
1.07	-0.1622	-0.02032
1.131	-0.437	0.005607
1.183	-0.709	0.01079
1.24	-0.7608	0.0197
1.402	-0.6642	0.006193
1.729	-0.4514	-0.02246
2.028	-0.2163	-0.04789
1.979	-0.1543	-0.08451
1.758	-0.1738	-0.07129
1.556	-0.1001	-0.03657
1.192	-0.07561	0.0187
0.7722	-0.09641	0.1411
0.6162	-0.01579	0.1952
0.7054	-0.04588	0.1306
0.7336	-0.121	0.06522
0.6478	-0.09699	0.04784
0.6158	-0.1495	0.04857
0.5299	-0.1645	0.0544
0.4489	-0.141	0.06158
0.5315	-0.1591	0.05455
0.5503	-0.1116	0.07486
0.5261	-0.07179	0.1208
0.5735	-0.05528	0.145
0.6121	-0.1162	0.1446
0.7459	-0.2452	0.09067
0.8771	-0.2676	0.01374
0.8284	-0.2134	-0.00523
0.6754	-0.1161	0.05859
0.5675	-0.07192	0.1221
0.7581	-0.21	0.05829
1.326	-0.4768	-0.1179
1.905	-0.7571	-0.3484
1.946	-0.8009	-0.4024
1.551	-0.457	-0.04959
1.422	-0.03586	0.2451
1.618	0.06406	0.08333
1.714	0.02388	-0.0932
1.591	0.04171	-0.07289
1.378	-0.1323	-0.1169
1.183	-0.3323	-0.1384
0.8957	-0.3509	-0.07027
0.6001	-0.3472	-0.0508
0.4487	-0.2921	-0.02661
0.3393	-0.2174	-0.03118
0.3096	-0.1388	-0.07692
0.3383	-0.046	-0.09494
0.4223	-0.01981	-0.1233
0.6089	0.002225	-0.08546
0.7111	-0.02681	-0.02729
0.7323	-0.07916	-0.009817
0.7147	-0.06848	0.0372
0.6439	-0.06787	0.05601
0.6236	-0.05449	0.06375
0.6422	-0.06182	0.06387
0.7494	-0.1188	0.06406
0.9281	-0.1919	0.09293
1.046	-0.2713	0.0725
1.299	-0.3816	0.0451
1.814	-0.654	-0.03094
2.082	-0.8391	-0.1267
1.877	-0.6467	-0.07273
1.767	-0.373	-0.0129
1.771	-0.1985	-0.02792
1.593	-0.03231	-0.008657
1.386	0.1345	0.04808
1.072	0.185	0.1257
0.8494	-0.04777	0.1556
0.8655	-0.3024	0.1145
0.7632	-0.3485	0.0894
0.6995	-0.3519	0.0695
0.6605	-0.2715	0.04731
0.519	-0.1626	0.07138
0.5237	-0.1417	0.08294
0.528	-0.131	0.07733
0.5149	-0.1559	0.09553
0.5332	-0.1536	0.115
0.4988	-0.1456	0.1467
0.5544	-0.1709	0.1274
0.7086	-0.1582	0.04999
0.9668	-0.1632	-0.002362
1.102	-0.1235	-0.0363
0.9674	-0.03612	-0.01247
0.9082	0.05052	0.02622
0.8854	0.128	0.01498
0.8658	0.05901	0.007122
1.069	-0.1899	-0.08182
1.399	-0.5938	-0.2371
1.698	-0.9011	-0.2768
1.743	-0.8661	-0.1938
1.531	-0.655	-0.05822
1.422	-0.3619	0.03721
1.451	-0.1395	-0.02148
0.6585	-0.1418	0.1096
0.6518	-0.1356	0.1169
0.7043	-0.09021	0.1183
0.7488	-0.004625	0.1043
0.8304	0.07778	0.07531
0.8873	0.06231	0.06886
0.9223	-0.001133	0.05927
0.9209	-0.1168	0.02343
0.9416	-0.3129	-0.03706
1.164	-0.6045	-0.1073
1.504	-0.8849	-0.1351
1.639	-0.8854	-0.1475
1.465	-0.6685	-0.1482
1.419	-0.3645	-0.1049
1.733	-0.06155	-0.1015
1.896	-0.09557	-0.1158
1.57	-0.2413	-0.07706
1.154	-0.163	-0.05352
1.07	-0.2159	-0.04076
1.005	-0.2999	-0.0359
0.8444	-0.2266	-0.07285
0.8976	-0.2321	-0.1062
0.8554	-0.135	-0.1125
0.7163	0.002398	-0.0803
0.6853	0.02026	-0.04305
0.5013	0.08794	-0.02701
0.3572	0.07621	-0.007479
0.348	-0.01143	-0.01741
0.4586	-0.1499	-0.05738
0.8482	-0.329	-0.0958
1.168	-0.3218	-0.09666
1.155	-0.2031	-0.06078
0.8306	0.0134	-0.0226
0.5307	0.286	0.03432
0.634	0.3135	0.01235
0.866	0.1212	-0.1001
1.033	-0.1307	-0.141
1.133	-0.4256	-0.109
1.141	-0.7007	-0.04938
1.217	-0.7867	0.007343
1.423	-0.6952	0.03628
1.758	-0.6275	0.02043
1.967	-0.5367	-0.04133
1.86	-0.3711	-0.04075
1.792	-0.3061	-0.06394
1.734	-0.3034	-0.1056
1.318	-0.1617	0.0368
0.8848	0.007292	0.1566
0.8317	-0.00157	0.1215
0.8453	-0.05653	0.09775
0.7267	-0.0412	0.09125
0.6785	-0.06528	0.06569
0.5937	-0.1174	0.05249
0.4266	-0.1496	0.09633
0.3984	-0.1999	0.136
0.3853	-0.2229	0.1353
0.3826	-0.2153	0.132
0.4617	-0.1922	0.1031
0.4594	-0.1007	0.08567
0.5114	-0.008759	0.0576
0.6353	-0.001451	0.02193
0.7591	-0.08769	0.03492
0.9154	-0.196	0.03126
0.913	-0.2304	0.0125
0.9107	-0.339	-0.0556
1.18	-0.6132	-0.2137
1.64	-0.7905	-0.3631
1.928	-0.7136	-0.3671
1.739	-0.4913	-0.09468
1.588	-0.2046	0.1796
1.721	0.01519	0.08423
1.685	0.02685	-0.06552
1.64	-0.05911	-0.04959
1.573	-0.1815	-0.1149
1.182	-0.339	-0.1085
0.8675	-0.3803	-0.01848
0.8132	-0.295	-0.07699
0.7516	-0.1944	-0.06511
0.6526	-0.139	-0.04601
0.598	-0.08167	-0.1157
0.5913	-0.06068	-0.09181
0.5469	-0.1504	-0.09548
0.4645	-0.165	-0.08116
0.4567	-0.1541	-0.04607
0.5115	-0.1711	-0.0739
0.5529	-0.06006	-0.0284
0.6081	0.006858	-0.009866
0.6781	0.02121	-0.03233
0.7332	0.05425	-0.03692
0.8239	-0.002317	-0.06054
0.903	-0.1027	-0.04951
0.9941	-0.2637	-0.0352
1.147	-0.4633	0.005743
1.257	-0.5865	0.049
1.46	-0.5685	0.0423
1.816	-0.4941	0.01877
2.01	-0.4681	-0.03116
1.924	-0.4075	-0.02583
1.801	-0.3618	-0.01357
1.625	-0.2482	-0.0336
1.23	-0.02258	0.0329
0.936	0.009805	0.1086
0.8379	-0.08617	0.1355
0.7275	-0.1383	0.125
0.6878	-0.1781	0.07673
0.6165	-0.1688	0.04299
0.5113	-0.1411	0.02086
0.4611	-0.1225	0.0372
0.3701	-0.1133	0.07029
0.3294	-0.1188	0.09805
0.3334	-0.1276	0.1402
0.4263	-0.1632	0.08938
0.7313	-0.2386	-0.01055
1.078	-0.2849	-0.04434
1.227	-0.2123	-0.04218
1.103	-0.09812	0.004254
0.9342	0.009853	0.0598
0.8485	0.09108	0.073
0.8945	-0.07451	0.01292
1.272	-0.4326	-0.122
1.636	-0.681	-0.1954
1.618	-0.7418	-0.1534
1.533	-0.5662	-0.04495
1.612	-0.3365	0.03414
1.635	-0.3113	-0.03788
1.479	-0.1826	-0.1209
1.31	0.01067	-0.07059
1.157	-0.1374	-0.05237
0.9107	-0.339	-0.0556
1.18	-0.6132	-0.2137
1.64	-0.7905	-0.3631
1.928	-0.7136	-0.3671
1.739	-0.4913	-0.09468
1.588	-0.2046	0.1796
1.721	0.01519	0.08423
1.685	0.02685	-0.06552
1.64	-0.05911	-0.04959
1.573	-0.1815	-0.1149
1.182	-0.339	-0.1085
0.8675	-0.3803	-0.01848
0.8132	-0.295	-0.07699
0.7516	-0.1944	-0.06511
0.6526	-0.139	-0.04601
0.598	-0.08167	-0.1157
0.5913	-0.06068	-0.09181
0.5469	-0.1504	-0.09548
0.4645	-0.165	-0.08116
0.4567	-0.1541	-0.04607
0.5115	-0.1711	-0.0739
0.5529	-0.06006	-0.0284
0.6081	0.006858	-0.009866
0.6781	0.02121	-0.03233
0.7332	0.05425	-0.03692
0.8239	-0.002317	-0.06054
0.903	-0.1027	-0.04951
0.9941	-0.2637	-0.0352
1.147	-0.4633	0.005743
1.257	-0.5865	0.049
1.46	-0.5685	0.0423
1.816	-0.4941	0.01877
2.01	-0.4681	-0.03116
1.924	-0.4075	-0.02583
1.801	-0.3618	-0.01357
1.625	-0.2482	-0.0336
1.23	-0.02258	0.0329
0.936	0.009805	0.1086
0.8379	-0.08617	0.1355
0.7275	-0.1383	0.125
0.6878	-0.1781	0.07673
0.6165	-0.1688	0.04299
0.5113	-0.1411	0.02086
0.4611	-0.1225	0.0372
0.3701	-0.1133	0.07029
0.3294	-0.1188	0.09805
0.3334	-0.1276	0.1402
0.4263	-0.1632	0.08938
0.7313	-0.2386	-0.01055
1.078	-0.2849	-0.04434
1.227	-0.2123	-0.04218
1.103	-0.09812	0.004254
0.9342	0.009853	0.0598
0.8485	0.09108	0.073
0.8945	-0.07451	0.01292
1.272	-0.4326	-0.122
1.636	-0.681	-0.1954
1.618	-0.7418	-0.1534
1.533	-0.5662	-0.04495
1.612	-0.3365	0.03414
1.635	-0.3113	-0.03788
1.479	-0.1826	-0.1209
1.31	0.01067	-0.07059
1.157	-0.1374	-0.05237
1.045	-0.2679	-0.1054
1.012	-0.1961	-0.1019
0.8857	-0.1882	-0.09889
0.7324	-0.1372	-0.1132
0.653	-0.07331	-0.09675
0.5943	-0.08117	-0.1028
0.5772	-0.07733	-0.1041
0.5666	-0.1198	-0.1014
0.5691	-0.1379	-0.1091
0.6064	-0.1049	-0.07246
0.6375	-0.09081	-0.03825
0.6287	-0.05477	-0.03046
0.6228	-0.06679	-0.0214
0.6741	-0.1127	0.006344
0.7201	-0.1187	0.03056
0.8126	-0.123	0.007851
0.9798	-0.1077	0.002648
1.053	-0.1076	0.009891
1.007	-0.146	-0.0184
1.04	-0.2293	-0.04343
1.273	-0.4107	-0.06836
1.645	-0.6005	-0.1023
1.957	-0.6845	-0.1394
1.935	-0.6177	-0.1232
1.766	-0.4837	-0.008485
1.713	-0.3913	0.08441
1.485	-0.2748	0.06572
1.133	-0.1608	0.05243
0.9204	-0.09019	0.1229
0.8214	-0.05108	0.1324
0.8485	-0.09471	0.0736
0.8128	-0.1102	0.06499
0.7043	-0.09124	0.04546
0.6378	-0.1235	0.03194
0.5288	-0.1324	0.04784
0.5407	-0.1593	0.04497
0.6352	-0.2252	0.06013
0.6513	-0.2582	0.06243
0.6708	-0.2263	0.06456
0.6517	-0.1459	0.07458
0.6467	-0.116	0.03943
0.7345	-0.1243	-0.0002222
0.8612	-0.1592	-0.04384
0.9538	-0.2176	-0.0791
0.8897	-0.1979	-0.05582
0.758	-0.1413	0.05274
0.6701	-0.07907	0.1668
0.6215	-0.04042	0.1064
0.7488	-0.153	-0.05174
1.14	-0.4329	-0.1684
1.652	-0.7755	-0.2392
1.815	-0.8457	-0.168
1.573	-0.4624	0.04782
1.558	-0.04437	0.2159
1.626	0.07422	0.1187
1.407	0.05695	-0.05202
1.209	0.07461	0.03669
1.102	-0.005647	0.05937
1.118	-0.2573	-0.05743
1.133	-0.3919	-0.02309
0.9078	-0.2647	-0.05497
0.6582	-0.06673	-0.08409
0.4659	0.07622	-0.04767
0.4804	0.1372	-0.1332
1.045	-0.2679	-0.1054
1.012	-0.1961	-0.1019
0.8857	-0.1882	-0.09889
0.7324	-0.1372	-0.1132
0.653	-0.07331	-0.09675
0.5943	-0.08117	-0.1028
0.5772	-0.07733	-0.1041
0.5666	-0.1198	-0.1014
0.5691	-0.1379	-0.1091
0.6064	-0.1049	-0.07246
0.6375	-0.09081	-0.03825
0.6287	-0.05477	-0.03046
0.6228	-0.06679	-0.0214
0.6741	-0.1127	0.006344
0.7201	-0.1187	0.03056
0.8126	-0.123	0.007851
0.9798	-0.1077	0.002648
1.053	-0.1076	0.009891
1.007	-0.146	-0.0184
1.04	-0.2293	-0.04343
1.273	-0.4107	-0.06836
1.645	-0.6005	-0.1023
1.957	-0.6845	-0.1394
1.935	-0.6177	-0.1232
1.766	-0.4837	-0.008485
1.713	-0.3913	0.08441
1.485	-0.2748	0.06572
1.133	-0.1608	0.05243
0.9204	-0.09019	0.1229
0.8214	-0.05108	0.1324
0.8485	-0.09471	0.0736
0.8128	-0.1102	0.06499
0.7043	-0.09124	0.04546
0.6378	-0.1235	0.03194
0.5288	-0.1324	0.04784
0.5407	-0.1593	0.04497
0.6352	-0.2252	0.06013
0.6513	-0.2582	0.06243
0.6708	-0.2263	0.06456
0.6517	-0.1459	0.07458
0.6467	-0.116	0.03943
0.7345	-0.1243	-0.0002222
0.8612	-0.1592	-0.04384
0.9538	-0.2176	-0.0791
0.8897	-0.1979	-0.05582
0.758	-0.1413	0.05274
0.6701	-0.07907	0.1668
0.6215	-0.04042	0.1064
0.7488	-0.153	-0.05174
1.14	-0.4329	-0.1684
1.652	-0.7755	-0.2392
1.815	-0.8457	-0.168
1.573	-0.4624	0.04782
1.558	-0.04437	0.2159
1.626	0.07422	0.1187
1.407	0.05695	-0.05202
1.209	0.07461	0.03669
1.102	-0.005647	0.05937
1.118	-0.2573	-0.05743
1.133	-0.3919	-0.02309
0.9078	-0.2647	-0.05497
0.6582	-0.06673	-0.08409
0.4659	0.07622	-0.04767
0.4804	0.1372	-0.1332
0.6081	0.1299	-0.1655
0.6413	0.06893	-0.2175
0.911	-0.02335	-0.2684
1.095	-0.02248	-0.189
0.9445	0.0798	-0.1341
0.7896	0.1758	-0.02682
0.5374	0.2403	0.04077
0.465	0.1879	0.007803
0.7188	0.02746	-0.0001953
0.9469	-0.09197	-0.06058
1.17	-0.1916	-0.06827
1.259	-0.3251	-0.04332
1.131	-0.5157	-0.05734
1.088	-0.6749	0.01018
1.22	-0.687	0.03723
1.454	-0.6568	-0.006807
1.682	-0.498	-0.01213
1.755	-0.2088	0.01789
1.715	-0.08419	0.04598
1.699	-0.1008	-0.004826
1.558	-0.1005	-0.05472
1.24	-0.04362	-0.03248
1.041	0.01528	-0.03841
0.9284	0.01829	-0.05916
0.7416	-0.01735	-0.05142
0.6662	-0.1309	-0.05546
0.7242	-0.2726	-0.07832
0.7355	-0.3711	-0.1002
0.7147	-0.3968	-0.1012
0.7098	-0.3597	-0.0734
0.6802	-0.3313	-0.04098
0.6784	-0.2854	-0.02998
0.6889	-0.255	-0.02509
0.6012	-0.1841	0.02053
0.5003	-0.01237	0.09309
0.4859	0.04132	0.1059
0.5441	0.01129	0.08688
0.6321	0.02799	0.1034
0.7659	-0.1034	0.0735
0.9784	-0.3182	0.01117
1.025	-0.3194	0.009771
0.8781	-0.2499	0.02068
0.8096	-0.3034	0.01159
0.7864	-0.3834	-0.03309
1.006	-0.5876	-0.1841
1.624	-0.8371	-0.4215
2	-0.8042	-0.5207
1.842	-0.5963	-0.2975
1.71	-0.3356	-0.05116
1.74	-0.08133	-0.06559
1.468	-0.0537	-0.06294
1.163	-0.09273	0.01785
1.228	-0.1229	-0.05658
1.172	-0.284	-0.1218
0.9336	-0.298	-0.08683
0.8167	-0.1767	-0.09135
0.677	-0.1437	-0.08011
0.5599	-0.0521	-0.06411
0.5217	-0.004756	-0.08352
0.4946	-0.04572	-0.08648
0.4991	-0.04537	-0.09766
0.4855	-0.1194	-0.0919
0.4711	-0.1874	-0.06885
0.5202	-0.2131	-0.06397
0.6081	0.1299	-0.1655
0.6413	0.06893	-0.2175
0.911	-0.02335	-0.2684
1.095	-0.02248	-0.189
0.9445	0.0798	-0.1341
0.7896	0.1758	-0.02682
0.5374	0.2403	0.04077
0.465	0.1879	0.007803
0.7188	0.02746	-0.0001953
0.9469	-0.09197	-0.06058
1.17	-0.1916	-0.06827
1.259	-0.3251	-0.04332
1.131	-0.5157	-0.05734
1.088	-0.6749	0.01018
1.22	-0.687	0.03723
1.454	-0.6568	-0.006807
1.682	-0.498	-0.01213
1.755	-0.2088	0.01789
1.715	-0.08419	0.04598
1.699	-0.1008	-0.004826
1.558	-0.1005	-0.05472
1.24	-0.04362	-0.03248
1.041	0.01528	-0.03841
0.9284	0.01829	-0.05916
0.7416	-0.01735	-0.05142
0.6662	-0.1309	-0.05546
0.7242	-0.2726	-0.07832
0.7355	-0.3711	-0.1002
0.7147	-0.3968	-0.1012
0.7098	-0.3597	-0.0734
0.6802	-0.3313	-0.04098
0.6784	-0.2854	-0.02998
0.6889	-0.255	-0.02509
0.6012	-0.1841	0.02053
0.5003	-0.01237	0.09309
0.4859	0.04132	0.1059
0.5441	0.01129	0.08688
0.6321	0.02799	0.1034
0.7659	-0.1034	0.0735
0.9784	-0.3182	0.01117
1.025	-0.3194	0.009771
0.8781	-0.2499	0.02068
0.8096	-0.3034	0.01159
0.7864	-0.3834	-0.03309
1.006	-0.5876	-0.1841
1.624	-0.8371	-0.4215
2	-0.8042	-0.5207
1.842	-0.5963	-0.2975
1.71	-0.3356	-0.05116
1.74	-0.08133	-0.06559
1.468	-0.0537	-0.06294
1.163	-0.09273	0.01785
1.228	-0.1229	-0.05658
1.172	-0.284	-0.1218
0.9336	-0.298	-0.08683
0.8167	-0.1767	-0.09135
0.677	-0.1437	-0.08011
0.5599	-0.0521	-0.06411
0.5217	-0.004756	-0.08352
0.4946	-0.04572	-0.08648
0.4991	-0.04537	-0.09766
0.4855	-0.1194	-0.0919
0.4711	-0.1874	-0.06885
0.5202	-0.2131	-0.06397
0.6587	-0.2474	-0.04329
0.768	-0.1825	-0.02609
0.6857	-0.07613	-0.01867
0.5785	0.04274	-0.01426
0.6825	0.1225	-0.02561
1.016	0.07124	-0.03283
1.47	-0.07235	-0.06104
1.64	-0.3672	-0.07686
1.426	-0.672	0.01016
1.395	-0.7662	0.1339
1.557	-0.7285	0.1493
1.749	-0.5287	0.03739
2.072	-0.2403	-0.06408
2.001	-0.1809	-0.08351
1.608	-0.1748	-0.09521
1.336	-0.03294	-0.04395
1.022	-0.04232	0.07542
0.8879	-0.1023	0.0927
0.72	-0.09137	0.09893
0.4681	-0.175	0.1373
0.6369	-0.1746	0.06628
0.611	-0.1415	0.03137
0.4491	-0.1946	0.03841
0.5531	-0.1692	0.002724
0.3969	-0.1852	0.04606
0.3129	-0.2243	0.08044
0.362	-0.2192	0.09374
0.3263	-0.2595	0.1207
0.5382	-0.2347	0.05674
0.7927	-0.1976	-0.01101
1.073	-0.1931	-0.04896
1.177	-0.1508	-0.05399
0.9889	-0.1009	-0.001873
1.001	-0.05028	0.01479
1.008	-0.171	-0.01564
1.16	-0.42	-0.07225
1.578	-0.5061	-0.1268
1.635	-0.4564	-0.1489
1.564	-0.2796	-0.04374
1.694	-0.00772	0.1047
1.785	0.0963	-0.02181
1.685	0.04858	-0.1531
1.406	0.007518	-0.03592
1.161	-0.1431	-0.02496
1.032	-0.3928	-0.0802
0.9649	-0.4508	-0.06791
0.8828	-0.3389	-0.1171
0.8128	-0.243	-0.1318
0.7777	-0.1141	-0.1055
0.6287	-0.05147	-0.1073
0.5227	-0.129	-0.09927
0.491	-0.1741	-0.1024
0.4328	-0.2065	-0.09881
0.4834	-0.2372	-0.07691
0.5121	-0.1464	-0.05678
0.5711	-0.03306	-0.04702
0.8074	0.01389	-0.06156
1.052	0.04364	-0.07119
1.167	0.06638	-0.07238
1.017	0.06568	-0.03947
0.8014	-0.01591	0.0475
0.7874	-0.1577	0.0923
0.9289	-0.3034	0.07134
1.179	-0.45	0.05202
0.6587	-0.2474	-0.04329
0.768	-0.1825	-0.02609
0.6857	-0.07613	-0.01867
0.5785	0.04274	-0.01426
0.6825	0.1225	-0.02561
1.016	0.07124	-0.03283
1.47	-0.07235	-0.06104
1.64	-0.3672	-0.07686
1.426	-0.672	0.01016
1.395	-0.7662	0.1339
1.557	-0.7285	0.1493
1.749	-0.5287	0.03739
2.072	-0.2403	-0.06408
2.001	-0.1809	-0.08351
1.608	-0.1748	-0.09521
1.336	-0.03294	-0.04395
1.022	-0.04232	0.07542
0.8879	-0.1023	0.0927
0.72	-0.09137	0.09893
0.4681	-0.175	0.1373
0.6369	-0.1746	0.06628
0.611	-0.1415	0.03137
0.4491	-0.1946	0.03841
0.5531	-0.1692	0.002724
0.3969	-0.1852	0.04606
0.3129	-0.2243	0.08044
0.362	-0.2192	0.09374
0.3263	-0.2595	0.1207
0.5382	-0.2347	0.05674
0.7927	-0.1976	-0.01101
1.073	-0.1931	-0.04896
1.177	-0.1508	-0.05399
0.9889	-0.1009	-0.001873
1.001	-0.05028	0.01479
1.008	-0.171	-0.01564
1.16	-0.42	-0.07225
1.578	-0.5061	-0.1268
1.635	-0.4564	-0.1489
1.564	-0.2796	-0.04374
1.694	-0.00772	0.1047
1.785	0.0963	-0.02181
1.685	0.04858	-0.1531
1.406	0.007518	-0.03592
1.161	-0.1431	-0.02496
1.032	-0.3928	-0.0802
0.9649	-0.4508	-0.06791
0.8828	-0.3389	-0.1171
0.8128	-0.243	-0.1318
0.7777	-0.1141	-0.1055
0.6287	-0.05147	-0.1073
0.5227	-0.129	-0.09927
0.491	-0.1741	-0.1024
0.4328	-0.2065	-0.09881
0.4834	-0.2372	-0.07691
0.5121	-0.1464	-0.05678
0.5711	-0.03306	-0.04702
0.8074	0.01389	-0.06156
1.052	0.04364	-0.07119
1.167	0.06638	-0.07238
1.017	0.06568	-0.03947
0.8014	-0.01591	0.0475
0.7874	-0.1577	0.0923
0.9289	-0.3034	0.07134
1.179	-0.45	0.05202
1.412	-0.4839	0.04724
1.726	-0.4137	0.04378
2.029	-0.3384	0.0316
1.964	-0.1967	0.01195
1.828	-0.09365	0.003263
1.634	-0.05786	0.01224
1.204	0.06809	0.0333
1.037	0.09736	0.05655
1.119	-0.02595	0.03218
1.093	-0.1045	-0.04196
1.03	-0.1515	-0.08488
0.8995	-0.1272	-0.0862
0.7055	-0.06824	-0.07011
0.5908	-0.03381	-0.05372
0.5662	0.02975	-0.05888
0.5814	0.006405	-0.07419
0.5827	-0.06212	-0.1055
0.5567	-0.1295	-0.1117
0.5065	-0.2429	-0.06598
0.44	-0.2719	-0.02378
0.4264	-0.2672	-0.001414
0.5466	-0.2667	-0.0004826
0.7348	-0.242	0.006592
0.8458	-0.2862	0.02576
0.8592	-0.3188	0.05178
0.777	-0.3017	0.1187
0.6635	-0.2843	0.1311
0.7577	-0.3055	0.04402
1.195	-0.4883	-0.08728
1.611	-0.6808	-0.1996
1.524	-0.6343	-0.1079
1.401	-0.5222	0.08954
1.696	-0.4304	0.1346
1.779	-0.2097	0.1037
1.645	-0.05895	0.05031
1.656	0.1069	0.006213
1.446	0.3753	0.0512
1.197	0.2384	0.06915
1.138	0.01166	-0.002418
1.069	-0.05656	-0.1178
0.9404	-0.3164	-0.1849
0.7119	-0.3113	-0.1426
0.6789	-0.1864	-0.1222
0.7572	-0.2648	-0.1539
0.6515	-0.1801	-0.1516
0.5952	-0.1798	-0.1446
0.5213	-0.1985	-0.1513
0.4757	-0.08658	-0.1439
0.583	-0.065	-0.1254
0.6915	0.019	-0.09137
0.8388	0.07028	-0.04232
0.8895	0.1255	-0.0288
0.8753	0.2319	-0.05409
0.9712	0.1833	-0.075
1.027	0.102	-0.07587
1.021	-0.05923	-0.04445
1.002	-0.2561	-0.01904
1.006	-0.4017	-0.03996
1.101	-0.6362	-0.06999
1.339	-0.7747	-0.07827
1.702	-0.7652	-0.07646
1.926	-0.6976	-0.04402
1.915	-0.5444	0.03403
1.824	-0.4179	0.0776
1.412	-0.4839	0.04724
1.726	-0.4137	0.04378
2.029	-0.3384	0.0316
1.964	-0.1967	0.01195
1.828	-0.09365	0.003263
1.634	-0.05786	0.01224
1.204	0.06809	0.0333
1.037	0.09736	0.05655
1.119	-0.02595	0.03218
1.093	-0.1045	-0.04196
1.03	-0.1515	-0.08488
0.8995	-0.1272	-0.0862
0.7055	-0.06824	-0.07011
0.5908	-0.03381	-0.05372
0.5662	0.02975	-0.05888
0.5814	0.006405	-0.07419
0.5827	-0.06212	-0.1055
0.5567	-0.1295	-0.1117
0.5065	-0.2429	-0.06598
0.44	-0.2719	-0.02378
0.4264	-0.2672	-0.001414
0.5466	-0.2667	-0.0004826
0.7348	-0.242	0.006592
0.8458	-0.2862	0.02576
0.8592	-0.3188	0.05178
0.777	-0.3017	0.1187
0.6635	-0.2843	0.1311
0.7577	-0.3055	0.04402
1.195	-0.4883	-0.08728
1.611	-0.6808	-0.1996
1.524	-0.6343	-0.1079
1.401	-0.5222	0.08954
1.696	-0.4304	0.1346
1.779	-0.2097	0.1037
1.645	-0.05895	0.05031
1.656	0.1069	0.006213
1.446	0.3753	0.0512
1.197	0.2384	0.06915
1.138	0.01166	-0.002418
1.069	-0.05656	-0.1178
0.9404	-0.3164	-0.1849
0.7119	-0.3113	-0.1426
0.6789	-0.1864	-0.1222
0.7572	-0.2648	-0.1539
0.6515	-0.1801	-0.1516
0.5952	-0.1798	-0.1446
0.5213	-0.1985	-0.1513
0.4757	-0.08658	-0.1439
0.583	-0.065	-0.1254
0.6915	0.019	-0.09137
0.8388	0.07028	-0.04232
0.8895	0.1255	-0.0288
0.8753	0.2319	-0.05409
0.9712	0.1833	-0.075
1.027	0.102	-0.07587
1.021	-0.05923	-0.04445
1.002	-0.2561	-0.01904
1.006	-0.4017	-0.03996
1.101	-0.6362	-0.06999
1.339	-0.7747	-0.07827
1.702	-0.7652	-0.07646
1.926	-0.6976	-0.04402
1.915	-0.5444	0.03403
1.824	-0.4179	0.0776
1.648	-0.3159	0.05679
1.377	-0.1595	0.0286
1.19	-0.01475	0.007768
1.138	0.02587	0.003951
1.005	0.02392	0.01607
0.8292	0.01572	0.0332
0.7455	-0.07794	0.07274
0.621	-0.1462	0.1052
0.5113	-0.1748	0.0962
0.4307	-0.2204	0.08796
0.2724	-0.1992	0.08272
0.2439	-0.2177	0.03484
0.444	-0.2509	-0.01458
0.7773	-0.1929	-0.03441
1.073	-0.1054	-0.06327
1.078	0.05559	-0.06715
0.8494	0.1398	0.02294
0.6228	0.01996	0.1319
0.597	-0.1377	0.1279
0.787	-0.3111	0.06876
0.939	-0.4604	0.01689
1.007	-0.5143	-0.09999
1.179	-0.5641	-0.2184
1.545	-0.5865	-0.2642
1.88	-0.5479	-0.2522
1.902	-0.5087	-0.134
1.79	-0.3697	0.004304
1.607	-0.1115	0.02915
1.274	0.08095	0.002039
1.167	0.1268	-0.02068
1.287	0.006989	-0.08743
1.206	-0.1697	-0.1557
1.023	-0.2427	-0.1171
0.8152	-0.2878	-0.05197
0.5476	-0.3375	-0.04113
0.5155	-0.323	-0.03467
0.5456	-0.2579	-0.06343
0.4568	-0.1821	-0.08831
0.5535	-0.1318	-0.07977
0.6316	-0.09099	-0.09913
0.5681	-0.05954	-0.08941
0.6025	-0.02511	-0.05165
0.6149	0.06674	-0.03009
0.6476	0.1369	-0.03439
0.7821	0.1019	-0.07293
0.902	0.02922	-0.08755
1.012	-0.08283	-0.09271
1.053	-0.2591	-0.09618
1.08	-0.3638	-0.06502
1.193	-0.4508	0.005073
1.347	-0.6068	0.09135
1.603	-0.589	0.05188
1.925	-0.4761	-0.03706
2.005	-0.4807	-0.0124
1.788	-0.431	-0.001334
1.622	-0.3946	-2.273e-05
1.456	-0.3701	0.02739
1.201	-0.1859	0.008483
1.125	-0.1334	0.01766
1.024	-0.2206	0.03094
0.8215	-0.2214	0.02244
0.7054	-0.2518	0.04315
0.5435	-0.253	0.05344
0.4351	-0.2114	0.08159
1.648	-0.3159	0.05679
1.377	-0.1595	0.0286
1.19	-0.01475	0.007768
1.138	0.02587	0.003951
1.005	0.02392	0.01607
0.8292	0.01572	0.0332
0.7455	-0.07794	0.07274
0.621	-0.1462	0.1052
0.5113	-0.1748	0.0962
0.4307	-0.2204	0.08796
0.2724	-0.1992	0.08272
0.2439	-0.2177	0.03484
0.444	-0.2509	-0.01458
0.7773	-0.1929	-0.03441
1.073	-0.1054	-0.06327
1.078	0.05559	-0.06715
0.8494	0.1398	0.02294
0.6228	0.01996	0.1319
0.597	-0.1377	0.1279
0.787	-0.3111	0.06876
0.939	-0.4604	0.01689
1.007	-0.5143	-0.09999
1.179	-0.5641	-0.2184
1.545	-0.5865	-0.2642
1.88	-0.5479	-0.2522
1.902	-0.5087	-0.134
1.79	-0.3697	0.004304
1.607	-0.1115	0.02915
1.274	0.08095	0.002039
1.167	0.1268	-0.02068
1.287	0.006989	-0.08743
1.206	-0.1697	-0.1557
1.023	-0.2427	-0.1171
0.8152	-0.2878	-0.05197
0.5476	-0.3375	-0.04113
0.5155	-0.323	-0.03467
0.5456	-0.2579	-0.06343
0.4568	-0.1821	-0.08831
0.5535	-0.1318	-0.07977
0.6316	-0.09099	-0.09913
0.5681	-0.05954	-0.08941
0.6025	-0.02511	-0.05165
0.6149	0.06674	-0.03009
0.6476	0.1369	-0.03439
0.7821	0.1019	-0.07293
0.902	0.02922	-0.08755
1.012	-0.08283	-0.09271
1.053	-0.2591	-0.09618
1.08	-0.3638	-0.06502
1.193	-0.4508	0.005073
1.347	-0.6068	0.09135
1.603	-0.589	0.05188
1.925	-0.4761	-0.03706
2.005	-0.4807	-0.0124
1.788	-0.431	-0.001334
1.622	-0.3946	-2.273e-05
1.456	-0.3701	0.02739
1.201	-0.1859	0.008483
1.125	-0.1334	0.01766
1.024	-0.2206	0.03094
0.8215	-0.2214	0.02244
0.7054	-0.2518	0.04315
0.5435	-0.253	0.05344
0.4351	-0.2114	0.08159
0.4037	-0.2053	0.1039
0.3898	-0.1504	0.08946
0.4475	-0.08919	0.09974
0.4658	-0.03918	0.09193
0.5073	-0.02073	0.0636
0.5536	-0.06084	0.04899
0.5988	-0.0997	0.03011
0.7788	-0.197	0.02024
0.9593	-0.3121	-0.01141
1.032	-0.3175	-0.04505
0.9207	-0.2092	-0.01788
0.7073	-0.06785	0.004471
0.7372	-0.07594	-0.04576
1.217	-0.2911	-0.1651
1.831	-0.571	-0.2902
1.857	-0.7794	-0.2685
1.634	-0.8228	-0.1106
1.796	-0.5925	-0.02464
1.778	-0.1643	-0.04339
1.608	0.1013	-0.05749
1.52	0.1201	-0.03696
1.203	0.001888	-0.03242
1.058	-0.2638	-0.07071
1.013	-0.4127	-0.08946
0.7888	-0.3599	-0.08895
0.7232	-0.2766	-0.08197
0.6261	-0.1116	-0.06112
0.5142	0.01453	-0.06708
0.4989	0.01969	-0.07157
0.3951	-0.001135	-0.09325
0.4063	-0.05651	-0.1357
0.4964	-0.1117	-0.1337
0.6048	-0.1571	-0.1177
0.7912	-0.1583	-0.08839
0.8845	-0.111	-0.05134
0.8945	-0.0529	-0.02696
0.8264	0.01241	0.01478
0.7437	-0.04428	0.0542
0.75	-0.2047	0.07254
0.7963	-0.3615	0.0723
0.9281	-0.4898	0.05759
1.129	-0.5443	0.03973
1.408	-0.5798	0.03138
1.763	-0.6009	0.001312
1.927	-0.5934	-0.04456
1.746	-0.509	0.01049
1.476	-0.334	0.0855
1.393	-0.2916	0.06173
1.369	-0.2726	0.0619
1.259	-0.1682	0.08043
1.123	-0.1992	0.05719
0.9959	-0.2121	0.0585
0.8751	-0.1449	0.06054
0.6956	-0.1288	0.05317
0.5422	-0.07655	0.06555
0.475	-0.06986	0.06942
0.4282	-0.1157	0.07938
0.459	-0.1269	0.09653
0.4992	-0.1569	0.09719
0.5332	-0.152	0.1012
0.6006	-0.1172	0.09792
0.6859	-0.07326	0.06997
0.8526	-0.01761	0.03923
0.9501	-0.04463	0.02134
0.4037	-0.2053	0.1039
0.3898	-0.1504	0.08946
0.4475	-0.08919	0.09974
0.4658	-0.03918	0.09193
0.5073	-0.02073	0.0636
0.5536	-0.06084	0.04899
0.5988	-0.0997	0.03011
0.7788	-0.197	0.02024
0.9593	-0.3121	-0.01141
1.032	-0.3175	-0.04505
0.9207	-0.2092	-0.01788
0.7073	-0.06785	0.004471
0.7372	-0.07594	-0.04576
1.217	-0.2911	-0.1651
1.831	-0.571	-0.2902
1.857	-0.7794	-0.2685
1.634	-0.8228	-0.1106
1.796	-0.5925	-0.02464
1.778	-0.1643	-0.04339
1.608	0.1013	-0.05749
1.52	0.1201	-0.03696
1.203	0.001888	-0.03242
1.058	-0.2638	-0.07071
1.013	-0.4127	-0.08946
0.7888	-0.3599	-0.08895
0.7232	-0.2766	-0.08197
0.6261	-0.1116	-0.06112
0.5142	0.01453	-0.06708
0.4989	0.01969	-0.07157
0.3951	-0.001135	-0.09325
0.4063	-0.05651	-0.1357
0.4964	-0.1117	-0.1337
0.6048	-0.1571	-0.1177
0.7912	-0.1583	-0.08839
0.8845	-0.111	-0.05134
0.8945	-0.0529	-0.02696
0.8264	0.01241	0.01478
0.7437	-0.04428	0.0542
0.75	-0.2047	0.07254
0.7963	-0.3615	0.0723
0.9281	-0.4898	0.05759
1.129	-0.5443	0.03973
1.408	-0.5798	0.03138
1.763	-0.6009	0.001312
1.927	-0.5934	-0.04456
1.746	-0.509	0.01049
1.476	-0.334	0.0855
1.393	-0.2916	0.06173
1.369	-0.2726	0.0619
1.259	-0.1682	0.08043
1.123	-0.1992	0.05719
0.9959	-0.2121	0.0585
0.8751	-0.1449	0.06054
0.6956	-0.1288	0.05317
0.5422	-0.07655	0.06555
0.475	-0.06986	0.06942
0.4282	-0.1157	0.07938
0.459	-0.1269	0.09653
0.4992	-0.1569	0.09719
0.5332	-0.152	0.1012
0.6006	-0.1172	0.09792
0.6859	-0.07326	0.06997
0.8526	-0.01761	0.03923
0.9501	-0.04463	0.02134
0.9854	-0.09684	0.0157
1.04	-0.1078	0.03244
0.9574	-0.0977	0.07869
0.8704	-0.08227	0.0876
0.8886	-0.1912	-0.01324
1.089	-0.4508	-0.1574
1.576	-0.7161	-0.2241
1.811	-0.816	-0.1874
1.408	-0.7008	-0.04105
1.098	-0.5573	0.121
1.484	-0.3024	0.05313
1.861	0.1041	-0.1345
1.718	0.1248	-0.1613
1.467	-0.1222	-0.1063
1.136	-0.1632	-0.01704
0.8609	-0.2925	0.0439
0.8703	-0.3692	-0.0002384
0.7629	-0.1863	-0.02047
0.6282	-0.1589	-0.06691
0.6662	-0.1297	-0.116
0.6332	-0.01446	-0.1194
0.5632	-0.03121	-0.1526
0.5022	-0.05365	-0.1098
0.4787	-0.1239	-0.0932
0.5435	-0.1987	-0.1347
0.6443	-0.2031	-0.1132
0.713	-0.1713	-0.1125
0.6436	-0.05976	-0.05802
0.5894	-0.008457	0.00667
0.7016	-0.02007	-0.01652
0.886	-0.04099	-0.03319
1.027	-0.1081	-0.06989
0.9964	-0.2	-0.09183
0.9151	-0.2791	-0.07202
0.9752	-0.2656	-0.04613
1.198	-0.3195	0.006255
1.646	-0.4879	0.03
2.015	-0.6031	-0.02596
1.947	-0.6281	-0.09267
1.777	-0.4961	-0.05014
1.655	-0.3181	0.009405
1.39	-0.1113	0.02936
1.148	0.1538	0.1247
1.061	0.1641	0.1559
1.098	-0.07515	0.07278
1.102	-0.2885	0.02053
0.9235	-0.3387	0.003522
0.7012	-0.203	0.03448
0.4843	-0.07207	0.07961
0.4117	-0.07249	0.1034
0.5054	-0.1655	0.1249
0.5436	-0.2836	0.1112
0.6708	-0.3062	0.07994
0.8147	-0.2344	0.03413
0.8271	-0.168	-0.008375
0.8779	-0.1178	0.002
0.884	-0.1203	0.0301
0.8552	-0.1828	0.06444
0.8765	-0.2092	0.07686
0.9072	-0.1937	0.04643
0.9953	-0.1471	0.03132
1.035	-0.0643	0.02751
0.9851	0.006838	0.03181
0.9554	0.05681	0.04301
