0.9699	0.004375	0.1952
1.004	-0.00544	0.1681
1.032	-0.02488	0.1264
1.035	-0.04243	0.1109
1.042	-0.04457	0.1176
1.034	-0.05059	0.1156
1.019	-0.04802	0.1199
1.02	-0.04409	0.1264
1.016	-0.05065	0.1289
1.013	-0.04959	0.1416
1.002	-0.04505	0.1562
0.9927	-0.03394	0.1693
1.012	-0.01861	0.1733
1.031	-0.01464	0.1623
1.035	-0.01451	0.1492
1.03	-0.01206	0.1438
1.023	-0.01227	0.1489
1.022	-0.01634	0.1496
1.018	-0.01972	0.1453
1.014	-0.0243	0.1499
1.007	-0.03147	0.1522
1.001	-0.03488	0.151
1.004	-0.03616	0.153
1.008	-0.03653	0.1511
1.016	-0.03567	0.1401
1.025	-0.03676	0.126
1.025	-0.03825	0.1243
1.026	-0.03718	0.1333
1.021	-0.03372	0.145
1.015	-0.02979	0.1538
1.017	-0.02487	0.1517
1.01	-0.02193	0.1513
0.9984	-0.02287	0.155
0.9983	-0.0219	0.159
1.006	-0.02052	0.1644
1.015	-0.01799	0.1597
1.027	-0.01561	0.1495
1.037	-0.0245	0.1372
1.037	-0.03623	0.1297
1.029	-0.04227	0.1388
1.022	-0.0464	0.14
1.015	-0.04279	0.1355
1.008	-0.03469	0.1417
1.008	-0.0283	0.1453
1.007	-0.02335	0.1493
1.007	-0.02274	0.1524
1.01	-0.02221	0.1533
1.011	-0.02174	0.1554
1.013	-0.02372	0.1524
1.02	-0.02567	0.1502
1.023	-0.0299	0.1477
1.021	-0.03178	0.1468
1.017	-0.02771	0.1483
1.016	-0.02498	0.1435
1.017	-0.02731	0.1419
1.014	-0.03143	0.1458
1.011	-0.03309	0.1513
1.012	-0.03308	0.1516
1.016	-0.03294	0.1425
1.022	-0.03225	0.1408
1.023	-0.03106	0.1447
1.02	-0.02959	0.1434
1.02	-0.02788	0.1415
1.018	-0.02614	0.1415
1.016	-0.02716	0.1446
1.014	-0.02963	0.1472
1.011	-0.03034	0.148
1.012	-0.02932	0.1497
1.01	-0.02481	0.1515
1.011	-0.02304	0.1533
1.018	-0.02815	0.1531
1.02	-0.02967	0.1524
1.017	-0.02788	0.152
1.017	-0.02997	0.1479
1.017	-0.03009	0.1438
1.018	-0.0272	0.1419
1.018	-0.02769	0.1395
1.015	-0.03017	0.1397
1.013	-0.03115	0.1447
1.015	-0.03006	0.1479
1.016	-0.02881	0.1467
1.016	-0.02826	0.1486
1.017	-0.02799	0.1499
1.018	-0.02963	0.1472
1.019	-0.03045	0.1474
1.017	-0.02941	0.1471
1.014	-0.02963	0.1458
1.015	-0.02949	0.1461
0.9991	-0.02827	0.1736
1.019	-0.02716	0.1408
1.026	-0.02928	0.1277
1.029	-0.03048	0.1307
1.025	-0.03002	0.1399
1.018	-0.02914	0.1483
1.019	-0.02686	0.1472
1.01	-0.0259	0.1482
0.9974	-0.02804	0.1535
0.9963	-0.0275	0.1588
1.003	-0.02588	0.1652
1.012	-0.02259	0.1611
1.024	-0.0191	0.1512
1.035	-0.0267	0.1388
1.035	-0.03713	0.131
1.028	-0.04199	0.1397
1.022	-0.04516	0.1403
1.015	-0.04085	0.1354
1.009	-0.03234	0.1412
1.009	-0.02584	0.1445
1.009	-0.02101	0.1484
1.009	-0.02071	0.1514
1.012	-0.02063	0.1523
1.012	-0.02067	0.1546
1.014	-0.02318	0.1518
1.02	-0.02562	0.1498
1.024	-0.03026	0.1475
1.021	-0.03244	0.1469
1.017	-0.02858	0.1485
1.016	-0.02593	0.1439
1.017	-0.02825	0.1423
1.013	-0.03228	0.1463
1.01	-0.03378	0.1518
1.012	-0.03359	0.152
1.016	-0.03325	0.1428
1.021	-0.03237	0.141
1.022	-0.03101	0.1448
1.02	-0.0294	0.1434
1.02	-0.0276	0.1414
1.018	-0.02581	0.1414
1.016	-0.02681	0.1444
1.014	-0.0293	0.147
1.011	-0.03006	0.1479
1.012	-0.0291	0.1496
1.011	-0.02466	0.1514
1.011	-0.02297	0.1532
1.018	-0.02814	0.153
1.02	-0.02972	0.1523
1.017	-0.02797	0.152
1.017	-0.03009	0.148
1.017	-0.03022	0.1439
1.018	-0.02733	0.1419
1.018	-0.02781	0.1396
1.015	-0.03027	0.1397
1.013	-0.03122	0.1447
1.015	-0.0301	0.148
1.016	-0.02883	0.1468
1.016	-0.02826	0.1486
1.017	-0.02797	0.1499
1.018	-0.02959	0.1472
1.019	-0.03041	0.1474
1.017	-0.02937	0.147
1.014	-0.02958	0.1458
1.015	-0.02945	0.1461
1.015	-0.02934	0.144
1.017	-0.02951	0.1448
1.016	-0.0278	0.1496
1.012	-0.02687	0.1518
1.012	-0.02665	0.1514
1.016	-0.02601	0.1503
1.02	-0.02801	0.1471
1.02	-0.03004	0.1438
1.019	-0.02911	0.1422
1.018	-0.02857	0.1428
1.015	-0.02909	0.1471
1.014	-0.03	0.1487
1.016	-0.03101	0.1468
1.016	-0.03051	0.1466
1.016	-0.02971	0.1427
1.015	-0.02953	0.1416
1.016	-0.02924	0.1465
1.017	-0.02868	0.1491
1.016	-0.02804	0.1506
1.014	-0.02812	0.1482
1.013	-0.02822	0.1457
1.014	-0.02805	0.1479
1.014	-0.02768	0.1484
1.014	-0.02738	0.1493
1.016	-0.02839	0.1496
1.019	-0.02841	0.1489
1.022	-0.02776	0.1506
1.021	-0.02903	0.1471
1.019	-0.02997	0.1404
1.017	-0.03056	0.1396
1.015	-0.03112	0.1441
1.013	-0.0296	0.1463
1.014	-0.02806	0.1458
1.017	-0.02804	0.1472
1.016	-0.02743	0.1459
1.013	-0.02728	0.1447
1.009	-0.02848	0.1507
1.012	-0.02882	0.1561
1.019	-0.0294	0.1552
1.022	-0.03064	0.1477
1.019	-0.03267	0.1397
1.016	-0.03337	0.1404
1.016	-0.02807	0.1438
1.017	-0.02528	0.1454
1.018	-0.02707	0.1477
1.017	-0.02437	0.1492
1.017	-0.02438	0.1479
1.017	-0.02785	0.1453
1.014	-0.02868	0.1446
1.015	-0.03271	0.1435
1.015	-0.03591	0.1432
1.011	-0.03342	0.1488
1.012	-0.03017	0.1535
1.017	-0.02676	0.1523
1.018	-0.02566	0.1496
1.015	-0.02803	0.1473
1.014	-0.02825	0.1459
1.018	-0.02643	0.1451
1.018	-0.02617	0.1464
1.017	-0.02587	0.1496
1.02	-0.02627	0.1483
1.025	-0.0299	0.1437
1.025	-0.03151	0.1439
1.02	-0.03031	0.146
1.01	-0.03876	0.126
1.01	-0.03281	0.1389
1.009	-0.02757	0.1512
1.006	-0.02494	0.1573
1.008	-0.02423	0.1583
1.014	-0.02383	0.1569
1.019	-0.02645	0.1524
1.02	-0.02923	0.1474
1.021	-0.02901	0.1439
1.02	-0.02903	0.1428
1.018	-0.02993	0.1458
1.017	-0.03102	0.1465
1.018	-0.03204	0.1441
1.018	-0.03142	0.1438
1.017	-0.03039	0.1402
1.016	-0.02994	0.1395
1.016	-0.02937	0.145
1.016	-0.02856	0.1483
1.015	-0.02771	0.1504
1.012	-0.02764	0.1485
1.012	-0.02767	0.1464
1.013	-0.02749	0.149
1.013	-0.02716	0.1495
1.014	-0.02695	0.1505
1.015	-0.02807	0.1507
1.019	-0.02821	0.1498
1.022	-0.02768	0.1512
1.021	-0.02906	0.1475
1.02	-0.03009	0.1405
1.018	-0.03074	0.1396
1.015	-0.03135	0.1438
1.013	-0.02984	0.1459
1.014	-0.02829	0.1453
1.017	-0.02824	0.1467
1.017	-0.02759	0.1455
1.013	-0.02739	0.1444
1.009	-0.02854	0.1504
1.012	-0.02884	0.1559
1.019	-0.02938	0.1551
1.022	-0.03059	0.1477
1.018	-0.03259	0.1398
1.016	-0.03329	0.1405
1.016	-0.02799	0.144
1.017	-0.02521	0.1456
1.018	-0.02701	0.1478
1.017	-0.02433	0.1493
1.017	-0.02435	0.148
1.017	-0.02783	0.1454
1.014	-0.02868	0.1447
1.015	-0.03272	0.1436
1.015	-0.03594	0.1432
1.011	-0.03345	0.1487
1.012	-0.0302	0.1535
1.017	-0.02679	0.1522
1.018	-0.02568	0.1495
1.015	-0.02805	0.1473
1.014	-0.02826	0.1459
1.018	-0.02644	0.145
1.018	-0.02617	0.1464
1.017	-0.02587	0.1496
1.02	-0.02626	0.1483
1.025	-0.02989	0.1437
1.025	-0.03149	0.1439
1.02	-0.0303	0.146
1.013	-0.03334	0.1409
1.009	-0.03562	0.1374
1.008	-0.03162	0.1415
1.006	-0.02705	0.1431
1.003	-0.02429	0.149
1.006	-0.02416	0.1606
1.02	-0.02537	0.1617
1.033	-0.02637	0.1539
1.033	-0.02876	0.1463
1.026	-0.02935	0.1427
1.018	-0.02999	0.1412
1.012	-0.03204	0.1418
1.008	-0.03142	0.1472
1.004	-0.02951	0.1495
1.007	-0.02689	0.1491
1.018	-0.02727	0.1485
1.023	-0.03081	0.1447
1.024	-0.03098	0.1439
1.024	-0.03032	0.1433
1.019	-0.02963	0.1398
1.013	-0.02824	0.1406
1.011	-0.0286	0.1456
1.009	-0.02907	0.1486
1.008	-0.02853	0.1494
1.012	-0.02563	0.154
1.018	-0.02386	0.1565
1.023	-0.02705	0.1523
1.025	-0.0293	0.1488
1.021	-0.02985	0.1447
1.018	-0.03245	0.1397
1.017	-0.03416	0.1396
1.012	-0.03126	0.144
1.009	-0.02502	0.1478
1.01	-0.0235	0.1494
1.011	-0.02828	0.1525
1.014	-0.02992	0.1511
1.022	-0.02899	0.1459
1.027	-0.02987	0.1457
1.023	-0.02918	0.1423
1.017	-0.0283	0.1406
1.01	-0.0279	0.1463
1.009	-0.02752	0.1486
1.012	-0.03022	0.1507
1.014	-0.03167	0.1469
1.016	-0.03172	0.1404
1.017	-0.03419	0.1437
1.016	-0.03241	0.1416
1.014	-0.02525	0.1411
1.016	-0.02216	0.1534
1.025	-0.02465	0.1604
1.027	-0.02544	0.1588
1.02	-0.02527	0.1514
1.019	-0.02857	0.1436
1.014	-0.03186	0.1424
1.009	-0.03362	0.1409
1.013	-0.03231	0.1421
1.017	-0.0288	0.1448
1.016	-0.0285	0.1448
1.012	-0.0281	0.1509
1.009	-0.02741	0.1537
1.01	-0.02823	0.147
1.011	-0.02682	0.1462
1.014	-0.02624	0.1473
1.022	-0.02799	0.1448
1.032	-0.0292	0.1376
1.022	-0.03687	0.1385
1.017	-0.03526	0.144
1.012	-0.03113	0.1455
1.005	-0.02763	0.1503
1.007	-0.02621	0.1606
1.019	-0.026	0.1605
1.03	-0.02573	0.152
1.03	-0.02716	0.144
1.023	-0.02717	0.1403
1.015	-0.02761	0.1391
1.009	-0.02978	0.1402
1.006	-0.02954	0.1463
1.002	-0.02817	0.1493
1.007	-0.02614	0.1495
1.018	-0.02712	0.1494
1.023	-0.03119	0.146
1.024	-0.03177	0.1454
1.025	-0.03139	0.1447
1.02	-0.03083	0.1412
1.014	-0.02945	0.1418
1.012	-0.02969	0.1464
1.01	-0.02997	0.1491
1.009	-0.02918	0.1496
1.012	-0.02603	0.1539
1.018	-0.02399	0.1561
1.023	-0.02696	0.1518
1.025	-0.02903	0.1482
1.021	-0.02945	0.1441
1.017	-0.03197	0.1391
1.016	-0.03367	0.139
1.012	-0.03079	0.1435
1.008	-0.02462	0.1475
1.009	-0.02319	0.1493
1.011	-0.02807	0.1525
1.014	-0.02981	0.1511
1.022	-0.02897	0.1461
1.027	-0.02994	0.1459
1.023	-0.0293	0.1425
1.017	-0.02846	0.1409
1.01	-0.02808	0.1465
1.009	-0.0277	0.1488
1.012	-0.03037	0.1508
1.014	-0.03181	0.147
1.017	-0.03181	0.1404
1.017	-0.03425	0.1437
1.016	-0.03243	0.1416
1.014	-0.02524	0.141
1.016	-0.02212	0.1533
1.025	-0.0246	0.1603
1.027	-0.02538	0.1587
1.02	-0.0252	0.1513
1.019	-0.02851	0.1436
1.014	-0.03181	0.1423
1.009	-0.03358	0.1409
1.013	-0.03228	0.1421
1.017	-0.02878	0.1448
1.016	-0.0285	0.1448
1.012	-0.02811	0.151
1.009	-0.02743	0.1538
1.01	-0.02825	0.147
1.011	-0.02684	0.1462
1.014	-0.02626	0.1473
1.022	-0.02801	0.1448
1.022	-0.02999	0.1446
1.021	-0.03223	0.1422
1.023	-0.03394	0.1413
1.021	-0.03561	0.1446
1.021	-0.03445	0.1451
1.017	-0.0293	0.1466
1.011	-0.02555	0.1496
1.012	-0.0235	0.1503
1.011	-0.02095	0.1524
1.01	-0.02091	0.1548
1.014	-0.02438	0.152
1.018	-0.02762	0.1437
1.021	-0.02895	0.1367
1.021	-0.03087	0.1384
1.019	-0.03545	0.1463
1.018	-0.03675	0.1493
1.015	-0.03096	0.1467
1.013	-0.02816	0.1504
1.012	-0.02953	0.1546
1.01	-0.02814	0.1514
1.008	-0.02839	0.1519
1.011	-0.02897	0.1511
1.023	-0.02808	0.1435
1.029	-0.02819	0.1396
1.022	-0.02479	0.1383
1.02	-0.02488	0.1392
1.021	-0.03317	0.1452
1.015	-0.03494	0.1482
1.015	-0.02844	0.1463
1.012	-0.02584	0.1484
1.01	-0.02567	0.1507
1.017	-0.02598	0.1432
1.021	-0.03276	0.1398
1.022	-0.03578	0.144
1.019	-0.03071	0.1431
1.008	-0.02898	0.1499
1.003	-0.02482	0.1609
1.002	-0.02131	0.1577
1.005	-0.02671	0.1524
1.014	-0.02712	0.1538
1.022	-0.02379	0.1544
1.029	-0.02542	0.1513
1.033	-0.02973	0.1433
1.031	-0.0365	0.1356
1.024	-0.03923	0.1327
1.015	-0.03626	0.1332
1.01	-0.03111	0.1373
1.01	-0.02618	0.142
1.013	-0.0264	0.1472
1.017	-0.02651	0.15
1.017	-0.02661	0.148
1.014	-0.02874	0.1503
1.012	-0.02717	0.1526
1.012	-0.02738	0.1542
1.01	-0.028	0.156
1.012	-0.02671	0.1477
1.015	-0.02919	0.1438
1.014	-0.03033	0.1481
1.016	-0.02997	0.1494
1.021	-0.02938	0.149
1.023	-0.0273	0.145
1.023	-0.02645	0.1454
1.016	-0.02495	0.1448
1.012	-0.02759	0.1399
1.013	-0.02757	0.1518
1.016	-0.03154	0.145
1.02	-0.03446	0.1414
1.02	-0.03686	0.1433
1.021	-0.03604	0.1432
1.017	-0.03092	0.1447
1.012	-0.02699	0.1481
1.012	-0.02461	0.1493
1.011	-0.02166	0.1519
1.011	-0.02121	0.1548
1.014	-0.02432	0.1524
1.018	-0.02726	0.1444
1.021	-0.02837	0.1375
1.021	-0.03017	0.1392
1.019	-0.03471	0.1471
1.018	-0.03606	0.1499
1.015	-0.03037	0.1471
1.013	-0.02771	0.1506
1.012	-0.02922	0.1547
1.01	-0.028	0.1513
1.008	-0.02839	0.1517
1.011	-0.02909	0.1508
1.023	-0.02829	0.1431
1.029	-0.02846	0.1393
1.022	-0.02507	0.138
1.02	-0.02516	0.1389
1.021	-0.03341	0.145
1.015	-0.03513	0.1481
1.015	-0.02858	0.1463
1.012	-0.02592	0.1484
1.01	-0.02569	0.1508
1.016	-0.02596	0.1433
1.021	-0.03269	0.1399
1.022	-0.03569	0.1441
1.019	-0.0306	0.1433
1.008	-0.02887	0.15
1.003	-0.02473	0.161
1.002	-0.02122	0.1577
1.005	-0.02665	0.1524
1.014	-0.02708	0.1538
1.022	-0.02377	0.1544
1.029	-0.02542	0.1513
1.033	-0.02975	0.1433
1.031	-0.03653	0.1355
1.024	-0.03927	0.1326
1.015	-0.0363	0.1331
1.01	-0.03114	0.1373
1.01	-0.02621	0.142
1.013	-0.02643	0.1471
1.017	-0.02653	0.15
1.017	-0.02662	0.148
1.014	-0.02874	0.1503
1.012	-0.02717	0.1527
1.012	-0.02737	0.1543
1.01	-0.02799	0.156
1.012	-0.02669	0.1478
1.015	-0.02918	0.1438
1.014	-0.03032	0.1482
1.016	-0.02996	0.1494
1.021	-0.02937	0.149
1.023	-0.02729	0.145
1.023	-0.02645	0.1454
1.016	-0.02495	0.1448
1.012	-0.02759	0.1399
1.015	-0.03342	0.143
1.016	-0.03354	0.1421
1.018	-0.03148	0.1437
1.02	-0.02963	0.1542
1.018	-0.02825	0.1538
1.016	-0.02766	0.1462
1.013	-0.02624	0.1434
1.012	-0.02702	0.146
1.013	-0.03018	0.1487
1.013	-0.03266	0.1513
1.016	-0.0302	0.1523
1.017	-0.02344	0.1436
1.015	-0.02294	0.1404
1.017	-0.03085	0.1481
1.019	-0.0352	0.1508
1.019	-0.03226	0.1495
1.02	-0.03075	0.1425
1.022	-0.02979	0.1351
1.019	-0.02726	0.1402
1.012	-0.02575	0.1497
1.008	-0.02364	0.1538
1.014	-0.02598	0.1492
1.019	-0.02869	0.1422
1.018	-0.02744	0.1448
1.013	-0.02984	0.1534
1.011	-0.03023	0.158
1.016	-0.02958	0.1524
1.017	-0.03114	0.1447
1.014	-0.02992	0.1438
1.014	-0.03066	0.1416
1.016	-0.03098	0.1399
1.02	-0.02947	0.1413
1.023	-0.0293	0.1447
1.021	-0.02776	0.1527
1.02	-0.02651	0.1529
1.019	-0.0253	0.1455
1.015	-0.02597	0.1449
1.014	-0.02912	0.1485
1.01	-0.02983	0.1494
1.008	-0.03042	0.1475
1.01	-0.03103	0.1487
1.015	-0.03115	0.1475
1.02	-0.03209	0.1405
1.02	-0.02891	0.1399
1.021	-0.02272	0.1474
1.021	-0.02262	0.1538
1.017	-0.02976	0.1531
1.015	-0.0332	0.1485
1.011	-0.03059	0.1453
1.007	-0.03039	0.1429
1.012	-0.02978	0.1421
1.022	-0.02815	0.1415
1.025	-0.0294	0.1393
1.021	-0.02969	0.1407
1.017	-0.03045	0.1504
1.015	-0.02915	0.159
1.014	-0.02506	0.1588
1.017	-0.02638	0.1572
1.018	-0.02782	0.1463
1.012	-0.02651	0.1293
1.003	-0.02688	0.1318
0.9977	-0.02638	0.1495
1.003	-0.02586	0.1648
1.019	-0.02721	0.1623
1.043	-0.03227	0.1607
1.034	-0.03588	0.1386
1.027	-0.03509	0.1296
1.024	-0.03312	0.1371
1.017	-0.03082	0.1383
1.012	-0.02897	0.1349
1.007	-0.02629	0.1373
1.006	-0.026	0.145
1.007	-0.0284	0.1519
1.008	-0.03047	0.1574
1.012	-0.02793	0.1601
1.015	-0.02137	0.1518
1.015	-0.02126	0.1481
1.018	-0.02969	0.1544
1.02	-0.03461	0.1552
1.021	-0.03221	0.152
1.022	-0.03116	0.143
1.024	-0.03055	0.1338
1.022	-0.02825	0.1377
1.013	-0.02684	0.1463
1.01	-0.02472	0.1499
1.014	-0.02695	0.1454
1.019	-0.02947	0.1387
1.018	-0.028	0.1419
1.012	-0.03015	0.1514
1.01	-0.03032	0.1568
1.015	-0.02947	0.152
1.016	-0.03087	0.145
1.013	-0.02955	0.1447
1.013	-0.03023	0.1429
1.015	-0.03054	0.1414
1.019	-0.02906	0.1429
1.023	-0.02896	0.1461
1.021	-0.02749	0.154
1.02	-0.02633	0.1538
1.019	-0.02521	0.1462
1.016	-0.02597	0.1452
1.014	-0.02919	0.1486
1.01	-0.02994	0.1492
1.009	-0.03056	0.1471
1.011	-0.03119	0.1481
1.015	-0.03131	0.147
1.02	-0.03223	0.14
1.02	-0.02903	0.1394
1.021	-0.0228	0.147
1.021	-0.02266	0.1535
1.017	-0.02978	0.1529
1.015	-0.03319	0.1485
1.011	-0.03056	0.1454
1.007	-0.03035	0.143
1.012	-0.02973	0.1423
1.022	-0.02809	0.1417
1.025	-0.02934	0.1395
1.021	-0.02964	0.1409
1.017	-0.03041	0.1506
1.015	-0.02913	0.1592
1.014	-0.02505	0.1589
1.017	-0.02638	0.1572
1.018	-0.02783	0.1463
1.012	-0.02653	0.1293
1.003	-0.0269	0.1317
0.9977	-0.0264	0.1494
1.003	-0.02589	0.1647
1.019	-0.02723	0.1622
1.033	-0.0303	0.1471
1.039	-0.03332	0.1427
1.039	-0.03581	0.143
1.029	-0.0387	0.1435
1.017	-0.03645	0.142
1.009	-0.03046	0.1309
1.001	-0.02667	0.1307
0.9996	-0.02411	0.1456
1.005	-0.02231	0.1534
1.008	-0.02004	0.1521
1.011	-0.02092	0.1483
1.013	-0.02698	0.1471
1.014	-0.03062	0.1574
1.022	-0.03222	0.1615
1.028	-0.0344	0.1477
1.03	-0.03744	0.1424
1.028	-0.03578	0.1444
1.019	-0.02062	0.1463
1.014	-0.01501	0.1518
1.013	-0.02799	0.1488
1.01	-0.02882	0.1502
1.009	-0.02616	0.153
1.014	-0.03507	0.1417
1.017	-0.03678	0.1354
1.018	-0.03453	0.1357
1.017	-0.03327	0.1391
1.012	-0.02938	0.1443
1.008	-0.0288	0.1447
1.008	-0.02547	0.1493
1.016	-0.0214	0.1519
1.023	-0.02274	0.1504
1.02	-0.02359	0.153
1.024	-0.02555	0.1521
1.028	-0.02897	0.148
1.027	-0.03491	0.1413
1.023	-0.03853	0.1407
1.008	-0.0315	0.1555
0.9977	-0.02675	0.1616
1.003	-0.02701	0.1484
1.014	-0.02816	0.1368
1.024	-0.03346	0.1352
1.019	-0.0324	0.14
1.011	-0.02738	0.1469
1.014	-0.02634	0.1488
1.014	-0.02486	0.1489
1.014	-0.02447	0.1501
1.015	-0.02503	0.1493
1.017	-0.02744	0.1519
1.021	-0.02992	0.1529
1.021	-0.02969	0.1464
1.023	-0.03277	0.1408
1.025	-0.03459	0.1389
1.021	-0.03198	0.1392
1.018	-0.0286	0.1413
1.011	-0.02517	0.1449
1.006	-0.0252	0.1477
1.006	-0.02607	0.152
1.007	-0.02831	0.1591
1.011	-0.03086	0.1553
1.017	-0.02861	0.1472
1.022	-0.02899	0.1462
1.022	-0.03005	0.1434
1.02	-0.0289	0.1468
1.02	-0.03105	0.1507
1.009	-0.02845	0.1408
1.022	-0.02905	0.1446
1.028	-0.03074	0.1489
1.023	-0.03395	0.1505
1.015	-0.03269	0.1484
1.01	-0.02801	0.1356
1.005	-0.0256	0.1333
1.005	-0.0243	0.1462
1.011	-0.0235	0.1522
1.013	-0.02191	0.1497
1.015	-0.02315	0.1452
1.016	-0.02927	0.1438
1.016	-0.03273	0.1543
1.023	-0.03396	0.1589
1.028	-0.03566	0.1458
1.029	-0.03818	0.1413
1.026	-0.03601	0.1441
1.017	-0.02039	0.1467
1.012	-0.01444	0.1528
1.011	-0.02718	0.1502
1.008	-0.02788	0.1517
1.008	-0.0252	0.1545
1.013	-0.03418	0.1431
1.017	-0.03602	0.1365
1.018	-0.03396	0.1365
1.017	-0.03291	0.1396
1.013	-0.02922	0.1446
1.009	-0.02882	0.1446
1.009	-0.02564	0.149
1.017	-0.02168	0.1514
1.024	-0.02309	0.1499
1.021	-0.02396	0.1524
1.024	-0.02591	0.1515
1.029	-0.02928	0.1474
1.027	-0.03516	0.1409
1.023	-0.03871	0.1405
1.008	-0.0316	0.1553
0.9974	-0.02678	0.1616
1.003	-0.02697	0.1484
1.014	-0.02808	0.137
1.024	-0.03334	0.1354
1.019	-0.03227	0.1402
1.011	-0.02724	0.1472
1.013	-0.02621	0.149
1.013	-0.02475	0.1491
1.014	-0.02439	0.1502
1.015	-0.02498	0.1494
1.017	-0.02742	0.1519
1.022	-0.02992	0.1529
1.021	-0.02971	0.1464
1.023	-0.03281	0.1407
1.026	-0.03463	0.1388
1.021	-0.03203	0.1391
1.018	-0.02865	0.1412
1.011	-0.02522	0.1448
1.006	-0.02523	0.1476
1.006	-0.0261	0.152
1.007	-0.02832	0.1591
1.011	-0.03087	0.1553
1.017	-0.02861	0.1472
1.022	-0.02898	0.1463
1.022	-0.03003	0.1434
1.02	-0.02888	0.1468
1.02	-0.03103	0.1507
1.021	-0.03104	0.1437
1.021	-0.0296	0.1439
1.017	-0.02972	0.1464
1.01	-0.02868	0.1431
1.01	-0.02854	0.1431
1.011	-0.02834	0.1413
1.011	-0.02748	0.144
1.013	-0.0273	0.1518
1.013	-0.02668	0.1524
1.016	-0.02607	0.1497
1.021	-0.02687	0.1468
1.023	-0.02905	0.145
1.026	-0.02987	0.1433
1.024	-0.0297	0.143
1.016	-0.03159	0.1493
1.011	-0.03406	0.153
1.011	-0.03292	0.1505
1.009	-0.02702	0.1486
1.013	-0.02337	0.1474
1.018	-0.02542	0.1461
1.018	-0.02636	0.1398
1.022	-0.02748	0.1381
1.022	-0.03148	0.15
1.013	-0.03233	0.1545
1.012	-0.03047	0.1484
1.014	-0.02913	0.1472
1.011	-0.02856	0.1456
1.013	-0.02908	0.1445
1.014	-0.02869	0.1484
1.017	-0.0273	0.1466
1.022	-0.0266	0.1425
1.023	-0.02796	0.1438
1.021	-0.03067	0.1457
1.017	-0.03159	0.1463
1.014	-0.03063	0.1471
1.011	-0.02978	0.1501
1.011	-0.02982	0.1534
1.015	-0.02956	0.1507
1.018	-0.02796	0.1445
1.017	-0.02631	0.1431
1.016	-0.0273	0.1469
1.016	-0.02749	0.148
1.017	-0.02409	0.1454
1.018	-0.02606	0.1462
1.018	-0.02952	0.148
1.016	-0.02773	0.1484
1.015	-0.0292	0.1491
1.015	-0.03145	0.1478
1.016	-0.03252	0.1451
1.016	-0.03377	0.1409
1.015	-0.03245	0.1392
1.015	-0.03247	0.1456
1.015	-0.03124	0.1497
1.015	-0.0282	0.1487
1.017	-0.02584	0.1483
1.019	-0.02265	0.1468
1.018	-0.02249	0.148
1.016	-0.02446	0.1486
1.016	-0.02606	0.1454
1.017	-0.02756	0.1457
1.016	-0.02907	0.1476
1.013	-0.03058	0.1482
1.013	-0.03101	0.1482
1.014	-0.03214	0.1497
1.012	-0.03226	0.1544
1.021	-0.03285	0.1494
1.022	-0.0334	0.1482
1.016	-0.03179	0.1425
1.016	-0.03057	0.1409
1.017	-0.02911	0.1384
1.015	-0.02708	0.141
1.014	-0.02596	0.149
1.013	-0.02471	0.1502
1.015	-0.02381	0.1482
1.019	-0.02461	0.146
1.02	-0.02704	0.1448
1.023	-0.02828	0.1437
1.021	-0.02863	0.1437
1.014	-0.03107	0.1503
1.009	-0.03405	0.1541
1.01	-0.03335	0.1516
1.009	-0.02777	0.1496
1.013	-0.02433	0.1482
1.018	-0.02647	0.1466
1.019	-0.02738	0.1401
1.023	-0.02839	0.1381
1.023	-0.03221	0.1498
1.014	-0.03285	0.1542
1.013	-0.03076	0.148
1.014	-0.02921	0.1468
1.012	-0.02845	0.1452
1.013	-0.02883	0.1441
1.014	-0.02834	0.1481
1.017	-0.0269	0.1464
1.022	-0.02619	0.1424
1.023	-0.02758	0.1438
1.02	-0.03035	0.1457
1.017	-0.03135	0.1464
1.014	-0.03048	0.1472
1.011	-0.02971	0.1503
1.01	-0.02982	0.1535
1.015	-0.02963	0.1508
1.018	-0.02807	0.1446
1.017	-0.02645	0.1432
1.016	-0.02745	0.147
1.016	-0.02763	0.148
1.017	-0.02422	0.1454
1.018	-0.02616	0.1461
1.018	-0.02959	0.1479
1.016	-0.02777	0.1483
1.015	-0.02921	0.1491
1.015	-0.03143	0.1478
1.016	-0.03248	0.145
1.016	-0.03372	0.1408
1.015	-0.03239	0.1392
1.015	-0.03242	0.1456
1.015	-0.03119	0.1497
1.015	-0.02816	0.1487
1.017	-0.02581	0.1483
1.019	-0.02263	0.1468
1.018	-0.02248	0.148
1.016	-0.02446	0.1486
1.016	-0.02607	0.1454
1.017	-0.02758	0.1457
1.016	-0.02909	0.1477
1.013	-0.0306	0.1482
1.013	-0.03103	0.1482
1.014	-0.03215	0.1497
1.014	-0.0315	0.1524
1.015	-0.03037	0.15
1.017	-0.03423	0.148
1.019	-0.03568	0.1472
1.022	-0.0317	0.1417
1.024	-0.02957	0.1392
1.021	-0.0285	0.1396
1.014	-0.0256	0.1411
1.012	-0.02238	0.1477
1.011	-0.02079	0.151
1.01	-0.02327	0.147
1.013	-0.0267	0.1466
1.014	-0.02801	0.1506
1.013	-0.02967	0.1495
1.015	-0.03034	0.147
1.019	-0.03007	0.1464
1.021	-0.03066	0.1467
1.021	-0.03183	0.1493
1.02	-0.03301	0.1485
1.017	-0.03193	0.1459
1.014	-0.03043	0.1456
1.014	-0.02908	0.1435
1.014	-0.02775	0.1433
1.015	-0.02789	0.1454
1.017	-0.02685	0.1485
1.016	-0.02703	0.1528
1.016	-0.02853	0.1521
1.016	-0.02815	0.1483
1.016	-0.02814	0.1458
1.017	-0.02772	0.1426
1.018	-0.02848	0.1405
1.017	-0.02951	0.1412
1.013	-0.02786	0.1453
1.011	-0.02847	0.1489
1.018	-0.02977	0.1508
1.02	-0.02934	0.1545
1.018	-0.02973	0.1537
1.017	-0.03016	0.1482
1.015	-0.03042	0.1444
1.015	-0.02994	0.1422
1.016	-0.02961	0.142
1.014	-0.02835	0.1428
1.014	-0.02629	0.1457
1.014	-0.02883	0.148
1.016	-0.03048	0.1438
1.019	-0.02831	0.1442
1.017	-0.0287	0.1502
1.017	-0.0273	0.1505
1.016	-0.02503	0.1484
1.017	-0.02853	0.1483
1.018	-0.03069	0.1487
1.015	-0.02974	0.1472
1.014	-0.031	0.145
1.014	-0.02962	0.1453
1.014	-0.02654	0.1464
1.017	-0.02794	0.1477
1.019	-0.02874	0.1487
1.017	-0.02785	0.1471
1.016	-0.0304	0.1458
1.016	-0.03235	0.1464
1.019	-0.0296	0.1463
1.02	-0.02695	0.1455
1.017	-0.02756	0.1453
1.018	-0.02806	0.1461
1.017	-0.03009	0.1393
1.011	-0.0261	0.148
1.01	-0.02952	0.1523
1.011	-0.03194	0.1544
1.016	-0.02964	0.1494
1.02	-0.02934	0.1458
1.018	-0.02988	0.1444
1.014	-0.02819	0.1438
1.014	-0.02569	0.1484
1.014	-0.02432	0.15
1.014	-0.02658	0.1447
1.017	-0.02946	0.1436
1.017	-0.03002	0.1473
1.016	-0.03082	0.1463
1.017	-0.03065	0.1442
1.02	-0.02963	0.1443
1.022	-0.02963	0.1454
1.021	-0.03039	0.1488
1.019	-0.03136	0.1487
1.015	-0.03026	0.1466
1.012	-0.02889	0.1467
1.013	-0.02779	0.1449
1.013	-0.02679	0.1447
1.014	-0.02729	0.1468
1.016	-0.0266	0.1496
1.015	-0.0271	0.1537
1.016	-0.02886	0.1527
1.016	-0.02867	0.1486
1.016	-0.02878	0.1458
1.018	-0.02839	0.1424
1.018	-0.02912	0.1401
1.018	-0.03007	0.1407
1.014	-0.0283	0.1448
1.012	-0.02878	0.1484
1.018	-0.02994	0.1503
1.021	-0.02939	0.1541
1.018	-0.02966	0.1535
1.017	-0.03001	0.148
1.015	-0.03021	0.1444
1.015	-0.0297	0.1422
1.015	-0.02937	0.1422
1.014	-0.02813	0.143
1.014	-0.0261	0.1459
1.014	-0.02869	0.1482
1.016	-0.03039	0.144
1.019	-0.02828	0.1443
1.017	-0.02871	0.1503
1.017	-0.02734	0.1506
1.016	-0.02509	0.1484
1.017	-0.02862	0.1483
1.018	-0.03078	0.1486
1.015	-0.02982	0.1471
1.014	-0.03107	0.1449
1.014	-0.02967	0.1453
1.014	-0.02658	0.1463
1.017	-0.02797	0.1476
1.019	-0.02875	0.1486
1.017	-0.02784	0.1471
1.016	-0.03038	0.1458
1.016	-0.03232	0.1464
1.019	-0.02957	0.1464
1.02	-0.02692	0.1455
1.017	-0.02753	0.1453
1.018	-0.02803	0.1461
1.019	-0.02798	0.1486
1.015	-0.02881	0.148
1.012	-0.02955	0.1428
1.008	-0.03218	0.1406
1.004	-0.03277	0.1466
1.006	-0.02857	0.1577
1.014	-0.02731	0.1584
1.025	-0.02596	0.1463
1.028	-0.02148	0.1432
1.027	-0.02245	0.1487
1.023	-0.0282	0.1451
1.016	-0.03269	0.1366
1.016	-0.03375	0.1348
1.016	-0.03302	0.1403
1.011	-0.03284	0.1481
1.01	-0.03201	0.1513
1.01	-0.03231	0.1494
1.011	-0.03135	0.1504
1.015	-0.02469	0.1574
1.016	-0.02143	0.1594
1.018	-0.02464	0.1507
1.017	-0.0262	0.1434
1.015	-0.02713	0.1429
1.015	-0.02913	0.146
1.02	-0.031	0.1476
1.027	-0.03212	0.1404
1.029	-0.02955	0.1354
1.024	-0.02734	0.1409
1.014	-0.02662	0.1505
1.007	-0.02596	0.1557
1.008	-0.03193	0.1453
1.007	-0.03608	0.137
1.003	-0.03272	0.1444
1.004	-0.03182	0.1517
1.014	-0.02762	0.1544
1.025	-0.02279	0.1442
1.029	-0.02604	0.1382
1.028	-0.02676	0.1528
1.023	-0.02696	0.1545
1.017	-0.02962	0.1499
1.017	-0.02926	0.1525
1.014	-0.03051	0.1452
1.012	-0.03051	0.1439
1.015	-0.02787	0.1478
1.013	-0.02781	0.1456
1.015	-0.02861	0.1466
1.018	-0.02926	0.1471
1.018	-0.02932	0.1501
1.018	-0.02931	0.1495
1.01	-0.02826	0.1351
1.008	-0.02766	0.1313
1.014	-0.0311	0.144
1.013	-0.03145	0.1482
1.014	-0.02859	0.1474
1.018	-0.02983	0.1512
1.018	-0.02978	0.1503
1.02	-0.02424	0.1512
1.021	-0.02295	0.1549
1.025	-0.02923	0.1523
1.026	-0.0311	0.1483
1.02	-0.02907	0.1443
1.012	-0.02984	0.1419
1.011	-0.02921	0.1424
1.011	-0.02947	0.1433
1.01	-0.02633	0.1474
1.013	-0.02983	0.1479
1.014	-0.03164	0.1434
1.012	-0.03431	0.1416
1.009	-0.03434	0.1476
1.01	-0.02931	0.1585
1.018	-0.02721	0.1589
1.027	-0.02514	0.1465
1.029	-0.02016	0.1431
1.027	-0.02085	0.1484
1.022	-0.02656	0.1446
1.015	-0.03121	0.136
1.014	-0.03257	0.1342
1.014	-0.03221	0.1397
1.009	-0.03244	0.1477
1.009	-0.03201	0.151
1.009	-0.03264	0.1492
1.01	-0.03193	0.1504
1.015	-0.02544	0.1574
1.017	-0.02224	0.1595
1.018	-0.02543	0.1509
1.018	-0.0269	0.1437
1.016	-0.0277	0.1432
1.016	-0.02953	0.1462
1.02	-0.03122	0.1478
1.028	-0.03218	0.1405
1.029	-0.02947	0.1355
1.024	-0.02714	0.141
1.015	-0.02634	0.1505
1.007	-0.02565	0.1556
1.008	-0.03161	0.1452
1.006	-0.03578	0.1369
1.002	-0.03246	0.1443
1.004	-0.03163	0.1516
1.014	-0.02749	0.1543
1.025	-0.02273	0.1441
1.028	-0.02604	0.1381
1.028	-0.0268	0.1528
1.023	-0.02705	0.1545
1.017	-0.02973	0.1499
1.017	-0.02937	0.1525
1.014	-0.03063	0.1453
1.013	-0.03061	0.144
1.015	-0.02796	0.1479
1.013	-0.02787	0.1457
1.015	-0.02864	0.1466
1.018	-0.02927	0.1471
1.018	-0.02931	0.1502
1.018	-0.02928	0.1495
1.01	-0.02822	0.1351
1.008	-0.02761	0.1313
1.014	-0.03105	0.144
1.013	-0.03141	0.1482
1.014	-0.02856	0.1474
1.018	-0.0298	0.1512
1.018	-0.02976	0.1502
1.02	-0.02424	0.1512
1.021	-0.02295	0.1549
1.025	-0.02924	0.1523
1.026	-0.03111	0.1483
1.02	-0.02908	0.1443
1.013	-0.02985	0.1419
1.011	-0.02923	0.1424
1.011	-0.02948	0.1433
1.01	-0.02995	0.1454
1.01	-0.02864	0.1455
1.011	-0.03091	0.149
1.013	-0.03119	0.1512
1.016	-0.02824	0.1452
1.02	-0.02833	0.1457
1.023	-0.02862	0.1501
1.022	-0.02822	0.1503
1.018	-0.02813	0.1493
1.015	-0.02797	0.1467
1.014	-0.02847	0.1462
1.015	-0.02836	0.1466
1.017	-0.02777	0.1454
1.018	-0.0277	0.1438
1.018	-0.02851	0.1423
1.017	-0.02989	0.1406
1.014	-0.02954	0.1408
1.012	-0.02635	0.1492
1.012	-0.02499	0.1546
1.012	-0.02884	0.1497
1.013	-0.03151	0.1475
1.017	-0.03223	0.1472
1.018	-0.03414	0.149
1.019	-0.03186	0.1513
1.021	-0.02909	0.1465
1.023	-0.02904	0.1441
1.019	-0.02661	0.1434
1.014	-0.02638	0.1428
1.009	-0.02705	0.1517
1.009	-0.02492	0.1556
1.016	-0.02613	0.1472
1.021	-0.02825	0.1425
1.018	-0.02903	0.1413
1.018	-0.03107	0.1385
1.019	-0.0321	0.1406
1.017	-0.03187	0.1466
1.016	-0.02885	0.1501
1.012	-0.02554	0.1534
1.011	-0.02667	0.155
1.014	-0.02797	0.1497
1.015	-0.02989	0.1437
1.017	-0.03154	0.1415
1.018	-0.02994	0.1423
1.017	-0.03031	0.1476
1.02	-0.02996	0.1511
1.018	-0.02862	0.1504
1.012	-0.02982	0.1545
1.012	-0.02871	0.1564
1.014	-0.02676	0.148
1.015	-0.02581	0.1398
1.016	-0.02605	0.1364
1.02	-0.02888	0.1382
1.022	-0.03094	0.1435
1.02	-0.03093	0.146
1.017	-0.0283	0.1469
1.016	-0.02669	0.1463
1.014	-0.02842	0.1451
1.014	-0.02842	0.1472
1.016	-0.02925	0.1497
1.019	-0.03013	0.151
1.016	-0.02633	0.1534
1.009	-0.02464	0.1553
1.008	-0.0295	0.1501
1.015	-0.03618	0.1405
1.025	-0.02902	0.1135
1.019	-0.0325	0.1439
1.014	-0.03265	0.1616
1.015	-0.02912	0.1675
1.013	-0.02933	0.1567
1.014	-0.02481	0.1467
1.016	-0.02503	0.1457
1.016	-0.02925	0.1441
1.02	-0.02802	0.142
1.021	-0.02762	0.1421
1.018	-0.02977	0.1454
1.017	-0.03043	0.1473
1.018	-0.02676	0.1422
1.017	-0.02589	0.1407
1.015	-0.02786	0.1444
1.014	-0.02743	0.1436
1.016	-0.03073	0.1451
1.016	-0.033	0.1476
1.014	-0.03056	0.1465
1.017	-0.02848	0.1493
1.019	-0.02637	0.1513
1.014	-0.02634	0.1491
1.014	-0.02884	0.1505
1.015	-0.03381	0.1554
1.014	-0.0368	0.1543
1.015	-0.03018	0.1483
1.016	-0.02373	0.1468
1.015	-0.0229	0.1441
1.017	-0.02101	0.1387
1.017	-0.02342	0.1363
1.016	-0.02996	0.1376
1.017	-0.0331	0.1448
1.017	-0.03552	0.1494
1.018	-0.03468	0.1501
1.019	-0.02895	0.1534
1.017	-0.02786	0.1523
1.017	-0.02894	0.15
1.018	-0.02423	0.152
1.017	-0.02356	0.1484
1.017	-0.03065	0.1343
1.014	-0.03339	0.1314
1.006	-0.03356	0.1505
1.005	-0.03359	0.1581
1.017	-0.02759	0.1505
1.025	-0.02205	0.1547
1.023	-0.02093	0.1519
1.023	-0.02434	0.1393
1.016	-0.03188	0.1397
1.008	-0.03392	0.1414
1.012	-0.0333	0.1429
1.011	-0.03531	0.1494
1.014	-0.03137	0.151
1.023	-0.02365	0.1465
1.022	-0.02159	0.1403
1.023	-0.02574	0.1417
1.019	-0.03067	0.1474
1.011	-0.03133	0.1485
1.013	-0.03041	0.15
1.012	-0.02934	0.1506
1.012	-0.02772	0.1505
1.013	-0.02903	0.151
1.013	-0.02969	0.1496
1.017	-0.02896	0.1476
1.016	-0.03111	0.1456
1.018	-0.02999	0.1452
1.024	-0.02511	0.144
1.023	-0.02375	0.1432
1.018	-0.02334	0.1467
1.013	-0.0241	0.147
1.013	-0.03114	0.1452
1.014	-0.03537	0.1461
1.017	-0.03195	0.1483
1.019	-0.03183	0.1488
1.016	-0.03225	0.1461
1.017	-0.0298	0.1453
1.015	-0.0305	0.1482
1.012	-0.02956	0.1505
1.015	-0.02964	0.1493
1.016	-0.03078	0.1434
1.02	-0.02551	0.1399
1.026	-0.02346	0.1398
1.021	-0.02531	0.1386
1.006	-0.02503	0.1459
0.998	-0.02611	0.1592
1.002	-0.02646	0.1616
1.01	-0.02708	0.1573
1.021	-0.02903	0.1533
1.027	-0.03034	0.145
1.026	-0.03273	0.1365
1.03	-0.03455	0.1342
1.028	-0.03534	0.1366
1.018	-0.03538	0.1399
1.013	-0.03406	0.1461
1.009	-0.03174	0.1544
1.009	-0.02665	0.1548
1.012	-0.02127	0.1491
1.013	-0.01898	0.1465
1.014	-0.02069	0.1467
1.015	-0.02514	0.1475
1.017	-0.02839	0.1482
1.016	-0.03186	0.1481
1.015	-0.03319	0.1461
1.016	-0.0299	0.1456
1.016	-0.02795	0.1506
1.018	-0.02788	0.1511
1.018	-0.02931	0.1443
1.017	-0.03039	0.14
1.018	-0.02894	0.1408
1.014	-0.02969	0.1463
1.014	-0.03142	0.1526
1.015	-0.03234	0.151
1.016	-0.03279	0.145
1.017	-0.03015	0.1449
1.016	-0.02644	0.1459
1.016	-0.02575	0.1449
1.018	-0.02848	0.146
1.018	-0.02922	0.1452
1.018	-0.02796	0.1454
1.014	-0.02932	0.1493
1.013	-0.02893	0.1494
1.015	-0.02737	0.1485
1.016	-0.02738	0.1524
1.016	-0.02513	0.1525
1.016	-0.02512	0.1461
1.015	-0.02979	0.145
1.016	-0.03155	0.1468
1.015	-0.03048	0.1425
1.015	-0.03085	0.1394
1.016	-0.03559	0.1456
1.022	-0.02773	0.1435
1.022	-0.02437	0.143
1.016	-0.02274	0.1473
1.012	-0.02286	0.1486
1.012	-0.0297	0.1476
1.014	-0.03402	0.149
1.018	-0.03086	0.1513
1.019	-0.03107	0.1516
1.017	-0.03185	0.1484
1.018	-0.02973	0.1469
1.015	-0.03069	0.1491
1.013	-0.02994	0.1506
1.015	-0.03012	0.1488
1.016	-0.0313	0.1423
1.02	-0.02599	0.1385
1.026	-0.02386	0.1383
1.021	-0.02561	0.137
1.006	-0.02521	0.1444
0.9977	-0.02616	0.158
1.001	-0.02642	0.1607
1.009	-0.02695	0.1567
1.021	-0.02885	0.1531
1.027	-0.03012	0.1451
1.025	-0.03251	0.1368
1.03	-0.03434	0.1347
1.028	-0.03517	0.1372
1.018	-0.03525	0.1405
1.014	-0.03398	0.1467
1.009	-0.03171	0.1549
1.009	-0.02665	0.1552
1.012	-0.02131	0.1494
1.013	-0.01904	0.1467
1.014	-0.02077	0.1467
1.016	-0.02523	0.1475
1.017	-0.02848	0.148
1.016	-0.03193	0.1479
1.015	-0.03324	0.1459
1.016	-0.02995	0.1454
1.016	-0.02797	0.1504
1.018	-0.02789	0.1509
1.018	-0.02931	0.1442
1.017	-0.03037	0.1399
1.018	-0.02891	0.1408
1.014	-0.02966	0.1463
1.014	-0.03139	0.1526
1.015	-0.03231	0.151
1.016	-0.03276	0.1451
1.017	-0.03013	0.145
1.016	-0.02643	0.146
1.016	-0.02575	0.1449
1.018	-0.02848	0.146
1.018	-0.02922	0.1453
1.018	-0.02797	0.1454
1.014	-0.02933	0.1493
1.013	-0.02894	0.1494
1.015	-0.02738	0.1485
1.016	-0.02739	0.1524
1.016	-0.02514	0.1524
1.016	-0.02513	0.1461
1.015	-0.02979	0.145
1.016	-0.03155	0.1468
1.015	-0.03048	0.1425
1.015	-0.03084	0.1394
1.018	-0.02987	0.1398
1.018	-0.0283	0.1427
1.017	-0.02934	0.1508
1.02	-0.02922	0.1535
1.02	-0.02805	0.1487
1.016	-0.02822	0.1486
1.013	-0.02815	0.1513
1.013	-0.02803	0.1488
1.015	-0.02711	0.143
1.016	-0.0273	0.1404
1.014	-0.02957	0.1443
1.014	-0.0302	0.1482
1.016	-0.03062	0.148
1.018	-0.031	0.1461
1.019	-0.03008	0.143
1.015	-0.02896	0.1464
1.012	-0.02781	0.1561
1.014	-0.02839	0.1568
1.015	-0.02895	0.1489
1.017	-0.0285	0.1448
1.018	-0.02846	0.1446
1.017	-0.02758	0.1434
1.019	-0.02837	0.143
1.019	-0.03058	0.1433
1.014	-0.03045	0.1447
1.011	-0.02836	0.1505
1.014	-0.02709	0.1498
1.019	-0.02777	0.1419
1.021	-0.02652	0.1413
1.02	-0.02628	0.1441
1.018	-0.0304	0.1454
1.016	-0.03148	0.1483
1.012	-0.03086	0.1492
1.011	-0.03166	0.1494
1.014	-0.03049	0.1504
1.014	-0.03005	0.1488
1.014	-0.0297	0.146
1.018	-0.02698	0.1459
1.019	-0.02605	0.1502
1.018	-0.02681	0.1527
1.017	-0.02664	0.1492
1.016	-0.02711	0.1486
1.017	-0.02756	0.1479
1.019	-0.02721	0.1435
1.016	-0.02879	0.1433
1.011	-0.03117	0.1427
1.011	-0.03163	0.1409
1.016	-0.03131	0.1421
1.02	-0.03057	0.1418
1.019	-0.02884	0.1451
1.014	-0.02876	0.1523
1.012	-0.03096	0.1514
1.017	-0.03068	0.1463
1.02	-0.02709	0.1475
1.018	-0.02428	0.1481
1.019	-0.025	0.1452
1.018	-0.02961	0.1476
1.011	-0.03182	0.1504
1.01	-0.02869	0.1487
1.016	-0.02751	0.1476
1.018	-0.02857	0.1465
1.017	-0.02808	0.1477
1.017	-0.02846	0.1494
1.016	-0.0288	0.1467
1.013	-0.02529	0.1435
1.015	-0.02935	0.1453
1.016	-0.03306	0.1515
1.019	-0.03361	0.1521
1.02	-0.03184	0.1455
1.017	-0.03076	0.1443
1.014	-0.02921	0.1465
1.014	-0.02771	0.1443
1.016	-0.02567	0.1392
1.017	-0.02511	0.1375
1.015	-0.02703	0.1427
1.014	-0.02767	0.1478
1.017	-0.02838	0.1486
1.018	-0.02926	0.1476
1.019	-0.02895	0.1451
1.015	-0.02846	0.1488
1.012	-0.0279	0.1586
1.014	-0.02898	0.1591
1.014	-0.0299	0.1508
1.016	-0.02968	0.1463
1.018	-0.02971	0.1455
1.017	-0.02879	0.1438
1.019	-0.02942	0.1429
1.019	-0.03141	0.1427
1.014	-0.03102	0.1439
1.012	-0.02866	0.1495
1.014	-0.02714	0.1488
1.019	-0.0276	0.1409
1.021	-0.02619	0.1405
1.021	-0.02585	0.1435
1.019	-0.02991	0.1449
1.016	-0.03099	0.148
1.012	-0.03041	0.1492
1.011	-0.03129	0.1495
1.014	-0.03022	0.1506
1.014	-0.02987	0.1491
1.014	-0.02963	0.1464
1.018	-0.02699	0.1462
1.019	-0.02614	0.1505
1.017	-0.02695	0.1529
1.017	-0.02681	0.1494
1.016	-0.02729	0.1487
1.017	-0.02773	0.148
1.019	-0.02736	0.1435
1.016	-0.02891	0.1432
1.011	-0.03125	0.1426
1.011	-0.03167	0.1408
1.016	-0.03132	0.142
1.02	-0.03055	0.1417
1.019	-0.0288	0.145
1.014	-0.0287	0.1522
1.012	-0.0309	0.1513
1.017	-0.03061	0.1462
1.02	-0.02704	0.1475
1.018	-0.02423	0.1481
1.019	-0.02497	0.1452
1.018	-0.02959	0.1477
1.011	-0.03181	0.1504
1.01	-0.0287	0.1488
1.016	-0.02752	0.1477
1.018	-0.02859	0.1466
1.017	-0.0281	0.1477
1.017	-0.02848	0.1494
1.016	-0.02883	0.1467
1.017	-0.02833	0.1454
1.016	-0.03022	0.1484
1.013	-0.03298	0.1498
1.013	-0.03244	0.1476
1.016	-0.02781	0.144
1.019	-0.02486	0.1413
1.02	-0.02627	0.1427
1.019	-0.02708	0.1452
1.019	-0.02961	0.145
1.017	-0.03319	0.1445
1.015	-0.03198	0.1439
1.015	-0.02941	0.1449
1.013	-0.02572	0.1474
1.014	-0.02383	0.1488
1.014	-0.02782	0.1516
1.013	-0.03039	0.1529
1.016	-0.03089	0.1516
1.018	-0.03046	0.1514
1.018	-0.0283	0.1494
1.018	-0.02843	0.145
1.015	-0.0293	0.1425
1.013	-0.02924	0.1437
1.014	-0.02827	0.1452
1.016	-0.02699	0.146
1.018	-0.02799	0.1452
1.018	-0.03015	0.1403
1.02	-0.03157	0.1405
1.019	-0.02981	0.1493
1.015	-0.02746	0.1546
1.015	-0.02759	0.1521
1.015	-0.02572	0.1463
1.014	-0.02493	0.1443
1.016	-0.02875	0.1489
1.016	-0.03132	0.1501
1.016	-0.03079	0.1466
1.017	-0.03077	0.1475
1.014	-0.03287	0.1463
1.013	-0.03316	0.1397
1.016	-0.0298	0.1391
1.018	-0.02698	0.1448
1.018	-0.02618	0.1504
1.018	-0.02609	0.1532
1.016	-0.02603	0.1551
1.013	-0.02598	0.1555
1.014	-0.02688	0.1461
1.016	-0.02904	0.1388
1.017	-0.03047	0.142
1.016	-0.03036	0.1415
1.017	-0.0312	0.1418
1.018	-0.03106	0.1457
1.018	-0.02801	0.1444
1.017	-0.02733	0.1456
1.018	-0.02957	0.149
1.018	-0.03019	0.1506
1.016	-0.02912	0.1532
1.013	-0.02832	0.154
1.01	-0.02828	0.1532
1.011	-0.02786	0.1501
1.015	-0.02805	0.1461
1.018	-0.02938	0.1431
1.018	-0.02886	0.1385
1.019	-0.02878	0.1384
1.018	-0.03065	0.143
1.014	-0.02942	0.1473
1.017	-0.02738	0.1389
1.017	-0.02834	0.15
1.014	-0.03087	0.1557
1.013	-0.03057	0.155
1.016	-0.02645	0.1511
1.019	-0.02412	0.147
1.02	-0.02613	0.1465
1.019	-0.02746	0.147
1.018	-0.03038	0.1449
1.017	-0.03419	0.1429
1.015	-0.03307	0.1413
1.014	-0.03045	0.1418
1.013	-0.02661	0.1442
1.014	-0.02451	0.1459
1.014	-0.02826	0.1492
1.013	-0.03058	0.1511
1.016	-0.03085	0.1506
1.018	-0.03024	0.1511
1.019	-0.02793	0.1498
1.018	-0.02799	0.1459
1.015	-0.02883	0.1437
1.013	-0.02879	0.1451
1.014	-0.02788	0.1466
1.017	-0.02668	0.1473
1.018	-0.02778	0.1462
1.018	-0.03004	0.141
1.02	-0.03155	0.141
1.019	-0.02987	0.1495
1.015	-0.02759	0.1545
1.015	-0.02775	0.1518
1.015	-0.0259	0.1459
1.014	-0.02511	0.1438
1.016	-0.02891	0.1484
1.016	-0.03145	0.1496
1.016	-0.03089	0.1462
1.017	-0.03083	0.1472
1.014	-0.0329	0.146
1.013	-0.03315	0.1396
1.016	-0.02976	0.1391
1.018	-0.02693	0.1448
1.018	-0.02611	0.1506
1.018	-0.02603	0.1534
1.016	-0.02597	0.1553
1.013	-0.02592	0.1557
1.014	-0.02684	0.1463
1.016	-0.02901	0.1389
1.017	-0.03045	0.1421
1.016	-0.03036	0.1415
1.017	-0.03121	0.1418
1.018	-0.03108	0.1457
1.018	-0.02803	0.1444
1.017	-0.02735	0.1456
1.018	-0.02959	0.1489
1.018	-0.03021	0.1505
1.016	-0.02913	0.1532
1.013	-0.02834	0.154
1.01	-0.02828	0.1532
1.011	-0.02787	0.1501
1.015	-0.02804	0.1461
1.018	-0.02938	0.1431
1.018	-0.02885	0.1385
1.019	-0.02877	0.1384
1.018	-0.03064	0.143
1.014	-0.02941	0.1473
1.014	-0.0274	0.1515
1.015	-0.0278	0.1507
1.017	-0.02796	0.1443
1.021	-0.02847	0.141
1.022	-0.0294	0.1433
1.018	-0.03003	0.1466
1.016	-0.02996	0.1536
1.015	-0.02859	0.1607
1.014	-0.02768	0.1551
1.013	-0.02854	0.1441
1.013	-0.03212	0.1386
1.012	-0.03244	0.1389
1.015	-0.0248	0.1443
1.018	-0.02232	0.1467
1.017	-0.02775	0.1467
1.017	-0.02851	0.1472
1.016	-0.02881	0.1467
1.017	-0.0319	0.1486
1.018	-0.03156	0.148
1.018	-0.0327	0.146
1.017	-0.03228	0.1467
1.015	-0.02521	0.1454
1.014	-0.02343	0.1435
1.015	-0.02841	0.1448
1.016	-0.03113	0.1505
1.018	-0.03065	0.1533
1.017	-0.02962	0.1493
1.013	-0.02917	0.1478
1.012	-0.02836	0.148
1.016	-0.02791	0.1456
1.017	-0.02747	0.144
1.016	-0.02718	0.1434
1.018	-0.02842	0.1457
1.019	-0.02951	0.1472
1.02	-0.03166	0.1445
1.019	-0.03191	0.1458
1.014	-0.02632	0.1506
1.012	-0.02373	0.1505
1.014	-0.02629	0.1454
1.017	-0.02743	0.143
1.019	-0.03045	0.146
1.018	-0.03216	0.1477
1.015	-0.02758	0.1505
1.014	-0.02676	0.1535
1.016	-0.02855	0.1468
1.016	-0.02879	0.1408
1.013	-0.03109	0.1419
1.013	-0.03166	0.1425
1.016	-0.0338	0.1448
1.018	-0.03536	0.1474
1.018	-0.0309	0.1469
1.018	-0.02767	0.1475
1.018	-0.02521	0.1488
1.015	-0.02543	0.1482
1.015	-0.0275	0.1502
1.017	-0.026	0.1526
1.017	-0.02671	0.1502
1.015	-0.02684	0.1476
1.016	-0.02699	0.1456
1.018	-0.03006	0.145
1.018	-0.02891	0.146
1.014	-0.02796	0.1438
1.013	-0.02906	0.1431
1.015	-0.02835	0.1438
1.016	-0.0356	0.1442
1.013	-0.03026	0.1479
1.014	-0.02739	0.1443
1.018	-0.02666	0.1425
1.019	-0.02748	0.1454
1.017	-0.02861	0.1488
1.016	-0.02929	0.1554
1.016	-0.02865	0.1619
1.015	-0.02834	0.1556
1.016	-0.02958	0.1441
1.015	-0.03332	0.1381
1.014	-0.0336	0.1381
1.017	-0.02577	0.1433
1.019	-0.02298	0.1457
1.018	-0.02808	0.1458
1.018	-0.0285	0.1465
1.016	-0.02849	0.1462
1.016	-0.03136	0.1483
1.017	-0.03087	0.148
1.017	-0.03195	0.1462
1.016	-0.03155	0.147
1.015	-0.02456	0.1459
1.013	-0.02291	0.144
1.014	-0.02805	0.1453
1.016	-0.03094	0.1509
1.018	-0.03062	0.1536
1.017	-0.02973	0.1495
1.013	-0.02938	0.1479
1.012	-0.02864	0.1481
1.016	-0.02822	0.1455
1.017	-0.02779	0.1439
1.016	-0.02748	0.1433
1.018	-0.02867	0.1455
1.02	-0.0297	0.147
1.02	-0.03178	0.1443
1.019	-0.03196	0.1457
1.014	-0.02632	0.1505
1.012	-0.02368	0.1504
1.014	-0.02621	0.1454
1.017	-0.02732	0.143
1.019	-0.03034	0.146
1.017	-0.03205	0.1477
1.014	-0.02748	0.1506
1.014	-0.02668	0.1535
1.016	-0.02849	0.1468
1.016	-0.02876	0.1409
1.013	-0.03108	0.142
1.013	-0.03167	0.1426
1.016	-0.03382	0.1448
1.018	-0.0354	0.1474
1.018	-0.03095	0.1469
1.018	-0.02771	0.1475
1.018	-0.02525	0.1488
1.015	-0.02547	0.1482
1.015	-0.02753	0.1501
1.017	-0.02602	0.1526
1.017	-0.02672	0.1502
1.015	-0.02684	0.1476
1.016	-0.02698	0.1456
1.018	-0.03005	0.145
1.018	-0.0289	0.146
1.014	-0.02795	0.1438
1.013	-0.02904	0.1431
1.015	-0.02834	0.1438
1.015	-0.0294	0.1439
1.015	-0.03113	0.1484
1.016	-0.03161	0.1493
1.016	-0.03219	0.1458
1.016	-0.03022	0.1436
1.017	-0.02606	0.1441
1.016	-0.02691	0.1491
1.017	-0.02967	0.1509
1.018	-0.02861	0.149
1.018	-0.02915	0.1473
1.016	-0.02887	0.1444
1.014	-0.02717	0.1473
1.015	-0.02877	0.1543
1.014	-0.02731	0.1556
1.014	-0.02652	0.1513
1.017	-0.02983	0.144
1.019	-0.02879	0.1371
1.018	-0.02907	0.1384
1.014	-0.03382	0.1447
1.011	-0.03372	0.1472
1.015	-0.02875	0.1464
1.02	-0.02716	0.1464
1.02	-0.02866	0.1465
1.017	-0.02673	0.1458
1.015	-0.02553	0.1466
1.016	-0.02524	0.1464
1.015	-0.0244	0.146
1.015	-0.03054	0.151
1.017	-0.03327	0.1515
1.016	-0.02849	0.145
1.014	-0.0294	0.1435
1.014	-0.03081	0.1476
1.014	-0.02983	0.1516
1.015	-0.03103	0.1479
1.017	-0.03037	0.1413
1.018	-0.02828	0.1439
1.018	-0.02715	0.152
1.018	-0.02718	0.1552
1.018	-0.02742	0.1488
1.016	-0.02764	0.1437
1.019	-0.02954	0.1464
1.018	-0.03059	0.1463
1.014	-0.03078	0.1444
1.012	-0.03027	0.1439
1.012	-0.02581	0.1423
1.014	-0.02399	0.1438
1.016	-0.02946	0.1461
1.018	-0.03278	0.1473
1.018	-0.03095	0.1494
1.014	-0.02901	0.1478
1.013	-0.02751	0.1449
1.017	-0.02815	0.1456
1.02	-0.02924	0.1464
1.019	-0.02799	0.1486
1.017	-0.02761	0.1512
1.015	-0.0272	0.1477
1.015	-0.02745	0.1429
1.016	-0.02836	0.1449
1.015	-0.02855	0.152
1.015	-0.03386	0.155
1.014	-0.03675	0.1524
1.014	-0.0301	0.1494
1.018	-0.02497	0.1434
1.018	-0.02321	0.1382
1.018	-0.02005	0.1424
1.017	-0.02799	0.145
1.017	-0.03207	0.1455
1.016	-0.03441	0.1425
1.016	-0.03295	0.1412
1.016	-0.02855	0.1429
1.015	-0.02874	0.149
1.015	-0.03069	0.1517
1.017	-0.02886	0.1505
1.017	-0.02876	0.1491
1.015	-0.02804	0.1464
1.014	-0.02609	0.1491
1.015	-0.02764	0.1558
1.014	-0.02628	0.1566
1.015	-0.02571	0.152
1.018	-0.02929	0.1441
1.02	-0.02855	0.1369
1.019	-0.0291	0.1378
1.015	-0.03409	0.1439
1.012	-0.03416	0.1463
1.015	-0.0293	0.1456
1.02	-0.02774	0.1456
1.02	-0.02922	0.1459
1.017	-0.02722	0.1453
1.015	-0.02591	0.1463
1.016	-0.0255	0.1463
1.015	-0.02453	0.146
1.015	-0.03055	0.1512
1.017	-0.03318	0.1518
1.015	-0.02832	0.1453
1.014	-0.02918	0.1438
1.014	-0.03057	0.1479
1.014	-0.02959	0.1519
1.015	-0.03081	0.1482
1.017	-0.03019	0.1414
1.018	-0.02815	0.1439
1.018	-0.02707	0.152
1.018	-0.02715	0.1551
1.018	-0.02743	0.1487
1.017	-0.02769	0.1436
1.019	-0.02961	0.1463
1.018	-0.03067	0.1462
1.014	-0.03086	0.1443
1.012	-0.03035	0.1438
1.012	-0.02588	0.1423
1.014	-0.02405	0.1437
1.016	-0.0295	0.1461
1.018	-0.0328	0.1473
1.018	-0.03096	0.1494
1.014	-0.029	0.1478
1.013	-0.02748	0.145
1.017	-0.02812	0.1456
1.02	-0.02921	0.1464
1.019	-0.02795	0.1486
1.017	-0.02758	0.1512
1.015	-0.02718	0.1477
1.015	-0.02744	0.1429
1.016	-0.02835	0.1449
1.015	-0.02855	0.152
1.015	-0.03387	0.155
1.014	-0.03676	0.1524
1.014	-0.03011	0.1494
1.018	-0.02498	0.1433
1.018	-0.02323	0.1382
1.017	-0.02233	0.1394
1.018	-0.0263	0.1419
1.017	-0.03167	0.1451
1.017	-0.03322	0.1462
1.016	-0.0327	0.1466
1.015	-0.03046	0.1504
1.016	-0.02709	0.1511
1.016	-0.02788	0.1507
1.017	-0.03122	0.1506
1.016	-0.03127	0.1464
1.015	-0.02821	0.1441
1.013	-0.02632	0.1437
1.012	-0.02696	0.1431
1.016	-0.0256	0.147
1.018	-0.0241	0.1519
1.017	-0.0253	0.1507
1.018	-0.02875	0.1462
1.017	-0.03577	0.1432
1.018	-0.03762	0.145
1.019	-0.03339	0.1501
1.017	-0.03051	0.1471
1.018	-0.02692	0.1415
1.017	-0.02577	0.1446
1.015	-0.02615	0.1465
1.014	-0.02524	0.1467
1.013	-0.02667	0.1498
1.013	-0.0272	0.1506
1.015	-0.02769	0.1503
1.015	-0.029	0.1476
1.016	-0.02863	0.1446
1.016	-0.02951	0.1466
1.016	-0.0303	0.1465
1.016	-0.02983	0.1455
1.018	-0.03035	0.1456
1.02	-0.03293	0.143
1.019	-0.03331	0.1435
1.015	-0.0273	0.1475
1.013	-0.02443	0.1497
1.014	-0.02745	0.1486
1.017	-0.02907	0.147
1.019	-0.02986	0.1471
1.019	-0.02818	0.1469
1.016	-0.02654	0.1474
1.015	-0.02839	0.1469
1.016	-0.02751	0.1437
1.014	-0.02688	0.1433
1.013	-0.02925	0.1486
1.014	-0.03036	0.1537
1.016	-0.03097	0.1514
1.017	-0.03063	0.1457
1.017	-0.03127	0.1437
1.017	-0.03173	0.1467
1.017	-0.02847	0.1504
1.016	-0.027	0.1486
1.016	-0.02698	0.1454
1.018	-0.02688	0.1419
1.018	-0.02818	0.1404
1.017	-0.02762	0.1471
1.015	-0.02744	0.1486
1.014	-0.02909	0.1421
1.017	-0.03153	0.1411
1.018	-0.0321	0.1448
1.014	-0.02652	0.1496
1.012	-0.02386	0.1528
1.011	-0.02895	0.1538
1.015	-0.0288	0.1509
1.016	-0.03168	0.1495
1.018	-0.03193	0.1471
1.018	-0.03093	0.145
1.018	-0.02874	0.1472
1.018	-0.02573	0.147
1.018	-0.027	0.1464
1.018	-0.03084	0.1466
1.017	-0.03133	0.1431
1.015	-0.0286	0.1416
1.013	-0.02692	0.1422
1.011	-0.02765	0.1425
1.015	-0.02628	0.1472
1.017	-0.02469	0.1528
1.016	-0.02574	0.1519
1.017	-0.02903	0.1477
1.017	-0.03588	0.1447
1.017	-0.03757	0.1465
1.019	-0.03321	0.1513
1.017	-0.03024	0.148
1.018	-0.0266	0.1421
1.018	-0.02544	0.1448
1.015	-0.02585	0.1465
1.014	-0.02498	0.1464
1.014	-0.02648	0.1494
1.013	-0.02707	0.15
1.015	-0.02764	0.1498
1.016	-0.02901	0.147
1.016	-0.0287	0.1441
1.017	-0.02962	0.1462
1.016	-0.03042	0.1462
1.016	-0.02997	0.1454
1.018	-0.03048	0.1455
1.02	-0.03305	0.1431
1.018	-0.0334	0.1437
1.015	-0.02737	0.1477
1.013	-0.02447	0.1499
1.014	-0.02746	0.1488
1.017	-0.02906	0.1472
1.018	-0.02983	0.1473
1.019	-0.02814	0.147
1.016	-0.02649	0.1475
1.015	-0.02834	0.1469
1.016	-0.02747	0.1437
1.014	-0.02684	0.1433
1.013	-0.02922	0.1485
1.014	-0.03034	0.1536
1.016	-0.03097	0.1513
1.017	-0.03063	0.1457
1.017	-0.03128	0.1437
1.017	-0.03175	0.1467
1.017	-0.02848	0.1504
1.016	-0.02702	0.1486
1.016	-0.027	0.1454
1.018	-0.0269	0.1419
1.018	-0.02819	0.1404
1.017	-0.02763	0.1471
1.015	-0.02745	0.1486
1.014	-0.02909	0.1421
1.017	-0.03153	0.1411
1.018	-0.0321	0.1448
1.014	-0.02652	0.1496
1.012	-0.02386	0.1528
1.013	-0.02795	0.1525
1.013	-0.03079	0.1518
1.015	-0.0317	0.1503
1.017	-0.0303	0.1491
1.016	-0.02891	0.1498
1.019	-0.02974	0.1465
1.022	-0.02907	0.1395
1.02	-0.02967	0.1388
1.015	-0.03002	0.1435
1.011	-0.02621	0.1443
1.013	-0.02462	0.1445
1.015	-0.02679	0.1488
1.016	-0.02918	0.1504
1.017	-0.03026	0.1489
1.017	-0.03	0.1496
1.017	-0.03141	0.1487
1.017	-0.03262	0.1469
1.017	-0.03058	0.1472
1.016	-0.02834	0.1472
1.015	-0.02692	0.1471
1.015	-0.02512	0.146
1.015	-0.02498	0.145
1.014	-0.02836	0.1456
1.016	-0.03052	0.1446
1.017	-0.02837	0.1449
1.017	-0.02736	0.1472
1.017	-0.02858	0.1473
1.016	-0.03051	0.1479
1.015	-0.0316	0.1509
1.015	-0.02843	0.1514
1.015	-0.02804	0.1454
1.015	-0.03273	0.1421
1.018	-0.03245	0.1455
1.02	-0.0282	0.1455
1.017	-0.02614	0.1439
1.017	-0.02427	0.1438
1.017	-0.02404	0.1431
1.013	-0.03104	0.1476
1.012	-0.03594	0.15
1.013	-0.03127	0.1478
1.013	-0.02802	0.1537
1.014	-0.02646	0.1569
1.017	-0.02638	0.1518
1.02	-0.0321	0.1491
1.02	-0.0326	0.1457
1.019	-0.02811	0.142
1.021	-0.02538	0.1397
1.02	-0.02349	0.1378
1.018	-0.02446	0.1413
1.017	-0.02689	0.1464
1.014	-0.03136	0.1483
1.013	-0.03378	0.1441
1.013	-0.03043	0.1422
1.013	-0.02888	0.1512
1.013	-0.0285	0.1556
1.012	-0.02765	0.153
1.015	-0.02815	0.1491
1.017	-0.02919	0.1417
1.015	-0.03066	0.1433
1.016	-0.03095	0.1517
1.019	-0.03165	0.1529
1.021	-0.0312	0.1467
1.022	-0.02892	0.1414
1.02	-0.02853	0.1431
1.014	-0.01785	0.1512
1.014	-0.02659	0.1485
1.015	-0.03095	0.1464
1.016	-0.03128	0.1456
1.015	-0.0305	0.1473
1.017	-0.03126	0.1453
1.02	-0.03017	0.1396
1.018	-0.03023	0.1399
1.013	-0.03005	0.1454
1.01	-0.02584	0.1467
1.012	-0.02398	0.147
1.015	-0.02604	0.1513
1.016	-0.02845	0.1525
1.017	-0.02966	0.1505
1.017	-0.02959	0.1506
1.018	-0.03121	0.1492
1.018	-0.03264	0.1469
1.018	-0.03078	0.1467
1.017	-0.02869	0.1463
1.016	-0.02736	0.1461
1.016	-0.02559	0.1449
1.016	-0.02543	0.144
1.014	-0.02876	0.1447
1.016	-0.03083	0.1439
1.017	-0.02858	0.1444
1.017	-0.02747	0.1469
1.017	-0.02859	0.1472
1.016	-0.03043	0.148
1.015	-0.03146	0.1512
1.015	-0.02825	0.1517
1.014	-0.02784	0.1458
1.015	-0.03253	0.1425
1.018	-0.03226	0.1459
1.02	-0.02804	0.1459
1.017	-0.02602	0.1442
1.017	-0.02419	0.1439
1.017	-0.02401	0.1432
1.013	-0.03105	0.1476
1.012	-0.03598	0.1499
1.013	-0.03133	0.1477
1.013	-0.02809	0.1535
1.014	-0.02654	0.1568
1.017	-0.02645	0.1516
1.02	-0.03216	0.1489
1.02	-0.03265	0.1456
1.019	-0.02815	0.1419
1.021	-0.0254	0.1397
1.02	-0.02349	0.1378
1.018	-0.02445	0.1413
1.017	-0.02687	0.1465
1.014	-0.03134	0.1483
1.013	-0.03375	0.1442
1.013	-0.0304	0.1423
1.013	-0.02886	0.1513
1.013	-0.02848	0.1556
1.012	-0.02764	0.153
1.015	-0.02814	0.1491
1.017	-0.02919	0.1417
1.015	-0.03066	0.1433
1.016	-0.03096	0.1517
1.019	-0.03166	0.1528
1.021	-0.03121	0.1466
1.022	-0.02893	0.1414
1.02	-0.02854	0.1431
1.013	-0.02756	0.1459
1.009	-0.02714	0.1478
1.019	-0.02853	0.1482
1.024	-0.02744	0.147
1.019	-0.02413	0.1485
1.015	-0.0235	0.1492
1.008	-0.02575	0.1504
1.007	-0.02676	0.1478
1.016	-0.03075	0.1405
1.018	-0.03406	0.1407
1.02	-0.03119	0.141
1.021	-0.03172	0.1399
1.015	-0.03094	0.145
1.012	-0.02672	0.1463
1.011	-0.02849	0.146
1.012	-0.03181	0.1543
1.018	-0.03247	0.1581
1.022	-0.03017	0.1518
1.02	-0.03094	0.1515
1.019	-0.03161	0.1524
1.017	-0.02522	0.15
1.016	-0.02676	0.1495
1.018	-0.03107	0.1425
1.018	-0.02825	0.1401
1.017	-0.02677	0.1426
1.015	-0.02394	0.1347
1.012	-0.02394	0.1345
1.013	-0.02657	0.1438
1.013	-0.02596	0.1477
1.015	-0.02768	0.1509
1.017	-0.02968	0.1518
1.016	-0.03039	0.1502
1.016	-0.03069	0.1511
1.017	-0.0308	0.1515
1.017	-0.03117	0.1525
1.019	-0.03261	0.1509
1.018	-0.03524	0.1433
1.016	-0.03276	0.1417
1.016	-0.03066	0.1466
1.014	-0.03004	0.1459
1.015	-0.02468	0.144
1.015	-0.02162	0.1468
1.014	-0.01915	0.1527
1.014	-0.01847	0.155
1.018	-0.02431	0.1444
1.02	-0.03137	0.1362
1.019	-0.03522	0.1392
1.019	-0.03122	0.1411
1.014	-0.02886	0.1455
1.011	-0.03357	0.1494
1.013	-0.03644	0.1479
1.013	-0.03696	0.1488
1.015	-0.03413	0.1494
1.018	-0.03207	0.152
1.019	-0.03296	0.1569
1.02	-0.03146	0.1547
1.016	-0.02996	0.148
1.014	-0.02654	0.141
1.016	-0.01942	0.1405
1.02	-0.01427	0.1439
1.021	-0.01616	0.142
1.014	-0.01967	0.1438
1.007	-0.01639	0.1449
1.011	-0.01977	0.1415
1.016	-0.04164	0.1415
1.013	-0.03781	0.1481
1.022	-0.0377	0.1514
1.027	-0.03587	0.1517
1.022	-0.03191	0.1536
1.018	-0.03037	0.1539
1.009	-0.03133	0.1542
1.008	-0.03073	0.1503
1.016	-0.03293	0.1416
1.018	-0.03445	0.1406
1.019	-0.02994	0.1399
1.02	-0.02913	0.1381
1.014	-0.02739	0.1428
1.011	-0.02264	0.1439
1.01	-0.0243	0.1438
1.011	-0.0279	0.1524
1.017	-0.02911	0.1566
1.022	-0.02757	0.1508
1.02	-0.0292	0.1511
1.019	-0.03076	0.1524
1.018	-0.02518	0.1504
1.016	-0.02741	0.1502
1.018	-0.03224	0.1434
1.019	-0.02975	0.1411
1.017	-0.02842	0.1436
1.015	-0.02558	0.1355
1.013	-0.02543	0.1352
1.013	-0.02779	0.1443
1.013	-0.02687	0.1479
1.015	-0.02825	0.151
1.017	-0.02992	0.1518
1.016	-0.03033	0.15
1.016	-0.0304	0.1508
1.017	-0.03034	0.1512
1.017	-0.03062	0.1521
1.019	-0.03203	0.1506
1.018	-0.03468	0.143
1.016	-0.03227	0.1415
1.016	-0.03027	0.1465
1.014	-0.02977	0.1458
1.015	-0.02454	0.144
1.015	-0.02159	0.1468
1.014	-0.01922	0.1528
1.015	-0.01861	0.1551
1.018	-0.0245	0.1446
1.02	-0.03158	0.1363
1.019	-0.03543	0.1393
1.019	-0.03141	0.1412
1.014	-0.02902	0.1455
1.011	-0.03369	0.1494
1.013	-0.03651	0.1479
1.013	-0.03699	0.1488
1.015	-0.03412	0.1493
1.018	-0.03203	0.1519
1.019	-0.0329	0.1569
1.02	-0.03139	0.1547
1.016	-0.02989	0.148
1.014	-0.02646	0.1409
1.016	-0.01935	0.1405
1.02	-0.01422	0.1439
1.021	-0.01612	0.142
1.014	-0.01966	0.1438
1.007	-0.01639	0.1449
1.011	-0.01978	0.1415
1.017	-0.03566	0.1435
1.022	-0.04601	0.1452
1.024	-0.04535	0.1478
1.024	-0.03989	0.152
1.017	-0.03847	0.1491
0.9967	-0.03491	0.1466
0.9826	-0.01411	0.1526
0.9912	-0.005169	0.1649
1.019	-0.0147	0.1722
1.05	-0.01006	0.1621
1.06	-0.02349	0.1361
1.056	-0.05625	0.1121
1.038	-0.06081	0.1105
1.005	-0.05873	0.128
0.9918	-0.05108	0.1503
0.9947	-0.02763	0.1647
0.9931	-0.01997	0.1625
1.005	-0.01871	0.1534
1.016	-0.01509	0.1435
1.014	-0.0187	0.1419
1.013	-0.02465	0.1505
1.012	-0.03115	0.1523
1.011	-0.02593	0.1523
1.008	-0.0101	0.1541
0.9978	-0.001917	0.1499
0.9957	-0.00466	0.1444
1.007	-0.01464	0.1389
1.023	-0.02956	0.1333
1.04	-0.04327	0.1362
1.049	-0.049	0.1519
1.05	-0.05399	0.1594
1.049	-0.05567	0.153
1.046	-0.04773	0.1521
1.035	-0.04515	0.1494
1.022	-0.04076	0.1451
1.007	-0.02787	0.1454
0.9911	-0.02125	0.142
0.9812	-0.01681	0.1438
0.9751	-0.01216	0.1464
0.9778	-0.009137	0.1404
0.9882	-0.00885	0.1378
1.001	-0.01468	0.1417
1.016	-0.01985	0.144
1.032	-0.02706	0.1436
1.044	-0.03365	0.1443
1.045	-0.03548	0.1464
1.035	-0.0413	0.1567
1.027	-0.04421	0.1677
1.023	-0.04096	0.1617
1.014	-0.03497	0.1512
1.007	-0.02765	0.1456
1.008	-0.02535	0.1426
1.01	-0.02442	0.1434
1.014	-0.02585	0.1426
1.016	-0.02885	0.1436
1.014	-0.02838	0.1408
1.018	-0.02951	0.1356
1.02	-0.02715	0.1405
1.017	-0.02514	0.1467
1.017	-0.03087	0.1565
1.012	-0.03255	0.1595
1.009	-0.02985	0.1425
1.015	-0.02557	0.1359
1.019	-0.02251	0.1432
1.02	-0.01377	0.1714
1.022	-0.03826	0.1461
1.022	-0.04375	0.1358
1.021	-0.03978	0.1364
1.014	-0.03752	0.1354
0.9939	-0.03233	0.1374
0.9804	-0.01006	0.1489
0.9899	-0.000309	0.1662
1.019	-0.009822	0.1774
1.051	-0.005896	0.1697
1.061	-0.02059	0.1445
1.057	-0.05493	0.1201
1.04	-0.06111	0.1173
1.007	-0.06053	0.1328
0.9933	-0.05406	0.1529
0.996	-0.03138	0.165
0.994	-0.02407	0.161
1.005	-0.02275	0.1503
1.016	-0.01871	0.1395
1.014	-0.02164	0.1375
1.013	-0.02674	0.1461
1.011	-0.03233	0.1483
1.011	-0.02623	0.1491
1.007	-0.009622	0.1518
0.9971	-0.0008218	0.1486
0.9951	-0.003136	0.1442
1.006	-0.01289	0.1394
1.023	-0.02776	0.1345
1.039	-0.04158	0.1379
1.049	-0.04755	0.1538
1.051	-0.05286	0.1613
1.049	-0.05491	0.1547
1.046	-0.04733	0.1536
1.036	-0.04509	0.1506
1.023	-0.04099	0.1459
1.007	-0.0283	0.1457
0.9913	-0.02182	0.142
0.9813	-0.01744	0.1435
0.9752	-0.01278	0.1459
0.9778	-0.009704	0.1398
0.9881	-0.009317	0.1371
1.001	-0.01502	0.141
1.016	-0.02006	0.1434
1.032	-0.02714	0.1431
1.044	-0.03362	0.1439
1.045	-0.03536	0.1462
1.035	-0.04111	0.1566
1.027	-0.04399	0.1678
1.023	-0.04073	0.1618
1.014	-0.03475	0.1514
1.007	-0.02746	0.1458
1.008	-0.0252	0.1428
1.01	-0.02432	0.1436
1.014	-0.0258	0.1428
1.016	-0.02885	0.1437
1.014	-0.02841	0.1409
1.018	-0.02957	0.1356
1.02	-0.02723	0.1405
1.017	-0.02522	0.1466
1.017	-0.03096	0.1565
1.012	-0.03263	0.1594
1.009	-0.02991	0.1424
1.015	-0.02562	0.1358
1.019	-0.02254	0.1431
1.021	-0.02708	0.1464
1.018	-0.02791	0.1501
1.014	-0.02626	0.1527
1.013	-0.03124	0.1545
1.013	-0.03239	0.1565
1.016	-0.03056	0.1498
1.018	-0.03101	0.1411
1.018	-0.02908	0.1416
1.018	-0.02755	0.1436
1.016	-0.02745	0.1429
1.015	-0.02843	0.1431
1.017	-0.03101	0.1423
1.017	-0.03149	0.1405
1.015	-0.03159	0.1421
1.013	-0.03056	0.1512
1.014	-0.0274	0.16
1.013	-0.0264	0.159
1.013	-0.02592	0.1531
1.018	-0.02627	0.147
1.022	-0.02666	0.1437
1.021	-0.02538	0.1454
1.02	-0.02771	0.1433
1.021	-0.03177	0.1358
1.02	-0.03287	0.1338
1.013	-0.03011	0.1438
1.009	-0.0268	0.1598
1.01	-0.02825	0.1617
1.012	-0.0312	0.1463
1.015	-0.03271	0.1391
1.018	-0.03159	0.1404
1.016	-0.02939	0.138
1.016	-0.0294	0.1473
1.017	-0.02854	0.1568
1.018	-0.02794	0.1502
1.02	-0.02667	0.1486
1.019	-0.02528	0.1469
1.016	-0.02774	0.1427
1.016	-0.02772	0.1478
1.016	-0.02654	0.1496
1.016	-0.02763	0.1532
1.016	-0.02833	0.1539
1.015	-0.03013	0.144
1.015	-0.03054	0.141
1.015	-0.02941	0.1407
1.015	-0.02971	0.1433
1.015	-0.03133	0.1475
1.015	-0.03123	0.1441
1.014	-0.02673	0.1451
1.014	-0.02567	0.1468
1.019	-0.02957	0.1465
1.02	-0.03014	0.1484
1.018	-0.02962	0.1468
1.02	-0.03107	0.1461
1.021	-0.03046	0.1433
1.017	-0.02761	0.1442
1.011	-0.02639	0.1617
0.9997	-0.02744	0.1708
0.9962	-0.02907	0.1558
1.014	-0.02719	0.1397
1.029	-0.01908	0.1341
1.029	-0.01902	0.1306
1.037	-0.03663	0.1302
1.035	-0.04614	0.1367
1.015	-0.03937	0.1432
0.9995	-0.05564	0.1359
1.004	-0.03072	0.1521
1.007	-0.01464	0.1613
1.01	-0.01341	0.1654
1.012	-0.01396	0.1669
1.017	-0.01503	0.1581
1.02	-0.02017	0.1464
1.021	-0.0235	0.1439
1.021	-0.0269	0.1432
1.018	-0.03083	0.1403
1.017	-0.03467	0.139
1.018	-0.03884	0.1376
1.017	-0.03974	0.1357
1.015	-0.03927	0.1377
1.013	-0.03695	0.1477
1.013	-0.03204	0.1576
1.012	-0.0291	0.1577
1.012	-0.02672	0.1529
1.017	-0.02541	0.1477
1.021	-0.02448	0.1452
1.021	-0.0223	0.1473
1.02	-0.02417	0.1453
1.021	-0.02817	0.1378
1.02	-0.02955	0.1357
1.013	-0.02733	0.1453
1.009	-0.02473	0.1609
1.011	-0.02696	0.1623
1.012	-0.03067	0.1465
1.015	-0.03287	0.1389
1.018	-0.0323	0.1399
1.016	-0.0305	0.1373
1.016	-0.03075	0.1465
1.017	-0.02997	0.156
1.018	-0.0293	0.1495
1.02	-0.02786	0.148
1.019	-0.02622	0.1464
1.016	-0.0284	0.1424
1.016	-0.02808	0.1476
1.016	-0.02662	0.1496
1.016	-0.02748	0.1533
1.016	-0.02799	0.1541
1.015	-0.02968	0.1442
1.015	-0.03003	0.1413
1.015	-0.0289	0.141
1.015	-0.02924	0.1435
1.015	-0.03094	0.1477
1.015	-0.03094	0.1443
1.014	-0.02654	0.1452
1.014	-0.0256	0.1469
1.019	-0.02958	0.1465
1.02	-0.03023	0.1483
1.018	-0.02977	0.1467
1.02	-0.03125	0.146
1.021	-0.03065	0.1431
1.017	-0.02779	0.1441
1.011	-0.02655	0.1616
0.9996	-0.02756	0.1707
0.9962	-0.02916	0.1557
1.014	-0.02724	0.1397
1.029	-0.01909	0.1341
1.029	-0.019	0.1306
1.037	-0.03658	0.1302
1.035	-0.04608	0.1367
1.015	-0.0393	0.1433
1.003	-0.0403	0.1501
1	-0.03638	0.1588
1.003	-0.02086	0.16
1.011	-0.01714	0.1519
1.017	-0.01358	0.1456
1.02	-0.01166	0.1459
1.018	-0.02559	0.1451
1.016	-0.03516	0.1382
1.017	-0.03825	0.1383
1.017	-0.04003	0.1515
1.019	-0.03397	0.1585
1.021	-0.02524	0.1542
1.018	-0.01855	0.1528
1.014	-0.01707	0.1485
1.011	-0.02303	0.1414
1.01	-0.03473	0.1519
1.01	-0.04347	0.1661
1.013	-0.04088	0.161
1.016	-0.02968	0.1492
1.017	-0.01903	0.14
1.022	-0.0214	0.1322
1.027	-0.03007	0.1237
1.028	-0.03143	0.1148
1.03	-0.02922	0.1164
1.024	-0.02906	0.13
1.014	-0.03409	0.1494
1.011	-0.03495	0.1617
1.001	-0.02861	0.162
0.9899	-0.02605	0.1683
0.9951	-0.02234	0.1706
1.01	-0.02148	0.1611
1.028	-0.03081	0.1583
1.032	-0.03671	0.1522
1.021	-0.03577	0.1445
1.014	-0.03273	0.1481
1.012	-0.02503	0.1537
1.02	-0.01972	0.1527
1.036	-0.02235	0.1356
1.036	-0.02322	0.1229
1.023	-0.02354	0.1264
1.009	-0.0272	0.1267
1.005	-0.02902	0.1379
1.013	-0.02983	0.1538
1.015	-0.02987	0.1526
1.008	-0.03425	0.1498
1.008	-0.04049	0.1497
1.004	-0.04429	0.1529
0.9916	-0.04903	0.1525
0.9947	-0.03893	0.1442
1.01	-0.0236	0.1483
1.025	-0.01796	0.1582
1.04	-0.009605	0.1579
1.043	-0.009866	0.1469
1.037	-0.01459	0.138
1.038	-0.01704	0.1445
1.032	-0.02438	0.1494
1.022	-0.02432	0.152
1.015	-0.03116	0.1538
1.008	-0.0442	0.1456
1.005	-0.04445	0.1457
1.006	-0.04297	0.1471
1.002	-0.03963	0.1403
0.9969	-0.03483	0.1409
0.992	-0.02878	0.1424
0.9922	-0.04271	0.1091
1.002	-0.03319	0.1453
1.014	-0.01585	0.1616
1.027	-0.01252	0.1602
1.036	-0.01045	0.1553
1.038	-0.01036	0.1539
1.034	-0.02597	0.1502
1.028	-0.0368	0.1401
1.025	-0.04065	0.1374
1.021	-0.04268	0.1486
1.02	-0.03643	0.1545
1.019	-0.0272	0.1499
1.013	-0.01983	0.149
1.007	-0.0176	0.1456
1.004	-0.02284	0.1396
1.002	-0.03395	0.1514
1.004	-0.04225	0.1667
1.008	-0.03942	0.1626
1.012	-0.02814	0.1514
1.015	-0.01758	0.1426
1.021	-0.02017	0.1348
1.028	-0.02915	0.1261
1.029	-0.03085	0.1168
1.032	-0.02898	0.1178
1.027	-0.02914	0.1309
1.017	-0.03444	0.1497
1.013	-0.03549	0.1615
1.003	-0.02926	0.1613
0.9916	-0.02675	0.1673
0.9961	-0.02301	0.1695
1.011	-0.02207	0.16
1.028	-0.03129	0.1572
1.031	-0.03705	0.1512
1.02	-0.03597	0.1438
1.013	-0.03279	0.1476
1.011	-0.02497	0.1534
1.019	-0.01957	0.1526
1.035	-0.02214	0.1357
1.035	-0.02298	0.1231
1.023	-0.02329	0.1268
1.009	-0.02697	0.1271
1.005	-0.02883	0.1384
1.014	-0.02968	0.1542
1.015	-0.02977	0.1529
1.008	-0.03421	0.15
1.008	-0.04049	0.1498
1.004	-0.04433	0.1529
0.992	-0.0491	0.1525
0.995	-0.03901	0.1441
1.011	-0.02369	0.1482
1.025	-0.01805	0.1581
1.04	-0.009683	0.1578
1.043	-0.009929	0.1468
1.037	-0.01463	0.1379
1.038	-0.01707	0.1444
1.032	-0.02439	0.1494
1.022	-0.02432	0.152
1.015	-0.03114	0.1538
1.008	-0.04417	0.1456
1.005	-0.04441	0.1457
1.005	-0.04294	0.1472
1.002	-0.0396	0.1404
0.9969	-0.03481	0.1409
0.992	-0.02876	0.1424
0.9936	-0.02267	0.138
1	-0.02897	0.1359
1.013	-0.0357	0.1411
1.028	-0.03341	0.1462
1.033	-0.02721	0.1491
1.036	-0.02173	0.153
1.037	-0.01896	0.1514
1.031	-0.01329	0.1527
1.026	-0.01275	0.1577
1.021	-0.0207	0.1549
1.016	-0.02465	0.1499
1.016	-0.02896	0.1459
1.022	-0.03928	0.1431
1.021	-0.04354	0.1424
1.004	-0.04028	0.1448
0.995	-0.03871	0.1487
1.002	-0.0342	0.1465
1.003	-0.0283	0.1447
1.009	-0.028	0.1424
1.02	-0.02477	0.1365
1.017	-0.02249	0.1345
1.018	-0.02815	0.1384
1.019	-0.03208	0.1573
1.016	-0.03168	0.173
1.018	-0.0263	0.1674
1.02	-0.02173	0.1619
1.022	-0.02454	0.1498
1.023	-0.02471	0.1346
1.023	-0.02687	0.1375
1.024	-0.03253	0.1356
1.019	-0.02931	0.1324
1.012	-0.02518	0.1393
1.01	-0.0238	0.1393
1.011	-0.02427	0.1413
1.013	-0.02996	0.1443
1.01	-0.03537	0.1445
1.006	-0.04211	0.1511
1.007	-0.04642	0.1537
1.01	-0.04265	0.1548
1.018	-0.03298	0.1564
1.028	-0.0196	0.151
1.03	-0.01419	0.1482
1.026	-0.01401	0.1476
1.024	-0.01593	0.1456
1.02	-0.02438	0.1481
1.015	-0.02559	0.1515
1.013	-0.02741	0.1492
1.01	-0.03688	0.1437
1.01	-0.03863	0.1415
1.011	-0.03832	0.1439
1.011	-0.03657	0.145
1.015	-0.02856	0.1448
1.018	-0.02407	0.147
1.016	-0.02465	0.1445
1.015	-0.02727	0.1393
1.014	-0.02928	0.1422
1.016	-0.02856	0.1482
1.018	-0.02887	0.1507
1.019	-0.03077	0.151
1.02	-0.03117	0.1495
1.017	-0.03094	0.1464
1.014	-0.03072	0.1467
1.015	-0.02819	0.1552
1.014	-0.02125	0.1577
