1.453	0.1297	-0.2319
1.325	0.1851	-0.1613
1.126	0.1629	-0.07453
0.952	0.06698	-0.03971
0.88	-0.1076	-0.08694
0.8798	-0.3229	-0.1258
0.8772	-0.4769	-0.1334
0.8525	-0.5463	-0.083
0.8355	-0.4967	0.04503
0.9065	-0.3296	0.09501
1.032	-0.1625	0.04752
1.116	-0.05663	0.01362
1.181	-0.02855	-0.02443
1.185	-0.05965	-0.04174
1.094	-0.1311	-0.02295
1.01	-0.1894	-0.02014
0.9259	-0.1567	0.008985
0.8225	-0.1043	0.07442
0.7771	-0.05334	0.1126
0.785	-0.0007712	0.113
0.7879	0.01604	0.09992
0.7748	0.007181	0.09947
0.7705	-0.06076	0.1187
0.7833	-0.07738	0.1324
0.8158	-0.01478	0.1237
0.892	0.03071	0.1093
1.01	0.1009	0.1017
1.147	0.09031	0.08966
1.245	-0.000472	0.09627
1.284	-0.02498	0.1478
1.332	0.04444	0.2009
1.383	0.2051	0.2022
1.371	0.2507	0.141
1.35	0.08153	0.05644
1.345	-0.1921	-0.02826
1.24	-0.4633	-0.1189
1.036	-0.5182	-0.1437
0.8681	-0.4084	-0.09433
0.7827	-0.3285	-0.06439
0.7675	-0.2581	-0.05144
0.7955	-0.2119	-0.04535
0.8678	-0.187	-0.05746
0.9955	-0.1843	-0.0725
1.061	-0.2353	-0.1211
0.9887	-0.2308	-0.1641
0.8778	-0.1452	-0.1519
0.8136	-0.08514	-0.1501
0.8263	-0.09367	-0.1617
0.8921	-0.1373	-0.1624
0.9399	-0.1489	-0.1783
0.9902	-0.1494	-0.1864
1.021	-0.1444	-0.1807
0.9886	-0.09596	-0.1784
0.9891	-0.07336	-0.1631
0.9889	-0.05089	-0.1283
0.9481	-0.01174	-0.09241
0.9506	-0.01428	-0.07914
0.9666	-0.000546	-0.08258
1.019	0.01355	-0.08035
1.095	0.03648	-0.06278
1.106	0.1085	-0.0332
1.097	0.1704	-0.001675
1.121	0.1889	0.02813
1.218	0.08314	0.03646
1.349	-0.06967	0.01295
1.403	-0.08872	-0.02166
1.325	-0.05972	-0.05048
1.095	-0.1025	-0.05653
0.8091	-0.2133	-0.04421
0.745	-0.3512	-0.02973
1.009	-0.4642	-0.0153
1.239	-0.4852	-0.02504
1.231	-0.291	-0.04912
1.166	0.06175	-0.04206
1.08	0.2344	-0.01866
0.9743	0.1411	0.00654
0.892	0.04124	0.03056
0.8598	-0.05012	0.03264
0.855	-0.1601	0.04589
0.8047	-0.1463	0.08831
0.8026	-0.1211	0.1405
0.8287	-0.1334	0.1702
0.8268	-0.06568	0.1298
0.8626	-0.005515	0.07869
0.8472	0.01057	0.07191
0.8192	0.03673	0.07575
0.8397	0.07307	0.08759
0.8526	0.08673	0.09632
0.9115	0.05111	0.1128
0.9684	0.03797	0.125
1.015	0.04041	0.08579
1.147	0.02853	0.06063
1.276	0.06918	0.07537
1.324	0.1613	0.07244
1.344	0.2348	0.03904
1.355	0.1713	-0.02003
1.377	-0.01325	-0.08587
1.432	-0.168	-0.1318
1.396	-0.2924	-0.1313
1.224	-0.4283	-0.1098
0.987	-0.4632	-0.07356
0.7732	-0.3206	0.001004
0.751	-0.2012	0.0004202
0.8471	-0.1809	-0.05985
0.96	-0.1634	-0.06837
1.103	-0.2306	-0.1025
1.059	-0.2779	-0.1259
0.9062	-0.2396	-0.1017
0.8597	-0.2287	-0.117
0.8365	-0.1805	-0.1296
0.8965	-0.1412	-0.1461
0.9731	-0.124	-0.1694
0.9656	-0.0933	-0.1553
0.9981	-0.1054	-0.1507
1.005	-0.09818	-0.1451
0.9924	-0.0812	-0.1497
1.012	-0.05908	-0.1671
0.9879	-0.02383	-0.1428
0.974	-0.01692	-0.105
0.9636	-0.0002735	-0.06072
0.9572	0.001205	-0.03271
0.991	0.007312	-0.04563
1.028	0.04998	-0.05095
1.104	0.07482	-0.05324
1.169	0.1011	-0.04698
1.178	0.1456	-0.007923
1.184	0.1717	0.03506
1.222	0.1446	0.05634
1.349	-0.06967	0.01295
1.403	-0.08872	-0.02166
1.325	-0.05972	-0.05048
1.095	-0.1025	-0.05653
0.8091	-0.2133	-0.04421
0.745	-0.3512	-0.02973
1.009	-0.4642	-0.0153
1.239	-0.4852	-0.02504
1.231	-0.291	-0.04912
1.166	0.06175	-0.04206
1.08	0.2344	-0.01866
0.9743	0.1411	0.00654
0.892	0.04124	0.03056
0.8598	-0.05012	0.03264
0.855	-0.1601	0.04589
0.8047	-0.1463	0.08831
0.8026	-0.1211	0.1405
0.8287	-0.1334	0.1702
0.8268	-0.06568	0.1298
0.8626	-0.005515	0.07869
0.8472	0.01057	0.07191
0.8192	0.03673	0.07575
0.8397	0.07307	0.08759
0.8526	0.08673	0.09632
0.9115	0.05111	0.1128
0.9684	0.03797	0.125
1.015	0.04041	0.08579
1.147	0.02853	0.06063
1.276	0.06918	0.07537
1.324	0.1613	0.07244
1.344	0.2348	0.03904
1.355	0.1713	-0.02003
1.377	-0.01325	-0.08587
1.432	-0.168	-0.1318
1.396	-0.2924	-0.1313
1.224	-0.4283	-0.1098
0.987	-0.4632	-0.07356
0.7732	-0.3206	0.001004
0.751	-0.2012	0.0004202
0.8471	-0.1809	-0.05985
0.96	-0.1634	-0.06837
1.103	-0.2306	-0.1025
1.059	-0.2779	-0.1259
0.9062	-0.2396	-0.1017
0.8597	-0.2287	-0.117
0.8365	-0.1805	-0.1296
0.8965	-0.1412	-0.1461
0.9731	-0.124	-0.1694
0.9656	-0.0933	-0.1553
0.9981	-0.1054	-0.1507
1.005	-0.09818	-0.1451
0.9924	-0.0812	-0.1497
1.012	-0.05908	-0.1671
0.9879	-0.02383	-0.1428
0.974	-0.01692	-0.105
0.9636	-0.0002735	-0.06072
0.9572	0.001205	-0.03271
0.991	0.007312	-0.04563
1.028	0.04998	-0.05095
1.104	0.07482	-0.05324
1.169	0.1011	-0.04698
1.178	0.1456	-0.007923
1.184	0.1717	0.03506
1.222	0.1446	0.05634
1.3	0.1013	0.04824
1.306	0.08945	0.0283
1.178	0.06409	-0.01298
1.006	-0.03493	-0.08921
0.876	-0.2433	-0.1257
0.8729	-0.4573	-0.08719
0.9281	-0.5074	-0.03157
0.9975	-0.404	0.008214
1.121	-0.2042	0.01588
1.158	0.03975	-0.01115
1.107	0.1558	-0.01972
1.092	0.1012	0.009277
1.049	0.05483	0.03237
0.9823	-0.03344	0.0467
0.9028	-0.2268	0.07416
0.7966	-0.2347	0.1072
0.7696	-0.1279	0.1435
0.779	-0.1281	0.1695
0.7779	-0.04693	0.1549
0.8097	0.03451	0.126
0.7992	0.027	0.1082
0.7834	0.07389	0.07961
0.8068	0.06613	0.07209
0.8576	0.01111	0.07914
1.018	-0.0502	0.04885
1.188	-0.1447	0.02866
1.248	-0.1575	0.04132
1.266	-0.1021	0.07281
1.321	0.08644	0.1147
1.413	0.3885	0.1121
1.432	0.4345	0.06477
1.444	0.1446	0.01034
1.49	-0.1708	-0.02623
1.295	-0.3574	-0.03286
0.8941	-0.4961	-0.03017
0.6866	-0.5294	-0.02992
0.7526	-0.3926	-0.05115
0.854	-0.2523	-0.09522
0.918	-0.1616	-0.1252
1.008	-0.1224	-0.1174
0.9895	-0.1505	-0.08587
0.8789	-0.1483	-0.07826
0.8556	-0.1453	-0.1113
0.8658	-0.1536	-0.1601
0.9091	-0.1294	-0.1842
0.9699	-0.133	-0.1814
0.9753	-0.1262	-0.1807
0.9922	-0.08706	-0.1572
0.9858	-0.05458	-0.1188
0.9703	-0.02714	-0.09649
0.9706	-0.02958	-0.08409
0.9571	0.01045	-0.08947
0.9784	0.09136	-0.08682
0.981	0.08656	-0.08003
1.021	0.04891	-0.08396
1.128	0.04397	-0.06124
1.168	0.04832	-0.04055
1.174	0.08076	-0.03887
1.18	0.1249	-0.01667
1.164	0.1341	0.02052
1.142	0.09618	0.04006
1.202	0.009861	0.02387
1.289	-0.09501	-0.03558
1.208	-0.1436	-0.1142
1.3	0.1013	0.04824
1.306	0.08945	0.0283
1.178	0.06409	-0.01298
1.006	-0.03493	-0.08921
0.876	-0.2433	-0.1257
0.8729	-0.4573	-0.08719
0.9281	-0.5074	-0.03157
0.9975	-0.404	0.008214
1.121	-0.2042	0.01588
1.158	0.03975	-0.01115
1.107	0.1558	-0.01972
1.092	0.1012	0.009277
1.049	0.05483	0.03237
0.9823	-0.03344	0.0467
0.9028	-0.2268	0.07416
0.7966	-0.2347	0.1072
0.7696	-0.1279	0.1435
0.779	-0.1281	0.1695
0.7779	-0.04693	0.1549
0.8097	0.03451	0.126
0.7992	0.027	0.1082
0.7834	0.07389	0.07961
0.8068	0.06613	0.07209
0.8576	0.01111	0.07914
1.018	-0.0502	0.04885
1.188	-0.1447	0.02866
1.248	-0.1575	0.04132
1.266	-0.1021	0.07281
1.321	0.08644	0.1147
1.413	0.3885	0.1121
1.432	0.4345	0.06477
1.444	0.1446	0.01034
1.49	-0.1708	-0.02623
1.295	-0.3574	-0.03286
0.8941	-0.4961	-0.03017
0.6866	-0.5294	-0.02992
0.7526	-0.3926	-0.05115
0.854	-0.2523	-0.09522
0.918	-0.1616	-0.1252
1.008	-0.1224	-0.1174
0.9895	-0.1505	-0.08587
0.8789	-0.1483	-0.07826
0.8556	-0.1453	-0.1113
0.8658	-0.1536	-0.1601
0.9091	-0.1294	-0.1842
0.9699	-0.133	-0.1814
0.9753	-0.1262	-0.1807
0.9922	-0.08706	-0.1572
0.9858	-0.05458	-0.1188
0.9703	-0.02714	-0.09649
0.9706	-0.02958	-0.08409
0.9571	0.01045	-0.08947
0.9784	0.09136	-0.08682
0.981	0.08656	-0.08003
1.021	0.04891	-0.08396
1.128	0.04397	-0.06124
1.168	0.04832	-0.04055
1.174	0.08076	-0.03887
1.18	0.1249	-0.01667
1.164	0.1341	0.02052
1.142	0.09618	0.04006
1.202	0.009861	0.02387
1.289	-0.09501	-0.03558
1.208	-0.1436	-0.1142
1.029	-0.1753	-0.1192
0.8235	-0.309	-0.06182
0.7439	-0.4539	-0.05149
1.048	-0.464	-0.07088
1.409	-0.3267	-0.1101
1.441	-0.0767	-0.1492
1.219	0.1187	-0.08266
0.9545	0.1408	0.03249
0.8374	0.08259	0.07085
0.8482	0.005506	0.04483
0.8629	-0.07926	0.02211
0.8504	-0.135	0.02329
0.8246	-0.1466	0.03513
0.8024	-0.1495	0.0598
0.7845	-0.1556	0.06467
0.7898	-0.1327	0.04907
0.7945	-0.108	0.0576
0.7924	-0.07917	0.0693
0.8199	-0.04508	0.09307
0.8658	-0.03282	0.1245
0.9562	-0.006321	0.115
1.071	0.01477	0.08948
1.15	0.0284	0.04495
1.198	0.04583	-6.268e-05
1.241	0.05372	0.02193
1.318	0.1412	0.05901
1.341	0.2886	0.07213
1.223	0.3434	0.08694
1.131	0.2362	0.0693
1.197	-0.008585	-0.001255
1.291	-0.3213	-0.111
1.279	-0.5514	-0.1903
1.183	-0.5558	-0.1571
1.026	-0.4775	-0.08475
0.9156	-0.4464	-0.03651
0.8903	-0.352	0.0122
0.8073	-0.2168	0.05019
0.8196	-0.154	0.06089
0.9609	-0.1699	-0.01569
0.9704	-0.1483	-0.131
0.9388	-0.08856	-0.1728
0.9126	-0.09001	-0.1841
0.8603	-0.07034	-0.174
0.9058	-0.07574	-0.1628
0.949	-0.1264	-0.1671
0.9642	-0.1062	-0.1445
1.006	-0.07718	-0.1481
1.008	-0.01402	-0.1459
0.9992	0.04564	-0.1018
0.9748	0.04652	-0.05497
0.9298	0.07762	-0.008978
0.9255	0.06067	-0.01562
0.9774	0.02154	-0.04557
1.084	0.01326	-0.05683
1.18	-0.001198	-0.06104
1.199	0.05885	-0.03304
1.154	0.15	0.00179
1.138	0.1811	0.04963
1.204	0.1094	0.08089
1.29	-0.01849	0.03793
1.317	-0.07162	-0.02213
1.207	-0.1297	-0.09492
1.045	-0.2376	-0.1476
0.9801	-0.3262	-0.09628
1.029	-0.1753	-0.1192
0.8235	-0.309	-0.06182
0.7439	-0.4539	-0.05149
1.048	-0.464	-0.07088
1.409	-0.3267	-0.1101
1.441	-0.0767	-0.1492
1.219	0.1187	-0.08266
0.9545	0.1408	0.03249
0.8374	0.08259	0.07085
0.8482	0.005506	0.04483
0.8629	-0.07926	0.02211
0.8504	-0.135	0.02329
0.8246	-0.1466	0.03513
0.8024	-0.1495	0.0598
0.7845	-0.1556	0.06467
0.7898	-0.1327	0.04907
0.7945	-0.108	0.0576
0.7924	-0.07917	0.0693
0.8199	-0.04508	0.09307
0.8658	-0.03282	0.1245
0.9562	-0.006321	0.115
1.071	0.01477	0.08948
1.15	0.0284	0.04495
1.198	0.04583	-6.268e-05
1.241	0.05372	0.02193
1.318	0.1412	0.05901
1.341	0.2886	0.07213
1.223	0.3434	0.08694
1.131	0.2362	0.0693
1.197	-0.008585	-0.001255
1.291	-0.3213	-0.111
1.279	-0.5514	-0.1903
1.183	-0.5558	-0.1571
1.026	-0.4775	-0.08475
0.9156	-0.4464	-0.03651
0.8903	-0.352	0.0122
0.8073	-0.2168	0.05019
0.8196	-0.154	0.06089
0.9609	-0.1699	-0.01569
0.9704	-0.1483	-0.131
0.9388	-0.08856	-0.1728
0.9126	-0.09001	-0.1841
0.8603	-0.07034	-0.174
0.9058	-0.07574	-0.1628
0.949	-0.1264	-0.1671
0.9642	-0.1062	-0.1445
1.006	-0.07718	-0.1481
1.008	-0.01402	-0.1459
0.9992	0.04564	-0.1018
0.9748	0.04652	-0.05497
0.9298	0.07762	-0.008978
0.9255	0.06067	-0.01562
0.9774	0.02154	-0.04557
1.084	0.01326	-0.05683
1.18	-0.001198	-0.06104
1.199	0.05885	-0.03304
1.154	0.15	0.00179
1.138	0.1811	0.04963
1.204	0.1094	0.08089
1.29	-0.01849	0.03793
1.317	-0.07162	-0.02213
1.207	-0.1297	-0.09492
1.045	-0.2376	-0.1476
0.9801	-0.3262	-0.09628
0.976	-0.4218	-0.01452
1.043	-0.4346	0.01086
1.178	-0.2653	-0.01656
1.202	-0.02536	-0.04902
1.095	0.1289	-0.0291
0.9844	0.1325	0.008539
0.9174	0.009877	0.0279
0.9043	-0.1462	0.04113
0.8982	-0.2181	0.03176
0.8522	-0.1926	0.04706
0.8088	-0.1438	0.1021
0.8036	-0.08386	0.1301
0.8206	-0.026	0.1346
0.8244	0.002653	0.1149
0.8169	0.03773	0.08907
0.8217	0.06063	0.08446
0.8337	0.04992	0.08018
0.8848	0.03853	0.09321
0.9819	0.01696	0.0973
1.07	0.01264	0.08423
1.146	0.0325	0.07581
1.236	0.06035	0.06371
1.322	0.1605	0.09478
1.337	0.2986	0.1352
1.255	0.3468	0.1254
1.175	0.2588	0.09051
1.201	0.06639	0.02174
1.267	-0.2532	-0.09733
1.278	-0.6005	-0.2238
1.228	-0.6226	-0.2322
1.081	-0.4314	-0.1193
0.9108	-0.3762	-0.03471
0.8295	-0.2592	0.01673
0.7883	-0.09411	0.05819
0.8218	-0.08794	0.0421
0.9257	-0.09444	-0.03321
0.9628	-0.1118	-0.1451
0.9518	-0.131	-0.1982
0.9266	-0.1031	-0.1713
0.8916	-0.1005	-0.1787
0.9025	-0.08206	-0.195
0.9322	-0.08442	-0.1673
0.9729	-0.08873	-0.1635
1.029	-0.05344	-0.1691
1.031	-0.04674	-0.1442
0.9854	-0.02275	-0.1146
0.9429	-0.008092	-0.07624
0.9259	0.0001787	-0.05223
0.9515	0.04703	-0.05768
0.9936	0.05353	-0.0611
1.062	0.05006	-0.0693
1.17	0.08065	-0.07047
1.218	0.1284	-0.06197
1.175	0.1889	-0.05229
1.147	0.2141	-0.01231
1.171	0.1382	0.03065
1.227	-0.01534	0.0332
1.276	-0.1053	-0.02787
1.182	-0.1231	-0.1219
0.9712	-0.1742	-0.1357
0.873	-0.2895	-0.07002
0.9533	-0.4393	-0.02933
1.177	-0.4669	-0.04841
1.4	-0.3077	-0.1037
0.976	-0.4218	-0.01452
1.043	-0.4346	0.01086
1.178	-0.2653	-0.01656
1.202	-0.02536	-0.04902
1.095	0.1289	-0.0291
0.9844	0.1325	0.008539
0.9174	0.009877	0.0279
0.9043	-0.1462	0.04113
0.8982	-0.2181	0.03176
0.8522	-0.1926	0.04706
0.8088	-0.1438	0.1021
0.8036	-0.08386	0.1301
0.8206	-0.026	0.1346
0.8244	0.002653	0.1149
0.8169	0.03773	0.08907
0.8217	0.06063	0.08446
0.8337	0.04992	0.08018
0.8848	0.03853	0.09321
0.9819	0.01696	0.0973
1.07	0.01264	0.08423
1.146	0.0325	0.07581
1.236	0.06035	0.06371
1.322	0.1605	0.09478
1.337	0.2986	0.1352
1.255	0.3468	0.1254
1.175	0.2588	0.09051
1.201	0.06639	0.02174
1.267	-0.2532	-0.09733
1.278	-0.6005	-0.2238
1.228	-0.6226	-0.2322
1.081	-0.4314	-0.1193
0.9108	-0.3762	-0.03471
0.8295	-0.2592	0.01673
0.7883	-0.09411	0.05819
0.8218	-0.08794	0.0421
0.9257	-0.09444	-0.03321
0.9628	-0.1118	-0.1451
0.9518	-0.131	-0.1982
0.9266	-0.1031	-0.1713
0.8916	-0.1005	-0.1787
0.9025	-0.08206	-0.195
0.9322	-0.08442	-0.1673
0.9729	-0.08873	-0.1635
1.029	-0.05344	-0.1691
1.031	-0.04674	-0.1442
0.9854	-0.02275	-0.1146
0.9429	-0.008092	-0.07624
0.9259	0.0001787	-0.05223
0.9515	0.04703	-0.05768
0.9936	0.05353	-0.0611
1.062	0.05006	-0.0693
1.17	0.08065	-0.07047
1.218	0.1284	-0.06197
1.175	0.1889	-0.05229
1.147	0.2141	-0.01231
1.171	0.1382	0.03065
1.227	-0.01534	0.0332
1.276	-0.1053	-0.02787
1.182	-0.1231	-0.1219
0.9712	-0.1742	-0.1357
0.873	-0.2895	-0.07002
0.9533	-0.4393	-0.02933
1.177	-0.4669	-0.04841
1.4	-0.3077	-0.1037
1.338	-0.137	-0.1315
1.09	-0.009312	-0.06487
0.9148	0.1218	0.03553
0.8146	0.06704	0.04101
0.8393	-0.1402	-0.004383
0.8735	-0.1505	-0.002231
0.8013	-0.126	0.02053
0.7928	-0.1819	0.06898
0.7845	-0.09844	0.1233
0.7619	-0.0589	0.121
0.8095	-0.0476	0.1006
0.8034	0.03157	0.08329
0.8126	0.04656	0.06936
0.8556	0.07795	0.07601
0.9187	0.04688	0.08634
1.067	-0.01565	0.08972
1.149	-0.02768	0.06882
1.184	-0.05763	0.04325
1.227	0.01712	0.05996
1.251	0.1488	0.1036
1.295	0.3458	0.1388
1.246	0.4646	0.1349
1.143	0.3064	0.08992
1.117	0.1621	0.02882
1.194	-0.1001	-0.08143
1.342	-0.5102	-0.2546
1.374	-0.6701	-0.349
1.231	-0.6688	-0.2419
0.9907	-0.5304	-0.05559
0.7407	-0.2814	0.06118
0.6657	-0.1443	0.1228
0.7805	-0.08543	0.1074
0.9365	-0.0832	-0.01213
1.056	-0.1226	-0.1598
1.07	-0.1348	-0.2283
0.9591	-0.1097	-0.1783
0.8674	-0.07668	-0.1596
0.8814	-0.08059	-0.1821
0.9086	-0.06379	-0.129
0.9403	-0.01521	-0.1138
0.9836	-0.003574	-0.1302
0.9876	-0.01227	-0.1143
0.9913	-0.00948	-0.1111
0.9972	-0.0009664	-0.08106
0.9639	0.0206	-0.05832
0.9195	0.08356	-0.03542
0.9071	0.1569	-0.01662
0.9634	0.1812	-0.05208
1.084	0.1691	-0.05792
1.181	0.1597	-0.06023
1.208	0.1581	-0.0551
1.218	0.1342	0.001312
1.24	0.08474	0.02462
1.281	0.02147	0.02654
1.313	-0.04027	0.01483
1.23	-0.07531	-0.02323
1.068	-0.1748	-0.0648
1.007	-0.3462	-0.08961
1.062	-0.4082	-0.05319
1.13	-0.3586	-0.03124
1.166	-0.2258	-0.04959
1.121	0.0373	-0.03418
1.013	0.192	-0.01273
0.9404	0.1053	0.005354
1.338	-0.137	-0.1315
1.09	-0.009312	-0.06487
0.9148	0.1218	0.03553
0.8146	0.06704	0.04101
0.8393	-0.1402	-0.004383
0.8735	-0.1505	-0.002231
0.8013	-0.126	0.02053
0.7928	-0.1819	0.06898
0.7845	-0.09844	0.1233
0.7619	-0.0589	0.121
0.8095	-0.0476	0.1006
0.8034	0.03157	0.08329
0.8126	0.04656	0.06936
0.8556	0.07795	0.07601
0.9187	0.04688	0.08634
1.067	-0.01565	0.08972
1.149	-0.02768	0.06882
1.184	-0.05763	0.04325
1.227	0.01712	0.05996
1.251	0.1488	0.1036
1.295	0.3458	0.1388
1.246	0.4646	0.1349
1.143	0.3064	0.08992
1.117	0.1621	0.02882
1.194	-0.1001	-0.08143
1.342	-0.5102	-0.2546
1.374	-0.6701	-0.349
1.231	-0.6688	-0.2419
0.9907	-0.5304	-0.05559
0.7407	-0.2814	0.06118
0.6657	-0.1443	0.1228
0.7805	-0.08543	0.1074
0.9365	-0.0832	-0.01213
1.056	-0.1226	-0.1598
1.07	-0.1348	-0.2283
0.9591	-0.1097	-0.1783
0.8674	-0.07668	-0.1596
0.8814	-0.08059	-0.1821
0.9086	-0.06379	-0.129
0.9403	-0.01521	-0.1138
0.9836	-0.003574	-0.1302
0.9876	-0.01227	-0.1143
0.9913	-0.00948	-0.1111
0.9972	-0.0009664	-0.08106
0.9639	0.0206	-0.05832
0.9195	0.08356	-0.03542
0.9071	0.1569	-0.01662
0.9634	0.1812	-0.05208
1.084	0.1691	-0.05792
1.181	0.1597	-0.06023
1.208	0.1581	-0.0551
1.218	0.1342	0.001312
1.24	0.08474	0.02462
1.281	0.02147	0.02654
1.313	-0.04027	0.01483
1.23	-0.07531	-0.02323
1.068	-0.1748	-0.0648
1.007	-0.3462	-0.08961
1.062	-0.4082	-0.05319
1.13	-0.3586	-0.03124
1.166	-0.2258	-0.04959
1.121	0.0373	-0.03418
1.013	0.192	-0.01273
0.9404	0.1053	0.005354
0.9105	0.008978	0.01377
0.9034	-0.07589	0.002497
0.8902	-0.1794	0.01016
0.8244	-0.1494	0.04128
0.7996	-0.09793	0.08476
0.8396	-0.0891	0.09565
0.8616	-0.008462	0.06381
0.8939	0.02608	0.04534
0.9116	0.01949	0.04389
0.8991	0.03408	0.06134
0.917	0.001607	0.1003
0.9513	0.002948	0.1345
0.9939	0.01591	0.1467
1.034	0.0004194	0.1028
1.101	-0.0007847	0.04322
1.198	-0.01979	0.05443
1.21	0.02823	0.09294
1.187	0.1349	0.11
1.201	0.1967	0.1124
1.189	0.1894	0.05323
1.223	0.03947	-0.05381
1.266	-0.1999	-0.1377
1.167	-0.363	-0.1759
1.024	-0.3688	-0.1669
0.9412	-0.2611	-0.1461
0.8977	-0.1304	-0.1144
0.9104	-0.05005	-0.06618
0.9688	-0.09008	-0.06363
1.022	-0.137	-0.07142
1.028	-0.1216	-0.05783
0.9855	-0.1312	-0.09132
0.9234	-0.1007	-0.1312
0.8685	-0.05664	-0.135
0.8806	-0.0473	-0.1421
0.9207	0.005295	-0.1569
0.9186	0.01796	-0.1817
0.9574	-0.02564	-0.1934
1.016	-0.0506	-0.1963
1.004	-0.07804	-0.2039
0.9912	-0.08076	-0.1703
0.9873	-0.05834	-0.1325
0.9693	-0.04591	-0.1193
0.9725	-0.03431	-0.1176
1	-0.02395	-0.1399
1.063	-0.007289	-0.1462
1.154	0.03145	-0.1442
1.21	0.08704	-0.1341
1.165	0.1182	-0.07894
1.109	0.103	-0.02115
1.182	0.04038	-0.004181
1.29	-0.05539	-0.03548
1.337	-0.07697	-0.05683
1.263	-0.05369	-0.06643
1.043	-0.1417	-0.1166
0.8954	-0.2679	-0.1237
0.924	-0.3492	-0.06828
1.03	-0.3959	-0.03512
1.141	-0.3046	-0.04563
1.158	-0.1035	-0.06065
1.069	0.03672	-0.04225
0.9623	0.06126	-0.02846
0.9126	-0.01116	-0.01562
0.9046	-0.1006	0.002872
0.8756	-0.1264	0.0007841
0.9105	0.008978	0.01377
0.9034	-0.07589	0.002497
0.8902	-0.1794	0.01016
0.8244	-0.1494	0.04128
0.7996	-0.09793	0.08476
0.8396	-0.0891	0.09565
0.8616	-0.008462	0.06381
0.8939	0.02608	0.04534
0.9116	0.01949	0.04389
0.8991	0.03408	0.06134
0.917	0.001607	0.1003
0.9513	0.002948	0.1345
0.9939	0.01591	0.1467
1.034	0.0004194	0.1028
1.101	-0.0007847	0.04322
1.198	-0.01979	0.05443
1.21	0.02823	0.09294
1.187	0.1349	0.11
1.201	0.1967	0.1124
1.189	0.1894	0.05323
1.223	0.03947	-0.05381
1.266	-0.1999	-0.1377
1.167	-0.363	-0.1759
1.024	-0.3688	-0.1669
0.9412	-0.2611	-0.1461
0.8977	-0.1304	-0.1144
0.9104	-0.05005	-0.06618
0.9688	-0.09008	-0.06363
1.022	-0.137	-0.07142
1.028	-0.1216	-0.05783
0.9855	-0.1312	-0.09132
0.9234	-0.1007	-0.1312
0.8685	-0.05664	-0.135
0.8806	-0.0473	-0.1421
0.9207	0.005295	-0.1569
0.9186	0.01796	-0.1817
0.9574	-0.02564	-0.1934
1.016	-0.0506	-0.1963
1.004	-0.07804	-0.2039
0.9912	-0.08076	-0.1703
0.9873	-0.05834	-0.1325
0.9693	-0.04591	-0.1193
0.9725	-0.03431	-0.1176
1	-0.02395	-0.1399
1.063	-0.007289	-0.1462
1.154	0.03145	-0.1442
1.21	0.08704	-0.1341
1.165	0.1182	-0.07894
1.109	0.103	-0.02115
1.182	0.04038	-0.004181
1.29	-0.05539	-0.03548
1.337	-0.07697	-0.05683
1.263	-0.05369	-0.06643
1.043	-0.1417	-0.1166
0.8954	-0.2679	-0.1237
0.924	-0.3492	-0.06828
1.03	-0.3959	-0.03512
1.141	-0.3046	-0.04563
1.158	-0.1035	-0.06065
1.069	0.03672	-0.04225
0.9623	0.06126	-0.02846
0.9126	-0.01116	-0.01562
0.9046	-0.1006	0.002872
0.8756	-0.1264	0.0007841
0.8537	-0.118	0.03622
0.8378	-0.0976	0.09242
0.8327	-0.05728	0.1277
0.8515	-0.02047	0.1446
0.8536	0.008946	0.1162
0.8596	0.027	0.09775
0.864	0.03999	0.111
0.878	0.06927	0.1236
0.935	0.1014	0.1388
0.9939	0.1124	0.1177
1.055	0.07645	0.08952
1.139	0.00776	0.1018
1.234	-0.02191	0.1125
1.278	0.0601	0.1199
1.257	0.2398	0.1314
1.239	0.3568	0.114
1.209	0.2927	0.06593
1.2	0.07007	-0.005302
1.223	-0.2334	-0.0947
1.179	-0.4338	-0.153
1.099	-0.4136	-0.1433
1.002	-0.3007	-0.08395
0.9155	-0.1783	-0.01141
0.9024	-0.07829	0.02536
0.8977	-0.08937	0.01874
0.9141	-0.1177	-0.01702
0.931	-0.1116	-0.09529
0.8901	-0.1301	-0.1674
0.868	-0.09823	-0.1858
0.8617	-0.05285	-0.1884
0.8682	-0.04995	-0.1775
0.9056	-0.05335	-0.1457
0.9563	-0.07485	-0.1407
1.013	-0.07995	-0.1584
1.011	-0.07838	-0.1583
0.9763	-0.06075	-0.128
0.9558	-0.004394	-0.07511
0.9526	0.02359	-0.04464
1.009	0.04379	-0.04332
1.084	0.07002	-0.03757
1.139	0.1108	-0.03908
1.157	0.1959	-0.03485
1.153	0.2346	0.008776
1.191	0.1915	0.04998
1.259	0.1098	0.03715
1.336	0.01111	0.01163
1.3	-0.03737	-0.007539
1.122	-0.06493	-0.1065
0.998	-0.1789	-0.2182
0.9892	-0.2729	-0.1739
1.05	-0.3302	-0.05232
1.133	-0.4631	0.0214
1.206	-0.4199	0.04394
1.193	-0.1474	0.004007
1.053	0.07177	-0.01648
0.9965	0.168	0.01194
0.982	0.09033	0.01208
0.8896	-0.00439	0.03146
0.8528	-0.03467	0.05827
0.8212	-0.1303	0.05925
0.7944	-0.08378	0.08695
0.8058	-0.01878	0.09369
0.8073	-0.07248	0.08778
0.8363	-0.03056	0.09904
0.8537	-0.118	0.03622
0.8378	-0.0976	0.09242
0.8327	-0.05728	0.1277
0.8515	-0.02047	0.1446
0.8536	0.008946	0.1162
0.8596	0.027	0.09775
0.864	0.03999	0.111
0.878	0.06927	0.1236
0.935	0.1014	0.1388
0.9939	0.1124	0.1177
1.055	0.07645	0.08952
1.139	0.00776	0.1018
1.234	-0.02191	0.1125
1.278	0.0601	0.1199
1.257	0.2398	0.1314
1.239	0.3568	0.114
1.209	0.2927	0.06593
1.2	0.07007	-0.005302
1.223	-0.2334	-0.0947
1.179	-0.4338	-0.153
1.099	-0.4136	-0.1433
1.002	-0.3007	-0.08395
0.9155	-0.1783	-0.01141
0.9024	-0.07829	0.02536
0.8977	-0.08937	0.01874
0.9141	-0.1177	-0.01702
0.931	-0.1116	-0.09529
0.8901	-0.1301	-0.1674
0.868	-0.09823	-0.1858
0.8617	-0.05285	-0.1884
0.8682	-0.04995	-0.1775
0.9056	-0.05335	-0.1457
0.9563	-0.07485	-0.1407
1.013	-0.07995	-0.1584
1.011	-0.07838	-0.1583
0.9763	-0.06075	-0.128
0.9558	-0.004394	-0.07511
0.9526	0.02359	-0.04464
1.009	0.04379	-0.04332
1.084	0.07002	-0.03757
1.139	0.1108	-0.03908
1.157	0.1959	-0.03485
1.153	0.2346	0.008776
1.191	0.1915	0.04998
1.259	0.1098	0.03715
1.336	0.01111	0.01163
1.3	-0.03737	-0.007539
1.122	-0.06493	-0.1065
0.998	-0.1789	-0.2182
0.9892	-0.2729	-0.1739
1.05	-0.3302	-0.05232
1.133	-0.4631	0.0214
1.206	-0.4199	0.04394
1.193	-0.1474	0.004007
1.053	0.07177	-0.01648
0.9965	0.168	0.01194
0.982	0.09033	0.01208
0.8896	-0.00439	0.03146
0.8528	-0.03467	0.05827
0.8212	-0.1303	0.05925
0.7944	-0.08378	0.08695
0.8058	-0.01878	0.09369
0.8073	-0.07248	0.08778
0.8363	-0.03056	0.09904
0.8495	-0.04061	0.09935
0.865	-0.04471	0.1144
0.8984	0.03001	0.1129
0.951	0.04302	0.1032
1.047	0.09767	0.1123
1.097	0.09185	0.09823
1.134	0.02141	0.09686
1.19	0.0188	0.1221
1.247	0.06874	0.1375
1.29	0.2022	0.1236
1.263	0.2449	0.08514
1.256	0.1582	0.05346
1.265	0.009128	6.843e-05
1.219	-0.245	-0.06625
1.168	-0.3523	-0.08765
1.052	-0.2924	-0.07729
0.9009	-0.3226	-0.06967
0.8934	-0.3195	-0.07243
0.9658	-0.1501	-0.04984
0.9601	-0.01945	-0.02091
0.9656	-0.05501	-0.0343
1.001	-0.1141	-0.04345
0.9819	-0.114	-0.05047
0.9691	-0.1175	-0.08001
0.9204	-0.1045	-0.09689
0.8702	-0.05073	-0.1219
0.912	-0.02771	-0.1615
0.9299	-0.02805	-0.1758
0.9474	-0.0296	-0.1694
0.9722	-0.06605	-0.1544
0.9404	-0.09757	-0.1316
0.9403	-0.1028	-0.1229
0.967	-0.08621	-0.1346
0.9942	-0.05967	-0.1342
1.015	-0.04182	-0.1079
1.01	-0.01204	-0.08213
1.015	-0.01018	-0.07991
1.023	-0.009084	-0.08542
1.076	0.03881	-0.08611
1.175	0.0992	-0.0932
1.213	0.1987	-0.07458
1.195	0.2447	-0.007916
1.204	0.1488	0.05627
1.24	0.05869	0.06323
1.237	0.05187	0.002509
1.189	0.03716	-0.07787
1.092	-0.06518	-0.1351
0.9722	-0.2653	-0.1425
0.9246	-0.483	-0.05815
0.9575	-0.5379	0.05033
1.077	-0.3698	0.06582
1.213	-0.1598	0.01453
1.183	0.006664	-0.01678
1.084	0.1539	-0.01237
1.035	0.1609	0.02188
0.9459	0.02746	0.06579
0.8791	-0.06853	0.06626
0.8463	-0.1054	0.06973
0.7725	-0.1011	0.1267
0.7793	-0.06193	0.1611
0.8339	-0.05105	0.1621
0.8403	-0.02969	0.1507
0.847	-0.0004466	0.1252
0.8239	0.01887	0.1245
0.8495	-0.04061	0.09935
0.865	-0.04471	0.1144
0.8984	0.03001	0.1129
0.951	0.04302	0.1032
1.047	0.09767	0.1123
1.097	0.09185	0.09823
1.134	0.02141	0.09686
1.19	0.0188	0.1221
1.247	0.06874	0.1375
1.29	0.2022	0.1236
1.263	0.2449	0.08514
1.256	0.1582	0.05346
1.265	0.009128	6.843e-05
1.219	-0.245	-0.06625
1.168	-0.3523	-0.08765
1.052	-0.2924	-0.07729
0.9009	-0.3226	-0.06967
0.8934	-0.3195	-0.07243
0.9658	-0.1501	-0.04984
0.9601	-0.01945	-0.02091
0.9656	-0.05501	-0.0343
1.001	-0.1141	-0.04345
0.9819	-0.114	-0.05047
0.9691	-0.1175	-0.08001
0.9204	-0.1045	-0.09689
0.8702	-0.05073	-0.1219
0.912	-0.02771	-0.1615
0.9299	-0.02805	-0.1758
0.9474	-0.0296	-0.1694
0.9722	-0.06605	-0.1544
0.9404	-0.09757	-0.1316
0.9403	-0.1028	-0.1229
0.967	-0.08621	-0.1346
0.9942	-0.05967	-0.1342
1.015	-0.04182	-0.1079
1.01	-0.01204	-0.08213
1.015	-0.01018	-0.07991
1.023	-0.009084	-0.08542
1.076	0.03881	-0.08611
1.175	0.0992	-0.0932
1.213	0.1987	-0.07458
1.195	0.2447	-0.007916
1.204	0.1488	0.05627
1.24	0.05869	0.06323
1.237	0.05187	0.002509
1.189	0.03716	-0.07787
1.092	-0.06518	-0.1351
0.9722	-0.2653	-0.1425
0.9246	-0.483	-0.05815
0.9575	-0.5379	0.05033
1.077	-0.3698	0.06582
1.213	-0.1598	0.01453
1.183	0.006664	-0.01678
1.084	0.1539	-0.01237
1.035	0.1609	0.02188
0.9459	0.02746	0.06579
0.8791	-0.06853	0.06626
0.8463	-0.1054	0.06973
0.7725	-0.1011	0.1267
0.7793	-0.06193	0.1611
0.8339	-0.05105	0.1621
0.8403	-0.02969	0.1507
0.847	-0.0004466	0.1252
0.8239	0.01887	0.1245
0.8134	0.06412	0.1226
0.8397	0.07112	0.1103
0.8914	0.04554	0.1058
1.029	0.01784	0.07097
1.122	-0.0111	0.03374
1.116	-0.00804	0.04622
1.146	0.0136	0.1057
1.212	0.1261	0.1804
1.274	0.3209	0.2036
1.334	0.4007	0.1527
1.387	0.2759	0.07512
1.394	-0.007388	0.001901
1.307	-0.3545	-0.05354
1.096	-0.5733	-0.08263
0.8622	-0.5554	-0.102
0.8092	-0.4936	-0.09205
0.88	-0.384	-0.04974
0.9082	-0.1389	-0.02388
0.9719	-0.07585	-0.01356
1.054	-0.1434	-0.02267
1.019	-0.1006	-0.04866
0.9568	-0.0959	-0.07636
0.8978	-0.07764	-0.1065
0.8013	-0.009762	-0.1107
0.8038	-0.009966	-0.1358
0.8616	-0.02735	-0.1801
0.9188	-0.0629	-0.1797
1.027	-0.09369	-0.1809
1.031	-0.06776	-0.1691
0.9782	-0.0166	-0.1263
0.9928	0.04368	-0.09589
0.9532	0.0729	-0.07104
0.9237	0.07133	-0.06179
0.9634	0.07225	-0.05876
0.9996	0.06083	-0.04965
1.091	0.05699	-0.04252
1.21	0.09884	-0.03267
1.264	0.174	-0.03165
1.273	0.2088	-0.02039
1.293	0.1393	-0.001977
1.318	0.03837	-0.01428
1.254	0.01187	-0.04941
1.089	0.009565	-0.09373
0.9251	-0.1116	-0.1295
0.8703	-0.3716	-0.1009
0.9789	-0.5353	0.0259
1.094	-0.4518	0.1345
1.143	-0.3016	0.05699
1.236	-0.114	-0.0906
1.226	0.1313	-0.1093
1.083	0.1819	-0.09439
1.001	0.07735	-0.08779
0.8961	-0.007778	-0.02842
0.785	-0.1305	0.008743
0.7582	-0.1795	0.05532
0.7186	-0.1282	0.1102
0.7439	-0.1077	0.1048
0.7959	-0.05535	0.09935
0.8074	0.001423	0.0873
0.8527	0.01224	0.08075
0.8439	0.04715	0.09261
0.8607	0.05641	0.08544
0.9541	0.02371	0.09305
1.025	0.008577	0.0783
0.8134	0.06412	0.1226
0.8397	0.07112	0.1103
0.8914	0.04554	0.1058
1.029	0.01784	0.07097
1.122	-0.0111	0.03374
1.116	-0.00804	0.04622
1.146	0.0136	0.1057
1.212	0.1261	0.1804
1.274	0.3209	0.2036
1.334	0.4007	0.1527
1.387	0.2759	0.07512
1.394	-0.007388	0.001901
1.307	-0.3545	-0.05354
1.096	-0.5733	-0.08263
0.8622	-0.5554	-0.102
0.8092	-0.4936	-0.09205
0.88	-0.384	-0.04974
0.9082	-0.1389	-0.02388
0.9719	-0.07585	-0.01356
1.054	-0.1434	-0.02267
1.019	-0.1006	-0.04866
0.9568	-0.0959	-0.07636
0.8978	-0.07764	-0.1065
0.8013	-0.009762	-0.1107
0.8038	-0.009966	-0.1358
0.8616	-0.02735	-0.1801
0.9188	-0.0629	-0.1797
1.027	-0.09369	-0.1809
1.031	-0.06776	-0.1691
0.9782	-0.0166	-0.1263
0.9928	0.04368	-0.09589
0.9532	0.0729	-0.07104
0.9237	0.07133	-0.06179
0.9634	0.07225	-0.05876
0.9996	0.06083	-0.04965
1.091	0.05699	-0.04252
1.21	0.09884	-0.03267
1.264	0.174	-0.03165
1.273	0.2088	-0.02039
1.293	0.1393	-0.001977
1.318	0.03837	-0.01428
1.254	0.01187	-0.04941
1.089	0.009565	-0.09373
0.9251	-0.1116	-0.1295
0.8703	-0.3716	-0.1009
0.9789	-0.5353	0.0259
1.094	-0.4518	0.1345
1.143	-0.3016	0.05699
1.236	-0.114	-0.0906
1.226	0.1313	-0.1093
1.083	0.1819	-0.09439
1.001	0.07735	-0.08779
0.8961	-0.007778	-0.02842
0.785	-0.1305	0.008743
0.7582	-0.1795	0.05532
0.7186	-0.1282	0.1102
0.7439	-0.1077	0.1048
0.7959	-0.05535	0.09935
0.8074	0.001423	0.0873
0.8527	0.01224	0.08075
0.8439	0.04715	0.09261
0.8607	0.05641	0.08544
0.9541	0.02371	0.09305
1.025	0.008577	0.0783
1.137	-0.01288	0.02785
1.245	-0.04069	-0.0135
1.295	-0.023	-0.01549
1.303	0.07944	0.04095
1.308	0.2485	0.07489
1.324	0.334	0.05981
1.283	0.21	0.01799
1.269	-0.04433	-0.05519
1.201	-0.3017	-0.106
1.003	-0.4598	-0.1065
0.9275	-0.4571	-0.07304
0.9586	-0.3731	-0.03624
0.9617	-0.2646	-0.008896
0.9566	-0.1775	0.0007787
0.9564	-0.1416	-0.02135
0.953	-0.07431	-0.04304
0.9141	-0.04645	-0.0829
0.886	-0.04458	-0.1493
0.8471	0.01718	-0.1822
0.8177	-0.009646	-0.1729
0.8796	-0.05942	-0.1485
0.9221	-0.05305	-0.1336
0.9496	-0.05904	-0.1218
0.9916	-0.003999	-0.1172
0.9805	0.0497	-0.1157
0.9636	0.06477	-0.08789
0.9513	0.07429	-0.07453
0.9597	0.03758	-0.07336
0.9991	0.01926	-0.05927
1.046	0.03636	-0.06294
1.143	0.1074	-0.05739
1.236	0.2193	-0.02141
1.222	0.2381	0.01246
1.188	0.1699	0.01499
1.249	0.05611	0.01075
1.282	-0.04881	0.008851
1.231	-0.04161	-0.0579
1.16	-0.04937	-0.129
1.008	-0.1819	-0.104
0.8785	-0.2992	-0.03985
0.9043	-0.4091	0.01304
1.098	-0.4572	0.02
1.374	-0.2262	-0.06427
1.371	0.06846	-0.1326
1.146	0.1907	-0.06302
0.9964	0.1877	0.03968
0.8308	0.07755	0.06393
0.7647	-0.0275	0.05851
0.8079	-0.09498	0.04602
0.7866	-0.1266	0.03959
0.8195	-0.1155	0.06303
0.8267	-0.139	0.08818
0.7803	-0.1285	0.1107
0.7907	-0.09351	0.1221
0.7822	-0.04208	0.1151
0.8013	0.05155	0.1009
0.8368	0.08746	0.07191
0.8952	0.08931	0.04757
1.051	0.02153	0.03425
1.153	-0.1006	0.02148
1.166	-0.1077	0.03922
1.236	0.01629	0.1077
1.377	0.2181	0.1672
1.387	0.405	0.145
1.137	-0.01288	0.02785
1.245	-0.04069	-0.0135
1.295	-0.023	-0.01549
1.303	0.07944	0.04095
1.308	0.2485	0.07489
1.324	0.334	0.05981
1.283	0.21	0.01799
1.269	-0.04433	-0.05519
1.201	-0.3017	-0.106
1.003	-0.4598	-0.1065
0.9275	-0.4571	-0.07304
0.9586	-0.3731	-0.03624
0.9617	-0.2646	-0.008896
0.9566	-0.1775	0.0007787
0.9564	-0.1416	-0.02135
0.953	-0.07431	-0.04304
0.9141	-0.04645	-0.0829
0.886	-0.04458	-0.1493
0.8471	0.01718	-0.1822
0.8177	-0.009646	-0.1729
0.8796	-0.05942	-0.1485
0.9221	-0.05305	-0.1336
0.9496	-0.05904	-0.1218
0.9916	-0.003999	-0.1172
0.9805	0.0497	-0.1157
0.9636	0.06477	-0.08789
0.9513	0.07429	-0.07453
0.9597	0.03758	-0.07336
0.9991	0.01926	-0.05927
1.046	0.03636	-0.06294
1.143	0.1074	-0.05739
1.236	0.2193	-0.02141
1.222	0.2381	0.01246
1.188	0.1699	0.01499
1.249	0.05611	0.01075
1.282	-0.04881	0.008851
1.231	-0.04161	-0.0579
1.16	-0.04937	-0.129
1.008	-0.1819	-0.104
0.8785	-0.2992	-0.03985
0.9043	-0.4091	0.01304
1.098	-0.4572	0.02
1.374	-0.2262	-0.06427
1.371	0.06846	-0.1326
1.146	0.1907	-0.06302
0.9964	0.1877	0.03968
0.8308	0.07755	0.06393
0.7647	-0.0275	0.05851
0.8079	-0.09498	0.04602
0.7866	-0.1266	0.03959
0.8195	-0.1155	0.06303
0.8267	-0.139	0.08818
0.7803	-0.1285	0.1107
0.7907	-0.09351	0.1221
0.7822	-0.04208	0.1151
0.8013	0.05155	0.1009
0.8368	0.08746	0.07191
0.8952	0.08931	0.04757
1.051	0.02153	0.03425
1.153	-0.1006	0.02148
1.166	-0.1077	0.03922
1.236	0.01629	0.1077
1.377	0.2181	0.1672
1.387	0.405	0.145
1.251	0.4856	0.1102
1.218	0.3002	0.1078
1.256	-0.1966	0.02056
1.257	-0.5991	-0.1156
1.152	-0.6259	-0.1478
0.9564	-0.4647	-0.113
0.8763	-0.314	-0.06053
0.8342	-0.1239	0.0279
0.7978	0.01444	0.06439
0.8732	-0.04782	0.03681
0.9165	-0.06291	0.02497
0.913	-0.05848	-0.04876
0.9274	-0.1512	-0.1636
0.9199	-0.1116	-0.1541
0.8675	-0.08629	-0.1187
0.8185	-0.1129	-0.1575
0.8593	-0.06555	-0.162
0.9465	-0.08506	-0.1637
1.039	-0.0774	-0.1947
1.084	-0.0267	-0.1831
1.015	0.008649	-0.1438
0.9424	0.08901	-0.08725
0.9171	0.1137	-0.04904
0.8952	0.1044	-0.05847
0.9177	0.09356	-0.05701
1.029	0.05069	-0.06911
1.211	0.0661	-0.09944
1.297	0.1217	-0.08017
1.195	0.1643	-0.005822
1.124	0.1629	0.07441
1.167	0.04721	0.06843
1.18	-0.08624	0.01015
1.185	-0.1224	-0.05572
1.146	-0.1811	-0.1591
0.998	-0.3153	-0.1215
0.9348	-0.4082	0.02891
1.102	-0.4283	0.03063
1.378	-0.3299	-0.06305
1.475	-0.09717	-0.153
1.277	0.09668	-0.1421
1.004	0.1372	-0.02482
0.8181	0.0708	0.01535
0.7329	-0.01619	0.03203
0.7256	-0.1125	0.0171
0.7275	-0.2037	-0.02262
0.7235	-0.1957	0.05055
0.7331	-0.1379	0.1041
0.7528	-0.0732	0.1323
0.7871	0.01463	0.1389
0.8254	0.05153	0.08442
0.8531	0.09116	0.09287
0.8963	0.1215	0.09287
0.975	0.08456	0.1046
1.079	0.0656	0.1313
1.186	0.02825	0.07378
1.262	-0.007263	0.05228
1.294	0.03892	0.06663
1.282	0.163	0.08444
1.248	0.3726	0.09841
1.221	0.4954	0.06332
1.196	0.3633	0.02067
1.216	0.001895	-0.07809
1.245	-0.3801	-0.1805
1.218	-0.4751	-0.1576
1.251	0.4856	0.1102
1.218	0.3002	0.1078
1.256	-0.1966	0.02056
1.257	-0.5991	-0.1156
1.152	-0.6259	-0.1478
0.9564	-0.4647	-0.113
0.8763	-0.314	-0.06053
0.8342	-0.1239	0.0279
0.7978	0.01444	0.06439
0.8732	-0.04782	0.03681
0.9165	-0.06291	0.02497
0.913	-0.05848	-0.04876
0.9274	-0.1512	-0.1636
0.9199	-0.1116	-0.1541
0.8675	-0.08629	-0.1187
0.8185	-0.1129	-0.1575
0.8593	-0.06555	-0.162
0.9465	-0.08506	-0.1637
1.039	-0.0774	-0.1947
1.084	-0.0267	-0.1831
1.015	0.008649	-0.1438
0.9424	0.08901	-0.08725
0.9171	0.1137	-0.04904
0.8952	0.1044	-0.05847
0.9177	0.09356	-0.05701
1.029	0.05069	-0.06911
1.211	0.0661	-0.09944
1.297	0.1217	-0.08017
1.195	0.1643	-0.005822
1.124	0.1629	0.07441
1.167	0.04721	0.06843
1.18	-0.08624	0.01015
1.185	-0.1224	-0.05572
1.146	-0.1811	-0.1591
0.998	-0.3153	-0.1215
0.9348	-0.4082	0.02891
1.102	-0.4283	0.03063
1.378	-0.3299	-0.06305
1.475	-0.09717	-0.153
1.277	0.09668	-0.1421
1.004	0.1372	-0.02482
0.8181	0.0708	0.01535
0.7329	-0.01619	0.03203
0.7256	-0.1125	0.0171
0.7275	-0.2037	-0.02262
0.7235	-0.1957	0.05055
0.7331	-0.1379	0.1041
0.7528	-0.0732	0.1323
0.7871	0.01463	0.1389
0.8254	0.05153	0.08442
0.8531	0.09116	0.09287
0.8963	0.1215	0.09287
0.975	0.08456	0.1046
1.079	0.0656	0.1313
1.186	0.02825	0.07378
1.262	-0.007263	0.05228
1.294	0.03892	0.06663
1.282	0.163	0.08444
1.248	0.3726	0.09841
1.221	0.4954	0.06332
1.196	0.3633	0.02067
1.216	0.001895	-0.07809
1.245	-0.3801	-0.1805
1.218	-0.4751	-0.1576
1.166	-0.4821	-0.08353
1.021	-0.5703	-0.01109
0.8529	-0.4407	0.09519
0.8285	-0.291	0.1473
0.8002	-0.1527	0.1267
0.7779	0.09213	0.08449
0.8851	0.03071	-0.08955
0.9228	-0.03327	-0.2187
0.893	0.02869	-0.1757
0.8841	-0.08555	-0.1737
0.8171	-0.04733	-0.1228
0.8324	-0.02581	-0.0734
0.9359	-0.05915	-0.1132
1.003	0.03857	-0.09823
1.038	0.02167	-0.1176
0.9834	0.05765	-0.1036
0.9351	0.07479	-0.03985
0.9307	0.02193	-0.03124
0.9373	0.06543	-0.01038
1.055	0.05138	-0.0396
1.187	0.1207	-0.06895
1.262	0.2237	-0.05513
1.255	0.2053	-0.03861
1.205	0.1622	0.0244
1.242	0.03449	0.03024
1.22	-0.1158	-0.02603
1.113	-0.2091	-0.05488
0.9527	-0.244	-0.03419
0.8166	-0.2866	0.01285
1.03	-0.3462	-0.009804
1.371	-0.2315	-0.07987
1.454	-0.01485	-0.1386
1.317	0.1301	-0.1162
1.048	0.1574	-0.006622
0.8354	0.08479	0.05508
0.7489	0.02635	0.06875
0.7555	-0.04175	0.03318
0.7994	-0.1366	-0.01043
0.7685	-0.1685	0.02757
0.7612	-0.1385	0.05001
0.76	-0.09337	0.0709
0.747	-0.05325	0.08975
0.8084	-0.02867	0.04639
0.8318	-0.02172	0.04332
0.8516	0.02491	0.06376
0.8934	0.07577	0.07912
0.9532	0.03313	0.09784
1.094	-0.02429	0.07842
1.159	-0.04396	0.06439
1.192	-0.0451	0.04853
1.333	0.04881	0.0354
1.482	0.2177	0.03023
1.51	0.2862	-0.0009415
1.405	0.2069	-0.00465
1.352	0.06022	-0.01923
1.304	-0.1495	-0.06858
1.142	-0.3468	-0.0881
1.004	-0.4461	-0.09451
0.9447	-0.4805	-0.07278
0.9862	-0.4046	-0.03579
0.9952	-0.2801	-0.01705
0.9044	-0.1932	0.01733
0.8595	-0.09027	0.02561
0.8146	-0.05481	-0.01526
1.166	-0.4821	-0.08353
1.021	-0.5703	-0.01109
0.8529	-0.4407	0.09519
0.8285	-0.291	0.1473
0.8002	-0.1527	0.1267
0.7779	0.09213	0.08449
0.8851	0.03071	-0.08955
0.9228	-0.03327	-0.2187
0.893	0.02869	-0.1757
0.8841	-0.08555	-0.1737
0.8171	-0.04733	-0.1228
0.8324	-0.02581	-0.0734
0.9359	-0.05915	-0.1132
1.003	0.03857	-0.09823
1.038	0.02167	-0.1176
0.9834	0.05765	-0.1036
0.9351	0.07479	-0.03985
0.9307	0.02193	-0.03124
0.9373	0.06543	-0.01038
1.055	0.05138	-0.0396
1.187	0.1207	-0.06895
1.262	0.2237	-0.05513
1.255	0.2053	-0.03861
1.205	0.1622	0.0244
1.242	0.03449	0.03024
1.22	-0.1158	-0.02603
1.113	-0.2091	-0.05488
0.9527	-0.244	-0.03419
0.8166	-0.2866	0.01285
1.03	-0.3462	-0.009804
1.371	-0.2315	-0.07987
1.454	-0.01485	-0.1386
1.317	0.1301	-0.1162
1.048	0.1574	-0.006622
0.8354	0.08479	0.05508
0.7489	0.02635	0.06875
0.7555	-0.04175	0.03318
0.7994	-0.1366	-0.01043
0.7685	-0.1685	0.02757
0.7612	-0.1385	0.05001
0.76	-0.09337	0.0709
0.747	-0.05325	0.08975
0.8084	-0.02867	0.04639
0.8318	-0.02172	0.04332
0.8516	0.02491	0.06376
0.8934	0.07577	0.07912
0.9532	0.03313	0.09784
1.094	-0.02429	0.07842
1.159	-0.04396	0.06439
1.192	-0.0451	0.04853
1.333	0.04881	0.0354
1.482	0.2177	0.03023
1.51	0.2862	-0.0009415
1.405	0.2069	-0.00465
1.352	0.06022	-0.01923
1.304	-0.1495	-0.06858
1.142	-0.3468	-0.0881
1.004	-0.4461	-0.09451
0.9447	-0.4805	-0.07278
0.9862	-0.4046	-0.03579
0.9952	-0.2801	-0.01705
0.9044	-0.1932	0.01733
0.8595	-0.09027	0.02561
0.8146	-0.05481	-0.01526
0.8188	-0.04475	-0.07645
0.8488	0.02025	-0.1471
0.8126	0.0305	-0.1693
0.8543	0.02103	-0.159
0.9158	0.009789	-0.1713
0.9787	-0.006267	-0.1757
1.039	0.008955	-0.1757
0.9889	0.0002318	-0.1602
0.9645	-0.001194	-0.1038
0.9334	-0.008334	-0.06391
0.8798	-0.03368	-0.05137
0.9659	-0.02017	-0.05045
1.108	0.005435	-0.06751
1.207	0.07468	-0.07611
1.22	0.1857	-0.06957
1.191	0.2504	-0.0123
1.214	0.2154	0.08982
1.22	0.1007	0.1065
1.239	-0.002085	0.001518
1.278	-0.05378	-0.1036
1.193	-0.08396	-0.109
1.035	-0.2004	-0.06305
0.9594	-0.3671	-0.02272
1.056	-0.3971	0.02193
1.283	-0.3051	-0.01566
1.413	-0.1271	-0.1184
1.301	0.05167	-0.1254
1.042	0.07865	-0.04524
0.8139	0.02486	0.04433
0.6947	-0.03509	0.07146
0.6738	-0.09101	0.03686
0.6852	-0.1216	0.06012
0.6792	-0.1226	0.1056
0.7271	-0.08801	0.126
0.7843	-0.05101	0.1384
0.8061	-0.02007	0.09956
0.8509	-0.007125	0.07209
0.8612	0.02201	0.07554
0.889	0.07403	0.08154
0.9794	0.06836	0.1009
1.064	0.05308	0.07709
1.134	0.04429	0.05271
1.193	0.0162	0.0505
1.306	0.0219	0.03309
1.381	0.1121	0.06547
1.374	0.2754	0.1017
1.408	0.2959	0.05887
1.391	0.07226	-0.01532
1.327	-0.2305	-0.08717
1.196	-0.4521	-0.1337
0.9497	-0.469	-0.1056
0.8874	-0.3716	-0.05263
0.9574	-0.2983	-0.03137
0.9404	-0.2233	0.0117
0.9468	-0.1732	0.0339
0.9176	-0.1372	0.001139
0.8406	-0.1064	-0.01996
0.8525	-0.1083	-0.07806
0.87	-0.07754	-0.1591
0.8533	-0.0481	-0.1776
0.869	-0.0708	-0.168
0.8923	-0.08839	-0.1643
0.9327	-0.09776	-0.1559
0.9986	-0.09478	-0.1403
0.8188	-0.04475	-0.07645
0.8488	0.02025	-0.1471
0.8126	0.0305	-0.1693
0.8543	0.02103	-0.159
0.9158	0.009789	-0.1713
0.9787	-0.006267	-0.1757
1.039	0.008955	-0.1757
0.9889	0.0002318	-0.1602
0.9645	-0.001194	-0.1038
0.9334	-0.008334	-0.06391
0.8798	-0.03368	-0.05137
0.9659	-0.02017	-0.05045
1.108	0.005435	-0.06751
1.207	0.07468	-0.07611
1.22	0.1857	-0.06957
1.191	0.2504	-0.0123
1.214	0.2154	0.08982
1.22	0.1007	0.1065
1.239	-0.002085	0.001518
1.278	-0.05378	-0.1036
1.193	-0.08396	-0.109
1.035	-0.2004	-0.06305
0.9594	-0.3671	-0.02272
1.056	-0.3971	0.02193
1.283	-0.3051	-0.01566
1.413	-0.1271	-0.1184
1.301	0.05167	-0.1254
1.042	0.07865	-0.04524
0.8139	0.02486	0.04433
0.6947	-0.03509	0.07146
0.6738	-0.09101	0.03686
0.6852	-0.1216	0.06012
0.6792	-0.1226	0.1056
0.7271	-0.08801	0.126
0.7843	-0.05101	0.1384
0.8061	-0.02007	0.09956
0.8509	-0.007125	0.07209
0.8612	0.02201	0.07554
0.889	0.07403	0.08154
0.9794	0.06836	0.1009
1.064	0.05308	0.07709
1.134	0.04429	0.05271
1.193	0.0162	0.0505
1.306	0.0219	0.03309
1.381	0.1121	0.06547
1.374	0.2754	0.1017
1.408	0.2959	0.05887
1.391	0.07226	-0.01532
1.327	-0.2305	-0.08717
1.196	-0.4521	-0.1337
0.9497	-0.469	-0.1056
0.8874	-0.3716	-0.05263
0.9574	-0.2983	-0.03137
0.9404	-0.2233	0.0117
0.9468	-0.1732	0.0339
0.9176	-0.1372	0.001139
0.8406	-0.1064	-0.01996
0.8525	-0.1083	-0.07806
0.87	-0.07754	-0.1591
0.8533	-0.0481	-0.1776
0.869	-0.0708	-0.168
0.8923	-0.08839	-0.1643
0.9327	-0.09776	-0.1559
0.9986	-0.09478	-0.1403
1.014	-0.03918	-0.1323
0.9993	0.05298	-0.1019
0.9918	0.1112	-0.04907
0.9465	0.09749	-0.04058
0.9319	0.07623	-0.04545
1.02	0.08092	-0.05063
1.148	0.07592	-0.0758
1.22	0.1101	-0.06387
1.187	0.1921	-0.01983
1.128	0.2111	0.03432
1.107	0.1425	0.08236
1.112	0.06736	0.07099
1.154	0.00109	0.0143
1.178	-0.145	-0.06536
1.148	-0.2832	-0.1039
1.086	-0.297	-0.008604
1.074	-0.3516	0.05645
1.314	-0.3716	-0.07346
1.572	-0.2274	-0.183
1.392	-0.04895	-0.128
1.079	0.1758	-0.1025
0.9974	0.1879	-0.1204
0.8852	-0.004778	-0.005582
0.7251	0.004699	0.09713
0.7207	-0.07151	0.0259
0.7737	-0.1798	-0.02704
0.7743	-0.0912	0.02439
0.7506	-0.1272	0.06087
0.7435	-0.08835	0.08117
0.7205	-0.005211	0.08707
0.7254	-0.0422	0.05631
0.8027	0.03341	0.06104
0.8616	0.03514	0.08362
0.9445	0.01465	0.08808
1.06	0.04913	0.1025
1.17	0.006714	0.06136
1.273	0.03624	0.01401
1.332	0.06722	0.0392
1.411	0.1295	0.05487
1.408	0.2701	0.06476
1.313	0.3115	0.07277
1.291	0.1985	0.04001
1.253	-0.09692	-0.01486
1.179	-0.3675	-0.08278
1.054	-0.4594	-0.1277
0.9616	-0.4468	-0.1347
1.016	-0.3502	-0.09411
0.9614	-0.2352	-0.008745
0.8534	-0.1516	0.03403
0.8585	-0.1553	0.01429
0.8456	-0.1545	-0.02793
0.8697	-0.09343	-0.09192
0.9153	-0.08527	-0.1618
0.8853	-0.03346	-0.2079
0.8565	0.004322	-0.2085
0.866	-0.02997	-0.175
0.9148	-0.008044	-0.152
0.9923	-0.008203	-0.1419
1.022	0.00343	-0.1346
0.9766	0.05957	-0.1187
0.9364	0.08572	-0.06508
0.9169	0.1089	-0.02561
0.9295	0.08623	-0.04034
1.047	0.0521	-0.06536
1.014	-0.03918	-0.1323
0.9993	0.05298	-0.1019
0.9918	0.1112	-0.04907
0.9465	0.09749	-0.04058
0.9319	0.07623	-0.04545
1.02	0.08092	-0.05063
1.148	0.07592	-0.0758
1.22	0.1101	-0.06387
1.187	0.1921	-0.01983
1.128	0.2111	0.03432
1.107	0.1425	0.08236
1.112	0.06736	0.07099
1.154	0.00109	0.0143
1.178	-0.145	-0.06536
1.148	-0.2832	-0.1039
1.086	-0.297	-0.008604
1.074	-0.3516	0.05645
1.314	-0.3716	-0.07346
1.572	-0.2274	-0.183
1.392	-0.04895	-0.128
1.079	0.1758	-0.1025
0.9974	0.1879	-0.1204
0.8852	-0.004778	-0.005582
0.7251	0.004699	0.09713
0.7207	-0.07151	0.0259
0.7737	-0.1798	-0.02704
0.7743	-0.0912	0.02439
0.7506	-0.1272	0.06087
0.7435	-0.08835	0.08117
0.7205	-0.005211	0.08707
0.7254	-0.0422	0.05631
0.8027	0.03341	0.06104
0.8616	0.03514	0.08362
0.9445	0.01465	0.08808
1.06	0.04913	0.1025
1.17	0.006714	0.06136
1.273	0.03624	0.01401
1.332	0.06722	0.0392
1.411	0.1295	0.05487
1.408	0.2701	0.06476
1.313	0.3115	0.07277
1.291	0.1985	0.04001
1.253	-0.09692	-0.01486
1.179	-0.3675	-0.08278
1.054	-0.4594	-0.1277
0.9616	-0.4468	-0.1347
1.016	-0.3502	-0.09411
0.9614	-0.2352	-0.008745
0.8534	-0.1516	0.03403
0.8585	-0.1553	0.01429
0.8456	-0.1545	-0.02793
0.8697	-0.09343	-0.09192
0.9153	-0.08527	-0.1618
0.8853	-0.03346	-0.2079
0.8565	0.004322	-0.2085
0.866	-0.02997	-0.175
0.9148	-0.008044	-0.152
0.9923	-0.008203	-0.1419
1.022	0.00343	-0.1346
0.9766	0.05957	-0.1187
0.9364	0.08572	-0.06508
0.9169	0.1089	-0.02561
0.9295	0.08623	-0.04034
1.047	0.0521	-0.06536
1.211	0.05506	-0.0916
1.289	0.09023	-0.09075
1.215	0.1688	-0.02452
1.134	0.1692	0.06181
1.168	0.05881	0.07871
1.209	-0.06767	-0.0009464
1.253	-0.1274	-0.07048
1.229	-0.1166	-0.08624
1.054	-0.1635	-0.1174
0.9021	-0.2342	-0.1068
0.9279	-0.2826	-0.02178
1.219	-0.3515	0.0001204
1.502	-0.2804	-0.07169
1.417	-0.08088	-0.1241
1.206	0.05964	-0.09348
1.03	0.1055	-0.01531
0.8185	0.03873	0.04532
0.7467	-0.03328	0.07348
0.7629	-0.07051	0.06108
0.7071	-0.1352	0.05545
0.6982	-0.1236	0.09051
0.7292	-0.08541	0.09693
0.7421	-0.06442	0.09917
0.79	-0.01345	0.09651
0.8151	0.01056	0.07186
0.841	0.07647	0.09066
0.9185	0.1225	0.09217
1.022	0.06849	0.07335
1.163	0.03821	0.06536
1.259	0.01794	0.03135
1.298	0.02821	0.03348
1.309	0.1191	0.07265
1.283	0.2181	0.09549
1.296	0.235	0.05857
1.331	0.08955	-0.03018
1.364	-0.14	-0.08946
1.355	-0.301	-0.1277
1.179	-0.3532	-0.1194
0.9731	-0.3932	-0.07646
0.9353	-0.3812	-0.06276
0.9521	-0.2357	-0.01545
0.9069	-0.2077	0.01394
0.8851	-0.2316	-0.01675
0.8713	-0.142	-0.03865
0.8403	-0.1505	-0.09754
0.8667	-0.1161	-0.17
0.8676	-0.0291	-0.1934
0.8717	-0.05049	-0.195
0.9397	-0.02085	-0.1873
0.949	-0.02407	-0.183
0.9632	-0.04039	-0.1583
1.003	0.002047	-0.1093
0.9929	-0.01202	-0.09248
0.9674	0.01904	-0.09089
0.9099	0.06429	-0.05474
0.8796	0.07204	-0.01988
0.9328	0.07745	-0.04394
1.035	0.05918	-0.06882
1.135	0.08853	-0.0566
1.159	0.1412	-0.0566
1.14	0.2061	-0.02111
1.131	0.2183	0.05736
1.142	0.09097	0.07984
1.179	-0.02691	0.03826
1.211	0.05506	-0.0916
1.289	0.09023	-0.09075
1.215	0.1688	-0.02452
1.134	0.1692	0.06181
1.168	0.05881	0.07871
1.209	-0.06767	-0.0009464
1.253	-0.1274	-0.07048
1.229	-0.1166	-0.08624
1.054	-0.1635	-0.1174
0.9021	-0.2342	-0.1068
0.9279	-0.2826	-0.02178
1.219	-0.3515	0.0001204
1.502	-0.2804	-0.07169
1.417	-0.08088	-0.1241
1.206	0.05964	-0.09348
1.03	0.1055	-0.01531
0.8185	0.03873	0.04532
0.7467	-0.03328	0.07348
0.7629	-0.07051	0.06108
0.7071	-0.1352	0.05545
0.6982	-0.1236	0.09051
0.7292	-0.08541	0.09693
0.7421	-0.06442	0.09917
0.79	-0.01345	0.09651
0.8151	0.01056	0.07186
0.841	0.07647	0.09066
0.9185	0.1225	0.09217
1.022	0.06849	0.07335
1.163	0.03821	0.06536
1.259	0.01794	0.03135
1.298	0.02821	0.03348
1.309	0.1191	0.07265
1.283	0.2181	0.09549
1.296	0.235	0.05857
1.331	0.08955	-0.03018
1.364	-0.14	-0.08946
1.355	-0.301	-0.1277
1.179	-0.3532	-0.1194
0.9731	-0.3932	-0.07646
0.9353	-0.3812	-0.06276
0.9521	-0.2357	-0.01545
0.9069	-0.2077	0.01394
0.8851	-0.2316	-0.01675
0.8713	-0.142	-0.03865
0.8403	-0.1505	-0.09754
0.8667	-0.1161	-0.17
0.8676	-0.0291	-0.1934
0.8717	-0.05049	-0.195
0.9397	-0.02085	-0.1873
0.949	-0.02407	-0.183
0.9632	-0.04039	-0.1583
1.003	0.002047	-0.1093
0.9929	-0.01202	-0.09248
0.9674	0.01904	-0.09089
0.9099	0.06429	-0.05474
0.8796	0.07204	-0.01988
0.9328	0.07745	-0.04394
1.035	0.05918	-0.06882
1.135	0.08853	-0.0566
1.159	0.1412	-0.0566
1.14	0.2061	-0.02111
1.131	0.2183	0.05736
1.142	0.09097	0.07984
1.179	-0.02691	0.03826
1.201	-0.1063	-0.04061
1.09	-0.1763	-0.1079
0.8628	-0.2278	-0.07261
0.7995	-0.3203	-0.006706
1.015	-0.3906	-0.03162
1.325	-0.3584	-0.07977
1.456	-0.1952	-0.1029
1.254	0.02825	-0.08972
0.9661	0.1097	0.002406
0.8515	0.04709	0.05837
0.8556	-0.009306	0.02593
0.8679	-0.08948	-0.002212
0.8349	-0.1785	-0.005763
0.8052	-0.1673	0.01721
0.8016	-0.1524	0.04092
0.7922	-0.117	0.05789
0.8009	-0.01503	0.08031
0.8013	-0.009141	0.07464
0.8083	-0.01366	0.05768
0.8417	0.03893	0.05283
0.8492	0.0336	0.0601
0.9047	0.0146	0.07904
1.033	0.0082	0.1021
1.107	0.01138	0.1039
1.111	0.03593	0.06714
1.176	0.08621	0.04114
1.276	0.1603	0.04613
1.23	0.2263	0.06424
1.157	0.323	0.0755
1.167	0.3353	0.0547
1.178	0.08766	-0.006205
1.283	-0.2886	-0.1364
1.372	-0.5863	-0.2725
1.288	-0.7054	-0.2689
1.124	-0.6618	-0.09374
0.881	-0.5077	0.1244
0.7248	-0.2373	0.1868
0.7918	-0.02052	0.08978
0.9161	0.01984	-0.02959
1.054	0.01445	-0.1736
1.114	-0.01374	-0.256
0.9824	-0.06042	-0.1799
0.8653	-0.07407	-0.1353
0.8565	-0.07961	-0.1346
0.8504	-0.05715	-0.08502
0.9122	-0.02254	-0.1255
1.057	0.00911	-0.1977
1.134	0.04604	-0.2069
1.059	0.0411	-0.1637
0.9401	0.02938	-0.03743
0.9185	0.04109	0.008021
0.9135	0.05451	-0.03629
0.9092	0.08487	-0.03941
0.9914	0.1123	-0.05789
1.094	0.119	-0.06098
1.139	0.1318	-0.02662
1.08	0.1713	0.02182
1.029	0.1961	0.07718
1.093	0.1148	0.06939
1.178	-0.05268	0.03448
1.282	-0.1828	0.02051
1.286	-0.2401	0.009844
1.083	-0.271	-0.01713
0.8764	-0.317	-0.07115
1.058	0.1749	-0.066
1.075	0.08787	-0.07954
1.019	-0.04099	-0.06356
0.9401	-0.2413	-0.01746
0.885	-0.2476	0.01501
0.846	-0.1376	0.04921
0.8881	-0.1439	0.05904
0.9063	-0.1083	0.05076
0.9081	-0.09355	0.04949
0.9011	-0.1316	0.05585
0.8442	-0.08203	0.08096
0.8417	-0.04241	0.09531
0.8479	0.0117	0.08681
0.8764	0.09517	0.06875
0.9578	0.092	0.05925
0.9899	0.04985	0.06028
1.004	-0.04677	0.04863
1.033	-0.1641	0.04429
1.082	-0.1635	0.0529
1.18	-0.06401	0.05957
1.291	0.101	0.06325
1.318	0.266	0.0684
1.261	0.3042	0.08203
1.261	0.1647	0.07948
1.273	-0.09833	0.05455
1.212	-0.3403	-0.01561
1.103	-0.4317	-0.1025
0.9386	-0.3612	-0.08382
0.8444	-0.2457	-0.04619
0.8569	-0.1274	-0.08256
0.9046	-0.06018	-0.06764
1.01	-0.1467	-0.03956
1.053	-0.217	-0.05218
0.9773	-0.2075	-0.03258
0.899	-0.1809	-0.04028
0.8266	-0.05883	-0.06728
0.7859	0.02203	-0.07902
0.8286	0.02718	-0.1248
0.9253	0.03616	-0.1569
1.027	-0.0303	-0.1743
1.065	-0.06574	-0.1729
1.003	-0.013	-0.1206
0.9205	0.05065	-0.06572
0.8877	0.09758	-0.01697
0.887	0.09951	-0.01294
0.9318	0.07766	-0.04482
0.9972	0.01645	-0.06455
1.078	-0.03667	-0.1072
1.241	-0.04061	-0.1292
1.365	0.01023	-0.1132
1.34	0.1717	-0.06862
1.285	0.2675	0.03309
1.26	0.1907	0.07467
1.227	0.09275	-0.02437
1.202	0.02446	-0.1264
1.151	-0.07584	-0.1092
0.9532	-0.2549	-0.0547
0.7375	-0.4114	-0.0271
0.8054	-0.4493	0.01364
1.13	-0.4197	-0.009866
1.434	-0.2899	-0.134
1.476	-0.04209	-0.2159
1.198	0.1092	-0.1074
0.885	0.07273	0.07462
0.7582	0.004897	0.06621
0.7497	-0.09685	-0.0007222
0.7879	-0.1946	0.01494
0.7855	-0.1788	0.001662
0.7491	-0.153	0.03632
0.7323	-0.1175	0.08778
0.6943	-0.07896	0.08004
0.7084	-0.07496	0.08227
0.732	-0.01551	0.05673
0.7279	0.02189	0.0478
0.8219	0.02467	0.08446
0.9465	0.06328	0.1105
1.024	0.05716	0.1097
1.106	0.02563	0.0696
1.289	0.0208	0.04834
1.432	0.03315	0.04064
1.346	0.1381	0.05129
1.319	0.3466	0.08593
1.374	0.4271	0.06985
1.319	0.1987	0.03207
1.312	-0.1837	-0.05653
1.276	-0.4849	-0.1774
1.168	-0.6015	-0.1922
1.093	-0.5657	-0.1113
0.9954	-0.4895	-0.01379
0.953	-0.3542	0.03052
0.9151	-0.174	0.04676
0.8615	-0.1072	0.04566
0.8717	-0.09376	-0.01832
0.8169	-0.07437	-0.06463
0.7904	-0.13	-0.1081
0.8184	-0.1452	-0.164
0.7849	-0.1143	-0.1784
0.8203	-0.1107	-0.1987
0.8986	-0.06694	-0.1811
0.9774	-0.03866	-0.142
1.046	-0.01226	-0.1401
0.9963	0.03587	-0.1074
0.8849	0.06377	-0.04447
0.7646	0.1352	0.03296
0.7905	0.152	0.03491
1.05	0.09433	-0.06066
1.251	0.09595	-0.08904
1.305	0.1018	-0.06854
1.346	0.1115	-0.03277
1.304	0.1706	0.05936
1.173	0.2116	0.1497
1.187	0.1717	0.1679
1.279	0.06167	0.03982
1.221	-0.05273	-0.132
1.151	-0.2002	-0.1806
1.083	-0.3815	-0.1337
1.104	-0.4879	-0.06789
1.316	-0.4608	-0.03512
1.372	-0.2582	-0.04402
1.256	0.02963	-0.06338
1.077	0.1769	-0.03246
0.8983	0.1621	0.00851
0.8708	0.1137	-0.01915
0.8169	-0.02228	-0.01427
0.7244	-0.2294	0.01865
0.648	-0.2424	0.0442
0.5919	-0.1461	0.1025
0.6185	-0.1455	0.106
0.7582	0.004897	0.06621
0.7497	-0.09685	-0.0007222
0.7879	-0.1946	0.01494
0.7855	-0.1788	0.001662
0.7491	-0.153	0.03632
0.7323	-0.1175	0.08778
0.6943	-0.07896	0.08004
0.7084	-0.07496	0.08227
0.732	-0.01551	0.05673
0.7279	0.02189	0.0478
0.8219	0.02467	0.08446
0.9465	0.06328	0.1105
1.024	0.05716	0.1097
1.106	0.02563	0.0696
1.289	0.0208	0.04834
1.432	0.03315	0.04064
1.346	0.1381	0.05129
1.319	0.3466	0.08593
1.374	0.4271	0.06985
1.319	0.1987	0.03207
1.312	-0.1837	-0.05653
1.276	-0.4849	-0.1774
1.168	-0.6015	-0.1922
1.093	-0.5657	-0.1113
0.9954	-0.4895	-0.01379
0.953	-0.3542	0.03052
0.9151	-0.174	0.04676
0.8615	-0.1072	0.04566
0.8717	-0.09376	-0.01832
0.8169	-0.07437	-0.06463
0.7904	-0.13	-0.1081
0.8184	-0.1452	-0.164
0.7849	-0.1143	-0.1784
0.8203	-0.1107	-0.1987
0.8986	-0.06694	-0.1811
0.9774	-0.03866	-0.142
1.046	-0.01226	-0.1401
0.9963	0.03587	-0.1074
0.8849	0.06377	-0.04447
0.7646	0.1352	0.03296
0.7905	0.152	0.03491
1.05	0.09433	-0.06066
1.251	0.09595	-0.08904
1.305	0.1018	-0.06854
1.346	0.1115	-0.03277
1.304	0.1706	0.05936
1.173	0.2116	0.1497
1.187	0.1717	0.1679
1.279	0.06167	0.03982
1.221	-0.05273	-0.132
1.151	-0.2002	-0.1806
1.083	-0.3815	-0.1337
1.104	-0.4879	-0.06789
1.316	-0.4608	-0.03512
1.372	-0.2582	-0.04402
1.256	0.02963	-0.06338
1.077	0.1769	-0.03246
0.8983	0.1621	0.00851
0.8708	0.1137	-0.01915
0.8169	-0.02228	-0.01427
0.7244	-0.2294	0.01865
0.648	-0.2424	0.0442
0.5919	-0.1461	0.1025
0.6185	-0.1455	0.106
0.6354	-0.08685	0.07991
0.731	-0.01694	0.06693
0.8209	-0.01243	0.0478
0.8144	0.03896	0.07142
0.8885	0.06374	0.1059
0.973	0.0774	0.1248
1.067	0.1039	0.1217
1.207	0.07869	0.1005
1.34	0.05801	0.09193
1.465	0.02027	0.06539
1.531	0.009608	0.04037
1.544	0.02009	0.00741
1.514	-0.1047	-0.06507
1.426	-0.2767	-0.09985
1.188	-0.351	-0.08227
0.8914	-0.2915	-0.03799
0.8426	-0.197	0.004844
0.9528	-0.1874	-0.02572
1.047	-0.188	-0.07582
1.105	-0.2072	-0.07406
1.002	-0.2272	-0.07558
0.8047	-0.2014	-0.07943
0.7282	-0.1862	-0.07381
0.7372	-0.1172	-0.1151
0.7421	-0.05671	-0.1699
0.8075	-0.07065	-0.1788
0.8947	-0.08596	-0.1648
0.9251	-0.1152	-0.1582
0.9229	-0.1	-0.1489
0.9175	-0.04735	-0.1134
0.9209	0.01442	-0.07864
0.8998	0.1072	-0.05918
0.9246	0.1302	-0.04331
1.026	0.1116	-0.05119
1.138	0.1084	-0.06302
1.262	0.1047	-0.06156
1.264	0.1701	-0.03686
1.147	0.2765	0.02978
1.1	0.2935	0.08098
1.143	0.1568	0.0738
1.254	-0.03018	-0.008673
1.3	-0.1364	-0.1239
1.166	-0.2272	-0.1306
0.9708	-0.3767	-0.04792
0.9434	-0.5125	0.01531
1.21	-0.5151	0.02594
1.5	-0.3298	-0.08571
1.493	-0.06225	-0.1979
1.257	0.08948	-0.09849
0.9886	0.07896	0.04014
0.7856	0.04011	0.04213
0.6872	0.01049	0.02269
0.6598	-0.04407	0.01527
0.6347	-0.07294	0.01924
0.6567	-0.08859	0.05943
0.6888	-0.1071	0.0983
0.6667	-0.07805	0.1321
0.69	-0.04303	0.1278
0.7529	-0.009268	0.1132
0.8421	0.07963	0.1318
0.9269	0.1487	0.1159
0.9705	0.1416	0.09422
1.109	0.1217	0.06299
1.266	0.1018	0.006
0.6354	-0.08685	0.07991
0.731	-0.01694	0.06693
0.8209	-0.01243	0.0478
0.8144	0.03896	0.07142
0.8885	0.06374	0.1059
0.973	0.0774	0.1248
1.067	0.1039	0.1217
1.207	0.07869	0.1005
1.34	0.05801	0.09193
1.465	0.02027	0.06539
1.531	0.009608	0.04037
1.544	0.02009	0.00741
1.514	-0.1047	-0.06507
1.426	-0.2767	-0.09985
1.188	-0.351	-0.08227
0.8914	-0.2915	-0.03799
0.8426	-0.197	0.004844
0.9528	-0.1874	-0.02572
1.047	-0.188	-0.07582
1.105	-0.2072	-0.07406
1.002	-0.2272	-0.07558
0.8047	-0.2014	-0.07943
0.7282	-0.1862	-0.07381
0.7372	-0.1172	-0.1151
0.7421	-0.05671	-0.1699
0.8075	-0.07065	-0.1788
0.8947	-0.08596	-0.1648
0.9251	-0.1152	-0.1582
0.9229	-0.1	-0.1489
0.9175	-0.04735	-0.1134
0.9209	0.01442	-0.07864
0.8998	0.1072	-0.05918
0.9246	0.1302	-0.04331
1.026	0.1116	-0.05119
1.138	0.1084	-0.06302
1.262	0.1047	-0.06156
1.264	0.1701	-0.03686
1.147	0.2765	0.02978
1.1	0.2935	0.08098
1.143	0.1568	0.0738
1.254	-0.03018	-0.008673
1.3	-0.1364	-0.1239
1.166	-0.2272	-0.1306
0.9708	-0.3767	-0.04792
0.9434	-0.5125	0.01531
1.21	-0.5151	0.02594
1.5	-0.3298	-0.08571
1.493	-0.06225	-0.1979
1.257	0.08948	-0.09849
0.9886	0.07896	0.04014
0.7856	0.04011	0.04213
0.6872	0.01049	0.02269
0.6598	-0.04407	0.01527
0.6347	-0.07294	0.01924
0.6567	-0.08859	0.05943
0.6888	-0.1071	0.0983
0.6667	-0.07805	0.1321
0.69	-0.04303	0.1278
0.7529	-0.009268	0.1132
0.8421	0.07963	0.1318
0.9269	0.1487	0.1159
0.9705	0.1416	0.09422
1.109	0.1217	0.06299
1.266	0.1018	0.006
1.316	0.06103	0.02499
1.367	0.04133	0.07346
1.395	0.1185	0.1143
1.333	0.2459	0.1657
1.286	0.2389	0.1224
1.281	0.0832	0.01628
1.256	-0.1341	-0.06729
1.235	-0.3975	-0.1649
1.167	-0.5294	-0.2088
1.071	-0.4313	-0.1159
1.027	-0.3147	0.003539
0.9612	-0.2425	0.03254
0.9202	-0.1094	0.02913
0.8895	-0.03527	0.0249
0.841	-0.08577	-0.03699
0.8517	-0.1005	-0.08344
0.8352	-0.1119	-0.09682
0.8068	-0.1408	-0.1373
0.7882	-0.1106	-0.1518
0.8004	-0.1189	-0.163
0.9213	-0.1169	-0.1733
1.012	-0.06909	-0.1601
1.015	-0.04299	-0.1636
0.9717	0.03306	-0.1271
0.9197	0.1062	-0.06378
0.8923	0.1465	-0.01763
0.8959	0.1734	-0.006226
1.044	0.141	-0.05149
1.242	0.1256	-0.07358
1.308	0.14	-0.06583
1.248	0.1673	-0.01193
1.189	0.1921	0.09077
1.219	0.1011	0.1034
1.208	-0.04704	0.007206
1.175	-0.112	-0.1178
1.138	-0.1609	-0.1682
1.053	-0.3162	-0.1159
1.117	-0.5127	-0.05542
1.268	-0.5639	-0.009266
1.342	-0.3609	-0.01141
1.298	-0.03979	-0.05657
1.121	0.1218	-0.05896
0.9829	0.1214	-0.04617
0.8638	0.07867	-0.02543
0.7678	-0.02775	0.01353
0.7576	-0.128	0.01466
0.6865	-0.1585	0.03463
0.6398	-0.1534	0.1049
0.6532	-0.1337	0.1269
0.6656	-0.08995	0.1029
0.7288	-0.002233	0.09287
0.7654	0.04809	0.08835
0.8043	0.07557	0.08478
0.8651	0.1302	0.08863
0.961	0.1104	0.0876
1.155	0.08591	0.08119
1.235	0.09687	0.07811
1.25	0.03681	0.06848
1.407	-0.004282	0.06151
1.47	0.04837	0.0755
1.415	0.1489	0.08888
1.439	0.1808	0.06776
1.368	-0.02408	-0.00612
1.153	-0.2976	-0.08333
1.316	0.06103	0.02499
1.367	0.04133	0.07346
1.395	0.1185	0.1143
1.333	0.2459	0.1657
1.286	0.2389	0.1224
1.281	0.0832	0.01628
1.256	-0.1341	-0.06729
1.235	-0.3975	-0.1649
1.167	-0.5294	-0.2088
1.071	-0.4313	-0.1159
1.027	-0.3147	0.003539
0.9612	-0.2425	0.03254
0.9202	-0.1094	0.02913
0.8895	-0.03527	0.0249
0.841	-0.08577	-0.03699
0.8517	-0.1005	-0.08344
0.8352	-0.1119	-0.09682
0.8068	-0.1408	-0.1373
0.7882	-0.1106	-0.1518
0.8004	-0.1189	-0.163
0.9213	-0.1169	-0.1733
1.012	-0.06909	-0.1601
1.015	-0.04299	-0.1636
0.9717	0.03306	-0.1271
0.9197	0.1062	-0.06378
0.8923	0.1465	-0.01763
0.8959	0.1734	-0.006226
1.044	0.141	-0.05149
1.242	0.1256	-0.07358
1.308	0.14	-0.06583
1.248	0.1673	-0.01193
1.189	0.1921	0.09077
1.219	0.1011	0.1034
1.208	-0.04704	0.007206
1.175	-0.112	-0.1178
1.138	-0.1609	-0.1682
1.053	-0.3162	-0.1159
1.117	-0.5127	-0.05542
1.268	-0.5639	-0.009266
1.342	-0.3609	-0.01141
1.298	-0.03979	-0.05657
1.121	0.1218	-0.05896
0.9829	0.1214	-0.04617
0.8638	0.07867	-0.02543
0.7678	-0.02775	0.01353
0.7576	-0.128	0.01466
0.6865	-0.1585	0.03463
0.6398	-0.1534	0.1049
0.6532	-0.1337	0.1269
0.6656	-0.08995	0.1029
0.7288	-0.002233	0.09287
0.7654	0.04809	0.08835
0.8043	0.07557	0.08478
0.8651	0.1302	0.08863
0.961	0.1104	0.0876
1.155	0.08591	0.08119
1.235	0.09687	0.07811
1.25	0.03681	0.06848
1.407	-0.004282	0.06151
1.47	0.04837	0.0755
1.415	0.1489	0.08888
1.439	0.1808	0.06776
1.368	-0.02408	-0.00612
1.153	-0.2976	-0.08333
1.01	-0.3216	-0.08016
0.9596	-0.2461	-0.04199
0.9769	-0.2859	-0.04652
1.024	-0.2837	-0.0402
1.038	-0.243	-0.02477
0.999	-0.2289	-0.04315
0.8943	-0.1506	-0.04438
0.8431	-0.1353	-0.05621
0.8366	-0.14	-0.1001
0.7781	-0.0554	-0.1294
0.7782	-0.06396	-0.1449
0.8287	-0.09417	-0.1441
0.8698	-0.07677	-0.1618
0.9227	-0.1038	-0.1681
0.9542	-0.07032	-0.1336
0.9839	0.007167	-0.1295
0.9804	0.04591	-0.11
0.9047	0.0872	-0.06609
0.8573	0.1325	-0.03339
0.8829	0.1452	-0.01399
0.9815	0.1192	-0.04501
1.157	0.1172	-0.05307
1.27	0.1339	-0.04797
1.219	0.1715	-0.04753
1.118	0.2406	0.02876
1.079	0.1803	0.08442
1.135	0.01984	0.05902
1.215	-0.1003	-0.04086
1.174	-0.2	-0.1721
1.084	-0.2493	-0.1769
1.031	-0.3125	-0.0809
1.016	-0.4045	-0.001506
1.209	-0.3788	0.009009
1.426	-0.2274	-0.07627
1.34	-0.00461	-0.1374
1.157	0.1242	-0.06151
0.9981	0.09173	0.03076
0.8556	0.05903	0.01596
0.8567	-0.009266	-0.01071
0.8535	-0.1195	-0.009304
0.7759	-0.1493	-0.01388
0.726	-0.1288	0.03866
0.6468	-0.08667	0.1014
0.6226	-0.038	0.1001
0.6991	-0.01027	0.07097
0.7494	0.02165	0.04117
0.795	0.06881	0.03376
0.8244	0.1054	0.05819
0.8577	0.09858	0.09447
0.9971	0.04956	0.09551
1.156	-0.01512	0.05781
1.272	-0.02984	0.03882
1.363	0.03338	0.04656
1.423	0.1291	0.05747
1.448	0.2383	0.0477
1.415	0.2548	0.02351
1.377	0.08772	-0.01454
1.303	-0.1437	-0.05764
1.08	-0.2828	-0.04551
0.8682	-0.2764	-0.03782
0.8769	-0.234	-0.06766
0.9767	-0.2426	-0.06628
1.004	-0.245	-0.0636
0.9996	-0.2521	-0.04342
1.01	-0.3216	-0.08016
0.9596	-0.2461	-0.04199
0.9769	-0.2859	-0.04652
1.024	-0.2837	-0.0402
1.038	-0.243	-0.02477
0.999	-0.2289	-0.04315
0.8943	-0.1506	-0.04438
0.8431	-0.1353	-0.05621
0.8366	-0.14	-0.1001
0.7781	-0.0554	-0.1294
0.7782	-0.06396	-0.1449
0.8287	-0.09417	-0.1441
0.8698	-0.07677	-0.1618
0.9227	-0.1038	-0.1681
0.9542	-0.07032	-0.1336
0.9839	0.007167	-0.1295
0.9804	0.04591	-0.11
0.9047	0.0872	-0.06609
0.8573	0.1325	-0.03339
0.8829	0.1452	-0.01399
0.9815	0.1192	-0.04501
1.157	0.1172	-0.05307
1.27	0.1339	-0.04797
1.219	0.1715	-0.04753
1.118	0.2406	0.02876
1.079	0.1803	0.08442
1.135	0.01984	0.05902
1.215	-0.1003	-0.04086
1.174	-0.2	-0.1721
1.084	-0.2493	-0.1769
1.031	-0.3125	-0.0809
1.016	-0.4045	-0.001506
1.209	-0.3788	0.009009
1.426	-0.2274	-0.07627
1.34	-0.00461	-0.1374
1.157	0.1242	-0.06151
0.9981	0.09173	0.03076
0.8556	0.05903	0.01596
0.8567	-0.009266	-0.01071
0.8535	-0.1195	-0.009304
0.7759	-0.1493	-0.01388
0.726	-0.1288	0.03866
0.6468	-0.08667	0.1014
0.6226	-0.038	0.1001
0.6991	-0.01027	0.07097
0.7494	0.02165	0.04117
0.795	0.06881	0.03376
0.8244	0.1054	0.05819
0.8577	0.09858	0.09447
0.9971	0.04956	0.09551
1.156	-0.01512	0.05781
1.272	-0.02984	0.03882
1.363	0.03338	0.04656
1.423	0.1291	0.05747
1.448	0.2383	0.0477
1.415	0.2548	0.02351
1.377	0.08772	-0.01454
1.303	-0.1437	-0.05764
1.08	-0.2828	-0.04551
0.8682	-0.2764	-0.03782
0.8769	-0.234	-0.06766
0.9767	-0.2426	-0.06628
1.004	-0.245	-0.0636
0.9996	-0.2521	-0.04342
0.9274	-0.2575	-0.006592
0.8158	-0.2132	-0.02503
0.814	-0.139	-0.06758
0.8403	-0.04427	-0.1335
0.8286	0.01905	-0.2086
0.8555	0.01759	-0.2196
0.9038	-0.01602	-0.2042
0.9467	-0.06179	-0.1891
0.9769	-0.06969	-0.1536
0.9788	-0.03365	-0.1355
0.9634	0.007142	-0.1266
0.9411	0.06788	-0.08079
0.917	0.1462	-0.03373
0.942	0.1539	-0.04444
1.073	0.07186	-0.1081
1.225	0.01302	-0.1547
1.255	-0.00485	-0.1343
1.187	0.01454	-0.07053
1.123	0.1002	0.03493
1.077	0.1429	0.1287
1.109	0.06111	0.08367
1.266	-0.08824	-0.02465
1.334	-0.1616	-0.07007
1.215	-0.1756	-0.1045
1.037	-0.3266	-0.1126
0.9383	-0.513	-0.04237
0.987	-0.5497	0.03112
1.041	-0.4578	0.005211
1.135	-0.1929	-0.08738
1.276	0.143	-0.1046
1.1	0.1894	-0.0492
0.7835	-0.01208	0.01974
0.7453	-0.08762	0.04297
0.7748	-0.1388	-0.01177
0.7206	-0.2527	-0.01083
0.6945	-0.2254	0.03147
0.6615	-0.1671	0.06903
0.6496	-0.1013	0.1179
0.7092	-0.01833	0.09678
0.7886	-0.004912	0.07743
0.8551	0.07032	0.06763
0.8869	0.1335	0.04658
0.9278	0.1282	0.08349
1.017	0.1254	0.1092
1.132	0.08077	0.1264
1.268	0.06086	0.1168
1.397	0.0609	0.07242
1.494	0.08072	0.0661
1.518	0.1109	0.02018
1.49	0.01683	-0.04495
1.491	-0.1593	-0.07431
1.435	-0.2879	-0.08662
1.195	-0.2934	-0.04356
0.8945	-0.2704	-0.009692
0.8314	-0.2385	-0.03312
0.9267	-0.1046	-0.06886
0.9723	-0.1172	-0.1006
1.073	-0.2558	-0.09987
1.033	-0.28	-0.06565
0.8076	-0.294	-0.04494
0.7626	-0.2259	-0.06323
0.756	-0.08807	-0.1105
0.7615	-0.01848	-0.1778
0.8758	0.04802	-0.2286
0.9274	-0.2575	-0.006592
0.8158	-0.2132	-0.02503
0.814	-0.139	-0.06758
0.8403	-0.04427	-0.1335
0.8286	0.01905	-0.2086
0.8555	0.01759	-0.2196
0.9038	-0.01602	-0.2042
0.9467	-0.06179	-0.1891
0.9769	-0.06969	-0.1536
0.9788	-0.03365	-0.1355
0.9634	0.007142	-0.1266
0.9411	0.06788	-0.08079
0.917	0.1462	-0.03373
0.942	0.1539	-0.04444
1.073	0.07186	-0.1081
1.225	0.01302	-0.1547
1.255	-0.00485	-0.1343
1.187	0.01454	-0.07053
1.123	0.1002	0.03493
1.077	0.1429	0.1287
1.109	0.06111	0.08367
1.266	-0.08824	-0.02465
1.334	-0.1616	-0.07007
1.215	-0.1756	-0.1045
1.037	-0.3266	-0.1126
0.9383	-0.513	-0.04237
0.987	-0.5497	0.03112
1.041	-0.4578	0.005211
1.135	-0.1929	-0.08738
1.276	0.143	-0.1046
1.1	0.1894	-0.0492
0.7835	-0.01208	0.01974
0.7453	-0.08762	0.04297
0.7748	-0.1388	-0.01177
0.7206	-0.2527	-0.01083
0.6945	-0.2254	0.03147
0.6615	-0.1671	0.06903
0.6496	-0.1013	0.1179
0.7092	-0.01833	0.09678
0.7886	-0.004912	0.07743
0.8551	0.07032	0.06763
0.8869	0.1335	0.04658
0.9278	0.1282	0.08349
1.017	0.1254	0.1092
1.132	0.08077	0.1264
1.268	0.06086	0.1168
1.397	0.0609	0.07242
1.494	0.08072	0.0661
1.518	0.1109	0.02018
1.49	0.01683	-0.04495
1.491	-0.1593	-0.07431
1.435	-0.2879	-0.08662
1.195	-0.2934	-0.04356
0.8945	-0.2704	-0.009692
0.8314	-0.2385	-0.03312
0.9267	-0.1046	-0.06886
0.9723	-0.1172	-0.1006
1.073	-0.2558	-0.09987
1.033	-0.28	-0.06565
0.8076	-0.294	-0.04494
0.7626	-0.2259	-0.06323
0.756	-0.08807	-0.1105
0.7615	-0.01848	-0.1778
0.8758	0.04802	-0.2286
0.9119	0.04097	-0.2293
0.9659	0.009995	-0.2178
0.984	-0.02232	-0.1838
0.9566	-0.09612	-0.1194
0.9853	-0.02065	-0.09372
0.9139	0.08945	-0.07886
0.896	0.09626	-0.04032
0.9379	0.1031	-0.03012
0.9633	0.08096	-0.03113
1.106	0.06691	-0.02659
1.195	0.1288	-0.04005
1.22	0.2271	-0.0443
1.206	0.2647	-0.01888
1.144	0.1812	0.0635
1.2	0.07257	0.1415
1.225	-0.01111	0.039
1.165	-0.1076	-0.1427
1.116	-0.2204	-0.1716
1.054	-0.3618	-0.1197
1.124	-0.488	-0.07294
1.29	-0.4752	-0.02581
1.343	-0.3038	-0.05437
1.241	-0.07792	-0.09426
1.051	0.07289	-0.05508
0.921	0.06896	-0.02553
0.856	-0.003765	-0.02343
0.8116	-0.08289	-0.01357
0.8006	-0.1576	-0.007925
0.7414	-0.1484	0.03466
0.6851	-0.1208	0.09312
0.7037	-0.1153	0.1024
0.7472	-0.07508	0.0918
0.8124	-0.03819	0.08897
0.8425	-3.212e-05	0.08974
0.8486	0.05032	0.09096
0.8873	0.113	0.09224
0.9313	0.164	0.09691
1.039	0.1353	0.09147
1.184	0.06576	0.07684
1.265	0.0231	0.0663
1.304	0.08424	0.08322
1.351	0.2441	0.1067
1.394	0.3458	0.0716
1.372	0.3035	0.009558
1.344	0.08631	-0.05065
1.327	-0.2387	-0.1152
1.18	-0.4406	-0.126
0.9838	-0.425	-0.08958
0.9252	-0.3217	-0.05097
0.9764	-0.2271	-0.02085
0.9801	-0.1706	-0.01313
0.9288	-0.1746	-0.006414
0.9042	-0.1757	-0.00429
0.8419	-0.1672	-0.03236
0.8189	-0.1704	-0.06841
0.8634	-0.1292	-0.1114
0.8434	-0.09038	-0.1607
0.8558	-0.08247	-0.1824
0.8904	-0.0802	-0.1819
0.926	-0.08706	-0.182
1.017	-0.07056	-0.1796
1.004	-0.03832	-0.1614
0.9586	0.01865	-0.1316
0.9871	0.07333	-0.1219
0.9119	0.04097	-0.2293
0.9659	0.009995	-0.2178
0.984	-0.02232	-0.1838
0.9566	-0.09612	-0.1194
0.9853	-0.02065	-0.09372
0.9139	0.08945	-0.07886
0.896	0.09626	-0.04032
0.9379	0.1031	-0.03012
0.9633	0.08096	-0.03113
1.106	0.06691	-0.02659
1.195	0.1288	-0.04005
1.22	0.2271	-0.0443
1.206	0.2647	-0.01888
1.144	0.1812	0.0635
1.2	0.07257	0.1415
1.225	-0.01111	0.039
1.165	-0.1076	-0.1427
1.116	-0.2204	-0.1716
1.054	-0.3618	-0.1197
1.124	-0.488	-0.07294
1.29	-0.4752	-0.02581
1.343	-0.3038	-0.05437
1.241	-0.07792	-0.09426
1.051	0.07289	-0.05508
0.921	0.06896	-0.02553
0.856	-0.003765	-0.02343
0.8116	-0.08289	-0.01357
0.8006	-0.1576	-0.007925
0.7414	-0.1484	0.03466
0.6851	-0.1208	0.09312
0.7037	-0.1153	0.1024
0.7472	-0.07508	0.0918
0.8124	-0.03819	0.08897
0.8425	-3.212e-05	0.08974
0.8486	0.05032	0.09096
0.8873	0.113	0.09224
0.9313	0.164	0.09691
1.039	0.1353	0.09147
1.184	0.06576	0.07684
1.265	0.0231	0.0663
1.304	0.08424	0.08322
1.351	0.2441	0.1067
1.394	0.3458	0.0716
1.372	0.3035	0.009558
1.344	0.08631	-0.05065
1.327	-0.2387	-0.1152
1.18	-0.4406	-0.126
0.9838	-0.425	-0.08958
0.9252	-0.3217	-0.05097
0.9764	-0.2271	-0.02085
0.9801	-0.1706	-0.01313
0.9288	-0.1746	-0.006414
0.9042	-0.1757	-0.00429
0.8419	-0.1672	-0.03236
0.8189	-0.1704	-0.06841
0.8634	-0.1292	-0.1114
0.8434	-0.09038	-0.1607
0.8558	-0.08247	-0.1824
0.8904	-0.0802	-0.1819
0.926	-0.08706	-0.182
1.017	-0.07056	-0.1796
1.004	-0.03832	-0.1614
0.9586	0.01865	-0.1316
0.9871	0.07333	-0.1219
0.985	0.07327	-0.1289
1.018	0.05791	-0.1222
1.072	0.02319	-0.1103
1.072	0.003266	-0.08991
1.076	0.05242	-0.04456
1.068	0.1378	-0.006836
1.049	0.2201	0.008623
1.07	0.2182	0.0326
1.151	0.08547	0.05045
1.283	-0.1171	0.01422
1.321	-0.2373	-0.05717
1.143	-0.2159	-0.09651
0.9645	-0.246	-0.08055
1.027	-0.3737	-0.04053
1.251	-0.4033	-0.02614
1.402	-0.274	-0.0657
1.309	-0.08365	-0.1018
1.077	0.05367	-0.04856
0.9262	0.1093	0.03634
0.8338	0.06571	0.05902
0.7903	-0.07412	0.06019
0.7966	-0.1629	0.05879
0.77	-0.1709	0.04706
0.792	-0.1662	0.05558
0.8091	-0.1279	0.05854
0.7853	-0.07905	0.05916
0.8056	-0.03975	0.07423
0.7743	-0.01491	0.08829
0.7675	0.03003	0.114
0.8209	0.1034	0.1255
0.894	0.1061	0.1131
1.057	0.06651	0.09762
1.144	0.04251	0.08035
1.2	0.0456	0.07959
1.335	0.06626	0.07988
1.346	0.07381	0.07467
1.314	0.1758	0.08036
1.368	0.3158	0.07805
1.336	0.2812	0.06171
1.261	0.04727	0.00838
1.276	-0.2856	-0.1059
1.221	-0.4951	-0.1995
1.109	-0.4886	-0.1787
1.071	-0.431	-0.08633
0.9848	-0.3805	0.00447
0.9016	-0.3064	0.06217
0.8904	-0.2312	0.04066
0.8511	-0.161	-0.01822
0.8372	-0.1371	-0.05942
0.8661	-0.1439	-0.1081
0.8672	-0.09364	-0.1495
0.8438	-0.0536	-0.1821
0.8411	-0.05937	-0.1829
0.9014	-0.05502	-0.1534
0.9831	-0.05986	-0.1607
1.009	-0.03245	-0.1456
1.005	0.01603	-0.1147
0.9951	0.04065	-0.1039
0.9307	0.0817	-0.0451
0.8897	0.09693	-0.009954
0.9495	0.08755	-0.03414
1.069	0.106	-0.04778
1.206	0.1389	-0.0481
1.222	0.1877	-0.04039
0.985	0.07327	-0.1289
1.018	0.05791	-0.1222
1.072	0.02319	-0.1103
1.072	0.003266	-0.08991
1.076	0.05242	-0.04456
1.068	0.1378	-0.006836
1.049	0.2201	0.008623
1.07	0.2182	0.0326
1.151	0.08547	0.05045
1.283	-0.1171	0.01422
1.321	-0.2373	-0.05717
1.143	-0.2159	-0.09651
0.9645	-0.246	-0.08055
1.027	-0.3737	-0.04053
1.251	-0.4033	-0.02614
1.402	-0.274	-0.0657
1.309	-0.08365	-0.1018
1.077	0.05367	-0.04856
0.9262	0.1093	0.03634
0.8338	0.06571	0.05902
0.7903	-0.07412	0.06019
0.7966	-0.1629	0.05879
0.77	-0.1709	0.04706
0.792	-0.1662	0.05558
0.8091	-0.1279	0.05854
0.7853	-0.07905	0.05916
0.8056	-0.03975	0.07423
0.7743	-0.01491	0.08829
0.7675	0.03003	0.114
0.8209	0.1034	0.1255
0.894	0.1061	0.1131
1.057	0.06651	0.09762
1.144	0.04251	0.08035
1.2	0.0456	0.07959
1.335	0.06626	0.07988
1.346	0.07381	0.07467
1.314	0.1758	0.08036
1.368	0.3158	0.07805
1.336	0.2812	0.06171
1.261	0.04727	0.00838
1.276	-0.2856	-0.1059
1.221	-0.4951	-0.1995
1.109	-0.4886	-0.1787
1.071	-0.431	-0.08633
0.9848	-0.3805	0.00447
0.9016	-0.3064	0.06217
0.8904	-0.2312	0.04066
0.8511	-0.161	-0.01822
0.8372	-0.1371	-0.05942
0.8661	-0.1439	-0.1081
0.8672	-0.09364	-0.1495
0.8438	-0.0536	-0.1821
0.8411	-0.05937	-0.1829
0.9014	-0.05502	-0.1534
0.9831	-0.05986	-0.1607
1.009	-0.03245	-0.1456
1.005	0.01603	-0.1147
0.9951	0.04065	-0.1039
0.9307	0.0817	-0.0451
0.8897	0.09693	-0.009954
0.9495	0.08755	-0.03414
1.069	0.106	-0.04778
1.206	0.1389	-0.0481
1.222	0.1877	-0.04039
1.134	0.2366	-0.006777
1.103	0.2302	0.06511
1.094	0.1171	0.09118
1.14	-0.05422	0.02485
1.222	-0.1647	-0.05515
1.162	-0.2051	-0.09288
1.037	-0.2739	-0.06477
0.9631	-0.3869	-0.0228
1.043	-0.4296	-0.02563
1.349	-0.3546	-0.08449
1.561	-0.1685	-0.1741
1.436	0.07416	-0.1597
1.15	0.1758	-0.02854
0.8835	0.1194	0.06849
0.7297	0.06943	0.06221
0.7393	0.007559	-0.003648
0.753	-0.068	-0.02677
0.6862	-0.06296	-0.003318
0.6727	-0.0503	0.04685
0.6576	-0.06168	0.1362
0.6714	-0.03768	0.1494
0.804	-0.01997	0.0982
0.8551	0.013	0.08761
0.8891	0.06792	0.08351
0.9832	0.09655	0.09957
1.045	0.111	0.1186
1.151	0.07612	0.09262
1.229	0.02499	0.06717
1.268	0.03861	0.06634
1.305	0.1304	0.1057
1.317	0.2784	0.1437
1.355	0.3291	0.1056
1.336	0.1701	0.02308
1.306	-0.1178	-0.06866
1.244	-0.3818	-0.1528
1.066	-0.4535	-0.165
0.9969	-0.3595	-0.1098
1.019	-0.2883	-0.04637
0.9879	-0.2121	0.02233
0.9561	-0.1188	0.06435
0.9217	-0.1274	0.0537
0.8728	-0.1292	0.00881
0.8235	-0.09298	-0.0628
0.8502	-0.08128	-0.1111
0.8947	-0.03247	-0.1488
0.8253	-0.02505	-0.1711
0.7778	-0.03677	-0.1417
0.8078	-0.01124	-0.156
0.8307	-0.0297	-0.1673
0.9236	-0.01373	-0.1378
1.031	0.03658	-0.1398
0.9591	0.07411	-0.07652
0.8611	0.1178	-0.001906
0.9355	0.1081	-0.003528
1.047	0.1015	-0.02203
1.176	0.1309	-0.07213
1.284	0.1821	-0.08567
1.223	0.2739	-0.04751
1.212	0.2779	-0.003224
1.27	0.1529	0.03458
1.248	-0.01631	-0.01992
1.255	-0.1871	-0.08158
1.141	-0.3131	-0.06139
0.9027	-0.4178	-0.0272
1.134	0.2366	-0.006777
1.103	0.2302	0.06511
1.094	0.1171	0.09118
1.14	-0.05422	0.02485
1.222	-0.1647	-0.05515
1.162	-0.2051	-0.09288
1.037	-0.2739	-0.06477
0.9631	-0.3869	-0.0228
1.043	-0.4296	-0.02563
1.349	-0.3546	-0.08449
1.561	-0.1685	-0.1741
1.436	0.07416	-0.1597
1.15	0.1758	-0.02854
0.8835	0.1194	0.06849
0.7297	0.06943	0.06221
0.7393	0.007559	-0.003648
0.753	-0.068	-0.02677
0.6862	-0.06296	-0.003318
0.6727	-0.0503	0.04685
0.6576	-0.06168	0.1362
0.6714	-0.03768	0.1494
0.804	-0.01997	0.0982
0.8551	0.013	0.08761
0.8891	0.06792	0.08351
0.9832	0.09655	0.09957
1.045	0.111	0.1186
1.151	0.07612	0.09262
1.229	0.02499	0.06717
1.268	0.03861	0.06634
1.305	0.1304	0.1057
1.317	0.2784	0.1437
1.355	0.3291	0.1056
1.336	0.1701	0.02308
1.306	-0.1178	-0.06866
1.244	-0.3818	-0.1528
1.066	-0.4535	-0.165
0.9969	-0.3595	-0.1098
1.019	-0.2883	-0.04637
0.9879	-0.2121	0.02233
0.9561	-0.1188	0.06435
0.9217	-0.1274	0.0537
0.8728	-0.1292	0.00881
0.8235	-0.09298	-0.0628
0.8502	-0.08128	-0.1111
0.8947	-0.03247	-0.1488
0.8253	-0.02505	-0.1711
0.7778	-0.03677	-0.1417
0.8078	-0.01124	-0.156
0.8307	-0.0297	-0.1673
0.9236	-0.01373	-0.1378
1.031	0.03658	-0.1398
0.9591	0.07411	-0.07652
0.8611	0.1178	-0.001906
0.9355	0.1081	-0.003528
1.047	0.1015	-0.02203
1.176	0.1309	-0.07213
1.284	0.1821	-0.08567
1.223	0.2739	-0.04751
1.212	0.2779	-0.003224
1.27	0.1529	0.03458
1.248	-0.01631	-0.01992
1.255	-0.1871	-0.08158
1.141	-0.3131	-0.06139
0.9027	-0.4178	-0.0272
0.8947	-0.4829	0.01318
1.159	-0.424	0.02328
1.407	-0.2595	-0.03446
1.33	-0.04868	-0.07977
1.117	0.1001	-0.04359
1.025	0.1297	0.004316
0.8878	0.08599	0.009979
0.778	-0.02356	0.02668
0.7259	-0.09216	0.04226
0.6542	-0.0854	0.04779
0.6757	-0.09986	0.07316
0.6971	-0.07944	0.1074
0.7217	-0.05854	0.1457
0.7822	-0.06688	0.1401
0.8111	-0.02706	0.1069
0.8658	0.01358	0.1136
0.8819	0.08197	0.1092
0.9168	0.1532	0.1049
1.018	0.1454	0.1204
1.111	0.1057	0.09319
1.236	0.04568	0.08061
1.279	0.04165	0.114
1.268	0.1566	0.1307
1.284	0.3158	0.1094
1.264	0.3635	0.04782
1.274	0.1454	-0.02722
1.264	-0.2187	-0.1111
1.233	-0.4881	-0.1878
1.224	-0.5535	-0.1965
1.15	-0.4599	-0.1146
1.041	-0.3199	0.01522
0.9112	-0.1065	0.07363
0.8272	0.07132	0.04779
0.8383	0.04615	0.01086
0.8644	-0.01573	-0.05838
0.896	-0.05064	-0.1246
0.8767	-0.1084	-0.1369
0.8193	-0.1108	-0.1362
0.7986	-0.1161	-0.14
0.8109	-0.09889	-0.1401
0.9045	0.009015	-0.1414
1.003	0.08621	-0.1488
0.9848	0.1098	-0.139
0.9143	0.1069	-0.08235
0.8902	0.08187	-0.02179
0.9646	0.05329	-0.03112
1.101	0.0398	-0.07299
1.207	0.08555	-0.08206
1.228	0.157	-0.0897
1.17	0.2512	-0.07214
1.132	0.2974	-0.03366
1.194	0.1791	-0.04754
1.268	0.02413	-0.05342
1.239	-0.07185	-0.05613
1.09	-0.134	-0.09046
0.8726	-0.2059	-0.07777
0.8267	-0.2872	-0.06595
1.123	-0.2726	-0.08542
1.46	-0.2558	-0.08861
1.497	-0.2439	-0.1034
1.278	-0.02492	-0.105
1.089	0.2014	-0.09238
1.059	0.1571	-0.09119
0.949	0.04658	-0.04658
0.8947	-0.4829	0.01318
1.159	-0.424	0.02328
1.407	-0.2595	-0.03446
1.33	-0.04868	-0.07977
1.117	0.1001	-0.04359
1.025	0.1297	0.004316
0.8878	0.08599	0.009979
0.778	-0.02356	0.02668
0.7259	-0.09216	0.04226
0.6542	-0.0854	0.04779
0.6757	-0.09986	0.07316
0.6971	-0.07944	0.1074
0.7217	-0.05854	0.1457
0.7822	-0.06688	0.1401
0.8111	-0.02706	0.1069
0.8658	0.01358	0.1136
0.8819	0.08197	0.1092
0.9168	0.1532	0.1049
1.018	0.1454	0.1204
1.111	0.1057	0.09319
1.236	0.04568	0.08061
1.279	0.04165	0.114
1.268	0.1566	0.1307
1.284	0.3158	0.1094
1.264	0.3635	0.04782
1.274	0.1454	-0.02722
1.264	-0.2187	-0.1111
1.233	-0.4881	-0.1878
1.224	-0.5535	-0.1965
1.15	-0.4599	-0.1146
1.041	-0.3199	0.01522
0.9112	-0.1065	0.07363
0.8272	0.07132	0.04779
0.8383	0.04615	0.01086
0.8644	-0.01573	-0.05838
0.896	-0.05064	-0.1246
0.8767	-0.1084	-0.1369
0.8193	-0.1108	-0.1362
0.7986	-0.1161	-0.14
0.8109	-0.09889	-0.1401
0.9045	0.009015	-0.1414
1.003	0.08621	-0.1488
0.9848	0.1098	-0.139
0.9143	0.1069	-0.08235
0.8902	0.08187	-0.02179
0.9646	0.05329	-0.03112
1.101	0.0398	-0.07299
1.207	0.08555	-0.08206
1.228	0.157	-0.0897
1.17	0.2512	-0.07214
1.132	0.2974	-0.03366
1.194	0.1791	-0.04754
1.268	0.02413	-0.05342
1.239	-0.07185	-0.05613
1.09	-0.134	-0.09046
0.8726	-0.2059	-0.07777
0.8267	-0.2872	-0.06595
1.123	-0.2726	-0.08542
1.46	-0.2558	-0.08861
1.497	-0.2439	-0.1034
1.278	-0.02492	-0.105
1.089	0.2014	-0.09238
1.059	0.1571	-0.09119
0.949	0.04658	-0.04658
0.7266	0.009819	0.002389
0.6944	-0.07797	-0.007553
0.7773	-0.1172	0.005039
0.7486	-0.0947	0.05871
0.7503	-0.1447	0.06004
0.7991	-0.1083	0.04029
0.7829	-0.05012	0.05456
0.811	-0.05606	0.05185
0.858	0.03648	0.05032
0.8973	0.08105	0.06943
0.975	0.06789	0.07388
1.031	0.06646	0.0795
1.124	0.01189	0.06529
1.205	0.02791	0.02722
1.275	0.08411	0.01406
1.405	0.1668	0.02328
1.403	0.2793	0.03421
1.351	0.2805	0.02402
1.355	0.1296	-0.00648
1.264	-0.1671	-0.05754
1.139	-0.3605	-0.1142
1.004	-0.3551	-0.1134
0.9092	-0.3465	-0.07932
0.9209	-0.2947	-0.03591
0.9041	-0.2103	0.02377
0.9011	-0.1386	0.03168
0.936	-0.07875	-0.01225
0.9257	-0.07381	-0.07172
0.9291	-0.05704	-0.1351
0.9152	-0.03706	-0.152
0.8691	-0.0214	-0.1386
0.8552	-0.01319	-0.143
0.8681	-0.02988	-0.1454
0.9226	0.005837	-0.1429
0.9843	0.02946	-0.1556
1.01	0.01677	-0.168
1.002	0.02926	-0.1529
0.943	0.03422	-0.08871
0.8881	0.04481	-0.01886
0.9233	0.0447	-0.03231
1.01	0.0381	-0.07431
1.074	0.06429	-0.06562
1.16	0.1156	-0.06096
1.236	0.2019	-0.04792
1.211	0.2342	-0.001467
1.196	0.16	0.03702
1.227	0.07294	0.06427
1.242	0.001972	0.02267
1.258	-0.06297	-0.07333
1.18	-0.1234	-0.1145
0.9947	-0.2211	-0.1089
0.9039	-0.3413	-0.07178
1.021	-0.3915	-0.03925
1.262	-0.3439	-0.06937
1.419	-0.186	-0.118
1.316	0.05726	-0.1359
1.066	0.1695	-0.07217
0.9014	0.1063	0.02772
0.8078	0.04213	0.03007
0.7821	-0.04773	-0.01147
0.7997	-0.13	-0.007542
0.7503	-0.1137	0.01929
0.7389	-0.1177	0.07235
0.7488	-0.1194	0.1177
0.7266	0.009819	0.002389
0.6944	-0.07797	-0.007553
0.7773	-0.1172	0.005039
0.7486	-0.0947	0.05871
0.7503	-0.1447	0.06004
0.7991	-0.1083	0.04029
0.7829	-0.05012	0.05456
0.811	-0.05606	0.05185
0.858	0.03648	0.05032
0.8973	0.08105	0.06943
0.975	0.06789	0.07388
1.031	0.06646	0.0795
1.124	0.01189	0.06529
1.205	0.02791	0.02722
1.275	0.08411	0.01406
1.405	0.1668	0.02328
1.403	0.2793	0.03421
1.351	0.2805	0.02402
1.355	0.1296	-0.00648
1.264	-0.1671	-0.05754
1.139	-0.3605	-0.1142
1.004	-0.3551	-0.1134
0.9092	-0.3465	-0.07932
0.9209	-0.2947	-0.03591
0.9041	-0.2103	0.02377
0.9011	-0.1386	0.03168
0.936	-0.07875	-0.01225
0.9257	-0.07381	-0.07172
0.9291	-0.05704	-0.1351
0.9152	-0.03706	-0.152
0.8691	-0.0214	-0.1386
0.8552	-0.01319	-0.143
0.8681	-0.02988	-0.1454
0.9226	0.005837	-0.1429
0.9843	0.02946	-0.1556
1.01	0.01677	-0.168
1.002	0.02926	-0.1529
0.943	0.03422	-0.08871
0.8881	0.04481	-0.01886
0.9233	0.0447	-0.03231
1.01	0.0381	-0.07431
1.074	0.06429	-0.06562
1.16	0.1156	-0.06096
1.236	0.2019	-0.04792
1.211	0.2342	-0.001467
1.196	0.16	0.03702
1.227	0.07294	0.06427
1.242	0.001972	0.02267
1.258	-0.06297	-0.07333
1.18	-0.1234	-0.1145
0.9947	-0.2211	-0.1089
0.9039	-0.3413	-0.07178
1.021	-0.3915	-0.03925
1.262	-0.3439	-0.06937
1.419	-0.186	-0.118
1.316	0.05726	-0.1359
1.066	0.1695	-0.07217
0.9014	0.1063	0.02772
0.8078	0.04213	0.03007
0.7821	-0.04773	-0.01147
0.7997	-0.13	-0.007542
0.7503	-0.1137	0.01929
0.7389	-0.1177	0.07235
0.7488	-0.1194	0.1177
0.7499	-0.06151	0.1083
0.8359	-0.01606	0.0841
0.8705	0.04222	0.07353
0.8706	0.0758	0.08063
0.9278	0.07521	0.09373
0.9981	0.07587	0.07694
1.098	0.01444	0.04178
1.173	-0.02381	0.01895
1.25	0.01138	0.0389
1.325	0.08668	0.08603
1.311	0.2784	0.09779
1.25	0.4988	0.1044
1.172	0.5177	0.1086
1.156	0.2244	0.05052
1.192	-0.2415	-0.05333
1.2	-0.529	-0.1683
1.245	-0.5193	-0.2399
1.259	-0.4874	-0.2496
1.087	-0.4356	-0.1496
0.8021	-0.1759	0.07748
0.673	-0.05187	0.1687
0.7793	-0.1196	0.08519
0.8949	-0.06567	0.008835
0.9828	-0.09272	-0.1352
1.049	-0.1556	-0.2305
0.949	-0.08704	-0.1678
0.8384	-0.08125	-0.1496
0.8319	-0.08611	-0.1538
0.8247	-0.07356	-0.1274
0.8901	-0.06265	-0.1484
1.002	-0.01107	-0.1579
1.023	-0.005926	-0.1408
0.9396	-0.007588	-0.1042
0.8546	0.01253	-0.04177
0.9161	0.03156	-0.04789
1.004	0.05768	-0.07695
1.086	0.09301	-0.05803
1.247	0.1623	-0.07355
1.231	0.1858	-0.07481
1.129	0.1823	-0.02257
1.165	0.2153	0.01909
1.14	0.1686	0.05721
1.155	0.05743	0.0457
1.258	-0.001341	-0.01716
1.223	-0.03039	-0.0819
1.121	-0.09808	-0.1346
0.953	-0.2319	-0.1128
0.8292	-0.3764	-0.05202
1.001	-0.4345	-0.0171
1.3	-0.3783	-0.05282
1.492	-0.1996	-0.1653
1.397	0.05402	-0.1878
1.095	0.1664	-0.07725
0.903	0.08304	0.05297
0.7767	0.01081	0.09551
0.7545	-0.04386	0.03758
0.8092	-0.09765	0.02689
0.7472	-0.04062	0.04147
0.7533	-0.0121	0.04577
0.7679	-0.03379	0.1088
0.7353	0.001717	0.1262
0.8105	-0.001937	0.08782
0.8425	0.0345	0.06121
0.8574	0.1045	0.05162
0.7499	-0.06151	0.1083
0.8359	-0.01606	0.0841
0.8705	0.04222	0.07353
0.8706	0.0758	0.08063
0.9278	0.07521	0.09373
0.9981	0.07587	0.07694
1.098	0.01444	0.04178
1.173	-0.02381	0.01895
1.25	0.01138	0.0389
1.325	0.08668	0.08603
1.311	0.2784	0.09779
1.25	0.4988	0.1044
1.172	0.5177	0.1086
1.156	0.2244	0.05052
1.192	-0.2415	-0.05333
1.2	-0.529	-0.1683
1.245	-0.5193	-0.2399
1.259	-0.4874	-0.2496
1.087	-0.4356	-0.1496
0.8021	-0.1759	0.07748
0.673	-0.05187	0.1687
0.7793	-0.1196	0.08519
0.8949	-0.06567	0.008835
0.9828	-0.09272	-0.1352
1.049	-0.1556	-0.2305
0.949	-0.08704	-0.1678
0.8384	-0.08125	-0.1496
0.8319	-0.08611	-0.1538
0.8247	-0.07356	-0.1274
0.8901	-0.06265	-0.1484
1.002	-0.01107	-0.1579
1.023	-0.005926	-0.1408
0.9396	-0.007588	-0.1042
0.8546	0.01253	-0.04177
0.9161	0.03156	-0.04789
1.004	0.05768	-0.07695
1.086	0.09301	-0.05803
1.247	0.1623	-0.07355
1.231	0.1858	-0.07481
1.129	0.1823	-0.02257
1.165	0.2153	0.01909
1.14	0.1686	0.05721
1.155	0.05743	0.0457
1.258	-0.001341	-0.01716
1.223	-0.03039	-0.0819
1.121	-0.09808	-0.1346
0.953	-0.2319	-0.1128
0.8292	-0.3764	-0.05202
1.001	-0.4345	-0.0171
1.3	-0.3783	-0.05282
1.492	-0.1996	-0.1653
1.397	0.05402	-0.1878
1.095	0.1664	-0.07725
0.903	0.08304	0.05297
0.7767	0.01081	0.09551
0.7545	-0.04386	0.03758
0.8092	-0.09765	0.02689
0.7472	-0.04062	0.04147
0.7533	-0.0121	0.04577
0.7679	-0.03379	0.1088
0.7353	0.001717	0.1262
0.8105	-0.001937	0.08782
0.8425	0.0345	0.06121
0.8574	0.1045	0.05162
0.9002	0.07205	0.0873
0.9354	0.06314	0.1184
0.9959	0.06799	0.1146
1.043	0.0005432	0.07937
1.197	-0.04505	0.04627
1.333	-0.004779	0.07291
1.341	0.06987	0.09081
1.415	0.1487	0.05914
1.456	0.2829	0.02111
1.402	0.2894	-0.01179
1.327	0.04193	-0.03139
1.227	-0.2192	-0.03532
1.068	-0.3572	-0.03392
0.887	-0.3471	-0.04141
0.8994	-0.2625	-0.07043
0.9846	-0.2165	-0.09602
0.9772	-0.1692	-0.06656
0.971	-0.1737	-0.01277
0.8962	-0.1867	-0.00759
0.8466	-0.1405	-0.04182
0.8771	-0.1124	-0.09488
0.8681	-0.0402	-0.145
0.8691	0.01406	-0.1655
0.8698	-0.002348	-0.1665
0.8841	-0.003847	-0.1481
0.9302	-0.02105	-0.1272
0.9642	0.007877	-0.1203
0.9838	0.06773	-0.117
0.9558	0.08269	-0.1126
0.9274	0.09559	-0.08512
0.9104	0.07787	-0.05437
0.9198	0.06441	-0.06031
1.046	0.08491	-0.07323
1.226	0.1126	-0.07023
1.312	0.1667	-0.06608
1.248	0.2233	-0.04604
1.2	0.2663	0.002812
1.241	0.2145	0.04409
1.231	0.06987	0.03855
1.228	-0.01264	-0.0377
1.17	-0.09262	-0.13
0.9841	-0.2354	-0.1183
0.8919	-0.3596	-0.04163
0.9684	-0.4353	-0.0004887
1.188	-0.3772	-0.004747
1.414	-0.1837	-0.09726
1.371	0.03278	-0.1845
1.149	0.1577	-0.1058
0.9611	0.08971	0.01074
0.8091	-0.01654	0.04257
0.7544	-0.07965	0.05559
0.7543	-0.1427	0.0524
0.6903	-0.09832	0.05132
0.6871	-0.07602	0.07838
0.7276	-0.08182	0.08872
0.7261	-0.005662	0.1002
0.7678	-0.001591	0.1059
0.7959	0.05544	0.08939
0.8158	0.1636	0.09574
0.8742	0.145	0.09498
0.955	0.1451	0.075
1.093	0.1197	0.0516
1.204	0.02052	0.02675
1.301	-0.009951	0.05956
0.9002	0.07205	0.0873
0.9354	0.06314	0.1184
0.9959	0.06799	0.1146
1.043	0.0005432	0.07937
1.197	-0.04505	0.04627
1.333	-0.004779	0.07291
1.341	0.06987	0.09081
1.415	0.1487	0.05914
1.456	0.2829	0.02111
1.402	0.2894	-0.01179
1.327	0.04193	-0.03139
1.227	-0.2192	-0.03532
1.068	-0.3572	-0.03392
0.887	-0.3471	-0.04141
0.8994	-0.2625	-0.07043
0.9846	-0.2165	-0.09602
0.9772	-0.1692	-0.06656
0.971	-0.1737	-0.01277
0.8962	-0.1867	-0.00759
0.8466	-0.1405	-0.04182
0.8771	-0.1124	-0.09488
0.8681	-0.0402	-0.145
0.8691	0.01406	-0.1655
0.8698	-0.002348	-0.1665
0.8841	-0.003847	-0.1481
0.9302	-0.02105	-0.1272
0.9642	0.007877	-0.1203
0.9838	0.06773	-0.117
0.9558	0.08269	-0.1126
0.9274	0.09559	-0.08512
0.9104	0.07787	-0.05437
0.9198	0.06441	-0.06031
1.046	0.08491	-0.07323
1.226	0.1126	-0.07023
1.312	0.1667	-0.06608
1.248	0.2233	-0.04604
1.2	0.2663	0.002812
1.241	0.2145	0.04409
1.231	0.06987	0.03855
1.228	-0.01264	-0.0377
1.17	-0.09262	-0.13
0.9841	-0.2354	-0.1183
0.8919	-0.3596	-0.04163
0.9684	-0.4353	-0.0004887
1.188	-0.3772	-0.004747
1.414	-0.1837	-0.09726
1.371	0.03278	-0.1845
1.149	0.1577	-0.1058
0.9611	0.08971	0.01074
0.8091	-0.01654	0.04257
0.7544	-0.07965	0.05559
0.7543	-0.1427	0.0524
0.6903	-0.09832	0.05132
0.6871	-0.07602	0.07838
0.7276	-0.08182	0.08872
0.7261	-0.005662	0.1002
0.7678	-0.001591	0.1059
0.7959	0.05544	0.08939
0.8158	0.1636	0.09574
0.8742	0.145	0.09498
0.955	0.1451	0.075
1.093	0.1197	0.0516
1.204	0.02052	0.02675
1.301	-0.009951	0.05956
1.409	0.05485	0.09284
1.429	0.1789	0.05263
1.407	0.2079	0.003427
1.358	0.02816	-0.02947
1.235	-0.2391	-0.0328
1.028	-0.3581	-0.01535
0.9164	-0.3157	-0.03669
1.016	-0.2721	-0.09035
1.077	-0.2021	-0.1392
1.063	-0.1573	-0.1185
1.01	-0.1517	-0.0273
0.8654	-0.08144	0.01987
0.8465	-0.08634	-0.0007539
0.8715	-0.1175	-0.04657
0.7972	-0.05317	-0.09938
0.8217	-0.02872	-0.1444
0.8621	-0.01418	-0.1796
0.864	0.002478	-0.1858
0.9318	-0.04114	-0.1719
0.9594	-0.0575	-0.1549
0.9686	-0.02988	-0.141
0.9873	0.02028	-0.1289
0.9377	0.07383	-0.09624
0.8909	0.09467	-0.07717
0.883	0.09378	-0.06638
0.9509	0.068	-0.05536
1.114	0.05074	-0.07187
1.232	0.0846	-0.07117
1.239	0.167	-0.07027
1.179	0.233	-0.06684
1.151	0.1679	-0.01851
1.238	0.02571	0.011
1.319	-0.05501	-0.02582
1.28	-0.07158	-0.09653
1.14	-0.1004	-0.1103
0.928	-0.2055	-0.05899
0.8148	-0.3336	0.004644
1.008	-0.3828	0.04203
1.345	-0.317	-0.05025
1.487	-0.1377	-0.1776
1.357	0.05789	-0.1575
1.086	0.1254	-0.04424
0.8515	0.06975	0.06822
0.7245	0.02686	0.09456
0.7105	0.0006996	0.03807
0.749	-0.0438	0.02811
0.7387	-0.03221	0.04808
0.7799	-0.04257	0.0561
0.8181	-0.08055	0.08168
0.765	-0.04667	0.0783
0.7712	-0.02242	0.06302
0.7808	0.03492	0.07306
0.8008	0.1073	0.06593
0.8994	0.07986	0.07296
1.009	0.04566	0.08788
1.142	0.01457	0.05217
1.244	0.008126	0.006542
1.329	0.07421	-0.01094
1.392	0.1494	0.002236
1.382	0.2181	0.02355
1.409	0.2443	0.04601
1.423	0.2077	0.0716
1.329	-0.02019	0.0115
1.135	-0.3679	-0.07195
1.409	0.05485	0.09284
1.429	0.1789	0.05263
1.407	0.2079	0.003427
1.358	0.02816	-0.02947
1.235	-0.2391	-0.0328
1.028	-0.3581	-0.01535
0.9164	-0.3157	-0.03669
1.016	-0.2721	-0.09035
1.077	-0.2021	-0.1392
1.063	-0.1573	-0.1185
1.01	-0.1517	-0.0273
0.8654	-0.08144	0.01987
0.8465	-0.08634	-0.0007539
0.8715	-0.1175	-0.04657
0.7972	-0.05317	-0.09938
0.8217	-0.02872	-0.1444
0.8621	-0.01418	-0.1796
0.864	0.002478	-0.1858
0.9318	-0.04114	-0.1719
0.9594	-0.0575	-0.1549
0.9686	-0.02988	-0.141
0.9873	0.02028	-0.1289
0.9377	0.07383	-0.09624
0.8909	0.09467	-0.07717
0.883	0.09378	-0.06638
0.9509	0.068	-0.05536
1.114	0.05074	-0.07187
1.232	0.0846	-0.07117
1.239	0.167	-0.07027
1.179	0.233	-0.06684
1.151	0.1679	-0.01851
1.238	0.02571	0.011
1.319	-0.05501	-0.02582
1.28	-0.07158	-0.09653
1.14	-0.1004	-0.1103
0.928	-0.2055	-0.05899
0.8148	-0.3336	0.004644
1.008	-0.3828	0.04203
1.345	-0.317	-0.05025
1.487	-0.1377	-0.1776
1.357	0.05789	-0.1575
1.086	0.1254	-0.04424
0.8515	0.06975	0.06822
0.7245	0.02686	0.09456
0.7105	0.0006996	0.03807
0.749	-0.0438	0.02811
0.7387	-0.03221	0.04808
0.7799	-0.04257	0.0561
0.8181	-0.08055	0.08168
0.765	-0.04667	0.0783
0.7712	-0.02242	0.06302
0.7808	0.03492	0.07306
0.8008	0.1073	0.06593
0.8994	0.07986	0.07296
1.009	0.04566	0.08788
1.142	0.01457	0.05217
1.244	0.008126	0.006542
1.329	0.07421	-0.01094
1.392	0.1494	0.002236
1.382	0.2181	0.02355
1.409	0.2443	0.04601
1.423	0.2077	0.0716
1.329	-0.02019	0.0115
1.135	-0.3679	-0.07195
0.9112	-0.38	-0.0396
0.8507	-0.2507	-0.02619
0.908	-0.2887	-0.08928
0.9259	-0.2008	-0.1021
0.9639	-0.1722	-0.0894
1.038	-0.2762	-0.07357
1.015	-0.223	-0.03711
0.9283	-0.2397	-0.02765
0.8839	-0.2151	-0.04718
0.8302	-0.04634	-0.09253
0.8364	-0.02277	-0.1476
0.8893	0.01687	-0.1842
0.8821	0.05374	-0.2034
0.9383	-0.0001597	-0.1829
0.986	-0.0107	-0.1383
0.9638	-0.0412	-0.1103
0.9756	-0.02189	-0.1089
0.9424	0.02432	-0.1041
0.9205	0.03024	-0.06795
0.9435	0.053	-0.06046
0.9825	0.03579	-0.08799
1.121	0.04778	-0.0988
1.222	0.1087	-0.09886
1.203	0.1897	-0.06594
1.139	0.266	-0.0001329
1.1	0.2082	0.04807
1.184	0.09943	0.05006
1.293	-0.007922	-0.01003
1.274	-0.138	-0.08598
1.112	-0.225	-0.09982
0.8753	-0.3598	-0.049
0.8001	-0.5101	0.01048
1.054	-0.5072	0.02287
1.358	-0.3346	-0.04294
1.377	-0.0356	-0.1109
1.232	0.191	-0.06838
1.077	0.1929	-0.001999
0.9042	0.09304	0.007939
0.817	-0.02245	0.02722
0.8053	-0.1189	0.02433
0.7716	-0.1431	0.01812
0.7491	-0.1288	0.06764
0.75	-0.1064	0.1111
0.7511	-0.06573	0.1345
0.7659	-0.006266	0.1166
0.788	0.05516	0.08002
0.8046	0.1142	0.08437
0.8386	0.1441	0.07655
0.9274	0.09544	0.07174
1.064	0.01081	0.07039
1.156	-0.0602	0.03866
1.173	-0.08643	0.02781
1.191	-0.05166	0.02751
1.212	0.01149	0.0373
1.236	0.2109	0.07197
1.29	0.4535	0.09009
1.319	0.3666	0.04189
1.363	0.08444	-0.05884
1.41	-0.1652	-0.1092
1.273	-0.444	-0.1206
1.045	-0.4855	-0.1059
0.9449	-0.3491	-0.04406
0.9406	-0.3287	-0.03669
0.9723	-0.2174	-0.04164
