0.979	-0.04181	0.1998
0.9804	-0.04597	0.1939
0.987	-0.05731	0.1997
0.9924	-0.07315	0.2037
1.001	-0.06428	0.2003
1.007	-0.06493	0.203
1.012	-0.06757	0.1917
1.015	-0.05892	0.1891
1.011	-0.05977	0.1941
1.014	-0.04997	0.1962
1.013	-0.05356	0.1973
1.004	-0.08724	0.1771
1.004	-0.08909	0.1723
1.019	-0.0397	0.1944
1.024	-0.01243	0.1992
1.012	-0.03442	0.1936
1.009	-0.0527	0.1941
1.01	-0.06705	0.1902
1.008	-0.07447	0.1874
1.007	-0.0651	0.1941
0.999	-0.06365	0.1976
0.9961	-0.05275	0.1988
0.9992	-0.0481	0.201
0.999	-0.05905	0.1959
1.008	-0.06572	0.1935
1.011	-0.07726	0.1975
1.006	-0.06933	0.203
1.006	-0.06802	0.2118
1.001	-0.08463	0.2225
1.001	-0.06968	0.2162
1.022	-0.03967	0.1703
1.042	-0.02114	0.1339
1.029	-0.03173	0.1549
0.9783	-0.04422	0.1954
0.9613	-0.04405	0.2148
1.009	-0.05968	0.2014
1.03	-0.05717	0.1918
1.014	-0.0535	0.1977
1.02	-0.05415	0.1861
1.01	-0.05171	0.1939
0.9941	-0.09812	0.2035
0.9978	-0.1186	0.1941
0.9923	-0.08565	0.2209
1.004	-0.08275	0.2218
1.021	-0.08493	0.1855
1.017	-0.06112	0.1861
1.01	-0.02112	0.1937
1	0.003511	0.1944
1.006	-0.01665	0.1903
1.01	-0.02894	0.1797
1.004	-0.03091	0.1795
1.01	-0.05141	0.1792
1.011	-0.05971	0.1832
1.024	-0.08082	0.1902
1.022	-0.1003	0.1956
0.9782	-0.07547	0.2024
0.9619	-0.06049	0.2028
0.9984	-0.05815	0.2033
1.04	-0.05589	0.2009
1.048	-0.06928	0.1952
1.027	-0.06972	0.1954
1.001	-0.06318	0.2
0.99	-0.06205	0.1973
0.9948	-0.05739	0.1746
0.9899	-0.0502	0.1757
0.9943	-0.04791	0.2221
1.016	-0.06136	0.2321
1.017	-0.06799	0.1892
1.004	-0.05725	0.1787
1.001	-0.04347	0.1918
1.009	-0.0357	0.1802
1.014	-0.05396	0.1815
1.012	-0.08131	0.1902
1.012	-0.09515	0.1873
1.008	-0.09229	0.1949
1.006	-0.0481	0.1906
1.01	-0.01614	0.1862
1.012	-0.03773	0.1951
1.013	-0.0323	0.1959
1.007	-0.01766	0.2077
1.003	-0.04222	0.2133
1	-0.06067	0.2009
0.9947	-0.07329	0.2
0.9981	-0.07425	0.1978
1.005	-0.07841	0.1908
1.016	-0.1053	0.1872
1.022	-0.1015	0.1853
1.004	-0.07475	0.1971
0.9835	-0.04323	0.2108
1.007	-0.0583	0.1826
1.012	-0.05247	0.1754
1.017	-0.05281	0.1842
1.011	-0.07119	0.2021
1.009	-0.05838	0.2061
1.026	-0.0309	0.1708
1.043	-0.01515	0.1434
1.026	-0.02857	0.1707
0.9731	-0.04373	0.2146
0.9546	-0.04588	0.2346
1.002	-0.06333	0.2194
1.023	-0.06204	0.2062
1.009	-0.059	0.2075
1.016	-0.0597	0.191
1.008	-0.05684	0.1941
0.9935	-0.1024	0.1997
0.9987	-0.1219	0.1872
0.9944	-0.08777	0.212
1.007	-0.08371	0.2121
1.025	-0.08486	0.176
1.021	-0.06019	0.1776
1.013	-0.01954	0.1868
1.003	0.005477	0.1895
1.008	-0.01453	0.1876
1.011	-0.02688	0.179
1.004	-0.02907	0.1805
1.01	-0.04991	0.1816
1.011	-0.05864	0.1865
1.023	-0.08019	0.194
1.02	-0.1	0.1994
0.9768	-0.07561	0.206
0.9606	-0.06092	0.2059
0.9973	-0.05878	0.2057
1.039	-0.05663	0.2024
1.047	-0.07003	0.1959
1.027	-0.07043	0.1954
1.001	-0.06378	0.1994
0.9902	-0.06252	0.1963
0.9951	-0.05769	0.1733
0.9903	-0.05035	0.1743
0.9948	-0.04792	0.2207
1.016	-0.06125	0.2309
1.017	-0.06779	0.1883
1.004	-0.05699	0.178
1.001	-0.0432	0.1913
1.009	-0.03543	0.1801
1.014	-0.05372	0.1816
1.012	-0.08111	0.1905
1.012	-0.09501	0.1877
1.007	-0.09221	0.1954
1.006	-0.04807	0.1912
1.01	-0.01617	0.1866
1.012	-0.03779	0.1955
1.013	-0.03239	0.1962
1.007	-0.01776	0.2079
1.003	-0.04232	0.2134
1	-0.06077	0.2009
0.9947	-0.07337	0.1999
0.9982	-0.07431	0.1976
1.005	-0.07845	0.1906
1.016	-0.1053	0.187
1.022	-0.1015	0.1851
1.004	-0.07474	0.1969
0.9894	-0.03105	0.2113
0.9964	-0.003393	0.203
1.009	-0.0653	0.1731
1.013	-0.13	0.1486
1.013	-0.1162	0.1536
1.036	-0.05972	0.1818
1.05	-0.01078	0.2095
1.02	-0.006121	0.2227
1.005	-0.01008	0.2236
1.001	-0.01376	0.2153
0.9737	-0.04657	0.2057
0.9442	-0.06435	0.2075
0.9419	-0.05891	0.2014
1.002	-0.06387	0.1816
1.057	-0.07109	0.1788
1.044	-0.07301	0.1888
1.033	-0.06482	0.1918
1.024	-0.05823	0.191
1.011	-0.06981	0.1906
1.013	-0.08443	0.1851
0.9988	-0.093	0.1779
0.9967	-0.08214	0.186
1.005	-0.05198	0.1999
1.005	-0.04138	0.2061
1.012	-0.0501	0.2045
1.005	-0.0491	0.1937
1.002	-0.04777	0.186
1.005	-0.05209	0.1869
1	-0.04815	0.1959
1.003	-0.04764	0.2035
1.002	-0.05675	0.1953
1.008	-0.06446	0.1863
1.013	-0.0719	0.1869
1.005	-0.0739	0.197
1.007	-0.07016	0.2045
1.009	-0.06162	0.2008
1.008	-0.04845	0.2031
1.011	-0.04229	0.199
1.011	-0.03564	0.1848
1.015	-0.03791	0.185
1.012	-0.06185	0.194
1.004	-0.0756	0.2022
1	-0.06934	0.1995
0.9967	-0.05938	0.1915
0.9984	-0.05455	0.1913
1.01	-0.05675	0.188
1.02	-0.05991	0.1855
1.016	-0.07322	0.1843
1.009	-0.08263	0.1866
1.005	-0.05842	0.201
1.002	-0.03429	0.2072
1.009	-0.04013	0.2005
1.01	-0.05003	0.1913
1.008	-0.05235	0.1868
1.008	-0.04968	0.191
1.007	-0.05292	0.1913
1.009	-0.07537	0.191
1.007	-0.08387	0.1918
1.001	-0.06877	0.1901
1	-0.06649	0.1967
1.003	-0.07015	0.2033
1.003	-0.06925	0.2044
1.005	-0.06775	0.2059
1.008	-0.05697	0.2005
0.9983	-0.02012	0.2333
1.002	0.00107	0.2046
1.012	-0.06492	0.1644
1.015	-0.1323	0.1361
1.013	-0.1201	0.1416
1.035	-0.06474	0.1724
1.049	-0.01644	0.2037
1.019	-0.01203	0.2204
1.004	-0.0159	0.2244
1.001	-0.01919	0.2182
0.9733	-0.05135	0.2099
0.9441	-0.06828	0.2122
0.9421	-0.06187	0.2058
1.002	-0.0658	0.1852
1.057	-0.07202	0.1813
1.045	-0.07304	0.19
1.034	-0.06408	0.1919
1.024	-0.05691	0.1901
1.011	-0.06809	0.1889
1.013	-0.08253	0.183
0.9989	-0.09109	0.1757
0.9967	-0.08037	0.1838
1.005	-0.05047	0.198
1.004	-0.0402	0.2045
1.011	-0.04929	0.2035
1.005	-0.04866	0.1932
1.002	-0.04767	0.186
1.005	-0.05227	0.1873
1	-0.04854	0.1966
1.003	-0.04817	0.2044
1.002	-0.05734	0.1963
1.008	-0.06505	0.1873
1.013	-0.07244	0.1878
1.005	-0.07435	0.1977
1.008	-0.07049	0.2051
1.009	-0.06183	0.2011
1.008	-0.04853	0.2032
1.011	-0.04226	0.199
1.011	-0.03553	0.1846
1.015	-0.03773	0.1847
1.012	-0.06164	0.1936
1.004	-0.07538	0.2018
1	-0.06913	0.1992
0.9967	-0.0592	0.1912
0.9983	-0.05441	0.1911
1.01	-0.05665	0.1878
1.02	-0.05986	0.1854
1.015	-0.07321	0.1843
1.009	-0.08266	0.1866
1.005	-0.05848	0.2011
1.002	-0.03436	0.2073
1.008	-0.04021	0.2006
1.01	-0.05011	0.1914
1.008	-0.05242	0.1869
1.008	-0.04973	0.1911
1.007	-0.05296	0.1914
1.009	-0.0754	0.191
1.007	-0.08388	0.1918
1.001	-0.06876	0.1901
1	-0.06648	0.1966
1.003	-0.07013	0.2032
1.003	-0.06922	0.2043
1.005	-0.06772	0.2059
1.008	-0.05695	0.2004
1.007	-0.05051	0.1915
1.004	-0.04688	0.187
1.008	-0.03934	0.1865
1.016	-0.04277	0.1915
1.021	-0.04848	0.1961
1.014	-0.0523	0.1939
1.008	-0.05548	0.1887
1.008	-0.05555	0.1852
1.007	-0.05903	0.1878
1.008	-0.06023	0.1949
1.004	-0.06473	0.1987
0.9972	-0.06864	0.2012
0.9991	-0.05998	0.1983
1.006	-0.05746	0.185
1.01	-0.06081	0.1838
1.007	-0.0572	0.1989
1.008	-0.05261	0.2036
1.013	-0.05336	0.1987
1.01	-0.06123	0.1976
1.006	-0.0682	0.1954
1.003	-0.06889	0.1947
1.003	-0.06822	0.1971
1.006	-0.06653	0.1923
1.007	-0.06053	0.1856
1.009	-0.0557	0.1857
1.009	-0.05557	0.1879
1.011	-0.05418	0.1924
1.012	-0.0529	0.1994
1.007	-0.05107	0.2007
1.005	-0.04962	0.199
1.005	-0.05364	0.1996
1.007	-0.05558	0.1937
1.01	-0.0572	0.1883
1.009	-0.05996	0.1913
1.005	-0.05856	0.191
1.003	-0.06076	0.1917
1.005	-0.06498	0.1939
1.008	-0.06587	0.1925
1.008	-0.06211	0.1952
1.009	-0.05386	0.1968
1.008	-0.05296	0.1963
1.007	-0.0578	0.1946
1.008	-0.05976	0.1914
1.008	-0.06132	0.1929
1.009	-0.06239	0.1928
1.009	-0.06176	0.193
1.009	-0.05714	0.1944
1.007	-0.05352	0.1934
1.003	-0.05683	0.1975
1.005	-0.05968	0.1973
1.007	-0.05911	0.1924
1.008	-0.05505	0.1926
1.01	-0.05023	0.1929
1.01	-0.05312	0.196
1.006	-0.06195	0.1967
1.007	-0.07271	0.1908
1.006	-0.07919	0.1899
1.002	-0.07139	0.1918
1.002	-0.05327	0.1922
1.006	-0.03896	0.1976
1.008	-0.0387	0.2003
1.013	-0.04817	0.1926
1.019	-0.05703	0.1875
1.014	-0.06091	0.1902
1.003	-0.04208	0.1894
0.9966	-0.05819	0.197
0.999	-0.06216	0.201
1.008	-0.07023	0.2056
1.014	-0.07525	0.2071
1.009	-0.07467	0.2005
1.005	-0.07127	0.1907
1.007	-0.06388	0.1834
1.008	-0.06012	0.1831
1.01	-0.05507	0.1885
1.007	-0.05482	0.1917
1.001	-0.05573	0.1944
1.003	-0.0458	0.1926
1.009	-0.04358	0.1809
1.012	-0.04851	0.1813
1.009	-0.04739	0.1982
1.009	-0.04582	0.2044
1.013	-0.04972	0.2007
1.01	-0.06056	0.2004
1.005	-0.07009	0.1987
1.002	-0.07275	0.198
1.002	-0.07338	0.2001
1.005	-0.07233	0.1949
1.006	-0.06633	0.1875
1.008	-0.061	0.1869
1.008	-0.05998	0.1883
1.01	-0.05747	0.1922
1.012	-0.05496	0.1987
1.007	-0.05193	0.1996
1.005	-0.04942	0.1977
1.005	-0.05258	0.1982
1.007	-0.0539	0.1924
1.011	-0.05515	0.1872
1.009	-0.0578	0.1904
1.005	-0.05649	0.1904
1.003	-0.05895	0.1914
1.005	-0.06356	0.1938
1.008	-0.06488	0.1927
1.008	-0.06157	0.1955
1.009	-0.05374	0.1972
1.008	-0.0532	0.1968
1.006	-0.05831	0.1951
1.007	-0.06046	0.1918
1.008	-0.0621	0.1933
1.009	-0.06317	0.1931
1.009	-0.06247	0.1932
1.008	-0.05773	0.1945
1.007	-0.05396	0.1933
1.003	-0.0571	0.1974
1.005	-0.0598	0.1971
1.007	-0.05909	0.1922
1.008	-0.05491	0.1924
1.01	-0.05	0.1927
1.01	-0.05284	0.1958
1.006	-0.06166	0.1966
1.007	-0.07244	0.1907
1.006	-0.07895	0.1899
1.002	-0.0712	0.1918
1.002	-0.05314	0.1922
1.006	-0.03889	0.1977
1.008	-0.03869	0.2003
1.013	-0.04821	0.1927
1.019	-0.0571	0.1876
1.014	-0.061	0.1903
1.001	-0.05693	0.1979
0.9967	-0.05253	0.2058
1.004	-0.05732	0.2028
1.007	-0.06677	0.1961
1.004	-0.07141	0.1927
1.008	-0.06832	0.186
1.013	-0.06705	0.1834
1.013	-0.06558	0.1871
1.013	-0.05691	0.19
1.01	-0.05273	0.1913
1.005	-0.05477	0.1897
1.002	-0.05947	0.1921
1.004	-0.06229	0.2049
1.005	-0.05444	0.2088
1.006	-0.04722	0.1954
1.009	-0.04661	0.1923
1.007	-0.05137	0.197
1.002	-0.0613	0.1905
1.001	-0.06444	0.1896
1.002	-0.06477	0.1928
1.008	-0.0666	0.1903
1.019	-0.06392	0.1929
1.02	-0.06003	0.1961
1.009	-0.05474	0.1978
1.005	-0.05339	0.1986
1.009	-0.05669	0.193
1.006	-0.05513	0.1896
1.002	-0.05264	0.1921
1.004	-0.05315	0.1979
1.007	-0.05694	0.1999
1.01	-0.06209	0.1904
1.007	-0.06421	0.1835
1.006	-0.06439	0.1888
1.009	-0.06084	0.1995
1.006	-0.05796	0.2059
1.003	-0.05847	0.1972
1.001	-0.0545	0.1882
1.006	-0.05171	0.1905
1.013	-0.05667	0.1898
1.016	-0.06314	0.1897
1.017	-0.06659	0.1915
1.008	-0.06777	0.1904
0.9942	-0.06712	0.1917
0.9973	-0.06431	0.1919
1.009	-0.0659	0.2004
1.012	-0.06143	0.2088
1.006	-0.0388	0.2015
1.004	-0.03204	0.2004
1.01	-0.04721	0.1975
1.01	-0.04872	0.1865
1.008	-0.04853	0.1877
1.01	-0.05782	0.1923
1.012	-0.06327	0.1981
1.018	-0.06971	0.2024
1.014	-0.07331	0.1942
0.9952	-0.07276	0.1794
0.9893	-0.07064	0.1718
1.001	-0.06464	0.1814
1.007	-0.06113	0.1864
1.006	-0.05306	0.1902
1.012	-0.04592	0.2129
1.015	-0.05414	0.2202
1.014	-0.06586	0.2055
1.012	-0.06866	0.1987
1.009	-0.08583	0.1658
0.9993	-0.04364	0.1955
1.003	-0.03007	0.2047
1.005	-0.03457	0.2034
1.002	-0.04274	0.2011
1.006	-0.0478	0.193
1.012	-0.05643	0.1877
1.013	-0.06456	0.1885
1.013	-0.06388	0.1887
1.011	-0.06539	0.188
1.006	-0.07059	0.1853
1.003	-0.07607	0.1873
1.005	-0.07767	0.2003
1.006	-0.06713	0.2049
1.006	-0.05629	0.1927
1.009	-0.0517	0.1908
1.007	-0.05259	0.1967
1.002	-0.05914	0.1913
1.001	-0.05963	0.1912
1.001	-0.05819	0.195
1.007	-0.05915	0.1928
1.018	-0.05642	0.1954
1.02	-0.05319	0.1982
1.009	-0.04908	0.1995
1.005	-0.04922	0.1998
1.009	-0.05416	0.1937
1.006	-0.05418	0.1898
1.002	-0.05311	0.1918
1.004	-0.05476	0.1973
1.007	-0.05935	0.1991
1.01	-0.06496	0.1894
1.007	-0.06722	0.1825
1.006	-0.06724	0.1879
1.009	-0.0633	0.1987
1.006	-0.05989	0.2053
1.003	-0.05979	0.1968
1.001	-0.0552	0.188
1.006	-0.05183	0.1905
1.013	-0.0563	0.1899
1.016	-0.0624	0.19
1.017	-0.06561	0.1919
1.008	-0.06669	0.1907
0.9941	-0.06604	0.1921
0.9973	-0.06333	0.1922
1.009	-0.0651	0.2007
1.012	-0.06084	0.209
1.006	-0.03843	0.2016
1.004	-0.03189	0.2005
1.01	-0.04726	0.1975
1.01	-0.04893	0.1864
1.008	-0.04885	0.1876
1.01	-0.0582	0.1921
1.012	-0.06367	0.198
1.018	-0.07009	0.2023
1.014	-0.07364	0.1941
0.9952	-0.07301	0.1793
0.9893	-0.07081	0.1718
1.001	-0.06473	0.1814
1.007	-0.06114	0.1864
1.006	-0.05301	0.1902
1.012	-0.04582	0.2129
1.015	-0.05401	0.2202
1.014	-0.06571	0.2055
1.012	-0.06851	0.1988
1.003	-0.05819	0.1989
1.002	-0.04632	0.1935
1.006	-0.0454	0.1838
1.003	-0.04948	0.1795
1.006	-0.05374	0.1764
1.014	-0.05527	0.1782
1.018	-0.05794	0.1946
1.009	-0.06252	0.2068
1.004	-0.06639	0.2045
1.004	-0.07398	0.2042
0.9979	-0.07414	0.2068
0.9972	-0.05867	0.2027
1.006	-0.04327	0.1967
1.018	-0.03942	0.1909
1.026	-0.03961	0.1861
1.014	-0.04316	0.1859
0.9992	-0.05634	0.1858
0.9949	-0.07259	0.1897
0.995	-0.08553	0.1964
0.9976	-0.08399	0.2014
1.005	-0.07422	0.2026
1.02	-0.07207	0.1863
1.025	-0.06679	0.1736
1.012	-0.06449	0.1843
1.008	-0.05926	0.1938
1.012	-0.03737	0.2004
1.006	-0.02553	0.2027
0.9989	-0.0259	0.1931
0.995	-0.03041	0.1928
0.9935	-0.0411	0.2011
0.9996	-0.05109	0.2069
1.01	-0.06629	0.2066
1.02	-0.0799	0.1981
1.023	-0.08473	0.1894
1.017	-0.08375	0.183
1.008	-0.07536	0.1841
1.001	-0.06922	0.1925
1.001	-0.06485	0.1943
1.005	-0.05638	0.1878
1.007	-0.05021	0.1869
1.007	-0.04656	0.198
1.007	-0.04497	0.2004
1.009	-0.05044	0.1947
1.007	-0.05669	0.1975
1.003	-0.05474	0.1987
1.003	-0.05238	0.1968
1.009	-0.05493	0.1927
1.013	-0.06292	0.1885
1.008	-0.0764	0.1906
1.004	-0.0792	0.1871
1.002	-0.06688	0.1852
1.002	-0.05666	0.1945
1.012	-0.0535	0.2015
1.016	-0.04495	0.2046
1.008	-0.03069	0.2082
1.007	-0.03374	0.205
1.01	-0.05524	0.1896
1.01	-0.06793	0.1817
1.01	-0.06759	0.1884
1.005	-0.06681	0.1867
1.003	-0.06673	0.1819
1.008	-0.06981	0.1823
1.01	-0.07424	0.1848
1.005	-0.06814	0.2007
1.001	-0.04944	0.2381
1.002	-0.04856	0.2128
1.006	-0.05239	0.1904
1.004	-0.05707	0.1786
1.007	-0.05951	0.1719
1.016	-0.05806	0.1725
1.019	-0.05754	0.1893
1.01	-0.05934	0.2028
1.005	-0.06118	0.2021
1.005	-0.06765	0.2034
0.9984	-0.06757	0.2073
0.9975	-0.05262	0.2041
1.006	-0.03833	0.1987
1.018	-0.03594	0.1931
1.025	-0.03773	0.1881
1.014	-0.04284	0.1875
0.9989	-0.05737	0.187
0.9947	-0.07469	0.1904
0.9947	-0.08833	0.1965
0.9974	-0.08713	0.201
1.005	-0.07735	0.2019
1.02	-0.07492	0.1853
1.025	-0.06915	0.1725
1.012	-0.06623	0.1832
1.008	-0.06031	0.1928
1.013	-0.03776	0.1997
1.006	-0.02533	0.2021
0.999	-0.02523	0.1928
0.9951	-0.0294	0.1927
0.9936	-0.03991	0.2013
0.9997	-0.04985	0.2072
1.01	-0.0651	0.207
1.02	-0.07888	0.1985
1.023	-0.08393	0.1899
1.017	-0.0832	0.1834
1.008	-0.07507	0.1844
1.001	-0.06917	0.1927
1.001	-0.065	0.1945
1.005	-0.05668	0.1879
1.007	-0.05062	0.1869
1.007	-0.04701	0.1979
1.007	-0.04541	0.2003
1.009	-0.05084	0.1946
1.007	-0.05703	0.1973
1.003	-0.05499	0.1985
1.003	-0.05253	0.1966
1.009	-0.05499	0.1925
1.013	-0.0629	0.1885
1.008	-0.07632	0.1905
1.004	-0.07907	0.187
1.002	-0.06673	0.1852
1.002	-0.0565	0.1946
1.012	-0.05334	0.2015
1.016	-0.04482	0.2046
1.008	-0.03058	0.2083
1.007	-0.03367	0.2051
1.01	-0.0552	0.1897
1.01	-0.06792	0.1817
1.01	-0.06761	0.1884
1.005	-0.06685	0.1867
1.003	-0.06679	0.1819
1.008	-0.06987	0.1822
1.01	-0.0743	0.1848
1.005	-0.0682	0.2007
1.001	-0.0571	0.2116
1.001	-0.05195	0.2073
1.007	-0.05036	0.205
1.013	-0.05027	0.1995
1.011	-0.05233	0.1943
1.006	-0.05814	0.1942
1.004	-0.06168	0.1916
1.004	-0.05751	0.1913
1.006	-0.05161	0.1904
1.011	-0.05022	0.188
1.013	-0.05444	0.1878
1.008	-0.05807	0.1867
1.006	-0.06256	0.1861
1.008	-0.06501	0.185
1.005	-0.05796	0.1894
1.005	-0.05939	0.2011
1.008	-0.07247	0.2059
1.009	-0.07271	0.2045
1.01	-0.05641	0.2042
1.009	-0.04628	0.198
1.009	-0.04884	0.1858
1.006	-0.05217	0.1831
0.997	-0.06338	0.1926
0.9953	-0.07422	0.1956
1.009	-0.07044	0.1938
1.016	-0.06266	0.1973
1.008	-0.05187	0.1987
1.002	-0.04717	0.1999
1.001	-0.04749	0.2005
1.013	-0.03942	0.1944
1.023	-0.03122	0.1909
1.014	-0.03559	0.1937
1.01	-0.06967	0.1935
1.011	-0.09711	0.1843
1.01	-0.08515	0.1769
1.012	-0.07944	0.1746
0.9919	-0.07555	0.1766
0.9822	-0.06378	0.2021
0.9981	-0.06608	0.2189
1.003	-0.05486	0.2034
1.007	-0.03794	0.2063
1.01	-0.03572	0.2149
1.007	-0.03263	0.209
1.017	-0.03215	0.2032
1.022	-0.0407	0.1781
1.019	-0.06069	0.1658
1.011	-0.07278	0.1799
0.9971	-0.07035	0.1872
0.9993	-0.07683	0.1955
1.014	-0.07717	0.1906
1.019	-0.07251	0.1838
1.01	-0.07723	0.191
1.002	-0.06981	0.191
0.9993	-0.05297	0.2048
0.9951	-0.03925	0.2138
1.002	-0.03024	0.2
1.011	-0.03041	0.2035
1.01	-0.04124	0.2105
1.012	-0.05905	0.2036
1.01	-0.06767	0.189
1.005	-0.07368	0.1766
1.006	-0.08375	0.184
1.003	-0.0784	0.1845
1.003	-0.06473	0.1758
1.019	-0.08093	0.1569
1.008	-0.05647	0.1899
1.008	-0.0438	0.2102
1.011	-0.03869	0.2165
1.007	-0.0399	0.2154
1.002	-0.04753	0.2143
1	-0.05429	0.2076
1.002	-0.05383	0.2019
1.005	-0.05145	0.1953
1.01	-0.05297	0.1878
1.014	-0.05924	0.1836
1.009	-0.06401	0.1798
1.008	-0.06877	0.1778
1.01	-0.07077	0.1766
1.007	-0.06272	0.1817
1.006	-0.06283	0.1949
1.009	-0.07444	0.2016
1.01	-0.07326	0.2022
1.01	-0.0557	0.2038
1.009	-0.04457	0.1993
1.008	-0.04646	0.1883
1.005	-0.04944	0.1864
0.9963	-0.06062	0.1963
0.9946	-0.07168	0.1992
1.008	-0.06831	0.1971
1.016	-0.06106	0.2
1.008	-0.05087	0.2006
1.001	-0.04675	0.201
1.001	-0.0476	0.2008
1.013	-0.03995	0.1941
1.023	-0.03207	0.1901
1.014	-0.03661	0.1924
1.011	-0.07075	0.192
1.011	-0.09815	0.1828
1.011	-0.08606	0.1755
1.012	-0.08016	0.1735
0.9921	-0.07605	0.1757
0.9824	-0.06405	0.2015
0.9982	-0.06615	0.2186
1.003	-0.05474	0.2034
1.007	-0.03769	0.2065
1.01	-0.03538	0.2153
1.007	-0.03224	0.2095
1.017	-0.03176	0.2038
1.022	-0.04034	0.1786
1.019	-0.06039	0.1663
1.011	-0.07256	0.1803
0.9971	-0.07021	0.1875
0.9993	-0.07677	0.1956
1.014	-0.07719	0.1906
1.019	-0.07258	0.1838
1.01	-0.07734	0.1909
1.002	-0.06994	0.1909
0.9993	-0.05312	0.2046
0.9952	-0.03938	0.2137
1.002	-0.03036	0.1998
1.011	-0.03051	0.2033
1.01	-0.04131	0.2104
1.012	-0.05909	0.2035
1.01	-0.06768	0.189
1.005	-0.07367	0.1766
1.006	-0.08372	0.1841
1.003	-0.07835	0.1846
1.003	-0.06468	0.1759
1.01	-0.05749	0.1797
1.016	-0.05703	0.1849
1.017	-0.05829	0.1986
1.008	-0.05885	0.2105
1.001	-0.06282	0.2065
1.003	-0.05532	0.2005
1.002	-0.03968	0.1961
1.002	-0.03457	0.2029
1.001	-0.03249	0.2065
1.003	-0.03963	0.1968
1.017	-0.05847	0.1938
1.021	-0.06887	0.1901
1.006	-0.0717	0.1895
0.9999	-0.07501	0.1955
1.006	-0.07063	0.1944
1.006	-0.06104	0.1927
1.013	-0.06411	0.1846
1.021	-0.07516	0.1757
1.018	-0.07744	0.1791
1.007	-0.07217	0.1804
1.002	-0.06539	0.1838
1.003	-0.06216	0.192
0.9931	-0.06418	0.1973
0.9892	-0.05527	0.2074
1.005	-0.02092	0.2195
1.008	0.003782	0.2229
1.008	-0.012	0.2143
1.012	-0.03631	0.2055
1.009	-0.05303	0.203
1.012	-0.06895	0.1941
1.014	-0.0866	0.1773
1.01	-0.1088	0.1636
1.014	-0.1115	0.1642
1.012	-0.09657	0.1706
1.005	-0.08044	0.1766
1.003	-0.05832	0.1942
1.005	-0.04084	0.2085
1.005	-0.02638	0.2109
1.002	-0.01828	0.2118
1.004	-0.02634	0.2104
1.009	-0.03937	0.2068
1.012	-0.0536	0.1973
1.009	-0.05908	0.1912
1.006	-0.05841	0.1924
1.005	-0.0673	0.1892
1.005	-0.08171	0.1871
1.006	-0.08882	0.1847
1.008	-0.07941	0.1821
1.007	-0.06953	0.1863
1.009	-0.06423	0.1903
1.011	-0.05626	0.1935
1.01	-0.05175	0.1971
1.006	-0.04194	0.2005
1.003	-0.0369	0.2041
1.003	-0.04038	0.207
1.002	-0.0373	0.2092
1.003	-0.04147	0.1988
1.009	-0.05471	0.1797
1.016	-0.07415	0.1771
1.017	-0.09167	0.1864
1.011	-0.08748	0.1901
1.008	-0.07565	0.1908
1.007	-0.06767	0.1894
1.004	-0.05871	0.1891
1.005	-0.03347	0.1979
1.01	-0.04054	0.1974
1.011	-0.04948	0.2048
1.004	-0.05689	0.2109
0.9983	-0.06628	0.2023
1.001	-0.0625	0.1932
1.002	-0.04887	0.1872
1.003	-0.04425	0.1937
1.003	-0.04142	0.1982
1.006	-0.04692	0.1902
1.019	-0.06359	0.1893
1.024	-0.07162	0.1878
1.008	-0.07218	0.1893
1.001	-0.07354	0.1972
1.006	-0.06765	0.1974
1.007	-0.05709	0.1966
1.013	-0.05971	0.1888
1.021	-0.0708	0.1798
1.017	-0.07352	0.1828
1.006	-0.06898	0.1833
1.001	-0.0631	0.1859
1.002	-0.06083	0.1931
0.9922	-0.06378	0.1975
0.9886	-0.05568	0.2069
1.005	-0.02197	0.2184
1.008	0.002293	0.2214
1.008	-0.01373	0.2126
1.012	-0.03808	0.2038
1.01	-0.05468	0.2014
1.013	-0.07035	0.1928
1.014	-0.08767	0.1763
1.011	-0.1095	0.163
1.014	-0.1119	0.1639
1.012	-0.09659	0.1706
1.005	-0.08017	0.1769
1.004	-0.05786	0.1946
1.005	-0.04025	0.209
1.005	-0.02573	0.2115
1.002	-0.01765	0.2124
1.004	-0.02578	0.2109
1.009	-0.03891	0.2072
1.011	-0.05327	0.1976
1.009	-0.05888	0.1914
1.005	-0.05835	0.1924
1.005	-0.06735	0.1891
1.005	-0.08185	0.187
1.006	-0.08902	0.1846
1.008	-0.07964	0.1819
1.007	-0.06977	0.1861
1.009	-0.06445	0.1901
1.011	-0.05644	0.1933
1.01	-0.05189	0.1969
1.007	-0.04204	0.2004
1.003	-0.03695	0.2041
1.003	-0.04039	0.207
1.002	-0.03727	0.2092
1.003	-0.04141	0.1988
1.009	-0.05463	0.1798
1.016	-0.07406	0.1772
1.017	-0.09158	0.1865
1.011	-0.08741	0.1902
1.008	-0.07559	0.1908
1.007	-0.06763	0.1894
1.004	-0.05868	0.1891
1.004	-0.04795	0.1992
1.006	-0.03914	0.2061
1.008	-0.03994	0.2033
1.008	-0.04238	0.2021
1.005	-0.04397	0.1974
1.003	-0.05175	0.1934
1.002	-0.06145	0.1931
1.003	-0.06862	0.1895
1.01	-0.07253	0.1907
1.013	-0.07358	0.1911
1.01	-0.06705	0.1895
1.008	-0.05824	0.1935
1.006	-0.05547	0.193
1.004	-0.05193	0.1909
1.008	-0.05576	0.1912
1.009	-0.06485	0.1914
1.006	-0.06288	0.1947
1.007	-0.05806	0.1979
1.009	-0.05342	0.1996
1.011	-0.0524	0.1966
1.01	-0.0596	0.1929
1.007	-0.06252	0.1918
1.004	-0.05981	0.1911
1.004	-0.0537	0.1971
1.007	-0.05118	0.1993
1.009	-0.05774	0.1946
1.008	-0.05975	0.1951
1.008	-0.05875	0.1927
1.007	-0.05884	0.1925
1.006	-0.05605	0.1978
1.007	-0.05805	0.194
1.006	-0.06182	0.1875
1.006	-0.06108	0.1878
1.008	-0.06109	0.1903
1.008	-0.06257	0.1909
1.007	-0.0625	0.1909
1.005	-0.06006	0.1947
1.005	-0.05733	0.1978
1.007	-0.05558	0.1976
1.008	-0.05538	0.1989
1.007	-0.05717	0.2013
1.008	-0.05744	0.1985
1.013	-0.05661	0.19
1.013	-0.05629	0.1875
1.005	-0.05668	0.1942
1.004	-0.05942	0.196
1.006	-0.0592	0.1922
1.006	-0.05622	0.1934
1.005	-0.05672	0.1952
1.006	-0.05794	0.196
1.007	-0.05812	0.1967
1.008	-0.05887	0.1907
1.008	-0.06153	0.1883
1.008	-0.06328	0.1933
1.009	-0.06111	0.1913
1.01	-0.06002	0.1886
1.009	-0.05884	0.1933
1.007	-0.05596	0.1977
1.005	-0.05488	0.1974
1.004	-0.05463	0.1943
1.004	-0.05759	0.1934
1.006	-0.06115	0.1943
1.008	-0.06067	0.1947
1.008	-0.06039	0.1967
0.9996	-0.0643	0.2051
1.009	-0.0566	0.2004
1.014	-0.05553	0.1922
1.015	-0.05434	0.19
1.011	-0.05154	0.187
1.007	-0.05492	0.1862
1.004	-0.06073	0.1895
1.004	-0.06485	0.1892
1.009	-0.06672	0.1932
1.011	-0.06675	0.1955
1.007	-0.06011	0.195
1.004	-0.05193	0.1993
1.002	-0.05034	0.1982
1.002	-0.0483	0.1952
1.006	-0.05374	0.1942
1.008	-0.06438	0.1931
1.006	-0.06375	0.195
1.007	-0.05997	0.1971
1.01	-0.05603	0.1979
1.012	-0.05535	0.1943
1.012	-0.06257	0.1904
1.009	-0.06523	0.1893
1.006	-0.06207	0.1888
1.005	-0.05537	0.1952
1.008	-0.05222	0.1979
1.009	-0.05815	0.1938
1.008	-0.05961	0.1948
1.008	-0.05817	0.1929
1.007	-0.05794	0.1931
1.005	-0.05496	0.1987
1.006	-0.05691	0.195
1.006	-0.06073	0.1886
1.006	-0.06013	0.1887
1.008	-0.06034	0.1912
1.007	-0.06205	0.1915
1.006	-0.06222	0.1914
1.005	-0.06001	0.1949
1.005	-0.05746	0.1978
1.007	-0.05586	0.1975
1.008	-0.05575	0.1987
1.007	-0.05758	0.2009
1.009	-0.05785	0.1981
1.013	-0.05698	0.1897
1.013	-0.0566	0.1871
1.005	-0.05691	0.1939
1.004	-0.05957	0.1958
1.006	-0.05926	0.1921
1.006	-0.0562	0.1934
1.005	-0.05664	0.1952
1.006	-0.05782	0.196
1.007	-0.05798	0.1968
1.008	-0.05871	0.1908
1.008	-0.06138	0.1884
1.008	-0.06315	0.1934
1.008	-0.06102	0.1914
1.01	-0.05996	0.1887
1.009	-0.0588	0.1934
1.007	-0.05595	0.1977
1.005	-0.05489	0.1974
1.004	-0.05467	0.1943
1.004	-0.05764	0.1934
1.006	-0.0612	0.1943
1.008	-0.06073	0.1947
1.008	-0.06044	0.1967
1.009	-0.0598	0.198
1.009	-0.0588	0.1968
1.007	-0.05849	0.1961
1.006	-0.05662	0.1959
1.007	-0.05678	0.1937
1.007	-0.05832	0.1915
1.007	-0.05746	0.1903
1.007	-0.05557	0.1907
1.009	-0.05589	0.1917
1.012	-0.06174	0.1907
1.012	-0.0644	0.1917
1.008	-0.05862	0.1947
1.004	-0.05593	0.1944
1.004	-0.05645	0.1904
1.005	-0.0561	0.1901
1.006	-0.05866	0.1971
1.007	-0.06019	0.1991
1.007	-0.05977	0.1962
1.006	-0.05951	0.1983
1.005	-0.05778	0.1971
1.007	-0.05875	0.19
1.007	-0.05929	0.1883
1.007	-0.05628	0.1953
1.011	-0.05752	0.2013
1.012	-0.0586	0.199
1.009	-0.05823	0.1935
1.007	-0.0618	0.1905
1.006	-0.06083	0.1913
1.006	-0.05711	0.1914
1.008	-0.05695	0.1896
1.008	-0.05702	0.1914
1.006	-0.05697	0.1932
1.006	-0.05628	0.1951
1.006	-0.05766	0.1981
1.008	-0.0591	0.1957
1.009	-0.05762	0.19
1.007	-0.0584	0.1887
1.006	-0.06157	0.1937
1.007	-0.06877	0.1963
1.005	-0.06931	0.1958
1.005	-0.05341	0.1997
1.01	-0.04537	0.1995
1.011	-0.05113	0.1959
1.008	-0.05386	0.1954
1.007	-0.05786	0.192
1.007	-0.06126	0.1892
1.006	-0.06012	0.1904
1.005	-0.06185	0.193
1.007	-0.06257	0.195
1.008	-0.06121	0.1927
1.009	-0.05864	0.1902
1.009	-0.05475	0.1915
1.008	-0.05739	0.1947
1.006	-0.06163	0.1975
1.004	-0.06108	0.1969
1.005	-0.05804	0.1951
1.007	-0.05569	0.1936
1.008	-0.05763	0.1926
1.008	-0.05758	0.1939
1.008	-0.056	0.1935
1.008	-0.05743	0.1914
1.009	-0.05754	0.1931
1.009	-0.05813	0.1988
1.004	-0.05988	0.2003
1.006	-0.0582	0.1858
1.008	-0.06016	0.1912
1.007	-0.06103	0.195
1.006	-0.05924	0.1974
1.007	-0.05886	0.1966
1.007	-0.05959	0.1949
1.007	-0.0579	0.1935
1.007	-0.05529	0.1933
1.009	-0.0551	0.1935
1.012	-0.06065	0.1917
1.012	-0.06322	0.1919
1.008	-0.05753	0.1944
1.004	-0.05504	0.1937
1.004	-0.05585	0.1893
1.005	-0.0558	0.189
1.006	-0.05865	0.196
1.007	-0.06043	0.198
1.007	-0.0602	0.1954
1.006	-0.06005	0.1978
1.005	-0.05836	0.1968
1.007	-0.05931	0.19
1.007	-0.05978	0.1885
1.007	-0.05666	0.1956
1.011	-0.05778	0.2017
1.012	-0.05872	0.1994
1.009	-0.05823	0.1939
1.007	-0.06169	0.1909
1.006	-0.06064	0.1916
1.006	-0.05687	0.1916
1.008	-0.05669	0.1898
1.008	-0.05677	0.1914
1.006	-0.05675	0.1932
1.006	-0.05609	0.195
1.006	-0.05752	0.1979
1.008	-0.05902	0.1955
1.009	-0.05759	0.1898
1.007	-0.05842	0.1886
1.006	-0.06162	0.1936
1.007	-0.06884	0.1962
1.005	-0.0694	0.1957
1.005	-0.0535	0.1996
1.01	-0.04546	0.1995
1.011	-0.0512	0.1959
1.008	-0.05392	0.1954
1.007	-0.0579	0.1921
1.007	-0.06128	0.1893
1.006	-0.06012	0.1905
1.005	-0.06184	0.193
1.007	-0.06254	0.195
1.008	-0.06118	0.1927
1.009	-0.05861	0.1902
1.009	-0.05472	0.1915
1.008	-0.05736	0.1947
1.006	-0.06161	0.1975
1.004	-0.06106	0.1969
1.005	-0.05803	0.1951
1.007	-0.05569	0.1936
1.008	-0.05763	0.1926
1.008	-0.05759	0.1939
1.008	-0.05601	0.1935
1.008	-0.05744	0.1914
1.009	-0.05755	0.1931
1.009	-0.05815	0.1988
1.004	-0.05989	0.2003
1.001	-0.06127	0.1916
1.007	-0.06146	0.1868
1.012	-0.05907	0.1918
1.012	-0.05667	0.1951
1.008	-0.05482	0.1961
1.005	-0.05518	0.1948
1.007	-0.0581	0.1939
1.006	-0.06055	0.196
1.005	-0.06123	0.1945
1.007	-0.06015	0.1936
1.009	-0.05987	0.1946
1.008	-0.05873	0.194
1.006	-0.05552	0.1955
1.005	-0.05534	0.1943
1.01	-0.05947	0.1883
1.01	-0.06142	0.187
1.006	-0.05897	0.1935
1.005	-0.05974	0.1965
1.006	-0.0597	0.1943
1.006	-0.05472	0.1962
1.006	-0.05518	0.1951
1.007	-0.05875	0.1937
1.007	-0.05816	0.1989
1.008	-0.05509	0.1989
1.009	-0.05516	0.1944
1.01	-0.06242	0.1916
1.01	-0.06652	0.1889
1.007	-0.06358	0.1867
1.005	-0.06058	0.1873
1.006	-0.05593	0.1952
1.006	-0.05336	0.205
1.006	-0.05502	0.2046
1.007	-0.0556	0.1945
1.008	-0.05645	0.1885
1.009	-0.05741	0.1903
1.009	-0.05991	0.1902
1.007	-0.06331	0.1916
1.005	-0.06145	0.1935
1.006	-0.05902	0.1918
1.009	-0.05806	0.1967
1.009	-0.05684	0.199
1.005	-0.05721	0.1954
1.003	-0.05697	0.1965
1.005	-0.05861	0.1939
1.008	-0.06103	0.1914
1.009	-0.05913	0.1931
1.01	-0.05564	0.1914
1.009	-0.05534	0.192
1.008	-0.06003	0.1941
1.008	-0.06256	0.1949
1.009	-0.05988	0.1957
1.009	-0.05625	0.1928
1.005	-0.05395	0.1906
1.002	-0.05742	0.1921
1.004	-0.06142	0.1952
1.004	-0.06117	0.1977
1.007	-0.06028	0.1967
1.01	-0.05787	0.1951
1.009	-0.05766	0.1951
1.009	-0.05859	0.1944
1.009	-0.05613	0.1928
1.007	-0.05591	0.1925
1.009	-0.05734	0.1948
1.009	-0.05809	0.1947
1.005	-0.05467	0.1939
1.008	-0.06137	0.1855
1.011	-0.06233	0.1895
1.009	-0.06107	0.1932
1.005	-0.05894	0.1952
1.003	-0.05824	0.1952
1.005	-0.05975	0.1954
1.005	-0.0608	0.1982
1.004	-0.06029	0.1971
1.007	-0.05835	0.1961
1.009	-0.05758	0.1967
1.009	-0.05631	0.1956
1.007	-0.05327	0.1964
1.006	-0.05348	0.1946
1.011	-0.05816	0.1879
1.011	-0.06069	0.1861
1.007	-0.05883	0.1923
1.006	-0.0601	0.195
1.007	-0.06046	0.1929
1.006	-0.05573	0.1948
1.006	-0.05632	0.194
1.006	-0.0599	0.1929
1.007	-0.0592	0.1984
1.008	-0.05595	0.1987
1.009	-0.05579	0.1945
1.01	-0.06281	0.1919
1.01	-0.06666	0.1894
1.007	-0.06351	0.1873
1.005	-0.06033	0.1879
1.006	-0.05556	0.1958
1.006	-0.05292	0.2056
1.006	-0.05456	0.205
1.007	-0.05517	0.1948
1.009	-0.05607	0.1886
1.01	-0.05711	0.1903
1.009	-0.05971	0.1901
1.007	-0.0632	0.1914
1.005	-0.06143	0.1933
1.006	-0.05908	0.1916
1.009	-0.05817	0.1965
1.009	-0.05699	0.1988
1.005	-0.05738	0.1953
1.003	-0.05714	0.1964
1.005	-0.05876	0.1938
1.008	-0.06115	0.1914
1.009	-0.05922	0.1931
1.01	-0.0557	0.1915
1.009	-0.05536	0.192
1.008	-0.06002	0.1942
1.008	-0.06253	0.195
1.009	-0.05983	0.1957
1.009	-0.05619	0.1929
1.005	-0.05389	0.1906
1.002	-0.05736	0.1922
1.004	-0.06137	0.1952
1.004	-0.06113	0.1977
1.007	-0.06025	0.1967
1.01	-0.05786	0.1951
1.009	-0.05766	0.195
1.009	-0.0586	0.1943
1.009	-0.05615	0.1927
1.007	-0.05593	0.1925
1.009	-0.05737	0.1948
1.009	-0.05812	0.1947
1.007	-0.05957	0.1908
1.008	-0.05895	0.1894
1.007	-0.05729	0.1905
1.007	-0.05695	0.1908
1.006	-0.05933	0.1909
1.005	-0.06636	0.1936
1.006	-0.06857	0.199
1.005	-0.05906	0.2038
1.004	-0.0518	0.2042
1.005	-0.05354	0.1975
1.007	-0.05573	0.1919
1.009	-0.05675	0.1927
1.01	-0.05462	0.1922
1.009	-0.0528	0.1914
1.008	-0.05816	0.1912
1.007	-0.06202	0.1867
1.007	-0.06304	0.1866
1.01	-0.06486	0.1906
1.01	-0.0624	0.1919
1.008	-0.05792	0.1996
1.007	-0.0552	0.2036
1.005	-0.05607	0.1953
1.005	-0.05829	0.1943
1.008	-0.05815	0.195
1.008	-0.0578	0.1902
1.005	-0.05531	0.1928
1.006	-0.05381	0.1968
1.011	-0.05751	0.1972
1.011	-0.06267	0.1948
1.004	-0.06591	0.1902
1.001	-0.06161	0.1898
1.004	-0.0576	0.1919
1.005	-0.05981	0.1962
1.009	-0.05783	0.197
1.012	-0.05521	0.194
1.01	-0.05374	0.1934
1.008	-0.05222	0.1897
1.007	-0.05702	0.1892
1.007	-0.06049	0.1947
1.012	-0.06057	0.1986
1.012	-0.06169	0.2009
1.005	-0.06131	0.1992
1.002	-0.0618	0.1981
1.004	-0.06044	0.195
1.005	-0.05496	0.1864
1.006	-0.05345	0.1868
1.008	-0.05857	0.192
1.007	-0.06161	0.1958
1.008	-0.06055	0.1966
1.008	-0.06232	0.1864
1.006	-0.06079	0.1834
1.009	-0.05489	0.1948
1.011	-0.05447	0.198
1.009	-0.05462	0.1963
1.008	-0.05274	0.1991
1.006	-0.05348	0.1966
1.007	-0.05779	0.1954
1.006	-0.06421	0.1996
1.005	-0.06496	0.1996
1.006	-0.06039	0.1974
1.005	-0.05885	0.192
1.007	-0.05936	0.1857
1.008	-0.05771	0.1876
1.005	-0.05532	0.1931
1.005	-0.0565	0.1977
1.009	-0.05932	0.193
1.01	-0.05899	0.1916
1.01	-0.05868	0.19
1.01	-0.06042	0.1889
1.008	-0.06656	0.1911
1.008	-0.06792	0.1965
1.006	-0.05776	0.2017
1.004	-0.05013	0.2027
1.005	-0.05177	0.1967
1.006	-0.05412	0.1918
1.008	-0.05547	0.1933
1.008	-0.05378	0.1933
1.007	-0.05245	0.1928
1.007	-0.05827	0.1927
1.006	-0.06252	0.1881
1.006	-0.06384	0.1879
1.009	-0.06583	0.1917
1.01	-0.06342	0.1926
1.008	-0.0589	0.1999
1.007	-0.05606	0.2036
1.006	-0.05674	0.1951
1.006	-0.05874	0.1939
1.008	-0.05838	0.1944
1.008	-0.05781	0.1896
1.006	-0.05514	0.1922
1.007	-0.05351	0.1962
1.011	-0.05712	0.1968
1.011	-0.06225	0.1944
1.004	-0.06548	0.19
1.001	-0.06123	0.1897
1.004	-0.05728	0.192
1.005	-0.05957	0.1963
1.008	-0.05768	0.1972
1.012	-0.05515	0.1942
1.009	-0.05376	0.1937
1.008	-0.0523	0.19
1.007	-0.05714	0.1894
1.007	-0.06064	0.1949
1.012	-0.06073	0.1987
1.012	-0.06184	0.201
1.005	-0.06144	0.1992
1.002	-0.0619	0.1981
1.004	-0.06051	0.1949
1.005	-0.05499	0.1864
1.006	-0.05345	0.1867
1.008	-0.05855	0.1919
1.007	-0.06158	0.1957
1.008	-0.0605	0.1965
1.008	-0.06226	0.1863
1.006	-0.06073	0.1833
1.009	-0.05484	0.1948
1.011	-0.05443	0.198
1.009	-0.05459	0.1963
1.008	-0.05272	0.1991
1.006	-0.05347	0.1967
1.007	-0.05779	0.1954
1.006	-0.06422	0.1996
1.005	-0.06497	0.1996
1.006	-0.06041	0.1974
1.005	-0.05887	0.192
1.007	-0.05938	0.1857
1.008	-0.05773	0.1876
1.005	-0.05533	0.1931
1.004	-0.05612	0.196
1.006	-0.06072	0.1946
1.012	-0.06419	0.1955
1.016	-0.06174	0.1972
1.012	-0.05718	0.1901
1.007	-0.05539	0.1854
1.004	-0.05603	0.1868
1.003	-0.05798	0.1899
1.006	-0.05879	0.1977
1.008	-0.05996	0.1989
1.009	-0.05917	0.196
1.008	-0.0526	0.1976
1.007	-0.05185	0.1972
1.006	-0.05997	0.1987
1.006	-0.06249	0.1986
1.007	-0.0585	0.1962
1.008	-0.05832	0.1982
1.009	-0.0593	0.1962
1.008	-0.05991	0.1915
1.005	-0.06492	0.1872
1.004	-0.06456	0.1833
1.005	-0.05685	0.1855
1.007	-0.05366	0.1874
1.008	-0.0544	0.1924
1.008	-0.05513	0.2017
1.008	-0.05609	0.203
1.008	-0.05777	0.1982
1.009	-0.05966	0.1923
1.011	-0.06018	0.1891
1.009	-0.0583	0.191
1.004	-0.05586	0.196
1.002	-0.05744	0.199
1.005	-0.0601	0.1962
1.007	-0.05951	0.196
1.008	-0.05929	0.1961
1.009	-0.06269	0.1931
1.009	-0.06434	0.1937
1.008	-0.06051	0.1927
1.008	-0.06004	0.1917
1.007	-0.06091	0.1915
1.006	-0.0568	0.1897
1.006	-0.05319	0.192
1.008	-0.05078	0.1917
1.009	-0.05264	0.1903
1.007	-0.05572	0.1936
1.007	-0.05557	0.1965
1.006	-0.05866	0.1995
1.005	-0.05969	0.1988
1.007	-0.0597	0.1979
1.009	-0.06241	0.1997
1.008	-0.06136	0.1977
1.008	-0.06119	0.1955
1.007	-0.06233	0.1898
1.007	-0.06269	0.1851
1.008	-0.06199	0.1887
1.008	-0.0567	0.1886
1.008	-0.05429	0.1882
1.007	-0.05573	0.1924
1.007	-0.05509	0.1977
1.007	-0.05551	0.2023
1.007	-0.05639	0.1969
1.006	-0.05705	0.1931
1.005	-0.06062	0.1961
1.004	-0.06234	0.1937
1.004	-0.04987	0.2025
1.006	-0.05905	0.1933
1.013	-0.0652	0.191
1.017	-0.06404	0.1924
1.012	-0.05981	0.1864
1.007	-0.05774	0.1835
1.003	-0.05778	0.1867
1.002	-0.05898	0.1912
1.005	-0.05907	0.1999
1.007	-0.05963	0.2015
1.008	-0.05839	0.1986
1.008	-0.05155	0.1998
1.007	-0.0507	0.1987
1.006	-0.05887	0.1994
1.006	-0.06155	0.1985
1.008	-0.0578	0.1954
1.008	-0.05788	0.197
1.01	-0.05914	0.1946
1.009	-0.05998	0.1898
1.006	-0.06519	0.1855
1.005	-0.06497	0.1819
1.006	-0.05734	0.1844
1.007	-0.05416	0.1866
1.008	-0.05488	0.192
1.008	-0.05553	0.2017
1.008	-0.0564	0.2033
1.008	-0.05797	0.1988
1.009	-0.05975	0.193
1.01	-0.06017	0.1899
1.009	-0.05821	0.1918
1.004	-0.05571	0.1967
1.002	-0.05725	0.1996
1.005	-0.0599	0.1966
1.007	-0.05932	0.1963
1.008	-0.05912	0.1962
1.009	-0.06255	0.193
1.009	-0.06424	0.1936
1.008	-0.06045	0.1925
1.008	-0.06002	0.1915
1.007	-0.06093	0.1912
1.006	-0.05684	0.1894
1.006	-0.05325	0.1918
1.008	-0.05085	0.1916
1.009	-0.05272	0.1902
1.007	-0.05579	0.1936
1.007	-0.05563	0.1964
1.006	-0.05871	0.1995
1.005	-0.05972	0.1989
1.007	-0.05971	0.1979
1.009	-0.06241	0.1998
1.008	-0.06135	0.1978
1.008	-0.06117	0.1955
1.007	-0.06231	0.1899
1.007	-0.06266	0.1852
1.008	-0.06197	0.1888
1.008	-0.05668	0.1886
1.008	-0.05427	0.1882
1.007	-0.05571	0.1923
1.007	-0.05508	0.1976
1.007	-0.05551	0.2023
1.007	-0.05639	0.1969
1.006	-0.05705	0.1931
1.005	-0.06063	0.1961
1.004	-0.06235	0.1937
1.007	-0.05935	0.1923
1.011	-0.05854	0.1915
1.011	-0.05942	0.1911
1.006	-0.058	0.1956
1.004	-0.05791	0.1959
1.009	-0.05724	0.1956
1.01	-0.05424	0.1998
1.007	-0.05511	0.1999
1.007	-0.05945	0.1929
1.008	-0.06223	0.1887
1.008	-0.06375	0.1917
1.009	-0.06371	0.1907
1.008	-0.0592	0.1887
1.006	-0.05457	0.1931
1.004	-0.05427	0.1959
1.004	-0.05522	0.1956
1.008	-0.05887	0.1906
1.011	-0.06173	0.1865
1.009	-0.05841	0.1936
1.009	-0.05767	0.1993
1.003	-0.05769	0.2022
1.001	-0.05632	0.204
1.009	-0.06198	0.1932
1.012	-0.06258	0.1881
1.007	-0.05378	0.1951
1.009	-0.05294	0.1944
1.009	-0.06013	0.1921
1.007	-0.06389	0.1897
1.008	-0.06206	0.1871
1.007	-0.0585	0.1952
1.007	-0.05599	0.2
1.008	-0.0555	0.1998
1.007	-0.0559	0.2016
1.006	-0.05533	0.1909
1.005	-0.05264	0.1821
1.004	-0.05313	0.185
1.005	-0.06652	0.1855
1.008	-0.07416	0.1961
1.012	-0.06423	0.2041
1.01	-0.06124	0.1947
1.007	-0.0592	0.1969
1.006	-0.0512	0.2034
1.006	-0.05229	0.2007
1.007	-0.05174	0.1973
1.006	-0.05137	0.1875
1.007	-0.05556	0.1846
1.008	-0.05775	0.1917
1.007	-0.06547	0.1954
1.008	-0.06725	0.1951
1.009	-0.06008	0.1904
1.009	-0.05811	0.1908
1.009	-0.05765	0.1921
1.007	-0.05902	0.1884
1.007	-0.05998	0.1918
1.005	-0.05671	0.1977
1.003	-0.05674	0.2011
1.005	-0.05857	0.201
1.005	-0.0574	0.1963
1.005	-0.05575	0.1939
1.006	-0.0564	0.1928
1.011	-0.05816	0.193
1.013	-0.05911	0.1937
1.011	-0.05992	0.1928
1.01	-0.06008	0.1929
1.008	-0.06428	0.1877
1.01	-0.05973	0.1914
1.008	-0.05856	0.193
1.003	-0.05626	0.198
1.001	-0.05604	0.1978
1.006	-0.05567	0.1967
1.007	-0.05318	0.2
1.005	-0.0546	0.1994
1.006	-0.05945	0.1918
1.008	-0.06262	0.1874
1.009	-0.06439	0.1904
1.01	-0.06445	0.1896
1.009	-0.05993	0.1879
1.007	-0.05521	0.1927
1.005	-0.05474	0.1959
1.005	-0.0555	0.1959
1.009	-0.05896	0.1912
1.011	-0.06164	0.1873
1.01	-0.05819	0.1944
1.009	-0.05736	0.2001
1.003	-0.05733	0.2029
1	-0.05595	0.2046
1.009	-0.06164	0.1936
1.012	-0.06231	0.1884
1.007	-0.05357	0.1951
1.009	-0.05282	0.1942
1.009	-0.0601	0.1919
1.006	-0.06393	0.1894
1.008	-0.06215	0.1867
1.007	-0.05863	0.1948
1.007	-0.05614	0.1997
1.008	-0.05566	0.1995
1.007	-0.05605	0.2013
1.006	-0.05546	0.1908
1.005	-0.05274	0.182
1.004	-0.0532	0.185
1.005	-0.06656	0.1855
1.009	-0.07416	0.1962
1.012	-0.06421	0.2043
1.01	-0.0612	0.1948
1.007	-0.05914	0.197
1.006	-0.05115	0.2036
1.006	-0.05223	0.2008
1.007	-0.05169	0.1973
1.006	-0.05132	0.1875
1.006	-0.05552	0.1846
1.008	-0.05773	0.1917
1.007	-0.06547	0.1954
1.008	-0.06726	0.195
1.009	-0.06009	0.1904
1.009	-0.05813	0.1908
1.009	-0.05767	0.1921
1.007	-0.05904	0.1883
1.007	-0.06	0.1918
1.005	-0.05672	0.1977
1.003	-0.05676	0.2011
1.005	-0.05858	0.201
1.005	-0.05741	0.1963
1.005	-0.05575	0.1939
1.006	-0.0564	0.1928
1.011	-0.05815	0.1931
1.013	-0.0591	0.1937
1.011	-0.05991	0.1928
1.01	-0.06007	0.193
1.008	-0.0588	0.193
1.006	-0.05823	0.1958
1.007	-0.06031	0.1953
1.007	-0.06193	0.1862
1.006	-0.06114	0.1847
1.006	-0.05888	0.1955
1.006	-0.05543	0.2012
1.007	-0.05421	0.1979
1.007	-0.05461	0.1966
1.005	-0.05555	0.1952
1.004	-0.05973	0.1926
1.006	-0.06289	0.1943
1.007	-0.06224	0.1937
1.008	-0.0585	0.1927
1.009	-0.05556	0.1936
1.009	-0.05733	0.1922
1.009	-0.05679	0.1932
1.009	-0.05678	0.1942
1.009	-0.06156	0.1926
1.007	-0.06174	0.1935
1.005	-0.05939	0.1953
1.006	-0.05795	0.1942
1.007	-0.0563	0.1918
1.006	-0.05658	0.1932
1.007	-0.05647	0.1963
1.009	-0.05819	0.1958
1.01	-0.05974	0.1951
1.008	-0.05756	0.1998
1.007	-0.05911	0.2005
1.009	-0.06372	0.1903
1.009	-0.06356	0.186
1.008	-0.05713	0.1874
1.006	-0.05303	0.1859
1.003	-0.05526	0.1941
1.004	-0.05567	0.2011
1.006	-0.05726	0.1963
1.007	-0.06034	0.1955
1.007	-0.05944	0.1958
1.007	-0.05945	0.193
1.007	-0.05726	0.1942
1.007	-0.05689	0.1954
1.011	-0.06526	0.1953
1.013	-0.06639	0.195
1.008	-0.05773	0.1934
1.003	-0.0552	0.1923
1.003	-0.0568	0.1924
1.008	-0.05461	0.1934
1.012	-0.05455	0.1936
1.01	-0.05707	0.1934
1.009	-0.05736	0.1947
1.007	-0.05849	0.1938
1.003	-0.05949	0.1914
1.005	-0.06015	0.1903
1.006	-0.06005	0.192
1.007	-0.05777	0.1961
1.01	-0.05832	0.197
1.01	-0.05948	0.1955
1.006	-0.05936	0.1944
1.004	-0.05964	0.1933
1.006	-0.06044	0.1952
1.007	-0.06074	0.1979
1.007	-0.05613	0.1988
1.009	-0.05478	0.1973
1.008	-0.05918	0.1912
1.004	-0.05827	0.2054
1.005	-0.05698	0.1928
1.009	-0.05883	0.1853
1.011	-0.0606	0.1749
1.01	-0.06017	0.1753
1.01	-0.05839	0.1896
1.009	-0.05542	0.1993
1.008	-0.05464	0.1995
1.008	-0.05537	0.2009
1.005	-0.05652	0.2011
1.004	-0.06079	0.1991
1.005	-0.06391	0.2005
1.006	-0.06314	0.1989
1.006	-0.05921	0.1965
1.007	-0.05604	0.1958
1.008	-0.05757	0.1927
1.008	-0.05681	0.1922
1.008	-0.05661	0.1921
1.009	-0.06125	0.1898
1.007	-0.06133	0.1903
1.006	-0.05894	0.1921
1.006	-0.0575	0.1913
1.007	-0.0559	0.1894
1.007	-0.05625	0.1914
1.007	-0.05623	0.1952
1.009	-0.05804	0.1954
1.01	-0.05968	0.1953
1.008	-0.05758	0.2005
1.007	-0.0592	0.2015
1.009	-0.06385	0.1916
1.009	-0.06372	0.1874
1.008	-0.05729	0.1887
1.006	-0.05319	0.187
1.003	-0.05539	0.195
1.004	-0.05577	0.2017
1.006	-0.05733	0.1966
1.007	-0.06038	0.1955
1.007	-0.05944	0.1957
1.007	-0.05943	0.1927
1.006	-0.05722	0.1938
1.007	-0.05683	0.1949
1.011	-0.0652	0.1948
1.013	-0.06633	0.1946
1.008	-0.05768	0.193
1.003	-0.05515	0.1921
1.003	-0.05677	0.1922
1.008	-0.05459	0.1933
1.012	-0.05454	0.1937
1.01	-0.05707	0.1935
1.009	-0.05737	0.1949
1.007	-0.05851	0.194
1.003	-0.05951	0.1916
1.005	-0.06017	0.1904
1.006	-0.06007	0.1921
1.007	-0.05778	0.1963
1.01	-0.05833	0.197
1.01	-0.05949	0.1956
1.006	-0.05937	0.1944
1.004	-0.05964	0.1932
1.006	-0.06044	0.1951
1.007	-0.06073	0.1978
1.007	-0.05612	0.1988
1.009	-0.05477	0.1972
1.008	-0.05917	0.1912
1.008	-0.05925	0.1882
1.008	-0.05807	0.1924
1.005	-0.05757	0.193
1.006	-0.0563	0.1899
1.008	-0.05668	0.1912
1.008	-0.05874	0.1924
1.008	-0.06133	0.1929
1.008	-0.06169	0.1955
1.009	-0.06006	0.1959
1.008	-0.05673	0.1969
1.008	-0.05342	0.1975
1.007	-0.05479	0.1932
1.007	-0.05843	0.1917
1.007	-0.06174	0.1957
1.005	-0.06311	0.1974
1.006	-0.06112	0.1956
1.007	-0.05926	0.1918
1.005	-0.0578	0.1882
1.006	-0.0551	0.1907
1.008	-0.05294	0.1953
1.009	-0.05499	0.1949
1.01	-0.05992	0.1951
1.008	-0.06157	0.1971
1.009	-0.06082	0.1957
1.009	-0.06056	0.1922
1.008	-0.06118	0.1916
1.007	-0.06039	0.1945
1.003	-0.05665	0.1981
1.004	-0.05617	0.1974
1.007	-0.05748	0.1932
1.008	-0.05707	0.1925
1.005	-0.05833	0.1936
1.005	-0.05772	0.1918
1.009	-0.05647	0.1907
1.01	-0.05675	0.1907
1.009	-0.05627	0.1897
1.008	-0.05945	0.1903
1.006	-0.06164	0.194
1.006	-0.05942	0.1974
1.007	-0.05902	0.1972
1.009	-0.05883	0.1947
1.012	-0.06073	0.1942
1.011	-0.06258	0.1973
1.007	-0.05955	0.1975
1.001	-0.06098	0.1949
1.002	-0.0621	0.1953
1.007	-0.05447	0.1948
1.008	-0.04847	0.1916
1.005	-0.04787	0.1907
1.005	-0.05258	0.1928
1.009	-0.06102	0.1945
1.009	-0.06439	0.1948
1.008	-0.06362	0.1951
1.008	-0.06232	0.1936
1.007	-0.05993	0.1927
1.007	-0.06005	0.1938
1.01	-0.06157	0.1933
1.009	-0.06058	0.1929
1.006	-0.05866	0.192
1.005	-0.05528	0.1902
1.007	-0.05379	0.1923
1.009	-0.05878	0.1951
1.009	-0.06034	0.1958
1.008	-0.05599	0.1978
1.011	-0.05645	0.186
1.007	-0.05562	0.1989
1.002	-0.05595	0.2024
1.002	-0.05568	0.1985
1.005	-0.05702	0.1972
1.006	-0.05985	0.195
1.007	-0.06296	0.1922
1.008	-0.06356	0.1922
1.009	-0.06192	0.1908
1.01	-0.05838	0.191
1.009	-0.05471	0.1916
1.008	-0.05564	0.188
1.008	-0.05882	0.1878
1.008	-0.0617	0.1932
1.006	-0.06271	0.1964
1.007	-0.06045	0.196
1.007	-0.05842	0.1933
1.005	-0.05689	0.1905
1.006	-0.05423	0.1935
1.007	-0.05216	0.1983
1.008	-0.05437	0.1977
1.009	-0.05948	0.1975
1.007	-0.06134	0.199
1.008	-0.06076	0.1969
1.009	-0.06066	0.1928
1.008	-0.06141	0.1916
1.007	-0.0607	0.194
1.003	-0.057	0.1972
1.004	-0.05653	0.1963
1.007	-0.0578	0.1919
1.008	-0.05735	0.1914
1.006	-0.05853	0.1926
1.005	-0.05785	0.191
1.009	-0.05653	0.1901
1.01	-0.05675	0.1904
1.009	-0.05621	0.1896
1.009	-0.05935	0.1903
1.006	-0.06152	0.1943
1.006	-0.05929	0.1977
1.007	-0.05889	0.1976
1.009	-0.05872	0.1952
1.012	-0.06064	0.1946
1.011	-0.06252	0.1977
1.006	-0.05951	0.1978
1.001	-0.06097	0.195
1.002	-0.06211	0.1954
1.007	-0.0545	0.1948
1.008	-0.04851	0.1915
1.005	-0.04791	0.1906
1.005	-0.05262	0.1927
1.009	-0.06107	0.1943
1.009	-0.06443	0.1947
1.008	-0.06365	0.195
1.008	-0.06234	0.1934
1.007	-0.05994	0.1926
1.007	-0.06005	0.1938
1.01	-0.06156	0.1933
1.009	-0.06057	0.1929
1.006	-0.05865	0.1921
1.005	-0.05527	0.1902
1.007	-0.05377	0.1924
1.009	-0.05876	0.1951
1.009	-0.06033	0.1959
1.008	-0.05598	0.1978
1.005	-0.05537	0.1985
1.005	-0.05589	0.1963
1.009	-0.05633	0.1941
1.01	-0.05914	0.1925
1.007	-0.05903	0.1915
1.005	-0.05838	0.1929
1.004	-0.06031	0.1955
1.004	-0.06024	0.1951
1.006	-0.05811	0.1931
1.008	-0.05704	0.1935
1.006	-0.05941	0.1949
1.009	-0.06254	0.1927
1.012	-0.06145	0.1871
1.012	-0.05675	0.185
1.009	-0.05455	0.1903
1.007	-0.05972	0.1988
1.007	-0.06352	0.2023
1.006	-0.06089	0.1988
1.005	-0.05695	0.1974
1.006	-0.05305	0.2003
1.005	-0.05408	0.1968
1.008	-0.05538	0.1873
1.009	-0.05517	0.1858
1.006	-0.06116	0.1922
1.005	-0.06267	0.192
1.005	-0.06106	0.1928
1.006	-0.06495	0.2037
1.009	-0.06367	0.2033
1.012	-0.05684	0.1849
1.011	-0.05191	0.1805
1.008	-0.05038	0.1956
1.006	-0.05356	0.2006
1.006	-0.06206	0.1968
1.005	-0.06708	0.1963
1.005	-0.06151	0.1922
1.008	-0.05736	0.1905
1.01	-0.056	0.1896
1.01	-0.0507	0.1876
1.008	-0.05178	0.1962
1.007	-0.06147	0.2009
1.008	-0.06552	0.1969
1.004	-0.06004	0.1963
1.002	-0.05985	0.1943
1.007	-0.06413	0.1928
1.009	-0.06055	0.1952
1.009	-0.05573	0.1958
1.01	-0.05355	0.1936
1.01	-0.05417	0.1919
1.011	-0.0549	0.1923
1.008	-0.05048	0.1936
1.004	-0.0501	0.1967
1.001	-0.05878	0.1981
1.001	-0.07131	0.1949
1.007	-0.07475	0.1858
1.009	-0.06875	0.1778
1.005	-0.06782	0.1839
1.006	-0.06854	0.1942
1.009	-0.06509	0.1985
1.008	-0.04827	0.1989
1.011	-0.02994	0.2016
1.025	-0.03883	0.2085
1.027	-0.05497	0.2032
1.007	-0.05804	0.1964
0.9963	-0.04737	0.2032
0.9997	-0.04869	0.214
0.9901	-0.06372	0.1936
0.9879	-0.07395	0.178
0.9896	-0.07963	0.1759
1.004	-0.07665	0.173
1.017	-0.05762	0.1637
1.019	-0.04739	0.1669
1.028	-0.04246	0.1831
1.02	-0.04516	0.2046
1.008	-0.05467	0.2177
1.008	-0.0609	0.2253
1.002	-0.062	0.2248
1.002	-0.06127	0.2107
1.004	-0.07731	0.1948
1.003	-0.08768	0.1855
1.006	-0.0834	0.1897
1.006	-0.08109	0.1888
1.009	-0.0535	0.1809
1.012	-0.02529	0.1875
1.01	-0.03048	0.1916
1.01	-0.04001	0.1916
1.007	-0.04627	0.1979
1.001	-0.04392	0.1978
0.9989	-0.03886	0.1911
1.003	-0.04843	0.1885
1.008	-0.05633	0.1929
1.01	-0.06759	0.1932
1.011	-0.08006	0.1915
1.013	-0.08109	0.1945
1.012	-0.08563	0.1946
1.009	-0.07728	0.1949
1.007	-0.05395	0.1935
1.005	-0.04466	0.1909
1.001	-0.04483	0.1934
1	-0.05006	0.1942
1.007	-0.05941	0.1962
1.011	-0.06186	0.1992
1.009	-0.06229	0.1989
1.008	-0.06466	0.1998
1.008	-0.06187	0.1969
1.009	-0.05727	0.1907
1.009	-0.05583	0.189
1.006	-0.05255	0.1914
1.005	-0.04958	0.193
1.006	-0.05209	0.1927
1.005	-0.06035	0.1962
1.006	-0.06454	0.1969
1.008	-0.05737	0.1899
1.008	-0.05658	0.187
1.007	-0.06276	0.189
1.006	-0.06078	0.193
1.008	-0.05603	0.1978
1.012	-0.05102	0.1992
1.012	-0.05015	0.2004
1.009	-0.05739	0.1991
1.005	-0.06297	0.1904
1.005	-0.06409	0.1877
1.006	-0.06497	0.1944
1.006	-0.06863	0.1954
1.006	-0.07075	0.1937
1.007	-0.06567	0.1956
1.007	-0.05375	0.1936
1.008	-0.04239	0.1913
1.008	-0.04648	0.1923
1.007	-0.05992	0.1926
1.006	-0.06308	0.1948
1.006	-0.05423	0.1992
1.01	-0.049	0.1992
1.011	-0.05561	0.1916
1.007	-0.0591	0.1874
1.006	-0.06049	0.1916
1.007	-0.06389	0.1919
1.007	-0.06138	0.1935
1.007	-0.06144	0.1974
1.007	-0.06029	0.1919
1.007	-0.05731	0.191
1.006	-0.05771	0.196
1.006	-0.05714	0.1973
1.006	-0.06259	0.2
1.007	-0.06416	0.1979
1.007	-0.06132	0.1921
1.007	-0.06132	0.1906
1.009	-0.05213	0.189
1.008	-0.04977	0.1895
1.004	-0.0584	0.1958
1.003	-0.05864	0.1977
1.009	-0.05632	0.1922
1.012	-0.0571	0.1923
1.01	-0.05771	0.197
1.01	-0.05742	0.1981
1.007	-0.05802	0.198
1.006	-0.0598	0.1939
1.006	-0.05928	0.1863
1.005	-0.0555	0.1863
1.006	-0.05275	0.1975
1.007	-0.05915	0.2036
1.007	-0.06718	0.1969
1.007	-0.0661	0.195
1.006	-0.06316	0.1941
1.007	-0.06146	0.1878
1.008	-0.05986	0.1862
1.007	-0.05813	0.1866
1.007	-0.05441	0.1931
1.01	-0.05118	0.1996
1.011	-0.04982	0.1955
1.008	-0.05342	0.1949
1.006	-0.06097	0.1955
1.006	-0.06372	0.1935
1.005	-0.06241	0.1934
1.007	-0.06257	0.1922
1.008	-0.06129	0.1957
1.005	-0.05689	0.1987
1.005	-0.05443	0.1975
1.008	-0.05425	0.1977
1.009	-0.05523	0.1945
1.007	-0.0571	0.1923
1.006	-0.05657	0.1927
1.007	-0.05824	0.1911
1.008	-0.06371	0.191
1.007	-0.06457	0.1912
1.006	-0.06044	0.1924
1.007	-0.05745	0.1949
1.009	-0.05716	0.1941
1.01	-0.05687	0.1923
1.008	-0.05919	0.1912
1.007	-0.06237	0.1922
1.006	-0.05838	0.1964
1.005	-0.05384	0.199
1.007	-0.06735	0.205
1.006	-0.06161	0.196
1.006	-0.04905	0.1946
1.01	-0.04332	0.1926
1.011	-0.05121	0.1854
1.007	-0.05671	0.1828
1.006	-0.06015	0.1891
1.007	-0.06525	0.1914
1.007	-0.06387	0.1948
1.007	-0.06447	0.1998
1.008	-0.06331	0.195
1.007	-0.05988	0.1942
1.007	-0.05955	0.1989
1.006	-0.05811	0.1996
1.006	-0.06268	0.2015
1.007	-0.06347	0.1985
1.007	-0.06002	0.192
1.007	-0.05962	0.1898
1.009	-0.05025	0.1877
1.008	-0.04792	0.1879
1.004	-0.05674	0.1941
1.003	-0.05731	0.1962
1.009	-0.05539	0.1908
1.011	-0.0566	0.1912
1.01	-0.05761	0.1963
1.01	-0.05768	0.1977
1.007	-0.05855	0.198
1.006	-0.06052	0.1942
1.006	-0.06009	0.1868
1.006	-0.05633	0.1869
1.006	-0.05352	0.1982
1.007	-0.0598	0.2043
1.007	-0.06767	0.1975
1.007	-0.06642	0.1955
1.006	-0.06331	0.1945
1.007	-0.06146	0.188
1.008	-0.05973	0.1863
1.007	-0.05791	0.1866
1.007	-0.05413	0.193
1.01	-0.05088	0.1994
1.011	-0.04953	0.1953
1.008	-0.05316	0.1947
1.006	-0.06076	0.1953
1.006	-0.06357	0.1933
1.005	-0.06232	0.1932
1.007	-0.06255	0.1921
1.008	-0.06131	0.1957
1.005	-0.05696	0.1987
1.005	-0.05452	0.1975
1.008	-0.05436	0.1978
1.009	-0.05534	0.1946
1.007	-0.0572	0.1924
1.006	-0.05665	0.1928
1.007	-0.0583	0.1912
1.008	-0.06375	0.1911
1.007	-0.06459	0.1912
1.006	-0.06044	0.1924
1.007	-0.05743	0.1949
1.009	-0.05713	0.1941
1.01	-0.05683	0.1923
1.008	-0.05915	0.1912
1.007	-0.06233	0.1921
1.006	-0.05835	0.1964
1.005	-0.05381	0.199
1.007	-0.05402	0.1994
1.008	-0.05603	0.1985
1.006	-0.05866	0.1924
1.006	-0.05859	0.1894
1.008	-0.05841	0.194
1.008	-0.05937	0.1936
1.008	-0.06054	0.1906
1.008	-0.06269	0.1924
1.008	-0.06189	0.1922
1.008	-0.0603	0.1913
1.007	-0.05991	0.1935
1.008	-0.05922	0.1959
1.007	-0.05978	0.1972
1.006	-0.05773	0.198
1.006	-0.05277	0.1966
1.006	-0.05107	0.1906
1.007	-0.05334	0.1875
1.009	-0.057	0.1911
1.008	-0.06107	0.1969
1.004	-0.06392	0.1998
1.003	-0.06174	0.1952
1.008	-0.05707	0.1921
1.011	-0.05572	0.1935
1.008	-0.05544	0.1934
1.009	-0.05561	0.196
1.011	-0.05848	0.1959
1.01	-0.06089	0.1944
1.007	-0.06156	0.1987
1.005	-0.06028	0.1965
1.008	-0.05797	0.187
1.008	-0.05921	0.1848
1.005	-0.06163	0.1911
1.005	-0.06163	0.1937
1.006	-0.06054	0.1933
1.005	-0.0602	0.1979
1.005	-0.0605	0.1969
1.005	-0.05673	0.1918
1.007	-0.05212	0.1936
1.008	-0.05292	0.1962
1.01	-0.05573	0.1977
1.011	-0.058	0.197
1.01	-0.05844	0.1961
1.007	-0.05894	0.1947
1.004	-0.05976	0.1889
1.007	-0.05779	0.1886
1.008	-0.05829	0.1905
1.007	-0.06078	0.1905
1.009	-0.06182	0.1931
1.009	-0.06245	0.1922
1.007	-0.05905	0.1936
1.006	-0.05549	0.1986
1.002	-0.05525	0.2004
1.006	-0.05445	0.2019
1.011	-0.05539	0.199
1.012	-0.05856	0.1944
1.009	-0.0606	0.1928
1.005	-0.06069	0.1916
1.004	-0.05904	0.191
1.005	-0.05746	0.1876
1.006	-0.05754	0.185
1.008	-0.05936	0.188
1.005	-0.06174	0.1942
1.005	-0.06238	0.1996
1.008	-0.06072	0.1986
1.007	-0.04577	0.2008
1.01	-0.05762	0.1999
1.009	-0.06396	0.1935
1.009	-0.0639	0.19
1.01	-0.06178	0.1941
1.009	-0.06012	0.1933
1.009	-0.05878	0.1901
1.008	-0.05902	0.1917
1.007	-0.05711	0.1915
1.007	-0.05522	0.1907
1.006	-0.05526	0.193
1.006	-0.05551	0.1957
1.006	-0.05735	0.1971
1.005	-0.05668	0.1981
1.005	-0.05304	0.1969
1.005	-0.05247	0.1909
1.007	-0.05557	0.1879
1.009	-0.05974	0.1915
1.008	-0.06399	0.1972
1.004	-0.06671	0.2001
1.004	-0.06417	0.1954
1.009	-0.05897	0.1922
1.011	-0.057	0.1935
1.008	-0.05608	0.1934
1.01	-0.05566	0.196
1.011	-0.05802	0.1958
1.01	-0.06003	0.1942
1.007	-0.06045	0.1985
1.005	-0.05906	0.1963
1.007	-0.05676	0.1868
1.008	-0.05811	0.1847
1.004	-0.06073	0.1911
1.005	-0.06096	0.1937
1.006	-0.06012	0.1933
1.005	-0.06003	0.1979
1.005	-0.06055	0.1969
1.005	-0.05695	0.1918
1.007	-0.05247	0.1936
1.008	-0.05334	0.1963
1.01	-0.05617	0.1977
1.012	-0.05842	0.1971
1.01	-0.05881	0.1961
1.007	-0.05923	0.1947
1.004	-0.05996	0.189
1.007	-0.05789	0.1886
1.008	-0.05831	0.1905
1.007	-0.06072	0.1905
1.009	-0.06171	0.1931
1.009	-0.06231	0.1922
1.007	-0.05889	0.1936
1.006	-0.05533	0.1985
1.002	-0.05511	0.2004
1.006	-0.05433	0.2019
1.011	-0.0553	0.199
1.012	-0.0585	0.1944
1.009	-0.06058	0.1928
1.005	-0.06069	0.1916
1.004	-0.05907	0.191
1.005	-0.05751	0.1876
1.006	-0.0576	0.185
1.008	-0.05942	0.188
1.005	-0.0618	0.1942
1.005	-0.06242	0.1996
1.008	-0.06076	0.1986
1.008	-0.05909	0.1979
1.009	-0.05786	0.1988
1.009	-0.05684	0.1939
1.009	-0.05702	0.1929
1.009	-0.05697	0.1948
1.009	-0.05624	0.1925
1.008	-0.0557	0.1954
1.006	-0.05594	0.1983
1.004	-0.05694	0.1941
1.004	-0.05678	0.1876
1.009	-0.05741	0.1837
1.011	-0.06085	0.1889
1.006	-0.06401	0.1938
1.004	-0.06311	0.1934
1.005	-0.05845	0.1968
1.004	-0.05726	0.1977
1.006	-0.05948	0.1968
1.01	-0.05818	0.1975
1.012	-0.05674	0.1955
1.012	-0.05721	0.1964
1.009	-0.05582	0.196
1.002	-0.05553	0.1928
1.001	-0.05673	0.1929
1.008	-0.05457	0.1922
1.009	-0.0552	0.1915
1.005	-0.06378	0.1918
1.006	-0.06758	0.1936
1.011	-0.06399	0.1961
1.011	-0.0638	0.1954
1.008	-0.06215	0.1953
1.006	-0.05907	0.1941
1.007	-0.05918	0.1906
1.007	-0.05289	0.1894
1.007	-0.04847	0.1911
1.005	-0.05279	0.1974
1.003	-0.0537	0.2
1.005	-0.05475	0.1937
1.007	-0.05557	0.1926
1.008	-0.05615	0.1954
1.01	-0.06455	0.1934
1.009	-0.06748	0.1932
1.009	-0.06412	0.1942
1.008	-0.06408	0.1923
1.007	-0.06086	0.1917
1.009	-0.05731	0.194
1.009	-0.05543	0.1962
1.009	-0.05362	0.1951
1.007	-0.0557	0.1939
1.005	-0.05793	0.1948
1.005	-0.05838	0.1943
1.005	-0.05855	0.1943
1.006	-0.05831	0.1943
1.008	-0.05785	0.1929
1.008	-0.05749	0.1948
1.008	-0.05917	0.1963
1.005	-0.06046	0.196
1.004	-0.06106	0.1966
1.008	-0.0616	0.1903
1.01	-0.05678	0.1837
1.01	-0.05152	0.1881
1.011	-0.0524	0.1912
1.009	-0.05717	0.1918
1.005	-0.06455	0.1978
1.005	-0.06631	0.2007
1.005	-0.05787	0.1901
1.006	-0.05783	0.1961
1.007	-0.05773	0.195
1.007	-0.0585	0.1965
1.008	-0.0587	0.1994
1.008	-0.05793	0.1973
1.008	-0.05715	0.1995
1.007	-0.05699	0.2012
1.005	-0.05754	0.1957
1.005	-0.05691	0.1878
1.01	-0.05712	0.1828
1.012	-0.06022	0.187
1.007	-0.06317	0.1913
1.005	-0.06214	0.1907
1.006	-0.05748	0.194
1.004	-0.05637	0.1953
1.006	-0.05874	0.1949
1.01	-0.05764	0.1961
1.012	-0.05641	0.1948
1.012	-0.05708	0.1963
1.009	-0.05588	0.1964
1.002	-0.05574	0.1935
1.001	-0.05705	0.1939
1.008	-0.05495	0.1934
1.009	-0.05559	0.1926
1.005	-0.06416	0.1929
1.006	-0.06791	0.1945
1.011	-0.06425	0.1968
1.011	-0.06398	0.1958
1.008	-0.06225	0.1955
1.007	-0.05909	0.1941
1.007	-0.05914	0.1904
1.007	-0.0528	0.1891
1.007	-0.04834	0.1907
1.005	-0.05265	0.1969
1.003	-0.05356	0.1995
1.005	-0.05462	0.1934
1.007	-0.05547	0.1923
1.008	-0.05607	0.1952
1.01	-0.0645	0.1933
1.009	-0.06746	0.1932
1.009	-0.06413	0.1942
1.008	-0.0641	0.1924
1.007	-0.0609	0.1919
1.009	-0.05735	0.1941
1.009	-0.05548	0.1963
1.009	-0.05367	0.1953
1.007	-0.05575	0.194
1.005	-0.05797	0.1949
1.005	-0.0584	0.1944
1.005	-0.05856	0.1943
1.006	-0.05831	0.1943
1.008	-0.05784	0.1929
1.008	-0.05748	0.1947
1.008	-0.05915	0.1962
1.005	-0.06044	0.1959
1.004	-0.06104	0.1965
1.008	-0.06158	0.1903
1.01	-0.05676	0.1837
1.01	-0.05151	0.1881
1.011	-0.0524	0.1912
1.009	-0.05717	0.1918
1.005	-0.06455	0.1978
1.005	-0.06631	0.2007
1.006	-0.06004	0.1993
1.006	-0.05718	0.1939
1.006	-0.0571	0.1882
1.005	-0.05612	0.1926
1.008	-0.05731	0.197
1.011	-0.05768	0.2
1.009	-0.05817	0.2017
1.004	-0.06092	0.1902
1.003	-0.06062	0.1861
1.008	-0.05675	0.1962
1.011	-0.05457	0.1969
1.009	-0.05599	0.1937
1.009	-0.05816	0.196
1.009	-0.06038	0.1979
1.007	-0.06156	0.1967
1.006	-0.0594	0.1916
1.003	-0.05927	0.1872
1.002	-0.06154	0.1876
1.005	-0.0598	0.1881
1.011	-0.05481	0.1866
1.015	-0.0529	0.19
1.007	-0.05654	0.1977
1.004	-0.05707	0.2012
1.007	-0.0566	0.1994
1.004	-0.06346	0.1972
1.005	-0.06663	0.1966
1.008	-0.06406	0.1945
1.007	-0.0608	0.1936
1.008	-0.05441	0.1949
1.008	-0.05185	0.1955
1.009	-0.05327	0.1961
1.011	-0.05493	0.1922
1.01	-0.05946	0.1883
1.008	-0.0622	0.1895
1.005	-0.06204	0.1894
1.004	-0.06	0.1927
1.003	-0.05502	0.1992
1.004	-0.0528	0.2014
1.008	-0.05348	0.2005
1.009	-0.05422	0.1938
1.009	-0.05893	0.1881
1.007	-0.06447	0.1907
1.006	-0.06702	0.1935
1.009	-0.06754	0.1939
1.01	-0.0611	0.1896
1.008	-0.05587	0.1857
1.009	-0.05899	0.1924
1.008	-0.05768	0.1989
1.005	-0.05564	0.1993
1.005	-0.05643	0.1973
1.006	-0.05353	0.1943
1.007	-0.05385	0.1965
1.007	-0.05461	0.1998
1.007	-0.05591	0.1982
1.009	-0.06169	0.192
1.01	-0.06235	0.1871
1.009	-0.06027	0.1891
1.006	-0.05958	0.1891
1.005	-0.05876	0.1914
1.008	-0.05858	0.1974
1.01	-0.05882	0.1952
1.007	-0.06161	0.1943
1.005	-0.06086	0.1948
1.005	-0.05501	0.1939
1.009	-0.04448	0.1896
1.007	-0.05687	0.1937
1.005	-0.06428	0.1921
1.005	-0.0656	0.1974
1.008	-0.06589	0.2008
1.011	-0.06367	0.202
1.009	-0.06098	0.2019
1.005	-0.0607	0.1887
1.004	-0.05795	0.1836
1.009	-0.05246	0.1932
1.011	-0.04951	0.1939
1.009	-0.05094	0.1911
1.01	-0.05372	0.1942
1.009	-0.057	0.197
1.007	-0.05945	0.1967
1.006	-0.0586	0.1924
1.003	-0.05968	0.1885
1.002	-0.06294	0.1894
1.004	-0.06191	0.19
1.011	-0.05732	0.1884
1.014	-0.05552	0.1917
1.006	-0.059	0.199
1.004	-0.05916	0.2022
1.007	-0.0582	0.1999
1.004	-0.0645	0.1973
1.005	-0.0671	0.1963
1.008	-0.06401	0.194
1.008	-0.06032	0.1929
1.008	-0.05361	0.1941
1.008	-0.05085	0.1947
1.01	-0.0522	0.1953
1.012	-0.05389	0.1915
1.01	-0.05853	0.1878
1.008	-0.06145	0.1891
1.005	-0.0615	0.1892
1.004	-0.05969	0.1927
1.003	-0.05492	0.1993
1.004	-0.05288	0.2016
1.008	-0.0537	0.2008
1.009	-0.05455	0.1941
1.009	-0.05931	0.1884
1.007	-0.06485	0.191
1.006	-0.06738	0.1937
1.009	-0.06785	0.194
1.01	-0.06133	0.1897
1.008	-0.05603	0.1858
1.009	-0.05907	0.1924
1.008	-0.05768	0.1988
1.005	-0.05558	0.1992
1.005	-0.05632	0.1972
1.006	-0.0534	0.1942
1.007	-0.05371	0.1964
1.007	-0.05447	0.1997
1.007	-0.05578	0.1981
1.009	-0.06159	0.1919
1.01	-0.06228	0.1871
1.009	-0.06023	0.1891
1.006	-0.05956	0.1891
1.005	-0.05877	0.1914
1.008	-0.05862	0.1974
1.01	-0.05886	0.1953
1.007	-0.06166	0.1943
1.005	-0.06091	0.1948
1.005	-0.05506	0.1939
1.005	-0.05329	0.1961
1.007	-0.05712	0.1941
1.009	-0.0625	0.194
1.009	-0.0639	0.1972
1.007	-0.06091	0.1951
1.006	-0.05813	0.1887
1.008	-0.05699	0.1859
1.008	-0.0548	0.1948
1.007	-0.05266	0.1991
1.008	-0.05499	0.1958
1.01	-0.05543	0.1974
1.011	-0.05426	0.195
1.01	-0.05749	0.1926
1.007	-0.06079	0.1931
1.005	-0.06461	0.1905
1.004	-0.06657	0.192
1.003	-0.06489	0.1944
1.004	-0.06255	0.195
1.005	-0.05867	0.1947
1.005	-0.05842	0.1936
1.007	-0.05925	0.1957
1.01	-0.05696	0.1946
1.012	-0.05534	0.1933
1.009	-0.05322	0.1954
1.009	-0.05305	0.1935
1.01	-0.05574	0.1891
1.009	-0.05933	0.1901
1.005	-0.06007	0.2011
1.004	-0.05362	0.2047
1.005	-0.05002	0.193
1.009	-0.05545	0.1895
1.01	-0.0629	0.1918
1.006	-0.06666	0.1887
1.005	-0.06694	0.1916
1.006	-0.0656	0.1932
1.006	-0.05947	0.1891
1.009	-0.05488	0.189
1.009	-0.05627	0.1917
1.007	-0.05369	0.1994
1.008	-0.05333	0.2039
1.009	-0.05901	0.1991
1.008	-0.05945	0.1977
1.008	-0.05839	0.1963
1.006	-0.05954	0.1932
1.005	-0.06002	0.1924
1.006	-0.06024	0.1903
1.007	-0.05874	0.1915
1.009	-0.05793	0.1929
1.008	-0.05926	0.1917
1.003	-0.06321	0.1923
1.002	-0.06362	0.1925
1.008	-0.05251	0.1955
1.013	-0.04833	0.1971
1.009	-0.05655	0.1926
1.007	-0.05711	0.1928
1.008	-0.05745	0.1966
1.008	-0.06298	0.195
1.008	-0.06083	0.1885
1.008	-0.05636	0.1864
1.006	-0.05683	0.1934
1.006	-0.06249	0.1975
1.006	-0.06535	0.1989
1.007	-0.0584	0.2021
1.008	-0.05602	0.1971
1.004	-0.05653	0.1889
1.006	-0.05607	0.1919
1.008	-0.05963	0.1943
1.008	-0.0608	0.1985
1.006	-0.0585	0.1964
1.006	-0.05681	0.1895
1.008	-0.05681	0.1861
1.009	-0.0556	0.1942
1.007	-0.05417	0.198
1.008	-0.05688	0.1944
1.011	-0.05739	0.196
1.012	-0.05603	0.1936
1.01	-0.0589	0.1915
1.008	-0.06172	0.1924
1.006	-0.06503	0.1902
1.004	-0.06651	0.1921
1.003	-0.06442	0.1948
1.003	-0.06177	0.1956
1.004	-0.05771	0.1954
1.005	-0.05739	0.1945
1.007	-0.05826	0.1965
1.01	-0.0561	0.1954
1.012	-0.05466	0.1939
1.009	-0.05276	0.1958
1.008	-0.05282	0.1937
1.01	-0.05571	0.1892
1.009	-0.05949	0.19
1.006	-0.06036	0.2009
1.004	-0.054	0.2045
1.005	-0.05044	0.1926
1.009	-0.05587	0.1892
1.01	-0.06328	0.1915
1.006	-0.06698	0.1884
1.005	-0.06717	0.1914
1.006	-0.06575	0.1931
1.006	-0.05953	0.189
1.009	-0.05486	0.189
1.009	-0.05619	0.1918
1.006	-0.05357	0.1995
1.008	-0.05318	0.204
1.009	-0.05886	0.1992
1.008	-0.0593	0.1978
1.008	-0.05827	0.1964
1.006	-0.05944	0.1932
1.005	-0.05995	0.1925
1.006	-0.0602	0.1904
1.007	-0.05873	0.1915
1.009	-0.05794	0.1929
1.008	-0.05929	0.1916
1.003	-0.06326	0.1923
1.002	-0.06368	0.1925
1.008	-0.05257	0.1955
1.013	-0.04838	0.197
1.009	-0.05659	0.1925
1.007	-0.05714	0.1928
1.008	-0.05747	0.1966
1.008	-0.06299	0.195
1.008	-0.06083	0.1885
1.008	-0.05635	0.1864
1.006	-0.05682	0.1934
1.006	-0.06247	0.1975
1.006	-0.06533	0.199
1.007	-0.05838	0.2021
1.008	-0.056	0.1971
1.006	-0.05793	0.1922
1.005	-0.05589	0.1936
1.004	-0.05733	0.1921
1.002	-0.05771	0.1935
1.006	-0.05631	0.1945
1.012	-0.05717	0.1881
1.014	-0.0563	0.1884
1.012	-0.05833	0.1948
1.009	-0.0613	0.1963
1.007	-0.06117	0.1963
1.007	-0.06146	0.1976
1.007	-0.06096	0.196
1.005	-0.05983	0.1899
1.005	-0.05793	0.1882
1.007	-0.05525	0.1948
1.01	-0.05362	0.1978
1.011	-0.05668	0.1959
1.003	-0.06611	0.1974
0.9998	-0.06763	0.1967
1.003	-0.05934	0.1906
1.003	-0.05662	0.1877
1.006	-0.05443	0.1895
1.008	-0.05131	0.1944
1.008	-0.05437	0.1972
1.016	-0.05287	0.1982
1.019	-0.04918	0.204
1.009	-0.05464	0.2011
1.007	-0.06274	0.1849
1.008	-0.06702	0.1806
1.004	-0.06575	0.1895
1.003	-0.06563	0.1911
1.003	-0.06725	0.1901
1.006	-0.06082	0.1944
1.008	-0.05629	0.1951
1.007	-0.05565	0.1947
1.007	-0.05165	0.1984
1.007	-0.05062	0.2008
1.007	-0.05028	0.201
1.009	-0.05364	0.1975
1.009	-0.06289	0.1948
1.008	-0.0676	0.1947
1.009	-0.06674	0.1925
1.009	-0.06111	0.1933
1.008	-0.05724	0.1931
1.003	-0.0601	0.188
1	-0.06031	0.1862
1.006	-0.05599	0.1888
1.007	-0.05074	0.1941
1.005	-0.04996	0.1967
1.008	-0.05714	0.1949
1.011	-0.06033	0.195
1.012	-0.05825	0.1968
1.009	-0.06019	0.1987
1.006	-0.06025	0.1991
1.007	-0.05603	0.1956
1.009	-0.04946	0.193
1.011	-0.04871	0.191
1.011	-0.06623	0.1865
1.008	-0.07573	0.1844
1.005	-0.06726	0.1872
1	-0.07126	0.1964
1.001	-0.07089	0.2028
1.007	-0.05861	0.1962
1.009	-0.05971	0.1946
1.007	-0.07735	0.1978
1.006	-0.04653	0.1997
1.005	-0.03427	0.1972
1.004	-0.0314	0.1969
1.007	-0.03338	0.196
1.013	-0.04122	0.1878
1.015	-0.04864	0.1868
1.012	-0.05862	0.1923
1.009	-0.06815	0.1934
1.007	-0.07263	0.1935
1.007	-0.07542	0.1952
1.007	-0.07543	0.1942
1.005	-0.07312	0.1887
1.005	-0.06882	0.1878
1.006	-0.06297	0.195
1.01	-0.05789	0.1986
1.01	-0.05761	0.197
1.003	-0.06413	0.1988
0.9998	-0.06338	0.1981
1.003	-0.05357	0.1919
1.003	-0.05011	0.1888
1.006	-0.0479	0.1904
1.009	-0.04535	0.1949
1.008	-0.04944	0.1975
1.016	-0.04923	0.1982
1.019	-0.04696	0.2038
1.009	-0.05379	0.2006
1.007	-0.06312	0.1843
1.008	-0.06838	0.18
1.004	-0.06782	0.1889
1.003	-0.0681	0.1906
1.003	-0.06983	0.1897
1.006	-0.06327	0.1941
1.008	-0.05841	0.1949
1.007	-0.05732	0.1947
1.007	-0.0528	0.1984
1.007	-0.05123	0.2009
1.007	-0.05039	0.2012
1.009	-0.05333	0.1977
1.009	-0.06226	0.195
1.008	-0.06677	0.1949
1.009	-0.06581	0.1927
1.01	-0.06018	0.1934
1.008	-0.0564	0.1932
1.003	-0.0594	0.1881
1	-0.0598	0.1862
1.006	-0.05567	0.1888
1.007	-0.05061	0.1941
1.005	-0.05	0.1967
1.008	-0.05731	0.1948
1.011	-0.0606	0.195
1.012	-0.05858	0.1967
1.009	-0.06054	0.1986
1.006	-0.06058	0.199
1.007	-0.05631	0.1955
1.009	-0.04968	0.193
1.011	-0.04886	0.191
1.011	-0.06631	0.1865
1.008	-0.07574	0.1844
1.005	-0.06722	0.1872
1	-0.07118	0.1964
1.001	-0.07078	0.2028
1.007	-0.05848	0.1962
1.009	-0.05959	0.1946
1.007	-0.05671	0.1986
1.005	-0.05021	0.1957
1.004	-0.05177	0.1952
1.004	-0.04502	0.1948
1.011	-0.03799	0.1967
1.015	-0.03968	0.2004
1.009	-0.0473	0.1959
1.009	-0.05583	0.1946
1.013	-0.06101	0.191
1.01	-0.06718	0.1849
1.006	-0.06552	0.1882
1.003	-0.06566	0.1872
1.003	-0.07465	0.1875
1.006	-0.07317	0.1917
1.006	-0.06786	0.1897
1.008	-0.06421	0.1923
1.009	-0.06006	0.1967
1.006	-0.06025	0.1997
1.004	-0.05852	0.2034
1.004	-0.05557	0.2025
1.008	-0.05341	0.2023
1.008	-0.05042	0.2008
1.007	-0.04965	0.1945
1.007	-0.05254	0.1877
1.009	-0.0585	0.1845
1.009	-0.0599	0.187
1.008	-0.05135	0.1922
1.01	-0.04557	0.1962
1.011	-0.05225	0.1947
1.008	-0.06122	0.1943
1.009	-0.06929	0.1957
1.007	-0.07281	0.1913
1.006	-0.06331	0.1939
1.008	-0.05466	0.2013
1.007	-0.05505	0.1992
1.005	-0.06116	0.1896
1.002	-0.06592	0.1831
1.003	-0.06134	0.1874
1.005	-0.06026	0.1895
1.005	-0.05878	0.1916
1.006	-0.05005	0.1993
1.008	-0.04879	0.2004
1.011	-0.05123	0.2002
1.011	-0.05634	0.1919
1.009	-0.06188	0.1857
1.009	-0.06078	0.1985
1.01	-0.06545	0.1995
1.013	-0.06819	0.1961
1.012	-0.06074	0.2032
1.001	-0.05604	0.1982
0.9946	-0.05285	0.194
1	-0.05031	0.1968
1.011	-0.05391	0.1885
1.018	-0.06669	0.176
1.013	-0.07693	0.1775
1.003	-0.06387	0.1983
1	-0.04529	0.2079
1.002	-0.04332	0.1939
1.004	-0.0459	0.1934
1.008	-0.04941	0.1979
1.01	-0.05832	0.189
1.007	-0.06415	0.1903
1.006	-0.0627	0.195
1.01	-0.0612	0.1983
1.019	-0.04837	0.2044
1.011	-0.07261	0.193
1.004	-0.08623	0.189
1.002	-0.07915	0.1884
1.007	-0.06446	0.1918
1.011	-0.05505	0.1979
1.004	-0.05101	0.1959
1.005	-0.04924	0.1967
1.01	-0.04664	0.1946
1.008	-0.04803	0.1893
1.006	-0.04457	0.1927
1.003	-0.04554	0.1913
1.004	-0.05742	0.1908
1.007	-0.0602	0.1939
1.008	-0.05982	0.1907
1.01	-0.06116	0.1922
1.01	-0.06152	0.1957
1.008	-0.06539	0.198
1.005	-0.06629	0.2012
1.005	-0.06483	0.2002
1.008	-0.06307	0.2001
1.008	-0.05954	0.1988
1.006	-0.05749	0.1929
1.006	-0.05859	0.1866
1.008	-0.06252	0.1839
1.008	-0.06186	0.1869
1.007	-0.05142	0.1925
1.01	-0.04405	0.1968
1.011	-0.04955	0.1955
1.008	-0.05777	0.1952
1.008	-0.06551	0.1967
1.007	-0.0691	0.1922
1.006	-0.05999	0.1946
1.008	-0.05195	0.2018
1.007	-0.05309	0.1996
1.005	-0.05999	0.1898
1.003	-0.0655	0.1831
1.003	-0.06158	0.1873
1.005	-0.06103	0.1892
1.005	-0.05991	0.1912
1.006	-0.05138	0.199
1.008	-0.05017	0.2001
1.011	-0.05252	0.1999
1.011	-0.05744	0.1916
1.009	-0.06274	0.1856
1.009	-0.06136	0.1984
1.01	-0.06574	0.1995
1.013	-0.06822	0.1961
1.012	-0.06054	0.2033
1.001	-0.05568	0.1983
0.9945	-0.0524	0.1941
0.9999	-0.04981	0.1969
1.011	-0.05341	0.1886
1.018	-0.06625	0.1761
1.013	-0.07657	0.1775
1.003	-0.06361	0.1984
1.001	-0.04513	0.208
1.002	-0.04326	0.1939
1.004	-0.04594	0.1934
1.008	-0.04951	0.1978
1.01	-0.05848	0.189
1.007	-0.06433	0.1903
1.006	-0.06288	0.1949
1.01	-0.06137	0.1983
1.014	-0.06317	0.2021
1.015	-0.06913	0.1931
1.012	-0.07629	0.1898
1.004	-0.07377	0.1932
0.9978	-0.06361	0.1913
0.9997	-0.05106	0.194
1.008	-0.04059	0.1936
1.015	-0.0427	0.1911
1.012	-0.05285	0.1941
1.002	-0.05913	0.1992
0.9985	-0.05755	0.2012
1.004	-0.05758	0.1922
1.009	-0.06232	0.1865
1.011	-0.06416	0.1911
1.01	-0.06588	0.1933
1.006	-0.05906	0.1979
1.004	-0.05202	0.1981
1.008	-0.05693	0.1894
1.013	-0.05333	0.1868
1.015	-0.05016	0.1914
1.011	-0.0522	0.1988
0.9991	-0.04828	0.2036
0.9961	-0.05195	0.2041
1.007	-0.05918	0.1998
1.012	-0.06897	0.1877
1.009	-0.07927	0.1829
1.005	-0.07696	0.1889
1.001	-0.07164	0.1914
1.007	-0.06252	0.1911
1.015	-0.05003	0.1914
1.013	-0.04747	0.1937
1.008	-0.0551	0.1969
1.006	-0.06137	0.1968
1.006	-0.05696	0.195
1.007	-0.05577	0.1925
1.006	-0.05736	0.1926
1.008	-0.05521	0.1951
1.007	-0.05958	0.199
1.005	-0.05668	0.2011
1.005	-0.0511	0.1921
1.003	-0.05404	0.1888
1.005	-0.05049	0.1974
1.008	-0.0514	0.1965
1.009	-0.05871	0.1926
1.013	-0.0583	0.1928
1.014	-0.05816	0.1921
1.01	-0.06144	0.1943
1.008	-0.06401	0.1935
1.007	-0.06337	0.1869
1.005	-0.06089	0.1866
1.002	-0.06223	0.1964
1.002	-0.06641	0.2004
1.006	-0.06712	0.1955
1.009	-0.06297	0.1968
1.008	-0.06136	0.1978
1.004	-0.06071	0.1941
1.003	-0.05636	0.1943
1.008	-0.05408	0.1915
1.011	-0.05258	0.187
1.01	-0.05216	0.189
1.012	-0.05392	0.1939
1.009	-0.05341	0.197
1.001	-0.05554	0.2009
1.002	-0.05788	0.2035
1.011	-0.04624	0.2016
1.013	-0.05799	0.1895
1.012	-0.07019	0.185
1.004	-0.07193	0.1884
0.9987	-0.06517	0.1873
1.001	-0.05512	0.1913
1.009	-0.04623	0.1924
1.016	-0.0491	0.1911
1.013	-0.05927	0.1952
1.003	-0.06498	0.201
0.9993	-0.06241	0.2035
1.004	-0.06116	0.1945
1.009	-0.06454	0.1887
1.011	-0.06504	0.1929
1.01	-0.06558	0.1946
1.006	-0.05781	0.1987
1.003	-0.05008	0.1984
1.008	-0.05459	0.1892
1.013	-0.05087	0.1863
1.015	-0.04782	0.1906
1.011	-0.05016	0.1978
0.9989	-0.04666	0.2026
0.9961	-0.05083	0.2032
1.007	-0.05856	0.1991
1.012	-0.06882	0.1871
1.009	-0.07952	0.1826
1.005	-0.07752	0.1888
1.001	-0.0724	0.1914
1.007	-0.06338	0.1913
1.015	-0.0509	0.1916
1.013	-0.04826	0.1941
1.008	-0.05575	0.1973
1.006	-0.06186	0.1972
1.006	-0.05726	0.1953
1.007	-0.0559	0.1927
1.006	-0.05733	0.1928
1.007	-0.05506	0.1952
1.007	-0.05933	0.199
1.005	-0.05638	0.2011
1.005	-0.05078	0.192
1.003	-0.05374	0.1887
1.005	-0.05023	0.1972
1.008	-0.05119	0.1963
1.009	-0.05856	0.1924
1.013	-0.05822	0.1927
1.014	-0.05814	0.192
1.01	-0.06148	0.1942
1.008	-0.06408	0.1935
1.007	-0.06347	0.1869
1.005	-0.061	0.1866
1.002	-0.06235	0.1964
1.002	-0.06651	0.2004
1.006	-0.06721	0.1955
1.009	-0.06303	0.1969
1.008	-0.0614	0.1979
1.004	-0.06073	0.1942
1.003	-0.05635	0.1943
1.008	-0.05406	0.1915
1.011	-0.05254	0.187
1.01	-0.05212	0.1889
1.012	-0.05388	0.1939
1.009	-0.05337	0.1969
1.001	-0.0555	0.2009
1.002	-0.05785	0.2035
1.01	-0.0572	0.1957
1.014	-0.06053	0.191
1.009	-0.0635	0.1938
1.002	-0.06129	0.1917
1.003	-0.05413	0.1894
1.008	-0.04548	0.186
1.01	-0.04887	0.1847
1.007	-0.06531	0.1898
1.007	-0.07438	0.1947
1.01	-0.06726	0.2016
1.008	-0.05978	0.2025
1.006	-0.05735	0.1957
1.004	-0.05747	0.1945
1.002	-0.06313	0.1959
1.003	-0.06198	0.1955
1.004	-0.05526	0.1943
1.013	-0.05517	0.1946
1.016	-0.05572	0.1954
1.009	-0.0555	0.1947
1.006	-0.05396	0.1936
1.006	-0.0541	0.19
1.013	-0.05946	0.1884
1.015	-0.0608	0.1905
1.002	-0.06011	0.1924
0.9954	-0.06161	0.1935
1.001	-0.06087	0.1936
1.007	-0.05694	0.195
1.011	-0.05291	0.1969
1.01	-0.05417	0.1982
1.011	-0.06007	0.1995
1.014	-0.06332	0.1977
1.008	-0.06173	0.193
1.002	-0.06202	0.1891
1.002	-0.06179	0.1895
1.003	-0.05651	0.1912
1.007	-0.05423	0.1928
1.011	-0.05469	0.1943
1.013	-0.05781	0.1942
1.011	-0.06099	0.1984
1.006	-0.05693	0.1994
1.006	-0.05668	0.1909
1.006	-0.05895	0.1875
1.005	-0.05734	0.1891
1.006	-0.05955	0.191
1.006	-0.06025	0.1969
1.006	-0.05901	0.201
1.006	-0.0594	0.1999
1.007	-0.05667	0.1962
1.011	-0.05547	0.1934
1.012	-0.05748	0.1935
1.009	-0.05843	0.1931
1.008	-0.05893	0.1931
1.007	-0.06016	0.1931
1.005	-0.06147	0.1882
1.004	-0.06094	0.1866
1.004	-0.0607	0.1923
1.005	-0.06225	0.1949
1.008	-0.06073	0.1959
1.009	-0.05633	0.1978
1.009	-0.0546	0.1967
1.01	-0.05418	0.1955
1.01	-0.052	0.1934
1.007	-0.05333	0.1932
1.006	-0.0602	0.1974
1.002	-0.05843	0.2003
1.011	-0.06158	0.1947
1.008	-0.06455	0.1965
1.003	-0.06232	0.1933
1.005	-0.05502	0.1901
1.009	-0.04611	0.1859
1.012	-0.04914	0.184
1.009	-0.06517	0.1888
1.008	-0.07385	0.1935
1.011	-0.06639	0.2004
1.008	-0.05868	0.2013
1.005	-0.05613	0.1948
1.003	-0.05623	0.1938
1.002	-0.06199	0.1955
1.002	-0.06102	0.1954
1.004	-0.05454	0.1944
1.012	-0.05472	0.1949
1.015	-0.05554	0.1959
1.009	-0.05556	0.1952
1.006	-0.05424	0.1941
1.006	-0.05452	0.1905
1.013	-0.05998	0.1888
1.015	-0.06135	0.1908
1.002	-0.06065	0.1926
0.9957	-0.06209	0.1936
1.001	-0.06126	0.1936
1.007	-0.05723	0.1949
1.011	-0.05308	0.1967
1.01	-0.05424	0.198
1.011	-0.06004	0.1993
1.013	-0.06322	0.1975
1.008	-0.06158	0.1929
1.002	-0.06183	0.189
1.002	-0.0616	0.1894
1.003	-0.05633	0.1912
1.007	-0.05407	0.1927
1.011	-0.05457	0.1943
1.013	-0.05773	0.1942
1.011	-0.06094	0.1985
1.006	-0.05692	0.1995
1.006	-0.0567	0.1909
1.006	-0.059	0.1876
1.005	-0.0574	0.1891
1.006	-0.05962	0.191
1.006	-0.06032	0.1969
1.006	-0.05907	0.201
1.006	-0.05945	0.1999
1.007	-0.05671	0.1961
1.011	-0.05549	0.1934
1.012	-0.05749	0.1935
1.009	-0.05843	0.1931
1.008	-0.05892	0.1931
1.007	-0.06014	0.1931
1.005	-0.06145	0.1881
1.004	-0.06091	0.1866
1.004	-0.06067	0.1923
1.005	-0.06222	0.1949
1.008	-0.06071	0.1959
1.009	-0.05632	0.1978
1.009	-0.0546	0.1967
1.01	-0.05418	0.1955
1.01	-0.052	0.1935
1.007	-0.05334	0.1933
1.006	-0.06021	0.1974
1.007	-0.06227	0.198
1.006	-0.05698	0.196
1.003	-0.0551	0.1942
1.004	-0.0572	0.1927
1.01	-0.05935	0.1932
1.012	-0.06418	0.1919
1.007	-0.06706	0.1911
1.005	-0.06524	0.1915
1.008	-0.0612	0.1898
1.011	-0.05441	0.1892
1.013	-0.05271	0.1897
1.006	-0.05719	0.1899
1.002	-0.05731	0.1935
1.005	-0.05578	0.1999
1.005	-0.05735	0.2032
1.006	-0.05985	0.2013
1.007	-0.06007	0.1975
1.007	-0.0549	0.194
1.01	-0.0525	0.193
1.009	-0.05744	0.1938
1.005	-0.06102	0.1933
1.006	-0.06145	0.1934
1.008	-0.06112	0.1933
1.01	-0.06	0.1922
1.008	-0.0591	0.1943
1.006	-0.05918	0.1943
1.007	-0.06291	0.1863
1.005	-0.06559	0.1826
1.007	-0.05791	0.1921
1.009	-0.0479	0.2017
1.009	-0.04772	0.202
1.011	-0.05349	0.1957
1.011	-0.05785	0.1918
1.006	-0.05989	0.1969
1.003	-0.0614	0.1978
1.006	-0.06179	0.1913
1.007	-0.05977	0.1856
1.007	-0.05954	0.1843
1.006	-0.06431	0.1948
1.005	-0.06632	0.2001
1.007	-0.06171	0.1935
1.008	-0.05988	0.1976
1.004	-0.06063	0.2078
1.005	-0.05877	0.2087
1.008	-0.05483	0.1958
1.009	-0.04868	0.1826
1.008	-0.04883	0.1827
1.008	-0.05277	0.1843
1.011	-0.05102	0.1908
1.011	-0.05129	0.1978
1.01	-0.05591	0.1936
1.011	-0.06475	0.1936
1.009	-0.07078	0.1949
1.005	-0.06666	0.193
1.003	-0.0669	0.1919
1.004	-0.06764	0.1898
1.004	-0.06187	0.1952
1.005	-0.058	0.1982
1.006	-0.05403	0.1966
1.006	-0.05321	0.2033
1.009	-0.04989	0.2063
1.011	-0.04418	0.1991
1.009	-0.05241	0.183
1.009	-0.06265	0.1759
1.011	-0.08336	0.1841
1.007	-0.0633	0.1949
1.002	-0.05249	0.1999
1.002	-0.05005	0.2011
1.008	-0.0508	0.2014
1.01	-0.05629	0.1986
1.006	-0.06105	0.1954
1.005	-0.06164	0.1934
1.008	-0.06004	0.1895
1.012	-0.05539	0.1873
1.013	-0.05532	0.1867
1.007	-0.06083	0.1865
1.003	-0.06138	0.1901
1.006	-0.05977	0.1969
1.006	-0.06085	0.2009
1.006	-0.06256	0.1999
1.008	-0.06184	0.1969
1.007	-0.05572	0.1942
1.01	-0.05242	0.1938
1.008	-0.05662	0.1951
1.005	-0.05966	0.1949
1.006	-0.05975	0.1951
1.008	-0.0593	0.1948
1.009	-0.05825	0.1935
1.008	-0.05756	0.1953
1.006	-0.05795	0.195
1.007	-0.06206	0.1866
1.005	-0.06513	0.1825
1.007	-0.05781	0.1918
1.009	-0.04812	0.2012
1.01	-0.04818	0.2014
1.011	-0.0541	0.195
1.011	-0.05855	0.1912
1.006	-0.06059	0.1964
1.003	-0.06204	0.1973
1.006	-0.06232	0.191
1.007	-0.06017	0.1854
1.007	-0.05979	0.1842
1.006	-0.06442	0.1949
1.005	-0.0663	0.2002
1.007	-0.06159	0.1937
1.008	-0.05968	0.1979
1.004	-0.06038	0.208
1.005	-0.05851	0.209
1.008	-0.05459	0.196
1.009	-0.04846	0.1828
1.008	-0.04865	0.1828
1.008	-0.05265	0.1843
1.011	-0.05095	0.1908
1.011	-0.05127	0.1977
1.01	-0.05593	0.1935
1.011	-0.06481	0.1935
1.009	-0.07087	0.1948
1.005	-0.06676	0.1929
1.003	-0.06699	0.1918
1.004	-0.06773	0.1898
1.004	-0.06194	0.1952
1.005	-0.05805	0.1982
1.006	-0.05407	0.1966
1.006	-0.05322	0.2033
1.009	-0.04989	0.2063
1.011	-0.04416	0.1991
1.009	-0.05238	0.1831
1.009	-0.06262	0.1759
1.007	-0.06259	0.1923
1.004	-0.0606	0.199
1.005	-0.06474	0.1934
1.009	-0.06877	0.1958
1.012	-0.06328	0.1935
1.009	-0.06067	0.1927
1.011	-0.06101	0.1924
1.013	-0.0607	0.1826
1.005	-0.06065	0.1867
0.9968	-0.04751	0.2038
0.9946	-0.04139	0.2097
1.001	-0.05052	0.2017
1.016	-0.05171	0.1967
1.019	-0.05537	0.1974
1.007	-0.05855	0.1908
1.003	-0.05373	0.1876
1.007	-0.05944	0.1895
1.007	-0.06838	0.1903
1.009	-0.06978	0.1947
1.011	-0.06663	0.1936
1.006	-0.06342	0.1913
1.006	-0.066	0.1908
1.006	-0.0659	0.1897
1.006	-0.06072	0.1938
1.01	-0.05379	0.1943
1.009	-0.04894	0.1935
1.009	-0.05413	0.195
1.008	-0.05762	0.1961
1.005	-0.05816	0.198
1.006	-0.06141	0.1961
1.005	-0.05501	0.1958
1.005	-0.04618	0.196
1.01	-0.04585	0.194
1.01	-0.05229	0.1953
1.006	-0.06355	0.1948
1.001	-0.06789	0.1935
1.002	-0.065	0.1921
1.013	-0.066	0.1914
1.016	-0.06547	0.1929
1.009	-0.05797	0.1924
1.007	-0.05413	0.1962
1.008	-0.05509	0.2002
1.005	-0.05267	0.1954
1.007	-0.05234	0.1908
1.007	-0.05659	0.1883
1.003	-0.06129	0.1885
1.004	-0.06234	0.1926
1.005	-0.05859	0.1937
1.006	-0.06404	0.1937
1.008	-0.07348	0.1958
1.008	-0.06912	0.1961
1.009	-0.05852	0.195
1.01	-0.04835	0.1947
1.011	-0.04468	0.1952
1.011	-0.05118	0.1982
1.008	-0.05732	0.2015
1.007	-0.06111	0.1972
1.007	-0.06024	0.1874
0.9986	-0.05342	0.1841
0.994	-0.05239	0.1905
1.003	-0.06191	0.1962
1.015	-0.06744	0.1954
1.017	-0.06168	0.1939
1.013	-0.05993	0.1919
1.013	-0.03905	0.1927
1.007	-0.04895	0.1979
1.004	-0.06155	0.192
1.007	-0.07109	0.1948
1.009	-0.06869	0.193
1.006	-0.06728	0.1929
1.008	-0.06744	0.1931
1.011	-0.06602	0.1836
1.003	-0.06437	0.1878
0.996	-0.04945	0.2048
0.9946	-0.04164	0.2104
1.002	-0.04935	0.2021
1.017	-0.04947	0.1968
1.02	-0.05249	0.1971
1.009	-0.05544	0.1903
1.004	-0.05073	0.1869
1.008	-0.05683	0.1887
1.008	-0.06636	0.1895
1.009	-0.06844	0.194
1.011	-0.06599	0.193
1.006	-0.06342	0.1908
1.006	-0.06654	0.1905
1.005	-0.06685	0.1895
1.005	-0.06192	0.1938
1.01	-0.05509	0.1945
1.009	-0.05021	0.1938
1.008	-0.05525	0.1953
1.008	-0.05853	0.1965
1.005	-0.05881	0.1983
1.006	-0.06179	0.1964
1.005	-0.05512	0.1961
1.005	-0.04606	0.1961
1.01	-0.04556	0.1941
1.01	-0.05188	0.1953
1.006	-0.06308	0.1948
1.001	-0.06741	0.1934
1.002	-0.06455	0.192
1.013	-0.06562	0.1913
1.016	-0.06518	0.1928
1.009	-0.05778	0.1922
1.007	-0.05404	0.1961
1.008	-0.05509	0.2001
1.005	-0.05274	0.1954
1.007	-0.05247	0.1907
1.007	-0.05676	0.1883
1.003	-0.06146	0.1885
1.004	-0.06251	0.1926
1.005	-0.05875	0.1937
1.006	-0.06417	0.1937
1.007	-0.07357	0.1958
1.008	-0.06917	0.1962
1.009	-0.05854	0.1951
1.01	-0.04833	0.1947
1.011	-0.04464	0.1953
1.011	-0.05112	0.1982
1.008	-0.05726	0.2015
1.007	-0.06104	0.1972
1.007	-0.06018	0.1873
0.9986	-0.05337	0.184
0.994	-0.05235	0.1905
1.003	-0.06189	0.1962
1.015	-0.06743	0.1954
1.017	-0.06169	0.1939
1.013	-0.05994	0.1919
1.011	-0.05976	0.1901
1.011	-0.05143	0.1912
1.009	-0.04375	0.1922
1.009	-0.04157	0.1953
1.005	-0.05409	0.1991
0.9972	-0.07575	0.1991
0.9947	-0.08137	0.1972
1	-0.07513	0.1978
1.014	-0.07266	0.1959
1.024	-0.07288	0.1851
1.016	-0.064	0.1883
0.9962	-0.03628	0.2078
0.9925	-0.01981	0.2072
1.011	-0.03771	0.1877
1.015	-0.05943	0.1808
0.9956	-0.07354	0.1919
0.9954	-0.0704	0.2005
1.011	-0.04507	0.1965
1.015	-0.04338	0.1805
1.015	-0.05787	0.1704
1.012	-0.06101	0.19
1.011	-0.06737	0.208
1.021	-0.06417	0.2045
1.033	-0.05583	0.2023
1.03	-0.0616	0.1973
0.9939	-0.07406	0.1971
0.9444	-0.0779	0.2104
0.9475	-0.0634	0.2068
1.014	-0.059	0.1768
1.039	-0.06918	0.1582
1.005	-0.06105	0.1739
1.007	-0.04139	0.196
1.026	-0.0316	0.2031
1.026	-0.04022	0.1994
1.033	-0.0538	0.1974
1.019	-0.0586	0.2076
0.9946	-0.06176	0.2115
0.9954	-0.057	0.2081
1.001	-0.05024	0.2034
1.006	-0.05628	0.1851
1.004	-0.07165	0.175
1.001	-0.08692	0.1829
1.003	-0.08499	0.1877
0.9955	-0.07322	0.1884
0.9963	-0.06196	0.1875
1.009	-0.0362	0.1897
1.015	-0.0126	0.2009
1.017	-0.02029	0.2052
1.012	-0.051	0.1954
1.009	-0.08436	0.1907
1.004	-0.09778	0.1917
0.9946	-0.08053	0.1923
0.9946	-0.05876	0.1993
1.013	-0.04607	0.2004
1.036	-0.03754	0.1963
1.037	-0.0442	0.1969
1.016	-0.05801	0.1927
0.9915	-0.05771	0.1906
0.9875	-0.04557	0.1934
1.007	-0.04779	0.1935
1.011	-0.07131	0.195
0.9916	-0.08842	0.1949
0.9895	-0.09062	0.1921
1.001	-0.08297	0.1894
