0.9709	0.1597	0.1469
0.9693	0.1611	0.1501
0.9663	0.1568	0.1537
0.9682	0.1562	0.1528
0.9747	0.1636	0.1479
0.9776	0.165	0.1465
0.98	0.164	0.1523
0.9825	0.1695	0.1551
0.9836	0.1699	0.1557
0.9857	0.1639	0.1595
0.986	0.1629	0.16
0.9841	0.1629	0.1591
0.9825	0.1606	0.1585
0.9816	0.1606	0.1586
0.9817	0.1615	0.166
0.9816	0.1638	0.1664
0.9809	0.1662	0.154
0.9796	0.1655	0.1489
0.9785	0.1622	0.1529
0.9786	0.1592	0.1573
0.9783	0.16	0.1586
0.9764	0.1619	0.1542
0.9755	0.1633	0.1519
0.9765	0.1652	0.1541
0.9773	0.165	0.154
0.9797	0.1647	0.1539
0.9826	0.1643	0.1538
0.9825	0.1631	0.1527
0.9797	0.1648	0.1552
0.9785	0.1641	0.1579
0.9811	0.1592	0.1578
0.9822	0.158	0.1567
0.9811	0.1607	0.1555
0.981	0.1637	0.1553
0.9796	0.1657	0.1577
0.9782	0.1659	0.1621
0.9776	0.1642	0.1625
0.9768	0.1645	0.1587
0.9779	0.1662	0.154
0.9807	0.1642	0.1508
0.9824	0.1597	0.154
0.9808	0.1568	0.1557
0.9795	0.1597	0.1531
0.9794	0.1638	0.1514
0.9788	0.1638	0.1499
0.9815	0.165	0.1529
0.9823	0.1659	0.1569
0.98	0.1653	0.1596
0.9803	0.1641	0.1617
0.9783	0.1614	0.1588
0.9777	0.1615	0.1591
0.9825	0.1608	0.1595
0.9831	0.1605	0.1562
0.9782	0.1649	0.1556
0.9751	0.1654	0.1524
0.9762	0.1624	0.1531
0.9769	0.1626	0.1593
0.9777	0.1654	0.1584
0.98	0.1653	0.1535
0.9802	0.1616	0.152
0.9804	0.1606	0.1554
0.9801	0.1622	0.1555
0.9795	0.1627	0.1506
0.9831	0.1628	0.1517
0.9841	0.163	0.1568
0.9812	0.1641	0.1606
0.9805	0.1654	0.1606
0.9801	0.1649	0.1606
0.9809	0.1627	0.1608
0.9813	0.1615	0.1552
0.9776	0.1615	0.1536
0.9765	0.161	0.1558
0.979	0.1612	0.153
0.9788	0.1619	0.1513
0.9785	0.1626	0.1527
0.9793	0.1639	0.1549
0.9792	0.1644	0.1559
0.9801	0.1657	0.1546
0.9804	0.1665	0.1546
0.9793	0.1635	0.1557
0.9805	0.1616	0.158
0.9812	0.1633	0.1603
0.9769	0.1668	0.1595
0.9748	0.1673	0.1579
0.9784	0.1605	0.1577
0.9804	0.1575	0.1583
0.9811	0.1609	0.1567
0.9817	0.1598	0.1539
0.9791	0.1566	0.1627
0.9824	0.1618	0.1556
0.9851	0.1649	0.1513
0.984	0.1657	0.1481
0.9801	0.1683	0.1501
0.9777	0.1676	0.1533
0.9793	0.1622	0.1542
0.9798	0.1603	0.1545
0.9784	0.1622	0.1546
0.9783	0.1642	0.1556
0.9773	0.1656	0.1589
0.9764	0.1652	0.1638
0.9764	0.163	0.1645
0.9763	0.1632	0.1608
0.978	0.1649	0.1558
0.9813	0.163	0.1523
0.9833	0.1587	0.155
0.982	0.1561	0.1563
0.9808	0.1593	0.1533
0.9806	0.1637	0.1511
0.9799	0.1639	0.1493
0.9824	0.1654	0.1521
0.9829	0.1664	0.156
0.9803	0.1659	0.1588
0.9803	0.1646	0.1609
0.9781	0.1619	0.1582
0.9774	0.1619	0.1587
0.982	0.1611	0.1592
0.9826	0.1607	0.1561
0.9777	0.1649	0.1556
0.9747	0.1654	0.1526
0.9758	0.1623	0.1534
0.9766	0.1624	0.1596
0.9776	0.1652	0.1588
0.9799	0.1651	0.1538
0.9802	0.1614	0.1522
0.9804	0.1604	0.1556
0.9802	0.162	0.1556
0.9797	0.1626	0.1507
0.9833	0.1627	0.1517
0.9843	0.163	0.1568
0.9814	0.1641	0.1605
0.9806	0.1655	0.1605
0.9802	0.165	0.1604
0.981	0.1628	0.1606
0.9813	0.1615	0.1551
0.9775	0.1616	0.1535
0.9765	0.1611	0.1557
0.9789	0.1612	0.1529
0.9787	0.1619	0.1513
0.9784	0.1626	0.1527
0.9792	0.1639	0.155
0.9792	0.1644	0.156
0.98	0.1657	0.1546
0.9804	0.1665	0.1546
0.9793	0.1634	0.1558
0.9805	0.1615	0.1581
0.9812	0.1633	0.1603
0.9769	0.1667	0.1595
0.9748	0.1673	0.1579
0.9785	0.1605	0.1577
0.9805	0.1575	0.1583
0.9811	0.1609	0.1567
0.9817	0.1598	0.1539
0.9811	0.1591	0.1539
0.9825	0.1593	0.1544
0.9821	0.1593	0.1529
0.9806	0.1671	0.154
0.9834	0.1716	0.1602
0.9827	0.1683	0.1612
0.9773	0.1657	0.1552
0.9761	0.163	0.1549
0.9783	0.1626	0.1555
0.9783	0.1626	0.1493
0.9766	0.1601	0.1484
0.9768	0.161	0.1531
0.9782	0.1627	0.1541
0.9785	0.1647	0.1556
0.9778	0.1664	0.1587
0.979	0.1626	0.1596
0.9818	0.1614	0.1607
0.9828	0.1619	0.1596
0.9832	0.1598	0.1568
0.984	0.1612	0.1566
0.9828	0.1606	0.1561
0.9799	0.1579	0.1571
0.9778	0.1609	0.1582
0.9777	0.1661	0.1561
0.9786	0.1686	0.157
0.9793	0.1676	0.1571
0.9789	0.167	0.1525
0.9792	0.1675	0.1509
0.9802	0.1649	0.1525
0.9798	0.1622	0.1537
0.9781	0.1602	0.1544
0.9763	0.1595	0.1553
0.9775	0.162	0.159
0.982	0.1626	0.1622
0.9835	0.1615	0.1598
0.9802	0.1604	0.1561
0.9789	0.16	0.1533
0.9799	0.1628	0.1499
0.9793	0.1653	0.1492
0.9796	0.1662	0.1537
0.9808	0.1651	0.1613
0.9807	0.1621	0.1641
0.9807	0.16	0.1609
0.9798	0.1601	0.1574
0.9792	0.1636	0.1527
0.9797	0.1656	0.151
0.9782	0.1645	0.1544
0.9773	0.1654	0.1549
0.9778	0.1656	0.1556
0.9793	0.1634	0.1584
0.9814	0.1624	0.1562
0.9813	0.1615	0.153
0.9813	0.1607	0.1547
0.9811	0.1612	0.1575
0.9785	0.1632	0.1588
0.9781	0.1648	0.1584
0.9816	0.1634	0.1567
0.9832	0.1625	0.1555
0.9808	0.1632	0.1544
0.9778	0.1629	0.1529
0.9762	0.1628	0.1539
0.975	0.1627	0.1572
0.9763	0.1622	0.158
0.9812	0.1623	0.1571
0.9813	0.1626	0.1515
0.9816	0.161	0.1552
0.981	0.1597	0.1553
0.9799	0.1665	0.157
0.9833	0.1704	0.1631
0.9832	0.1667	0.1636
0.9783	0.164	0.1567
0.9774	0.1615	0.1556
0.9798	0.1613	0.1554
0.9797	0.1617	0.1486
0.9778	0.1596	0.1472
0.9777	0.1608	0.1517
0.9788	0.1628	0.1526
0.9788	0.1651	0.1543
0.9777	0.1669	0.1576
0.9786	0.1632	0.1588
0.9812	0.162	0.1602
0.9821	0.1625	0.1594
0.9824	0.1603	0.1569
0.9833	0.1616	0.1569
0.9822	0.1609	0.1566
0.9794	0.158	0.1577
0.9775	0.1609	0.1588
0.9775	0.166	0.1567
0.9786	0.1684	0.1575
0.9794	0.1674	0.1575
0.9791	0.1667	0.1527
0.9794	0.1672	0.151
0.9805	0.1647	0.1525
0.9801	0.1621	0.1536
0.9783	0.1601	0.1542
0.9765	0.1594	0.1551
0.9776	0.162	0.1588
0.9821	0.1626	0.162
0.9836	0.1616	0.1596
0.9802	0.1605	0.1559
0.9789	0.1601	0.1531
0.9798	0.1629	0.1499
0.9792	0.1654	0.1492
0.9795	0.1663	0.1537
0.9807	0.1652	0.1613
0.9806	0.1622	0.1641
0.9807	0.16	0.161
0.9797	0.1601	0.1575
0.9792	0.1636	0.1527
0.9797	0.1656	0.151
0.9782	0.1644	0.1544
0.9773	0.1654	0.1549
0.9779	0.1656	0.1556
0.9793	0.1634	0.1584
0.9814	0.1624	0.1562
0.9814	0.1615	0.153
0.9813	0.1607	0.1547
0.9811	0.1612	0.1575
0.9785	0.1632	0.1587
0.9781	0.1648	0.1584
0.9816	0.1634	0.1567
0.9832	0.1625	0.1555
0.9808	0.1632	0.1543
0.9778	0.1629	0.1529
0.9762	0.1628	0.1539
0.975	0.1627	0.1572
0.9763	0.1622	0.158
0.9812	0.1623	0.1571
0.9834	0.1622	0.1591
0.98	0.1625	0.1585
0.9792	0.1633	0.1531
0.9811	0.1644	0.1509
0.9798	0.1646	0.1516
0.9808	0.1649	0.1544
0.9828	0.1663	0.1588
0.9807	0.165	0.1588
0.9793	0.1621	0.156
0.9787	0.1608	0.1555
0.9781	0.1613	0.1549
0.9792	0.1621	0.1555
0.9797	0.1617	0.1574
0.9795	0.1598	0.1576
0.9785	0.1587	0.1577
0.9778	0.1623	0.1546
0.9788	0.1669	0.1506
0.9801	0.1668	0.1543
0.9816	0.1661	0.1605
0.9825	0.1655	0.1643
0.9812	0.1639	0.1621
0.979	0.1639	0.1524
0.9785	0.1634	0.1469
0.9795	0.1611	0.1479
0.9793	0.1596	0.1514
0.9777	0.1595	0.1591
0.9776	0.1593	0.1622
0.9787	0.1617	0.1586
0.9776	0.1652	0.1574
0.9781	0.1652	0.1577
0.9851	0.1659	0.1605
0.9878	0.1651	0.1625
0.9816	0.1593	0.1544
0.9781	0.1589	0.1521
0.9777	0.1665	0.1548
0.9776	0.1694	0.1461
0.9799	0.1645	0.1463
0.9791	0.1626	0.156
0.9773	0.1631	0.1559
0.9785	0.1633	0.1528
0.9787	0.1653	0.1541
0.9814	0.1617	0.1609
0.9834	0.1579	0.1649
0.9788	0.1602	0.1616
0.9771	0.1615	0.1602
0.9787	0.1623	0.1591
0.9788	0.1595	0.1571
0.9797	0.1582	0.1533
0.9802	0.1659	0.1478
0.9815	0.1696	0.1496
0.9826	0.1671	0.1543
0.9818	0.1657	0.1574
0.9806	0.1653	0.1599
0.9775	0.1644	0.1593
0.9778	0.16	0.1594
0.9803	0.158	0.1584
0.9788	0.1621	0.1538
0.9777	0.1657	0.1502
0.9764	0.1656	0.1506
0.9773	0.163	0.1553
0.9822	0.1623	0.158
0.9837	0.1632	0.1563
0.9837	0.1593	0.1567
0.9823	0.1553	0.1574
0.9788	0.1635	0.1724
0.9772	0.1646	0.1593
0.9773	0.1655	0.1478
0.9797	0.1662	0.1438
0.9788	0.1658	0.1453
0.9799	0.1655	0.1502
0.9821	0.1663	0.1571
0.9802	0.1646	0.1594
0.979	0.1613	0.1584
0.9785	0.1599	0.159
0.9782	0.1604	0.159
0.9794	0.1613	0.1595
0.9801	0.1612	0.1608
0.9799	0.1595	0.1601
0.979	0.1586	0.1591
0.9783	0.1624	0.155
0.9793	0.1672	0.15
0.9805	0.1672	0.1529
0.9819	0.1665	0.1586
0.9827	0.1659	0.1622
0.9813	0.1643	0.16
0.979	0.1643	0.1504
0.9784	0.1637	0.1453
0.9794	0.1613	0.1467
0.9791	0.1597	0.1507
0.9775	0.1595	0.1588
0.9774	0.1592	0.1624
0.9786	0.1616	0.1591
0.9775	0.1651	0.1581
0.978	0.165	0.1585
0.985	0.1657	0.1614
0.9877	0.1649	0.1633
0.9816	0.1592	0.1552
0.9781	0.1588	0.1527
0.9778	0.1665	0.1552
0.9777	0.1694	0.1463
0.98	0.1645	0.1463
0.9792	0.1627	0.1559
0.9773	0.1632	0.1557
0.9785	0.1633	0.1526
0.9787	0.1653	0.1538
0.9814	0.1618	0.1606
0.9834	0.158	0.1646
0.9788	0.1602	0.1613
0.9771	0.1615	0.1601
0.9787	0.1623	0.159
0.9787	0.1595	0.1571
0.9796	0.1582	0.1534
0.9801	0.1659	0.1478
0.9815	0.1696	0.1497
0.9826	0.167	0.1544
0.9818	0.1656	0.1575
0.9806	0.1653	0.16
0.9775	0.1644	0.1594
0.9778	0.16	0.1594
0.9803	0.1579	0.1585
0.9788	0.1621	0.1538
0.9777	0.1657	0.1502
0.9764	0.1656	0.1505
0.9773	0.163	0.1552
0.9822	0.1623	0.1579
0.9837	0.1632	0.1563
0.9837	0.1593	0.1566
0.9823	0.1553	0.1574
0.9798	0.1591	0.1569
0.9796	0.167	0.1585
0.978	0.1705	0.1582
0.9773	0.1674	0.1565
0.9775	0.1665	0.157
0.9758	0.1666	0.1535
0.9772	0.1623	0.1489
0.9805	0.161	0.1505
0.9816	0.158	0.1562
0.9816	0.1552	0.1594
0.9815	0.1624	0.1564
0.9815	0.1648	0.1555
0.9807	0.1629	0.1569
0.9802	0.1646	0.1565
0.9799	0.1635	0.1599
0.9792	0.1648	0.1593
0.9792	0.1659	0.1562
0.979	0.1625	0.1589
0.9788	0.1627	0.1579
0.9789	0.1635	0.1542
0.9783	0.162	0.1526
0.9791	0.1612	0.1519
0.9802	0.1625	0.1538
0.9794	0.1654	0.1535
0.9798	0.1647	0.1525
0.9814	0.1611	0.1552
0.9808	0.1599	0.1578
0.9798	0.1615	0.1593
0.9797	0.1633	0.1602
0.9791	0.1622	0.1588
0.9799	0.1624	0.1552
0.9802	0.1665	0.1541
0.9794	0.168	0.1553
0.9795	0.1665	0.1545
0.9786	0.1671	0.1551
0.9789	0.1655	0.1557
0.9792	0.1609	0.1553
0.9786	0.1585	0.1572
0.9803	0.1556	0.1583
0.9802	0.1554	0.1587
0.9797	0.1615	0.1569
0.9811	0.1646	0.1518
0.9808	0.1646	0.1515
0.9804	0.1648	0.1558
0.9802	0.1634	0.158
0.9797	0.1635	0.1602
0.9795	0.1653	0.1598
0.9792	0.166	0.1498
0.9792	0.1658	0.1459
0.9789	0.1649	0.1571
0.9787	0.1645	0.16
0.9789	0.1637	0.156
0.9797	0.1617	0.1587
0.9803	0.1608	0.1572
0.9803	0.162	0.1574
0.9814	0.1634	0.1605
0.981	0.1613	0.1582
0.9773	0.1594	0.158
0.977	0.1617	0.1541
0.982	0.1622	0.1495
0.9826	0.1613	0.1524
0.9768	0.1609	0.1515
0.976	0.1613	0.1534
0.9803	0.1665	0.1573
0.9831	0.1642	0.1452
0.9818	0.1687	0.1587
0.9797	0.17	0.1644
0.9786	0.1656	0.1648
0.9785	0.1641	0.1647
0.9767	0.1641	0.1592
0.9778	0.1601	0.1521
0.9809	0.1593	0.1511
0.9818	0.1569	0.1547
0.9816	0.1547	0.1564
0.9814	0.1624	0.1524
0.9811	0.1652	0.1513
0.9802	0.1636	0.153
0.9797	0.1655	0.1534
0.9794	0.1644	0.1576
0.9787	0.1656	0.158
0.9788	0.1666	0.1559
0.9787	0.163	0.1595
0.9786	0.163	0.1592
0.9788	0.1636	0.156
0.9783	0.162	0.1546
0.9792	0.161	0.1539
0.9803	0.1622	0.1555
0.9796	0.1651	0.155
0.98	0.1644	0.1536
0.9816	0.1607	0.1558
0.981	0.1596	0.1579
0.98	0.1613	0.1591
0.9798	0.1631	0.1597
0.9792	0.1622	0.1581
0.98	0.1624	0.1544
0.9802	0.1666	0.1533
0.9794	0.1681	0.1546
0.9795	0.1667	0.1539
0.9785	0.1673	0.1546
0.9788	0.1656	0.1554
0.9791	0.161	0.1551
0.9786	0.1586	0.1572
0.9803	0.1557	0.1584
0.9802	0.1554	0.1589
0.9797	0.1615	0.1572
0.9811	0.1646	0.1521
0.9808	0.1645	0.1518
0.9804	0.1648	0.156
0.9802	0.1633	0.1582
0.9797	0.1635	0.1604
0.9795	0.1653	0.1599
0.9792	0.166	0.1498
0.9792	0.1658	0.1459
0.9789	0.1649	0.1571
0.9787	0.1645	0.1599
0.9789	0.1637	0.1559
0.9797	0.1617	0.1586
0.9803	0.1608	0.1571
0.9803	0.1621	0.1573
0.9814	0.1635	0.1604
0.981	0.1613	0.1581
0.9773	0.1595	0.158
0.977	0.1617	0.1541
0.982	0.1622	0.1495
0.9826	0.1613	0.1524
0.9768	0.1609	0.1516
0.976	0.1613	0.1534
0.9803	0.1665	0.1574
0.9805	0.169	0.155
0.9797	0.1667	0.1563
0.9809	0.1681	0.1582
0.9808	0.1664	0.1598
0.981	0.1605	0.1622
0.9813	0.159	0.1579
0.9804	0.159	0.1549
0.9804	0.1585	0.1542
0.9801	0.1601	0.1528
0.9787	0.1638	0.1553
0.9778	0.1653	0.1563
0.9772	0.1643	0.1536
0.9774	0.1644	0.1521
0.9791	0.1638	0.154
0.9812	0.1626	0.1578
0.9813	0.1625	0.1588
0.9799	0.1632	0.1573
0.9803	0.1639	0.1563
0.9799	0.1634	0.1562
0.9791	0.1639	0.1549
0.9805	0.1639	0.1549
0.9802	0.1621	0.1602
0.979	0.1621	0.163
0.9788	0.1629	0.159
0.9781	0.1633	0.1531
0.9783	0.1639	0.1499
0.9792	0.1638	0.1503
0.9819	0.1624	0.1517
0.9835	0.1616	0.1545
0.9812	0.1632	0.1568
0.9797	0.1628	0.1575
0.9789	0.1596	0.1596
0.9797	0.1589	0.1585
0.9814	0.1609	0.1553
0.9788	0.1638	0.1556
0.9738	0.1679	0.1557
0.9712	0.1735	0.1562
0.9765	0.1744	0.158
0.9854	0.1665	0.1572
0.9877	0.1565	0.1557
0.9849	0.1535	0.1553
0.9816	0.1569	0.1559
0.9797	0.1577	0.1561
0.9789	0.1575	0.1543
0.9782	0.1612	0.1547
0.979	0.1643	0.1576
0.98	0.1667	0.1579
0.9782	0.1668	0.1552
0.9746	0.1654	0.1524
0.9749	0.1656	0.1506
0.9791	0.1651	0.1508
0.9809	0.166	0.1547
0.9807	0.1663	0.158
0.9811	0.1652	0.1605
0.9815	0.1654	0.163
0.9819	0.1617	0.1609
0.9819	0.156	0.1598
0.9809	0.1555	0.1586
0.9789	0.1626	0.1533
0.978	0.1667	0.1514
0.9803	0.1616	0.1522
0.9812	0.1606	0.1535
0.9794	0.1617	0.1541
0.9795	0.1591	0.1556
0.9802	0.1616	0.1587
0.9782	0.1648	0.1538
0.9788	0.1696	0.1531
0.9786	0.1697	0.1546
0.9791	0.1644	0.1583
0.9798	0.1627	0.1558
0.9795	0.1619	0.1547
0.98	0.1605	0.1557
0.9803	0.1611	0.1554
0.9794	0.1639	0.1585
0.9787	0.1647	0.1596
0.9783	0.1631	0.1566
0.9785	0.1629	0.1545
0.9801	0.1622	0.1556
0.9821	0.1611	0.1586
0.982	0.1612	0.1588
0.9803	0.1622	0.1566
0.9804	0.1633	0.155
0.9799	0.1632	0.1547
0.9788	0.164	0.1532
0.9801	0.1642	0.1533
0.9798	0.1626	0.1587
0.9785	0.1627	0.1619
0.9784	0.1636	0.1582
0.9778	0.1639	0.1527
0.978	0.1644	0.1499
0.979	0.1642	0.1505
0.9818	0.1627	0.1521
0.9835	0.1617	0.1551
0.9812	0.1632	0.1575
0.9798	0.1627	0.1582
0.9791	0.1594	0.1602
0.9799	0.1587	0.159
0.9816	0.1606	0.1557
0.979	0.1635	0.1559
0.9739	0.1677	0.1558
0.9713	0.1733	0.1562
0.9765	0.1743	0.1579
0.9854	0.1665	0.157
0.9877	0.1565	0.1555
0.9849	0.1535	0.155
0.9815	0.157	0.1557
0.9796	0.1578	0.1559
0.9788	0.1576	0.1541
0.9781	0.1613	0.1546
0.9789	0.1644	0.1576
0.98	0.1668	0.1579
0.9782	0.1669	0.1552
0.9746	0.1654	0.1524
0.9749	0.1656	0.1507
0.9791	0.1651	0.1509
0.9809	0.166	0.1548
0.9807	0.1663	0.1581
0.9811	0.1652	0.1606
0.9816	0.1653	0.163
0.982	0.1617	0.161
0.9819	0.156	0.1598
0.9809	0.1555	0.1586
0.9789	0.1626	0.1533
0.978	0.1667	0.1513
0.9803	0.1616	0.1522
0.9812	0.1606	0.1535
0.9794	0.1617	0.1541
0.9795	0.1592	0.1555
0.9792	0.1612	0.1576
0.979	0.1653	0.1519
0.9803	0.1673	0.1499
0.9796	0.1676	0.156
0.9794	0.1684	0.1581
0.9795	0.168	0.1593
0.9776	0.1625	0.1601
0.9776	0.1599	0.1616
0.9786	0.1591	0.1629
0.9787	0.1579	0.1557
0.9788	0.1637	0.1483
0.9795	0.1681	0.1485
0.9816	0.1656	0.1545
0.9829	0.1613	0.1605
0.9824	0.158	0.1632
0.9811	0.1588	0.1632
0.9796	0.1612	0.1519
0.9791	0.1622	0.1443
0.9786	0.1644	0.1513
0.9779	0.1659	0.1514
0.9804	0.165	0.1527
0.9825	0.1638	0.159
0.981	0.1642	0.1562
0.9797	0.1651	0.1597
0.9782	0.164	0.163
0.9778	0.1628	0.1596
0.9792	0.1615	0.1626
0.978	0.1612	0.1592
0.9772	0.168	0.1538
0.9773	0.1702	0.153
0.9779	0.16	0.1486
0.982	0.1529	0.1504
0.9828	0.1557	0.1548
0.9784	0.1649	0.1586
0.9783	0.1709	0.1602
0.9834	0.1645	0.1526
0.9854	0.1583	0.1511
0.9843	0.1604	0.1569
0.9827	0.1649	0.157
0.9759	0.1699	0.1572
0.9727	0.1654	0.1603
0.9799	0.1534	0.1596
0.9808	0.1537	0.1558
0.9765	0.1673	0.1548
0.9778	0.1752	0.1549
0.9787	0.1682	0.1541
0.9791	0.1593	0.1546
0.9798	0.1581	0.1549
0.9782	0.1634	0.1551
0.9796	0.1671	0.1554
0.9836	0.1607	0.1544
0.9838	0.1577	0.1541
0.9788	0.1609	0.1564
0.976	0.1643	0.1593
0.9801	0.1693	0.1591
0.9838	0.1649	0.1584
0.9833	0.1612	0.1588
0.9801	0.1632	0.1569
0.9776	0.1604	0.1545
0.9785	0.1621	0.1552
0.9775	0.1622	0.1567
0.977	0.1606	0.1558
0.9791	0.1657	0.1511
0.978	0.1673	0.1473
0.9824	0.1557	0.1579
0.9805	0.1628	0.1531
0.981	0.1663	0.1515
0.9799	0.1671	0.1576
0.9797	0.1679	0.1594
0.9799	0.1673	0.1602
0.9781	0.1616	0.1606
0.9781	0.1589	0.1617
0.979	0.1581	0.1627
0.9791	0.1571	0.1552
0.9791	0.1631	0.1477
0.9796	0.1679	0.1478
0.9815	0.1656	0.1539
0.9827	0.1617	0.16
0.9821	0.1586	0.1629
0.9807	0.1595	0.163
0.9791	0.162	0.1519
0.9787	0.163	0.1443
0.9782	0.1651	0.1514
0.9776	0.1665	0.1517
0.9802	0.1655	0.153
0.9824	0.164	0.1593
0.981	0.1643	0.1565
0.9798	0.1651	0.1599
0.9783	0.1638	0.1632
0.978	0.1625	0.1597
0.9793	0.1612	0.1626
0.9782	0.1609	0.1592
0.9774	0.1677	0.1538
0.9775	0.1699	0.1529
0.978	0.1598	0.1485
0.982	0.1527	0.1503
0.9829	0.1557	0.1547
0.9784	0.1648	0.1585
0.9783	0.1709	0.1601
0.9833	0.1646	0.1525
0.9853	0.1584	0.151
0.9842	0.1605	0.1569
0.9827	0.165	0.157
0.9758	0.17	0.1572
0.9726	0.1655	0.1603
0.9798	0.1534	0.1596
0.9808	0.1537	0.1558
0.9765	0.1673	0.1548
0.9778	0.1752	0.155
0.9787	0.1682	0.1541
0.9792	0.1593	0.1546
0.9798	0.158	0.1549
0.9782	0.1633	0.1551
0.9796	0.1671	0.1554
0.9836	0.1607	0.1544
0.9838	0.1577	0.1541
0.9788	0.1609	0.1564
0.976	0.1643	0.1593
0.9801	0.1693	0.1591
0.9838	0.1649	0.1584
0.9833	0.1612	0.1588
0.9801	0.1633	0.1569
0.9776	0.1604	0.1545
0.9785	0.1621	0.1552
0.9775	0.1623	0.1567
0.977	0.1606	0.1558
0.9791	0.1657	0.1511
0.978	0.1673	0.1473
0.9789	0.1661	0.1493
0.9837	0.1627	0.1547
0.9839	0.1592	0.1614
0.9786	0.1611	0.1648
0.9766	0.1609	0.1615
0.9799	0.161	0.1584
0.9799	0.1636	0.1556
0.9794	0.1649	0.1538
0.9815	0.1655	0.1552
0.9795	0.163	0.1544
0.9779	0.1621	0.1537
0.9786	0.1653	0.1523
0.9796	0.1654	0.1534
0.9811	0.1627	0.1586
0.9803	0.1606	0.1579
0.9804	0.1605	0.158
0.9808	0.163	0.1573
0.9796	0.1645	0.1537
0.98	0.1647	0.1574
0.9796	0.165	0.158
0.9792	0.162	0.1558
0.9796	0.1582	0.156
0.9793	0.1598	0.1529
0.9806	0.1645	0.1538
0.9805	0.1671	0.1561
0.9777	0.1661	0.1559
0.9773	0.1646	0.1574
0.9798	0.1643	0.1565
0.9796	0.1621	0.1561
0.9753	0.1607	0.1561
0.9763	0.1622	0.1547
0.9848	0.1616	0.1549
0.9874	0.159	0.1544
0.9816	0.16	0.1552
0.9806	0.1637	0.1582
0.9819	0.1648	0.1582
0.9782	0.1646	0.1571
0.9775	0.1653	0.1558
0.9787	0.1644	0.154
0.9772	0.1628	0.1554
0.9758	0.1619	0.1555
0.9752	0.1644	0.1537
0.9801	0.169	0.1573
0.9845	0.1678	0.1566
0.9827	0.1612	0.1535
0.9819	0.1586	0.1594
0.9796	0.1608	0.1611
0.9781	0.1603	0.1582
0.9798	0.1583	0.1593
0.9798	0.1587	0.1567
0.9801	0.1596	0.1507
0.9779	0.164	0.1463
0.9765	0.17	0.1473
0.9807	0.1699	0.1581
0.9814	0.165	0.1643
0.9793	0.1626	0.1579
0.9786	0.1642	0.1554
0.9789	0.1634	0.1566
0.9825	0.1613	0.1561
0.9843	0.1622	0.1577
0.981	0.1624	0.154
0.9767	0.1634	0.151
0.9755	0.1633	0.1547
0.9809	0.1601	0.1553
0.9773	0.1588	0.1704
0.9837	0.1615	0.1569
0.9845	0.1614	0.1539
0.9791	0.1649	0.1537
0.9766	0.165	0.1508
0.9794	0.1646	0.1503
0.979	0.1662	0.1509
0.9783	0.1663	0.1526
0.9803	0.1658	0.157
0.9784	0.1624	0.1584
0.977	0.1608	0.1588
0.978	0.1636	0.1577
0.9794	0.1636	0.1585
0.9812	0.161	0.1627
0.9807	0.1591	0.1608
0.981	0.1594	0.1595
0.9814	0.1623	0.1575
0.9803	0.1643	0.1527
0.9807	0.1649	0.1556
0.9802	0.1654	0.1556
0.9796	0.1626	0.1531
0.9799	0.159	0.1534
0.9795	0.1606	0.1505
0.9807	0.1652	0.1519
0.9804	0.1678	0.1547
0.9775	0.1666	0.1551
0.977	0.1649	0.1572
0.9795	0.1645	0.1568
0.9792	0.1621	0.1568
0.975	0.1605	0.1571
0.9761	0.162	0.1558
0.9846	0.1613	0.156
0.9872	0.1587	0.1554
0.9815	0.1597	0.1561
0.9806	0.1635	0.1588
0.9819	0.1646	0.1587
0.9782	0.1645	0.1573
0.9776	0.1652	0.1558
0.9788	0.1644	0.1539
0.9773	0.1628	0.1551
0.9759	0.162	0.1551
0.9752	0.1645	0.1533
0.9802	0.1691	0.1569
0.9845	0.1679	0.1562
0.9827	0.1613	0.1532
0.9818	0.1587	0.1592
0.9795	0.1609	0.161
0.978	0.1603	0.1582
0.9797	0.1583	0.1593
0.9798	0.1587	0.1568
0.9801	0.1596	0.1508
0.9779	0.164	0.1464
0.9765	0.17	0.1474
0.9807	0.1698	0.1583
0.9814	0.165	0.1644
0.9793	0.1626	0.158
0.9786	0.1642	0.1555
0.9789	0.1634	0.1567
0.9825	0.1613	0.1561
0.9843	0.1622	0.1577
0.9811	0.1624	0.154
0.9768	0.1634	0.1509
0.9755	0.1633	0.1546
0.9809	0.1601	0.1552
0.9843	0.1593	0.1568
0.9805	0.1597	0.1592
0.9784	0.1615	0.1601
0.9774	0.1658	0.1619
0.9767	0.1668	0.1574
0.9783	0.1653	0.1501
0.9791	0.1657	0.148
0.9806	0.1656	0.153
0.9807	0.1628	0.1593
0.98	0.1619	0.1581
0.981	0.1637	0.1565
0.9801	0.1629	0.1563
0.9809	0.163	0.155
0.9815	0.163	0.1583
0.9787	0.1599	0.1595
0.9776	0.1606	0.1552
0.9775	0.1622	0.155
0.9779	0.1622	0.158
0.9789	0.1644	0.1566
0.9798	0.1633	0.1527
0.9809	0.1613	0.1499
0.9811	0.159	0.149
0.9829	0.157	0.1502
0.983	0.1663	0.1577
0.9822	0.1738	0.168
0.9829	0.1702	0.168
0.9777	0.164	0.1588
0.9733	0.1549	0.1519
0.9748	0.155	0.1496
0.9753	0.1665	0.15
0.9789	0.1712	0.154
0.9824	0.1706	0.1584
0.981	0.1682	0.1569
0.9814	0.1596	0.1571
0.9805	0.1551	0.1587
0.9796	0.1577	0.156
0.9825	0.156	0.1571
0.9827	0.1564	0.1582
0.9809	0.1629	0.1566
0.9791	0.1646	0.154
0.9777	0.1671	0.1475
0.9779	0.1702	0.1502
0.9764	0.1662	0.1612
0.9769	0.1643	0.1637
0.9818	0.1647	0.1565
0.9836	0.1631	0.1531
0.9803	0.1617	0.156
0.9782	0.1612	0.1524
0.9797	0.1619	0.1531
0.9805	0.1618	0.1589
0.9795	0.1626	0.1558
0.9785	0.1631	0.1565
0.9781	0.1614	0.1578
0.9793	0.1619	0.1554
0.9797	0.1638	0.1577
0.9799	0.1647	0.1567
0.9834	0.1646	0.156
0.9842	0.1647	0.1553
0.9802	0.1634	0.1535
0.9777	0.1608	0.1579
0.9771	0.1619	0.1582
0.9764	0.1646	0.1544
0.977	0.1643	0.1539
0.9797	0.162	0.1548
0.9833	0.1623	0.1512
0.9801	0.1608	0.1579
0.9788	0.1612	0.161
0.9784	0.1646	0.1635
0.9781	0.1651	0.1589
0.9799	0.1635	0.151
0.9807	0.164	0.1482
0.982	0.1643	0.1526
0.9817	0.1619	0.1585
0.9805	0.1615	0.157
0.9812	0.1637	0.1553
0.9799	0.1633	0.1553
0.9803	0.1637	0.1543
0.9807	0.1638	0.1579
0.9779	0.1607	0.1594
0.9768	0.1614	0.1554
0.9767	0.1629	0.1555
0.9773	0.1627	0.1586
0.9784	0.1648	0.1574
0.9795	0.1634	0.1534
0.9807	0.1613	0.1506
0.9812	0.1588	0.1495
0.9831	0.1568	0.1506
0.9833	0.166	0.1579
0.9825	0.1735	0.1681
0.9832	0.1699	0.168
0.9781	0.1637	0.1586
0.9736	0.1547	0.1516
0.9751	0.1548	0.1493
0.9755	0.1664	0.1496
0.979	0.1712	0.1537
0.9824	0.1706	0.1581
0.981	0.1683	0.1567
0.9813	0.1598	0.1569
0.9804	0.1552	0.1586
0.9795	0.1578	0.1559
0.9823	0.1561	0.1572
0.9826	0.1565	0.1583
0.9808	0.163	0.1567
0.979	0.1646	0.1541
0.9777	0.1672	0.1476
0.9779	0.1702	0.1503
0.9764	0.1661	0.1613
0.977	0.1643	0.1637
0.9819	0.1646	0.1566
0.9836	0.1631	0.1531
0.9803	0.1616	0.156
0.9783	0.1611	0.1524
0.9798	0.1619	0.1531
0.9805	0.1618	0.1588
0.9795	0.1626	0.1557
0.9785	0.1631	0.1565
0.9781	0.1614	0.1577
0.9793	0.1619	0.1554
0.9797	0.1638	0.1577
0.9799	0.1647	0.1567
0.9834	0.1647	0.156
0.9842	0.1647	0.1553
0.9801	0.1634	0.1535
0.9777	0.1608	0.1579
0.9771	0.1619	0.1582
0.9764	0.1646	0.1544
0.977	0.1643	0.1539
0.9797	0.162	0.1548
0.9816	0.1603	0.1585
0.9809	0.1617	0.1592
0.9802	0.1644	0.1541
0.9799	0.1656	0.1516
0.9792	0.1648	0.1542
0.9789	0.1621	0.1586
0.9783	0.1609	0.1598
0.9802	0.163	0.1553
0.9825	0.1655	0.1529
0.9813	0.165	0.1556
0.9805	0.1619	0.1562
0.9782	0.1613	0.1557
0.9782	0.1621	0.155
0.9847	0.1598	0.1528
0.9852	0.1587	0.1543
0.9785	0.1625	0.1574
0.9744	0.1651	0.1602
0.9727	0.1658	0.1608
0.9738	0.1659	0.156
0.9779	0.1632	0.1533
0.982	0.1626	0.1528
0.9837	0.1665	0.1541
0.9842	0.1688	0.1598
0.9842	0.1662	0.1621
0.9812	0.1612	0.159
0.9794	0.158	0.1528
0.9795	0.1569	0.1498
0.9782	0.1576	0.1545
0.9782	0.1611	0.1572
0.9784	0.164	0.1571
0.978	0.1648	0.1574
0.978	0.1658	0.1517
0.9782	0.1662	0.1492
0.9802	0.1653	0.1544
0.9818	0.1634	0.1566
0.9814	0.1624	0.1575
0.9812	0.1638	0.1585
0.9799	0.1639	0.1591
0.9781	0.1641	0.1603
0.9774	0.1651	0.1582
0.9776	0.1612	0.1582
0.9801	0.1559	0.1609
0.9818	0.157	0.1584
0.9807	0.1623	0.1512
0.981	0.1652	0.146
0.981	0.1659	0.1483
0.9798	0.1668	0.1518
0.9804	0.1639	0.1554
0.9811	0.1603	0.1599
0.9805	0.1626	0.1583
0.9768	0.1652	0.1575
0.9733	0.1657	0.1578
0.9762	0.1653	0.1582
0.9812	0.1648	0.161
0.984	0.1647	0.1585
0.9838	0.1627	0.1561
0.9801	0.1606	0.1551
0.9778	0.1592	0.1532
0.9781	0.1589	0.1551
0.9795	0.1613	0.154
0.9812	0.1614	0.154
0.9811	0.1625	0.157
0.9801	0.1652	0.1545
0.9784	0.1638	0.1493
0.9806	0.1603	0.1447
0.9794	0.1635	0.1577
0.9786	0.1668	0.1594
0.9784	0.1679	0.1598
0.9781	0.1667	0.1626
0.9782	0.1632	0.1657
0.9779	0.1613	0.1645
0.9802	0.1627	0.1575
0.9828	0.1647	0.1528
0.9818	0.1639	0.1537
0.9811	0.1607	0.1529
0.9788	0.16	0.1518
0.9787	0.161	0.151
0.9852	0.1589	0.149
0.9855	0.1581	0.1513
0.9787	0.1622	0.1552
0.9744	0.1651	0.1591
0.9726	0.166	0.1606
0.9736	0.1663	0.1566
0.9777	0.1637	0.1545
0.9817	0.1631	0.1544
0.9834	0.167	0.1559
0.984	0.1693	0.1616
0.984	0.1666	0.1637
0.981	0.1614	0.1603
0.9794	0.1582	0.1538
0.9795	0.1569	0.1503
0.9782	0.1575	0.1547
0.9783	0.161	0.157
0.9785	0.1638	0.1567
0.9781	0.1646	0.1568
0.9781	0.1656	0.151
0.9783	0.166	0.1485
0.9803	0.1651	0.1537
0.9819	0.1633	0.156
0.9814	0.1624	0.1571
0.9813	0.1638	0.1582
0.9799	0.1639	0.159
0.9781	0.1641	0.1603
0.9774	0.1652	0.1583
0.9775	0.1613	0.1584
0.9801	0.156	0.1611
0.9817	0.1571	0.1587
0.9807	0.1624	0.1515
0.981	0.1653	0.1462
0.9809	0.1659	0.1485
0.9798	0.1669	0.1519
0.9804	0.1639	0.1555
0.9811	0.1603	0.16
0.9805	0.1626	0.1583
0.9768	0.1652	0.1574
0.9733	0.1656	0.1578
0.9762	0.1652	0.1581
0.9812	0.1647	0.1609
0.984	0.1647	0.1584
0.9838	0.1626	0.156
0.9801	0.1606	0.1551
0.9778	0.1592	0.1531
0.9781	0.1589	0.1551
0.9795	0.1613	0.154
0.9812	0.1614	0.154
0.9811	0.1625	0.157
0.9801	0.1652	0.1546
0.9784	0.1638	0.1494
0.9773	0.1638	0.1487
0.9797	0.1648	0.1578
0.9811	0.1645	0.1622
0.9794	0.1647	0.1571
0.9785	0.1624	0.1575
0.9786	0.1623	0.158
0.9793	0.1651	0.1586
0.9813	0.1646	0.1605
0.9833	0.1608	0.1575
0.9825	0.1593	0.1578
0.9787	0.1628	0.1572
0.9775	0.1643	0.1523
0.9777	0.1637	0.1511
0.977	0.1657	0.1517
0.9797	0.1654	0.1553
0.9811	0.162	0.1588
0.9794	0.16	0.1598
0.98	0.1606	0.1588
0.9802	0.1606	0.1508
0.9797	0.1607	0.1475
0.9802	0.1643	0.1537
0.9804	0.1647	0.1544
0.9802	0.1641	0.1527
0.9797	0.1667	0.1555
0.9794	0.1651	0.1609
0.9799	0.1618	0.1652
0.9789	0.1611	0.1616
0.9782	0.1621	0.1555
0.9791	0.1634	0.1556
0.9797	0.1631	0.1589
0.98	0.1642	0.1591
0.9805	0.163	0.1533
0.981	0.1608	0.1512
0.9805	0.1642	0.1545
0.9787	0.1671	0.1536
0.9793	0.1656	0.1534
0.9818	0.1606	0.1548
0.9815	0.1577	0.1542
0.9782	0.1614	0.1564
0.9768	0.1631	0.158
0.9794	0.1634	0.1558
0.98	0.1655	0.1535
0.9795	0.1648	0.1552
0.9812	0.1637	0.1582
0.9803	0.1608	0.1569
0.9787	0.1591	0.1577
0.9781	0.1647	0.1593
0.9769	0.1659	0.1584
0.9787	0.1603	0.1621
0.9815	0.161	0.1582
0.9822	0.1648	0.1463
0.9815	0.1651	0.1471
0.9797	0.1649	0.1535
0.9785	0.1659	0.1527
0.9787	0.1647	0.1532
0.9817	0.1603	0.1608
0.9828	0.1593	0.1644
0.9786	0.1617	0.1598
0.978	0.1641	0.1594
0.9809	0.1671	0.1584
0.9798	0.1659	0.1543
0.9768	0.1613	0.1546
0.9763	0.1583	0.1537
0.9793	0.1568	0.1536
0.9782	0.1592	0.1649
0.9812	0.1635	0.1563
0.9828	0.1654	0.1518
0.9809	0.1668	0.144
0.9797	0.165	0.1455
0.9793	0.1649	0.1493
0.9795	0.1673	0.154
0.9812	0.1662	0.16
0.9829	0.1618	0.1605
0.9819	0.1596	0.1632
0.9781	0.1625	0.1639
0.9769	0.1636	0.1593
0.9771	0.1628	0.1576
0.9765	0.1647	0.157
0.9794	0.1644	0.159
0.9809	0.1611	0.1609
0.9794	0.1593	0.1602
0.9801	0.1601	0.1578
0.9805	0.1603	0.1486
0.98	0.1607	0.1446
0.9805	0.1644	0.1504
0.9807	0.165	0.1512
0.9805	0.1645	0.1497
0.9799	0.1671	0.1531
0.9796	0.1655	0.1591
0.9799	0.1622	0.1641
0.9789	0.1614	0.1613
0.9782	0.1623	0.1557
0.979	0.1636	0.1563
0.9796	0.1632	0.16
0.9799	0.1641	0.1604
0.9804	0.1629	0.1546
0.9809	0.1607	0.1524
0.9804	0.1641	0.1555
0.9787	0.1669	0.1545
0.9793	0.1654	0.154
0.9818	0.1605	0.155
0.9815	0.1576	0.1542
0.9782	0.1614	0.1562
0.9769	0.163	0.1577
0.9795	0.1634	0.1553
0.98	0.1656	0.153
0.9796	0.1649	0.1548
0.9812	0.1637	0.1578
0.9803	0.1608	0.1565
0.9788	0.1591	0.1575
0.9781	0.1648	0.1591
0.9769	0.1659	0.1583
0.9787	0.1603	0.1621
0.9815	0.161	0.1583
0.9822	0.1648	0.1464
0.9814	0.1651	0.1473
0.9797	0.1649	0.1536
0.9785	0.1658	0.1528
0.9787	0.1647	0.1533
0.9817	0.1602	0.1609
0.9828	0.1592	0.1644
0.9786	0.1617	0.1599
0.978	0.1641	0.1594
0.9809	0.1671	0.1584
0.9798	0.1659	0.1542
0.9768	0.1613	0.1545
0.9763	0.1583	0.1536
0.9793	0.1568	0.1535
0.9819	0.1608	0.1556
0.9809	0.1649	0.1537
0.9796	0.1631	0.1534
0.9789	0.1621	0.1554
0.9778	0.1629	0.1563
0.9782	0.1659	0.1552
0.9814	0.169	0.154
0.9839	0.1685	0.1548
0.9831	0.1687	0.1564
0.9819	0.1657	0.1567
0.9788	0.1592	0.1529
0.9763	0.1587	0.154
0.9785	0.161	0.1606
0.9783	0.1617	0.1613
0.9775	0.1604	0.1623
0.9798	0.1579	0.1618
0.9803	0.1583	0.1566
0.9804	0.1613	0.1553
0.9791	0.1645	0.1532
0.9772	0.1662	0.1523
0.979	0.1662	0.1537
0.9827	0.1665	0.1525
0.9845	0.1655	0.1564
0.9801	0.1632	0.1578
0.9779	0.1606	0.1481
0.9801	0.1587	0.1431
0.9779	0.1613	0.1508
0.9776	0.1675	0.1607
0.979	0.1697	0.1654
0.9793	0.1671	0.1647
0.9814	0.1663	0.1618
0.9805	0.1643	0.1602
0.9801	0.1572	0.1594
0.9808	0.1534	0.1567
0.9785	0.1556	0.1528
0.9792	0.1588	0.151
0.9809	0.1622	0.1516
0.9811	0.1655	0.1513
0.9798	0.1682	0.1528
0.9776	0.1698	0.1563
0.9788	0.168	0.1581
0.9801	0.1634	0.1588
0.9799	0.1603	0.1554
0.9796	0.1607	0.153
0.9787	0.163	0.1567
0.9787	0.1657	0.1583
0.9787	0.1656	0.1563
0.9807	0.1609	0.1517
0.9823	0.1566	0.1505
0.9803	0.158	0.1583
0.9794	0.1632	0.1608
0.9791	0.1658	0.1578
0.9787	0.1651	0.16
0.9808	0.166	0.1612
0.9814	0.1669	0.1595
0.9799	0.1651	0.1555
0.9779	0.1631	0.1502
0.9751	0.161	0.1492
0.9756	0.16	0.1504
0.9825	0.1599	0.1577
0.9862	0.1585	0.1627
0.9816	0.1608	0.1539
0.9798	0.1649	0.1512
0.9804	0.166	0.1559
0.9824	0.1665	0.1455
0.9793	0.167	0.1565
0.9769	0.1627	0.1621
0.9761	0.1601	0.1653
0.9753	0.1601	0.1646
0.9763	0.1628	0.1605
0.9802	0.1661	0.1559
0.9835	0.1662	0.1536
0.9833	0.1671	0.1529
0.9827	0.1648	0.1516
0.9799	0.1591	0.1472
0.9775	0.1592	0.1484
0.9797	0.1619	0.1558
0.9794	0.1629	0.1576
0.9783	0.1617	0.16
0.9804	0.1592	0.161
0.9805	0.1595	0.1571
0.9804	0.1622	0.1569
0.9789	0.1651	0.1555
0.9769	0.1665	0.155
0.9786	0.1663	0.1565
0.9822	0.1663	0.1552
0.984	0.1652	0.1586
0.9797	0.1627	0.1595
0.9776	0.1601	0.1492
0.9798	0.1582	0.1436
0.9778	0.1608	0.1508
0.9776	0.1671	0.1602
0.9791	0.1694	0.1646
0.9794	0.167	0.1637
0.9816	0.1662	0.1606
0.9807	0.1643	0.1591
0.9803	0.1573	0.1584
0.9809	0.1536	0.1559
0.9786	0.1558	0.1523
0.9793	0.159	0.1507
0.981	0.1624	0.1515
0.9811	0.1657	0.1514
0.9798	0.1683	0.1531
0.9775	0.1699	0.1566
0.9788	0.1681	0.1585
0.9801	0.1634	0.1592
0.9798	0.1603	0.1558
0.9795	0.1607	0.1534
0.9786	0.163	0.1569
0.9786	0.1656	0.1584
0.9787	0.1655	0.1564
0.9806	0.1609	0.1517
0.9823	0.1566	0.1504
0.9803	0.158	0.1582
0.9794	0.1632	0.1607
0.9791	0.1658	0.1576
0.9788	0.1651	0.1598
0.9808	0.166	0.161
0.9814	0.1669	0.1594
0.9799	0.1651	0.1554
0.9779	0.1631	0.1502
0.9751	0.161	0.1492
0.9756	0.16	0.1504
0.9825	0.1599	0.1577
0.9862	0.1585	0.1628
0.9816	0.1608	0.1539
0.9798	0.1649	0.1512
0.9804	0.166	0.156
0.9785	0.166	0.1561
0.9788	0.1651	0.1585
0.9797	0.1642	0.1576
0.9795	0.164	0.1552
0.9787	0.1635	0.1562
0.9776	0.1627	0.1534
0.9789	0.1603	0.1526
0.9798	0.1599	0.1564
0.9809	0.1633	0.1631
0.9811	0.1643	0.1646
0.9796	0.1626	0.1542
0.9816	0.1638	0.1503
0.9805	0.1654	0.1544
0.9757	0.1659	0.1557
0.9764	0.1664	0.1581
0.9795	0.1618	0.1563
0.9812	0.1569	0.1509
0.9814	0.1576	0.1493
0.981	0.1592	0.1534
0.9802	0.1631	0.1635
0.9794	0.1661	0.1656
0.9805	0.1631	0.1552
0.9818	0.1614	0.1509
0.9814	0.1624	0.1526
0.9781	0.166	0.1521
0.9752	0.1703	0.1565
0.976	0.1687	0.1596
0.9766	0.1664	0.157
0.9814	0.1639	0.1588
0.9865	0.159	0.1586
0.9816	0.1582	0.1552
0.9775	0.1576	0.1548
0.9778	0.1569	0.1528
0.98	0.1608	0.1534
0.9831	0.1669	0.1566
0.9815	0.1709	0.1564
0.982	0.1669	0.1555
0.9806	0.1617	0.157
0.9739	0.1617	0.1609
0.9756	0.1608	0.1599
0.9807	0.1614	0.1546
0.9817	0.164	0.1533
0.9796	0.1637	0.1533
0.9785	0.1588	0.1498
0.9822	0.1524	0.1461
0.981	0.157	0.1512
0.977	0.1702	0.1636
0.9753	0.1766	0.1689
0.9712	0.1783	0.1651
0.9741	0.1788	0.1589
0.9914	0.1645	0.1549
1.003	0.1455	0.1556
0.9871	0.1481	0.1567
0.9681	0.1557	0.1519
0.9683	0.1569	0.1452
0.9767	0.16	0.1431
0.9807	0.1587	0.1474
0.9741	0.1602	0.1557
0.9695	0.1633	0.1617
0.974	0.1632	0.1655
0.9818	0.1714	0.1698
0.9928	0.1803	0.1676
0.992	0.1779	0.1554
0.9871	0.1647	0.1468
1.036	-0.02967	0.09783
0.9773	0.1657	0.1565
0.946	0.2487	0.1802
0.9418	0.2726	0.1843
0.9566	0.2693	0.1843
0.972	0.2609	0.1744
0.9819	0.2232	0.1609
0.9777	0.145	0.153
0.9789	0.08884	0.1447
0.9925	0.07313	0.1416
0.9907	0.07246	0.14
0.9812	0.07956	0.1378
0.9833	0.08796	0.1414
0.9946	0.1078	0.1457
0.9963	0.1444	0.1583
0.9779	0.1746	0.1667
0.9677	0.1894	0.1561
0.9781	0.1936	0.155
0.9918	0.1922	0.163
0.993	0.2113	0.161
0.9736	0.2404	0.1582
0.9635	0.2328	0.1551
0.9778	0.2006	0.1506
0.9898	0.1733	0.1503
0.986	0.1593	0.1535
0.9579	0.1577	0.1571
0.9464	0.1486	0.1566
0.981	0.13	0.1573
0.9928	0.1239	0.1655
0.9805	0.1368	0.1741
0.9828	0.1461	0.1736
0.9752	0.1477	0.1681
0.9756	0.1516	0.1647
0.9874	0.1511	0.1566
0.9854	0.1604	0.1482
0.9861	0.1752	0.1473
0.9843	0.1752	0.1438
0.9776	0.1739	0.1408
0.9784	0.174	0.1415
0.9843	0.1784	0.1402
0.9882	0.1786	0.1412
0.9802	0.1636	0.1493
0.9759	0.158	0.1625
0.9756	0.163	0.1689
0.9704	0.1661	0.1661
0.9768	0.165	0.1645
0.9818	0.1522	0.1628
0.9815	0.1487	0.1583
0.987	0.163	0.1556
0.9857	0.1677	0.1563
0.9781	0.16	0.1556
0.9702	0.154	0.1519
0.9699	0.1541	0.1522
0.9782	0.1649	0.1583
0.9821	0.1743	0.1642
0.9832	0.1702	0.164
0.9838	0.1639	0.158
0.9824	0.157	0.1534
0.9813	0.156	0.1517
0.9783	0.167	0.1526
0.975	0.1709	0.1566
0.9755	0.1675	0.159
0.9798	0.1678	0.1571
0.9835	0.1688	0.1516
0.9852	0.1684	0.1483
0.9817	0.1623	0.1515
0.9739	0.155	0.1525
0.974	0.1551	0.1524
0.9808	0.1618	0.1553
0.9831	0.1632	0.1553
0.9824	0.1547	0.1582
0.9841	0.1526	0.1612
0.9837	0.159	0.1578
0.9803	0.1621	0.1555
0.9791	0.1662	0.1552
0.9773	0.17	0.16
0.9776	0.1675	0.1628
0.9797	0.1667	0.1572
0.9765	0.1674	0.1544
0.9733	0.1662	0.1548
0.9741	0.1671	0.1619
0.9795	0.1658	0.1676
0.9826	0.1605	0.1554
0.9783	0.1569	0.1461
0.9799	0.1602	0.1477
0.9862	0.1687	0.1488
0.9878	0.169	0.1518
0.9849	0.1596	0.1515
0.9776	0.1581	0.1542
0.9754	0.1682	0.1652
0.9806	0.1722	0.1654
0.983	0.1617	0.1523
0.9794	0.1474	0.1468
0.9744	0.1432	0.1531
0.9721	0.1508	0.1543
0.9735	0.1613	0.1553
0.9777	0.1708	0.1613
0.9817	0.1748	0.161
0.9865	0.1722	0.1622
0.9917	0.1727	0.1621
0.9893	0.1742	0.1577
0.977	0.1717	0.1585
0.9685	0.1647	0.156
0.9713	0.1561	0.1553
0.9745	0.1553	0.1551
0.9795	0.156	0.148
0.9843	0.1551	0.1487
0.98	0.1586	0.1514
0.9808	0.1599	0.1528
0.9848	0.1614	0.1572
0.9839	0.1641	0.1571
0.9833	0.164	0.1597
0.9766	0.165	0.1636
0.9742	0.1649	0.1593
0.981	0.1651	0.1543
0.9806	0.1674	0.1507
0.9777	0.1709	0.1472
0.9773	0.1709	0.1547
0.9776	0.159	0.1639
0.9795	0.1532	0.1587
0.9816	0.1612	0.1557
0.9824	0.1625	0.1576
0.9803	0.1617	0.154
0.9774	0.1646	0.1558
0.9778	0.1636	0.1572
0.9844	0.1641	0.1545
0.9872	0.1642	0.1565
0.9803	0.163	0.155
0.9775	0.1432	0.1544
0.9761	0.1627	0.1586
0.9702	0.1684	0.1585
0.9719	0.1729	0.1561
0.98	0.1785	0.1564
0.9834	0.1757	0.154
0.9833	0.1617	0.1551
0.9855	0.1542	0.1569
0.9853	0.156	0.153
0.9819	0.1558	0.1508
0.9807	0.1579	0.1512
0.9785	0.1612	0.1569
0.9785	0.1593	0.1609
0.9803	0.1598	0.1565
0.9767	0.1625	0.1547
0.9732	0.1635	0.156
0.9738	0.1664	0.1637
0.979	0.1671	0.1697
0.982	0.1631	0.1576
0.9777	0.1605	0.1483
0.9793	0.1643	0.1496
0.9857	0.1728	0.1502
0.9875	0.1727	0.1527
0.9846	0.1626	0.152
0.9775	0.1604	0.1543
0.9754	0.1695	0.1648
0.9807	0.1727	0.1647
0.9831	0.1614	0.1515
0.9796	0.1465	0.1459
0.9746	0.1419	0.1522
0.9723	0.1491	0.1535
0.9737	0.1596	0.1546
0.9778	0.1692	0.1608
0.9818	0.1734	0.1607
0.9866	0.1712	0.1621
0.9918	0.172	0.1622
0.9893	0.1738	0.1579
0.9769	0.1717	0.1588
0.9685	0.165	0.1563
0.9712	0.1565	0.1556
0.9744	0.1559	0.1554
0.9794	0.1566	0.1483
0.9843	0.1557	0.1489
0.98	0.1591	0.1516
0.9807	0.1603	0.1529
0.9848	0.1618	0.1572
0.9839	0.1643	0.1571
0.9833	0.1641	0.1596
0.9766	0.1649	0.1635
0.9743	0.1648	0.1592
0.981	0.165	0.1542
0.9807	0.1671	0.1506
0.9777	0.1706	0.1471
0.9774	0.1707	0.1546
0.9776	0.1589	0.1639
0.9795	0.1531	0.1587
0.9816	0.1611	0.1557
0.9824	0.1625	0.1576
0.9803	0.1617	0.154
0.9774	0.1646	0.1558
0.9778	0.1636	0.1573
0.9844	0.1641	0.1546
0.9871	0.1643	0.1565
0.9803	0.1631	0.155
0.9774	0.1639	0.1543
0.9737	0.1606	0.1607
0.9671	0.1591	0.1616
0.975	0.1617	0.1555
0.9864	0.161	0.1511
0.9883	0.1613	0.1479
0.9855	0.1651	0.1468
0.978	0.1702	0.1546
0.9767	0.1708	0.1629
0.9854	0.1604	0.1631
0.9848	0.1553	0.1636
0.9724	0.1604	0.1596
0.97	0.1598	0.1508
0.9806	0.1612	0.1499
0.9824	0.1673	0.1528
0.9785	0.1694	0.1571
0.9811	0.1721	0.1611
0.9808	0.168	0.1623
0.9795	0.1611	0.1619
0.981	0.1595	0.1543
0.9797	0.1553	0.1447
0.9801	0.1585	0.142
0.981	0.1627	0.1502
0.9804	0.1604	0.1581
0.9804	0.1634	0.1576
0.9788	0.1597	0.1642
0.9763	0.1583	0.1663
0.9752	0.1693	0.1576
0.9786	0.1701	0.1573
0.9816	0.1654	0.1563
0.9801	0.1653	0.1552
0.9801	0.1638	0.1579
0.9798	0.161	0.153
0.9806	0.1607	0.1492
0.9853	0.1644	0.149
0.9851	0.1651	0.1502
0.9818	0.1628	0.1557
0.9804	0.1647	0.1593
0.9781	0.1646	0.1588
0.9752	0.1575	0.1594
0.9732	0.1544	0.1597
0.9731	0.1599	0.158
0.9769	0.1637	0.1569
0.9846	0.165	0.155
0.9875	0.1658	0.1561
0.9814	0.1658	0.1595
0.9765	0.167	0.1565
0.9769	0.1639	0.1539
0.9783	0.1612	0.1528
0.9783	0.1625	0.1521
0.9758	0.1602	0.1577
0.9763	0.1617	0.1604
0.9844	0.165	0.1573
0.9908	0.1634	0.1523
0.9876	0.1642	0.1507
0.9796	0.1658	0.1598
0.9742	0.1654	0.1614
0.9767	0.1639	0.1493
0.9835	0.1629	0.1449
0.9833	0.1654	0.1497
0.9756	0.1665	0.1567
0.971	0.1606	0.1627
0.9739	0.1485	0.1622
0.9783	0.1446	0.1607
0.9924	0.1707	0.1546
0.9815	0.1699	0.1623
0.9702	0.1681	0.1634
0.9751	0.169	0.157
0.985	0.1657	0.1519
0.9862	0.1634	0.148
0.9834	0.1649	0.1462
0.9763	0.1682	0.1533
0.9755	0.1676	0.1612
0.9848	0.1567	0.1613
0.9848	0.1517	0.1619
0.9728	0.1572	0.158
0.9707	0.1573	0.1496
0.9814	0.1596	0.149
0.9832	0.1666	0.1524
0.9792	0.1696	0.1571
0.9817	0.1729	0.1615
0.9812	0.1694	0.1629
0.9797	0.1628	0.1626
0.981	0.1612	0.1551
0.9795	0.157	0.1454
0.9798	0.16	0.1427
0.9806	0.1638	0.1507
0.98	0.1611	0.1585
0.9801	0.1637	0.1579
0.9785	0.1597	0.1643
0.976	0.158	0.1662
0.9751	0.1688	0.1574
0.9785	0.1695	0.1571
0.9816	0.1647	0.156
0.9802	0.1646	0.1549
0.9802	0.1632	0.1576
0.9799	0.1605	0.1528
0.9807	0.1603	0.149
0.9854	0.1642	0.1489
0.9852	0.165	0.1501
0.9819	0.1628	0.1557
0.9805	0.1648	0.1593
0.9782	0.1648	0.1589
0.9752	0.1578	0.1595
0.9732	0.1546	0.1598
0.9731	0.1601	0.1581
0.9769	0.1639	0.157
0.9845	0.1651	0.1551
0.9875	0.1659	0.1561
0.9814	0.1658	0.1595
0.9765	0.167	0.1566
0.9768	0.1639	0.1539
0.9782	0.1612	0.1528
0.9783	0.1624	0.1521
0.9757	0.1601	0.1577
0.9763	0.1616	0.1604
0.9844	0.1649	0.1573
0.9908	0.1634	0.1522
0.9876	0.1641	0.1506
0.9796	0.1657	0.1598
0.9742	0.1654	0.1614
0.9767	0.1639	0.1493
0.9835	0.1629	0.1449
0.9833	0.1654	0.1498
0.9756	0.1665	0.1567
0.971	0.1607	0.1627
0.9739	0.1485	0.1622
0.9783	0.1447	0.1607
0.9812	0.1585	0.1606
0.9843	0.1732	0.1577
0.9866	0.1825	0.1566
0.9857	0.1863	0.1574
0.9792	0.1704	0.1573
0.9746	0.1505	0.1558
0.9739	0.1493	0.1509
0.9699	0.153	0.15
0.9773	0.1541	0.1514
0.9972	0.1552	0.1455
0.9973	0.1548	0.1457
0.9768	0.1684	0.161
0.9671	0.1877	0.1746
0.9725	0.1845	0.1717
0.9739	0.1643	0.1572
0.9757	0.1466	0.1457
0.9804	0.1478	0.1466
0.9796	0.1634	0.1567
0.9816	0.1675	0.1592
0.9799	0.1633	0.1519
0.9799	0.1692	0.1559
0.9973	0.1765	0.167
1	0.1691	0.1648
0.9771	0.1528	0.1575
0.9617	0.1468	0.159
0.9655	0.1548	0.1577
0.9761	0.1546	0.1446
0.9809	0.1537	0.1401
0.9764	0.1795	0.1518
0.9762	0.1921	0.1556
0.9858	0.1759	0.1505
0.987	0.164	0.1481
0.9859	0.1539	0.1477
0.9926	0.1595	0.1514
0.9879	0.1662	0.1551
0.9751	0.1496	0.1635
0.9696	0.1473	0.1726
0.9683	0.1523	0.1691
0.9688	0.1515	0.168
0.9752	0.1602	0.1668
0.981	0.168	0.1597
0.9794	0.174	0.1584
0.9855	0.1732	0.1544
0.9927	0.1678	0.1509
0.9877	0.1597	0.1503
0.982	0.1535	0.1476
0.972	0.1713	0.1492
0.9674	0.1791	0.1488
0.9736	0.1669	0.148
0.9769	0.169	0.1502
0.9834	0.1672	0.1514
0.9858	0.1646	0.1576
0.9836	0.1691	0.1621
0.9865	0.1589	0.1614
0.9835	0.1502	0.1628
0.9784	0.1504	0.1618
0.9745	0.1513	0.1584
0.9726	0.1551	0.1587
0.9781	0.1577	0.1568
0.9834	0.1638	0.1488
0.9844	0.1717	0.1484
0.98	0.1736	0.1576
0.9784	0.1747	0.1595
0.9826	0.1734	0.1541
0.9798	0.1396	0.1438
0.9806	0.1622	0.1533
0.9819	0.1764	0.1595
0.981	0.183	0.164
0.9753	0.1686	0.165
0.9717	0.1493	0.1628
0.9723	0.1485	0.1564
0.9694	0.1522	0.1534
0.9779	0.1534	0.1528
0.9985	0.1547	0.1452
0.9991	0.1545	0.144
0.9787	0.1683	0.1585
0.969	0.1879	0.1716
0.9742	0.185	0.1687
0.9753	0.165	0.1545
0.9767	0.1474	0.1436
0.9809	0.1487	0.1452
0.9797	0.1642	0.156
0.9814	0.1683	0.1592
0.9793	0.164	0.1525
0.9791	0.1697	0.1568
0.9965	0.1768	0.1682
0.9995	0.1692	0.1661
0.9763	0.1528	0.1588
0.9611	0.1466	0.1601
0.9651	0.1546	0.1586
0.9758	0.1543	0.1452
0.9808	0.1534	0.1405
0.9765	0.1791	0.1518
0.9764	0.1918	0.1554
0.986	0.1757	0.1502
0.9873	0.1639	0.1477
0.9862	0.1538	0.1472
0.9929	0.1595	0.1509
0.9881	0.1663	0.1547
0.9753	0.1497	0.1631
0.9697	0.1474	0.1723
0.9683	0.1524	0.1689
0.9688	0.1517	0.168
0.9752	0.1603	0.1669
0.9809	0.1681	0.1598
0.9793	0.1741	0.1585
0.9854	0.1732	0.1546
0.9926	0.1679	0.1511
0.9876	0.1597	0.1505
0.9819	0.1535	0.1477
0.972	0.1713	0.1493
0.9673	0.179	0.1489
0.9736	0.1668	0.1481
0.9769	0.169	0.1503
0.9835	0.1672	0.1514
0.9858	0.1646	0.1576
0.9836	0.1691	0.1621
0.9865	0.1589	0.1613
0.9835	0.1501	0.1627
0.9785	0.1504	0.1617
0.9745	0.1513	0.1583
0.9726	0.1552	0.1587
0.9781	0.1578	0.1568
0.9834	0.1639	0.1487
0.9844	0.1717	0.1484
0.98	0.1737	0.1576
0.9784	0.1747	0.1595
0.9826	0.1734	0.1541
0.983	0.1658	0.1523
0.9818	0.1572	0.152
0.9771	0.1521	0.152
0.9713	0.1511	0.1576
0.9735	0.1588	0.1611
0.9789	0.1691	0.1592
0.9818	0.1681	0.162
0.9806	0.1649	0.1599
0.982	0.1651	0.1531
0.984	0.1632	0.1565
0.9782	0.1617	0.1623
0.9758	0.1613	0.162
0.9775	0.1653	0.1529
0.9759	0.1688	0.1451
0.9799	0.1624	0.1458
0.9876	0.1537	0.144
0.988	0.1535	0.1529
0.9815	0.1624	0.166
0.9756	0.1678	0.164
0.975	0.1663	0.1643
0.9795	0.1666	0.1594
0.9857	0.1645	0.1523
0.9851	0.1624	0.1569
0.9751	0.1622	0.1521
0.9696	0.1621	0.1478
0.9743	0.1696	0.1519
0.9801	0.1717	0.1559
0.9829	0.1603	0.1622
0.9839	0.1523	0.1587
0.9834	0.154	0.1551
0.9803	0.1653	0.1574
0.9765	0.1738	0.1578
0.9781	0.1678	0.1606
0.982	0.1619	0.1551
0.9821	0.1599	0.1521
0.9809	0.1581	0.157
0.9809	0.1589	0.1536
0.9799	0.1571	0.1537
0.9746	0.1605	0.1533
0.9729	0.1725	0.1505
0.979	0.1759	0.1548
0.9827	0.1673	0.1554
0.9847	0.159	0.1592
0.9833	0.1585	0.1634
0.9742	0.1634	0.1603
0.9722	0.163	0.1611
0.9789	0.1536	0.1585
0.9809	0.1484	0.1529
0.9809	0.1564	0.1533
0.9836	0.1665	0.154
0.986	0.1717	0.1552
0.989	0.1715	0.1575
0.9858	0.1636	0.1574
0.9677	0.164	0.1544
0.9616	0.1805	0.154
0.9823	0.1865	0.1558
0.9923	0.1673	0.1455
0.984	0.1484	0.1412
0.9756	0.1449	0.1547
0.9689	0.1474	0.1549
0.9776	0.1562	0.1531
0.9863	0.1629	0.1661
0.9808	0.1637	0.1717
0.9855	0.1667	0.1692
0.9798	0.1844	0.1627
0.9807	0.1635	0.1567
0.9774	0.1521	0.1519
0.9725	0.1485	0.1539
0.9752	0.156	0.155
0.9807	0.1674	0.152
0.9833	0.168	0.1547
0.9817	0.1664	0.1533
0.9827	0.1677	0.1478
0.9841	0.1665	0.1529
0.9779	0.1651	0.1605
0.9752	0.1644	0.1618
0.9767	0.1677	0.1541
0.975	0.1704	0.1473
0.9789	0.163	0.1487
0.9867	0.1535	0.1471
0.9873	0.1524	0.156
0.981	0.1608	0.1688
0.9753	0.1659	0.1662
0.975	0.1642	0.1659
0.9795	0.1646	0.1603
0.9859	0.1628	0.1525
0.9854	0.161	0.1565
0.9755	0.1614	0.1513
0.97	0.1617	0.1467
0.9747	0.1696	0.1507
0.9804	0.172	0.1546
0.9831	0.1609	0.1611
0.9841	0.153	0.1577
0.9835	0.1548	0.1543
0.9803	0.1662	0.157
0.9765	0.1745	0.1576
0.978	0.1684	0.1606
0.9819	0.1623	0.1553
0.982	0.1602	0.1525
0.9807	0.1582	0.1574
0.9808	0.1588	0.1541
0.9798	0.157	0.1542
0.9745	0.1602	0.1537
0.9728	0.1723	0.1508
0.979	0.1756	0.155
0.9827	0.1671	0.1555
0.9847	0.1587	0.1592
0.9833	0.1583	0.1633
0.9742	0.1633	0.1602
0.9723	0.1629	0.1609
0.979	0.1536	0.1583
0.981	0.1484	0.1527
0.9809	0.1565	0.1531
0.9836	0.1666	0.1538
0.986	0.1718	0.1551
0.989	0.1716	0.1574
0.9858	0.1637	0.1574
0.9676	0.1641	0.1544
0.9616	0.1806	0.154
0.9823	0.1866	0.1559
0.9923	0.1673	0.1455
0.984	0.1484	0.1413
0.9756	0.1449	0.1547
0.9689	0.1474	0.1549
0.9776	0.1562	0.1531
0.9863	0.1628	0.1661
0.9808	0.1636	0.1717
0.9855	0.1667	0.1692
0.9855	0.1652	0.1611
0.9763	0.165	0.1531
0.9752	0.1698	0.1543
0.9707	0.1703	0.1528
0.973	0.1683	0.1552
0.9816	0.1641	0.16
0.9836	0.1591	0.1552
0.9869	0.152	0.1565
0.9868	0.1465	0.158
0.982	0.1488	0.1519
0.977	0.1564	0.1518
0.973	0.1709	0.1511
0.9704	0.1781	0.148
0.9746	0.1734	0.1462
0.9867	0.1717	0.144
0.9876	0.1687	0.1494
0.9834	0.1698	0.159
0.986	0.1722	0.1632
0.983	0.164	0.1626
0.9766	0.162	0.1635
0.9735	0.1627	0.1669
0.9757	0.1587	0.1686
0.9785	0.1555	0.1684
0.9777	0.1496	0.1618
0.9769	0.1515	0.1534
0.9756	0.1571	0.1475
0.9797	0.1587	0.1427
0.9832	0.1635	0.1507
0.9811	0.1626	0.155
0.9819	0.1631	0.1465
0.9819	0.1706	0.151
0.985	0.1698	0.1602
0.9864	0.1649	0.1608
0.976	0.1649	0.1556
0.971	0.1712	0.1511
0.9749	0.174	0.1541
0.9808	0.1652	0.153
0.9869	0.1573	0.1531
0.9854	0.1568	0.1592
0.9802	0.164	0.1606
0.9767	0.1678	0.1646
0.9751	0.1585	0.165
0.9765	0.1546	0.1594
0.9775	0.1581	0.1584
0.9766	0.162	0.1555
0.9719	0.1687	0.1538
0.9721	0.1666	0.1537
0.9886	0.1606	0.149
0.9986	0.1593	0.149
0.9901	0.1602	0.1546
0.9817	0.1676	0.1571
0.9754	0.1717	0.1553
0.9718	0.1677	0.1545
0.9738	0.1614	0.1554
0.9781	0.1526	0.1545
0.9829	0.1541	0.1545
0.9783	0.1658	0.156
0.9737	0.1703	0.1562
0.978	0.1627	0.1559
0.9793	0.1543	0.1561
0.9809	0.1576	0.1587
0.9791	0.1674	0.1629
0.978	0.1703	0.1627
0.9876	0.1629	0.1584
0.991	0.1499	0.1562
0.981	0.1666	0.1499
0.9785	0.179	0.1527
0.9724	0.1811	0.1526
0.9733	0.1771	0.1561
0.9807	0.1691	0.1618
0.9818	0.1598	0.1574
0.9846	0.149	0.1589
0.9843	0.1406	0.1603
0.9797	0.1412	0.1539
0.975	0.1484	0.1534
0.9715	0.1634	0.1522
0.9695	0.172	0.1486
0.9742	0.1691	0.1463
0.9869	0.1694	0.1437
0.9882	0.1683	0.1488
0.9843	0.1712	0.1582
0.987	0.1748	0.1623
0.9841	0.1676	0.1617
0.9776	0.166	0.1626
0.9743	0.1667	0.1663
0.9764	0.1623	0.1681
0.9789	0.1585	0.1681
0.9779	0.1518	0.1617
0.9769	0.1528	0.1535
0.9755	0.1576	0.1477
0.9794	0.1585	0.143
0.9828	0.1626	0.1511
0.9806	0.1612	0.1553
0.9815	0.1615	0.1468
0.9815	0.169	0.1512
0.9847	0.1683	0.1605
0.9862	0.1636	0.161
0.9759	0.1638	0.1557
0.9709	0.1705	0.1511
0.9749	0.1736	0.1541
0.9809	0.1651	0.1529
0.987	0.1575	0.1529
0.9856	0.1572	0.1591
0.9804	0.1645	0.1605
0.9769	0.1683	0.1645
0.9752	0.159	0.1649
0.9766	0.1551	0.1593
0.9775	0.1585	0.1584
0.9767	0.1623	0.1555
0.9719	0.1689	0.1538
0.9721	0.1667	0.1537
0.9886	0.1605	0.149
0.9985	0.1592	0.1491
0.99	0.16	0.1546
0.9817	0.1674	0.1571
0.9753	0.1715	0.1553
0.9718	0.1675	0.1545
0.9738	0.1612	0.1555
0.9781	0.1525	0.1545
0.9829	0.154	0.1545
0.9783	0.1658	0.156
0.9737	0.1703	0.1561
0.978	0.1627	0.1559
0.9793	0.1543	0.1561
0.9809	0.1577	0.1586
0.9792	0.1675	0.1629
0.978	0.1703	0.1627
0.9876	0.1629	0.1584
0.9878	0.1595	0.1546
0.9792	0.1679	0.1535
0.9787	0.1726	0.1582
0.9829	0.1699	0.1611
0.9839	0.1632	0.1544
0.9781	0.159	0.1482
0.9721	0.1659	0.1461
0.9713	0.1683	0.1462
0.9757	0.1616	0.1526
0.9813	0.1567	0.1594
0.9835	0.1541	0.1619
0.9849	0.1552	0.1631
0.9816	0.1561	0.1591
0.9764	0.1558	0.1553
0.9761	0.1607	0.1582
0.9767	0.1693	0.1605
0.9809	0.173	0.1575
0.9838	0.1649	0.1468
0.9784	0.1597	0.1432
0.9756	0.1632	0.1601
0.9794	0.1653	0.1654
0.9867	0.1736	0.1546
0.9895	0.1757	0.1576
0.9815	0.1613	0.161
0.9775	0.1547	0.1567
0.9793	0.1572	0.1532
0.9758	0.1631	0.1485
0.9741	0.169	0.1492
0.9753	0.163	0.1502
0.9777	0.1598	0.1542
0.9805	0.1651	0.1634
0.9789	0.1629	0.163
0.982	0.1553	0.1613
0.9874	0.1502	0.1565
0.9853	0.1548	0.1481
0.9784	0.1671	0.1571
0.9696	0.1733	0.169
0.9718	0.1684	0.166
0.985	0.1575	0.1532
0.9878	0.1573	0.1458
0.9795	0.171	0.1526
0.9762	0.1757	0.1519
0.978	0.17	0.1468
0.9765	0.1701	0.149
0.9814	0.1662	0.1512
0.9869	0.1566	0.1636
0.9811	0.1584	0.1683
0.9793	0.1584	0.155
0.9773	0.1496	0.1547
0.9737	0.1506	0.1618
0.9795	0.159	0.1612
0.9801	0.1669	0.1608
0.98	0.1692	0.1565
0.9854	0.1675	0.143
0.984	0.1666	0.1379
0.9808	0.1654	0.1515
0.9775	0.1728	0.1577
0.9744	0.1763	0.1579
0.9776	0.1658	0.1668
0.9802	0.1611	0.1633
0.9799	0.155	0.1595
0.9808	0.142	0.165
0.9793	0.1443	0.159
0.9777	0.158	0.1567
0.9819	0.164	0.1501
0.9762	0.1723	0.149
0.978	0.177	0.1546
0.9839	0.1743	0.1587
0.9859	0.1673	0.1533
0.9807	0.1626	0.1484
0.9748	0.1689	0.1473
0.9738	0.1707	0.148
0.9777	0.1632	0.1548
0.9827	0.1575	0.1616
0.9843	0.1542	0.1639
0.9851	0.1548	0.1648
0.9814	0.1552	0.1604
0.9757	0.1546	0.156
0.9752	0.1593	0.1583
0.9757	0.168	0.1602
0.9798	0.1718	0.1569
0.9828	0.1639	0.146
0.9776	0.1589	0.1423
0.975	0.1627	0.1591
0.9791	0.1651	0.1645
0.9866	0.1736	0.1539
0.9896	0.1759	0.157
0.9817	0.1617	0.1607
0.9778	0.1551	0.1566
0.9797	0.1577	0.1532
0.9762	0.1635	0.1487
0.9745	0.1694	0.1495
0.9757	0.1633	0.1506
0.978	0.16	0.1546
0.9806	0.1653	0.1638
0.979	0.1629	0.1633
0.982	0.1553	0.1615
0.9874	0.1501	0.1567
0.9852	0.1547	0.1482
0.9783	0.1669	0.1571
0.9695	0.1731	0.1689
0.9717	0.1682	0.1659
0.9848	0.1573	0.1531
0.9877	0.1572	0.1457
0.9794	0.1709	0.1525
0.9762	0.1757	0.1518
0.9779	0.17	0.1467
0.9765	0.1701	0.1489
0.9814	0.1663	0.1512
0.987	0.1566	0.1636
0.9811	0.1584	0.1683
0.9794	0.1584	0.1551
0.9774	0.1497	0.1548
0.9737	0.1507	0.1618
0.9796	0.159	0.1613
0.9801	0.1669	0.1608
0.98	0.1692	0.1566
0.9854	0.1675	0.1431
0.984	0.1666	0.1379
0.9808	0.1654	0.1515
0.9774	0.1728	0.1577
0.9744	0.1763	0.1579
0.9776	0.1657	0.1668
0.9802	0.1611	0.1632
0.9799	0.155	0.1595
0.9808	0.142	0.1649
0.9793	0.1443	0.159
0.9777	0.158	0.1567
0.9803	0.1666	0.1551
0.9809	0.1697	0.1437
0.9802	0.1717	0.1426
0.98	0.1737	0.1516
0.9784	0.1743	0.1625
0.9794	0.1722	0.1632
0.9794	0.1665	0.1516
0.9788	0.1623	0.1516
0.9813	0.1614	0.163
0.9824	0.1577	0.1658
0.9816	0.1525	0.1565
0.9776	0.1505	0.1516
0.9756	0.1541	0.1533
0.9812	0.1601	0.1506
0.9819	0.1636	0.1515
0.9777	0.1695	0.1536
0.9788	0.1738	0.1529
0.9821	0.1693	0.1576
0.9833	0.163	0.1609
0.9806	0.1601	0.1606
0.9753	0.1612	0.1594
0.9744	0.1622	0.1566
0.9794	0.1623	0.1553
0.9844	0.1643	0.154
0.9837	0.1647	0.1538
0.9796	0.1647	0.1568
0.9779	0.1653	0.1587
0.9781	0.1637	0.1573
0.9766	0.1626	0.1569
0.9757	0.1623	0.1554
0.9796	0.1623	0.1524
0.985	0.1637	0.1541
0.9862	0.1637	0.1562
0.9824	0.1602	0.1576
0.9773	0.1583	0.1595
0.9765	0.1602	0.1563
0.9772	0.1602	0.1534
0.9769	0.1611	0.1541
0.9778	0.1648	0.1547
0.9771	0.1654	0.1541
0.9773	0.1648	0.154
0.9826	0.1647	0.1567
0.9861	0.1645	0.159
0.9851	0.1654	0.1583
0.9829	0.1658	0.1552
0.9795	0.1658	0.1535
0.9777	0.1659	0.1551
0.9794	0.1668	0.1538
0.9789	0.1653	0.1541
0.9766	0.1598	0.1581
0.9759	0.1574	0.1581
0.9766	0.1589	0.1564
0.9795	0.1585	0.1568
0.9817	0.1574	0.1596
0.9811	0.1586	0.1604
0.9806	0.1608	0.1567
0.9796	0.1637	0.1564
0.9796	0.1657	0.1563
0.9822	0.1657	0.1518
0.9822	0.1671	0.1509
0.9784	0.169	0.1538
0.9774	0.1672	0.1557
0.9802	0.1628	0.1553
0.9804	0.1606	0.1513
0.9777	0.1664	0.17
0.98	0.1632	0.1499
0.9801	0.1622	0.1444
0.9803	0.1635	0.1517
0.9787	0.1652	0.1624
0.9796	0.165	0.1636
0.9794	0.1619	0.1527
0.9786	0.1601	0.1533
0.9811	0.1614	0.165
0.982	0.1595	0.1677
0.9812	0.1556	0.1581
0.9773	0.1543	0.1527
0.9754	0.1581	0.1537
0.9811	0.1638	0.1504
0.9819	0.1667	0.1507
0.9777	0.1718	0.1524
0.979	0.1752	0.1514
0.9823	0.1699	0.1559
0.9835	0.1629	0.1593
0.9808	0.1593	0.1591
0.9755	0.1599	0.1582
0.9746	0.1607	0.1558
0.9795	0.1607	0.1548
0.9845	0.1628	0.1539
0.9838	0.1634	0.154
0.9796	0.1637	0.1572
0.9779	0.1646	0.1593
0.9781	0.1633	0.158
0.9765	0.1626	0.1576
0.9756	0.1625	0.1561
0.9795	0.1627	0.1529
0.9849	0.1642	0.1546
0.9861	0.1643	0.1565
0.9824	0.1608	0.1577
0.9772	0.1589	0.1595
0.9764	0.1606	0.1562
0.9772	0.1605	0.1532
0.9769	0.1613	0.1539
0.9778	0.1649	0.1544
0.9771	0.1654	0.1539
0.9774	0.1647	0.1538
0.9826	0.1645	0.1565
0.9861	0.1643	0.1588
0.9851	0.1652	0.1582
0.983	0.1656	0.1551
0.9795	0.1656	0.1536
0.9777	0.1657	0.1551
0.9794	0.1667	0.1538
0.9789	0.1653	0.1542
0.9766	0.1598	0.1582
0.9759	0.1574	0.1582
0.9766	0.159	0.1564
0.9795	0.1585	0.1569
0.9817	0.1575	0.1597
0.9811	0.1587	0.1604
0.9806	0.1609	0.1567
0.9796	0.1637	0.1564
0.9796	0.1657	0.1563
0.9822	0.1657	0.1517
0.9822	0.1671	0.1508
0.9784	0.169	0.1538
0.9774	0.1671	0.1557
0.9802	0.1628	0.1552
0.9804	0.1606	0.1512
0.9793	0.164	0.152
0.9798	0.1673	0.162
0.9788	0.165	0.1649
0.9776	0.1625	0.1561
0.9786	0.1608	0.1535
0.9798	0.1605	0.1557
0.9798	0.1631	0.1539
0.9801	0.1628	0.1544
0.9839	0.1597	0.155
0.9847	0.157	0.1546
0.978	0.1571	0.1589
0.9756	0.1625	0.1599
0.9785	0.1653	0.1563
0.9792	0.164	0.1562
0.9815	0.1653	0.1566
0.9821	0.1662	0.1549
0.979	0.1659	0.154
0.9784	0.1665	0.1555
0.9779	0.1638	0.1578
0.9778	0.161	0.1575
0.9789	0.1618	0.1558
0.9782	0.1629	0.1554
0.9791	0.1639	0.155
0.9814	0.1637	0.1548
0.9818	0.163	0.1555
0.9817	0.1634	0.1557
0.9809	0.1627	0.1547
0.9797	0.1628	0.1544
0.9798	0.1633	0.1552
0.9838	0.1613	0.1552
0.9843	0.1606	0.1556
0.9757	0.1615	0.1562
0.9717	0.1623	0.1558
0.9764	0.1638	0.1558
0.9808	0.1647	0.1559
0.9828	0.1644	0.1562
0.9806	0.1636	0.1576
0.9783	0.1632	0.1594
0.9803	0.1631	0.1605
0.981	0.1634	0.1583
0.9799	0.1632	0.1547
0.9783	0.1625	0.1548
0.9772	0.1622	0.1555
0.9783	0.163	0.1536
0.9811	0.1644	0.1538
0.985	0.1641	0.155
0.9832	0.1603	0.1546
0.9775	0.1591	0.156
0.9772	0.1632	0.1557
0.9814	0.1638	0.1539
0.9826	0.1603	0.1542
0.9773	0.1616	0.1554
0.9756	0.1668	0.1609
0.978	0.1693	0.1626
0.975	0.1677	0.1536
0.9747	0.1663	0.1513
0.9793	0.1645	0.1565
0.9872	0.1596	0.155
0.9914	0.1589	0.1515
0.9815	0.1603	0.1533
0.974	0.1569	0.1583
0.9754	0.1574	0.161
0.9777	0.1668	0.1596
0.9832	0.1745	0.1637
0.9901	0.1694	0.1364
0.9835	0.164	0.1578
0.9779	0.1583	0.1664
0.9742	0.1558	0.1598
0.9741	0.1559	0.157
0.9753	0.1582	0.1579
0.976	0.1635	0.1543
0.9774	0.1654	0.1532
0.9824	0.1638	0.1526
0.9845	0.1619	0.1514
0.9787	0.1621	0.1555
0.977	0.1669	0.1568
0.9804	0.1687	0.1538
0.9812	0.1662	0.1545
0.9834	0.1663	0.1558
0.9838	0.1659	0.155
0.9803	0.1646	0.1549
0.9792	0.1645	0.1569
0.9783	0.1614	0.1596
0.9778	0.1584	0.1594
0.9786	0.1593	0.1577
0.9775	0.1608	0.157
0.9783	0.1622	0.1563
0.9805	0.1626	0.1557
0.981	0.1624	0.156
0.9809	0.1633	0.1558
0.9803	0.1631	0.1544
0.9793	0.1636	0.1539
0.9796	0.1642	0.1545
0.9837	0.1623	0.1544
0.9844	0.1616	0.1549
0.9759	0.1624	0.1555
0.9719	0.1631	0.1552
0.9767	0.1643	0.1553
0.9811	0.1651	0.1556
0.9831	0.1645	0.1561
0.9808	0.1635	0.1576
0.9785	0.163	0.1596
0.9804	0.1628	0.1607
0.981	0.163	0.1585
0.9799	0.1629	0.155
0.9782	0.1621	0.155
0.9771	0.1619	0.1558
0.9782	0.1628	0.1538
0.981	0.1643	0.154
0.9848	0.164	0.1551
0.9831	0.1603	0.1546
0.9774	0.1592	0.1559
0.9772	0.1633	0.1557
0.9814	0.1639	0.1538
0.9826	0.1604	0.1541
0.9773	0.1618	0.1553
0.9756	0.1669	0.1608
0.978	0.1694	0.1625
0.9751	0.1678	0.1536
0.9747	0.1664	0.1512
0.9793	0.1646	0.1565
0.9872	0.1596	0.155
0.9914	0.1588	0.1515
0.9816	0.1602	0.1533
0.974	0.1569	0.1584
0.9754	0.1573	0.161
0.9777	0.1667	0.1597
0.9832	0.1745	0.1638
0.9888	0.1694	0.1632
0.9909	0.157	0.1451
0.9792	0.153	0.1379
0.963	0.1629	0.1529
0.9646	0.172	0.1638
0.9733	0.1682	0.1661
0.9839	0.1582	0.1611
0.9943	0.1494	0.1471
0.9922	0.1525	0.1437
0.9804	0.164	0.1554
0.9658	0.1653	0.1634
0.9673	0.166	0.1632
0.9809	0.1733	0.1621
0.9849	0.1787	0.1625
0.9856	0.1789	0.1593
0.9827	0.1675	0.1528
0.9789	0.152	0.1504
0.9794	0.147	0.1506
0.978	0.1488	0.1498
0.9799	0.1461	0.1506
0.9809	0.1526	0.154
0.9796	0.1767	0.1556
0.9802	0.1865	0.1558
0.9785	0.1738	0.1574
0.9787	0.1663	0.1571
0.982	0.165	0.157
0.9824	0.1608	0.1594
0.978	0.1639	0.1567
0.9741	0.1663	0.1498
0.9757	0.1565	0.1518
0.9815	0.1518	0.1625
0.989	0.1528	0.1646
0.9882	0.1511	0.1562
0.978	0.1558	0.1531
0.9698	0.1678	0.1557
0.9666	0.1779	0.1569
0.973	0.1766	0.1626
0.9897	0.1667	0.1643
0.9972	0.1598	0.1543
0.9861	0.1597	0.1515
0.9759	0.1606	0.1531
0.9743	0.1587	0.1464
0.9725	0.1596	0.1472
0.9722	0.161	0.1559
0.9734	0.1646	0.1584
0.9787	0.1728	0.1568
0.9872	0.1732	0.155
0.9871	0.1671	0.1561
0.9817	0.1642	0.1626
0.9791	0.1637	0.167
0.9795	0.1614	0.1619
0.9798	0.156	0.1529
0.98	0.1547	0.1491
0.983	0.1578	0.1488
0.9829	0.159	0.1474
0.9801	0.1607	0.1496
0.9801	0.1642	0.1551
0.979	0.1648	0.1569
0.9777	0.1645	0.1583
0.9774	0.167	0.1595
0.9769	0.1699	0.16
0.9767	0.1705	0.1637
0.9767	0.1635	0.1647
0.9788	0.1564	0.1625
0.9813	0.1427	0.1641
0.9881	0.1552	0.1466
0.9801	0.1638	0.1386
0.9663	0.1779	0.1523
0.9693	0.1861	0.1618
0.9784	0.1783	0.1631
0.9886	0.1634	0.1576
0.9981	0.1497	0.1436
0.9949	0.1488	0.1407
0.9819	0.1576	0.1531
0.966	0.1574	0.1621
0.9665	0.1579	0.1628
0.9793	0.166	0.1626
0.9828	0.1729	0.1637
0.9833	0.175	0.161
0.9804	0.1658	0.1549
0.9769	0.1522	0.1525
0.9778	0.1488	0.1526
0.9768	0.1518	0.1515
0.9792	0.1499	0.1518
0.9808	0.1566	0.1548
0.9799	0.1806	0.1559
0.9808	0.1899	0.1557
0.9793	0.1765	0.1569
0.9797	0.1682	0.1564
0.9829	0.1659	0.1562
0.9833	0.161	0.1585
0.9787	0.1634	0.1559
0.9746	0.1651	0.1491
0.9761	0.1551	0.1512
0.9817	0.1502	0.1621
0.989	0.1511	0.1644
0.9881	0.1496	0.1561
0.9778	0.1546	0.1532
0.9695	0.1669	0.1559
0.9662	0.1773	0.1572
0.9726	0.1764	0.1629
0.9894	0.1667	0.1646
0.997	0.1601	0.1546
0.9859	0.1602	0.1517
0.9758	0.1611	0.1533
0.9743	0.1593	0.1466
0.9725	0.1601	0.1473
0.9723	0.1615	0.1559
0.9735	0.165	0.1584
0.9789	0.1731	0.1567
0.9873	0.1733	0.1549
0.9872	0.1671	0.156
0.9818	0.1641	0.1625
0.9792	0.1635	0.1669
0.9795	0.1612	0.1619
0.9799	0.1558	0.1528
0.98	0.1545	0.149
0.983	0.1576	0.1488
0.9829	0.1588	0.1474
0.9801	0.1606	0.1496
0.98	0.1641	0.1551
0.9789	0.1648	0.157
0.9776	0.1646	0.1583
0.9773	0.167	0.1595
0.9769	0.17	0.16
0.9767	0.1705	0.1637
0.9767	0.1636	0.1647
0.9788	0.1564	0.1626
0.9818	0.1578	0.1577
0.9816	0.1581	0.1505
0.9767	0.1605	0.1517
0.9752	0.166	0.1558
0.9813	0.1657	0.1573
0.9838	0.1658	0.1558
0.982	0.1658	0.1481
0.983	0.164	0.1467
0.983	0.1636	0.151
0.9819	0.1612	0.1513
0.9814	0.16	0.1511
0.9792	0.1588	0.1515
0.9785	0.1565	0.1573
0.9783	0.1612	0.1645
0.9765	0.1725	0.1649
0.9769	0.1755	0.1649
0.9794	0.1633	0.1638
0.9803	0.1524	0.1596
0.9783	0.1552	0.155
0.9771	0.1657	0.1536
0.9785	0.1717	0.1575
0.9791	0.1667	0.1575
0.9789	0.1633	0.1518
0.9779	0.1653	0.1505
0.9789	0.1671	0.1528
0.9873	0.1676	0.1524
0.9904	0.1571	0.1513
0.9804	0.1498	0.1533
0.9729	0.1574	0.1569
0.9754	0.1613	0.158
0.9843	0.1638	0.1537
0.9871	0.162	0.1527
0.9737	0.1565	0.1587
0.9699	0.1642	0.1588
0.9835	0.1706	0.1573
0.9857	0.1709	0.1616
0.9803	0.1693	0.1612
0.9748	0.1653	0.1573
0.9708	0.1682	0.1577
0.9818	0.165	0.1574
0.9882	0.1555	0.1533
0.9811	0.1542	0.1501
0.9762	0.1588	0.1506
0.9737	0.1654	0.153
0.9799	0.1644	0.1544
0.9841	0.1596	0.1546
0.9781	0.1612	0.156
0.9813	0.1686	0.1595
0.9867	0.1721	0.1618
0.9847	0.1623	0.1591
0.9793	0.1578	0.1523
0.9733	0.159	0.1491
0.9757	0.1579	0.1536
0.9767	0.1682	0.1599
0.976	0.1715	0.1623
0.9805	0.1634	0.1602
0.9798	0.1622	0.1541
0.9791	0.16	0.1511
0.9809	0.159	0.157
0.9827	0.1598	0.1602
0.9853	0.1573	0.1557
0.9812	0.161	0.1561
0.9785	0.1686	0.1582
0.98	0.1705	0.1562
0.987	0.1584	0.1542
0.982	0.1623	0.1479
0.974	0.1654	0.1508
0.9708	0.1699	0.1568
0.9764	0.1679	0.16
0.9791	0.1661	0.1596
0.9781	0.1644	0.1526
0.9803	0.1614	0.1512
0.9815	0.1602	0.155
0.9816	0.1576	0.1545
0.9821	0.1567	0.1533
0.9806	0.1561	0.1526
0.9804	0.1546	0.1573
0.9804	0.1602	0.1636
0.9786	0.1724	0.1634
0.9787	0.1761	0.163
0.9809	0.1645	0.1616
0.9814	0.154	0.1574
0.9789	0.157	0.1531
0.9773	0.1674	0.152
0.9783	0.1732	0.1564
0.9785	0.168	0.1569
0.9781	0.1642	0.1516
0.977	0.1658	0.1507
0.9781	0.1672	0.1533
0.9865	0.1675	0.1531
0.9898	0.1566	0.1522
0.9799	0.1491	0.1542
0.9726	0.1567	0.1577
0.9753	0.1606	0.1587
0.9843	0.1631	0.1542
0.9873	0.1614	0.153
0.9739	0.156	0.1589
0.9702	0.1639	0.1589
0.9839	0.1705	0.1572
0.986	0.1709	0.1614
0.9806	0.1694	0.1609
0.975	0.1655	0.157
0.9709	0.1684	0.1574
0.9819	0.1652	0.1571
0.9882	0.1557	0.1531
0.9811	0.1544	0.1499
0.9761	0.1589	0.1505
0.9736	0.1655	0.153
0.9797	0.1645	0.1545
0.984	0.1596	0.1546
0.978	0.1612	0.1561
0.9812	0.1685	0.1596
0.9866	0.172	0.1619
0.9847	0.1622	0.1592
0.9792	0.1577	0.1524
0.9733	0.1589	0.1491
0.9757	0.1578	0.1536
0.9767	0.1681	0.16
0.976	0.1715	0.1623
0.9806	0.1634	0.1601
0.9798	0.1622	0.1541
0.9792	0.16	0.1511
0.9809	0.1591	0.157
0.9827	0.1598	0.1601
0.9853	0.1573	0.1556
0.9812	0.1611	0.1561
0.9785	0.1687	0.1581
0.98	0.1705	0.1561
0.9834	0.1652	0.1547
0.9855	0.1622	0.1522
0.9753	0.1648	0.1514
0.9712	0.1629	0.1519
0.9785	0.1621	0.1504
0.9793	0.1633	0.1521
0.9799	0.1604	0.1534
0.978	0.1607	0.1569
0.9744	0.1606	0.1635
0.978	0.1611	0.163
0.9794	0.1667	0.1631
0.9819	0.1668	0.1632
0.9853	0.164	0.1566
0.982	0.1643	0.1543
0.9823	0.1645	0.1548
0.9836	0.1638	0.1525
0.9806	0.1616	0.1512
0.9779	0.1604	0.1514
0.9758	0.161	0.1543
0.9788	0.1602	0.1566
0.9812	0.1609	0.1566
0.9791	0.1641	0.1574
0.9794	0.165	0.1562
0.9787	0.1633	0.1541
0.9783	0.1629	0.1535
0.9779	0.1634	0.1538
0.977	0.1632	0.1598
0.982	0.1638	0.1636
0.9832	0.164	0.1573
0.9789	0.1632	0.1545
0.9792	0.163	0.1553
0.9798	0.163	0.1531
0.9782	0.1638	0.1536
0.9784	0.1645	0.1549
0.9822	0.1639	0.1562
0.9856	0.1641	0.1568
0.9832	0.1623	0.155
0.9776	0.1612	0.1563
0.9744	0.1629	0.1567
0.9766	0.1616	0.1561
0.9787	0.1607	0.1586
0.9783	0.1617	0.1561
0.9812	0.1611	0.1522
0.9824	0.1621	0.1548
0.9809	0.1642	0.1574
0.9809	0.1647	0.1559
0.9799	0.1641	0.1571
0.9797	0.1643	0.16
0.9789	0.1661	0.158
0.9774	0.1679	0.1556
0.9782	0.168	0.1542
0.9794	0.1622	0.1517
0.9822	0.1566	0.1515
0.9826	0.1582	0.1537
0.977	0.1601	0.1578
0.976	0.1617	0.1599
0.981	0.1635	0.1589
0.9822	0.1621	0.1571
0.9797	0.1614	0.1539
0.9777	0.1614	0.1546
0.9766	0.1625	0.1554
0.9786	0.1673	0.1543
0.9823	0.1694	0.1556
0.9827	0.1677	0.1543
0.9821	0.1693	0.1552
0.9865	0.1618	0.1588
0.9775	0.1619	0.1598
0.9737	0.1592	0.1594
0.9807	0.1585	0.1556
0.9809	0.1605	0.1544
0.9808	0.1586	0.1529
0.9782	0.1599	0.1541
0.9739	0.1608	0.1592
0.977	0.162	0.158
0.9781	0.1681	0.158
0.9805	0.1685	0.1586
0.984	0.1656	0.153
0.9809	0.1658	0.1519
0.9815	0.1657	0.1536
0.983	0.1647	0.1525
0.9803	0.162	0.1522
0.9779	0.1605	0.1531
0.976	0.1608	0.1566
0.9792	0.1597	0.159
0.9817	0.1603	0.1589
0.9797	0.1634	0.1596
0.9799	0.1643	0.1579
0.9792	0.1627	0.1553
0.9787	0.1624	0.1542
0.9782	0.163	0.154
0.9772	0.163	0.1596
0.982	0.1638	0.163
0.9831	0.1641	0.1564
0.9787	0.1634	0.1535
0.979	0.1633	0.1543
0.9796	0.1632	0.1522
0.978	0.1641	0.1529
0.9782	0.1648	0.1543
0.982	0.1641	0.1558
0.9854	0.1643	0.1566
0.9831	0.1624	0.155
0.9776	0.1613	0.1565
0.9744	0.1629	0.157
0.9767	0.1615	0.1565
0.9788	0.1606	0.159
0.9784	0.1616	0.1564
0.9812	0.161	0.1525
0.9825	0.162	0.155
0.981	0.1641	0.1575
0.981	0.1646	0.156
0.98	0.164	0.1571
0.9797	0.1643	0.16
0.9789	0.166	0.1579
0.9774	0.168	0.1555
0.9781	0.168	0.1541
0.9793	0.1622	0.1515
0.9822	0.1566	0.1514
0.9826	0.1582	0.1536
0.977	0.1601	0.1577
0.976	0.1618	0.1598
0.981	0.1636	0.1589
0.9822	0.1621	0.1571
0.9797	0.1614	0.1539
0.9777	0.1614	0.1547
0.9766	0.1625	0.1554
0.9786	0.1673	0.1544
0.9823	0.1693	0.1556
0.9827	0.1677	0.1543
0.9823	0.1655	0.155
0.9823	0.1635	0.159
0.9803	0.1637	0.1604
0.9791	0.1634	0.1595
0.9789	0.1599	0.156
0.978	0.1569	0.155
0.9782	0.1576	0.1569
0.9792	0.1603	0.1561
0.9786	0.1621	0.1544
0.9775	0.1629	0.1509
0.9784	0.1642	0.1498
0.9803	0.1645	0.1567
0.9818	0.1636	0.1602
0.9814	0.1643	0.1577
0.9794	0.1673	0.1567
0.9791	0.1672	0.1544
0.9811	0.1614	0.1523
0.9809	0.1599	0.1538
0.9768	0.1659	0.1551
0.9764	0.1671	0.1552
0.9815	0.1639	0.1556
0.9826	0.1633	0.1591
0.9798	0.1618	0.1613
0.98	0.1597	0.1596
0.9808	0.1595	0.1614
0.9801	0.1601	0.1598
0.9794	0.1608	0.1537
0.9775	0.161	0.1535
0.977	0.1624	0.1527
0.9794	0.1658	0.1509
0.9809	0.1668	0.1528
0.9813	0.1635	0.1537
0.9813	0.1605	0.154
0.9801	0.1618	0.1542
0.9792	0.166	0.1548
0.9795	0.1679	0.1572
0.9794	0.1653	0.1589
0.9782	0.1642	0.1606
0.9789	0.1667	0.1614
0.9826	0.1692	0.1578
0.983	0.167	0.1545
0.9782	0.1542	0.1546
0.9752	0.1475	0.1535
0.9761	0.154	0.1525
0.9784	0.1528	0.1526
0.982	0.1538	0.1522
0.9865	0.1651	0.1546
0.9876	0.1696	0.1586
0.9801	0.1754	0.1626
0.9705	0.1882	0.1641
0.9717	0.1883	0.1601
0.979	0.1681	0.1597
0.9807	0.1544	0.1632
0.9777	0.1587	0.1591
0.9787	0.1516	0.1467
0.9847	0.1306	0.1409
0.9843	0.123	0.145
0.9757	0.1485	0.1409
0.9757	0.1869	0.1423
0.9881	0.1943	0.1615
0.9937	0.1895	0.1677
0.9846	0.1945	0.1633
0.9756	0.1866	0.1617
0.974	0.1642	0.1564
