0.8192	-0.3238	0.1236
1.18	-0.482	0.3356
1.602	-0.4599	0.3021
1.678	-0.3555	0.2662
1.723	-0.2965	0.4999
1.851	-0.1648	0.5851
1.738	-0.1357	0.2485
1.68	-0.1858	-0.07627
1.562	-0.04972	0.03138
1.096	-0.06457	0.2599
0.8819	-0.15	0.2744
0.8761	-0.07057	0.3038
0.7334	-0.1418	0.2658
0.6594	-0.153	0.133
0.6026	-0.07468	0.12
0.5448	-0.06669	0.0723
0.4751	0.08735	0.107
0.3885	0.1486	0.1839
0.3693	0.1081	0.1248
0.3581	0.1465	0.1263
0.4088	0.1157	0.06575
0.5218	0.03665	-0.001403
0.7857	-0.1557	0.007053
1.137	-0.3762	-0.05223
1.329	-0.4725	-0.03595
1.526	-0.5533	-0.04733
1.704	-0.5438	-0.09351
1.771	-0.4572	-0.0473
1.875	-0.4018	-0.04976
1.891	-0.3112	-0.07014
1.59	-0.2079	-0.06612
1.14	-0.1465	-0.006234
1.037	-0.1156	0.06369
1.111	-0.1158	-0.006591
0.9004	-0.1468	-0.06564
0.6882	-0.1716	-0.005685
0.6034	-0.1416	0.04906
0.5066	-0.07706	0.06066
0.5035	-0.02649	0.05866
0.4944	-0.00834	0.03767
0.3582	-0.03985	-0.001856
0.2647	-0.08107	-0.0366
0.3482	-0.0839	-0.02728
0.4962	-0.1036	-0.003104
0.6015	-0.1544	-0.07131
0.7098	-0.2325	-0.09337
0.9049	-0.3967	0.1113
1.393	-0.5322	0.3199
1.928	-0.4415	0.3168
1.869	-0.2342	0.2674
1.611	-0.1322	0.3071
1.637	-0.07979	0.2869
1.537	-0.02163	0.25
1.454	-0.03697	0.2884
1.394	-0.07787	0.2472
1.034	-0.08569	0.1788
0.7971	-0.05581	0.1085
0.6694	0.01428	0.03652
0.5261	0.1033	0.07385
0.5225	0.1859	0.07762
0.426	0.2107	0.06394
0.3996	0.1809	0.09154
0.49	0.1188	0.0729
0.5544	0.006354	0.0915
0.757	-0.1524	0.1043
0.929	-0.3181	0.076
1.015	-0.4168	0.06861
1.109	-0.4519	0.02434
1.261	-0.4881	-0.1139
1.465	-0.5222	-0.257
1.512	-0.5104	-0.1812
1.694	-0.4391	-0.1019
1.969	-0.2843	-0.3206
1.675	-0.1027	-0.4101
1.066	-0.0876	-0.09129
0.7177	-0.132	0.2158
0.7359	-0.09732	0.1601
1.013	-0.1531	-0.05325
1.244	-0.1673	-0.1806
1.319	-0.0922	-0.2791
1.083	-0.08743	-0.1926
0.6088	-0.009196	-0.0268
0.4376	0.03403	-0.03096
0.3663	-0.01072	0.07052
0.253	0.004277	0.1037
0.4353	-0.08268	-0.0169
0.6783	-0.1744	0.02453
0.9444	-0.1534	-0.04853
1.076	-0.1457	-0.1481
0.826	-0.1411	-0.08452
0.6314	-0.2325	-0.06634
0.6353	-0.4136	0.1107
1.003	-0.4997	0.2859
1.7	-0.4286	0.09494
1.92	-0.2895	-0.03882
1.67	-0.197	0.2862
1.6	-0.1138	0.5804
1.676	-0.07323	0.391
1.547	-0.08394	0.143
1.265	-0.06143	0.04453
0.9996	-0.05814	0.04118
0.7428	-0.02727	0.2036
0.5974	0.05596	0.2235
0.5458	0.1173	0.1542
0.5045	0.1599	0.1608
0.503	0.1741	0.08518
0.4788	0.1687	0.06286
0.5212	0.1082	0.05677
0.6516	0.005487	0.03293
0.7628	-0.06483	0.07252
0.8881	-0.1618	0.06448
1.005	-0.2802	0.09969
1.102	-0.3419	0.1228
1.19	-0.4178	0.03546
1.269	-0.5175	-0.05226
1.291	-0.4894	-0.08855
1.315	-0.4283	-0.02342
1.597	-0.3855	-0.0312
1.826	-0.1439	-0.215
1.486	0.07843	-0.2975
0.866	0.09736	-0.004461
0.6066	0.1073	0.3192
0.8607	0.01047	0.06738
1.122	-0.1687	-0.2273
1.054	-0.1926	-0.1088
0.8672	-0.09942	-0.1119
0.6755	0.003021	-0.124
0.594	0.06541	-0.03314
0.757	-0.1524	0.1043
0.929	-0.3181	0.076
1.015	-0.4168	0.06861
1.109	-0.4519	0.02434
1.261	-0.4881	-0.1139
1.465	-0.5222	-0.257
1.512	-0.5104	-0.1812
1.694	-0.4391	-0.1019
1.969	-0.2843	-0.3206
1.675	-0.1027	-0.4101
1.066	-0.0876	-0.09129
0.7177	-0.132	0.2158
0.7359	-0.09732	0.1601
1.013	-0.1531	-0.05325
1.244	-0.1673	-0.1806
1.319	-0.0922	-0.2791
1.083	-0.08743	-0.1926
0.6088	-0.009196	-0.0268
0.4376	0.03403	-0.03096
0.3663	-0.01072	0.07052
0.253	0.004277	0.1037
0.4353	-0.08268	-0.0169
0.6783	-0.1744	0.02453
0.9444	-0.1534	-0.04853
1.076	-0.1457	-0.1481
0.826	-0.1411	-0.08452
0.6314	-0.2325	-0.06634
0.6353	-0.4136	0.1107
1.003	-0.4997	0.2859
1.7	-0.4286	0.09494
1.92	-0.2895	-0.03882
1.67	-0.197	0.2862
1.6	-0.1138	0.5804
1.676	-0.07323	0.391
1.547	-0.08394	0.143
1.265	-0.06143	0.04453
0.9996	-0.05814	0.04118
0.7428	-0.02727	0.2036
0.5974	0.05596	0.2235
0.5458	0.1173	0.1542
0.5045	0.1599	0.1608
0.503	0.1741	0.08518
0.4788	0.1687	0.06286
0.5212	0.1082	0.05677
0.6516	0.005487	0.03293
0.7628	-0.06483	0.07252
0.8881	-0.1618	0.06448
1.005	-0.2802	0.09969
1.102	-0.3419	0.1228
1.19	-0.4178	0.03546
1.269	-0.5175	-0.05226
1.291	-0.4894	-0.08855
1.315	-0.4283	-0.02342
1.597	-0.3855	-0.0312
1.826	-0.1439	-0.215
1.486	0.07843	-0.2975
0.866	0.09736	-0.004461
0.6066	0.1073	0.3192
0.8607	0.01047	0.06738
1.122	-0.1687	-0.2273
1.054	-0.1926	-0.1088
0.8672	-0.09942	-0.1119
0.6755	0.003021	-0.124
0.594	0.06541	-0.03314
0.6573	0.07825	-0.09941
0.5753	0.07775	-0.1035
0.433	0.08926	-0.06631
0.4501	0.07204	-0.03699
0.5697	0.01434	0.03367
0.8049	-0.04252	-0.05758
0.899	-0.152	-0.1785
0.7613	-0.3305	-0.1719
0.7442	-0.5069	-0.06737
0.8637	-0.5731	0.1035
1.115	-0.4745	0.1468
1.48	-0.2601	0.09648
1.691	0.0596	0.1172
1.719	0.2048	0.1523
1.73	-0.1002	0.1155
1.783	-0.4493	-0.03582
1.73	-0.4579	-0.1498
1.485	-0.2826	-0.05547
1.199	-0.1512	0.02244
1.063	-0.1344	-0.05028
0.9862	-0.05004	-0.0817
0.757	0.1266	-0.1018
0.7031	0.07494	-0.1417
0.7779	-0.07805	-0.1375
0.579	-0.1265	-0.1952
0.5463	-0.2267	-0.2147
0.6315	-0.2557	-0.158
0.5226	-0.2597	-0.1488
0.614	-0.3332	-0.07236
0.7547	-0.2667	-0.00693
0.8248	-0.2546	-0.04254
0.9497	-0.2885	-0.02491
0.933	-0.1733	0.007164
0.9339	-0.0824	-0.003138
1.003	-0.02993	-0.0137
1.113	-0.1094	-0.0279
1.352	-0.2681	-0.06899
1.525	-0.2724	-0.148
1.632	-0.2374	-0.2082
1.681	-0.181	-0.2118
1.647	-0.1281	-0.2062
1.526	-0.1104	-0.2294
1.246	-0.09565	-0.2087
1.146	-0.156	-0.1594
1.198	-0.1674	-0.1819
1.069	-0.1687	-0.1832
0.9592	-0.2153	-0.1491
0.8466	-0.1884	-0.1499
0.7006	-0.1596	-0.1403
0.6965	-0.1077	-0.128
0.7232	-0.09193	-0.09204
0.7605	-0.137	-0.04414
0.7484	-0.1076	-0.03786
0.6909	-0.1069	-0.06138
0.7046	-0.1048	-0.1219
0.6644	-0.08523	-0.1304
0.5918	-0.1524	-0.033
0.5078	-0.2022	0.09542
0.4939	-0.23	0.1415
0.6799	-0.2751	-0.01916
0.7858	-0.3161	-0.2163
0.7592	-0.3245	-0.1928
0.9038	-0.2768	0.004457
1.38	-0.2115	0.161
0.6573	0.07825	-0.09941
0.5753	0.07775	-0.1035
0.433	0.08926	-0.06631
0.4501	0.07204	-0.03699
0.5697	0.01434	0.03367
0.8049	-0.04252	-0.05758
0.899	-0.152	-0.1785
0.7613	-0.3305	-0.1719
0.7442	-0.5069	-0.06737
0.8637	-0.5731	0.1035
1.115	-0.4745	0.1468
1.48	-0.2601	0.09648
1.691	0.0596	0.1172
1.719	0.2048	0.1523
1.73	-0.1002	0.1155
1.783	-0.4493	-0.03582
1.73	-0.4579	-0.1498
1.485	-0.2826	-0.05547
1.199	-0.1512	0.02244
1.063	-0.1344	-0.05028
0.9862	-0.05004	-0.0817
0.757	0.1266	-0.1018
0.7031	0.07494	-0.1417
0.7779	-0.07805	-0.1375
0.579	-0.1265	-0.1952
0.5463	-0.2267	-0.2147
0.6315	-0.2557	-0.158
0.5226	-0.2597	-0.1488
0.614	-0.3332	-0.07236
0.7547	-0.2667	-0.00693
0.8248	-0.2546	-0.04254
0.9497	-0.2885	-0.02491
0.933	-0.1733	0.007164
0.9339	-0.0824	-0.003138
1.003	-0.02993	-0.0137
1.113	-0.1094	-0.0279
1.352	-0.2681	-0.06899
1.525	-0.2724	-0.148
1.632	-0.2374	-0.2082
1.681	-0.181	-0.2118
1.647	-0.1281	-0.2062
1.526	-0.1104	-0.2294
1.246	-0.09565	-0.2087
1.146	-0.156	-0.1594
1.198	-0.1674	-0.1819
1.069	-0.1687	-0.1832
0.9592	-0.2153	-0.1491
0.8466	-0.1884	-0.1499
0.7006	-0.1596	-0.1403
0.6965	-0.1077	-0.128
0.7232	-0.09193	-0.09204
0.7605	-0.137	-0.04414
0.7484	-0.1076	-0.03786
0.6909	-0.1069	-0.06138
0.7046	-0.1048	-0.1219
0.6644	-0.08523	-0.1304
0.5918	-0.1524	-0.033
0.5078	-0.2022	0.09542
0.4939	-0.23	0.1415
0.6799	-0.2751	-0.01916
0.7858	-0.3161	-0.2163
0.7592	-0.3245	-0.1928
0.9038	-0.2768	0.004457
1.38	-0.2115	0.161
1.826	-0.1242	0.1637
1.849	-0.1629	0.2917
1.925	-0.3629	0.5564
2.064	-0.4681	0.4385
1.775	-0.4034	0.09763
1.425	-0.1853	-0.0189
1.107	0.03867	0.04041
0.7932	0.06541	0.2266
0.6986	0.007931	0.3101
0.5397	0.00492	0.2463
0.5245	0.01758	0.2031
0.6823	-0.006876	0.03939
0.6178	-0.003015	-0.02917
0.6143	0.01289	0.03162
0.5763	-0.02843	0.02573
0.5	-0.04388	0.1353
0.6598	-0.07931	0.175
0.7564	-0.164	0.08731
0.8489	-0.2636	0.02365
0.992	-0.3934	-0.08054
1.146	-0.4893	-0.1174
1.4	-0.5692	-0.13
1.615	-0.5622	-0.08058
1.876	-0.4746	-0.003242
1.903	-0.3434	-0.2008
1.51	-0.0419	-0.327
1.04	0.07973	0.01405
0.6886	-0.07198	0.3238
0.8661	-0.094	0.1365
1.239	-0.1369	-0.1273
1.215	-0.2162	-0.149
1.099	-0.1372	-0.1301
0.8215	-0.08041	-0.02126
0.5621	-0.03626	0.06861
0.5991	0.01248	0.03211
0.4604	-0.004815	0.04941
0.3431	-0.006772	0.02014
0.4141	-0.04489	0.009158
0.5051	-0.0801	0.0264
0.7556	-0.04785	-0.06977
0.8527	-0.05255	-0.08354
0.7473	-0.08723	-0.01817
0.6743	-0.235	0.07448
0.6479	-0.5412	0.1896
0.9983	-0.6751	0.2193
1.652	-0.4635	0.1491
1.945	-0.2259	0.05109
1.793	-0.1942	0.1984
1.74	-0.2109	0.3613
1.743	-0.1998	0.1838
1.467	-0.186	0.003415
1.196	-0.1255	-0.06669
0.9815	-0.05527	-0.01431
0.6929	0.03281	0.1623
0.5467	0.1107	0.1929
0.5548	0.1247	0.1688
0.606	0.1356	0.1562
0.633	0.1229	0.1167
0.6054	0.08546	0.1257
0.5987	0.03125	0.05864
0.6646	-0.08409	-0.04158
0.7824	-0.2284	-0.0305
0.8334	-0.3634	0.04644
0.775	-0.3923	0.1077
1.826	-0.1242	0.1637
1.849	-0.1629	0.2917
1.925	-0.3629	0.5564
2.064	-0.4681	0.4385
1.775	-0.4034	0.09763
1.425	-0.1853	-0.0189
1.107	0.03867	0.04041
0.7932	0.06541	0.2266
0.6986	0.007931	0.3101
0.5397	0.00492	0.2463
0.5245	0.01758	0.2031
0.6823	-0.006876	0.03939
0.6178	-0.003015	-0.02917
0.6143	0.01289	0.03162
0.5763	-0.02843	0.02573
0.5	-0.04388	0.1353
0.6598	-0.07931	0.175
0.7564	-0.164	0.08731
0.8489	-0.2636	0.02365
0.992	-0.3934	-0.08054
1.146	-0.4893	-0.1174
1.4	-0.5692	-0.13
1.615	-0.5622	-0.08058
1.876	-0.4746	-0.003242
1.903	-0.3434	-0.2008
1.51	-0.0419	-0.327
1.04	0.07973	0.01405
0.6886	-0.07198	0.3238
0.8661	-0.094	0.1365
1.239	-0.1369	-0.1273
1.215	-0.2162	-0.149
1.099	-0.1372	-0.1301
0.8215	-0.08041	-0.02126
0.5621	-0.03626	0.06861
0.5991	0.01248	0.03211
0.4604	-0.004815	0.04941
0.3431	-0.006772	0.02014
0.4141	-0.04489	0.009158
0.5051	-0.0801	0.0264
0.7556	-0.04785	-0.06977
0.8527	-0.05255	-0.08354
0.7473	-0.08723	-0.01817
0.6743	-0.235	0.07448
0.6479	-0.5412	0.1896
0.9983	-0.6751	0.2193
1.652	-0.4635	0.1491
1.945	-0.2259	0.05109
1.793	-0.1942	0.1984
1.74	-0.2109	0.3613
1.743	-0.1998	0.1838
1.467	-0.186	0.003415
1.196	-0.1255	-0.06669
0.9815	-0.05527	-0.01431
0.6929	0.03281	0.1623
0.5467	0.1107	0.1929
0.5548	0.1247	0.1688
0.606	0.1356	0.1562
0.633	0.1229	0.1167
0.6054	0.08546	0.1257
0.5987	0.03125	0.05864
0.6646	-0.08409	-0.04158
0.7824	-0.2284	-0.0305
0.8334	-0.3634	0.04644
0.775	-0.3923	0.1077
0.6796	-0.2963	0.09424
0.6364	-0.182	0.04438
0.8294	-0.1342	-0.0967
1.367	-0.3184	-0.3493
1.917	-0.5997	-0.4099
1.989	-0.5959	-0.1942
1.783	-0.3738	-0.0612
1.641	-0.1041	-0.1177
1.336	0.1734	-0.08821
1.125	0.2434	0.02396
1.255	0.1217	0.001347
1.216	0.02233	-0.08281
1.08	-0.04849	-0.1108
1.035	-0.06241	-0.1032
0.8356	-0.01602	-0.05948
0.6251	-0.007187	-0.03446
0.5158	-0.01523	-0.04822
0.5229	-0.01984	-0.06628
0.5923	-0.03718	-0.1183
0.5986	-0.03271	-0.1561
0.6641	0.005727	-0.1363
0.6837	0.05079	-0.06998
0.7403	0.05818	0.02467
0.9776	0.04709	0.02525
1.129	0.07602	-0.06988
1.128	0.07456	-0.1063
0.8794	-0.09132	0.001422
0.6202	-0.4336	0.1741
0.8127	-0.8049	0.221
1.273	-1.022	0.1772
1.76	-0.9655	0.1923
2.002	-0.5611	0.1787
1.898	-0.09219	0.01816
1.798	-0.03247	-0.1747
1.571	-0.1034	-0.1758
1.232	0.05867	-0.02816
1.218	0.02653	0.06383
1.21	-0.1145	0.1011
0.9987	-0.01409	0.08716
0.9181	-0.05767	0.00736
0.7894	-0.1802	-0.08222
0.6087	-0.1811	-0.147
0.5823	-0.2778	-0.08549
0.5036	-0.3293	0.03098
0.4437	-0.3305	0.05981
0.501	-0.2915	0.06803
0.5388	-0.15	0.05159
0.6434	-0.1228	0.009474
0.7642	-0.09518	-0.0264
0.7397	-0.02341	-0.03228
0.6876	-0.01754	0.007488
0.6627	-0.007085	-0.006554
0.6013	-0.04899	0.02386
0.635	-0.148	0.08716
0.909	-0.4471	-0.009515
1.357	-0.8809	-0.2179
1.657	-0.9271	-0.5775
1.574	-0.7017	-0.7546
1.378	-0.6597	-0.238
1.29	-0.6857	0.2699
1.3	-0.6241	0.05206
1.405	-0.5002	-0.1642
1.423	-0.248	-0.07124
1.338	-0.04925	-0.1718
0.6796	-0.2963	0.09424
0.6364	-0.182	0.04438
0.8294	-0.1342	-0.0967
1.367	-0.3184	-0.3493
1.917	-0.5997	-0.4099
1.989	-0.5959	-0.1942
1.783	-0.3738	-0.0612
1.641	-0.1041	-0.1177
1.336	0.1734	-0.08821
1.125	0.2434	0.02396
1.255	0.1217	0.001347
1.216	0.02233	-0.08281
1.08	-0.04849	-0.1108
1.035	-0.06241	-0.1032
0.8356	-0.01602	-0.05948
0.6251	-0.007187	-0.03446
0.5158	-0.01523	-0.04822
0.5229	-0.01984	-0.06628
0.5923	-0.03718	-0.1183
0.5986	-0.03271	-0.1561
0.6641	0.005727	-0.1363
0.6837	0.05079	-0.06998
0.7403	0.05818	0.02467
0.9776	0.04709	0.02525
1.129	0.07602	-0.06988
1.128	0.07456	-0.1063
0.8794	-0.09132	0.001422
0.6202	-0.4336	0.1741
0.8127	-0.8049	0.221
1.273	-1.022	0.1772
1.76	-0.9655	0.1923
2.002	-0.5611	0.1787
1.898	-0.09219	0.01816
1.798	-0.03247	-0.1747
1.571	-0.1034	-0.1758
1.232	0.05867	-0.02816
1.218	0.02653	0.06383
1.21	-0.1145	0.1011
0.9987	-0.01409	0.08716
0.9181	-0.05767	0.00736
0.7894	-0.1802	-0.08222
0.6087	-0.1811	-0.147
0.5823	-0.2778	-0.08549
0.5036	-0.3293	0.03098
0.4437	-0.3305	0.05981
0.501	-0.2915	0.06803
0.5388	-0.15	0.05159
0.6434	-0.1228	0.009474
0.7642	-0.09518	-0.0264
0.7397	-0.02341	-0.03228
0.6876	-0.01754	0.007488
0.6627	-0.007085	-0.006554
0.6013	-0.04899	0.02386
0.635	-0.148	0.08716
0.909	-0.4471	-0.009515
1.357	-0.8809	-0.2179
1.657	-0.9271	-0.5775
1.574	-0.7017	-0.7546
1.378	-0.6597	-0.238
1.29	-0.6857	0.2699
1.3	-0.6241	0.05206
1.405	-0.5002	-0.1642
1.423	-0.248	-0.07124
1.338	-0.04925	-0.1718
1.119	-0.02515	-0.1457
0.7702	0.06902	-0.01413
0.7419	0.09965	-0.1282
0.8764	-0.04445	-0.09121
0.8269	-0.1174	-0.0664
0.8596	-0.1893	-0.1294
0.8321	-0.215	-0.0333
0.6508	-0.1468	-0.04239
0.5859	-0.1869	-0.0297
0.5448	-0.1681	0.007841
0.5432	-0.125	-0.02172
0.666	-0.1759	0.02196
0.7648	-0.1242	-0.01945
0.7854	-0.1053	-0.02611
0.7759	-0.0848	0.02368
0.8898	-0.008074	0.03376
1.102	-0.1201	0.1216
1.182	-0.2408	0.1668
1.254	-0.3091	0.2079
1.544	-0.4879	0.3911
1.893	-0.5796	0.5304
1.942	-0.3948	0.2082
1.66	-0.1082	-0.2175
1.292	0.01032	0.01002
0.9845	0.008708	0.2501
0.8873	-0.003864	0.1613
0.8881	0.005881	0.2668
0.7346	0.04211	0.2427
0.6087	0.02528	0.1482
0.575	0.03027	0.1582
0.4781	0.0408	-0.002667
0.3958	-0.001152	-0.01385
0.3834	-0.02942	0.08391
0.4074	-0.06681	0.09745
0.4967	-0.05068	0.1533
0.6822	-0.04734	0.1206
0.8832	-0.1827	0.07529
1.004	-0.2987	0.01383
1.078	-0.3247	-0.04933
1.245	-0.3832	-0.01145
1.619	-0.5464	-0.1111
1.843	-0.6494	-0.2081
1.579	-0.4989	-0.1131
1.386	-0.2699	0.02471
1.566	-0.225	0.07895
1.609	-0.2735	-0.1291
1.461	-0.2283	-0.3241
1.22	-0.1754	-0.1152
0.8436	-0.1426	0.1009
0.7248	-0.08726	-0.0005959
0.7649	-0.09883	-0.04964
0.6179	-0.1095	-0.02605
0.6439	-0.09869	-0.1397
0.7506	-0.1099	-0.1584
0.6814	-0.0726	-0.1517
0.6377	-0.03698	-0.184
0.4437	-0.0264	-0.03605
0.2414	-0.01558	0.1391
0.3491	-0.008954	0.1878
0.615	0.02184	0.04851
0.9503	0.04627	-0.1094
1.001	-0.01939	0.01389
0.7985	-0.303	0.2516
0.8488	-0.605	0.4255
1.119	-0.02515	-0.1457
0.7702	0.06902	-0.01413
0.7419	0.09965	-0.1282
0.8764	-0.04445	-0.09121
0.8269	-0.1174	-0.0664
0.8596	-0.1893	-0.1294
0.8321	-0.215	-0.0333
0.6508	-0.1468	-0.04239
0.5859	-0.1869	-0.0297
0.5448	-0.1681	0.007841
0.5432	-0.125	-0.02172
0.666	-0.1759	0.02196
0.7648	-0.1242	-0.01945
0.7854	-0.1053	-0.02611
0.7759	-0.0848	0.02368
0.8898	-0.008074	0.03376
1.102	-0.1201	0.1216
1.182	-0.2408	0.1668
1.254	-0.3091	0.2079
1.544	-0.4879	0.3911
1.893	-0.5796	0.5304
1.942	-0.3948	0.2082
1.66	-0.1082	-0.2175
1.292	0.01032	0.01002
0.9845	0.008708	0.2501
0.8873	-0.003864	0.1613
0.8881	0.005881	0.2668
0.7346	0.04211	0.2427
0.6087	0.02528	0.1482
0.575	0.03027	0.1582
0.4781	0.0408	-0.002667
0.3958	-0.001152	-0.01385
0.3834	-0.02942	0.08391
0.4074	-0.06681	0.09745
0.4967	-0.05068	0.1533
0.6822	-0.04734	0.1206
0.8832	-0.1827	0.07529
1.004	-0.2987	0.01383
1.078	-0.3247	-0.04933
1.245	-0.3832	-0.01145
1.619	-0.5464	-0.1111
1.843	-0.6494	-0.2081
1.579	-0.4989	-0.1131
1.386	-0.2699	0.02471
1.566	-0.225	0.07895
1.609	-0.2735	-0.1291
1.461	-0.2283	-0.3241
1.22	-0.1754	-0.1152
0.8436	-0.1426	0.1009
0.7248	-0.08726	-0.0005959
0.7649	-0.09883	-0.04964
0.6179	-0.1095	-0.02605
0.6439	-0.09869	-0.1397
0.7506	-0.1099	-0.1584
0.6814	-0.0726	-0.1517
0.6377	-0.03698	-0.184
0.4437	-0.0264	-0.03605
0.2414	-0.01558	0.1391
0.3491	-0.008954	0.1878
0.615	0.02184	0.04851
0.9503	0.04627	-0.1094
1.001	-0.01939	0.01389
0.7985	-0.303	0.2516
0.8488	-0.605	0.4255
1.072	-0.5059	0.3854
1.516	-0.2465	0.2241
1.99	-0.1187	0.2878
1.954	0.02026	0.3373
1.741	-0.08346	0.3034
1.601	-0.2843	0.292
1.358	-0.1459	0.1305
1.195	-0.09295	0.0883
1.072	-0.08491	0.1672
0.8427	0.09378	0.1391
0.6486	0.06729	0.1557
0.5027	0.03642	0.1354
0.3759	0.06736	0.08803
0.3169	0.01825	0.08525
0.3299	0.02107	0.03729
0.4333	-0.07592	0.007905
0.6049	-0.1849	-0.01437
0.7657	-0.2319	0.006248
0.8841	-0.3172	0.06347
0.9605	-0.3388	0.07825
0.9301	-0.3342	0.09628
0.873	-0.3005	0.09211
1.035	-0.3075	0.07979
1.368	-0.4521	-0.01765
1.687	-0.5862	-0.1555
1.867	-0.5731	-0.1064
1.831	-0.3573	-0.06726
1.66	-0.05873	-0.09919
1.316	0.1311	0.01523
1.07	0.03922	0.1053
1.182	-0.1675	0.01932
1.176	-0.1965	-0.07022
1.015	-0.2369	-0.06514
0.9321	-0.2104	-0.0623
0.7434	-0.07839	-0.08926
0.6176	-0.08487	-0.08985
0.5906	-0.0551	-0.0767
0.5041	-0.0574	-0.05423
0.475	-0.09011	-0.04626
0.4592	-0.02813	-0.0471
0.4777	-0.0369	0.001935
0.5878	0.006813	0.03579
0.7494	0.0325	-0.005663
0.9857	0.003471	-0.05723
1.038	0.0246	-0.05802
0.8986	-0.111	-0.053
0.8555	-0.2488	-0.08565
0.7661	-0.2697	-0.05001
0.7587	-0.3268	0.1353
1.055	-0.3868	0.2971
1.472	-0.3421	0.1786
1.827	-0.2095	0.05239
1.7	-0.2093	0.3117
1.405	-0.2347	0.4987
1.495	-0.1682	0.3178
1.44	-0.1088	0.1803
1.373	0.03377	0.1432
1.438	0.08203	0.121
1.192	0.07369	0.1496
1.02	0.1859	0.136
0.871	0.1782	0.09711
0.6484	0.1701	0.06816
0.5636	0.1999	0.05901
0.3482	0.08952	0.08491
0.6028	-0.5469	-0.03658
0.8995	-0.5466	0.05179
1.41	-0.6382	0.1387
1.744	-0.5986	0.114
1.557	-0.3257	0.132
1.441	-0.1486	0.3398
1.542	-0.2044	0.4781
1.523	-0.2815	0.2637
1.557	-0.2381	0.001156
1.356	-0.1554	0.05228
0.9537	-0.1007	0.1217
0.9046	-0.07251	0.09486
0.8198	-0.1071	0.2035
0.6232	-0.106	0.2285
0.6206	-0.09899	0.1339
0.5085	-0.1315	0.1142
0.4059	-0.05401	0.04048
0.4218	0.01035	-0.01494
0.3392	0.06337	0.01253
0.2985	0.1505	0.02826
0.3265	0.1192	0.09446
0.4273	0.08788	0.1391
0.6367	0.04177	0.1031
0.8625	-0.1008	0.02861
1.148	-0.2648	-0.05442
1.295	-0.3995	-0.06457
1.253	-0.4894	-0.06852
1.437	-0.624	-0.1837
1.692	-0.6132	-0.2699
1.69	-0.4894	-0.09245
1.772	-0.52	0.07145
1.898	-0.3781	-0.1641
1.58	-0.1161	-0.3246
1.081	-0.05863	-0.02366
0.8439	-0.01805	0.2022
0.8334	-0.04957	0.09748
0.8765	-0.1382	0.03852
0.7728	-0.1296	0.00368
0.6538	-0.1763	-0.1686
0.6455	-0.1795	-0.179
0.6165	-0.1223	-0.09318
0.5861	-0.1469	-0.1427
0.4888	-0.07991	-0.0593
0.4313	0.04606	0.08724
0.5543	0.0667	0.07326
0.7074	0.04476	-0.005961
0.8948	0.02723	-0.119
0.9746	-0.02479	-0.07859
0.8817	-0.205	0.1511
0.9299	-0.4148	0.2734
1.307	-0.432	0.1009
1.839	-0.3919	-0.2571
1.988	-0.4469	-0.3388
1.808	-0.4041	-0.1196
1.827	-0.2124	-0.007443
1.822	-0.06777	-0.04677
1.571	-0.05744	-0.07733
1.309	-0.05831	-0.002791
1.117	0.02633	0.04634
0.9444	0.05236	0.1323
0.6702	0.05533	0.3102
0.5333	0.1125	0.2316
0.6133	0.06367	0.07949
0.4505	0.06208	0.05134
0.3348	0.1249	-0.01455
0.4192	0.09096	0.01374
0.3719	0.06182	0.05969
0.5306	-0.05866	0.06081
0.741	-0.1876	0.07916
0.8208	-0.2481	0.03867
0.9941	-0.3902	0.03854
1.044	-0.4755	-0.002498
1.27	-0.6012	-0.1703
1.625	-0.7752	-0.3509
1.572	-0.7197	-0.45
1.52	-0.5382	-0.2462
1.718	-0.3223	-0.01847
1.79	-0.05834	-0.1651
1.56	0.1459	-0.2391
1.215	0.1964	-0.0659
1.054	0.1172	-0.0356
1.049	0.03223	-0.1069
1.001	-0.07162	-0.1348
0.8867	-0.18	-0.1373
0.7697	-0.1834	-0.1193
0.6597	-0.1599	-0.1321
0.6278	-0.1614	-0.1203
0.6484	-0.1241	-0.09629
0.6033	-0.09012	-0.0998
0.5747	-0.07783	-0.03526
0.5757	-0.0339	0.02569
0.5888	0.03177	0.028
0.6894	0.06701	0.002722
0.8429	0.05326	-0.05338
0.9924	-0.01111	-0.09376
0.997	-0.1722	-0.128
0.8064	-0.3896	-0.04145
0.7032	-0.5691	0.1909
0.9785	-0.6175	0.2651
1.561	-0.4258	0.1133
1.979	-0.1517	-0.005912
1.908	-0.03277	0.06982
1.539	-0.08589	0.2039
1.297	-0.1619	0.255
1.37	-0.1791	0.2534
1.425	-0.2608	0.1806
1.234	-0.239	0.1084
1.063	-0.05376	0.06089
0.9487	0.02775	0.02111
0.8315	0.1456	0.07599
0.7988	0.2609	0.09487
0.6909	0.2425	0.0812
0.5017	0.2344	0.1011
0.3795	0.1014	0.05757
0.3181	-0.1004	0.05144
0.4132	-0.2603	0.05097
0.6125	-0.4267	0.02947
0.7759	-0.4702	0.06049
0.8509	-0.4319	0.04987
0.9247	-0.4072	-0.01348
1.356	-0.4657	-0.2317
1.767	-0.5248	-0.4342
1.517	-0.4076	-0.2013
1.292	-0.243	0.08571
1.591	-0.1063	-0.05568
1.782	-0.03829	-0.3436
1.728	0.003576	-0.467
1.495	0.09386	-0.261
0.3348	0.1249	-0.01455
0.4192	0.09096	0.01374
0.3719	0.06182	0.05969
0.5306	-0.05866	0.06081
0.741	-0.1876	0.07916
0.8208	-0.2481	0.03867
0.9941	-0.3902	0.03854
1.044	-0.4755	-0.002498
1.27	-0.6012	-0.1703
1.625	-0.7752	-0.3509
1.572	-0.7197	-0.45
1.52	-0.5382	-0.2462
1.718	-0.3223	-0.01847
1.79	-0.05834	-0.1651
1.56	0.1459	-0.2391
1.215	0.1964	-0.0659
1.054	0.1172	-0.0356
1.049	0.03223	-0.1069
1.001	-0.07162	-0.1348
0.8867	-0.18	-0.1373
0.7697	-0.1834	-0.1193
0.6597	-0.1599	-0.1321
0.6278	-0.1614	-0.1203
0.6484	-0.1241	-0.09629
0.6033	-0.09012	-0.0998
0.5747	-0.07783	-0.03526
0.5757	-0.0339	0.02569
0.5888	0.03177	0.028
0.6894	0.06701	0.002722
0.8429	0.05326	-0.05338
0.9924	-0.01111	-0.09376
0.997	-0.1722	-0.128
0.8064	-0.3896	-0.04145
0.7032	-0.5691	0.1909
0.9785	-0.6175	0.2651
1.561	-0.4258	0.1133
1.979	-0.1517	-0.005912
1.908	-0.03277	0.06982
1.539	-0.08589	0.2039
1.297	-0.1619	0.255
1.37	-0.1791	0.2534
1.425	-0.2608	0.1806
1.234	-0.239	0.1084
1.063	-0.05376	0.06089
0.9487	0.02775	0.02111
0.8315	0.1456	0.07599
0.7988	0.2609	0.09487
0.6909	0.2425	0.0812
0.5017	0.2344	0.1011
0.3795	0.1014	0.05757
0.3181	-0.1004	0.05144
0.4132	-0.2603	0.05097
0.6125	-0.4267	0.02947
0.7759	-0.4702	0.06049
0.8509	-0.4319	0.04987
0.9247	-0.4072	-0.01348
1.356	-0.4657	-0.2317
1.767	-0.5248	-0.4342
1.517	-0.4076	-0.2013
1.292	-0.243	0.08571
1.591	-0.1063	-0.05568
1.782	-0.03829	-0.3436
1.728	0.003576	-0.467
1.495	0.09386	-0.261
1.065	0.0576	0.08431
1.001	-0.03496	0.01742
1.066	-0.1259	-0.1009
0.827	-0.1908	0.02898
0.7894	-0.1019	-0.0901
0.7995	-0.07047	-0.1763
0.7058	-0.08471	-0.126
0.748	-0.06546	-0.1832
0.6652	-0.1309	-0.1006
0.5946	-0.145	-0.08931
0.6283	-0.1227	-0.1285
0.6543	-0.1128	-0.073
0.7995	-0.08139	-0.09185
0.865	-0.1013	-0.01466
0.8403	-0.09929	0.04607
0.811	-0.08674	0.03665
0.6893	-0.1184	0.05309
0.6459	-0.2378	0.03573
0.8323	-0.4986	0.1498
1.239	-0.6045	0.2299
1.566	-0.3726	0.1101
1.588	-0.1212	0.03271
1.591	-0.11	0.128
1.729	-0.1966	0.2006
1.776	-0.2047	0.02254
1.525	-0.1742	-0.09599
1.14	-0.1486	0.04942
0.9569	-0.1392	0.1901
0.8887	-0.07274	0.2201
0.7599	0.07409	0.1578
0.7375	0.1166	0.04317
0.775	0.07357	-0.09487
0.702	0.08063	-0.164
0.6532	0.07289	-0.1062
0.6394	0.003852	-0.04255
0.6178	-0.07894	0.04102
0.6352	-0.1173	0.09248
0.6362	-0.1155	0.06001
0.694	-0.1527	0.09844
0.7812	-0.2121	0.1355
0.8231	-0.2359	0.09805
0.9256	-0.2903	0.09859
0.9813	-0.3443	0.1034
0.9698	-0.337	0.0494
1.139	-0.415	-0.071
1.43	-0.5232	-0.1539
1.564	-0.5255	-0.01037
1.593	-0.491	0.1263
1.659	-0.2802	-0.04942
1.596	0.01201	-0.1936
1.444	0.01065	-0.1044
1.414	-0.02595	-0.1009
1.395	0.02215	-0.1463
1.271	-0.2077	-0.09048
1.09	-0.3789	-0.0854
0.9237	-0.1999	-0.1145
0.782	-0.06007	-0.1123
0.6752	-0.03264	-0.1228
0.6958	-0.02615	-0.1346
0.7391	-0.04413	-0.1656
0.743	-0.05695	-0.1817
0.7853	-0.1065	-0.1767
0.7417	-0.1208	-0.1999
0.6875	-0.1316	-0.179
1.065	0.0576	0.08431
1.001	-0.03496	0.01742
1.066	-0.1259	-0.1009
0.827	-0.1908	0.02898
0.7894	-0.1019	-0.0901
0.7995	-0.07047	-0.1763
0.7058	-0.08471	-0.126
0.748	-0.06546	-0.1832
0.6652	-0.1309	-0.1006
0.5946	-0.145	-0.08931
0.6283	-0.1227	-0.1285
0.6543	-0.1128	-0.073
0.7995	-0.08139	-0.09185
0.865	-0.1013	-0.01466
0.8403	-0.09929	0.04607
0.811	-0.08674	0.03665
0.6893	-0.1184	0.05309
0.6459	-0.2378	0.03573
0.8323	-0.4986	0.1498
1.239	-0.6045	0.2299
1.566	-0.3726	0.1101
1.588	-0.1212	0.03271
1.591	-0.11	0.128
1.729	-0.1966	0.2006
1.776	-0.2047	0.02254
1.525	-0.1742	-0.09599
1.14	-0.1486	0.04942
0.9569	-0.1392	0.1901
0.8887	-0.07274	0.2201
0.7599	0.07409	0.1578
0.7375	0.1166	0.04317
0.775	0.07357	-0.09487
0.702	0.08063	-0.164
0.6532	0.07289	-0.1062
0.6394	0.003852	-0.04255
0.6178	-0.07894	0.04102
0.6352	-0.1173	0.09248
0.6362	-0.1155	0.06001
0.694	-0.1527	0.09844
0.7812	-0.2121	0.1355
0.8231	-0.2359	0.09805
0.9256	-0.2903	0.09859
0.9813	-0.3443	0.1034
0.9698	-0.337	0.0494
1.139	-0.415	-0.071
1.43	-0.5232	-0.1539
1.564	-0.5255	-0.01037
1.593	-0.491	0.1263
1.659	-0.2802	-0.04942
1.596	0.01201	-0.1936
1.444	0.01065	-0.1044
1.414	-0.02595	-0.1009
1.395	0.02215	-0.1463
1.271	-0.2077	-0.09048
1.09	-0.3789	-0.0854
0.9237	-0.1999	-0.1145
0.782	-0.06007	-0.1123
0.6752	-0.03264	-0.1228
0.6958	-0.02615	-0.1346
0.7391	-0.04413	-0.1656
0.743	-0.05695	-0.1817
0.7853	-0.1065	-0.1767
0.7417	-0.1208	-0.1999
0.6875	-0.1316	-0.179
0.722	-0.1714	-0.1193
0.7482	-0.1234	-0.06381
0.8081	-0.07539	-0.009456
0.8636	-0.07885	-0.0179
0.9794	-0.05771	-0.04384
1.126	-0.006892	-0.05293
0.9892	0.003654	-0.09412
0.7014	-0.128	-0.1005
0.5585	-0.3295	-0.05045
0.6372	-0.5536	0.05394
0.8464	-0.7992	0.1835
1.006	-0.7321	0.163
1.366	-0.3439	0.1171
1.817	-0.1697	0.2399
1.772	-0.2488	0.2803
1.7	-0.3164	0.1581
1.882	-0.3048	0.05756
1.515	-0.1655	0.03001
1.04	-0.0564	0.0729
1.173	-0.07424	0.113
1.099	-0.06887	0.1997
0.7941	0.02859	0.2988
0.7781	0.07155	0.2154
0.6244	0.004864	0.0879
0.4763	0.02602	0.01904
0.4797	0.05751	-0.001904
0.3247	0.04804	0.05456
0.2922	0.08047	0.08471
0.3033	0.053	0.1372
0.2273	0.06401	0.1599
0.4052	0.04879	0.07584
0.795	-0.1261	0.01717
1.296	-0.3613	-0.08311
1.58	-0.548	-0.1262
1.425	-0.5622	-0.08585
1.4	-0.5889	-0.1987
1.511	-0.57	-0.2268
1.463	-0.3834	-0.03982
1.595	-0.3043	0.06226
1.752	-0.1004	-0.07507
1.567	0.1094	-0.2051
1.197	-0.05142	0.02989
0.8867	-0.1199	0.2192
0.9604	-0.1241	0.004228
1.166	-0.284	-0.1479
1.041	-0.2767	-0.1251
0.9079	-0.1888	-0.1171
0.7333	-0.1043	-0.09207
0.5006	-0.01164	-0.06493
0.555	-0.04604	-0.05641
0.5133	-0.06203	-0.06791
0.4138	-0.05264	-0.07354
0.4918	-0.0906	-0.07598
0.4747	-0.09642	-0.06904
0.5839	-0.1173	-0.003905
0.8085	-0.1377	0.01735
0.9181	-0.1383	-0.1083
0.9299	-0.1911	-0.2112
0.8078	-0.3444	-0.01318
0.8697	-0.5124	0.2973
1.331	-0.4487	0.3176
1.854	-0.2149	0.1745
1.821	-0.0661	0.1496
1.362	-0.06731	0.3329
0.722	-0.1714	-0.1193
0.7482	-0.1234	-0.06381
0.8081	-0.07539	-0.009456
0.8636	-0.07885	-0.0179
0.9794	-0.05771	-0.04384
1.126	-0.006892	-0.05293
0.9892	0.003654	-0.09412
0.7014	-0.128	-0.1005
0.5585	-0.3295	-0.05045
0.6372	-0.5536	0.05394
0.8464	-0.7992	0.1835
1.006	-0.7321	0.163
1.366	-0.3439	0.1171
1.817	-0.1697	0.2399
1.772	-0.2488	0.2803
1.7	-0.3164	0.1581
1.882	-0.3048	0.05756
1.515	-0.1655	0.03001
1.04	-0.0564	0.0729
1.173	-0.07424	0.113
1.099	-0.06887	0.1997
0.7941	0.02859	0.2988
0.7781	0.07155	0.2154
0.6244	0.004864	0.0879
0.4763	0.02602	0.01904
0.4797	0.05751	-0.001904
0.3247	0.04804	0.05456
0.2922	0.08047	0.08471
0.3033	0.053	0.1372
0.2273	0.06401	0.1599
0.4052	0.04879	0.07584
0.795	-0.1261	0.01717
1.296	-0.3613	-0.08311
1.58	-0.548	-0.1262
1.425	-0.5622	-0.08585
1.4	-0.5889	-0.1987
1.511	-0.57	-0.2268
1.463	-0.3834	-0.03982
1.595	-0.3043	0.06226
1.752	-0.1004	-0.07507
1.567	0.1094	-0.2051
1.197	-0.05142	0.02989
0.8867	-0.1199	0.2192
0.9604	-0.1241	0.004228
1.166	-0.284	-0.1479
1.041	-0.2767	-0.1251
0.9079	-0.1888	-0.1171
0.7333	-0.1043	-0.09207
0.5006	-0.01164	-0.06493
0.555	-0.04604	-0.05641
0.5133	-0.06203	-0.06791
0.4138	-0.05264	-0.07354
0.4918	-0.0906	-0.07598
0.4747	-0.09642	-0.06904
0.5839	-0.1173	-0.003905
0.8085	-0.1377	0.01735
0.9181	-0.1383	-0.1083
0.9299	-0.1911	-0.2112
0.8078	-0.3444	-0.01318
0.8697	-0.5124	0.2973
1.331	-0.4487	0.3176
1.854	-0.2149	0.1745
1.821	-0.0661	0.1496
1.362	-0.06731	0.3329
1.201	-0.2187	0.527
1.163	-0.3179	0.3936
1.139	-0.2428	0.1752
1.127	-0.1411	0.1268
0.8622	-0.00224	0.09548
0.7415	0.1319	0.109
0.719	0.1852	0.07658
0.6452	0.2446	-0.02471
0.6671	0.2595	-0.005724
0.5567	0.2067	0.01533
0.4728	0.09137	0.01057
0.4555	-0.124	0.01853
0.4828	-0.2593	0.0004361
0.7117	-0.3263	0.061
0.9346	-0.4834	0.1197
1.056	-0.482	0.106
1.025	-0.3067	0.0939
1.067	-0.3017	0.04419
1.316	-0.4035	-0.08454
1.46	-0.4788	-0.1875
1.487	-0.46	-0.07397
1.489	-0.2326	0.04581
1.694	0.03055	-0.08463
1.86	0.1503	-0.1609
1.519	0.0584	-0.08526
1.217	-0.03619	-0.03249
1.257	0.0425	0.02672
1.235	-0.009152	0.01484
0.983	-0.0762	-0.05648
0.6982	-0.02422	-0.05255
0.5587	-0.055	-0.06705
0.5167	-0.03005	-0.106
0.5967	-0.01153	-0.1277
0.6314	-0.04249	-0.1939
0.6102	-0.01055	-0.2232
0.7076	0.004327	-0.2282
0.8011	0.05416	-0.2575
0.9409	0.06135	-0.2107
1.022	-0.00608	-0.1273
0.8879	-0.0882	-0.04237
0.6991	-0.2525	0.05729
0.5759	-0.4274	0.1277
0.6405	-0.6486	0.2185
0.8806	-0.7885	0.2792
1.245	-0.6999	0.2548
1.619	-0.64	0.3082
1.882	-0.4963	0.3469
1.945	-0.2127	0.09744
1.65	-0.09676	-0.1593
1.393	-0.01018	-0.07832
1.41	0.0231	0.01204
1.379	-0.08266	-0.01721
1.286	-0.02602	0.06883
1.114	0.04279	0.01363
0.9288	0.0193	-0.1703
0.8412	-0.004587	-0.1272
0.7201	-0.163	-0.08672
0.5769	-0.2464	-0.06298
0.411	-0.2554	0.07686
0.3139	-0.2834	0.08693
0.3248	-0.157	0.07478
0.3251	-0.1094	0.0876
0.4201	-0.1361	0.02063
0.5614	-0.1106	0.01921
1.201	-0.2187	0.527
1.163	-0.3179	0.3936
1.139	-0.2428	0.1752
1.127	-0.1411	0.1268
0.8622	-0.00224	0.09548
0.7415	0.1319	0.109
0.719	0.1852	0.07658
0.6452	0.2446	-0.02471
0.6671	0.2595	-0.005724
0.5567	0.2067	0.01533
0.4728	0.09137	0.01057
0.4555	-0.124	0.01853
0.4828	-0.2593	0.0004361
0.7117	-0.3263	0.061
0.9346	-0.4834	0.1197
1.056	-0.482	0.106
1.025	-0.3067	0.0939
1.067	-0.3017	0.04419
1.316	-0.4035	-0.08454
1.46	-0.4788	-0.1875
1.487	-0.46	-0.07397
1.489	-0.2326	0.04581
1.694	0.03055	-0.08463
1.86	0.1503	-0.1609
1.519	0.0584	-0.08526
1.217	-0.03619	-0.03249
1.257	0.0425	0.02672
1.235	-0.009152	0.01484
0.983	-0.0762	-0.05648
0.6982	-0.02422	-0.05255
0.5587	-0.055	-0.06705
0.5167	-0.03005	-0.106
0.5967	-0.01153	-0.1277
0.6314	-0.04249	-0.1939
0.6102	-0.01055	-0.2232
0.7076	0.004327	-0.2282
0.8011	0.05416	-0.2575
0.9409	0.06135	-0.2107
1.022	-0.00608	-0.1273
0.8879	-0.0882	-0.04237
0.6991	-0.2525	0.05729
0.5759	-0.4274	0.1277
0.6405	-0.6486	0.2185
0.8806	-0.7885	0.2792
1.245	-0.6999	0.2548
1.619	-0.64	0.3082
1.882	-0.4963	0.3469
1.945	-0.2127	0.09744
1.65	-0.09676	-0.1593
1.393	-0.01018	-0.07832
1.41	0.0231	0.01204
1.379	-0.08266	-0.01721
1.286	-0.02602	0.06883
1.114	0.04279	0.01363
0.9288	0.0193	-0.1703
0.8412	-0.004587	-0.1272
0.7201	-0.163	-0.08672
0.5769	-0.2464	-0.06298
0.411	-0.2554	0.07686
0.3139	-0.2834	0.08693
0.3248	-0.157	0.07478
0.3251	-0.1094	0.0876
0.4201	-0.1361	0.02063
0.5614	-0.1106	0.01921
0.7811	-0.1382	0.01156
1.078	-0.1116	-0.06215
1.01	-0.1114	-0.09984
0.7987	-0.1399	-0.04332
0.8321	-0.1396	0.0745
0.8195	-0.2078	0.1264
0.8617	-0.2507	0.1598
1.106	-0.3385	0.1263
1.36	-0.4692	-0.1207
1.545	-0.4766	-0.3856
1.442	-0.3935	-0.3813
1.364	-0.3022	-0.1136
1.691	-0.2815	0.0371
1.834	-0.2671	-0.1123
1.488	-0.2546	-0.1978
0.9715	-0.2748	-0.03123
0.6877	-0.2144	0.08676
0.7481	-0.1495	-0.02299
0.7851	-0.1265	-0.1201
0.7665	-0.1028	-0.1207
0.7566	-0.1044	-0.1401
0.7069	-0.09848	-0.1243
0.7486	-0.09673	-0.1281
0.763	-0.09627	-0.1449
0.6818	-0.09021	-0.09532
0.5861	-0.1011	-0.06378
0.5371	-0.1033	-0.001025
0.6153	-0.1102	0.07142
0.6903	-0.1508	0.05841
0.7249	-0.2691	0.06503
0.8994	-0.3702	0.1223
1.392	-0.229	0.113
1.967	0.001417	0.01056
1.984	-0.005171	-0.03102
1.622	-0.2259	0.1227
1.492	-0.5115	0.402
1.452	-0.6341	0.4909
1.432	-0.4229	0.2079
1.44	-0.1785	-0.0792
1.22	-0.07228	-0.06739
0.9691	0.06443	0.04363
0.7414	0.1608	0.07846
0.5047	0.1807	0.1064
0.4269	0.1735	0.1191
0.3269	0.1253	0.07102
0.2947	0.1044	0.04641
0.3875	0.04893	0.04076
0.4138	-0.0677	0.06409
0.524	-0.1904	0.1236
0.6941	-0.3321	0.1148
0.9161	-0.3985	0.08709
1.19	-0.4242	0.06648
1.391	-0.5029	-0.0003496
1.613	-0.5322	-0.1595
1.703	-0.5051	-0.3029
1.64	-0.4602	-0.1292
1.691	-0.3056	0.07295
1.713	-0.04155	-0.04172
1.48	0.1526	-0.07515
1.181	0.1427	-0.0008135
1.14	0.03493	-0.07459
1.21	-0.0122	-0.102
1.155	-0.09304	-0.1189
1.122	-0.2305	-0.1994
0.7811	-0.1382	0.01156
1.078	-0.1116	-0.06215
1.01	-0.1114	-0.09984
0.7987	-0.1399	-0.04332
0.8321	-0.1396	0.0745
0.8195	-0.2078	0.1264
0.8617	-0.2507	0.1598
1.106	-0.3385	0.1263
1.36	-0.4692	-0.1207
1.545	-0.4766	-0.3856
1.442	-0.3935	-0.3813
1.364	-0.3022	-0.1136
1.691	-0.2815	0.0371
1.834	-0.2671	-0.1123
1.488	-0.2546	-0.1978
0.9715	-0.2748	-0.03123
0.6877	-0.2144	0.08676
0.7481	-0.1495	-0.02299
0.7851	-0.1265	-0.1201
0.7665	-0.1028	-0.1207
0.7566	-0.1044	-0.1401
0.7069	-0.09848	-0.1243
0.7486	-0.09673	-0.1281
0.763	-0.09627	-0.1449
0.6818	-0.09021	-0.09532
0.5861	-0.1011	-0.06378
0.5371	-0.1033	-0.001025
0.6153	-0.1102	0.07142
0.6903	-0.1508	0.05841
0.7249	-0.2691	0.06503
0.8994	-0.3702	0.1223
1.392	-0.229	0.113
1.967	0.001417	0.01056
1.984	-0.005171	-0.03102
1.622	-0.2259	0.1227
1.492	-0.5115	0.402
1.452	-0.6341	0.4909
1.432	-0.4229	0.2079
1.44	-0.1785	-0.0792
1.22	-0.07228	-0.06739
0.9691	0.06443	0.04363
0.7414	0.1608	0.07846
0.5047	0.1807	0.1064
0.4269	0.1735	0.1191
0.3269	0.1253	0.07102
0.2947	0.1044	0.04641
0.3875	0.04893	0.04076
0.4138	-0.0677	0.06409
0.524	-0.1904	0.1236
0.6941	-0.3321	0.1148
0.9161	-0.3985	0.08709
1.19	-0.4242	0.06648
1.391	-0.5029	-0.0003496
1.613	-0.5322	-0.1595
1.703	-0.5051	-0.3029
1.64	-0.4602	-0.1292
1.691	-0.3056	0.07295
1.713	-0.04155	-0.04172
1.48	0.1526	-0.07515
1.181	0.1427	-0.0008135
1.14	0.03493	-0.07459
1.21	-0.0122	-0.102
1.155	-0.09304	-0.1189
1.122	-0.2305	-0.1994
1.05	-0.2187	-0.1671
0.7938	-0.1379	-0.117
0.5551	-0.1383	-0.09649
0.5483	-0.1424	-0.05209
0.612	-0.1621	-0.06608
0.5064	-0.1965	-0.07095
0.4905	-0.1972	-0.05013
0.5925	-0.1686	-0.05038
0.578	-0.1092	0.009506
0.6729	-0.08224	0.06559
0.7692	-0.1033	0.0294
0.7257	-0.1152	-0.03295
0.722	-0.1454	-0.03931
0.6742	-0.2511	0.09203
0.7586	-0.3602	0.2417
1.104	-0.3436	0.1805
1.593	-0.2498	0.104
1.969	-0.1717	0.1846
1.813	-0.1436	0.1986
1.553	-0.2328	0.2215
1.503	-0.3167	0.2886
1.354	-0.2602	0.1579
1.221	-0.1866	0.0452
0.995	-0.1021	0.09978
0.7143	0.05057	0.1142
0.6452	0.1595	0.08805
0.5154	0.2196	0.05277
0.3948	0.2674	-0.007595
0.3748	0.227	-0.03042
0.3063	0.09814	-0.006093
0.3242	-0.04086	0.01907
0.4258	-0.141	0.05636
0.6273	-0.2418	0.07943
0.8935	-0.4144	0.03584
1.094	-0.5321	0.02275
1.233	-0.4941	0.03348
1.3	-0.4921	-0.01908
1.454	-0.5213	-0.135
1.571	-0.4234	-0.2501
1.525	-0.337	-0.1656
1.688	-0.2615	-0.04251
1.861	-0.02216	-0.1167
1.598	0.2339	-0.1108
1.187	0.24	-0.006085
1.032	0.06033	-0.004497
1.077	-0.08745	-0.06737
1.093	-0.249	-0.1786
1.016	-0.3382	-0.2034
0.8583	-0.2348	-0.1335
0.6714	-0.1819	-0.1276
0.5954	-0.1569	-0.09199
0.6055	-0.1022	-0.0376
0.5677	-0.111	-0.0243
0.5618	-0.06875	-0.00493
0.5977	-0.05657	-0.03647
0.5764	-0.04972	-0.0545
0.6163	0.0392	-0.02456
0.6827	0.03792	-0.01729
0.7041	0.02477	-0.02576
0.7663	0.03338	-0.07144
0.7618	-0.06092	-0.1156
0.6727	-0.2639	-0.06278
0.5988	-0.5321	0.1635
0.702	-0.619	0.3924
0.8912	0.07207	-0.02657
1.048	0.08874	-0.06608
1.144	0.03152	-0.1081
1.013	-0.04732	-0.1207
0.6906	-0.1956	-0.002543
0.3685	-0.5044	0.2445
0.3517	-0.7462	0.4453
0.9363	-0.6682	0.3836
1.732	-0.3993	0.06452
1.938	-0.1475	-0.09525
1.688	-0.02626	0.2693
1.591	-0.1527	0.6247
1.507	-0.2195	0.2398
1.297	-0.0185	-0.1803
1.195	0.06061	0.01295
1.084	-0.03066	0.1275
0.9461	-0.1096	0.1593
0.9185	-0.142	0.2877
0.8466	-0.1076	0.1315
0.7393	-0.1185	0.04797
0.6018	-0.1227	0.1022
0.4535	-0.0922	0.05853
0.4486	-0.06652	0.09733
0.4797	-0.00718	0.09966
0.5292	-0.01202	0.105
0.6018	0.00766	0.1412
0.6446	0.09481	0.06114
0.7384	0.1187	-0.02376
0.8053	0.1212	-0.0839
0.8374	0.05343	-0.01468
0.908	-0.09384	0.1476
0.9647	-0.1726	0.1867
0.9734	-0.2012	0.1136
1.078	-0.3241	-0.00987
1.418	-0.5458	-0.09164
1.636	-0.665	-0.2165
1.528	-0.5696	-0.3159
1.512	-0.4135	-0.1861
1.75	-0.2978	-0.1337
1.828	-0.1601	-0.1742
1.422	-0.1133	-0.05921
0.9508	-0.1191	0.03338
0.9416	-0.002202	0.01529
1.007	-0.01604	-0.04248
0.791	-0.1362	-0.07038
0.6923	-0.1602	-0.06401
0.6602	-0.2079	-0.06088
0.5026	-0.1663	-0.01983
0.5035	-0.09251	-0.008472
0.498	-0.07209	-0.02925
0.5193	-0.02064	-0.05581
0.7607	-0.07099	-0.1097
0.8513	-0.06548	-0.1083
0.809	0.01822	-0.08394
0.73	0.01322	-0.05854
0.6333	-0.03269	-0.02525
0.7137	-0.1932	-0.002223
0.84	-0.3671	0.1388
1.005	-0.4642	0.2889
1.304	-0.3765	0.183
1.731	-0.1366	0.07902
2.039	-0.1782	0.2923
1.91	-0.2818	0.4321
1.698	-0.2396	0.255
1.486	-0.2224	0.1334
1.164	-0.08747	0.1452
1.146	-0.03346	0.1396
1.142	-0.02669	0.1479
0.9141	0.1057	0.1718
0.8892	0.06433	0.161
0.8297	0.0169	0.1074
0.6033	0.06391	0.05826
0.5753	0.03224	0.03217
0.5674	0.05316	0.05175
0.4179	0.08338	0.09532
0.3808	0.07505	0.1071
0.5044	0.04733	0.1066
0.7289	-0.09199	0.06388
1.017	-0.2727	0.0234
1.096	-0.3588	0.02994
1	-0.3484	0.02639
1.104	-0.418	0.009435
1.318	-0.6008	-0.08546
1.463	-0.6466	-0.1692
1.517	-0.4984	-0.06722
1.602	-0.3242	0.008388
1.914	-0.135	-0.1636
1.905	0.08743	-0.2832
1.325	0.1271	-0.06107
0.8891	0.05981	0.127
0.9448	0.09352	0.005734
1.15	-0.1076	-0.1304
1.092	-0.3982	-0.1821
1.029	-0.3388	-0.1903
0.99	-0.2514	-0.1321
0.668	-0.1745	-0.1348
0.5822	-0.02852	-0.1506
0.6151	-0.0744	-0.08409
0.4482	-0.1159	-0.01239
0.4697	-0.05989	0.04894
0.5675	-0.05918	0.009868
0.7172	-0.01751	-0.07353
0.9083	0.02827	-0.04372
0.9792	-0.03306	-0.05185
1.001	-0.117	-0.09288
0.9071	-0.1856	-0.07563
0.7795	-0.287	-0.007893
0.6854	-0.3781	0.1797
0.7927	-0.3976	0.3139
1.219	-0.3035	0.2946
1.6	-0.1716	0.201
1.703	-0.1442	0.09584
1.578	-0.1673	0.1463
1.541	-0.1663	0.2104
1.547	-0.1203	0.1506
1.347	-0.03205	0.1268
1.213	0.05845	0.0955
1.067	0.1509	0.07053
0.8763	0.1807	0.1265
0.7854	0.1309	0.1516
0.6471	0.04888	0.144
0.6105	-0.0266	0.1227
0.5887	-0.03424	0.07501
0.4899	-0.02723	0.0591
0.5129	-0.05901	0.07885
0.584	-0.1134	0.0991
0.7866	-0.173	0.08383
1.053	-0.2015	0.04233
1.486	-0.2224	0.1334
1.164	-0.08747	0.1452
1.146	-0.03346	0.1396
1.142	-0.02669	0.1479
0.9141	0.1057	0.1718
0.8892	0.06433	0.161
0.8297	0.0169	0.1074
0.6033	0.06391	0.05826
0.5753	0.03224	0.03217
0.5674	0.05316	0.05175
0.4179	0.08338	0.09532
0.3808	0.07505	0.1071
0.5044	0.04733	0.1066
0.7289	-0.09199	0.06388
1.017	-0.2727	0.0234
1.096	-0.3588	0.02994
1	-0.3484	0.02639
1.104	-0.418	0.009435
1.318	-0.6008	-0.08546
1.463	-0.6466	-0.1692
1.517	-0.4984	-0.06722
1.602	-0.3242	0.008388
1.914	-0.135	-0.1636
1.905	0.08743	-0.2832
1.325	0.1271	-0.06107
0.8891	0.05981	0.127
0.9448	0.09352	0.005734
1.15	-0.1076	-0.1304
1.092	-0.3982	-0.1821
1.029	-0.3388	-0.1903
0.99	-0.2514	-0.1321
0.668	-0.1745	-0.1348
0.5822	-0.02852	-0.1506
0.6151	-0.0744	-0.08409
0.4482	-0.1159	-0.01239
0.4697	-0.05989	0.04894
0.5675	-0.05918	0.009868
0.7172	-0.01751	-0.07353
0.9083	0.02827	-0.04372
0.9792	-0.03306	-0.05185
1.001	-0.117	-0.09288
0.9071	-0.1856	-0.07563
0.7795	-0.287	-0.007893
0.6854	-0.3781	0.1797
0.7927	-0.3976	0.3139
1.219	-0.3035	0.2946
1.6	-0.1716	0.201
1.703	-0.1442	0.09584
1.578	-0.1673	0.1463
1.541	-0.1663	0.2104
1.547	-0.1203	0.1506
1.347	-0.03205	0.1268
1.213	0.05845	0.0955
1.067	0.1509	0.07053
0.8763	0.1807	0.1265
0.7854	0.1309	0.1516
0.6471	0.04888	0.144
0.6105	-0.0266	0.1227
0.5887	-0.03424	0.07501
0.4899	-0.02723	0.0591
0.5129	-0.05901	0.07885
0.584	-0.1134	0.0991
0.7866	-0.173	0.08383
1.053	-0.2015	0.04233
1.113	-0.2133	0.01572
1.012	-0.2255	0.007958
0.9603	-0.2543	-0.007646
1.148	-0.3636	-0.07969
1.459	-0.4887	-0.1855
1.642	-0.4392	-0.2431
1.581	-0.302	-0.1227
1.508	-0.2431	0.03489
1.663	-0.1252	-0.1533
1.642	-0.01144	-0.3198
1.254	-0.03961	-0.06995
0.8375	-0.06481	0.06924
0.7417	-0.101	-0.04032
0.9453	-0.1912	-0.09033
0.9202	-0.2402	-0.1252
0.7531	-0.2021	-0.1436
0.6719	-0.1101	-0.1082
0.5287	-0.04505	-0.09068
0.5494	0.0249	-0.09438
0.5813	0.08068	-0.08366
0.5981	0.06647	-0.08918
0.8137	0.06165	-0.1277
0.8702	0.08069	-0.1328
0.8578	0.09682	-0.1004
0.9453	0.08475	-0.06702
0.993	0.02343	-0.0748
0.9848	-0.08951	-0.09266
0.8271	-0.2838	-0.02341
0.7301	-0.5293	0.1296
0.9018	-0.6548	0.2564
1.275	-0.4813	0.1419
1.564	-0.1827	-0.01084
1.491	0.00378	0.1602
1.446	0.07964	0.2741
1.574	0.03962	0.1476
1.526	0.03198	0.03695
1.388	0.05562	-0.1116
1.253	-0.04312	-0.1115
1.147	-0.09737	0.09964
1.129	-0.08303	0.1641
1.033	-0.07353	0.071
0.9117	-0.0595	-0.03731
0.8578	-0.08343	-0.05893
0.7612	-0.08564	-0.02572
0.6252	-0.1162	-0.04762
0.4586	-0.1727	-0.013
0.4934	-0.1683	0.01059
0.7479	-0.1626	-0.0006561
0.8225	-0.1531	0.05117
0.8144	-0.1463	0.034
0.83	-0.1179	0.02121
0.8298	-0.05841	0.05451
0.8684	-0.04599	0.03989
0.8261	-0.031	0.05835
0.8446	0.01335	0.07939
0.9219	-0.000791	0.06774
1.12	-0.1999	-0.0386
1.604	-0.4927	-0.2894
1.8	-0.5565	-0.401
1.646	-0.4042	-0.2145
1.634	-0.2398	-0.05206
1.619	-0.08932	-0.1047
1.367	-0.05229	-0.02727
1.034	-0.1331	0.1525
1.113	-0.2133	0.01572
1.012	-0.2255	0.007958
0.9603	-0.2543	-0.007646
1.148	-0.3636	-0.07969
1.459	-0.4887	-0.1855
1.642	-0.4392	-0.2431
1.581	-0.302	-0.1227
1.508	-0.2431	0.03489
1.663	-0.1252	-0.1533
1.642	-0.01144	-0.3198
1.254	-0.03961	-0.06995
0.8375	-0.06481	0.06924
0.7417	-0.101	-0.04032
0.9453	-0.1912	-0.09033
0.9202	-0.2402	-0.1252
0.7531	-0.2021	-0.1436
0.6719	-0.1101	-0.1082
0.5287	-0.04505	-0.09068
0.5494	0.0249	-0.09438
0.5813	0.08068	-0.08366
0.5981	0.06647	-0.08918
0.8137	0.06165	-0.1277
0.8702	0.08069	-0.1328
0.8578	0.09682	-0.1004
0.9453	0.08475	-0.06702
0.993	0.02343	-0.0748
0.9848	-0.08951	-0.09266
0.8271	-0.2838	-0.02341
0.7301	-0.5293	0.1296
0.9018	-0.6548	0.2564
1.275	-0.4813	0.1419
1.564	-0.1827	-0.01084
1.491	0.00378	0.1602
1.446	0.07964	0.2741
1.574	0.03962	0.1476
1.526	0.03198	0.03695
1.388	0.05562	-0.1116
1.253	-0.04312	-0.1115
1.147	-0.09737	0.09964
1.129	-0.08303	0.1641
1.033	-0.07353	0.071
0.9117	-0.0595	-0.03731
0.8578	-0.08343	-0.05893
0.7612	-0.08564	-0.02572
0.6252	-0.1162	-0.04762
0.4586	-0.1727	-0.013
0.4934	-0.1683	0.01059
0.7479	-0.1626	-0.0006561
0.8225	-0.1531	0.05117
0.8144	-0.1463	0.034
0.83	-0.1179	0.02121
0.8298	-0.05841	0.05451
0.8684	-0.04599	0.03989
0.8261	-0.031	0.05835
0.8446	0.01335	0.07939
0.9219	-0.000791	0.06774
1.12	-0.1999	-0.0386
1.604	-0.4927	-0.2894
1.8	-0.5565	-0.401
1.646	-0.4042	-0.2145
1.634	-0.2398	-0.05206
1.619	-0.08932	-0.1047
1.367	-0.05229	-0.02727
1.034	-0.1331	0.1525
0.9248	-0.1629	0.0309
1.011	-0.2268	-0.1171
1.076	-0.3129	-0.109
1.11	-0.2468	-0.1644
1.016	-0.131	-0.1502
0.8196	0.004085	-0.08364
0.7581	0.06096	-0.07233
0.7618	-0.02779	-0.04324
0.7268	-0.02437	-0.05837
0.7747	-0.03004	-0.08349
0.8036	-0.0584	-0.1176
0.7548	0.002559	-0.1779
0.7236	-0.0447	-0.1437
0.6302	-0.07985	-0.05797
0.5772	-0.05498	0.0254
0.6942	-0.08072	0.03184
0.9283	-0.06136	-0.05666
1.17	-0.1008	-0.1215
1.153	-0.2309	-0.1934
0.8594	-0.4266	-0.1321
0.6092	-0.6541	0.1028
0.6967	-0.6824	0.2234
1.164	-0.5384	0.2102
1.675	-0.3531	0.159
1.885	-0.1391	0.1515
1.843	-0.005376	0.1694
1.737	-0.06645	0.1058
1.505	-0.1815	0.07677
1.274	-0.1445	0.08093
1.235	-0.1226	0.08347
1.156	-0.1259	0.1236
1.028	-0.0193	0.1539
0.9159	-0.003462	0.1821
0.7378	-0.02756	0.1242
0.6183	-0.002445	0.03396
0.5134	0.001173	0.02664
0.4198	0.04796	0.02471
0.3854	0.05998	0.05164
0.3585	0.05849	0.08616
0.4117	0.08624	0.1093
0.5028	0.05346	0.1185
0.7241	-0.02951	0.06027
1.065	-0.2203	0.01436
1.201	-0.4075	-0.005653
1.186	-0.4443	0.007122
1.267	-0.5124	-0.007768
1.429	-0.6178	-0.1895
1.485	-0.5353	-0.3529
1.48	-0.406	-0.3152
1.607	-0.422	-0.2172
1.689	-0.2552	-0.1067
1.466	0.05821	0.07241
1.175	0.06467	0.07123
1.186	-0.01568	-0.05497
1.188	0.005918	-0.02121
1.066	-0.09768	-0.136
1.099	-0.2128	-0.2542
0.9245	-0.2064	-0.1192
0.6862	-0.1835	-0.1225
0.6888	-0.1905	-0.09993
0.5759	-0.1906	-0.007686
0.505	-0.1681	-0.03911
0.4886	-0.1467	0.009956
0.4657	-0.1202	-0.005923
0.9248	-0.1629	0.0309
1.011	-0.2268	-0.1171
1.076	-0.3129	-0.109
1.11	-0.2468	-0.1644
1.016	-0.131	-0.1502
0.8196	0.004085	-0.08364
0.7581	0.06096	-0.07233
0.7618	-0.02779	-0.04324
0.7268	-0.02437	-0.05837
0.7747	-0.03004	-0.08349
0.8036	-0.0584	-0.1176
0.7548	0.002559	-0.1779
0.7236	-0.0447	-0.1437
0.6302	-0.07985	-0.05797
0.5772	-0.05498	0.0254
0.6942	-0.08072	0.03184
0.9283	-0.06136	-0.05666
1.17	-0.1008	-0.1215
1.153	-0.2309	-0.1934
0.8594	-0.4266	-0.1321
0.6092	-0.6541	0.1028
0.6967	-0.6824	0.2234
1.164	-0.5384	0.2102
1.675	-0.3531	0.159
1.885	-0.1391	0.1515
1.843	-0.005376	0.1694
1.737	-0.06645	0.1058
1.505	-0.1815	0.07677
1.274	-0.1445	0.08093
1.235	-0.1226	0.08347
1.156	-0.1259	0.1236
1.028	-0.0193	0.1539
0.9159	-0.003462	0.1821
0.7378	-0.02756	0.1242
0.6183	-0.002445	0.03396
0.5134	0.001173	0.02664
0.4198	0.04796	0.02471
0.3854	0.05998	0.05164
0.3585	0.05849	0.08616
0.4117	0.08624	0.1093
0.5028	0.05346	0.1185
0.7241	-0.02951	0.06027
1.065	-0.2203	0.01436
1.201	-0.4075	-0.005653
1.186	-0.4443	0.007122
1.267	-0.5124	-0.007768
1.429	-0.6178	-0.1895
1.485	-0.5353	-0.3529
1.48	-0.406	-0.3152
1.607	-0.422	-0.2172
1.689	-0.2552	-0.1067
1.466	0.05821	0.07241
1.175	0.06467	0.07123
1.186	-0.01568	-0.05497
1.188	0.005918	-0.02121
1.066	-0.09768	-0.136
1.099	-0.2128	-0.2542
0.9245	-0.2064	-0.1192
0.6862	-0.1835	-0.1225
0.6888	-0.1905	-0.09993
0.5759	-0.1906	-0.007686
0.505	-0.1681	-0.03911
0.4886	-0.1467	0.009956
0.4657	-0.1202	-0.005923
0.6246	-0.08237	-0.05585
0.7151	-0.0406	-0.01975
0.8081	-0.02883	-0.04288
0.9657	-0.04829	-0.04091
1.015	-0.05159	-0.05269
0.9773	-0.1291	-0.06771
0.7878	-0.3054	0.03608
0.6954	-0.3976	0.204
0.9888	-0.3324	0.2758
1.548	-0.2118	0.04829
1.86	-0.1486	-0.1014
1.653	-0.1704	0.3034
1.527	-0.2086	0.6278
1.563	-0.1732	0.2286
1.367	-0.1045	-0.132
1.162	-0.07155	0.0925
1.051	-0.04293	0.2152
0.9521	-0.03398	0.1874
0.9243	-0.004567	0.2961
0.9244	0.06583	0.2099
0.8447	0.1299	0.09497
0.7009	0.199	0.05765
0.6582	0.1808	-0.01584
0.6525	0.1314	0.04353
0.5552	0.09453	0.01543
0.5405	-0.0378	-0.01595
0.6387	-0.1263	0.08979
0.7167	-0.1833	0.06727
0.7911	-0.2672	0.06869
0.8327	-0.291	0.06689
0.8336	-0.326	0.02447
0.8676	-0.3363	0.06211
0.9953	-0.3542	-0.02319
1.35	-0.4634	-0.183
1.702	-0.5109	-0.3034
1.674	-0.3791	-0.2664
1.618	-0.1476	-0.1652
1.733	-0.01539	-0.2909
1.621	0.07481	-0.3025
1.368	0.1611	-0.1121
1.068	0.07473	-0.02279
0.796	-0.04411	-0.04945
0.9118	-0.1624	-0.1369
0.997	-0.2929	-0.1138
0.8869	-0.2603	-0.1004
0.893	-0.1226	-0.1381
0.7755	0.08832	-0.07119
0.7857	0.1701	-0.1003
0.9682	0.05956	-0.1231
0.983	0.0876	-0.1075
1.033	0.08297	-0.1785
0.9401	-0.0337	-0.136
0.6972	-0.1398	-0.07726
0.5703	-0.2919	-0.04987
0.5124	-0.2474	0.004726
0.5476	-0.155	0.01439
0.5749	-0.1478	0.04218
0.7574	0.024	-0.005919
1.006	0.09837	-0.09822
0.967	0.03596	-0.1156
0.8806	-0.09649	-0.0925
0.7969	-0.4914	0.0441
0.8992	-0.748	0.2002
1.374	-0.6728	0.2374
0.6246	-0.08237	-0.05585
0.7151	-0.0406	-0.01975
0.8081	-0.02883	-0.04288
0.9657	-0.04829	-0.04091
1.015	-0.05159	-0.05269
0.9773	-0.1291	-0.06771
0.7878	-0.3054	0.03608
0.6954	-0.3976	0.204
0.9888	-0.3324	0.2758
1.548	-0.2118	0.04829
1.86	-0.1486	-0.1014
1.653	-0.1704	0.3034
1.527	-0.2086	0.6278
1.563	-0.1732	0.2286
1.367	-0.1045	-0.132
1.162	-0.07155	0.0925
1.051	-0.04293	0.2152
0.9521	-0.03398	0.1874
0.9243	-0.004567	0.2961
0.9244	0.06583	0.2099
0.8447	0.1299	0.09497
0.7009	0.199	0.05765
0.6582	0.1808	-0.01584
0.6525	0.1314	0.04353
0.5552	0.09453	0.01543
0.5405	-0.0378	-0.01595
0.6387	-0.1263	0.08979
0.7167	-0.1833	0.06727
0.7911	-0.2672	0.06869
0.8327	-0.291	0.06689
0.8336	-0.326	0.02447
0.8676	-0.3363	0.06211
0.9953	-0.3542	-0.02319
1.35	-0.4634	-0.183
1.702	-0.5109	-0.3034
1.674	-0.3791	-0.2664
1.618	-0.1476	-0.1652
1.733	-0.01539	-0.2909
1.621	0.07481	-0.3025
1.368	0.1611	-0.1121
1.068	0.07473	-0.02279
0.796	-0.04411	-0.04945
0.9118	-0.1624	-0.1369
0.997	-0.2929	-0.1138
0.8869	-0.2603	-0.1004
0.893	-0.1226	-0.1381
0.7755	0.08832	-0.07119
0.7857	0.1701	-0.1003
0.9682	0.05956	-0.1231
0.983	0.0876	-0.1075
1.033	0.08297	-0.1785
0.9401	-0.0337	-0.136
0.6972	-0.1398	-0.07726
0.5703	-0.2919	-0.04987
0.5124	-0.2474	0.004726
0.5476	-0.155	0.01439
0.5749	-0.1478	0.04218
0.7574	0.024	-0.005919
1.006	0.09837	-0.09822
0.967	0.03596	-0.1156
0.8806	-0.09649	-0.0925
0.7969	-0.4914	0.0441
0.8992	-0.748	0.2002
1.374	-0.6728	0.2374
1.787	-0.5924	0.1686
1.819	-0.4463	0.1222
1.566	-0.2381	0.2289
1.525	-0.2651	0.2718
1.594	-0.3334	0.1349
1.422	-0.1528	0.01739
1.272	-0.02131	0.01477
1.074	-0.02688	0.03582
0.9233	-0.005649	0.01929
0.859	-0.03803	0.06064
0.6729	-0.06843	0.07106
0.6241	-0.1227	0.03028
0.5943	-0.2109	0.06676
0.5295	-0.213	0.05164
0.5356	-0.1881	0.03824
0.4917	-0.08833	0.06495
0.5314	0.007976	0.02726
0.5836	0.0308	0.02115
0.6538	0.07142	-0.01053
0.7872	0.03472	-0.04082
0.8448	-0.04069	0.0297
0.9161	-0.1642	0.09348
0.9926	-0.3159	0.1275
1.13	-0.374	0.08581
1.371	-0.5092	-0.08605
1.583	-0.6214	-0.3472
1.617	-0.5244	-0.4173
1.327	-0.4201	0.001596
1.141	-0.3676	0.35
1.461	-0.217	0.02049
1.831	-0.06569	-0.4083
1.749	-0.117	-0.3697
1.304	-0.1491	-0.1572
0.8867	-0.08817	0.004517
0.7397	-0.1694	0.01869
0.7091	-0.226	-0.08488
0.5597	-0.2046	-0.037
0.4977	-0.2159	-0.0303
0.5419	-0.1923	-0.09419
0.4979	-0.197	-0.05125
0.5924	-0.2022	-0.133
0.6814	-0.1712	-0.1815
0.6468	-0.1498	-0.09857
0.6908	-0.1149	-0.04483
0.6934	-0.1307	0.009895
0.7701	-0.1507	-0.06124
0.8894	-0.1496	-0.08033
0.9491	-0.2452	0.1189
1.217	-0.3108	0.245
1.646	-0.1827	0.1121
1.932	-0.04482	-0.03184
1.792	-0.1238	0.1776
1.544	-0.2751	0.3857
1.575	-0.3649	0.305
1.543	-0.4059	0.1917
1.401	-0.2898	0.0708
1.194	-0.1646	0.09414
0.9249	-0.1193	0.2017
0.8141	0.01368	0.1661
0.6614	0.1052	0.1625
0.5401	0.106	0.1296
0.5899	0.07842	0.07941
0.5463	-0.02951	0.1229
0.5255	-0.1141	0.09204
1.787	-0.5924	0.1686
1.819	-0.4463	0.1222
1.566	-0.2381	0.2289
1.525	-0.2651	0.2718
1.594	-0.3334	0.1349
1.422	-0.1528	0.01739
1.272	-0.02131	0.01477
1.074	-0.02688	0.03582
0.9233	-0.005649	0.01929
0.859	-0.03803	0.06064
0.6729	-0.06843	0.07106
0.6241	-0.1227	0.03028
0.5943	-0.2109	0.06676
0.5295	-0.213	0.05164
0.5356	-0.1881	0.03824
0.4917	-0.08833	0.06495
0.5314	0.007976	0.02726
0.5836	0.0308	0.02115
0.6538	0.07142	-0.01053
0.7872	0.03472	-0.04082
0.8448	-0.04069	0.0297
0.9161	-0.1642	0.09348
0.9926	-0.3159	0.1275
1.13	-0.374	0.08581
1.371	-0.5092	-0.08605
1.583	-0.6214	-0.3472
1.617	-0.5244	-0.4173
1.327	-0.4201	0.001596
1.141	-0.3676	0.35
1.461	-0.217	0.02049
1.831	-0.06569	-0.4083
1.749	-0.117	-0.3697
1.304	-0.1491	-0.1572
0.8867	-0.08817	0.004517
0.7397	-0.1694	0.01869
0.7091	-0.226	-0.08488
0.5597	-0.2046	-0.037
0.4977	-0.2159	-0.0303
0.5419	-0.1923	-0.09419
0.4979	-0.197	-0.05125
0.5924	-0.2022	-0.133
0.6814	-0.1712	-0.1815
0.6468	-0.1498	-0.09857
0.6908	-0.1149	-0.04483
0.6934	-0.1307	0.009895
0.7701	-0.1507	-0.06124
0.8894	-0.1496	-0.08033
0.9491	-0.2452	0.1189
1.217	-0.3108	0.245
1.646	-0.1827	0.1121
1.932	-0.04482	-0.03184
1.792	-0.1238	0.1776
1.544	-0.2751	0.3857
1.575	-0.3649	0.305
1.543	-0.4059	0.1917
1.401	-0.2898	0.0708
1.194	-0.1646	0.09414
0.9249	-0.1193	0.2017
0.8141	0.01368	0.1661
0.6614	0.1052	0.1625
0.5401	0.106	0.1296
0.5899	0.07842	0.07941
0.5463	-0.02951	0.1229
0.5255	-0.1141	0.09204
0.545	-0.08828	0.04825
0.5324	-0.02784	0.02542
0.6213	-0.05116	-0.00336
0.7557	-0.08516	0.02749
0.9184	-0.07819	0.02796
0.993	-0.1102	0.03224
1.003	-0.1167	0.05669
1.236	-0.2523	-0.00188
1.571	-0.5631	-0.1404
1.675	-0.6883	-0.2546
1.402	-0.5341	-0.1222
1.166	-0.2838	0.07143
1.434	-0.09731	-0.03966
1.746	0.01307	-0.2674
1.687	0.0256	-0.3738
1.401	-0.05016	-0.2092
1.011	-0.09149	0.06792
0.8587	-0.1549	-0.01474
0.9278	-0.1833	-0.1023
0.8522	-0.1622	0.01559
0.8257	-0.2066	-0.08405
0.8694	-0.193	-0.1206
0.8109	-0.1444	-0.06443
0.7581	-0.09288	-0.1405
0.6594	-0.03568	-0.09886
0.6107	-0.07497	-0.06491
0.6155	-0.103	-0.02933
0.5745	-0.1031	0.06028
0.6777	-0.1196	0.007832
0.8101	-0.1044	-0.019
0.9206	-0.09218	-0.06096
1.002	-0.08107	-0.1601
0.8259	-0.139	-0.109
0.6407	-0.3132	0.05435
0.7258	-0.4529	0.2109
1.177	-0.4289	0.1871
1.752	-0.2549	0.04465
1.754	-0.08775	0.06159
1.401	-0.08125	0.2643
1.355	-0.2008	0.4464
1.453	-0.2572	0.2766
1.466	-0.163	-0.03248
1.319	-0.05327	-0.01527
1.043	-0.01318	0.08935
0.8922	0.01311	0.1829
0.7993	0.04918	0.3177
0.7875	0.05948	0.209
0.8756	0.05124	0.05469
0.759	0.06011	0.0364
0.6015	0.05057	0.02531
0.4787	0.02805	0.07076
0.3564	0.01686	0.07896
0.4952	-0.03633	0.07072
0.6692	-0.1239	0.08938
0.8246	-0.2171	0.03795
1.023	-0.3097	0.01481
1.008	-0.3594	0.01008
1.026	-0.3596	0.001918
1.205	-0.3747	-0.03427
1.388	-0.4108	-0.1949
1.518	-0.3869	-0.2795
1.458	-0.3432	-0.1308
1.415	-0.303	0.006388
1.472	-0.1781	-0.1125
0.545	-0.08828	0.04825
0.5324	-0.02784	0.02542
0.6213	-0.05116	-0.00336
0.7557	-0.08516	0.02749
0.9184	-0.07819	0.02796
0.993	-0.1102	0.03224
1.003	-0.1167	0.05669
1.236	-0.2523	-0.00188
1.571	-0.5631	-0.1404
1.675	-0.6883	-0.2546
1.402	-0.5341	-0.1222
1.166	-0.2838	0.07143
1.434	-0.09731	-0.03966
1.746	0.01307	-0.2674
1.687	0.0256	-0.3738
1.401	-0.05016	-0.2092
1.011	-0.09149	0.06792
0.8587	-0.1549	-0.01474
0.9278	-0.1833	-0.1023
0.8522	-0.1622	0.01559
0.8257	-0.2066	-0.08405
0.8694	-0.193	-0.1206
0.8109	-0.1444	-0.06443
0.7581	-0.09288	-0.1405
0.6594	-0.03568	-0.09886
0.6107	-0.07497	-0.06491
0.6155	-0.103	-0.02933
0.5745	-0.1031	0.06028
0.6777	-0.1196	0.007832
0.8101	-0.1044	-0.019
0.9206	-0.09218	-0.06096
1.002	-0.08107	-0.1601
0.8259	-0.139	-0.109
0.6407	-0.3132	0.05435
0.7258	-0.4529	0.2109
1.177	-0.4289	0.1871
1.752	-0.2549	0.04465
1.754	-0.08775	0.06159
1.401	-0.08125	0.2643
1.355	-0.2008	0.4464
1.453	-0.2572	0.2766
1.466	-0.163	-0.03248
1.319	-0.05327	-0.01527
1.043	-0.01318	0.08935
0.8922	0.01311	0.1829
0.7993	0.04918	0.3177
0.7875	0.05948	0.209
0.8756	0.05124	0.05469
0.759	0.06011	0.0364
0.6015	0.05057	0.02531
0.4787	0.02805	0.07076
0.3564	0.01686	0.07896
0.4952	-0.03633	0.07072
0.6692	-0.1239	0.08938
0.8246	-0.2171	0.03795
1.023	-0.3097	0.01481
1.008	-0.3594	0.01008
1.026	-0.3596	0.001918
1.205	-0.3747	-0.03427
1.388	-0.4108	-0.1949
1.518	-0.3869	-0.2795
1.458	-0.3432	-0.1308
1.415	-0.303	0.006388
1.472	-0.1781	-0.1125
1.382	-0.05927	-0.2028
1.194	-0.0645	-0.04504
1.033	-0.1138	0.01834
0.9928	-0.1263	-0.03992
0.9881	-0.1707	-0.05229
0.8952	-0.2073	-0.08543
0.8612	-0.1252	-0.1036
0.7743	-0.07115	-0.1115
0.6346	-0.07652	-0.08892
0.6555	-0.06847	-0.03875
0.657	-0.1021	-0.06958
0.6822	-0.1065	-0.1177
0.767	-0.09146	-0.134
0.7457	-0.08025	-0.1098
0.7627	-0.04637	-0.06177
0.784	-0.04152	-0.08172
0.7865	-0.0229	-0.1015
0.7883	-0.06963	-0.06675
0.7412	-0.2343	0.00478
0.8902	-0.3694	0.1324
1.273	-0.3756	0.1771
1.725	-0.2474	0.1228
1.89	-0.1205	0.147
1.634	-0.08029	0.1863
1.544	-0.1467	0.1678
1.623	-0.2293	0.1025
1.483	-0.1603	-0.0004309
1.257	-0.0923	0.02522
1.06	-0.05985	0.1099
0.9404	0.04167	0.1116
0.8462	0.09052	0.1291
0.7178	0.1086	0.09493
0.6327	0.08692	0.02477
0.5361	0.009066	0.02754
0.4554	-0.01505	0.03285
0.4547	-0.06347	0.07122
0.4803	-0.1373	0.12
0.5372	-0.1798	0.1187
0.6513	-0.2269	0.1012
0.8145	-0.2817	0.05156
0.9011	-0.355	0.0241
0.875	-0.3415	0.03594
0.9172	-0.2495	0.02668
1.079	-0.2472	-0.04018
1.336	-0.3503	-0.1653
1.561	-0.4601	-0.2507
1.54	-0.3635	-0.2214
1.485	-0.1257	-0.02765
1.594	0.0006751	0.1273
1.7	0.04386	-0.1155
1.715	-0.05439	-0.3638
1.446	-0.1907	-0.1234
0.9791	-0.1824	0.07383
0.8335	-0.2046	-0.06205
0.8216	-0.2136	-0.09904
0.655	-0.1767	-0.1102
0.6361	-0.1923	-0.1669
0.7078	-0.1586	-0.1095
0.7341	-0.1058	-0.1311
0.7933	-0.04234	-0.155
0.7668	0.03433	-0.1096
0.6858	0.0683	-0.1187
0.6281	0.104	-0.05762
0.5931	0.09004	-0.021
