1.027	0.0172	0.04774
1.018	0.00706	0.06633
1.025	-0.01033	0.07481
1.032	-0.01302	0.06096
1.025	-0.01927	0.05559
1.006	-0.004689	0.04882
0.9942	0.007874	0.03393
1	0.01337	0.02352
1.008	0.02604	0.01045
1.015	0.02158	0.005877
1.026	0.04143	0.01372
1.03	0.06312	0.02988
1.024	0.05356	0.0449
1.017	0.04698	0.04928
1.016	0.03223	0.0427
1.023	0.02486	0.04294
1.036	0.02105	0.06585
1.055	0.009912	0.0592
1.054	0.01759	0.03482
1.031	0.02274	0.03679
1.025	0.03086	0.0199
1.031	0.04994	0.003813
1.03	0.05594	0.0007304
1.021	0.04893	-0.008633
1.011	0.0333	0.004538
1.007	0.0211	0.014
1.014	0.01118	0.01995
1.025	0.00461	0.03035
1.024	0.004727	0.03122
1.022	0.001576	0.05259
1.024	0.008581	0.06261
1.021	0.01806	0.05552
1.021	0.01936	0.06277
1.021	0.01731	0.05595
1.023	0.01164	0.04903
1.029	0.02069	0.04732
1.029	0.02621	0.03493
1.028	0.01928	0.02813
1.025	0.02785	0.0211
1.022	0.03282	0.01761
1.027	0.02893	0.01874
1.03	0.03065	0.01815
1.027	0.03188	0.02611
1.021	0.0373	0.03166
1.017	0.04213	0.03124
1.02	0.04097	0.03096
1.025	0.03803	0.02991
1.026	0.03224	0.03291
1.025	0.02556	0.03587
1.024	0.01796	0.03635
1.025	0.0122	0.0339
1.026	0.01076	0.03089
1.026	0.0115	0.03564
1.026	0.01341	0.03991
1.025	0.01492	0.03684
1.025	0.01946	0.03304
1.025	0.02293	0.03166
1.023	0.01934	0.0311
1.023	0.02005	0.03132
1.023	0.02678	0.03411
1.023	0.02805	0.0358
1.023	0.02631	0.03472
1.023	0.02668	0.03228
1.024	0.02902	0.03051
1.023	0.034	0.03348
1.023	0.03557	0.03425
1.024	0.0331	0.032
1.025	0.0312	0.03344
1.026	0.02607	0.03267
1.026	0.02115	0.03095
1.025	0.02076	0.03337
1.026	0.01913	0.0322
1.025	0.01575	0.02348
1.024	0.01568	0.02202
1.024	0.0204	0.03525
1.027	0.02374	0.03991
1.03	0.02383	0.03402
1.025	0.02468	0.03777
1.017	0.0245	0.04253
1.015	0.02452	0.04158
1.021	0.02552	0.03686
1.025	0.02582	0.02943
1.025	0.02727	0.02801
1.027	0.0277	0.02492
1.028	0.02728	0.02295
1.026	0.02713	0.03177
1.027	0.02765	0.03551
1.026	0.02758	0.03399
1.031	0.01276	0.03264
1.017	0.01864	0.03752
1.018	0.0223	0.03394
1.026	0.0246	0.03311
1.025	0.02912	0.0234
1.022	0.02652	0.03633
1.024	0.03105	0.04083
1.022	0.03595	0.03134
1.022	0.03149	0.03908
1.022	0.02333	0.03512
1.024	0.01191	0.03273
1.029	0.01608	0.03648
1.029	0.01792	0.02979
1.028	0.008684	0.02833
1.024	0.01628	0.0258
1.021	0.0215	0.02569
1.026	0.01884	0.02895
1.028	0.02251	0.02922
1.025	0.02609	0.03692
1.02	0.03399	0.04129
1.016	0.04117	0.03902
1.019	0.04207	0.03651
1.024	0.04073	0.0331
1.026	0.03603	0.03387
1.025	0.02992	0.03488
1.024	0.02241	0.03383
1.026	0.01632	0.03033
1.027	0.01424	0.02676
1.027	0.01416	0.03142
1.026	0.01514	0.03599
1.025	0.01573	0.03351
1.026	0.01944	0.03048
1.025	0.02223	0.02998
1.023	0.01813	0.03029
1.023	0.01854	0.0313
1.023	0.02515	0.03475
1.023	0.02646	0.03691
1.023	0.02491	0.03613
1.022	0.02555	0.03381
1.024	0.02821	0.032
1.023	0.03354	0.03481
1.023	0.03544	0.03533
1.024	0.03324	0.03277
1.025	0.03156	0.03389
1.026	0.02658	0.03281
1.026	0.02174	0.03083
1.025	0.02135	0.03304
1.026	0.01969	0.03173
1.025	0.01621	0.02294
1.024	0.01603	0.02146
1.024	0.02062	0.03473
1.027	0.02385	0.03946
1.03	0.02382	0.03368
1.025	0.02459	0.03755
1.017	0.02434	0.04243
1.015	0.02432	0.04158
1.021	0.0253	0.03695
1.025	0.02561	0.02959
1.025	0.02708	0.0282
1.027	0.02755	0.02513
1.028	0.02717	0.02315
1.026	0.02707	0.03195
1.027	0.02764	0.03565
1.026	0.0276	0.03409
1.025	0.02199	0.03383
1.024	0.01895	0.03173
1.023	0.02025	0.03396
1.022	0.01873	0.03597
1.022	0.02179	0.03437
1.022	0.02577	0.03451
1.024	0.02534	0.03244
1.023	0.02699	0.03118
1.024	0.02677	0.03522
1.024	0.0256	0.03769
1.025	0.02643	0.03532
1.026	0.02469	0.0313
1.025	0.02263	0.02961
1.024	0.02273	0.03012
1.024	0.02592	0.02999
1.026	0.02736	0.03057
1.027	0.0226	0.0322
1.023	0.02124	0.03265
1.021	0.02327	0.03293
1.022	0.02319	0.03398
1.024	0.02434	0.03413
1.026	0.02358	0.03204
1.025	0.02289	0.03142
1.024	0.02628	0.03479
1.024	0.02764	0.03581
1.023	0.02709	0.03431
1.023	0.025	0.03398
1.025	0.02129	0.03034
1.026	0.02186	0.03075
1.025	0.02464	0.04237
1.022	0.0259	0.04485
1.021	0.0268	0.03055
1.024	0.02582	0.02424
1.025	0.02279	0.02792
1.023	0.02154	0.02599
1.023	0.02304	0.02709
1.025	0.02351	0.03082
1.028	0.02388	0.03055
1.028	0.02519	0.03458
1.024	0.02462	0.03557
1.023	0.02551	0.03472
1.024	0.02669	0.04165
1.023	0.02531	0.04316
1.022	0.02493	0.03726
1.023	0.02363	0.03216
1.025	0.02261	0.02751
1.026	0.02404	0.02434
1.024	0.02402	0.02452
1.023	0.02386	0.0304
1.024	0.02475	0.03637
1.024	0.02577	0.03671
1.024	0.02549	0.0375
1.023	0.02231	0.03861
1.022	0.02115	0.03511
1.025	0.02222	0.03115
1.027	0.02154	0.0305
1.026	0.02476	0.03049
1.024	0.03132	0.02975
1.023	0.03069	0.02999
1.022	0.02482	0.03155
1.023	0.02318	0.03357
1.025	0.02534	0.03445
1.028	0.02354	0.03325
1.026	0.01686	0.03345
1.017	0.02106	0.02311
1.022	0.02187	0.03054
1.024	0.02498	0.03763
1.026	0.02383	0.04132
1.025	0.02631	0.03939
1.026	0.02918	0.03811
1.026	0.02741	0.03419
1.025	0.02774	0.03112
1.024	0.02638	0.03367
1.024	0.02434	0.03511
1.023	0.0246	0.03222
1.024	0.0226	0.02816
1.024	0.02055	0.0268
1.022	0.02088	0.02792
1.022	0.02445	0.02855
1.025	0.02637	0.02994
1.026	0.02209	0.03232
1.023	0.02119	0.0334
1.021	0.0236	0.03414
1.023	0.02381	0.03547
1.025	0.02515	0.03572
1.026	0.02447	0.03357
1.026	0.02377	0.03274
1.025	0.02706	0.03583
1.025	0.02827	0.03651
1.024	0.02754	0.03467
1.024	0.02526	0.03402
1.025	0.02137	0.0301
1.026	0.02177	0.03031
1.025	0.02443	0.0418
1.022	0.02561	0.04421
1.021	0.02646	0.02991
1.024	0.02547	0.02366
1.024	0.02247	0.02745
1.022	0.02127	0.02563
1.022	0.02283	0.02687
1.025	0.02337	0.03073
1.028	0.02382	0.03057
1.028	0.02519	0.0347
1.024	0.02468	0.03576
1.023	0.0256	0.03495
1.024	0.02681	0.04188
1.023	0.02544	0.04339
1.022	0.02505	0.03746
1.023	0.02374	0.03231
1.025	0.02269	0.02762
1.026	0.02411	0.0244
1.024	0.02406	0.02453
1.023	0.02387	0.03037
1.024	0.02474	0.03632
1.024	0.02574	0.03664
1.024	0.02545	0.03742
1.023	0.02227	0.03852
1.022	0.0211	0.03503
1.025	0.02218	0.03109
1.027	0.0215	0.03046
1.026	0.02473	0.03046
1.024	0.03131	0.02974
1.023	0.03068	0.02999
1.022	0.02482	0.03157
1.023	0.02319	0.0336
1.025	0.02536	0.03448
1.028	0.02355	0.03328
1.026	0.01688	0.03348
1.022	0.01688	0.03427
1.021	0.02617	0.03352
1.022	0.02955	0.03622
1.023	0.02527	0.03518
1.021	0.02631	0.02941
1.02	0.02741	0.03099
1.026	0.02335	0.0303
1.034	0.02347	0.02867
1.034	0.02413	0.03366
1.032	0.02289	0.03168
1.029	0.02338	0.02869
1.024	0.02098	0.03068
1.017	0.0212	0.0357
1.01	0.02757	0.04814
1.011	0.02999	0.05232
1.023	0.02783	0.04079
1.027	0.02686	0.02481
1.025	0.02545	0.01921
1.026	0.02345	0.029
1.028	0.02355	0.03025
1.028	0.02288	0.0227
1.027	0.02228	0.0247
1.026	0.02256	0.02765
1.024	0.02037	0.03106
1.024	0.01794	0.03751
1.024	0.01778	0.03902
1.023	0.02277	0.03735
1.023	0.02712	0.03717
1.023	0.02697	0.03906
1.025	0.03213	0.03924
1.026	0.03444	0.03794
1.022	0.02943	0.03655
1.021	0.02814	0.03387
1.022	0.02541	0.03493
1.025	0.02072	0.03256
1.027	0.01907	0.01926
1.026	0.01823	0.0169
1.024	0.01927	0.03229
1.025	0.02106	0.0372
1.025	0.0219	0.0298
1.026	0.02382	0.02858
1.026	0.02897	0.02658
1.023	0.03143	0.02609
1.02	0.02808	0.0379
1.017	0.0282	0.04651
1.017	0.02684	0.04441
1.026	0.01883	0.03982
1.031	0.01583	0.03559
1.025	0.01715	0.03503
1.025	0.01872	0.03556
1.028	0.02368	0.03259
1.028	0.0287	0.0299
1.032	0.03129	0.02886
1.032	0.03235	0.02955
1.021	0.03221	0.03558
1.006	0.0303	0.03654
1.004	0.02521	0.02159
1.026	0.02105	0.01201
1.038	0.02095	0.01882
1.031	0.0209	0.02565
1.028	0.02173	0.03487
1.023	0.0226	0.04328
1.022	0.01783	0.04331
1.028	0.01567	0.04483
1.031	0.006752	0.04688
1.022	0.02531	0.04393
1.018	0.03403	0.0428
1.018	0.03219	0.03749
1.016	0.03362	0.0278
1.015	0.03379	0.02632
1.023	0.02807	0.02364
1.032	0.02624	0.02113
1.034	0.02501	0.02623
1.033	0.02215	0.02517
1.031	0.02142	0.02364
1.026	0.01825	0.02739
1.02	0.01813	0.03423
1.012	0.02456	0.04835
1.013	0.02735	0.05392
1.024	0.02575	0.04341
1.028	0.02546	0.02805
1.025	0.02476	0.02266
1.026	0.02341	0.03231
1.027	0.02406	0.03314
1.027	0.02379	0.02498
1.026	0.02345	0.02626
1.024	0.02383	0.02846
1.023	0.02161	0.03117
1.023	0.01904	0.03703
1.023	0.01867	0.03809
1.022	0.02339	0.03612
1.023	0.02747	0.03581
1.023	0.02705	0.03771
1.026	0.03199	0.03801
1.027	0.03413	0.03692
1.023	0.029	0.0358
1.021	0.02765	0.03341
1.022	0.02492	0.03474
1.025	0.02027	0.03262
1.028	0.01868	0.01951
1.026	0.01794	0.01729
1.025	0.01908	0.03276
1.025	0.02098	0.0377
1.025	0.02191	0.03028
1.026	0.02391	0.02899
1.026	0.0291	0.02691
1.023	0.0316	0.02631
1.02	0.02826	0.03801
1.016	0.02837	0.04654
1.017	0.027	0.04435
1.026	0.01895	0.0397
1.031	0.01592	0.03543
1.025	0.0172	0.03485
1.025	0.01873	0.03538
1.028	0.02367	0.03242
1.028	0.02865	0.02977
1.032	0.03123	0.02876
1.032	0.03229	0.02949
1.021	0.03214	0.03556
1.006	0.03024	0.03655
1.004	0.02516	0.02163
1.027	0.02102	0.01207
1.038	0.02093	0.01889
1.031	0.02089	0.02572
1.028	0.02173	0.03494
1.023	0.02261	0.04334
1.022	0.01785	0.04335
1.028	0.01569	0.04486
1.028	0.02073	0.04272
1.026	0.02198	0.04226
1.02	0.02066	0.04692
1.013	0.02436	0.04356
1.018	0.03025	0.03737
1.021	0.03108	0.02062
1.022	0.02469	0.009742
1.027	0.02311	0.0231
1.029	0.03272	0.02424
1.031	0.04527	0.01978
1.024	0.04771	0.0235
1.022	0.03031	0.02749
1.029	0.01219	0.04625
1.031	0.008325	0.05199
1.029	0.009082	0.04264
1.021	0.0165	0.04697
1.017	0.02348	0.04291
1.022	0.02148	0.03458
1.021	0.01932	0.03268
1.016	0.01877	0.02671
1.019	0.02057	0.0281
1.027	0.02409	0.0324
1.033	0.02784	0.03259
1.032	0.02584	0.02562
1.029	0.01589	0.006828
1.019	0.01603	0.0007236
1.012	0.02795	0.01176
1.02	0.03745	0.02538
1.023	0.03935	0.0434
1.022	0.0403	0.05458
1.027	0.04213	0.06181
1.029	0.03352	0.07077
1.031	0.02712	0.06219
1.029	0.02494	0.0498
1.026	0.01651	0.04408
1.026	0.01458	0.0295
1.02	0.01133	0.01866
1.017	0.009103	0.01249
1.02	0.01485	0.005897
1.022	0.01516	0.008967
1.026	0.01764	0.012
1.025	0.01944	0.01725
1.025	0.02018	0.02898
1.026	0.0266	0.03512
1.025	0.02961	0.03935
1.025	0.03403	0.0435
1.02	0.03698	0.04565
1.017	0.03587	0.04745
1.024	0.03191	0.04448
1.026	0.02292	0.03785
1.027	0.02162	0.0338
1.028	0.02238	0.03345
1.025	0.02259	0.03303
1.023	0.02629	0.03294
1.024	0.02426	0.03389
1.027	0.02494	0.03206
1.029	0.02538	0.02765
1.025	0.0216	0.02557
1.019	0.02277	0.02997
1.018	0.02236	0.03305
1.024	0.02353	0.03122
1.027	0.02491	0.03215
1.025	0.02012	0.03334
1.027	0.0199	0.03434
1.028	0.03949	0.05134
1.027	0.02243	0.03277
1.021	0.01176	0.03103
1.015	0.01226	0.0286
1.02	0.01884	0.02729
1.022	0.02254	0.01692
1.023	0.01991	0.01225
1.027	0.02207	0.03061
1.029	0.03485	0.03503
1.031	0.04969	0.03202
1.024	0.05343	0.03549
1.021	0.0364	0.03789
1.028	0.01786	0.05413
1.03	0.013	0.05688
1.028	0.0124	0.04445
1.021	0.01832	0.04598
1.017	0.02384	0.03962
1.022	0.02057	0.02964
1.021	0.01742	0.02681
1.016	0.01623	0.0206
1.019	0.01772	0.02235
1.028	0.02125	0.02748
1.034	0.02528	0.02882
1.033	0.02375	0.02316
1.029	0.01438	0.005676
1.019	0.01514	0.0007796
1.013	0.02767	0.01282
1.02	0.03771	0.02719
1.023	0.04003	0.04568
1.022	0.04127	0.05705
1.027	0.04327	0.06422
1.029	0.03469	0.07292
1.031	0.02822	0.06393
1.029	0.02588	0.05105
1.026	0.01723	0.04482
1.026	0.01506	0.02975
1.02	0.01157	0.01849
1.017	0.009124	0.01199
1.02	0.01469	0.005155
1.022	0.01486	0.008099
1.026	0.01725	0.01111
1.025	0.01902	0.01641
1.025	0.01977	0.02827
1.026	0.02622	0.03457
1.025	0.02931	0.03898
1.025	0.03381	0.04332
1.02	0.03685	0.04564
1.017	0.03582	0.04758
1.024	0.03194	0.04472
1.026	0.02301	0.03815
1.027	0.02175	0.03412
1.028	0.02253	0.03377
1.025	0.02274	0.03331
1.023	0.02644	0.03317
1.024	0.02438	0.03405
1.027	0.02504	0.03216
1.029	0.02545	0.02768
1.025	0.02163	0.02554
1.019	0.02278	0.0299
1.018	0.02234	0.03295
1.024	0.02349	0.0311
1.027	0.02486	0.03203
1.025	0.02007	0.03323
1.027	0.01984	0.03424
1.028	0.02226	0.03391
1.024	0.02256	0.03306
1.021	0.02429	0.03888
1.02	0.02606	0.03715
1.023	0.02624	0.02669
1.024	0.02468	0.02592
1.021	0.02508	0.03033
1.023	0.02922	0.03117
1.027	0.03002	0.03165
1.029	0.02487	0.03662
1.028	0.02293	0.0386
1.024	0.02515	0.03361
1.022	0.02477	0.0339
1.022	0.02495	0.03647
1.024	0.02498	0.03599
1.024	0.02263	0.03401
1.025	0.02211	0.02914
1.025	0.02189	0.02894
1.024	0.02185	0.03078
1.024	0.02281	0.02942
1.026	0.02228	0.02992
1.026	0.02232	0.03026
1.021	0.02444	0.03236
1.014	0.02607	0.03776
1.011	0.02641	0.03957
1.016	0.02657	0.03914
1.036	0.02596	0.04039
1.049	0.02415	0.03748
1.037	0.02406	0.02723
1.023	0.02721	0.02153
1.017	0.02815	0.02505
1.018	0.02461	0.0275
1.022	0.02389	0.0307
1.02	0.02511	0.03556
1.021	0.02402	0.03626
1.024	0.02347	0.03874
1.025	0.0208	0.03736
1.028	0.01879	0.02884
1.019	0.02199	0.02938
1.014	0.02316	0.0376
1.022	0.02411	0.04238
1.027	0.02838	0.04095
1.03	0.0275	0.03457
1.033	0.02086	0.02732
1.032	0.01953	0.02244
1.024	0.02478	0.02572
1.015	0.02617	0.03548
1.021	0.02631	0.03812
1.03	0.02963	0.02652
1.033	0.02993	0.02079
1.026	0.02782	0.03212
1.016	0.02302	0.03433
1.014	0.01943	0.03095
1.014	0.02165	0.03664
1.021	0.02241	0.03806
1.032	0.02451	0.04153
1.03	0.02717	0.0431
1.028	0.02487	0.03237
1.028	0.02379	0.02729
1.025	0.0224	0.02964
1.024	0.02059	0.02929
1.024	0.02173	0.02712
1.025	0.02296	0.02901
1.025	0.02457	0.03724
1.026	0.006355	-0.01673
1.021	0.02791	0.04165
1.018	0.03835	0.07369
1.017	0.04086	0.07677
1.021	0.03731	0.05864
1.024	0.0301	0.04436
1.022	0.02468	0.03404
1.025	0.02394	0.02195
1.029	0.02137	0.01296
1.032	0.01454	0.01255
1.031	0.0125	0.01314
1.026	0.01591	0.01014
1.023	0.01764	0.01493
1.023	0.02044	0.02351
1.023	0.0232	0.02962
1.024	0.02339	0.03396
1.024	0.02498	0.03453
1.024	0.02628	0.03846
1.023	0.02712	0.04291
1.022	0.02834	0.04262
1.025	0.02751	0.0428
1.025	0.02682	0.04168
1.02	0.0279	0.0415
1.014	0.02836	0.04415
1.011	0.02749	0.04307
1.017	0.02655	0.03988
1.037	0.02501	0.03876
1.049	0.02251	0.034
1.038	0.02197	0.0225
1.024	0.02495	0.01618
1.018	0.02593	0.01965
1.019	0.02262	0.02252
1.022	0.02227	0.02651
1.02	0.02393	0.03239
1.021	0.02331	0.03421
1.024	0.02322	0.0378
1.025	0.02094	0.03741
1.027	0.01924	0.02972
1.019	0.02266	0.03085
1.014	0.02396	0.03943
1.022	0.02493	0.04435
1.027	0.02915	0.04286
1.03	0.02816	0.03625
1.033	0.02138	0.02867
1.032	0.01988	0.0234
1.024	0.02495	0.02627
1.015	0.02619	0.03564
1.021	0.02619	0.03794
1.03	0.02942	0.02608
1.033	0.02966	0.02018
1.026	0.02752	0.03141
1.016	0.02272	0.03361
1.014	0.01916	0.03029
1.014	0.02143	0.03609
1.021	0.02226	0.03764
1.032	0.02442	0.04126
1.03	0.02713	0.04298
1.028	0.02489	0.03238
1.028	0.02385	0.02741
1.025	0.0225	0.02984
1.024	0.0207	0.02954
1.024	0.02184	0.02738
1.025	0.02306	0.02926
1.025	0.02466	0.03747
1.021	0.02627	0.04084
1.022	0.02718	0.03555
1.023	0.02727	0.03126
1.023	0.02654	0.03138
1.025	0.02538	0.03906
1.023	0.02507	0.04904
1.016	0.02769	0.04854
1.011	0.02794	0.05134
1.017	0.0293	0.05006
1.03	0.03654	0.02307
1.039	0.03288	0.00135
1.038	0.01336	-0.01293
1.037	-0.002204	-0.02832
1.038	-0.002618	-0.01062
1.034	0.003511	0.02238
1.022	0.01182	0.04377
1.009	0.02482	0.06651
1.008	0.0336	0.08502
1.011	0.0401	0.08265
1.007	0.05103	0.07166
1.01	0.05751	0.07658
1.022	0.05541	0.06791
1.034	0.04004	0.02929
1.038	0.02013	0.002944
1.032	0.01114	-0.007231
1.031	0.003153	-0.01436
1.032	-0.002547	-0.01697
1.028	-0.0008589	-0.009493
1.025	0.00471	0.01509
1.023	0.02003	0.0341
1.024	0.03272	0.04235
1.026	0.0352	0.05769
1.021	0.03523	0.06789
1.017	0.03344	0.06404
1.014	0.03493	0.05904
1.016	0.03331	0.05305
1.023	0.025	0.04215
1.026	0.02073	0.03148
1.027	0.01745	0.0192
1.03	0.01549	0.01105
1.032	0.02254	0.01024
1.028	0.03351	0.01343
1.026	0.03339	0.02648
1.025	0.01961	0.03346
1.022	0.01391	0.02955
1.018	0.02156	0.03278
1.019	0.02501	0.0384
1.026	0.02664	0.04434
1.024	0.03105	0.04702
1.021	0.02749	0.04257
1.022	0.01834	0.0455
1.019	0.01533	0.04634
1.023	0.01916	0.03297
1.032	0.02488	0.01912
1.032	0.03161	0.01178
1.026	0.03272	0.01937
1.021	0.02243	0.03694
1.023	0.01712	0.03674
1.024	0.02031	0.02262
1.026	0.01945	0.02142
1.026	0.02557	0.03568
1.023	0.03415	0.04106
1.025	0.03051	0.03379
1.024	0.03006	0.03636
1.016	0.05048	0.08554
1.023	0.02627	0.02849
1.026	0.01361	0.001885
1.027	0.008657	-0.001484
1.028	0.008667	0.01344
1.025	0.01255	0.03544
1.016	0.02057	0.04767
1.011	0.0262	0.06134
1.015	0.03212	0.0677
1.028	0.04267	0.04466
1.037	0.04092	0.02341
1.036	0.02198	0.006721
1.035	0.005882	-0.01312
1.037	0.004091	-0.001022
1.033	0.008324	0.02608
1.022	0.01452	0.04197
1.009	0.02546	0.06015
1.009	0.03242	0.07535
1.013	0.03751	0.07108
1.008	0.0475	0.05955
1.011	0.05352	0.06514
1.023	0.05141	0.05808
1.034	0.0364	0.02173
1.039	0.01713	-0.002016
1.032	0.008955	-0.009552
1.031	0.001849	-0.01425
1.032	-0.002992	-0.01483
1.028	-0.0005459	-0.005832
1.025	0.00563	0.0197
1.023	0.02138	0.0391
1.024	0.03431	0.04725
1.025	0.03684	0.06207
1.021	0.03678	0.07146
1.017	0.03477	0.06663
1.014	0.03596	0.06059
1.016	0.03401	0.0536
1.023	0.02536	0.04183
1.026	0.02078	0.03047
1.027	0.01724	0.01771
1.03	0.01507	0.009304
1.032	0.022	0.008427
1.028	0.03292	0.01172
1.026	0.03281	0.02502
1.025	0.01908	0.03233
1.022	0.01348	0.0288
1.018	0.02124	0.0324
1.019	0.02482	0.03837
1.026	0.02657	0.04459
1.024	0.03108	0.04749
1.021	0.02761	0.04317
1.022	0.01852	0.04616
1.019	0.01554	0.04699
1.023	0.01938	0.03355
1.032	0.02509	0.01959
1.032	0.03178	0.01212
1.026	0.03286	0.01957
1.021	0.02253	0.03701
1.023	0.01717	0.03669
1.024	0.02032	0.02248
1.026	0.01942	0.02122
1.026	0.02552	0.03544
1.023	0.03408	0.04082
1.025	0.03043	0.03356
1.024	0.02998	0.03617
1.02	0.03225	0.03997
1.021	0.02798	0.03625
1.022	0.02546	0.03334
1.026	0.02069	0.02992
1.027	0.01445	0.03056
1.026	0.0168	0.03076
1.021	0.02261	0.03245
1.019	0.02384	0.03787
1.026	0.02122	0.0371
1.028	0.02156	0.03937
1.025	0.0248	0.03837
1.027	0.02451	0.03062
1.027	0.02232	0.03043
1.024	0.02305	0.03323
1.019	0.02757	0.04057
1.016	0.02923	0.04138
1.026	0.02537	0.02369
1.034	0.02434	0.01175
1.03	0.02455	0.01569
1.024	0.02265	0.02406
1.02	0.02532	0.03226
1.024	0.0299	0.03768
1.025	0.02975	0.03953
1.02	0.0276	0.04179
1.021	0.02644	0.04343
1.023	0.02484	0.04104
1.022	0.02169	0.03621
1.024	0.01888	0.03064
1.026	0.01815	0.03123
1.027	0.01833	0.03592
1.027	0.01958	0.03497
1.025	0.02401	0.03352
1.022	0.02721	0.03587
1.02	0.02673	0.03643
1.025	0.02831	0.02899
1.031	0.02661	0.02122
1.028	0.01882	0.01976
1.024	0.01775	0.01811
1.021	0.02434	0.02409
1.024	0.03012	0.03393
1.026	0.03231	0.03682
1.023	0.03127	0.04454
1.024	0.02821	0.0489
1.025	0.02361	0.04227
1.024	0.02179	0.04052
1.018	0.02193	0.04147
1.013	0.02054	0.03879
1.022	0.02134	0.03142
1.029	0.02213	0.01918
1.031	0.02234	0.01769
1.034	0.02454	0.02679
1.027	0.02471	0.02842
1.024	0.02356	0.02515
1.026	0.023	0.02485
1.02	0.02355	0.0276
1.02	0.02512	0.03337
1.022	0.02459	0.03759
1.022	0.02458	0.04207
1.022	0.02795	0.054
1.02	0.03159	0.06412
1.019	0.03056	0.05537
1.028	0.0249	0.03105
1.035	0.02149	0.01341
1.033	0.01977	0.01363
1.021	0.01972	0.01589
1.021	0.02144	0.01972
1.022	0.02391	0.02317
1.025	0.02293	0.02499
1.027	0.01922	0.0298
1.025	0.02293	0.03313
1.019	0.02906	0.03697
1.017	0.02981	0.04363
1.025	0.02612	0.04332
1.027	0.02506	0.0454
1.024	0.02677	0.0437
1.027	0.02501	0.03494
1.026	0.02155	0.03353
1.024	0.02129	0.03508
1.02	0.02516	0.04124
1.017	0.02651	0.04102
1.026	0.02264	0.02254
1.035	0.02185	0.01005
1.031	0.0225	0.0137
1.024	0.02115	0.02201
1.021	0.02442	0.03034
1.024	0.02958	0.03604
1.025	0.02994	0.03826
1.02	0.0282	0.04096
1.021	0.02733	0.04302
1.023	0.02588	0.04101
1.022	0.02277	0.03651
1.024	0.0199	0.03116
1.025	0.01902	0.0319
1.026	0.01901	0.03665
1.027	0.02004	0.03569
1.025	0.02425	0.03416
1.022	0.02724	0.03639
1.02	0.02659	0.03679
1.025	0.02804	0.0292
1.031	0.02626	0.02128
1.028	0.01843	0.0197
1.024	0.01736	0.01795
1.021	0.02399	0.02386
1.024	0.02983	0.03367
1.026	0.0321	0.03655
1.023	0.03115	0.04429
1.024	0.02816	0.04869
1.025	0.02363	0.04211
1.024	0.02187	0.04041
1.018	0.02205	0.04142
1.013	0.02068	0.03879
1.022	0.02148	0.03146
1.029	0.02227	0.01925
1.031	0.02246	0.01779
1.034	0.02463	0.02689
1.027	0.02477	0.02852
1.024	0.02359	0.02523
1.026	0.02301	0.02492
1.02	0.02353	0.02765
1.02	0.02508	0.0334
1.023	0.02454	0.0376
1.022	0.02452	0.04206
1.022	0.0279	0.05398
1.02	0.03155	0.06409
1.019	0.03052	0.05533
1.028	0.02487	0.03101
1.035	0.02147	0.01338
1.033	0.01976	0.0136
1.022	0.01701	0.01852
1.018	0.0189	0.01987
1.025	0.02432	0.02106
1.027	0.02803	0.01859
1.023	0.02907	0.02138
1.023	0.02531	0.03428
1.021	0.02298	0.04585
1.022	0.02473	0.05828
1.025	0.02223	0.05987
1.024	0.02189	0.04191
1.026	0.02638	0.03163
1.026	0.02626	0.03137
1.024	0.02443	0.02512
1.026	0.02372	0.02502
1.024	0.02395	0.02666
1.025	0.02468	0.01685
1.025	0.02393	0.02011
1.021	0.02567	0.04083
1.022	0.02789	0.04971
1.021	0.02648	0.0429
1.02	0.02233	0.03388
1.022	0.01871	0.02774
1.025	0.02153	0.02816
1.027	0.02634	0.038
1.027	0.02699	0.04312
1.027	0.02508	0.03512
1.027	0.02353	0.02486
1.025	0.02429	0.02
1.026	0.02383	0.0258
1.025	0.0242	0.03158
1.022	0.02644	0.03188
1.021	0.02496	0.03584
1.022	0.02331	0.03714
1.023	0.02268	0.03938
1.025	0.02315	0.03887
1.026	0.02541	0.02693
1.022	0.02564	0.02428
1.02	0.02608	0.03249
1.025	0.02476	0.03592
1.025	0.022	0.0363
1.024	0.02324	0.03637
1.026	0.02457	0.03487
1.026	0.02444	0.03338
1.025	0.02229	0.03486
1.023	0.02163	0.03654
1.022	0.02685	0.03577
1.024	0.02805	0.03365
1.024	0.02469	0.03005
1.024	0.02446	0.0272
1.025	0.02411	0.02768
1.025	0.02413	0.03068
1.025	0.02652	0.03212
1.025	0.02617	0.03102
1.024	0.02312	0.03106
1.023	0.02227	0.03168
1.024	0.02297	0.03251
1.024	0.02279	0.03583
1.025	0.02316	0.03815
1.024	0.02415	0.03749
1.021	0.02451	0.03821
1.021	0.02433	0.03625
1.025	0.0228	0.02871
1.026	0.02258	0.02532
1.023	0.02644	0.02842
1.028	0.02514	0.04926
1.022	0.02549	0.03465
1.027	0.02877	0.02539
1.029	0.0302	0.01657
1.024	0.02919	0.016
1.023	0.0238	0.02762
1.021	0.02035	0.03929
1.022	0.02151	0.05265
1.025	0.01892	0.05559
1.024	0.01886	0.03911
1.026	0.02392	0.03022
1.025	0.02453	0.03114
1.024	0.0235	0.0258
1.025	0.02354	0.0263
1.024	0.02442	0.02825
1.025	0.02566	0.01851
1.025	0.02524	0.02164
1.021	0.02712	0.04209
1.022	0.02933	0.05063
1.022	0.02778	0.04344
1.02	0.0234	0.03406
1.023	0.01948	0.02761
1.025	0.02197	0.02779
1.027	0.02648	0.03747
1.027	0.02686	0.04252
1.027	0.02474	0.03451
1.027	0.02305	0.02431
1.025	0.02373	0.01955
1.026	0.02325	0.02548
1.025	0.02365	0.0314
1.022	0.02597	0.03182
1.021	0.0246	0.0359
1.022	0.02307	0.03729
1.023	0.02257	0.03959
1.025	0.02314	0.03912
1.026	0.02549	0.02718
1.022	0.02579	0.02452
1.02	0.02627	0.03269
1.025	0.02497	0.03607
1.025	0.02221	0.0364
1.024	0.02342	0.03642
1.026	0.02472	0.03487
1.026	0.02454	0.03334
1.025	0.02235	0.03479
1.023	0.02166	0.03645
1.022	0.02684	0.03567
1.024	0.028	0.03356
1.024	0.02462	0.02997
1.024	0.02438	0.02713
1.025	0.02403	0.02764
1.025	0.02406	0.03065
1.025	0.02646	0.03211
1.025	0.02612	0.03102
1.024	0.02308	0.03108
1.023	0.02225	0.03171
1.024	0.02297	0.03254
1.024	0.0228	0.03586
1.025	0.02318	0.03818
1.024	0.02418	0.03752
1.021	0.02454	0.03823
1.021	0.02436	0.03627
1.025	0.02283	0.02872
1.026	0.0226	0.02532
1.023	0.02646	0.02842
1.024	0.02983	0.03486
1.026	0.02859	0.03731
1.028	0.02355	0.02898
1.028	0.02161	0.02659
1.025	0.0266	0.03422
1.024	0.02759	0.03625
1.024	0.02277	0.03773
1.023	0.02232	0.03926
1.022	0.02194	0.0346
1.022	0.01817	0.03156
1.022	0.01798	0.03041
1.024	0.02266	0.02865
1.024	0.02886	0.02928
1.024	0.03069	0.02995
1.025	0.02743	0.03065
1.024	0.02603	0.0321
1.024	0.02505	0.03152
1.024	0.02246	0.03302
1.024	0.02306	0.03807
1.026	0.02402	0.03969
1.026	0.02302	0.03969
1.026	0.02378	0.04033
1.025	0.02527	0.03572
1.022	0.02605	0.02874
1.024	0.0262	0.02539
1.024	0.02571	0.0254
1.019	0.02452	0.02933
1.019	0.02289	0.03296
1.024	0.02255	0.03199
1.027	0.02164	0.03099
1.026	0.02181	0.03036
1.027	0.02499	0.03076
1.026	0.02535	0.03584
1.024	0.02382	0.03834
1.026	0.02407	0.0364
1.024	0.02524	0.03589
1.023	0.02597	0.03416
1.023	0.02614	0.03203
1.021	0.02776	0.03302
1.023	0.02698	0.03479
1.026	0.02267	0.03435
1.026	0.02108	0.03024
1.024	0.02175	0.02871
1.023	0.02214	0.03283
1.024	0.0229	0.03514
1.023	0.02404	0.03475
1.022	0.02486	0.03187
1.023	0.0255	0.02716
1.025	0.02582	0.0275
1.025	0.02528	0.03103
1.025	0.02573	0.03499
1.027	0.02593	0.03757
1.028	0.02513	0.03415
1.025	0.02629	0.03192
1.024	0.02558	0.03379
1.022	0.02109	0.03611
1.022	0.01992	0.03769
1.024	0.02309	0.03382
1.025	0.0246	0.03152
1.025	0.02428	0.03312
1.023	0.02421	0.031
1.023	0.02329	0.03084
1.023	0.02301	0.0309
1.023	0.02385	0.03024
1.022	0.02521	0.03567
1.024	0.0279	0.03762
1.027	0.02509	0.02884
1.027	0.02413	0.02611
1.025	0.02924	0.03354
1.024	0.02983	0.03549
1.024	0.02434	0.037
1.024	0.02312	0.03864
1.023	0.02202	0.03415
1.023	0.01765	0.03131
1.023	0.01704	0.03035
1.025	0.02149	0.02877
1.025	0.02763	0.02954
1.024	0.02955	0.0303
1.025	0.02649	0.03104
1.024	0.02534	0.0325
1.024	0.02465	0.03189
1.024	0.02235	0.03332
1.024	0.0232	0.0383
1.026	0.02435	0.03983
1.026	0.02348	0.03974
1.026	0.02432	0.04031
1.024	0.02581	0.03564
1.022	0.02655	0.02861
1.024	0.02662	0.02524
1.024	0.02602	0.02524
1.019	0.02471	0.02917
1.019	0.02296	0.03283
1.025	0.02253	0.03189
1.027	0.02153	0.03092
1.026	0.02164	0.03032
1.027	0.02479	0.03075
1.026	0.02514	0.03585
1.024	0.02361	0.03838
1.026	0.02389	0.03645
1.024	0.0251	0.03595
1.023	0.02588	0.03422
1.023	0.02608	0.03209
1.021	0.02775	0.03307
1.023	0.02701	0.03483
1.026	0.02272	0.03437
1.026	0.02115	0.03025
1.024	0.02182	0.02871
1.023	0.02221	0.03282
1.024	0.02297	0.03513
1.023	0.02409	0.03473
1.022	0.0249	0.03185
1.023	0.02553	0.02714
1.025	0.02583	0.02749
1.025	0.02528	0.03101
1.025	0.02571	0.03499
1.027	0.02591	0.03756
1.028	0.02511	0.03415
1.025	0.02626	0.03192
1.024	0.02555	0.03379
1.022	0.02107	0.03612
1.022	0.0199	0.03769
1.024	0.02308	0.03383
1.025	0.02459	0.03153
1.025	0.02428	0.03312
1.023	0.02421	0.031
1.023	0.0233	0.03084
1.023	0.02302	0.0309
1.023	0.02386	0.03024
1.024	0.02587	0.03528
1.024	0.02809	0.0362
1.024	0.02671	0.03175
1.025	0.02547	0.03132
1.025	0.02535	0.03221
1.024	0.02374	0.03135
1.024	0.02356	0.03092
1.025	0.02316	0.03343
1.026	0.02383	0.03761
1.025	0.02617	0.03784
1.024	0.02508	0.0329
1.024	0.02212	0.02714
1.026	0.01994	0.02419
1.025	0.02116	0.02947
1.021	0.02459	0.04
1.02	0.02623	0.04088
1.024	0.02646	0.03532
1.025	0.02439	0.03478
1.024	0.02387	0.03479
1.026	0.02673	0.03211
1.025	0.02638	0.02913
1.025	0.02292	0.02883
1.026	0.02172	0.0312
1.025	0.02491	0.03278
1.024	0.02846	0.03398
1.023	0.02806	0.03376
1.023	0.02444	0.03115
1.023	0.0213	0.03054
1.023	0.02173	0.03226
1.023	0.02265	0.03123
1.023	0.02345	0.03144
1.025	0.02545	0.03723
1.027	0.02468	0.03854
1.026	0.02196	0.03438
1.026	0.02144	0.03391
1.025	0.02383	0.03453
1.024	0.02576	0.03357
1.023	0.02512	0.03281
1.023	0.02569	0.03113
1.024	0.02602	0.03014
1.024	0.02483	0.03004
1.023	0.02606	0.02917
1.022	0.02682	0.03108
1.023	0.02585	0.0351
1.025	0.02541	0.03716
1.025	0.02343	0.03697
1.024	0.02199	0.03359
1.024	0.02246	0.03039
1.026	0.02234	0.02828
1.027	0.02398	0.02682
1.025	0.02627	0.03303
1.024	0.02519	0.03862
1.023	0.0228	0.03669
1.024	0.022	0.03718
1.026	0.0235	0.03448
1.025	0.02467	0.02979
1.022	0.0242	0.0329
1.021	0.02413	0.03227
1.023	0.02412	0.02907
1.024	0.0254	0.02983
1.024	0.02627	0.02937
1.026	0.02432	0.03237
1.026	0.02402	0.03524
1.024	0.02451	0.03575
1.023	0.02536	0.03838
1.024	0.02688	0.03849
1.024	0.02524	0.03301
1.024	0.02405	0.03154
1.024	0.02416	0.03155
1.024	0.0229	0.03003
1.024	0.0231	0.02921
1.025	0.02305	0.03159
1.025	0.02402	0.03586
1.025	0.02658	0.03635
1.024	0.02563	0.03178
1.024	0.02272	0.02645
1.026	0.02053	0.02392
1.026	0.02167	0.02958
1.021	0.02499	0.04042
1.02	0.0265	0.04152
1.024	0.0266	0.03609
1.025	0.0244	0.03558
1.024	0.02377	0.03555
1.026	0.02655	0.03276
1.025	0.02616	0.02962
1.025	0.02268	0.02916
1.026	0.02148	0.03135
1.025	0.0247	0.03277
1.024	0.02829	0.03384
1.023	0.02794	0.03353
1.023	0.02437	0.03086
1.023	0.02128	0.03022
1.023	0.02175	0.03195
1.023	0.02271	0.03095
1.023	0.02353	0.03122
1.025	0.02554	0.03707
1.027	0.02477	0.03844
1.026	0.02205	0.03435
1.026	0.02151	0.03393
1.025	0.02389	0.03459
1.024	0.0258	0.03367
1.023	0.02514	0.03293
1.023	0.02569	0.03124
1.024	0.02601	0.03025
1.024	0.0248	0.03013
1.023	0.02603	0.02924
1.022	0.02679	0.03112
1.023	0.02582	0.03512
1.025	0.02538	0.03716
1.025	0.02341	0.03695
1.024	0.02197	0.03356
1.024	0.02245	0.03036
1.026	0.02234	0.02824
1.027	0.02398	0.02677
1.025	0.02628	0.03299
1.024	0.0252	0.03859
1.023	0.02281	0.03666
1.024	0.02201	0.03717
1.026	0.02351	0.03448
1.025	0.02468	0.02979
1.022	0.02421	0.03291
1.021	0.02413	0.03228
1.023	0.02413	0.02909
1.024	0.0254	0.02984
1.024	0.02627	0.02939
1.026	0.02432	0.03239
1.026	0.02401	0.03525
1.024	0.0245	0.03575
1.023	0.02507	0.03874
1.023	0.02732	0.03713
1.023	0.02543	0.03353
1.024	0.0218	0.0313
1.025	0.02296	0.02952
1.025	0.02491	0.03286
1.025	0.02541	0.03371
1.025	0.02585	0.03069
1.025	0.02651	0.03105
1.024	0.02548	0.03084
1.024	0.01931	0.03071
1.023	0.01634	0.03315
1.021	0.02228	0.03432
1.022	0.02557	0.0342
1.026	0.02643	0.03453
1.027	0.0296	0.0339
1.024	0.02709	0.03317
1.023	0.02311	0.03365
1.024	0.02319	0.03235
1.022	0.02277	0.03097
1.023	0.02404	0.03256
1.027	0.02565	0.0353
1.027	0.02468	0.03612
1.026	0.02471	0.03194
1.025	0.02391	0.02991
1.024	0.02309	0.03305
1.024	0.02574	0.03144
1.023	0.02632	0.02792
1.022	0.02438	0.02936
1.023	0.02494	0.03489
1.023	0.0262	0.03858
1.023	0.0258	0.0364
1.024	0.023	0.0363
1.024	0.02001	0.03494
1.024	0.021	0.02933
1.026	0.02359	0.0313
1.027	0.02512	0.0356
1.027	0.02516	0.03413
1.023	0.02391	0.03101
1.021	0.02409	0.03147
1.023	0.02399	0.03541
1.023	0.02293	0.03488
1.022	0.02407	0.02997
1.023	0.02602	0.02645
1.026	0.02697	0.02927
1.028	0.02643	0.03414
1.026	0.02547	0.03238
1.025	0.02515	0.03028
1.026	0.02357	0.03073
1.024	0.02364	0.03458
1.023	0.02699	0.03728
1.023	0.02685	0.03139
1.022	0.02238	0.03196
1.022	0.02029	0.0394
1.022	0.02087	0.04195
1.023	0.0222	0.04064
1.026	0.02571	0.0346
1.026	0.02692	0.03047
1.024	0.02479	0.03066
1.023	0.02476	0.0283
1.026	0.02415	0.02326
1.026	0.02237	0.02312
1.024	0.02365	0.03115
1.024	0.02638	0.03474
1.023	0.02285	0.03716
1.023	0.02635	0.03618
1.023	0.02535	0.03365
1.023	0.02231	0.03252
1.024	0.0238	0.03164
1.025	0.02587	0.03555
1.025	0.02634	0.03659
1.025	0.02664	0.03342
1.025	0.0271	0.03335
1.025	0.02583	0.03254
1.024	0.01944	0.03171
1.024	0.01627	0.03344
1.021	0.02206	0.03398
1.022	0.02524	0.03335
1.026	0.02605	0.03332
1.027	0.02921	0.03251
1.024	0.02672	0.03174
1.023	0.02281	0.03232
1.024	0.02296	0.03123
1.022	0.02263	0.03012
1.023	0.02398	0.03202
1.027	0.02566	0.03506
1.027	0.02475	0.03616
1.026	0.02483	0.0322
1.025	0.02405	0.03034
1.024	0.02324	0.03358
1.024	0.02588	0.03202
1.023	0.02645	0.02847
1.022	0.02447	0.02985
1.023	0.02501	0.03528
1.023	0.02623	0.03886
1.023	0.02581	0.03656
1.024	0.02298	0.03635
1.024	0.01997	0.03489
1.024	0.02095	0.0292
1.026	0.02354	0.03113
1.027	0.02506	0.0354
1.027	0.02511	0.03393
1.023	0.02387	0.03082
1.021	0.02406	0.03131
1.023	0.02397	0.03529
1.023	0.02292	0.0348
1.022	0.02408	0.02993
1.023	0.02603	0.02645
1.026	0.02699	0.0293
1.028	0.02645	0.0342
1.026	0.02549	0.03245
1.025	0.02517	0.03036
1.026	0.02359	0.0308
1.024	0.02365	0.03465
1.023	0.02699	0.03733
1.023	0.02686	0.03143
1.022	0.02238	0.03198
1.022	0.02029	0.03941
1.022	0.02086	0.04195
1.023	0.0222	0.04062
1.026	0.0257	0.03457
1.026	0.02691	0.03044
1.024	0.02478	0.03063
1.023	0.02476	0.02828
1.026	0.02415	0.02323
1.026	0.02236	0.0231
1.024	0.02365	0.03114
1.024	0.02638	0.03473
1.024	0.02761	0.03374
1.024	0.02497	0.03597
1.023	0.02173	0.03601
1.022	0.0221	0.03613
1.024	0.02217	0.03761
1.025	0.02266	0.03533
1.026	0.02584	0.03176
1.023	0.02727	0.03102
1.02	0.02706	0.03277
1.022	0.02698	0.03213
1.027	0.02477	0.02887
1.028	0.02231	0.02788
1.026	0.02309	0.03077
1.025	0.02498	0.03534
1.028	0.02552	0.03821
1.027	0.02379	0.03836
1.022	0.02069	0.03545
1.02	0.01951	0.03348
1.021	0.0224	0.03378
1.023	0.03033	0.03076
1.024	0.03265	0.02934
1.024	0.02379	0.03104
1.023	0.0209	0.03031
1.023	0.02298	0.03122
1.025	0.02076	0.03282
1.025	0.02406	0.0336
1.026	0.02689	0.03415
1.023	0.02328	0.02999
1.022	0.02268	0.02915
1.026	0.02262	0.03555
1.026	0.02367	0.03669
1.024	0.02719	0.03392
1.024	0.02683	0.03584
1.024	0.02621	0.03778
1.025	0.02642	0.03677
1.025	0.02529	0.03588
1.025	0.02586	0.0333
1.024	0.02487	0.02745
1.023	0.02083	0.02337
1.021	0.01991	0.0264
1.022	0.0232	0.03235
1.028	0.02452	0.03367
1.029	0.02369	0.03018
1.023	0.02515	0.02944
1.02	0.02571	0.0363
1.023	0.02436	0.03951
1.024	0.02343	0.03722
1.025	0.02304	0.03968
1.026	0.0247	0.03874
1.022	0.02639	0.03273
1.023	0.02752	0.02956
1.024	0.02682	0.02828
1.024	0.02286	0.0295
1.023	0.02191	0.03001
1.023	0.02294	0.02912
1.024	0.02365	0.02926
1.026	0.02494	0.03116
1.026	0.02306	0.03692
1.027	0.02259	0.03911
1.026	0.02495	0.03707
1.023	0.02483	0.03681
1.023	0.02495	0.03443
1.024	0.02555	0.03082
1.025	0.02519	0.02894
1.048	0.0003294	0.1075
1.019	0.02344	0.02231
0.9993	0.04304	-0.007798
1.014	0.03661	-0.008553
1.011	0.03016	-0.001575
1.026	0.0283	0.001762
1.047	0.02023	0.004173
1.018	0.03484	0.02864
1.014	0.0409	0.06347
1.029	0.02665	0.07726
1.028	0.01254	0.07077
1.045	-0.001241	0.06716
1.043	0.01026	0.06499
1.027	0.02039	0.05293
1.021	0.01886	0.04104
1.011	0.02472	0.02858
1.008	0.01604	0.02015
1.005	0.01788	0.01738
1.018	0.02358	0.009316
1.043	0.01689	0.007189
1.041	0.02969	0.007292
1.03	0.03893	0.006872
1.02	0.04387	0.01633
1.013	0.04899	0.02907
1.011	0.0343	0.03879
1.012	0.02666	0.04071
1.023	0.02379	0.04465
1.028	0.0183	0.04916
1.029	0.02066	0.04631
1.036	0.01808	0.04885
1.036	0.0162	0.04303
1.035	0.01697	0.0296
1.032	0.01614	0.02678
1.024	0.01913	0.02708
1.014	0.02345	0.0341
1.005	0.02954	0.04248
1.013	0.02978	0.03903
1.029	0.02221	0.02713
1.036	0.02134	0.01669
1.035	0.02734	0.01739
1.028	0.02948	0.02424
1.015	0.02842	0.03854
1.009	0.03047	0.04994
1.018	0.02486	0.04332
1.023	0.01047	0.03661
1.02	0.008588	0.03045
1.025	0.014	0.0263
1.034	0.01829	0.03177
1.038	0.03056	0.03161
1.033	0.03744	0.03289
1.028	0.03561	0.03468
1.027	0.03658	0.03129
1.019	0.03081	0.03666
1.014	0.02626	0.04457
1.016	0.03353	0.04592
1.02	0.0352	0.02954
1.025	0.02423	0.007814
1.025	0.007441	0.01178
1.026	0.002704	0.02138
1.028	0.0151	0.02335
1.025	0.02006	0.02762
1.025	0.0199	0.02914
1.023	0.02615	0.04376
1.019	0.02826	0.06709
1.021	0.02833	0.06446
1.033	0.02646	0.04521
1.04	0.02324	0.03547
1.026	0.02819	0.03154
1.016	0.03164	0.02733
1.017	0.02974	0.02486
1.016	0.0288	0.02207
1.021	0.02457	0.02172
1.026	0.02181	0.02724
1.024	0.024	0.03258
1.022	0.02416	0.03499
1.02	0.02433	0.03367
1.029	0.02591	0.0294
1.033	0.021	0.02597
1.027	0.01204	0.02401
1.027	0.01288	0.02687
1.025	0.02145	0.02975
1.022	0.02648	0.03182
1.021	0.02908	0.04038
1.019	0.02875	0.04535
1.026	0.02505	0.04308
1.031	0.0217	0.03782
1.027	0.02077	0.03482
1.022	0.02907	0.04027
1.019	0.03638	0.04071
1.02	0.0317	0.03399
1.023	0.02919	0.02828
1.022	0.02617	0.02456
1.025	0.01919	0.02641
1.025	0.0208	0.02744
1.023	0.0257	0.0285
1.02	0.02892	0.03176
1.019	0.02716	0.03256
1.03	0.01912	0.03384
1.036	0.01599	0.03239
1.03	0.01604	0.03251
1.026	0.01519	0.03547
1.02	0.01716	0.0332
1.017	0.02127	0.03274
1.02	0.02575	0.03472
1.023	0.03079	0.03834
1.025	0.03453	0.04103
1.026	0.03257	0.03336
1.025	0.03098	0.02947
1.026	0.0304	0.03049
1.026	0.02453	0.02284
1.027	0.02304	0.02238
1.025	0.02334	0.0352
1.021	0.01856	0.0458
1.021	0.0187	0.04734
1.022	0.01956	0.03789
1.026	0.01605	0.02213
1.028	0.01762	0.0151
1.024	0.02522	0.02439
1.02	0.03067	0.03694
1.021	0.03057	0.04099
1.024	0.03052	0.03989
1.027	0.03041	0.03728
1.027	0.02662	0.03519
1.025	0.02445	0.03479
1.025	0.02459	0.03349
1.026	0.02612	0.02881
1.026	0.02608	0.02349
1.024	0.01907	0.02024
1.004	0.02112	0.04082
1.027	0.01735	0.03429
1.041	0.01448	0.03391
1.031	0.02116	0.0364
1.022	0.02703	0.03611
1.022	0.02769	0.03549
1.02	0.02909	0.03292
1.024	0.02674	0.0316
1.026	0.02527	0.03533
1.023	0.02814	0.03846
1.02	0.02841	0.03853
1.018	0.02823	0.03498
1.026	0.02911	0.02881
1.031	0.02329	0.02388
1.025	0.01335	0.0209
1.025	0.01324	0.02323
1.024	0.02098	0.02601
1.022	0.02536	0.02835
1.021	0.02752	0.03745
1.02	0.02696	0.04313
1.027	0.02324	0.04165
1.033	0.02004	0.03717
1.028	0.01938	0.03487
1.024	0.02803	0.04089
1.02	0.03572	0.04175
1.021	0.03143	0.03527
1.023	0.02926	0.02965
1.023	0.02652	0.02588
1.025	0.01974	0.02756
1.025	0.02146	0.02836
1.023	0.02641	0.02914
1.019	0.02959	0.03211
1.019	0.02775	0.03264
1.03	0.01959	0.03369
1.036	0.01631	0.03206
1.029	0.01622	0.03207
1.026	0.01523	0.03497
1.02	0.01709	0.03269
1.017	0.02111	0.03228
1.02	0.02553	0.03434
1.023	0.03053	0.03806
1.025	0.03428	0.04085
1.026	0.03233	0.03329
1.025	0.03079	0.02949
1.026	0.03025	0.03058
1.027	0.02444	0.02298
1.027	0.02301	0.02255
1.025	0.02335	0.03539
1.021	0.0186	0.04598
1.021	0.01877	0.0475
1.022	0.01965	0.03802
1.025	0.01615	0.02221
1.028	0.01771	0.01515
1.023	0.02529	0.0244
1.02	0.03074	0.03691
1.021	0.03061	0.04094
1.024	0.03055	0.03983
1.027	0.03042	0.03721
1.027	0.02661	0.03512
1.025	0.02443	0.03472
1.025	0.02456	0.03344
1.026	0.02609	0.02877
1.026	0.02604	0.02346
1.024	0.01904	0.02023
1.017	0.0157	0.02657
1.013	0.01959	0.04956
1.024	0.02233	0.05898
1.037	0.02545	0.03861
1.035	0.02595	0.02499
1.027	0.02329	0.023
1.023	0.02363	0.01748
1.022	0.02357	0.01857
1.018	0.02398	0.02557
1.018	0.02829	0.03523
1.03	0.02966	0.04083
1.032	0.0257	0.04126
1.016	0.02334	0.05409
1.014	0.0242	0.05562
1.026	0.02451	0.02991
1.029	0.02549	0.01924
1.027	0.02635	0.02474
1.028	0.02504	0.02044
1.024	0.02482	0.0192
1.021	0.02467	0.02607
1.024	0.02223	0.03553
1.022	0.01929	0.04319
1.023	0.01891	0.04057
1.024	0.0214	0.0392
1.023	0.02316	0.03907
1.025	0.02582	0.03481
1.024	0.02854	0.03897
1.024	0.02737	0.03771
1.027	0.02738	0.0283
1.027	0.02806	0.0285
1.026	0.02559	0.02884
1.025	0.02246	0.02553
1.023	0.0208	0.0241
1.024	0.02418	0.02717
1.024	0.02715	0.03244
1.025	0.02494	0.03217
1.024	0.02492	0.03221
1.02	0.02418	0.03569
1.019	0.02158	0.04356
1.022	0.02243	0.04587
1.027	0.02213	0.02975
1.03	0.02094	0.02141
1.027	0.02181	0.02669
1.022	0.02284	0.02662
1.022	0.02464	0.0347
1.022	0.02703	0.04551
1.021	0.0287	0.04548
1.024	0.02867	0.04666
1.022	0.02763	0.04255
1.017	0.02616	0.0341
1.018	0.02414	0.03359
1.029	0.02317	0.03162
1.04	0.0244	0.02899
1.04	0.02882	0.02523
1.038	0.02834	0.01098
1.041	0.01696	-0.004021
1.029	0.01013	-0.005317
1.006	0.01343	0.009783
0.9987	0.01842	0.02876
1.006	0.02728	0.05201
1.012	0.037	0.07831
1.017	0.03946	0.08053
1.026	0.03291	0.06932
1.029	0.02522	0.0624
1.037	0.0123	0.02327
1.023	0.02032	0.03862
1.027	0.02459	0.04259
1.037	0.02762	0.01919
1.034	0.02716	0.004886
1.025	0.02321	0.004215
1.022	0.0223	0.001563
1.021	0.02128	0.006525
1.017	0.02111	0.01785
1.018	0.02524	0.03182
1.031	0.0268	0.04131
1.032	0.02332	0.04492
1.017	0.02163	0.06005
1.015	0.02323	0.06294
1.026	0.02429	0.03769
1.029	0.02593	0.02669
1.026	0.02731	0.03125
1.027	0.02636	0.02557
1.023	0.02632	0.02273
1.021	0.02619	0.02794
1.023	0.02362	0.03587
1.021	0.02046	0.04222
1.022	0.01978	0.03861
1.024	0.02194	0.03658
1.023	0.02338	0.03614
1.025	0.02575	0.03189
1.025	0.02824	0.03631
1.024	0.02689	0.0355
1.028	0.02681	0.02667
1.028	0.02746	0.02748
1.026	0.02501	0.02842
1.025	0.02196	0.02564
1.024	0.02039	0.02465
1.024	0.0239	0.02802
1.024	0.02699	0.03347
1.025	0.0249	0.03326
1.024	0.02498	0.03324
1.02	0.02432	0.03658
1.019	0.02177	0.04427
1.022	0.02265	0.04635
1.027	0.02234	0.03001
1.029	0.02114	0.02146
1.027	0.02198	0.02656
1.022	0.02297	0.02635
1.022	0.02472	0.03435
1.022	0.02707	0.04512
1.021	0.0287	0.04508
1.024	0.02863	0.0463
1.022	0.02757	0.04226
1.017	0.02609	0.03388
1.018	0.02406	0.03345
1.029	0.0231	0.03157
1.04	0.02433	0.02901
1.04	0.02877	0.02531
1.038	0.02831	0.0111
1.041	0.01694	-0.003882
1.029	0.01012	-0.005172
1.006	0.01344	0.009921
0.9987	0.01844	0.02888
1.006	0.0273	0.0521
1.012	0.03703	0.07837
1.017	0.03949	0.08056
1.026	0.03294	0.06933
1.029	0.02524	0.06238
1.03	0.02528	0.04889
1.033	0.02422	0.03661
1.033	0.01918	0.01892
1.034	0.01548	-0.001536
1.028	0.01319	-0.0006317
1.018	0.01658	0.00438
1.016	0.01842	0.007102
1.022	0.01933	0.0167
1.029	0.02782	0.023
1.03	0.03376	0.03452
1.028	0.03601	0.0491
1.028	0.0358	0.05374
1.024	0.03269	0.05475
1.02	0.03252	0.04966
1.019	0.02861	0.04422
1.013	0.02152	0.04859
1.013	0.02105	0.04796
1.021	0.02418	0.03382
1.025	0.02185	0.01762
1.026	0.01442	0.01316
1.034	0.009137	0.01627
1.038	0.004084	0.01154
1.039	-5.614e-05	0.0001721
1.036	0.007128	0.006278
1.014	0.02475	0.04516
1.001	0.03778	0.06664
1.016	0.04729	0.05263
1.021	0.05863	0.05777
1.019	0.05456	0.05962
1.024	0.04897	0.04932
1.023	0.04789	0.05037
1.032	0.02197	0.02081
1.037	0.002979	0.002946
1.024	0.002356	0.01917
1.022	-0.008123	0.01119
1.024	-0.007158	0.01141
1.023	-0.001015	0.02417
1.03	0.002501	0.03054
1.031	0.02066	0.04195
1.032	0.0406	0.03351
1.027	0.05504	0.02985
1.01	0.05668	0.042
1.006	0.05115	0.04277
1.02	0.04667	0.04567
1.028	0.02927	0.04248
1.027	0.01155	0.0357
1.026	-8.419e-05	0.03727
1.024	-0.006348	0.03193
1.023	0.004248	0.02892
1.026	0.02123	0.02821
1.024	0.03503	0.02653
1.024	0.03979	0.03692
1.022	0.03726	0.04561
1.019	0.03623	0.04333
1.027	0.03228	0.03625
1.034	0.02939	0.02413
1.034	0.02702	0.01645
1.028	0.0183	0.01827
1.02	0.01007	0.02163
1.018	0.008059	0.02836
1.018	0.01052	0.03616
1.018	0.01275	0.03858
1.024	0.01931	0.03992
1.026	0.02618	0.03753
1.028	0.03476	0.007252
1.029	0.04089	0.04125
1.028	0.03732	0.04921
1.029	0.03143	0.03927
1.023	0.02492	0.04026
1.014	0.02333	0.03879
1.014	0.02033	0.03158
1.02	0.01714	0.03014
1.029	0.02258	0.02603
1.031	0.02667	0.02887
1.029	0.0282	0.03712
1.03	0.02827	0.03796
1.027	0.02618	0.03761
1.023	0.02756	0.03321
1.021	0.02544	0.03006
1.015	0.02016	0.03777
1.014	0.02134	0.04099
1.021	0.02583	0.03074
1.025	0.02447	0.01807
1.026	0.01761	0.01652
1.033	0.01251	0.02172
1.037	0.00729	0.01824
1.038	0.002719	0.007275
1.035	0.00929	0.01306
1.013	0.02621	0.05106
1.001	0.03852	0.07127
1.016	0.04735	0.05576
1.021	0.05813	0.05939
1.019	0.05363	0.05982
1.024	0.04778	0.04832
1.023	0.04657	0.04847
1.032	0.02067	0.01832
1.037	0.001809	0.0001997
1.024	0.001396	0.01644
1.023	-0.008824	0.00873
1.024	-0.007583	0.009387
1.023	-0.001174	0.02268
1.03	0.002576	0.02963
1.031	0.02092	0.0416
1.032	0.04099	0.03365
1.027	0.0555	0.03038
1.01	0.05717	0.04281
1.006	0.0516	0.04374
1.02	0.04706	0.04668
1.028	0.02957	0.04344
1.027	0.01175	0.03652
1.026	2.094e-05	0.03791
1.024	-0.006335	0.03237
1.023	0.004184	0.02915
1.026	0.02111	0.02824
1.024	0.03487	0.0264
1.024	0.03961	0.03666
1.022	0.03709	0.04528
1.019	0.03608	0.04296
1.027	0.03216	0.03588
1.034	0.0293	0.0238
1.034	0.02696	0.01618
1.028	0.01828	0.01807
1.02	0.01009	0.02151
1.018	0.008094	0.02831
1.018	0.01058	0.03618
1.017	0.01281	0.03865
1.024	0.01938	0.04003
1.026	0.02624	0.03766
1.024	0.02282	0.03665
1.028	0.02841	0.03635
1.031	0.0441	0.02424
1.031	0.04466	0.01987
1.03	0.04046	0.02954
1.02	0.04375	0.03813
1.013	0.04058	0.04372
1.018	0.02788	0.04194
1.021	0.01025	0.04151
1.023	-0.005958	0.03927
1.024	-0.00728	0.03345
1.021	0.002491	0.04028
1.026	0.01207	0.04126
1.034	0.02184	0.03107
1.039	0.02776	0.01921
1.032	0.03111	0.007858
1.014	0.03815	0.01622
1.01	0.04238	0.02909
1.021	0.03964	0.02927
1.029	0.03367	0.02778
1.029	0.02736	0.03341
1.022	0.02155	0.04868
1.013	0.01878	0.05238
1.013	0.02448	0.05364
1.018	0.03463	0.06386
1.028	0.036	0.05231
1.045	0.02412	0.02463
1.046	0.01019	0.00274
1.031	0.005586	-0.003037
1.019	0.007217	0.003117
1.016	0.01222	0.01008
1.016	0.02133	0.0279
1.016	0.02473	0.04151
1.018	0.0257	0.04784
1.021	0.03496	0.05748
1.029	0.03975	0.0545
1.033	0.03636	0.05253
1.028	0.03303	0.04691
1.026	0.02902	0.0282
1.024	0.02583	0.02414
1.019	0.01857	0.01995
1.02	0.01169	0.008839
1.019	0.01339	0.01735
1.019	0.01606	0.03962
1.022	0.02563	0.05268
1.026	0.03436	0.04545
1.03	0.02859	0.035
1.028	0.02607	0.032
1.027	0.02488	0.02945
1.025	0.01984	0.03112
1.025	0.0216	0.02617
1.029	0.02248	0.00602
1.03	0.02293	-0.008634
1.028	0.02451	0.009276
1.019	0.02271	0.05284
1.014	0.02465	0.07569
1.02	0.02899	0.06912
1.022	0.03066	0.06297
1.022	0.02916	0.05763
1.023	0.02791	0.04571
1.019	0.02895	0.03127
1.021	0.02591	0.01422
1.028	0.0198	0.004797
1.032	0.01694	0.006059
1.025	0.01162	0.03932
1.029	0.01181	0.02237
1.032	0.02723	0.005025
1.031	0.03071	0.002642
1.03	0.03106	0.0182
1.019	0.03937	0.03414
1.011	0.04085	0.04682
1.017	0.03193	0.05079
1.02	0.01693	0.05422
1.021	0.002121	0.05378
1.023	0.001072	0.04788
1.02	0.01018	0.05307
1.025	0.0184	0.05131
1.034	0.02639	0.03777
1.039	0.03037	0.02238
1.032	0.03183	0.007738
1.015	0.03722	0.01332
1.01	0.04016	0.02412
1.022	0.03655	0.02301
1.03	0.03013	0.02101
1.03	0.02378	0.02684
1.022	0.01826	0.04288
1.013	0.01604	0.04774
1.013	0.02243	0.0504
1.018	0.03336	0.06207
1.028	0.03548	0.0519
1.045	0.02428	0.02541
1.046	0.0109	0.00444
1.03	0.006693	-0.0007188
1.019	0.008553	0.005745
1.016	0.01363	0.01274
1.015	0.02268	0.03035
1.016	0.0259	0.04356
1.018	0.02663	0.04939
1.021	0.0356	0.05848
1.029	0.04009	0.05495
1.033	0.03644	0.05249
1.028	0.03287	0.04647
1.026	0.02868	0.02747
1.024	0.02538	0.02323
1.02	0.01806	0.01898
1.02	0.01118	0.007902
1.019	0.01293	0.01653
1.019	0.01567	0.03896
1.022	0.02534	0.05221
1.026	0.03418	0.04519
1.03	0.02851	0.03493
1.028	0.02608	0.03209
1.027	0.02497	0.02967
1.025	0.01998	0.03143
1.025	0.02177	0.02652
1.029	0.02267	0.006372
1.03	0.02311	-0.00831
1.028	0.02467	0.009549
1.019	0.02283	0.05304
1.014	0.02473	0.07582
1.02	0.02904	0.06918
1.022	0.03067	0.06297
1.022	0.02914	0.05757
1.023	0.02786	0.04561
1.019	0.02889	0.03115
1.021	0.02585	0.01409
1.028	0.01974	0.004672
1.032	0.01688	0.005949
1.033	0.01835	0.00786
1.03	0.01906	0.01551
1.026	0.01961	0.02427
1.024	0.0242	0.03053
1.022	0.02585	0.04184
1.02	0.02778	0.04605
1.018	0.03079	0.04683
1.019	0.02625	0.05129
1.022	0.02316	0.04539
1.024	0.02301	0.03183
1.027	0.02159	0.02602
1.026	0.02296	0.03268
1.027	0.02376	0.03435
1.026	0.02456	0.02895
1.024	0.0268	0.03097
1.023	0.02859	0.02813
1.023	0.02901	0.02709
1.025	0.02449	0.03806
1.026	0.02167	0.04025
1.022	0.02367	0.03606
1.022	0.02294	0.03543
1.023	0.02279	0.03181
1.024	0.02383	0.027
1.023	0.02305	0.0271
1.025	0.02441	0.0297
1.025	0.02444	0.03173
1.025	0.02322	0.03447
1.025	0.02405	0.03311
1.023	0.02348	0.03047
1.024	0.02389	0.03324
1.024	0.02546	0.0349
1.025	0.02657	0.03524
1.025	0.02706	0.03477
1.021	0.02553	0.03239
1.021	0.02631	0.03372
1.027	0.02681	0.03524
1.029	0.02468	0.03378
1.026	0.02264	0.03359
1.025	0.01964	0.03442
1.024	0.02067	0.03365
1.022	0.02241	0.03268
1.023	0.02006	0.03216
1.024	0.02046	0.03074
1.024	0.0232	0.03145
1.023	0.02721	0.0316
1.021	0.02975	0.0294
1.024	0.02839	0.03016
1.024	0.02872	0.03094
1.025	0.02762	0.03215
1.027	0.02473	0.03444
1.025	0.02516	0.03537
1.023	0.02566	0.0378
1.024	0.02497	0.037
1.023	0.0218	0.03441
1.023	0.01619	0.03445
1.023	0.01595	0.03329
1.024	0.02304	0.0327
1.025	0.02989	0.03134
1.025	0.03127	0.03107
1.025	0.02835	0.03257
1.027	0.02315	0.02838
1.027	0.02064	0.02536
1.024	0.02276	0.02864
1.023	0.0229	0.03428
1.024	0.023	0.04114
1.023	0.02292	0.03513
1.022	0.02255	0.03307
1.022	0.02618	0.03115
1.023	0.02689	0.03669
1.022	0.02797	0.0373
1.02	0.03029	0.0363
1.022	0.02523	0.04049
1.024	0.0218	0.03547
1.027	0.0215	0.02358
1.029	0.02009	0.01989
1.028	0.02161	0.02884
1.028	0.02265	0.03272
1.027	0.02375	0.02927
1.024	0.0263	0.03283
1.023	0.0284	0.03108
1.022	0.02909	0.03065
1.024	0.02479	0.04179
1.025	0.02212	0.04378
1.021	0.0242	0.03911
1.021	0.02349	0.0378
1.023	0.02332	0.0334
1.023	0.02428	0.02781
1.023	0.0234	0.02719
1.025	0.02465	0.0292
1.025	0.02456	0.03077
1.026	0.02324	0.03323
1.025	0.02398	0.03175
1.024	0.02334	0.02913
1.024	0.02371	0.03204
1.025	0.02526	0.03393
1.025	0.02637	0.03454
1.025	0.02688	0.03436
1.022	0.02539	0.03226
1.021	0.0262	0.03382
1.027	0.02674	0.03553
1.029	0.02466	0.0342
1.026	0.02265	0.03408
1.024	0.01968	0.03493
1.023	0.02073	0.03412
1.022	0.02248	0.03308
1.023	0.02014	0.03247
1.024	0.02053	0.03095
1.024	0.02326	0.03155
1.023	0.02726	0.0316
1.021	0.02978	0.02933
1.024	0.0284	0.03002
1.024	0.02872	0.03077
1.025	0.02761	0.03196
1.027	0.02471	0.03426
1.025	0.02514	0.03521
1.023	0.02563	0.03767
1.024	0.02494	0.0369
1.023	0.02178	0.03435
1.023	0.01617	0.03443
1.023	0.01593	0.0333
1.024	0.02304	0.03274
1.025	0.02989	0.03139
1.025	0.03128	0.03113
1.025	0.02836	0.03264
1.027	0.02316	0.02845
1.027	0.02065	0.02541
1.024	0.02277	0.02868
1.023	0.02291	0.03431
1.023	0.02313	0.03886
1.022	0.02542	0.03831
1.023	0.02412	0.03871
1.024	0.0227	0.03821
1.024	0.02312	0.03099
1.023	0.02481	0.02891
1.022	0.02802	0.03112
1.023	0.02778	0.02758
1.024	0.02665	0.02439
1.025	0.02624	0.02809
1.029	0.02369	0.03848
1.029	0.02125	0.04352
1.024	0.01986	0.03576
1.023	0.02219	0.03284
1.023	0.02523	0.0365
1.022	0.02461	0.03654
1.022	0.02644	0.0352
1.025	0.02789	0.02417
1.026	0.02597	0.01976
1.024	0.02527	0.03758
1.023	0.02327	0.04181
1.023	0.02173	0.03195
1.024	0.02269	0.03181
1.026	0.02317	0.02784
1.025	0.02409	0.02796
1.023	0.02388	0.04163
1.023	0.02409	0.04194
1.025	0.02514	0.02686
1.024	0.02267	0.02385
1.023	0.02233	0.03237
1.023	0.02554	0.03247
1.024	0.02615	0.03003
1.025	0.02578	0.03401
1.024	0.02512	0.03713
1.026	0.02385	0.03789
1.027	0.0244	0.03376
1.026	0.02538	0.02932
1.022	0.02586	0.0322
1.021	0.02654	0.03434
1.024	0.02595	0.03614
1.025	0.02473	0.03801
1.023	0.02461	0.03648
1.025	0.02307	0.03539
1.028	0.0195	0.03042
1.027	0.01879	0.02697
1.02	0.02065	0.02966
1.017	0.02238	0.02785
1.023	0.02638	0.02422
1.024	0.02962	0.02537
1.023	0.02835	0.0345
1.026	0.02635	0.04572
1.025	0.02484	0.0449
1.026	0.02439	0.0378
1.028	0.02407	0.0319
1.026	0.02216	0.02783
1.026	0.0227	0.02894
1.025	0.02482	0.03149
1.023	0.02508	0.0333
1.023	0.02523	0.03145
1.023	0.02639	0.02929
1.024	0.02592	0.03241
1.026	0.02344	0.03164
1.025	0.02323	0.03022
1.023	0.02293	0.03493
1.02	0.02353	0.04118
1.022	0.0245	0.03775
1.024	0.02257	0.03668
1.026	0.02103	0.03571
1.026	0.02166	0.02865
1.024	0.02375	0.02709
1.023	0.02745	0.02998
1.024	0.02769	0.02713
1.024	0.02697	0.02454
1.024	0.02687	0.02868
1.028	0.02451	0.03936
1.028	0.02214	0.04453
1.024	0.02072	0.03676
1.022	0.02294	0.03371
1.023	0.02581	0.03717
1.022	0.025	0.03698
1.022	0.02662	0.03539
1.025	0.02789	0.02414
1.026	0.02581	0.01954
1.024	0.02499	0.03724
1.024	0.02292	0.04138
1.024	0.02135	0.0315
1.025	0.02232	0.03138
1.026	0.02285	0.02747
1.025	0.02383	0.02768
1.023	0.02369	0.04144
1.023	0.02399	0.04185
1.025	0.02511	0.02686
1.024	0.02271	0.02392
1.023	0.02242	0.0325
1.023	0.02566	0.03264
1.024	0.02629	0.03021
1.025	0.02592	0.03419
1.024	0.02526	0.03729
1.026	0.02397	0.03802
1.027	0.02448	0.03386
1.025	0.02544	0.02938
1.022	0.02589	0.03222
1.021	0.02653	0.03433
1.024	0.02593	0.0361
1.025	0.02469	0.03796
1.023	0.02456	0.03641
1.025	0.02301	0.03532
1.028	0.01945	0.03036
1.027	0.01874	0.02692
1.02	0.02062	0.02962
1.017	0.02236	0.02782
1.023	0.02637	0.0242
1.024	0.02961	0.02537
1.023	0.02836	0.03451
1.026	0.02636	0.04574
1.025	0.02485	0.04493
1.026	0.0244	0.03783
1.028	0.02409	0.03192
1.026	0.02218	0.02785
1.026	0.02271	0.02895
1.025	0.02483	0.0315
1.023	0.02509	0.03331
1.023	0.02524	0.03145
1.023	0.02639	0.02928
1.024	0.02591	0.03241
1.026	0.02344	0.03164
1.025	0.02323	0.03021
1.023	0.02293	0.03493
1.021	0.0221	0.04066
1.023	0.02352	0.04113
1.024	0.02314	0.03082
1.023	0.02325	0.02651
1.025	0.02464	0.03377
1.025	0.02548	0.03297
1.025	0.02701	0.03057
1.024	0.02557	0.03291
1.023	0.02389	0.03268
1.024	0.02176	0.03355
1.026	0.02027	0.03382
1.025	0.02705	0.0343
1.025	0.0299	0.03771
1.025	0.02536	0.0375
1.027	0.02575	0.03348
1.027	0.02592	0.02797
1.024	0.02331	0.02444
1.021	0.02154	0.02421
1.02	0.0197	0.02484
1.021	0.02144	0.03118
1.021	0.02525	0.03859
1.023	0.02682	0.04323
1.025	0.02641	0.04521
1.027	0.02469	0.03433
1.029	0.02468	0.02779
1.025	0.02499	0.03524
1.023	0.02409	0.03276
1.025	0.02446	0.02831
1.023	0.02341	0.03144
1.023	0.02269	0.03251
1.024	0.02429	0.03524
1.023	0.02433	0.03481
1.024	0.02497	0.03251
1.025	0.02478	0.0332
1.025	0.02208	0.03043
1.026	0.02254	0.03008
1.022	0.02398	0.0314
1.019	0.02386	0.0306
1.023	0.02588	0.03229
1.027	0.02941	0.03378
1.029	0.03064	0.03459
1.027	0.02861	0.03418
1.027	0.02439	0.03349
1.027	0.02062	0.03456
1.022	0.02175	0.03453
1.019	0.02221	0.03471
1.02	0.01919	0.03265
1.02	0.02039	0.02821
1.022	0.02051	0.02875
1.025	0.02009	0.03472
1.025	0.0254	0.03997
1.026	0.02831	0.03745
1.029	0.0292	0.03176
1.029	0.03039	0.03083
1.025	0.0295	0.03075
1.023	0.02732	0.03038
1.023	0.02215	0.03155
1.022	0.01846	0.03249
1.023	0.02017	0.03234
1.026	0.02339	0.03169
1.026	0.0241	0.03178
1.025	0.02379	0.03189
1.022	0.02643	0.03296
1.017	0.02732	0.03666
1.022	0.0247	0.03325
1.025	0.02558	0.03906
1.026	0.02434	0.03168
1.025	0.02353	0.02864
1.027	0.0241	0.03608
1.026	0.02432	0.03484
1.026	0.02546	0.03171
1.024	0.02387	0.03326
1.022	0.02226	0.03234
1.024	0.02037	0.03269
1.025	0.01923	0.03267
1.024	0.02641	0.03305
1.024	0.02967	0.03654
1.024	0.02549	0.03654
1.027	0.02618	0.03281
1.027	0.02656	0.02762
1.023	0.02406	0.02441
1.021	0.02233	0.02445
1.02	0.02043	0.02529
1.021	0.02207	0.03177
1.022	0.02573	0.03924
1.023	0.02714	0.04387
1.026	0.02656	0.04577
1.028	0.02468	0.03478
1.029	0.02455	0.02811
1.026	0.02476	0.03542
1.023	0.02381	0.03281
1.025	0.02415	0.02824
1.023	0.02311	0.03127
1.022	0.02242	0.03228
1.024	0.02408	0.03497
1.023	0.02417	0.03455
1.024	0.02488	0.03227
1.025	0.02475	0.03299
1.025	0.0221	0.03027
1.026	0.02261	0.02998
1.022	0.02407	0.03135
1.019	0.02397	0.0306
1.023	0.026	0.03233
1.027	0.02952	0.03385
1.029	0.03073	0.03468
1.027	0.02868	0.03428
1.027	0.02443	0.03358
1.027	0.02064	0.03464
1.022	0.02175	0.0346
1.019	0.02219	0.03476
1.02	0.01916	0.03268
1.02	0.02035	0.02822
1.022	0.02047	0.02874
1.025	0.02005	0.0347
1.025	0.02537	0.03994
1.026	0.02828	0.03741
1.029	0.02918	0.03173
1.029	0.03038	0.03079
1.025	0.0295	0.03072
1.023	0.02733	0.03036
1.023	0.02216	0.03153
1.022	0.01847	0.03248
1.023	0.02019	0.03234
1.026	0.0234	0.03169
1.026	0.02411	0.03179
1.025	0.0238	0.0319
1.022	0.02644	0.03297
1.017	0.02732	0.03668
1.019	0.02571	0.0406
1.024	0.02544	0.03902
1.029	0.02452	0.02895
1.029	0.02448	0.02445
1.026	0.02412	0.03198
1.026	0.02158	0.03261
1.027	0.01951	0.02746
1.026	0.01988	0.02952
1.023	0.02549	0.03369
1.02	0.02874	0.03854
1.021	0.02571	0.04038
1.021	0.02627	0.03833
1.023	0.02694	0.03974
1.025	0.02461	0.03631
1.026	0.02468	0.02665
1.026	0.02443	0.02264
1.024	0.02459	0.02613
1.022	0.02375	0.03045
1.022	0.02071	0.03179
1.023	0.02168	0.03337
1.029	0.02283	0.03251
1.031	0.02262	0.03204
1.025	0.02403	0.03673
1.022	0.02516	0.03735
1.021	0.02775	0.03551
1.022	0.02795	0.03555
1.024	0.02424	0.03427
1.025	0.02279	0.03358
1.022	0.02352	0.03254
1.021	0.02549	0.03177
1.023	0.02582	0.03298
1.025	0.02429	0.03357
1.026	0.0249	0.03191
1.026	0.02462	0.02733
1.025	0.02498	0.02633
1.024	0.02671	0.03257
1.025	0.02485	0.03516
1.026	0.02263	0.03214
1.026	0.0214	0.03266
1.024	0.02205	0.03572
1.023	0.02501	0.03747
1.024	0.02384	0.03751
1.023	0.02266	0.03657
1.022	0.02497	0.03485
1.023	0.02427	0.03174
1.023	0.02372	0.03045
1.024	0.0247	0.03098
1.024	0.02217	0.03109
1.024	0.02158	0.02743
1.027	0.02587	0.02342
1.026	0.02822	0.02693
1.022	0.0279	0.029
1.021	0.02732	0.0321
1.026	0.02613	0.03862
1.028	0.02436	0.03848
1.026	0.02213	0.04423
1.026	0.02124	0.04995
1.024	0.02202	0.04505
1.023	0.02256	0.03937
1.023	0.02154	0.02812
1.022	0.02158	0.02209
1.022	0.0284	0.02435
1.021	0.03348	0.02119
1.021	0.02911	0.02165
1.024	0.02403	0.03429
1.026	0.02331	0.03545
1.029	0.02232	0.02795
1.028	0.02249	0.02565
1.025	0.02252	0.03484
1.025	0.02047	0.03656
1.025	0.0189	0.03193
1.025	0.01975	0.034
1.023	0.02576	0.03774
1.02	0.02931	0.04186
1.021	0.02647	0.04279
1.021	0.02711	0.03976
1.023	0.02776	0.04023
1.026	0.02534	0.03596
1.026	0.02526	0.02565
1.027	0.02483	0.02119
1.025	0.02481	0.02443
1.022	0.02379	0.02869
1.022	0.0206	0.03015
1.023	0.02145	0.03197
1.029	0.02252	0.03144
1.03	0.02228	0.03133
1.025	0.02369	0.03639
1.022	0.02485	0.03733
1.021	0.02749	0.03577
1.022	0.02776	0.03602
1.024	0.02412	0.03486
1.025	0.02274	0.03423
1.022	0.02353	0.03317
1.021	0.02556	0.03234
1.023	0.02592	0.03344
1.025	0.02441	0.0339
1.026	0.02502	0.0321
1.026	0.02474	0.02739
1.025	0.02509	0.02628
1.024	0.02679	0.03243
1.025	0.02491	0.03496
1.026	0.02266	0.03191
1.027	0.02141	0.03242
1.024	0.02204	0.0355
1.023	0.02498	0.03729
1.024	0.0238	0.03737
1.023	0.02261	0.03647
1.022	0.02492	0.0348
1.023	0.02423	0.03174
1.023	0.02368	0.03049
1.023	0.02467	0.03104
1.024	0.02215	0.03117
1.024	0.02158	0.02752
1.027	0.02587	0.02351
1.026	0.02823	0.02701
1.022	0.02791	0.02906
1.021	0.02734	0.03214
1.026	0.02615	0.03865
1.028	0.02438	0.03849
1.026	0.02215	0.04422
1.026	0.02125	0.04993
1.024	0.02203	0.04502
1.023	0.02256	0.03933
1.023	0.02154	0.02809
1.022	0.02158	0.02206
1.022	0.02839	0.02432
1.021	0.03347	0.02117
1.021	0.0291	0.02164
1.024	0.02515	0.02574
1.028	0.02285	0.03247
1.029	0.0215	0.03866
1.026	0.02272	0.03436
1.025	0.0224	0.03457
1.026	0.02356	0.03866
1.023	0.02167	0.03578
1.022	0.01704	0.0344
1.022	0.02025	0.0328
1.022	0.02504	0.03228
1.024	0.02666	0.03512
1.026	0.02574	0.03563
1.026	0.02532	0.03672
1.024	0.02967	0.03434
1.022	0.0302	0.02717
1.024	0.02785	0.02572
1.024	0.02759	0.03091
1.023	0.02555	0.03519
1.024	0.02304	0.0357
1.024	0.02046	0.03749
1.025	0.02028	0.03841
1.025	0.02226	0.03382
1.024	0.02201	0.02899
1.025	0.02288	0.02765
1.027	0.02368	0.03097
1.026	0.02376	0.0334
1.024	0.02541	0.03149
1.022	0.02506	0.03234
1.023	0.02494	0.0342
1.023	0.02627	0.03331
1.023	0.02551	0.03118
1.024	0.02421	0.02987
1.023	0.02376	0.03158
1.024	0.02439	0.03433
1.025	0.02511	0.03756
1.026	0.02496	0.03633
1.025	0.02469	0.02846
1.025	0.02462	0.02822
1.025	0.02544	0.03909
1.024	0.02528	0.04203
1.024	0.02341	0.03299
1.024	0.02245	0.03186
1.024	0.02198	0.03417
1.024	0.02162	0.02783
1.02	0.0228	0.02812
1.02	0.02407	0.03192
1.026	0.02434	0.0307
1.027	0.02509	0.03254
1.024	0.02562	0.03391
1.024	0.02622	0.0342
1.025	0.02698	0.03297
1.024	0.02613	0.03025
1.024	0.02607	0.03247
1.025	0.02579	0.03443
1.024	0.02381	0.03421
1.024	0.02342	0.03356
1.024	0.02327	0.03498
1.024	0.02266	0.04179
1.025	0.02235	0.0425
1.025	0.02264	0.03223
1.026	0.0252	0.02154
1.026	0.02614	0.02087
1.024	0.02383	0.02982
1.023	0.02322	0.03585
1.02	0.02301	0.02361
1.024	0.02441	0.03468
1.026	0.02503	0.04225
1.025	0.02692	0.03748
1.024	0.02639	0.03626
1.025	0.02679	0.0386
1.023	0.02386	0.03408
1.023	0.01812	0.03143
1.023	0.02032	0.02908
1.023	0.02428	0.02833
1.025	0.02531	0.0314
1.027	0.02405	0.03252
1.027	0.02353	0.03445
1.024	0.028	0.03303
1.022	0.02879	0.02681
1.024	0.02679	0.02621
1.024	0.02694	0.03207
1.022	0.0253	0.03682
1.023	0.02314	0.03758
1.024	0.02085	0.03941
1.025	0.02087	0.04019
1.024	0.02297	0.03532
1.023	0.02276	0.03012
1.024	0.02358	0.02838
1.026	0.02429	0.03129
1.026	0.02422	0.03335
1.024	0.02572	0.03114
1.022	0.02521	0.03176
1.023	0.02495	0.03349
1.023	0.02616	0.03255
1.023	0.02531	0.03045
1.024	0.02395	0.02923
1.023	0.02348	0.03106
1.024	0.02411	0.03396
1.025	0.02486	0.03735
1.026	0.02475	0.03627
1.025	0.02454	0.02852
1.025	0.02453	0.02839
1.025	0.02541	0.03933
1.024	0.0253	0.0423
1.024	0.02346	0.03326
1.024	0.02254	0.03212
1.024	0.02208	0.03439
1.024	0.02172	0.02799
1.02	0.0229	0.02823
1.02	0.02415	0.03197
1.026	0.0244	0.0307
1.027	0.02513	0.03249
1.024	0.02564	0.03383
1.024	0.02622	0.03411
1.025	0.02696	0.03287
1.024	0.0261	0.03016
1.024	0.02603	0.03239
1.025	0.02575	0.03437
1.024	0.02377	0.03416
1.024	0.02338	0.03353
1.024	0.02324	0.03497
1.024	0.02264	0.0418
1.025	0.02234	0.04252
1.025	0.02264	0.03226
1.026	0.0252	0.02157
1.026	0.02615	0.02091
1.024	0.02384	0.02985
1.023	0.02323	0.03588
1.022	0.02425	0.03581
1.023	0.02417	0.03249
1.024	0.02392	0.02836
1.024	0.02415	0.03066
1.024	0.02488	0.03753
1.023	0.02623	0.0402
1.023	0.02628	0.0363
1.025	0.02442	0.03265
1.025	0.02309	0.03267
1.025	0.02265	0.03194
1.026	0.02261	0.03249
1.027	0.02533	0.03348
1.025	0.02774	0.03157
1.023	0.02546	0.03105
1.023	0.02367	0.03064
1.023	0.02369	0.02838
1.024	0.02327	0.03013
1.025	0.0235	0.03768
1.023	0.02282	0.04102
1.023	0.02346	0.03523
1.024	0.02497	0.03027
1.022	0.02433	0.03043
1.022	0.02494	0.0348
1.025	0.02506	0.03677
1.027	0.02403	0.02943
1.027	0.02553	0.02767
1.026	0.02756	0.03332
1.024	0.02646	0.03347
1.023	0.02262	0.03238
1.024	0.02209	0.02832
1.024	0.02406	0.02664
1.023	0.02321	0.03615
1.024	0.0221	0.03988
1.024	0.02046	0.03811
1.024	0.0202	0.03877
1.023	0.02546	0.02999
1.023	0.02996	0.0251
1.024	0.02963	0.03376
1.024	0.02779	0.03485
1.024	0.0266	0.03352
1.024	0.02525	0.03914
1.024	0.02365	0.03695
1.024	0.02312	0.02956
1.025	0.02274	0.0262
1.025	0.02272	0.0258
1.024	0.02321	0.02723
1.024	0.02293	0.03152
1.026	0.02197	0.03935
1.026	0.02138	0.03926
1.023	0.0224	0.03372
1.022	0.02305	0.03365
1.024	0.02343	0.03183
1.024	0.02465	0.0319
1.024	0.02502	0.03465
1.023	0.02679	0.03545
1.019	0.02865	0.03704
1.02	0.02787	0.0309
1.028	0.02709	0.02404
1.032	0.02674	0.02642
1.026	0.02635	0.03185
1.02	0.02515	0.03795
1.02	0.02356	0.03798
1.023	0.02302	0.0361
1.025	0.0221	0.03701
1.025	0.0172	0.04049
1.025	0.02005	0.03185
1.026	0.02196	0.02453
1.025	0.02371	0.02534
1.024	0.02546	0.03197
1.023	0.0274	0.03528
1.023	0.02772	0.03255
1.025	0.02589	0.0303
1.025	0.02442	0.03173
1.025	0.02373	0.03225
1.026	0.02339	0.0338
1.026	0.0258	0.03547
1.024	0.02792	0.03391
1.023	0.02539	0.03344
1.023	0.02342	0.03283
1.023	0.02331	0.0302
1.024	0.02283	0.03145
1.025	0.02306	0.03847
1.023	0.02241	0.04128
1.023	0.02311	0.03503
1.024	0.02472	0.0297
1.022	0.02418	0.02961
1.022	0.02487	0.03384
1.025	0.02508	0.03578
1.028	0.02412	0.02851
1.027	0.02566	0.02689
1.026	0.02771	0.03272
1.024	0.02662	0.03308
1.023	0.02277	0.03219
1.024	0.02222	0.02832
1.024	0.02416	0.0268
1.023	0.02328	0.03643
1.024	0.02213	0.04022
1.024	0.02046	0.03848
1.024	0.02017	0.03914
1.023	0.02542	0.03032
1.023	0.02991	0.02536
1.024	0.02957	0.03394
1.024	0.02772	0.03496
1.024	0.02655	0.03356
1.024	0.02521	0.03911
1.024	0.02362	0.03687
1.024	0.0231	0.02945
1.025	0.02273	0.02606
1.025	0.02273	0.02566
1.024	0.02323	0.0271
1.024	0.02295	0.03141
1.026	0.022	0.03927
1.026	0.02141	0.03921
1.023	0.02242	0.03369
1.022	0.02307	0.03365
1.024	0.02345	0.03185
1.024	0.02465	0.03194
1.024	0.02503	0.0347
1.023	0.02679	0.0355
1.019	0.02864	0.03709
1.02	0.02786	0.03094
1.028	0.02708	0.02408
1.032	0.02673	0.02644
1.026	0.02634	0.03186
1.02	0.02514	0.03795
1.02	0.02356	0.03798
1.023	0.02302	0.03609
1.025	0.0221	0.037
1.025	0.02032	0.03392
1.025	0.01955	0.03284
1.026	0.0211	0.03318
1.025	0.02177	0.03206
1.026	0.02225	0.03226
1.025	0.02556	0.02911
1.024	0.02676	0.02767
1.025	0.02709	0.02883
1.024	0.0284	0.02841
1.021	0.0274	0.03223
1.021	0.02678	0.03579
1.025	0.02541	0.03642
1.028	0.02327	0.03743
1.025	0.0235	0.0334
1.023	0.02354	0.02956
1.023	0.02364	0.0326
1.021	0.02405	0.03527
1.023	0.02356	0.03656
1.025	0.02288	0.03853
1.026	0.02234	0.03689
1.027	0.02335	0.03175
1.025	0.02418	0.02844
1.025	0.0245	0.02932
1.023	0.02554	0.03081
1.022	0.02477	0.03319
1.022	0.02454	0.03499
1.023	0.026	0.03042
1.024	0.02648	0.0293
1.025	0.0261	0.03432
1.028	0.02369	0.03427
1.028	0.02251	0.03206
1.022	0.02403	0.03001
1.021	0.02285	0.03025
1.024	0.02138	0.0351
1.024	0.02204	0.03722
1.02	0.02328	0.0378
1.02	0.02623	0.03579
1.024	0.02744	0.0296
1.026	0.02599	0.03009
1.026	0.02529	0.03454
1.027	0.02438	0.03434
1.028	0.02467	0.032
1.028	0.02563	0.03115
1.026	0.02393	0.03249
1.023	0.02334	0.03094
1.022	0.02474	0.02904
1.02	0.0258	0.03157
1.02	0.02595	0.03137
1.025	0.02322	0.03056
1.027	0.02182	0.03205
1.024	0.02258	0.03436
1.024	0.02114	0.04136
1.025	0.02214	0.04298
1.024	0.02485	0.03624
1.024	0.02602	0.03368
1.024	0.0275	0.03299
1.023	0.02533	0.03222
1.023	0.0236	0.03289
1.023	0.02589	0.03019
1.024	0.02537	0.02784
1.026	0.02502	0.02601
1.025	0.02438	0.02424
1.024	0.02015	0.03027
1.025	0.02082	0.03532
1.023	0.03286	0.04057
1.024	0.0261	0.03604
1.025	0.02347	0.0349
1.026	0.02139	0.03342
1.026	0.02026	0.03378
1.025	0.02282	0.03095
1.023	0.0239	0.02972
1.025	0.02452	0.0309
1.023	0.02637	0.03027
1.02	0.02602	0.0337
1.021	0.02606	0.03673
1.025	0.02529	0.03677
1.028	0.02362	0.03721
1.025	0.0242	0.03269
1.023	0.02444	0.02847
1.023	0.02461	0.03129
1.022	0.02497	0.03387
1.023	0.02435	0.0352
1.026	0.02348	0.03733
1.027	0.02273	0.03594
1.027	0.02353	0.03108
1.025	0.02417	0.02808
1.025	0.02433	0.02924
1.024	0.02525	0.03098
1.022	0.02441	0.03355
1.022	0.02416	0.03549
1.023	0.02564	0.03098
1.024	0.02617	0.02987
1.025	0.02585	0.03485
1.028	0.02351	0.03472
1.028	0.02242	0.0324
1.022	0.02401	0.03024
1.021	0.0229	0.03036
1.024	0.02148	0.0351
1.024	0.02217	0.03714
1.02	0.02343	0.03765
1.02	0.02638	0.0356
1.024	0.02757	0.02939
1.026	0.02609	0.02989
1.026	0.02537	0.03436
1.027	0.02443	0.0342
1.028	0.02469	0.0319
1.028	0.02563	0.03109
1.026	0.0239	0.03247
1.023	0.02329	0.03095
1.022	0.02469	0.02909
1.02	0.02575	0.03163
1.02	0.0259	0.03144
1.025	0.02317	0.03064
1.027	0.02178	0.03212
1.024	0.02255	0.03442
1.024	0.02113	0.0414
1.025	0.02214	0.04301
1.024	0.02486	0.03625
1.024	0.02603	0.03368
1.024	0.02752	0.03298
1.023	0.02535	0.0322
1.023	0.02362	0.03286
1.023	0.02591	0.03017
1.024	0.02539	0.02781
1.026	0.02503	0.02598
1.025	0.02439	0.02422
1.024	0.02016	0.03026
1.025	0.02082	0.03531
1.025	0.02637	0.03525
1.024	0.0284	0.03843
1.024	0.0262	0.03767
1.025	0.02533	0.03368
1.025	0.02568	0.03232
1.025	0.02374	0.03244
1.025	0.02264	0.03475
1.025	0.02202	0.03288
1.023	0.02141	0.03254
1.02	0.02263	0.03562
1.022	0.02326	0.03161
1.023	0.02477	0.02827
1.024	0.02546	0.02741
1.026	0.02478	0.03005
1.026	0.0267	0.03763
1.026	0.02683	0.03848
1.024	0.02439	0.03684
1.023	0.0225	0.03377
1.025	0.02203	0.02909
1.026	0.0245	0.03251
1.026	0.02662	0.03675
1.026	0.0273	0.03583
1.021	0.02675	0.03099
1.019	0.02435	0.02737
1.024	0.02318	0.02987
1.025	0.02208	0.03155
1.023	0.02074	0.03559
1.025	0.02167	0.03776
1.027	0.02415	0.02837
1.026	0.02647	0.02611
1.024	0.02595	0.03336
1.022	0.02564	0.03404
1.022	0.02621	0.03491
1.023	0.02409	0.03699
1.024	0.02418	0.03475
1.027	0.02451	0.03499
1.026	0.02297	0.03524
1.024	0.0238	0.03309
1.024	0.02376	0.03301
1.024	0.02451	0.03122
1.024	0.02579	0.02973
1.023	0.02458	0.03078
1.024	0.02376	0.02907
1.024	0.02132	0.03001
1.023	0.02131	0.03523
1.023	0.02542	0.03594
1.024	0.02663	0.03401
1.025	0.02646	0.03513
1.025	0.0253	0.03734
1.024	0.02358	0.03705
1.026	0.02384	0.03251
1.026	0.02421	0.02695
1.025	0.02535	0.0271
1.025	0.02633	0.0309
1.024	0.02538	0.03382
1.023	0.02359	0.03521
1.022	0.02237	0.03181
1.022	0.02331	0.02892
1.022	0.02446	0.03029
1.021	0.02556	0.03171
1.023	0.02578	0.03697
1.027	0.02228	0.04033
1.028	0.02158	0.03602
1.027	0.02448	0.03508
1.029	0.017	0.02655
1.024	0.02583	0.03566
1.023	0.02759	0.0376
1.022	0.02862	0.03428
1.022	0.02944	0.03249
1.023	0.02707	0.03174
1.024	0.02505	0.03315
1.025	0.02333	0.03061
1.023	0.02165	0.02994
1.021	0.02198	0.03305
1.023	0.02197	0.0294
1.024	0.02311	0.02663
1.025	0.02369	0.02647
1.026	0.02312	0.02983
1.027	0.02532	0.03808
1.026	0.02582	0.03948
1.024	0.0238	0.03822
1.023	0.02232	0.03537
1.025	0.02222	0.03072
1.025	0.02498	0.03402
1.026	0.0273	0.03803
1.025	0.02808	0.0368
1.02	0.02754	0.03161
1.019	0.02508	0.02764
1.024	0.02379	0.02982
1.025	0.02253	0.03124
1.023	0.02102	0.03508
1.025	0.02178	0.03714
1.027	0.02411	0.02771
1.026	0.02631	0.02546
1.024	0.0257	0.03279
1.022	0.02534	0.03357
1.023	0.02589	0.03458
1.023	0.02378	0.0368
1.024	0.02391	0.03469
1.027	0.0243	0.03504
1.026	0.02282	0.03538
1.024	0.02372	0.03329
1.024	0.02374	0.03325
1.024	0.02455	0.03146
1.024	0.02586	0.02995
1.023	0.02468	0.03097
1.024	0.02388	0.02921
1.024	0.02143	0.03011
1.023	0.02142	0.03527
1.023	0.02551	0.03594
1.024	0.0267	0.03398
1.025	0.0265	0.03507
1.025	0.02531	0.03726
1.024	0.02358	0.03696
1.026	0.02382	0.03243
1.026	0.02417	0.02687
1.025	0.02531	0.02704
1.025	0.02628	0.03086
1.024	0.02534	0.03379
1.023	0.02355	0.0352
1.022	0.02234	0.03181
1.022	0.02329	0.02894
1.022	0.02445	0.03032
1.021	0.02556	0.03174
1.023	0.02578	0.037
1.027	0.02229	0.04036
1.028	0.02159	0.03604
1.027	0.02449	0.0351
1.026	0.0241	0.03569
1.025	0.02288	0.03192
1.023	0.02206	0.02879
1.023	0.02347	0.02926
1.025	0.0299	0.03709
1.024	0.03115	0.03979
1.024	0.02507	0.02733
1.023	0.02283	0.02437
1.021	0.02249	0.0318
1.021	0.0208	0.02965
1.023	0.02417	0.03074
1.023	0.02722	0.03811
1.024	0.0258	0.03762
1.026	0.02582	0.03243
1.027	0.02321	0.02993
1.026	0.0207	0.03089
1.024	0.02273	0.03188
1.024	0.02209	0.03496
1.027	0.02332	0.03871
1.028	0.02621	0.03645
1.023	0.02563	0.035
1.022	0.02584	0.03532
1.025	0.02338	0.03255
1.024	0.02189	0.02929
1.022	0.02537	0.02679
1.021	0.02628	0.0275
1.022	0.02625	0.0291
1.024	0.02579	0.03172
1.025	0.02446	0.03497
1.026	0.02429	0.03412
1.027	0.02195	0.036
1.026	0.02192	0.03567
1.025	0.02678	0.03084
1.024	0.02796	0.0352
1.023	0.02462	0.0416
1.023	0.0238	0.04086
1.023	0.02427	0.03519
1.023	0.02274	0.02927
1.023	0.02297	0.02893
1.023	0.02345	0.02962
1.024	0.02285	0.03094
1.026	0.02387	0.03105
1.026	0.02425	0.02369
1.026	0.02537	0.02135
1.024	0.02608	0.03032
1.023	0.0234	0.03823
1.024	0.02285	0.03852
1.024	0.02402	0.03242
1.025	0.02332	0.03154
1.025	0.02322	0.04325
1.022	0.02488	0.04684
1.02	0.0273	0.03674
1.023	0.0284	0.03328
1.025	0.02654	0.03104
1.026	0.02351	0.02565
1.026	0.02254	0.02876
1.027	0.02363	0.03393
1.029	0.02385	0.03444
1.027	0.02324	0.02868
1.022	0.02428	0.02251
1.019	0.02644	0.02675
1.021	0.02648	0.03338
1.022	0.02327	0.03766
1.022	0.02171	0.03841
1.024	0.0268	0.03826
1.026	0.02222	0.03331
1.025	0.01974	0.02991
1.026	0.02067	0.03056
1.028	0.02739	0.03867
1.027	0.02935	0.04158
1.026	0.02415	0.02916
1.024	0.02277	0.02605
1.021	0.02316	0.03316
1.021	0.02199	0.03057
1.022	0.02565	0.03116
1.022	0.02878	0.03804
1.023	0.02725	0.03711
1.025	0.02702	0.03159
1.026	0.02408	0.02886
1.025	0.0212	0.02972
1.024	0.02286	0.03073
1.024	0.02191	0.03393
1.027	0.02288	0.03786
1.028	0.02561	0.03583
1.024	0.02493	0.03464
1.023	0.02513	0.03519
1.025	0.02273	0.03264
1.024	0.02135	0.02955
1.022	0.02496	0.02717
1.022	0.02603	0.02795
1.022	0.02614	0.02958
1.024	0.02582	0.03217
1.025	0.02459	0.03535
1.026	0.0245	0.03443
1.027	0.02221	0.03621
1.026	0.0222	0.03578
1.025	0.02704	0.03086
1.023	0.02819	0.03515
1.023	0.0248	0.04149
1.023	0.02393	0.04071
1.023	0.02434	0.03502
1.023	0.02276	0.02911
1.023	0.02294	0.02878
1.023	0.02338	0.02949
1.024	0.02276	0.03085
1.026	0.02378	0.03099
1.027	0.02415	0.02366
1.026	0.02527	0.02136
1.024	0.02601	0.03035
1.023	0.02335	0.03827
1.024	0.02281	0.03858
1.024	0.024	0.03248
1.025	0.02332	0.0316
1.025	0.02324	0.0433
1.022	0.0249	0.04688
1.02	0.02733	0.03677
1.023	0.02844	0.03329
1.025	0.02658	0.03104
1.026	0.02354	0.02564
1.026	0.02256	0.02875
1.027	0.02364	0.03391
1.029	0.02386	0.03442
1.027	0.02324	0.02866
1.022	0.02427	0.02249
1.019	0.02643	0.02674
1.021	0.02646	0.03337
1.022	0.02326	0.03765
1.022	0.0217	0.0384
1.025	0.0236	0.03365
1.027	0.02353	0.03327
1.026	0.02311	0.03571
1.027	0.02468	0.03559
1.025	0.02496	0.03443
1.024	0.02532	0.03265
1.023	0.0246	0.03259
1.023	0.02301	0.0339
1.023	0.02368	0.03559
1.022	0.02373	0.03423
1.024	0.0238	0.03041
1.025	0.02452	0.0285
1.026	0.02554	0.02805
1.026	0.02698	0.03158
1.025	0.02576	0.03496
1.022	0.02534	0.03569
1.021	0.02563	0.0365
1.023	0.02434	0.03281
1.027	0.02455	0.02952
1.027	0.02299	0.03026
1.024	0.02102	0.03057
1.023	0.02271	0.03298
1.025	0.02613	0.03585
1.025	0.02749	0.03615
1.024	0.02256	0.03359
1.024	0.02023	0.02973
1.022	0.02379	0.03024
1.023	0.02381	0.0317
1.024	0.02481	0.03178
1.025	0.02754	0.03207
1.025	0.02604	0.03329
1.022	0.02243	0.04414
1.021	0.02097	0.04733
1.025	0.02548	0.02946
1.026	0.02723	0.02354
1.025	0.02349	0.02941
1.027	0.02507	0.02704
1.026	0.02747	0.03155
1.024	0.02652	0.03541
1.024	0.0244	0.02943
1.025	0.02228	0.03148
1.025	0.02367	0.0373
1.023	0.02334	0.03858
1.022	0.02204	0.03828
1.024	0.02357	0.0333
1.025	0.02401	0.0274
1.025	0.0246	0.02828
1.027	0.02337	0.03166
1.026	0.02152	0.03048
1.022	0.02219	0.03194
1.02	0.0232	0.03561
1.023	0.02726	0.03389
1.025	0.02732	0.03526
1.026	0.02432	0.036
1.024	0.0316	0.03234
1.016	0.03614	0.02977
1.016	0.03102	0.02614
1.03	0.02684	0.0314
1.037	0.01939	0.0393
1.033	0.01357	0.04054
1.028	0.01584	0.04448
1.022	0.01656	0.04135
1.019	0.01476	0.03178
1.016	0.01512	0.02415
