1.078	-0.04854	0.1138
1.079	-0.05896	0.1239
1.108	-0.07649	0.14
1.134	-0.08593	0.1356
1.154	-0.09734	0.1333
1.162	-0.09781	0.1332
1.18	-0.1271	0.1018
1.281	-0.2285	0.06061
1.353	-0.3524	0.04318
1.219	-0.4328	0.04933
1.004	-0.4797	0.06842
0.9116	-0.4713	0.08878
0.8506	-0.3631	0.0828
0.7488	-0.2341	0.05343
0.7472	-0.19	0.0225
0.8452	-0.2747	-0.01709
0.9448	-0.434	-0.0294
0.9934	-0.5581	-0.01223
0.9617	-0.5845	-0.0176
0.9386	-0.4536	-0.02129
0.9455	-0.2619	-0.02479
0.9685	-0.1491	-0.04107
1.023	-0.07693	-0.03391
1.002	-0.08174	-0.02554
0.944	-0.1368	-0.02276
0.9238	-0.1517	-0.006538
0.8883	-0.1857	0.004846
0.898	-0.1909	0.005818
0.9573	-0.1509	-0.008501
1.024	-0.1173	-0.02995
1.066	-0.05118	-0.03462
1.028	-0.01037	-0.01892
1.008	0.0005165	0.002964
0.9935	0.007968	0.01458
0.9489	-0.03207	0.02227
0.9694	-0.04727	0.02146
0.9933	-0.01228	0.01805
1.033	0.04173	0.05025
1.17	0.07161	0.09074
1.307	-0.04418	0.08427
1.375	-0.2206	0.02001
1.366	-0.316	-0.09155
1.344	-0.4139	-0.1915
1.316	-0.5053	-0.2095
1.136	-0.5098	-0.1438
0.8695	-0.4977	-0.05551
0.7697	-0.4286	-0.002098
0.8681	-0.2545	0.007273
0.9929	-0.1569	-0.02811
1.102	-0.1632	-0.0719
1.175	-0.1809	-0.06336
1.111	-0.233	-0.03816
1.008	-0.257	-0.0264
0.8721	-0.2273	0.01808
0.6819	-0.1957	0.08045
0.6594	-0.164	0.107
0.7138	-0.1545	0.09861
0.7459	-0.148	0.09676
0.8682	-0.1247	0.1067
0.9402	-0.1121	0.1097
0.9164	-0.1189	0.1237
0.9011	-0.112	0.1354
0.9032	-0.04392	0.1577
0.9014	0.02857	0.196
0.9249	0.0234	0.1525
1.021	-0.02364	0.0611
1.112	-0.06619	0.03753
1.289	-0.1642	0.06795
1.491	-0.2788	0.09122
1.336	-0.2398	0.06158
1.144	-0.1775	0.03547
1.33	-0.2491	0.05545
1.431	-0.32	0.05203
1.248	-0.4511	0.05072
1.008	-0.6015	0.08302
0.7104	-0.5012	0.09151
0.6711	-0.3268	0.04112
0.8998	-0.2566	-0.04506
0.9285	-0.2338	-0.06549
0.9281	-0.3574	-0.01963
0.9423	-0.4895	-0.0125
0.8419	-0.4571	-0.04286
0.8149	-0.3603	-0.06503
0.7518	-0.2411	-0.05718
0.7846	-0.1651	-0.04587
0.964	-0.1138	-0.05558
1.016	-0.05218	-0.04692
1.051	-0.05524	-0.02758
1.033	-0.03775	-0.005187
0.971	-0.02256	0.02116
0.9568	-0.04734	0.02546
0.8998	-0.03028	0.02838
0.9334	-0.04572	0.01814
0.9764	-0.06287	0.002243
0.9924	-0.0654	0.02166
1.089	-0.09217	0.0341
1.091	-0.006249	0.03542
1.074	0.171	0.06224
1.15	0.2563	0.1092
1.265	0.1014	0.1275
1.353	-0.1842	0.02896
1.266	-0.3561	-0.1248
1.148	-0.484	-0.1759
1.109	-0.5633	-0.1522
1.035	-0.5378	-0.1156
1.043	-0.5428	-0.05683
1.139	-0.4985	-0.05467
1.178	-0.3634	-0.08588
1.184	-0.2429	-0.06706
1.111	-0.1699	-0.06719
0.9605	-0.1525	-0.03928
0.8671	-0.1251	0.04086
0.7796	-0.1096	0.06428
0.6704	-0.08428	0.09935
0.6427	-0.02208	0.1399
0.699	-0.0319	0.1097
0.765	-0.03855	0.09067
0.8545	-0.05234	0.08553
1.004	-0.1106	0.08428
1.026	-0.104	0.1145
0.911	-0.08475	0.1422
0.8753	-0.03057	0.1696
0.8596	0.03537	0.1644
0.8872	0.01862	0.08962
1.014	-0.006501	0.008005
1.168	-0.1113	-0.01743
1.399	-0.3055	0.003868
1.502	-0.3765	0.006869
0.9249	0.0234	0.1525
1.021	-0.02364	0.0611
1.112	-0.06619	0.03753
1.289	-0.1642	0.06795
1.491	-0.2788	0.09122
1.336	-0.2398	0.06158
1.144	-0.1775	0.03547
1.33	-0.2491	0.05545
1.431	-0.32	0.05203
1.248	-0.4511	0.05072
1.008	-0.6015	0.08302
0.7104	-0.5012	0.09151
0.6711	-0.3268	0.04112
0.8998	-0.2566	-0.04506
0.9285	-0.2338	-0.06549
0.9281	-0.3574	-0.01963
0.9423	-0.4895	-0.0125
0.8419	-0.4571	-0.04286
0.8149	-0.3603	-0.06503
0.7518	-0.2411	-0.05718
0.7846	-0.1651	-0.04587
0.964	-0.1138	-0.05558
1.016	-0.05218	-0.04692
1.051	-0.05524	-0.02758
1.033	-0.03775	-0.005187
0.971	-0.02256	0.02116
0.9568	-0.04734	0.02546
0.8998	-0.03028	0.02838
0.9334	-0.04572	0.01814
0.9764	-0.06287	0.002243
0.9924	-0.0654	0.02166
1.089	-0.09217	0.0341
1.091	-0.006249	0.03542
1.074	0.171	0.06224
1.15	0.2563	0.1092
1.265	0.1014	0.1275
1.353	-0.1842	0.02896
1.266	-0.3561	-0.1248
1.148	-0.484	-0.1759
1.109	-0.5633	-0.1522
1.035	-0.5378	-0.1156
1.043	-0.5428	-0.05683
1.139	-0.4985	-0.05467
1.178	-0.3634	-0.08588
1.184	-0.2429	-0.06706
1.111	-0.1699	-0.06719
0.9605	-0.1525	-0.03928
0.8671	-0.1251	0.04086
0.7796	-0.1096	0.06428
0.6704	-0.08428	0.09935
0.6427	-0.02208	0.1399
0.699	-0.0319	0.1097
0.765	-0.03855	0.09067
0.8545	-0.05234	0.08553
1.004	-0.1106	0.08428
1.026	-0.104	0.1145
0.911	-0.08475	0.1422
0.8753	-0.03057	0.1696
0.8596	0.03537	0.1644
0.8872	0.01862	0.08962
1.014	-0.006501	0.008005
1.168	-0.1113	-0.01743
1.399	-0.3055	0.003868
1.502	-0.3765	0.006869
1.448	-0.3543	0.001612
1.607	-0.4289	0.01186
1.719	-0.5159	0.001592
1.274	-0.5119	0.03709
0.602	-0.4979	0.1163
0.423	-0.4025	0.1496
0.6977	-0.2308	0.1185
0.9384	-0.1879	-0.03337
1.159	-0.2957	-0.1706
1.277	-0.4207	-0.1139
1.064	-0.4562	-0.04261
0.8475	-0.3994	-0.05142
0.7772	-0.311	-0.0321
0.736	-0.2508	-0.03038
0.7993	-0.1954	-0.0587
0.8802	-0.1145	-0.05042
0.9393	-0.09702	-0.0536
0.9783	-0.09968	-0.03685
0.9227	-0.06112	0.02303
0.9007	-0.04968	0.01764
0.9023	-0.03201	0.00107
0.8978	-0.008987	0.007361
0.9556	-0.02102	-0.01002
0.9835	-0.03149	0.0178
1.025	-0.0535	0.05491
1.06	-0.07052	0.0518
0.999	0.005567	0.0557
0.9939	0.1118	0.082
1.108	0.08126	0.1042
1.264	-0.08385	0.0382
1.337	-0.3027	-0.1036
1.337	-0.489	-0.1928
1.386	-0.5682	-0.176
1.356	-0.6034	-0.1164
1.244	-0.5514	-0.06845
1.179	-0.385	-0.02009
1.086	-0.2647	-0.01415
1	-0.1859	-0.0281
0.9735	-0.1639	0.006237
0.928	-0.2188	0.02012
0.8554	-0.2119	0.02801
0.7569	-0.1731	0.06597
0.7078	-0.1375	0.08331
0.7722	-0.1204	0.09729
0.8564	-0.1584	0.1002
0.9035	-0.1602	0.09909
0.9052	-0.1487	0.1213
0.8452	-0.1121	0.1522
0.7752	-0.007473	0.1844
0.7641	0.04765	0.1682
0.7951	0.05588	0.1359
0.8301	0.06144	0.1232
0.9368	0.0043	0.06282
1.118	-0.1231	-0.02944
1.209	-0.2088	-0.0833
1.221	-0.2137	-0.0351
1.27	-0.2164	0.05533
1.288	-0.1985	0.07409
1.375	-0.1867	0.03713
1.636	-0.2432	-0.02027
1.683	-0.3902	-0.001856
1.241	-0.5966	0.07955
0.6674	-0.6081	0.1058
0.5157	-0.4157	0.1111
1.448	-0.3543	0.001612
1.607	-0.4289	0.01186
1.719	-0.5159	0.001592
1.274	-0.5119	0.03709
0.602	-0.4979	0.1163
0.423	-0.4025	0.1496
0.6977	-0.2308	0.1185
0.9384	-0.1879	-0.03337
1.159	-0.2957	-0.1706
1.277	-0.4207	-0.1139
1.064	-0.4562	-0.04261
0.8475	-0.3994	-0.05142
0.7772	-0.311	-0.0321
0.736	-0.2508	-0.03038
0.7993	-0.1954	-0.0587
0.8802	-0.1145	-0.05042
0.9393	-0.09702	-0.0536
0.9783	-0.09968	-0.03685
0.9227	-0.06112	0.02303
0.9007	-0.04968	0.01764
0.9023	-0.03201	0.00107
0.8978	-0.008987	0.007361
0.9556	-0.02102	-0.01002
0.9835	-0.03149	0.0178
1.025	-0.0535	0.05491
1.06	-0.07052	0.0518
0.999	0.005567	0.0557
0.9939	0.1118	0.082
1.108	0.08126	0.1042
1.264	-0.08385	0.0382
1.337	-0.3027	-0.1036
1.337	-0.489	-0.1928
1.386	-0.5682	-0.176
1.356	-0.6034	-0.1164
1.244	-0.5514	-0.06845
1.179	-0.385	-0.02009
1.086	-0.2647	-0.01415
1	-0.1859	-0.0281
0.9735	-0.1639	0.006237
0.928	-0.2188	0.02012
0.8554	-0.2119	0.02801
0.7569	-0.1731	0.06597
0.7078	-0.1375	0.08331
0.7722	-0.1204	0.09729
0.8564	-0.1584	0.1002
0.9035	-0.1602	0.09909
0.9052	-0.1487	0.1213
0.8452	-0.1121	0.1522
0.7752	-0.007473	0.1844
0.7641	0.04765	0.1682
0.7951	0.05588	0.1359
0.8301	0.06144	0.1232
0.9368	0.0043	0.06282
1.118	-0.1231	-0.02944
1.209	-0.2088	-0.0833
1.221	-0.2137	-0.0351
1.27	-0.2164	0.05533
1.288	-0.1985	0.07409
1.375	-0.1867	0.03713
1.636	-0.2432	-0.02027
1.683	-0.3902	-0.001856
1.241	-0.5966	0.07955
0.6674	-0.6081	0.1058
0.5157	-0.4157	0.1111
0.7481	-0.2596	0.04747
0.9125	-0.1942	-0.05593
1.06	-0.2852	-0.06788
1.168	-0.4189	-0.07128
0.9879	-0.421	-0.09221
0.8341	-0.3705	-0.07776
0.7955	-0.2692	-0.04352
0.74	-0.176	-0.02057
0.8186	-0.1568	-0.02363
0.913	-0.1142	-0.02111
0.9702	-0.09127	-0.02716
1.008	-0.0738	-0.03637
0.9653	-0.007023	-0.02997
0.9789	0.02274	-0.03055
0.9891	0.02878	-0.02089
0.9675	0.007674	-0.01188
0.9886	-0.05871	-0.01111
0.9681	-0.1	0.008782
0.9601	-0.1417	0.05036
0.9705	-0.1669	0.07606
0.9663	-0.04408	0.06429
0.9996	0.1795	0.07837
1.061	0.2556	0.1062
1.222	0.08619	0.07216
1.385	-0.1718	-0.02879
1.32	-0.3629	-0.1514
1.209	-0.4242	-0.1774
1.222	-0.4519	-0.1219
1.134	-0.5702	-0.1025
1.059	-0.5936	-0.05779
1.206	-0.4416	-0.02025
1.259	-0.2922	-0.0671
1.183	-0.1322	-0.06683
1.137	-0.05437	-0.02987
1.038	-0.1407	-0.01127
0.9367	-0.1952	0.03755
0.8124	-0.2224	0.05838
0.7007	-0.2199	0.07007
0.6888	-0.155	0.09612
0.697	-0.1574	0.09019
0.742	-0.1536	0.08387
0.7963	-0.1215	0.07104
0.8239	-0.1137	0.07197
0.8381	-0.06243	0.09992
0.8429	-0.01523	0.1146
0.8908	0.01844	0.1203
0.9375	0.03103	0.09138
1.012	-0.03713	0.03373
1.173	-0.1672	-0.01217
1.326	-0.3198	-0.008223
1.359	-0.3339	0.03774
1.284	-0.1997	0.03783
1.28	-0.1287	0.004598
1.379	-0.1541	-0.02025
1.501	-0.2829	-0.01589
1.493	-0.5089	0.0299
1.061	-0.6151	0.06156
0.5171	-0.4487	0.0851
0.5108	-0.2096	0.06145
0.8374	-0.1627	-0.02466
1.021	-0.2313	-0.06933
1.106	-0.323	-0.07274
1.042	-0.4182	-0.05959
0.8547	-0.3828	-0.06061
0.7481	-0.2596	0.04747
0.9125	-0.1942	-0.05593
1.06	-0.2852	-0.06788
1.168	-0.4189	-0.07128
0.9879	-0.421	-0.09221
0.8341	-0.3705	-0.07776
0.7955	-0.2692	-0.04352
0.74	-0.176	-0.02057
0.8186	-0.1568	-0.02363
0.913	-0.1142	-0.02111
0.9702	-0.09127	-0.02716
1.008	-0.0738	-0.03637
0.9653	-0.007023	-0.02997
0.9789	0.02274	-0.03055
0.9891	0.02878	-0.02089
0.9675	0.007674	-0.01188
0.9886	-0.05871	-0.01111
0.9681	-0.1	0.008782
0.9601	-0.1417	0.05036
0.9705	-0.1669	0.07606
0.9663	-0.04408	0.06429
0.9996	0.1795	0.07837
1.061	0.2556	0.1062
1.222	0.08619	0.07216
1.385	-0.1718	-0.02879
1.32	-0.3629	-0.1514
1.209	-0.4242	-0.1774
1.222	-0.4519	-0.1219
1.134	-0.5702	-0.1025
1.059	-0.5936	-0.05779
1.206	-0.4416	-0.02025
1.259	-0.2922	-0.0671
1.183	-0.1322	-0.06683
1.137	-0.05437	-0.02987
1.038	-0.1407	-0.01127
0.9367	-0.1952	0.03755
0.8124	-0.2224	0.05838
0.7007	-0.2199	0.07007
0.6888	-0.155	0.09612
0.697	-0.1574	0.09019
0.742	-0.1536	0.08387
0.7963	-0.1215	0.07104
0.8239	-0.1137	0.07197
0.8381	-0.06243	0.09992
0.8429	-0.01523	0.1146
0.8908	0.01844	0.1203
0.9375	0.03103	0.09138
1.012	-0.03713	0.03373
1.173	-0.1672	-0.01217
1.326	-0.3198	-0.008223
1.359	-0.3339	0.03774
1.284	-0.1997	0.03783
1.28	-0.1287	0.004598
1.379	-0.1541	-0.02025
1.501	-0.2829	-0.01589
1.493	-0.5089	0.0299
1.061	-0.6151	0.06156
0.5171	-0.4487	0.0851
0.5108	-0.2096	0.06145
0.8374	-0.1627	-0.02466
1.021	-0.2313	-0.06933
1.106	-0.323	-0.07274
1.042	-0.4182	-0.05959
0.8547	-0.3828	-0.06061
0.8096	-0.2989	-0.0624
0.8049	-0.2467	-0.02592
0.8347	-0.1588	-0.02761
0.9277	-0.1316	-0.03754
0.9355	-0.142	-0.03098
0.9691	-0.07747	-0.03285
0.9518	-0.02056	-0.004552
0.9029	0.002013	0.001015
0.9642	0.02119	-0.01151
0.9836	0.01107	-0.01997
1.028	0.008409	-0.04156
1.062	0.01202	-0.02976
1.008	-0.01535	0.008932
0.9905	-0.03632	0.04875
0.9714	-0.01871	0.04624
0.9909	0.07507	0.02906
1.089	0.1568	0.05654
1.246	0.03775	0.04362
1.349	-0.1743	-0.01963
1.22	-0.2936	-0.0885
1.096	-0.3887	-0.1319
1.104	-0.4777	-0.1122
1.068	-0.5312	-0.08201
1.111	-0.5694	-0.049
1.286	-0.4888	-0.05328
1.386	-0.3339	-0.1012
1.348	-0.2403	-0.08637
1.195	-0.1003	-0.05733
1.033	0.06055	-0.03051
1.015	0.04129	0.001517
0.9567	-0.07494	0.008925
0.7439	-0.1038	0.07115
0.6854	-0.1241	0.1016
0.7723	-0.1602	0.0774
0.767	-0.1516	0.1081
0.794	-0.1883	0.1131
0.8696	-0.1866	0.1215
0.8867	-0.1514	0.1657
0.8874	-0.164	0.1607
0.8491	-0.06788	0.1625
0.837	0.02454	0.1744
0.8877	0.03305	0.1504
0.9649	0.01993	0.1031
1.145	-0.09496	0.02855
1.305	-0.2131	0.009076
1.35	-0.2628	0.09028
1.338	-0.2265	0.1529
1.23	-0.1077	0.1436
1.153	0.009727	0.1079
1.27	0.02756	0.06569
1.398	-0.2116	0.03374
1.268	-0.5352	0.01832
0.9236	-0.6594	0.03075
0.6283	-0.5425	0.04297
0.6487	-0.3261	-0.007478
0.9308	-0.2272	-0.06104
1.072	-0.2184	-0.05534
1.092	-0.3212	-0.04219
1.08	-0.4493	-0.04645
0.9321	-0.4029	-0.04649
0.85	-0.3068	-0.03991
0.8198	-0.144	-0.03372
0.8595	-0.0128	-0.02666
0.9818	-0.03884	-0.02731
0.8096	-0.2989	-0.0624
0.8049	-0.2467	-0.02592
0.8347	-0.1588	-0.02761
0.9277	-0.1316	-0.03754
0.9355	-0.142	-0.03098
0.9691	-0.07747	-0.03285
0.9518	-0.02056	-0.004552
0.9029	0.002013	0.001015
0.9642	0.02119	-0.01151
0.9836	0.01107	-0.01997
1.028	0.008409	-0.04156
1.062	0.01202	-0.02976
1.008	-0.01535	0.008932
0.9905	-0.03632	0.04875
0.9714	-0.01871	0.04624
0.9909	0.07507	0.02906
1.089	0.1568	0.05654
1.246	0.03775	0.04362
1.349	-0.1743	-0.01963
1.22	-0.2936	-0.0885
1.096	-0.3887	-0.1319
1.104	-0.4777	-0.1122
1.068	-0.5312	-0.08201
1.111	-0.5694	-0.049
1.286	-0.4888	-0.05328
1.386	-0.3339	-0.1012
1.348	-0.2403	-0.08637
1.195	-0.1003	-0.05733
1.033	0.06055	-0.03051
1.015	0.04129	0.001517
0.9567	-0.07494	0.008925
0.7439	-0.1038	0.07115
0.6854	-0.1241	0.1016
0.7723	-0.1602	0.0774
0.767	-0.1516	0.1081
0.794	-0.1883	0.1131
0.8696	-0.1866	0.1215
0.8867	-0.1514	0.1657
0.8874	-0.164	0.1607
0.8491	-0.06788	0.1625
0.837	0.02454	0.1744
0.8877	0.03305	0.1504
0.9649	0.01993	0.1031
1.145	-0.09496	0.02855
1.305	-0.2131	0.009076
1.35	-0.2628	0.09028
1.338	-0.2265	0.1529
1.23	-0.1077	0.1436
1.153	0.009727	0.1079
1.27	0.02756	0.06569
1.398	-0.2116	0.03374
1.268	-0.5352	0.01832
0.9236	-0.6594	0.03075
0.6283	-0.5425	0.04297
0.6487	-0.3261	-0.007478
0.9308	-0.2272	-0.06104
1.072	-0.2184	-0.05534
1.092	-0.3212	-0.04219
1.08	-0.4493	-0.04645
0.9321	-0.4029	-0.04649
0.85	-0.3068	-0.03991
0.8198	-0.144	-0.03372
0.8595	-0.0128	-0.02666
0.9818	-0.03884	-0.02731
0.9769	-0.03383	-0.02957
0.987	-0.0461	-0.01735
0.9517	-0.06602	-0.002712
0.8786	-0.04234	0.01398
0.9284	-0.03896	0.01976
0.9434	-0.01042	0.003977
0.9918	-0.01259	-0.00707
1.007	-0.02305	-0.01103
0.9621	-0.017	0.008036
0.9905	-0.03977	0.04584
0.96	-0.01435	0.05163
0.9798	0.07705	0.05632
1.13	0.1533	0.1141
1.296	0.04411	0.1495
1.347	-0.2135	0.03193
1.24	-0.4045	-0.1406
1.199	-0.5249	-0.1623
1.151	-0.5312	-0.1286
1.068	-0.4647	-0.1217
1.153	-0.4587	-0.05613
1.261	-0.3983	-0.04145
1.289	-0.2873	-0.08114
1.2	-0.1858	-0.05944
1.03	-0.08768	-0.04259
0.9823	-0.1002	-0.01276
0.9413	-0.1491	0.03315
0.8234	-0.155	0.04843
0.7574	-0.1639	0.09824
0.7368	-0.1508	0.1271
0.7582	-0.157	0.1053
0.814	-0.1592	0.09802
0.8571	-0.1284	0.08789
0.8739	-0.1163	0.0983
0.8576	-0.08906	0.1286
0.8482	-0.0555	0.1393
0.8418	-0.01892	0.1501
0.8527	0.006533	0.149
0.9303	-0.01226	0.1161
0.997	-0.02037	0.07325
1.06	-0.05689	0.05775
1.234	-0.1524	0.07281
1.419	-0.2316	0.07979
1.393	-0.225	0.07763
1.33	-0.1802	0.07001
1.506	-0.2112	0.05192
1.612	-0.2443	0.05569
1.42	-0.3467	0.06695
0.9735	-0.5605	0.06773
0.4859	-0.56	0.08131
0.5834	-0.391	0.06309
0.8646	-0.2612	-0.0005482
0.817	-0.1707	-0.04967
1.059	-0.2468	-0.06046
1.189	-0.3719	-0.03814
0.9642	-0.3931	-0.0264
0.9953	-0.3714	-0.02986
0.872	-0.2429	-0.01969
0.7522	-0.07834	-0.02323
0.914	0.006535	-0.02956
0.8986	0.01525	-0.03351
0.9896	-0.04839	-0.04378
1.063	-0.09537	-0.02363
0.937	-0.1139	0.00435
0.961	-0.1066	0.009015
0.9769	-0.03383	-0.02957
0.987	-0.0461	-0.01735
0.9517	-0.06602	-0.002712
0.8786	-0.04234	0.01398
0.9284	-0.03896	0.01976
0.9434	-0.01042	0.003977
0.9918	-0.01259	-0.00707
1.007	-0.02305	-0.01103
0.9621	-0.017	0.008036
0.9905	-0.03977	0.04584
0.96	-0.01435	0.05163
0.9798	0.07705	0.05632
1.13	0.1533	0.1141
1.296	0.04411	0.1495
1.347	-0.2135	0.03193
1.24	-0.4045	-0.1406
1.199	-0.5249	-0.1623
1.151	-0.5312	-0.1286
1.068	-0.4647	-0.1217
1.153	-0.4587	-0.05613
1.261	-0.3983	-0.04145
1.289	-0.2873	-0.08114
1.2	-0.1858	-0.05944
1.03	-0.08768	-0.04259
0.9823	-0.1002	-0.01276
0.9413	-0.1491	0.03315
0.8234	-0.155	0.04843
0.7574	-0.1639	0.09824
0.7368	-0.1508	0.1271
0.7582	-0.157	0.1053
0.814	-0.1592	0.09802
0.8571	-0.1284	0.08789
0.8739	-0.1163	0.0983
0.8576	-0.08906	0.1286
0.8482	-0.0555	0.1393
0.8418	-0.01892	0.1501
0.8527	0.006533	0.149
0.9303	-0.01226	0.1161
0.997	-0.02037	0.07325
1.06	-0.05689	0.05775
1.234	-0.1524	0.07281
1.419	-0.2316	0.07979
1.393	-0.225	0.07763
1.33	-0.1802	0.07001
1.506	-0.2112	0.05192
1.612	-0.2443	0.05569
1.42	-0.3467	0.06695
0.9735	-0.5605	0.06773
0.4859	-0.56	0.08131
0.5834	-0.391	0.06309
0.8646	-0.2612	-0.0005482
0.817	-0.1707	-0.04967
1.059	-0.2468	-0.06046
1.189	-0.3719	-0.03814
0.9642	-0.3931	-0.0264
0.9953	-0.3714	-0.02986
0.872	-0.2429	-0.01969
0.7522	-0.07834	-0.02323
0.914	0.006535	-0.02956
0.8986	0.01525	-0.03351
0.9896	-0.04839	-0.04378
1.063	-0.09537	-0.02363
0.937	-0.1139	0.00435
0.961	-0.1066	0.009015
0.9459	-0.06096	0.001071
0.9595	-0.02945	-0.008651
1.031	0.0104	-0.009602
0.994	0.01423	0.00186
1.011	-0.02255	0.0451
1.004	-0.02279	0.08772
0.9903	0.02916	0.07467
1.02	0.1583	0.05343
1.068	0.1905	0.05695
1.247	-0.03422	0.04052
1.355	-0.3048	-0.006956
1.24	-0.4173	-0.06958
1.122	-0.474	-0.1167
1.129	-0.5244	-0.111
1.111	-0.4668	-0.06887
1.09	-0.4403	-0.02778
1.22	-0.4259	-0.03715
1.292	-0.2769	-0.0786
1.196	-0.1591	-0.07047
1.068	-0.06531	-0.03769
0.9605	-0.05185	0.01325
0.9137	-0.1797	0.06434
0.8549	-0.2267	0.06605
0.7906	-0.2327	0.09464
0.7764	-0.193	0.1145
0.7825	-0.1087	0.09158
0.8173	-0.08891	0.09792
0.8394	-0.05824	0.09388
0.86	-0.07924	0.1022
0.8741	-0.09307	0.1326
0.8534	-0.03627	0.1366
0.8507	-0.002949	0.1458
0.8612	0.04368	0.1397
0.9181	0.0138	0.1025
1.038	-0.08226	0.04872
1.177	-0.1731	0.01202
1.296	-0.2571	0.04301
1.324	-0.2235	0.08884
1.26	-0.1447	0.1135
1.206	-0.05113	0.1164
1.302	-0.000535	0.07188
1.407	-0.1985	0.0256
1.29	-0.4903	0.0168
0.9868	-0.6205	0.03603
0.6454	-0.5307	0.04924
0.6175	-0.3547	0.008734
0.8741	-0.2394	-0.03994
0.9704	-0.1846	-0.04455
1.038	-0.2923	-0.03867
1.104	-0.4264	-0.04603
1.012	-0.4086	-0.06197
0.9914	-0.3803	-0.06431
0.9334	-0.2351	-0.04971
0.8292	-0.01941	-0.03305
0.8874	0.003967	-0.01799
0.9311	-0.02895	-0.02242
0.9535	-0.03327	-0.02563
1.017	-0.07764	-0.01065
1.004	-0.09797	-0.004962
0.9505	-0.06573	-0.001907
0.9379	-0.0455	0.001531
0.9448	-0.03029	-0.009664
0.9476	-0.007417	-0.03647
0.9752	-0.03901	-0.0507
0.9459	-0.06096	0.001071
0.9595	-0.02945	-0.008651
1.031	0.0104	-0.009602
0.994	0.01423	0.00186
1.011	-0.02255	0.0451
1.004	-0.02279	0.08772
0.9903	0.02916	0.07467
1.02	0.1583	0.05343
1.068	0.1905	0.05695
1.247	-0.03422	0.04052
1.355	-0.3048	-0.006956
1.24	-0.4173	-0.06958
1.122	-0.474	-0.1167
1.129	-0.5244	-0.111
1.111	-0.4668	-0.06887
1.09	-0.4403	-0.02778
1.22	-0.4259	-0.03715
1.292	-0.2769	-0.0786
1.196	-0.1591	-0.07047
1.068	-0.06531	-0.03769
0.9605	-0.05185	0.01325
0.9137	-0.1797	0.06434
0.8549	-0.2267	0.06605
0.7906	-0.2327	0.09464
0.7764	-0.193	0.1145
0.7825	-0.1087	0.09158
0.8173	-0.08891	0.09792
0.8394	-0.05824	0.09388
0.86	-0.07924	0.1022
0.8741	-0.09307	0.1326
0.8534	-0.03627	0.1366
0.8507	-0.002949	0.1458
0.8612	0.04368	0.1397
0.9181	0.0138	0.1025
1.038	-0.08226	0.04872
1.177	-0.1731	0.01202
1.296	-0.2571	0.04301
1.324	-0.2235	0.08884
1.26	-0.1447	0.1135
1.206	-0.05113	0.1164
1.302	-0.000535	0.07188
1.407	-0.1985	0.0256
1.29	-0.4903	0.0168
0.9868	-0.6205	0.03603
0.6454	-0.5307	0.04924
0.6175	-0.3547	0.008734
0.8741	-0.2394	-0.03994
0.9704	-0.1846	-0.04455
1.038	-0.2923	-0.03867
1.104	-0.4264	-0.04603
1.012	-0.4086	-0.06197
0.9914	-0.3803	-0.06431
0.9334	-0.2351	-0.04971
0.8292	-0.01941	-0.03305
0.8874	0.003967	-0.01799
0.9311	-0.02895	-0.02242
0.9535	-0.03327	-0.02563
1.017	-0.07764	-0.01065
1.004	-0.09797	-0.004962
0.9505	-0.06573	-0.001907
0.9379	-0.0455	0.001531
0.9448	-0.03029	-0.009664
0.9476	-0.007417	-0.03647
0.9752	-0.03901	-0.0507
0.9931	-0.07302	-0.01399
0.9993	-0.08901	0.02648
0.9918	-0.07455	0.0218
0.9688	0.04317	0.03127
1.069	0.1224	0.08559
1.243	0.04092	0.1092
1.313	-0.128	0.03044
1.244	-0.2925	-0.09409
1.16	-0.4354	-0.1457
1.147	-0.515	-0.1401
1.044	-0.499	-0.1067
0.9668	-0.4996	-0.02511
1.103	-0.4285	-0.007064
1.237	-0.2339	-0.05887
1.281	-0.1034	-0.06956
1.223	-0.01178	-0.0685
1.096	0.01738	-0.04426
1.043	-0.05747	-0.002528
0.9691	-0.1333	0.01521
0.8405	-0.2108	0.06335
0.7542	-0.2286	0.09877
0.7197	-0.1901	0.09425
0.7479	-0.1777	0.09591
0.7897	-0.1486	0.0859
0.8425	-0.129	0.08628
0.8978	-0.1469	0.1039
0.8892	-0.1406	0.1222
0.8726	-0.0802	0.1574
0.8681	0.004926	0.1753
0.8771	0.03914	0.1567
0.957	-0.001586	0.1064
1.128	-0.1021	0.02817
1.372	-0.2691	0.004831
1.481	-0.3565	0.06876
1.325	-0.2154	0.1157
1.167	-0.03313	0.1068
1.211	0.02267	0.09689
1.379	-0.04028	0.07806
1.465	-0.2933	0.0338
1.187	-0.5856	0.01516
0.7623	-0.601	0.02576
0.7261	-0.3939	0.009452
0.8381	-0.2246	-0.01992
0.8393	-0.1706	-0.02156
1.03	-0.2482	-0.01985
1.168	-0.3724	-0.02893
1.049	-0.3526	-0.03143
0.9569	-0.3004	-0.03271
0.8709	-0.2645	-0.03066
0.8175	-0.1234	-0.0216
0.86	-0.04083	-0.02107
0.9087	-0.04105	-0.02353
1.015	-0.04206	-0.02238
1.058	-0.05453	-0.02098
0.9712	-0.02769	-0.007706
0.935	-0.01781	0.006306
0.9398	-0.009975	9.294e-05
0.9496	-0.0123	-0.0129
0.9828	-0.06031	-0.0308
0.9817	-0.07596	-0.04533
0.9888	-0.1252	0.0011
1.009	-0.153	0.06256
0.9866	-0.0382	0.03978
0.9947	0.1351	0.02514
0.9931	-0.07302	-0.01399
0.9993	-0.08901	0.02648
0.9918	-0.07455	0.0218
0.9688	0.04317	0.03127
1.069	0.1224	0.08559
1.243	0.04092	0.1092
1.313	-0.128	0.03044
1.244	-0.2925	-0.09409
1.16	-0.4354	-0.1457
1.147	-0.515	-0.1401
1.044	-0.499	-0.1067
0.9668	-0.4996	-0.02511
1.103	-0.4285	-0.007064
1.237	-0.2339	-0.05887
1.281	-0.1034	-0.06956
1.223	-0.01178	-0.0685
1.096	0.01738	-0.04426
1.043	-0.05747	-0.002528
0.9691	-0.1333	0.01521
0.8405	-0.2108	0.06335
0.7542	-0.2286	0.09877
0.7197	-0.1901	0.09425
0.7479	-0.1777	0.09591
0.7897	-0.1486	0.0859
0.8425	-0.129	0.08628
0.8978	-0.1469	0.1039
0.8892	-0.1406	0.1222
0.8726	-0.0802	0.1574
0.8681	0.004926	0.1753
0.8771	0.03914	0.1567
0.957	-0.001586	0.1064
1.128	-0.1021	0.02817
1.372	-0.2691	0.004831
1.481	-0.3565	0.06876
1.325	-0.2154	0.1157
1.167	-0.03313	0.1068
1.211	0.02267	0.09689
1.379	-0.04028	0.07806
1.465	-0.2933	0.0338
1.187	-0.5856	0.01516
0.7623	-0.601	0.02576
0.7261	-0.3939	0.009452
0.8381	-0.2246	-0.01992
0.8393	-0.1706	-0.02156
1.03	-0.2482	-0.01985
1.168	-0.3724	-0.02893
1.049	-0.3526	-0.03143
0.9569	-0.3004	-0.03271
0.8709	-0.2645	-0.03066
0.8175	-0.1234	-0.0216
0.86	-0.04083	-0.02107
0.9087	-0.04105	-0.02353
1.015	-0.04206	-0.02238
1.058	-0.05453	-0.02098
0.9712	-0.02769	-0.007706
0.935	-0.01781	0.006306
0.9398	-0.009975	9.294e-05
0.9496	-0.0123	-0.0129
0.9828	-0.06031	-0.0308
0.9817	-0.07596	-0.04533
0.9888	-0.1252	0.0011
1.009	-0.153	0.06256
0.9866	-0.0382	0.03978
0.9947	0.1351	0.02514
1.12	0.2367	0.07089
1.317	0.1648	0.06567
1.374	-0.03531	0.00567
1.22	-0.2555	-0.06361
1.089	-0.3474	-0.1105
1.05	-0.3375	-0.1156
0.9731	-0.4547	-0.1003
0.9311	-0.5304	-0.05368
1.032	-0.4741	-0.03131
1.141	-0.4567	-0.03708
1.143	-0.333	-0.03263
1.106	-0.1296	-0.0641
1.059	-0.02639	-0.04144
0.9807	-0.01964	0.02303
0.913	-0.06136	0.04098
0.8822	-0.07016	0.08091
0.8754	-0.1372	0.09195
0.8849	-0.2148	0.08507
0.913	-0.1952	0.09458
0.9337	-0.2246	0.06516
0.9251	-0.2207	0.07874
0.898	-0.1632	0.1218
0.8608	-0.1319	0.1471
0.8434	-0.0436	0.15
0.8484	0.0237	0.1078
0.8508	0.0581	0.09601
0.8767	0.05175	0.08958
0.9524	-0.03836	0.07357
1.053	-0.1226	0.06818
1.126	-0.1819	0.0284
1.212	-0.1507	0.03703
1.325	-0.09447	0.06454
1.317	-0.1015	0.0439
1.29	-0.08925	0.03957
1.472	-0.1247	0.02096
1.615	-0.2064	0.01683
1.492	-0.4026	0.0396
1.202	-0.6955	0.03767
0.8125	-0.6771	0.0585
0.5247	-0.4624	0.0569
0.4604	-0.3877	0.02885
0.5565	-0.3372	0.03394
0.8641	-0.356	0.01192
1.187	-0.4823	-0.0361
1.234	-0.5531	-0.08483
1.061	-0.5151	-0.09804
0.8908	-0.351	-0.04862
0.8822	-0.16	-0.03183
0.9267	-0.03254	-0.03962
0.947	0.01288	-0.03362
1.004	-0.02486	-0.04158
1.015	-0.03513	-0.02834
1.006	-0.06107	-0.01835
1.02	-0.1047	-0.02381
1.013	-0.08049	-0.01526
1.016	-0.07167	-0.0136
1.013	-0.0435	-0.008104
1.006	-0.02422	-0.000761
1.002	-0.06395	0.003897
0.9821	-0.05715	-0.003618
0.9838	-0.02025	-0.03862
1.029	0.04518	-0.05297
1.112	0.08489	-0.03776
1.164	0.03358	-0.01396
1.12	0.2367	0.07089
1.317	0.1648	0.06567
1.374	-0.03531	0.00567
1.22	-0.2555	-0.06361
1.089	-0.3474	-0.1105
1.05	-0.3375	-0.1156
0.9731	-0.4547	-0.1003
0.9311	-0.5304	-0.05368
1.032	-0.4741	-0.03131
1.141	-0.4567	-0.03708
1.143	-0.333	-0.03263
1.106	-0.1296	-0.0641
1.059	-0.02639	-0.04144
0.9807	-0.01964	0.02303
0.913	-0.06136	0.04098
0.8822	-0.07016	0.08091
0.8754	-0.1372	0.09195
0.8849	-0.2148	0.08507
0.913	-0.1952	0.09458
0.9337	-0.2246	0.06516
0.9251	-0.2207	0.07874
0.898	-0.1632	0.1218
0.8608	-0.1319	0.1471
0.8434	-0.0436	0.15
0.8484	0.0237	0.1078
0.8508	0.0581	0.09601
0.8767	0.05175	0.08958
0.9524	-0.03836	0.07357
1.053	-0.1226	0.06818
1.126	-0.1819	0.0284
1.212	-0.1507	0.03703
1.325	-0.09447	0.06454
1.317	-0.1015	0.0439
1.29	-0.08925	0.03957
1.472	-0.1247	0.02096
1.615	-0.2064	0.01683
1.492	-0.4026	0.0396
1.202	-0.6955	0.03767
0.8125	-0.6771	0.0585
0.5247	-0.4624	0.0569
0.4604	-0.3877	0.02885
0.5565	-0.3372	0.03394
0.8641	-0.356	0.01192
1.187	-0.4823	-0.0361
1.234	-0.5531	-0.08483
1.061	-0.5151	-0.09804
0.8908	-0.351	-0.04862
0.8822	-0.16	-0.03183
0.9267	-0.03254	-0.03962
0.947	0.01288	-0.03362
1.004	-0.02486	-0.04158
1.015	-0.03513	-0.02834
1.006	-0.06107	-0.01835
1.02	-0.1047	-0.02381
1.013	-0.08049	-0.01526
1.016	-0.07167	-0.0136
1.013	-0.0435	-0.008104
1.006	-0.02422	-0.000761
1.002	-0.06395	0.003897
0.9821	-0.05715	-0.003618
0.9838	-0.02025	-0.03862
1.029	0.04518	-0.05297
1.112	0.08489	-0.03776
1.164	0.03358	-0.01396
1.15	-0.06108	0.01149
1.127	-0.2012	0.02502
1.089	-0.2572	0.02487
1.002	-0.2077	0.01285
0.8909	-0.2111	0.01948
0.8119	-0.1926	0.06118
0.7992	-0.1162	0.1377
0.9196	-0.0669	0.2059
1.188	-0.01997	0.1887
1.338	-0.003581	0.135
1.238	-0.04439	0.1084
1.116	-0.08607	0.1139
1.021	-0.1154	0.1365
0.9109	-0.1241	0.127
0.8701	-0.1173	0.129
0.8553	-0.1151	0.1458
0.8997	-0.1066	0.133
1.019	-0.09258	0.1426
1.031	-0.07459	0.1497
0.9978	-0.06736	0.1422
0.9906	-0.07119	0.1549
0.9379	-0.04986	0.1538
0.9307	-0.002373	0.1517
0.9526	0.04756	0.1469
0.9575	0.06068	0.1323
1.016	0.01085	0.1336
1.09	-0.06964	0.1305
1.117	-0.1118	0.1306
1.076	-0.05399	0.1362
1.029	0.1022	0.1328
1.042	0.2955	0.1333
1.132	0.3546	0.1275
1.338	0.1141	0.1142
1.458	-0.2862	0.09669
1.234	-0.5598	0.06589
0.856	-0.5912	0.03385
0.7022	-0.4511	0.02479
0.8281	-0.1836	0.03352
0.9939	0.1375	0.02602
1.092	0.132	0.007792
1.155	-0.1199	-0.01804
1.068	-0.1474	-0.05286
0.9345	-0.1657	-0.04579
0.9275	-0.1977	-0.01601
0.8092	-0.08687	-0.004821
0.6895	-0.0975	0.02053
0.8327	-0.08155	0.03089
0.948	-0.05166	0.01276
0.9921	-0.08152	0.005103
1.05	0.03718	-0.02517
1.004	0.1046	-0.06112
0.9893	0.1194	-0.07188
1.015	0.0785	-0.08388
1.015	-0.06978	-0.07561
1.056	-0.1238	-0.06922
1.07	-0.1405	-0.09027
1.077	0.007956	-0.08737
1.181	0.2182	-0.04232
1.361	0.1386	0.001173
1.451	-0.08128	-0.03701
1.323	-0.3356	-0.1258
1.145	-0.4707	-0.1638
1.008	-0.4407	-0.151
0.8758	-0.4859	-0.08879
1.15	-0.06108	0.01149
1.127	-0.2012	0.02502
1.089	-0.2572	0.02487
1.002	-0.2077	0.01285
0.8909	-0.2111	0.01948
0.8119	-0.1926	0.06118
0.7992	-0.1162	0.1377
0.9196	-0.0669	0.2059
1.188	-0.01997	0.1887
1.338	-0.003581	0.135
1.238	-0.04439	0.1084
1.116	-0.08607	0.1139
1.021	-0.1154	0.1365
0.9109	-0.1241	0.127
0.8701	-0.1173	0.129
0.8553	-0.1151	0.1458
0.8997	-0.1066	0.133
1.019	-0.09258	0.1426
1.031	-0.07459	0.1497
0.9978	-0.06736	0.1422
0.9906	-0.07119	0.1549
0.9379	-0.04986	0.1538
0.9307	-0.002373	0.1517
0.9526	0.04756	0.1469
0.9575	0.06068	0.1323
1.016	0.01085	0.1336
1.09	-0.06964	0.1305
1.117	-0.1118	0.1306
1.076	-0.05399	0.1362
1.029	0.1022	0.1328
1.042	0.2955	0.1333
1.132	0.3546	0.1275
1.338	0.1141	0.1142
1.458	-0.2862	0.09669
1.234	-0.5598	0.06589
0.856	-0.5912	0.03385
0.7022	-0.4511	0.02479
0.8281	-0.1836	0.03352
0.9939	0.1375	0.02602
1.092	0.132	0.007792
1.155	-0.1199	-0.01804
1.068	-0.1474	-0.05286
0.9345	-0.1657	-0.04579
0.9275	-0.1977	-0.01601
0.8092	-0.08687	-0.004821
0.6895	-0.0975	0.02053
0.8327	-0.08155	0.03089
0.948	-0.05166	0.01276
0.9921	-0.08152	0.005103
1.05	0.03718	-0.02517
1.004	0.1046	-0.06112
0.9893	0.1194	-0.07188
1.015	0.0785	-0.08388
1.015	-0.06978	-0.07561
1.056	-0.1238	-0.06922
1.07	-0.1405	-0.09027
1.077	0.007956	-0.08737
1.181	0.2182	-0.04232
1.361	0.1386	0.001173
1.451	-0.08128	-0.03701
1.323	-0.3356	-0.1258
1.145	-0.4707	-0.1638
1.008	-0.4407	-0.151
0.8758	-0.4859	-0.08879
0.8813	-0.4959	-0.03271
1.045	-0.4187	-0.0582
1.208	-0.3652	-0.09074
1.243	-0.2535	-0.09074
1.128	-0.1365	-0.07935
1.012	-0.08717	-0.04035
0.9116	-0.05089	0.006492
0.7874	-0.06362	0.04936
0.7416	-0.09248	0.08118
0.7475	-0.1046	0.07839
0.795	-0.1386	0.07239
0.8749	-0.1339	0.07982
0.8693	-0.1314	0.07838
0.8433	-0.1384	0.08787
0.8334	-0.0815	0.1221
0.7971	-0.04935	0.1542
0.8116	-0.06069	0.1542
0.8923	-0.07096	0.1236
1.053	-0.1077	0.06574
1.276	-0.2237	-0.01927
1.357	-0.3438	-0.0278
1.278	-0.2626	0.0518
1.224	-0.05333	0.09286
1.195	0.07764	0.1162
1.218	0.06618	0.111
1.4	-0.04575	0.0599
1.501	-0.2478	0.05047
1.211	-0.6366	0.04027
0.7059	-0.8016	0.02943
0.5276	-0.5197	0.03393
0.812	-0.3797	0.003449
1.068	-0.3833	-0.01063
1.076	-0.3505	-0.0017
1.018	-0.4068	0.003108
0.9189	-0.328	-0.03335
0.7911	-0.2134	-0.09919
0.7542	-0.1415	-0.1035
0.8145	-0.05037	-0.09369
0.9006	-0.1304	-0.08945
0.9866	-0.1732	-0.04829
0.9707	-0.1349	-0.004473
0.8766	-0.1408	0.01639
0.8865	-0.04339	0.0154
0.924	0.05818	0.00583
0.9505	0.08334	-0.03408
1.007	0.05662	-0.04574
1.003	0.007304	0.01013
1.01	-0.02739	0.03159
1.019	-0.05356	0.02532
1.012	0.06006	0.02711
1.12	0.1675	0.04987
1.276	0.03047	0.06964
1.36	-0.2219	-0.009016
1.287	-0.4738	-0.1122
1.181	-0.6149	-0.1361
1.182	-0.5831	-0.1069
1.17	-0.5253	-0.08172
1.23	-0.4566	-0.0756
1.311	-0.301	-0.06703
1.195	-0.1404	-0.07425
1.058	-0.05559	-0.05826
0.992	-0.06478	-0.01411
0.9258	-0.1477	0.01128
0.8541	-0.2069	0.04285
0.8813	-0.4959	-0.03271
1.045	-0.4187	-0.0582
1.208	-0.3652	-0.09074
1.243	-0.2535	-0.09074
1.128	-0.1365	-0.07935
1.012	-0.08717	-0.04035
0.9116	-0.05089	0.006492
0.7874	-0.06362	0.04936
0.7416	-0.09248	0.08118
0.7475	-0.1046	0.07839
0.795	-0.1386	0.07239
0.8749	-0.1339	0.07982
0.8693	-0.1314	0.07838
0.8433	-0.1384	0.08787
0.8334	-0.0815	0.1221
0.7971	-0.04935	0.1542
0.8116	-0.06069	0.1542
0.8923	-0.07096	0.1236
1.053	-0.1077	0.06574
1.276	-0.2237	-0.01927
1.357	-0.3438	-0.0278
1.278	-0.2626	0.0518
1.224	-0.05333	0.09286
1.195	0.07764	0.1162
1.218	0.06618	0.111
1.4	-0.04575	0.0599
1.501	-0.2478	0.05047
1.211	-0.6366	0.04027
0.7059	-0.8016	0.02943
0.5276	-0.5197	0.03393
0.812	-0.3797	0.003449
1.068	-0.3833	-0.01063
1.076	-0.3505	-0.0017
1.018	-0.4068	0.003108
0.9189	-0.328	-0.03335
0.7911	-0.2134	-0.09919
0.7542	-0.1415	-0.1035
0.8145	-0.05037	-0.09369
0.9006	-0.1304	-0.08945
0.9866	-0.1732	-0.04829
0.9707	-0.1349	-0.004473
0.8766	-0.1408	0.01639
0.8865	-0.04339	0.0154
0.924	0.05818	0.00583
0.9505	0.08334	-0.03408
1.007	0.05662	-0.04574
1.003	0.007304	0.01013
1.01	-0.02739	0.03159
1.019	-0.05356	0.02532
1.012	0.06006	0.02711
1.12	0.1675	0.04987
1.276	0.03047	0.06964
1.36	-0.2219	-0.009016
1.287	-0.4738	-0.1122
1.181	-0.6149	-0.1361
1.182	-0.5831	-0.1069
1.17	-0.5253	-0.08172
1.23	-0.4566	-0.0756
1.311	-0.301	-0.06703
1.195	-0.1404	-0.07425
1.058	-0.05559	-0.05826
0.992	-0.06478	-0.01411
0.9258	-0.1477	0.01128
0.8541	-0.2069	0.04285
0.7611	-0.2071	0.05968
0.6957	-0.1718	0.07718
0.6926	-0.1411	0.1007
0.7397	-0.1485	0.09194
0.7858	-0.1489	0.08266
0.8133	-0.151	0.05941
0.8383	-0.1495	0.05791
0.8128	-0.106	0.1108
0.7931	-0.06007	0.1424
0.8621	-0.01288	0.1296
0.9676	0.02323	0.08344
1.082	-0.0275	0.03149
1.243	-0.1767	0.001174
1.385	-0.2636	0.02369
1.371	-0.1707	0.08658
1.274	-0.03582	0.1051
1.288	0.009629	0.09729
1.486	-0.1068	0.06823
1.701	-0.3738	-0.01731
1.582	-0.5408	-0.08917
1.136	-0.4782	-0.06398
0.6359	-0.4194	0.02581
0.4096	-0.4568	0.04715
0.7554	-0.3811	0.01519
1.146	-0.2926	0.0008171
1.134	-0.3521	-0.00676
1.081	-0.3841	-0.01082
0.9775	-0.3822	-0.05317
0.8449	-0.3361	-0.05974
0.7942	-0.1832	-0.02783
0.6983	-0.09135	-0.03996
0.758	-0.06565	-0.02115
0.8961	-0.04455	-0.02586
0.9878	-0.03239	-0.04746
1.027	0.01276	-0.01292
0.9135	0.04383	0.0001497
0.9205	0.05808	0.01361
0.9896	0.05426	0.008349
1.005	0.01587	-0.02297
1.066	-0.005108	-0.02385
1.038	-0.04783	-0.02052
1.042	-0.1155	0.01865
1.045	-0.13	0.05557
1.001	-0.04488	0.04826
1.089	0.067	0.07549
1.201	0.02063	0.1026
1.316	-0.1434	0.02047
1.314	-0.3351	-0.127
1.23	-0.5293	-0.2017
1.238	-0.5524	-0.2072
1.113	-0.5069	-0.1566
1.035	-0.5182	-0.0599
1.138	-0.4238	-0.0459
1.126	-0.2896	-0.06198
1.073	-0.1897	-0.03897
1.033	-0.1307	-0.03926
0.9874	-0.1618	-0.007274
0.9474	-0.1596	0.03667
0.8228	-0.1363	0.0508
0.727	-0.1439	0.07604
0.6896	-0.1321	0.08363
0.6972	-0.1362	0.08804
0.7745	-0.125	0.09334
0.7936	-0.0979	0.09569
0.7611	-0.2071	0.05968
0.6957	-0.1718	0.07718
0.6926	-0.1411	0.1007
0.7397	-0.1485	0.09194
0.7858	-0.1489	0.08266
0.8133	-0.151	0.05941
0.8383	-0.1495	0.05791
0.8128	-0.106	0.1108
0.7931	-0.06007	0.1424
0.8621	-0.01288	0.1296
0.9676	0.02323	0.08344
1.082	-0.0275	0.03149
1.243	-0.1767	0.001174
1.385	-0.2636	0.02369
1.371	-0.1707	0.08658
1.274	-0.03582	0.1051
1.288	0.009629	0.09729
1.486	-0.1068	0.06823
1.701	-0.3738	-0.01731
1.582	-0.5408	-0.08917
1.136	-0.4782	-0.06398
0.6359	-0.4194	0.02581
0.4096	-0.4568	0.04715
0.7554	-0.3811	0.01519
1.146	-0.2926	0.0008171
1.134	-0.3521	-0.00676
1.081	-0.3841	-0.01082
0.9775	-0.3822	-0.05317
0.8449	-0.3361	-0.05974
0.7942	-0.1832	-0.02783
0.6983	-0.09135	-0.03996
0.758	-0.06565	-0.02115
0.8961	-0.04455	-0.02586
0.9878	-0.03239	-0.04746
1.027	0.01276	-0.01292
0.9135	0.04383	0.0001497
0.9205	0.05808	0.01361
0.9896	0.05426	0.008349
1.005	0.01587	-0.02297
1.066	-0.005108	-0.02385
1.038	-0.04783	-0.02052
1.042	-0.1155	0.01865
1.045	-0.13	0.05557
1.001	-0.04488	0.04826
1.089	0.067	0.07549
1.201	0.02063	0.1026
1.316	-0.1434	0.02047
1.314	-0.3351	-0.127
1.23	-0.5293	-0.2017
1.238	-0.5524	-0.2072
1.113	-0.5069	-0.1566
1.035	-0.5182	-0.0599
1.138	-0.4238	-0.0459
1.126	-0.2896	-0.06198
1.073	-0.1897	-0.03897
1.033	-0.1307	-0.03926
0.9874	-0.1618	-0.007274
0.9474	-0.1596	0.03667
0.8228	-0.1363	0.0508
0.727	-0.1439	0.07604
0.6896	-0.1321	0.08363
0.6972	-0.1362	0.08804
0.7745	-0.125	0.09334
0.7936	-0.0979	0.09569
0.7971	-0.08397	0.1125
0.8459	-0.05709	0.1048
0.8904	-0.03406	0.1183
0.9448	-0.009562	0.1347
1.005	-0.02251	0.07882
1.101	-0.1046	0.03202
1.232	-0.2143	0.02949
1.343	-0.2735	0.05386
1.394	-0.2007	0.07689
1.441	-0.1459	0.0566
1.647	-0.2262	0.03509
1.759	-0.3547	0.01795
1.279	-0.5407	0.02629
0.5356	-0.6334	0.08514
0.3162	-0.4986	0.1146
0.4925	-0.384	0.08466
0.5644	-0.3713	0.03107
0.8591	-0.3422	-0.02851
1.342	-0.3192	-0.09464
1.257	-0.3195	-0.09401
0.8988	-0.3244	-0.0284
0.8147	-0.3018	-0.03115
0.7301	-0.2551	-0.03223
0.7663	-0.1906	-0.01606
0.9455	-0.07697	-0.05881
0.9955	-0.03892	-0.06152
1.047	-0.08913	-0.04963
0.9474	-0.07108	-0.0118
0.8179	-0.05809	0.06254
0.8867	-0.07509	0.04339
0.9022	-0.0424	0.01089
0.9797	-0.02837	-0.007157
1.021	-0.04448	-0.03176
0.9565	-0.08717	0.02116
1.004	-0.1412	0.06568
0.984	-0.1001	0.04592
0.9838	0.02476	0.04314
1.073	0.1353	0.07995
1.207	0.1082	0.08432
1.415	-0.1212	-0.001466
1.429	-0.4074	-0.1183
1.33	-0.5515	-0.1692
1.21	-0.5109	-0.1402
0.9808	-0.4629	-0.0893
0.9382	-0.4777	-0.03118
1.147	-0.4346	-0.02103
1.294	-0.3847	-0.06385
1.233	-0.3033	-0.04639
1.1	-0.1424	-0.0254
0.9972	-0.09176	-0.0171
0.8957	-0.1459	0.02601
0.7942	-0.1646	0.0473
0.6925	-0.132	0.08878
0.6634	-0.09853	0.1084
0.7104	-0.09725	0.08916
0.743	-0.08624	0.1094
0.8095	-0.09125	0.1028
0.8735	-0.09448	0.1077
0.8806	-0.06889	0.1459
0.8837	-0.06255	0.1484
0.8796	-0.03402	0.1489
0.9159	-0.01049	0.1277
1.022	-0.04291	0.07862
1.193	-0.1372	0.04044
0.7971	-0.08397	0.1125
0.8459	-0.05709	0.1048
0.8904	-0.03406	0.1183
0.9448	-0.009562	0.1347
1.005	-0.02251	0.07882
1.101	-0.1046	0.03202
1.232	-0.2143	0.02949
1.343	-0.2735	0.05386
1.394	-0.2007	0.07689
1.441	-0.1459	0.0566
1.647	-0.2262	0.03509
1.759	-0.3547	0.01795
1.279	-0.5407	0.02629
0.5356	-0.6334	0.08514
0.3162	-0.4986	0.1146
0.4925	-0.384	0.08466
0.5644	-0.3713	0.03107
0.8591	-0.3422	-0.02851
1.342	-0.3192	-0.09464
1.257	-0.3195	-0.09401
0.8988	-0.3244	-0.0284
0.8147	-0.3018	-0.03115
0.7301	-0.2551	-0.03223
0.7663	-0.1906	-0.01606
0.9455	-0.07697	-0.05881
0.9955	-0.03892	-0.06152
1.047	-0.08913	-0.04963
0.9474	-0.07108	-0.0118
0.8179	-0.05809	0.06254
0.8867	-0.07509	0.04339
0.9022	-0.0424	0.01089
0.9797	-0.02837	-0.007157
1.021	-0.04448	-0.03176
0.9565	-0.08717	0.02116
1.004	-0.1412	0.06568
0.984	-0.1001	0.04592
0.9838	0.02476	0.04314
1.073	0.1353	0.07995
1.207	0.1082	0.08432
1.415	-0.1212	-0.001466
1.429	-0.4074	-0.1183
1.33	-0.5515	-0.1692
1.21	-0.5109	-0.1402
0.9808	-0.4629	-0.0893
0.9382	-0.4777	-0.03118
1.147	-0.4346	-0.02103
1.294	-0.3847	-0.06385
1.233	-0.3033	-0.04639
1.1	-0.1424	-0.0254
0.9972	-0.09176	-0.0171
0.8957	-0.1459	0.02601
0.7942	-0.1646	0.0473
0.6925	-0.132	0.08878
0.6634	-0.09853	0.1084
0.7104	-0.09725	0.08916
0.743	-0.08624	0.1094
0.8095	-0.09125	0.1028
0.8735	-0.09448	0.1077
0.8806	-0.06889	0.1459
0.8837	-0.06255	0.1484
0.8796	-0.03402	0.1489
0.9159	-0.01049	0.1277
1.022	-0.04291	0.07862
1.193	-0.1372	0.04044
1.372	-0.2498	0.05638
1.381	-0.2357	0.1126
1.278	-0.1553	0.1069
1.308	-0.1499	0.06298
1.588	-0.222	-0.004981
1.787	-0.3834	-0.06487
1.28	-0.5917	-0.02166
0.5671	-0.7042	0.03159
0.6024	-0.5626	0.04808
0.8494	-0.2818	0.01782
0.8771	-0.179	-0.07012
1.1	-0.2344	-0.07864
1.183	-0.3056	-0.05626
1.019	-0.3688	-0.07468
0.9676	-0.3443	-0.0582
0.8653	-0.2661	-0.04975
0.7894	-0.1792	-0.04499
0.8264	-0.08182	-0.02284
0.844	-0.04472	-0.02885
0.9366	-0.02929	-0.02789
0.9728	-0.0185	-0.007147
0.9138	-0.0389	0.0154
0.8828	-0.03602	0.02651
0.8325	-0.02738	0.01522
0.8337	-0.02892	-0.002244
0.9163	-0.04101	-0.0241
1.035	-0.09213	-0.0249
1.115	-0.124	-0.01035
1.08	-0.06075	-0.00697
1.06	0.09065	0.02923
1.102	0.1901	0.08773
1.181	0.07366	0.1004
1.291	-0.1763	0.01286
1.282	-0.3463	-0.1462
1.207	-0.3905	-0.2095
1.222	-0.4236	-0.1559
1.217	-0.5496	-0.1135
1.198	-0.6791	-0.06077
1.204	-0.6531	-0.006061
1.121	-0.4902	-0.02347
1.032	-0.2983	-0.03849
1.031	-0.1895	-0.0236
1.043	-0.1509	-0.02608
1.016	-0.1166	-0.008449
0.9205	-0.1421	0.02145
0.7771	-0.1382	0.0541
0.6622	-0.08932	0.108
0.6691	-0.1123	0.1221
0.7406	-0.1113	0.1107
0.7889	-0.1079	0.1202
0.832	-0.1206	0.1181
0.8242	-0.07857	0.1111
0.8308	-0.06025	0.115
0.873	-0.01991	0.138
0.8885	0.02994	0.1529
0.9578	-0.0112	0.09098
1.061	-0.1321	0.02421
1.234	-0.3108	0.05167
1.406	-0.3691	0.08883
1.371	-0.2251	0.06956
1.348	-0.08756	0.03166
1.461	-0.07791	-0.01563
1.59	-0.1472	-0.0163
1.701	-0.28	0.006389
1.372	-0.2498	0.05638
1.381	-0.2357	0.1126
1.278	-0.1553	0.1069
1.308	-0.1499	0.06298
1.588	-0.222	-0.004981
1.787	-0.3834	-0.06487
1.28	-0.5917	-0.02166
0.5671	-0.7042	0.03159
0.6024	-0.5626	0.04808
0.8494	-0.2818	0.01782
0.8771	-0.179	-0.07012
1.1	-0.2344	-0.07864
1.183	-0.3056	-0.05626
1.019	-0.3688	-0.07468
0.9676	-0.3443	-0.0582
0.8653	-0.2661	-0.04975
0.7894	-0.1792	-0.04499
0.8264	-0.08182	-0.02284
0.844	-0.04472	-0.02885
0.9366	-0.02929	-0.02789
0.9728	-0.0185	-0.007147
0.9138	-0.0389	0.0154
0.8828	-0.03602	0.02651
0.8325	-0.02738	0.01522
0.8337	-0.02892	-0.002244
0.9163	-0.04101	-0.0241
1.035	-0.09213	-0.0249
1.115	-0.124	-0.01035
1.08	-0.06075	-0.00697
1.06	0.09065	0.02923
1.102	0.1901	0.08773
1.181	0.07366	0.1004
1.291	-0.1763	0.01286
1.282	-0.3463	-0.1462
1.207	-0.3905	-0.2095
1.222	-0.4236	-0.1559
1.217	-0.5496	-0.1135
1.198	-0.6791	-0.06077
1.204	-0.6531	-0.006061
1.121	-0.4902	-0.02347
1.032	-0.2983	-0.03849
1.031	-0.1895	-0.0236
1.043	-0.1509	-0.02608
1.016	-0.1166	-0.008449
0.9205	-0.1421	0.02145
0.7771	-0.1382	0.0541
0.6622	-0.08932	0.108
0.6691	-0.1123	0.1221
0.7406	-0.1113	0.1107
0.7889	-0.1079	0.1202
0.832	-0.1206	0.1181
0.8242	-0.07857	0.1111
0.8308	-0.06025	0.115
0.873	-0.01991	0.138
0.8885	0.02994	0.1529
0.9578	-0.0112	0.09098
1.061	-0.1321	0.02421
1.234	-0.3108	0.05167
1.406	-0.3691	0.08883
1.371	-0.2251	0.06956
1.348	-0.08756	0.03166
1.461	-0.07791	-0.01563
1.59	-0.1472	-0.0163
1.701	-0.28	0.006389
1.516	-0.4282	-0.02158
0.8528	-0.4671	0.01596
0.2471	-0.4849	0.07132
0.4525	-0.4963	0.02781
1.058	-0.3346	-0.006347
1.2	-0.2143	-0.03144
1.15	-0.2788	-0.03886
1.075	-0.318	-0.01486
0.8861	-0.3195	-0.04429
0.8378	-0.3072	-0.05366
0.7896	-0.2083	-0.03598
0.8007	-0.07161	-0.03732
0.8879	-0.0208	-0.01972
0.9417	-0.05859	-0.02719
1.043	-0.06196	-0.03429
0.9551	-0.05497	-0.001803
0.9055	-0.06688	0.01982
0.9304	-0.03852	0.02241
0.8685	-0.02568	0.0102
0.9701	-0.02594	-0.007745
0.963	-0.01439	-0.02353
0.9444	-0.0283	-0.01811
1.011	-0.03275	0.01122
0.9367	0.01663	0.03196
0.972	0.164	0.07456
1.039	0.2769	0.1269
1.202	0.0772	0.1293
1.418	-0.3056	0.0249
1.34	-0.5289	-0.161
1.241	-0.5923	-0.1961
1.196	-0.5778	-0.1171
1.152	-0.5039	-0.1159
1.237	-0.4277	-0.062
1.283	-0.3181	-0.01333
1.199	-0.1963	-0.05587
1.078	-0.1058	-0.03164
0.9912	-0.06209	-0.001476
0.9193	-0.1159	0.01313
0.8339	-0.1491	0.06178
0.7494	-0.1324	0.07593
0.7011	-0.1492	0.09365
0.7311	-0.1505	0.104
0.7802	-0.1686	0.08258
0.8358	-0.1806	0.08384
0.8699	-0.1443	0.09598
0.8406	-0.1209	0.1166
0.846	-0.1013	0.1348
0.8672	-0.08932	0.1417
0.8684	-0.02621	0.1543
0.9035	0.06453	0.1288
0.9668	0.007929	0.06506
1.124	-0.1452	0.02678
1.361	-0.2975	0.03265
1.451	-0.3688	0.06952
1.328	-0.2382	0.1001
1.261	-0.1197	0.07183
1.407	-0.206	-0.001577
1.474	-0.3585	-0.05078
1.205	-0.5143	-0.0321
0.7664	-0.5401	0.03293
0.5559	-0.3675	0.06065
0.7773	-0.2359	0.008498
1.073	-0.197	-0.06573
1.139	-0.2634	-0.08549
1.516	-0.4282	-0.02158
0.8528	-0.4671	0.01596
0.2471	-0.4849	0.07132
0.4525	-0.4963	0.02781
1.058	-0.3346	-0.006347
1.2	-0.2143	-0.03144
1.15	-0.2788	-0.03886
1.075	-0.318	-0.01486
0.8861	-0.3195	-0.04429
0.8378	-0.3072	-0.05366
0.7896	-0.2083	-0.03598
0.8007	-0.07161	-0.03732
0.8879	-0.0208	-0.01972
0.9417	-0.05859	-0.02719
1.043	-0.06196	-0.03429
0.9551	-0.05497	-0.001803
0.9055	-0.06688	0.01982
0.9304	-0.03852	0.02241
0.8685	-0.02568	0.0102
0.9701	-0.02594	-0.007745
0.963	-0.01439	-0.02353
0.9444	-0.0283	-0.01811
1.011	-0.03275	0.01122
0.9367	0.01663	0.03196
0.972	0.164	0.07456
1.039	0.2769	0.1269
1.202	0.0772	0.1293
1.418	-0.3056	0.0249
1.34	-0.5289	-0.161
1.241	-0.5923	-0.1961
1.196	-0.5778	-0.1171
1.152	-0.5039	-0.1159
1.237	-0.4277	-0.062
1.283	-0.3181	-0.01333
1.199	-0.1963	-0.05587
1.078	-0.1058	-0.03164
0.9912	-0.06209	-0.001476
0.9193	-0.1159	0.01313
0.8339	-0.1491	0.06178
0.7494	-0.1324	0.07593
0.7011	-0.1492	0.09365
0.7311	-0.1505	0.104
0.7802	-0.1686	0.08258
0.8358	-0.1806	0.08384
0.8699	-0.1443	0.09598
0.8406	-0.1209	0.1166
0.846	-0.1013	0.1348
0.8672	-0.08932	0.1417
0.8684	-0.02621	0.1543
0.9035	0.06453	0.1288
0.9668	0.007929	0.06506
1.124	-0.1452	0.02678
1.361	-0.2975	0.03265
1.451	-0.3688	0.06952
1.328	-0.2382	0.1001
1.261	-0.1197	0.07183
1.407	-0.206	-0.001577
1.474	-0.3585	-0.05078
1.205	-0.5143	-0.0321
0.7664	-0.5401	0.03293
0.5559	-0.3675	0.06065
0.7773	-0.2359	0.008498
1.073	-0.197	-0.06573
1.139	-0.2634	-0.08549
1.124	-0.4017	-0.06665
1.034	-0.3958	-0.07231
0.8882	-0.3366	-0.06828
0.8032	-0.2573	-0.03669
0.7579	-0.1095	-0.0241
0.8082	-0.05452	-0.02515
0.9042	-0.0386	-0.03559
0.9692	-0.01715	-0.03994
1.01	-0.01612	-0.02961
0.9568	0.004604	-0.01978
0.9049	-0.002293	0.001773
0.8948	-9.632e-05	0.008381
0.9049	0.002955	-0.008259
0.976	-0.02092	-0.01878
0.9931	-0.02696	-0.01749
1.001	-0.05125	-0.0009251
1.024	-0.03575	0.02408
0.9974	0.08813	0.05615
1.057	0.1905	0.08679
1.188	0.07145	0.09823
1.282	-0.249	0.03326
1.265	-0.5382	-0.1105
1.166	-0.6393	-0.1786
1.112	-0.5211	-0.1541
1.038	-0.3896	-0.1046
1.069	-0.3719	-0.03233
1.248	-0.3249	-0.04577
1.306	-0.2859	-0.09956
1.259	-0.2043	-0.08084
1.125	-0.06497	-0.04956
0.963	-0.07164	0.01551
0.9094	-0.1105	0.07103
0.8599	-0.1323	0.0684
0.8064	-0.1718	0.09416
0.7565	-0.1422	0.1071
0.7533	-0.1414	0.1045
0.8107	-0.1507	0.11
0.8178	-0.137	0.09367
0.8481	-0.1442	0.1112
0.8629	-0.1203	0.1291
0.8434	-0.09352	0.1296
0.8665	-0.02991	0.1538
0.8726	0.05773	0.1641
0.9038	0.05255	0.1544
0.9394	0.007085	0.1022
1.019	-0.0419	0.02768
1.206	-0.1669	0.009146
1.316	-0.2709	0.03426
1.306	-0.216	0.04415
1.288	-0.1689	0.01278
1.368	-0.2156	-0.006089
1.52	-0.2799	0.001437
1.518	-0.4827	0.000545
1.128	-0.6484	0.01615
0.5461	-0.5041	0.04314
0.4504	-0.3282	0.051
0.7672	-0.2608	0.01576
0.9309	-0.1707	-0.03459
1.074	-0.2317	-0.0501
1.179	-0.4191	-0.07572
1.117	-0.4511	-0.1074
1.03	-0.3583	-0.07919
0.8408	-0.1977	-0.02172
0.7479	-0.05036	0.004548
1.019	-0.03915	-0.03513
1.017	-0.04868	-0.04162
1.011	-0.07263	-0.0378
0.9996	-0.1071	-0.04017
0.9839	-0.1493	-0.02867
0.9824	-0.1639	-0.01186
0.998	-0.114	-0.01463
1.05	-0.01834	-0.008175
1.164	0.0666	0.009337
1.307	0.05548	0.007666
1.358	-0.04179	-0.0338
1.291	-0.1669	-0.09329
1.236	-0.3353	-0.1307
1.2	-0.4537	-0.1544
1.031	-0.4957	-0.1293
0.7931	-0.5396	-0.04099
0.7594	-0.501	0.005951
0.96	-0.3866	-0.001461
1.203	-0.2598	-0.04031
1.328	-0.1326	-0.1162
1.29	-0.1079	-0.1209
1.167	-0.1453	-0.06053
0.9937	-0.1558	-0.02375
0.8592	-0.1592	0.01227
0.8144	-0.1475	0.04601
0.756	-0.1392	0.07926
0.7497	-0.1281	0.08642
0.789	-0.1116	0.07132
0.7874	-0.1227	0.09668
0.8567	-0.1504	0.1026
0.9053	-0.2007	0.1058
0.8605	-0.2199	0.1535
0.8443	-0.1532	0.1747
0.82	-0.05855	0.1734
0.8472	0.007144	0.149
0.9892	0.008485	0.08965
1.172	-0.08228	0.03455
1.37	-0.2298	0.02025
1.419	-0.2933	0.06701
1.277	-0.1986	0.11
1.19	-0.0654	0.1137
1.29	0.004605	0.09076
1.504	-0.04741	0.05568
1.588	-0.2799	0.05384
1.266	-0.5771	0.05157
0.7799	-0.6796	0.04922
0.6695	-0.542	0.06063
0.7525	-0.4013	0.0074
0.7672	-0.315	-0.05182
0.9921	-0.264	-0.04566
1.166	-0.3281	-0.04734
1.073	-0.332	-0.05799
1.002	-0.2539	-0.03857
0.89	-0.2207	-0.01891
0.8079	-0.1322	-0.002991
0.8243	-0.09288	0.01305
0.8425	-0.1394	0.002394
0.9649	-0.163	-0.007521
1.012	-0.1898	-1.38e-05
0.933	-0.1347	0.006197
0.9139	-0.04454	0.02426
0.922	-0.00792	0.02543
0.9559	0.003304	0.005465
0.9821	-0.02234	-0.005878
0.9857	-0.02984	-0.02094
0.9862	-0.06016	-0.01317
0.9714	-0.1326	0.0127
0.9823	-0.1428	0.02199
0.9919	-0.04463	0.02898
1.034	0.1254	0.04554
1.108	0.1979	0.0746
1.165	0.1248	0.07587
1.268	-0.01567	0.04576
1.309	-0.2078	-0.007218
1.245	-0.3415	-0.1119
1.216	-0.3835	-0.1562
1.161	-0.4559	-0.1252
1.054	-0.52	-0.1082
1.033	-0.5035	-0.03782
1.078	-0.4675	0.002029
1.117	-0.3755	-0.04868
1.155	-0.2336	-0.05791
1.149	-0.1757	-0.05879
1.101	-0.1882	-0.05337
1.031	-0.2138	-0.008739
0.8921	-0.2262	0.01813
0.7425	-0.1971	0.0603
0.6598	-0.1603	0.094
0.6484	-0.1384	0.09249
0.7208	-0.1156	0.09981
0.8252	-0.08889	0.09246
0.8943	-0.1032	0.09218
0.9145	-0.1255	0.1232
0.9044	-0.08986	0.1441
0.9096	-0.04079	0.1546
0.9404	0.0154	0.145
1.022	0.02867	0.07416
1.195	-0.07025	-0.01336
1.394	-0.2065	-0.01866
1.47	-0.2763	0.0332
1.357	-0.2031	0.06457
1.249	-0.1236	0.08912
1.307	-0.188	0.07575
1.408	-0.2856	-0.002455
1.417	-0.4452	-0.04639
1.148	-0.6253	-0.01903
0.7007	-0.5895	0.01045
0.6313	-0.4111	-0.005986
0.8381	-0.2452	-0.02871
0.9048	-0.1954	-0.03445
0.992	-0.2629	-0.06761
1.034	-0.2811	-0.07458
0.9332	-0.32	-0.05733
0.8894	-0.3425	-0.0661
0.833	-0.2447	-0.04266
0.8076	-0.1958	-0.0245
0.8692	-0.143	-0.02988
0.8923	-0.09815	-0.02549
0.9493	-0.129	-0.03149
0.9758	-0.09414	-0.01699
0.9184	-0.07582	0.006047
0.9052	-0.06691	0.02068
0.913	-0.016	0.02559
0.9226	-0.005239	0.01804
0.9386	0.005304	0.0229
0.9818	-0.01277	-0.001251
1.05	-0.01637	-0.02693
1.066	0.01424	-0.01309
0.9857	-0.02984	-0.02094
0.9862	-0.06016	-0.01317
0.9714	-0.1326	0.0127
0.9823	-0.1428	0.02199
0.9919	-0.04463	0.02898
1.034	0.1254	0.04554
1.108	0.1979	0.0746
1.165	0.1248	0.07587
1.268	-0.01567	0.04576
1.309	-0.2078	-0.007218
1.245	-0.3415	-0.1119
1.216	-0.3835	-0.1562
1.161	-0.4559	-0.1252
1.054	-0.52	-0.1082
1.033	-0.5035	-0.03782
1.078	-0.4675	0.002029
1.117	-0.3755	-0.04868
1.155	-0.2336	-0.05791
1.149	-0.1757	-0.05879
1.101	-0.1882	-0.05337
1.031	-0.2138	-0.008739
0.8921	-0.2262	0.01813
0.7425	-0.1971	0.0603
0.6598	-0.1603	0.094
0.6484	-0.1384	0.09249
0.7208	-0.1156	0.09981
0.8252	-0.08889	0.09246
0.8943	-0.1032	0.09218
0.9145	-0.1255	0.1232
0.9044	-0.08986	0.1441
0.9096	-0.04079	0.1546
0.9404	0.0154	0.145
1.022	0.02867	0.07416
1.195	-0.07025	-0.01336
1.394	-0.2065	-0.01866
1.47	-0.2763	0.0332
1.357	-0.2031	0.06457
1.249	-0.1236	0.08912
1.307	-0.188	0.07575
1.408	-0.2856	-0.002455
1.417	-0.4452	-0.04639
1.148	-0.6253	-0.01903
0.7007	-0.5895	0.01045
0.6313	-0.4111	-0.005986
0.8381	-0.2452	-0.02871
0.9048	-0.1954	-0.03445
0.992	-0.2629	-0.06761
1.034	-0.2811	-0.07458
0.9332	-0.32	-0.05733
0.8894	-0.3425	-0.0661
0.833	-0.2447	-0.04266
0.8076	-0.1958	-0.0245
0.8692	-0.143	-0.02988
0.8923	-0.09815	-0.02549
0.9493	-0.129	-0.03149
0.9758	-0.09414	-0.01699
0.9184	-0.07582	0.006047
0.9052	-0.06691	0.02068
0.913	-0.016	0.02559
0.9226	-0.005239	0.01804
0.9386	0.005304	0.0229
0.9818	-0.01277	-0.001251
1.05	-0.01637	-0.02693
1.066	0.01424	-0.01309
1.083	0.04343	0.001543
1.116	0.123	0.05582
1.177	0.0777	0.1111
1.344	-0.1782	0.03784
1.418	-0.4987	-0.1075
1.301	-0.6547	-0.1813
1.186	-0.5529	-0.1837
1.092	-0.4955	-0.1333
1.037	-0.4553	-0.06106
1.1	-0.2838	-0.06863
1.133	-0.1763	-0.09354
1.085	-0.08556	-0.07244
1.069	-0.06005	-0.05432
1.064	-0.1605	-0.0124
1.028	-0.1838	0.009502
0.9155	-0.1693	0.01904
0.7431	-0.1458	0.09024
0.6918	-0.1226	0.1265
0.7192	-0.1441	0.119
0.6486	-0.1344	0.1413
0.6358	-0.1377	0.1414
0.768	-0.1405	0.1132
0.8421	-0.1295	0.1078
0.8255	-0.1324	0.1159
0.8359	-0.08288	0.1313
0.902	-0.02683	0.1566
0.9532	0.0161	0.1486
0.9939	0.03462	0.09279
1.135	-0.04496	0.04232
1.341	-0.2162	0.0472
1.478	-0.3469	0.06618
1.442	-0.2998	0.04195
1.415	-0.2738	0.01871
1.612	-0.4001	-0.002666
1.652	-0.4935	-0.0079
1.214	-0.5197	0.06632
0.6327	-0.4447	0.1128
0.4872	-0.2931	0.09258
0.7638	-0.2501	0.06732
0.8965	-0.3005	-0.003459
0.981	-0.405	-0.05084
1.073	-0.52	-0.04301
0.8835	-0.4951	-0.06288
0.7357	-0.361	-0.06793
0.6987	-0.226	-0.0504
0.7271	-0.1333	-0.0465
0.8917	-0.1134	-0.03975
0.947	-0.1063	-0.03811
0.9652	-0.07705	-0.02137
0.9573	-0.06221	0.008649
0.912	-0.02837	0.01383
0.956	0.02297	0.005164
0.9703	0.02884	-0.006284
1.041	-0.0008852	-0.01167
1.101	-0.04429	0.01149
1.053	-0.07275	0.03805
1.03	-0.03095	0.01946
0.9717	0.1015	0.001225
1.048	0.2173	0.03167
1.275	0.08573	0.03295
1.37	-0.2503	-0.03595
1.312	-0.5199	-0.1153
1.186	-0.6415	-0.1432
1.126	-0.6233	-0.1218
1.083	0.04343	0.001543
1.116	0.123	0.05582
1.177	0.0777	0.1111
1.344	-0.1782	0.03784
1.418	-0.4987	-0.1075
1.301	-0.6547	-0.1813
1.186	-0.5529	-0.1837
1.092	-0.4955	-0.1333
1.037	-0.4553	-0.06106
1.1	-0.2838	-0.06863
1.133	-0.1763	-0.09354
1.085	-0.08556	-0.07244
1.069	-0.06005	-0.05432
1.064	-0.1605	-0.0124
1.028	-0.1838	0.009502
0.9155	-0.1693	0.01904
0.7431	-0.1458	0.09024
0.6918	-0.1226	0.1265
0.7192	-0.1441	0.119
0.6486	-0.1344	0.1413
0.6358	-0.1377	0.1414
0.768	-0.1405	0.1132
0.8421	-0.1295	0.1078
0.8255	-0.1324	0.1159
0.8359	-0.08288	0.1313
0.902	-0.02683	0.1566
0.9532	0.0161	0.1486
0.9939	0.03462	0.09279
1.135	-0.04496	0.04232
1.341	-0.2162	0.0472
1.478	-0.3469	0.06618
1.442	-0.2998	0.04195
1.415	-0.2738	0.01871
1.612	-0.4001	-0.002666
1.652	-0.4935	-0.0079
1.214	-0.5197	0.06632
0.6327	-0.4447	0.1128
0.4872	-0.2931	0.09258
0.7638	-0.2501	0.06732
0.8965	-0.3005	-0.003459
0.981	-0.405	-0.05084
1.073	-0.52	-0.04301
0.8835	-0.4951	-0.06288
0.7357	-0.361	-0.06793
0.6987	-0.226	-0.0504
0.7271	-0.1333	-0.0465
0.8917	-0.1134	-0.03975
0.947	-0.1063	-0.03811
0.9652	-0.07705	-0.02137
0.9573	-0.06221	0.008649
0.912	-0.02837	0.01383
0.956	0.02297	0.005164
0.9703	0.02884	-0.006284
1.041	-0.0008852	-0.01167
1.101	-0.04429	0.01149
1.053	-0.07275	0.03805
1.03	-0.03095	0.01946
0.9717	0.1015	0.001225
1.048	0.2173	0.03167
1.275	0.08573	0.03295
1.37	-0.2503	-0.03595
1.312	-0.5199	-0.1153
1.186	-0.6415	-0.1432
1.126	-0.6233	-0.1218
1.116	-0.5757	-0.08817
1.155	-0.5593	-0.0454
1.268	-0.4442	-0.05401
1.247	-0.3041	-0.08978
1.141	-0.2183	-0.05089
0.9984	-0.1308	-0.01516
0.8521	-0.085	0.005165
0.8452	-0.08245	0.03753
0.7455	-0.08996	0.04743
0.6033	-0.07228	0.09056
0.66	-0.0749	0.103
0.7177	-0.131	0.08564
0.758	-0.149	0.1106
0.8325	-0.1573	0.09459
0.8238	-0.1217	0.09807
0.8128	-0.04523	0.1374
0.8511	-0.03871	0.1421
0.8765	-0.03157	0.1385
0.9406	-0.03513	0.07384
1.055	-0.08363	0.01428
1.206	-0.1992	0.02945
1.412	-0.3455	0.03148
1.467	-0.2656	0.03442
1.31	-0.07394	0.0602
1.295	-0.02912	0.07262
1.484	-0.08007	0.04841
1.57	-0.2806	0.008112
1.29	-0.5888	0.01565
0.728	-0.7067	0.06242
0.4892	-0.5385	0.07178
0.7794	-0.34	0.01132
1.082	-0.309	-0.05763
1.124	-0.3259	-0.07038
1.014	-0.3485	-0.04801
0.8953	-0.3781	-0.05221
0.8443	-0.3182	-0.06658
0.809	-0.2394	-0.05444
0.7656	-0.1789	-0.0441
0.7958	-0.1346	-0.02272
0.8707	-0.1193	-0.01387
0.9018	-0.07165	-0.02524
0.9077	-0.03392	-0.005942
0.8996	0.0004106	-0.006044
0.9381	0.05301	-0.01461
1.04	0.07338	-0.02021
1.078	0.06872	-0.04888
1.034	0.01826	-0.03199
0.9774	-0.05203	-0.005591
0.9774	-0.08277	-0.004746
0.9996	-0.01948	0.01135
1.03	0.09032	0.02603
1.203	0.06079	0.0346
1.392	-0.1146	-0.01814
1.413	-0.3437	-0.1284
1.336	-0.4691	-0.1665
1.228	-0.4302	-0.1369
1.089	-0.4626	-0.09819
1.007	-0.537	-0.04248
1.138	-0.5422	-0.01851
1.251	-0.5307	-0.03746
1.111	-0.3726	-0.03513
1.002	-0.1664	-0.02832
0.9995	-0.1415	-0.03038
0.9201	-0.1842	0.005737
1.116	-0.5757	-0.08817
1.155	-0.5593	-0.0454
1.268	-0.4442	-0.05401
1.247	-0.3041	-0.08978
1.141	-0.2183	-0.05089
0.9984	-0.1308	-0.01516
0.8521	-0.085	0.005165
0.8452	-0.08245	0.03753
0.7455	-0.08996	0.04743
0.6033	-0.07228	0.09056
0.66	-0.0749	0.103
0.7177	-0.131	0.08564
0.758	-0.149	0.1106
0.8325	-0.1573	0.09459
0.8238	-0.1217	0.09807
0.8128	-0.04523	0.1374
0.8511	-0.03871	0.1421
0.8765	-0.03157	0.1385
0.9406	-0.03513	0.07384
1.055	-0.08363	0.01428
1.206	-0.1992	0.02945
1.412	-0.3455	0.03148
1.467	-0.2656	0.03442
1.31	-0.07394	0.0602
1.295	-0.02912	0.07262
1.484	-0.08007	0.04841
1.57	-0.2806	0.008112
1.29	-0.5888	0.01565
0.728	-0.7067	0.06242
0.4892	-0.5385	0.07178
0.7794	-0.34	0.01132
1.082	-0.309	-0.05763
1.124	-0.3259	-0.07038
1.014	-0.3485	-0.04801
0.8953	-0.3781	-0.05221
0.8443	-0.3182	-0.06658
0.809	-0.2394	-0.05444
0.7656	-0.1789	-0.0441
0.7958	-0.1346	-0.02272
0.8707	-0.1193	-0.01387
0.9018	-0.07165	-0.02524
0.9077	-0.03392	-0.005942
0.8996	0.0004106	-0.006044
0.9381	0.05301	-0.01461
1.04	0.07338	-0.02021
1.078	0.06872	-0.04888
1.034	0.01826	-0.03199
0.9774	-0.05203	-0.005591
0.9774	-0.08277	-0.004746
0.9996	-0.01948	0.01135
1.03	0.09032	0.02603
1.203	0.06079	0.0346
1.392	-0.1146	-0.01814
1.413	-0.3437	-0.1284
1.336	-0.4691	-0.1665
1.228	-0.4302	-0.1369
1.089	-0.4626	-0.09819
1.007	-0.537	-0.04248
1.138	-0.5422	-0.01851
1.251	-0.5307	-0.03746
1.111	-0.3726	-0.03513
1.002	-0.1664	-0.02832
0.9995	-0.1415	-0.03038
0.9201	-0.1842	0.005737
0.7939	-0.159	0.0455
0.7336	-0.13	0.04546
0.7141	-0.1422	0.0529
0.6022	-0.1144	0.1016
0.5391	-0.09413	0.1389
0.6681	-0.1138	0.1208
0.7661	-0.07736	0.1041
0.7728	-0.05462	0.1164
0.8285	-0.04465	0.1348
0.9291	-0.006695	0.1657
1.007	-0.01115	0.1495
1.072	-0.03027	0.0599
1.213	-0.1014	0.004706
1.416	-0.228	0.05919
1.527	-0.2456	0.1436
1.449	-0.1397	0.1346
1.362	-0.07123	0.08638
1.447	-0.1323	0.05065
1.451	-0.3497	0.001096
1.219	-0.68	0.01846
0.8382	-0.7987	0.0493
0.545	-0.5512	0.02563
0.7513	-0.2932	0.0139
1.072	-0.2043	-0.02874
1.045	-0.2036	-0.0518
1.005	-0.2847	-0.02998
0.9259	-0.3501	-0.06059
0.808	-0.341	-0.07327
0.8047	-0.2842	-0.05318
0.7643	-0.1789	-0.04272
0.8237	-0.1069	-0.02789
0.9103	-0.07805	-0.03102
0.8997	-0.03718	-0.01999
0.928	-0.008155	-0.0007049
0.8967	0.007746	0.002448
0.8948	0.02317	0.008819
0.9517	0.03894	0.004554
0.9818	0.01858	0.009024
1.052	-0.05101	0.02985
1.061	-0.108	0.04638
1.039	-0.08489	0.05053
1.038	0.08485	0.05039
1.107	0.22	0.07343
1.316	0.0286	0.06861
1.42	-0.3081	-0.03269
1.32	-0.4548	-0.1712
1.182	-0.4718	-0.2038
1.099	-0.5008	-0.131
1.04	-0.5415	-0.07661
1.083	-0.5583	-0.03642
1.26	-0.4776	-0.0448
1.294	-0.3371	-0.1077
1.203	-0.2287	-0.09019
1.097	-0.1672	-0.05397
0.9455	-0.1579	-0.02658
0.8626	-0.1511	0.04081
0.7317	-0.1469	0.07043
0.5814	-0.1391	0.1093
0.5589	-0.1149	0.1598
0.5542	-0.1312	0.1798
0.6326	-0.1204	0.1744
0.7688	-0.09018	0.1043
0.8414	-0.06107	0.07848
0.8986	-0.002335	0.1154
0.7939	-0.159	0.0455
0.7336	-0.13	0.04546
0.7141	-0.1422	0.0529
0.6022	-0.1144	0.1016
0.5391	-0.09413	0.1389
0.6681	-0.1138	0.1208
0.7661	-0.07736	0.1041
0.7728	-0.05462	0.1164
0.8285	-0.04465	0.1348
0.9291	-0.006695	0.1657
1.007	-0.01115	0.1495
1.072	-0.03027	0.0599
1.213	-0.1014	0.004706
1.416	-0.228	0.05919
1.527	-0.2456	0.1436
1.449	-0.1397	0.1346
1.362	-0.07123	0.08638
1.447	-0.1323	0.05065
1.451	-0.3497	0.001096
1.219	-0.68	0.01846
0.8382	-0.7987	0.0493
0.545	-0.5512	0.02563
0.7513	-0.2932	0.0139
1.072	-0.2043	-0.02874
1.045	-0.2036	-0.0518
1.005	-0.2847	-0.02998
0.9259	-0.3501	-0.06059
0.808	-0.341	-0.07327
0.8047	-0.2842	-0.05318
0.7643	-0.1789	-0.04272
0.8237	-0.1069	-0.02789
0.9103	-0.07805	-0.03102
0.8997	-0.03718	-0.01999
0.928	-0.008155	-0.0007049
0.8967	0.007746	0.002448
0.8948	0.02317	0.008819
0.9517	0.03894	0.004554
0.9818	0.01858	0.009024
1.052	-0.05101	0.02985
1.061	-0.108	0.04638
1.039	-0.08489	0.05053
1.038	0.08485	0.05039
1.107	0.22	0.07343
1.316	0.0286	0.06861
1.42	-0.3081	-0.03269
1.32	-0.4548	-0.1712
1.182	-0.4718	-0.2038
1.099	-0.5008	-0.131
1.04	-0.5415	-0.07661
1.083	-0.5583	-0.03642
1.26	-0.4776	-0.0448
1.294	-0.3371	-0.1077
1.203	-0.2287	-0.09019
1.097	-0.1672	-0.05397
0.9455	-0.1579	-0.02658
0.8626	-0.1511	0.04081
0.7317	-0.1469	0.07043
0.5814	-0.1391	0.1093
0.5589	-0.1149	0.1598
0.5542	-0.1312	0.1798
0.6326	-0.1204	0.1744
0.7688	-0.09018	0.1043
0.8414	-0.06107	0.07848
0.8986	-0.002335	0.1154
0.9698	-0.01476	0.1439
1.026	-0.02913	0.1586
1.043	-0.02789	0.07033
1.151	-0.1232	-0.01636
1.292	-0.2011	0.01682
1.347	-0.2112	0.03478
1.462	-0.2648	-0.001163
1.495	-0.379	-0.02515
1.46	-0.4379	-0.04267
1.554	-0.4518	-0.04709
1.426	-0.5438	-0.002531
0.9522	-0.6029	0.05739
0.486	-0.482	0.1069
0.4214	-0.2586	0.09834
0.8081	-0.1331	0.00324
1.088	-0.1722	-0.06819
1.126	-0.276	-0.09967
1.088	-0.3959	-0.0941
0.8966	-0.4236	-0.07215
0.7442	-0.3207	-0.08224
0.6743	-0.2109	-0.03236
0.7199	-0.1119	-0.003223
0.8733	-0.04976	-0.02713
0.9294	-0.02656	-0.007165
1	0.009296	-0.01643
0.9554	0.01587	-0.01512
0.8651	0.01509	0.004102
0.9458	0.03021	-0.007911
0.9701	0.01453	-0.0221
1.038	-0.01776	-0.04385
1.046	-0.07365	0.0238
0.9441	-0.1258	0.102
0.993	-0.04182	0.04658
1.016	0.1686	0.01486
1.105	0.2795	0.06307
1.281	0.1437	0.106
1.341	-0.07517	0.09997
1.341	-0.3079	-0.05785
1.27	-0.6534	-0.2466
1.233	-0.728	-0.182
1.194	-0.5073	-0.04836
1.168	-0.499	-0.06543
1.256	-0.3734	-0.05651
1.216	-0.1097	-0.05756
1.14	-0.1225	-0.06813
1.062	-0.08186	0.004908
0.8977	-0.09615	0.02068
0.7963	-0.1976	0.0531
0.6634	-0.1079	0.1037
0.6392	-0.1199	0.0849
0.7363	-0.1237	0.09449
0.7433	-0.08008	0.08148
0.8162	-0.1237	0.07469
0.8608	-0.07427	0.09764
0.8468	-0.06403	0.09836
0.8775	-0.04226	0.1307
0.8715	0.02301	0.1461
0.935	-0.01054	0.1361
1.021	-0.04097	0.07904
1.11	-0.1309	0.002817
1.313	-0.257	0.03274
1.454	-0.2882	0.06436
1.404	-0.1779	0.05726
1.332	-0.03383	0.06071
0.9698	-0.01476	0.1439
1.026	-0.02913	0.1586
1.043	-0.02789	0.07033
1.151	-0.1232	-0.01636
1.292	-0.2011	0.01682
1.347	-0.2112	0.03478
1.462	-0.2648	-0.001163
1.495	-0.379	-0.02515
1.46	-0.4379	-0.04267
1.554	-0.4518	-0.04709
1.426	-0.5438	-0.002531
0.9522	-0.6029	0.05739
0.486	-0.482	0.1069
0.4214	-0.2586	0.09834
0.8081	-0.1331	0.00324
1.088	-0.1722	-0.06819
1.126	-0.276	-0.09967
1.088	-0.3959	-0.0941
0.8966	-0.4236	-0.07215
0.7442	-0.3207	-0.08224
0.6743	-0.2109	-0.03236
0.7199	-0.1119	-0.003223
0.8733	-0.04976	-0.02713
0.9294	-0.02656	-0.007165
1	0.009296	-0.01643
0.9554	0.01587	-0.01512
0.8651	0.01509	0.004102
0.9458	0.03021	-0.007911
0.9701	0.01453	-0.0221
1.038	-0.01776	-0.04385
1.046	-0.07365	0.0238
0.9441	-0.1258	0.102
0.993	-0.04182	0.04658
1.016	0.1686	0.01486
1.105	0.2795	0.06307
1.281	0.1437	0.106
1.341	-0.07517	0.09997
1.341	-0.3079	-0.05785
1.27	-0.6534	-0.2466
1.233	-0.728	-0.182
1.194	-0.5073	-0.04836
1.168	-0.499	-0.06543
1.256	-0.3734	-0.05651
1.216	-0.1097	-0.05756
1.14	-0.1225	-0.06813
1.062	-0.08186	0.004908
0.8977	-0.09615	0.02068
0.7963	-0.1976	0.0531
0.6634	-0.1079	0.1037
0.6392	-0.1199	0.0849
0.7363	-0.1237	0.09449
0.7433	-0.08008	0.08148
0.8162	-0.1237	0.07469
0.8608	-0.07427	0.09764
0.8468	-0.06403	0.09836
0.8775	-0.04226	0.1307
0.8715	0.02301	0.1461
0.935	-0.01054	0.1361
1.021	-0.04097	0.07904
1.11	-0.1309	0.002817
1.313	-0.257	0.03274
1.454	-0.2882	0.06436
1.404	-0.1779	0.05726
1.332	-0.03383	0.06071
1.449	-0.146	-0.003758
1.699	-0.4165	-0.1191
1.832	-0.6155	-0.1751
1.407	-0.6791	-0.1208
0.5647	-0.6349	-0.01715
0.3625	-0.5448	0.05128
0.7011	-0.2756	0.03416
0.8854	-0.1358	-0.03659
1.119	-0.2977	-0.06214
1.192	-0.3151	-0.08914
1.028	-0.3351	-0.1366
0.9899	-0.3672	-0.1195
0.906	-0.1868	-0.08224
0.8062	-0.09549	-0.0552
0.8316	-0.0467	-0.0344
0.851	-0.008303	-0.02826
0.846	-0.04495	-0.005643
0.8338	-0.01465	-0.001005
0.8359	-0.004423	-0.009786
0.8916	0.02734	-0.005109
1.005	0.03526	-0.02213
1.067	-0.02724	-0.04242
1.027	-0.04382	-0.03637
0.9912	-0.1111	0.02126
0.9653	-0.139	0.0826
0.9661	-0.05677	0.05758
1.049	0.08059	0.03149
1.163	0.1723	0.05693
1.261	-0.04258	0.03717
1.287	-0.3566	-0.03202
1.219	-0.448	-0.09997
1.159	-0.4536	-0.1333
1.182	-0.4856	-0.1171
1.223	-0.4841	-0.09013
1.292	-0.4434	-0.06174
1.389	-0.3807	-0.07108
1.285	-0.2446	-0.1045
1.053	-0.1174	-0.04859
0.9515	-0.1044	0.0152
0.8657	-0.1268	0.02619
0.7671	-0.1343	0.05228
0.72	-0.1184	0.06654
0.6573	-0.1099	0.0891
0.6607	-0.1265	0.1115
0.7022	-0.1203	0.116
0.7254	-0.09708	0.1306
0.7823	-0.04928	0.1353
0.7997	-0.01024	0.1684
0.8269	-0.01146	0.1799
0.9144	-0.007129	0.1349
1.009	-0.04262	0.071
1.154	-0.1623	-0.01973
1.34	-0.3407	0.006521
1.497	-0.4512	0.1073
1.471	-0.3188	0.123
1.245	-0.1026	0.1362
1.143	-0.06722	0.1335
1.339	-0.1278	0.1385
1.509	-0.2076	0.1639
1.243	-0.4269	0.07116
0.7959	-0.6509	-0.02656
0.6975	-0.5386	-0.03354
0.8937	-0.2675	-0.06058
1.113	-0.2324	-0.1183
1.449	-0.146	-0.003758
1.699	-0.4165	-0.1191
1.832	-0.6155	-0.1751
1.407	-0.6791	-0.1208
0.5647	-0.6349	-0.01715
0.3625	-0.5448	0.05128
0.7011	-0.2756	0.03416
0.8854	-0.1358	-0.03659
1.119	-0.2977	-0.06214
1.192	-0.3151	-0.08914
1.028	-0.3351	-0.1366
0.9899	-0.3672	-0.1195
0.906	-0.1868	-0.08224
0.8062	-0.09549	-0.0552
0.8316	-0.0467	-0.0344
0.851	-0.008303	-0.02826
0.846	-0.04495	-0.005643
0.8338	-0.01465	-0.001005
0.8359	-0.004423	-0.009786
0.8916	0.02734	-0.005109
1.005	0.03526	-0.02213
1.067	-0.02724	-0.04242
1.027	-0.04382	-0.03637
0.9912	-0.1111	0.02126
0.9653	-0.139	0.0826
0.9661	-0.05677	0.05758
1.049	0.08059	0.03149
1.163	0.1723	0.05693
1.261	-0.04258	0.03717
1.287	-0.3566	-0.03202
1.219	-0.448	-0.09997
1.159	-0.4536	-0.1333
1.182	-0.4856	-0.1171
1.223	-0.4841	-0.09013
1.292	-0.4434	-0.06174
1.389	-0.3807	-0.07108
1.285	-0.2446	-0.1045
1.053	-0.1174	-0.04859
0.9515	-0.1044	0.0152
0.8657	-0.1268	0.02619
0.7671	-0.1343	0.05228
0.72	-0.1184	0.06654
0.6573	-0.1099	0.0891
0.6607	-0.1265	0.1115
0.7022	-0.1203	0.116
0.7254	-0.09708	0.1306
0.7823	-0.04928	0.1353
0.7997	-0.01024	0.1684
0.8269	-0.01146	0.1799
0.9144	-0.007129	0.1349
1.009	-0.04262	0.071
1.154	-0.1623	-0.01973
1.34	-0.3407	0.006521
1.497	-0.4512	0.1073
1.471	-0.3188	0.123
1.245	-0.1026	0.1362
1.143	-0.06722	0.1335
1.339	-0.1278	0.1385
1.509	-0.2076	0.1639
1.243	-0.4269	0.07116
0.7959	-0.6509	-0.02656
0.6975	-0.5386	-0.03354
0.8937	-0.2675	-0.06058
1.113	-0.2324	-0.1183
1.116	-0.2489	-0.1188
0.9446	-0.2518	-0.05595
0.8584	-0.3408	-0.03927
0.8051	-0.2975	-0.05152
0.7784	-0.2376	-0.04427
0.7772	-0.2118	-0.05047
0.8051	-0.1294	-0.04852
0.9334	-0.1284	-0.05579
0.9682	-0.06399	-0.04233
0.9581	0.008648	0.003656
0.9565	-0.001956	0.01992
0.895	0.0629	0.01971
0.9112	0.07658	-0.01535
0.9467	0.04872	-0.04177
1.021	0.009341	-0.01214
1.117	-0.077	0.005338
1.089	-0.06921	0.004508
1.054	0.02116	0.01242
1.051	0.1556	0.04225
1.128	0.1881	0.0617
1.282	-0.07504	0.02288
1.309	-0.4448	-0.07737
1.191	-0.5891	-0.1859
1.085	-0.5221	-0.1806
1.129	-0.5121	-0.09476
1.272	-0.5236	-0.0598
1.372	-0.4516	-0.07373
1.333	-0.3606	-0.0797
1.124	-0.1811	-0.03844
0.9392	-0.01917	0.003706
0.9004	-0.04022	0.01017
0.8866	-0.1018	0.03071
0.7911	-0.1038	0.05889
0.6991	-0.09687	0.0771
0.7039	-0.1066	0.09366
0.7101	-0.1304	0.09958
0.7211	-0.1576	0.1009
0.7598	-0.1433	0.1038
0.7743	-0.1053	0.1086
0.828	-0.07496	0.1191
0.884	-0.004465	0.1372
0.8947	0.018	0.1321
0.9258	-0.04712	0.05767
1.02	-0.1045	-0.03244
1.128	-0.1683	-0.03892
1.196	-0.187	0.00515
1.297	-0.1735	0.04085
1.308	-0.2055	0.07256
1.304	-0.2327	0.01038
1.642	-0.3568	-0.1014
1.878	-0.5218	-0.0755
1.411	-0.5549	-0.01485
0.6857	-0.59	0.03175
0.4732	-0.4921	0.1147
0.7258	-0.1969	0.0417
0.9655	-0.1251	-0.08892
1.148	-0.2335	-0.07927
1.177	-0.321	-0.06674
1.007	-0.4675	-0.06369
0.9151	-0.4525	-0.0503
0.8095	-0.2435	-0.06429
0.7566	-0.1017	-0.05394
0.8908	-0.01745	-0.05224
0.931	0.02316	-0.05156
1.116	-0.2489	-0.1188
0.9446	-0.2518	-0.05595
0.8584	-0.3408	-0.03927
0.8051	-0.2975	-0.05152
0.7784	-0.2376	-0.04427
0.7772	-0.2118	-0.05047
0.8051	-0.1294	-0.04852
0.9334	-0.1284	-0.05579
0.9682	-0.06399	-0.04233
0.9581	0.008648	0.003656
0.9565	-0.001956	0.01992
0.895	0.0629	0.01971
0.9112	0.07658	-0.01535
0.9467	0.04872	-0.04177
1.021	0.009341	-0.01214
1.117	-0.077	0.005338
1.089	-0.06921	0.004508
1.054	0.02116	0.01242
1.051	0.1556	0.04225
1.128	0.1881	0.0617
1.282	-0.07504	0.02288
1.309	-0.4448	-0.07737
1.191	-0.5891	-0.1859
1.085	-0.5221	-0.1806
1.129	-0.5121	-0.09476
1.272	-0.5236	-0.0598
1.372	-0.4516	-0.07373
1.333	-0.3606	-0.0797
1.124	-0.1811	-0.03844
0.9392	-0.01917	0.003706
0.9004	-0.04022	0.01017
0.8866	-0.1018	0.03071
0.7911	-0.1038	0.05889
0.6991	-0.09687	0.0771
0.7039	-0.1066	0.09366
0.7101	-0.1304	0.09958
0.7211	-0.1576	0.1009
0.7598	-0.1433	0.1038
0.7743	-0.1053	0.1086
0.828	-0.07496	0.1191
0.884	-0.004465	0.1372
0.8947	0.018	0.1321
0.9258	-0.04712	0.05767
1.02	-0.1045	-0.03244
1.128	-0.1683	-0.03892
1.196	-0.187	0.00515
1.297	-0.1735	0.04085
1.308	-0.2055	0.07256
1.304	-0.2327	0.01038
1.642	-0.3568	-0.1014
1.878	-0.5218	-0.0755
1.411	-0.5549	-0.01485
0.6857	-0.59	0.03175
0.4732	-0.4921	0.1147
0.7258	-0.1969	0.0417
0.9655	-0.1251	-0.08892
1.148	-0.2335	-0.07927
1.177	-0.321	-0.06674
1.007	-0.4675	-0.06369
0.9151	-0.4525	-0.0503
0.8095	-0.2435	-0.06429
0.7566	-0.1017	-0.05394
0.8908	-0.01745	-0.05224
0.931	0.02316	-0.05156
0.9416	0.02408	-0.03113
0.9544	0.003356	-0.02127
0.8778	-0.05863	0.006607
0.8612	-0.07996	0.02296
0.848	-0.09537	0.01366
0.8841	-0.1188	0.001422
0.9743	-0.1166	-0.01335
0.9896	-0.1352	0.01073
1.05	-0.1089	0.0392
1.088	-0.01918	0.02724
1.087	0.1337	0.03246
1.177	0.2113	0.0619
1.279	-0.0462	0.05255
1.316	-0.4107	-0.01963
1.218	-0.5461	-0.09006
1.081	-0.5023	-0.0796
1.076	-0.4015	-0.05454
1.179	-0.2976	-0.07885
1.37	-0.246	-0.07205
1.48	-0.2496	-0.06535
1.292	-0.178	-0.08671
1.002	-0.08273	-0.03701
0.8868	-0.1163	0.02659
0.8346	-0.1727	0.0523
0.7449	-0.2001	0.06848
0.692	-0.182	0.07173
0.6518	-0.1097	0.09917
0.6822	-0.108	0.1066
0.7608	-0.1251	0.08685
0.7832	-0.1161	0.09354
0.8322	-0.1232	0.1012
0.8784	-0.09812	0.1312
0.9122	-0.06896	0.1625
0.9696	-0.04761	0.1488
1.006	-0.04461	0.1093
1.156	-0.1079	0.07165
1.406	-0.2006	0.08891
1.493	-0.2552	0.1177
1.332	-0.209	0.09529
1.211	-0.1687	0.04499
1.344	-0.2707	-0.02902
1.424	-0.4791	-0.0708
1.257	-0.6673	-0.05241
0.9427	-0.5893	-0.017
0.6369	-0.3414	0.02704
0.7147	-0.1962	0.006119
0.9825	-0.09552	-0.05947
1.02	-0.1734	-0.06055
1.06	-0.3597	-0.0617
1.05	-0.3544	-0.06573
0.9125	-0.3294	-0.03957
0.8388	-0.2316	-0.03205
0.7112	-0.02931	0.0002439
0.6904	0.02828	0.0236
0.77	0.0381	0.009895
0.7988	0.02255	0.001767
0.986	-0.01133	-0.03675
1.066	-0.01972	-0.05632
0.9714	-0.05536	-0.02821
0.9692	-0.04997	0.001514
0.9502	-0.06025	0.01913
0.9536	-0.06325	-4.079e-05
0.9838	-0.05187	-0.008608
1.011	-0.1086	0.02647
0.9416	0.02408	-0.03113
0.9544	0.003356	-0.02127
0.8778	-0.05863	0.006607
0.8612	-0.07996	0.02296
0.848	-0.09537	0.01366
0.8841	-0.1188	0.001422
0.9743	-0.1166	-0.01335
0.9896	-0.1352	0.01073
1.05	-0.1089	0.0392
1.088	-0.01918	0.02724
1.087	0.1337	0.03246
1.177	0.2113	0.0619
1.279	-0.0462	0.05255
1.316	-0.4107	-0.01963
1.218	-0.5461	-0.09006
1.081	-0.5023	-0.0796
1.076	-0.4015	-0.05454
1.179	-0.2976	-0.07885
1.37	-0.246	-0.07205
1.48	-0.2496	-0.06535
1.292	-0.178	-0.08671
1.002	-0.08273	-0.03701
0.8868	-0.1163	0.02659
0.8346	-0.1727	0.0523
0.7449	-0.2001	0.06848
0.692	-0.182	0.07173
0.6518	-0.1097	0.09917
0.6822	-0.108	0.1066
0.7608	-0.1251	0.08685
0.7832	-0.1161	0.09354
0.8322	-0.1232	0.1012
0.8784	-0.09812	0.1312
0.9122	-0.06896	0.1625
0.9696	-0.04761	0.1488
1.006	-0.04461	0.1093
1.156	-0.1079	0.07165
1.406	-0.2006	0.08891
1.493	-0.2552	0.1177
1.332	-0.209	0.09529
1.211	-0.1687	0.04499
1.344	-0.2707	-0.02902
1.424	-0.4791	-0.0708
1.257	-0.6673	-0.05241
0.9427	-0.5893	-0.017
0.6369	-0.3414	0.02704
0.7147	-0.1962	0.006119
0.9825	-0.09552	-0.05947
1.02	-0.1734	-0.06055
1.06	-0.3597	-0.0617
1.05	-0.3544	-0.06573
0.9125	-0.3294	-0.03957
0.8388	-0.2316	-0.03205
0.7112	-0.02931	0.0002439
0.6904	0.02828	0.0236
0.77	0.0381	0.009895
0.7988	0.02255	0.001767
0.986	-0.01133	-0.03675
1.066	-0.01972	-0.05632
0.9714	-0.05536	-0.02821
0.9692	-0.04997	0.001514
0.9502	-0.06025	0.01913
0.9536	-0.06325	-4.079e-05
0.9838	-0.05187	-0.008608
1.011	-0.1086	0.02647
1.058	-0.1037	0.05252
1.032	-0.005925	0.04576
1.032	0.1304	0.04338
1.126	0.1189	0.05378
1.278	-0.1504	0.003655
1.363	-0.3975	-0.08252
1.228	-0.468	-0.1286
1.079	-0.4451	-0.1373
1.124	-0.4366	-0.08808
1.267	-0.4072	-0.02848
1.371	-0.3587	-0.04312
1.344	-0.3499	-0.07578
1.235	-0.2195	-0.07223
1.129	-0.09147	-0.05005
0.968	-0.09234	-0.002308
0.8475	-0.08073	0.04237
0.8053	-0.09993	0.05991
0.686	-0.09089	0.09167
0.6469	-0.07633	0.1203
0.7025	-0.1091	0.1209
0.7081	-0.08795	0.1177
0.7785	-0.08393	0.1196
0.8303	-0.06035	0.1317
0.8321	-0.0133	0.1456
0.873	0.01566	0.1693
0.9068	0.0652	0.1756
1.007	0.02688	0.09176
1.156	-0.04484	-0.004645
1.291	-0.138	0.01554
1.411	-0.2755	0.09342
1.428	-0.2607	0.1171
1.421	-0.1981	0.09923
1.563	-0.2285	0.07372
1.69	-0.292	0.04594
1.457	-0.4882	0.02498
0.9628	-0.6661	0.02129
0.6758	-0.5156	0.03694
0.793	-0.2547	0.01723
0.9783	-0.1769	-0.01873
0.9893	-0.2129	-0.02224
1.029	-0.2877	-0.0276
0.9973	-0.3213	-0.02274
0.8563	-0.2791	-0.03826
0.8476	-0.2097	-0.06055
0.8035	-0.09113	-0.02773
0.8112	-0.02892	-0.01132
0.9397	-0.06109	-0.01317
0.9389	-0.07234	-0.006822
0.9417	-0.07721	0.00285
0.9127	-0.06747	0.02761
0.8637	-0.03046	0.02436
0.9467	-0.01323	0.003452
0.9984	-0.01877	-0.01096
1.034	-0.04168	-0.005099
1.041	-0.09444	0.01221
1.01	-0.1399	0.001241
1.035	-0.02064	0.009446
1.08	0.1816	0.03822
1.22	0.1561	0.05014
1.366	-0.1088	0.02442
1.396	-0.4319	-0.0769
1.309	-0.5895	-0.162
1.11	-0.5264	-0.1365
0.9494	-0.4828	-0.0518
1.058	-0.1037	0.05252
1.032	-0.005925	0.04576
1.032	0.1304	0.04338
1.126	0.1189	0.05378
1.278	-0.1504	0.003655
1.363	-0.3975	-0.08252
1.228	-0.468	-0.1286
1.079	-0.4451	-0.1373
1.124	-0.4366	-0.08808
1.267	-0.4072	-0.02848
1.371	-0.3587	-0.04312
1.344	-0.3499	-0.07578
1.235	-0.2195	-0.07223
1.129	-0.09147	-0.05005
0.968	-0.09234	-0.002308
0.8475	-0.08073	0.04237
0.8053	-0.09993	0.05991
0.686	-0.09089	0.09167
0.6469	-0.07633	0.1203
0.7025	-0.1091	0.1209
0.7081	-0.08795	0.1177
0.7785	-0.08393	0.1196
0.8303	-0.06035	0.1317
0.8321	-0.0133	0.1456
0.873	0.01566	0.1693
0.9068	0.0652	0.1756
1.007	0.02688	0.09176
1.156	-0.04484	-0.004645
1.291	-0.138	0.01554
1.411	-0.2755	0.09342
1.428	-0.2607	0.1171
1.421	-0.1981	0.09923
1.563	-0.2285	0.07372
1.69	-0.292	0.04594
1.457	-0.4882	0.02498
0.9628	-0.6661	0.02129
0.6758	-0.5156	0.03694
0.793	-0.2547	0.01723
0.9783	-0.1769	-0.01873
0.9893	-0.2129	-0.02224
1.029	-0.2877	-0.0276
0.9973	-0.3213	-0.02274
0.8563	-0.2791	-0.03826
0.8476	-0.2097	-0.06055
0.8035	-0.09113	-0.02773
0.8112	-0.02892	-0.01132
0.9397	-0.06109	-0.01317
0.9389	-0.07234	-0.006822
0.9417	-0.07721	0.00285
0.9127	-0.06747	0.02761
0.8637	-0.03046	0.02436
0.9467	-0.01323	0.003452
0.9984	-0.01877	-0.01096
1.034	-0.04168	-0.005099
1.041	-0.09444	0.01221
1.01	-0.1399	0.001241
1.035	-0.02064	0.009446
1.08	0.1816	0.03822
1.22	0.1561	0.05014
1.366	-0.1088	0.02442
1.396	-0.4319	-0.0769
1.309	-0.5895	-0.162
1.11	-0.5264	-0.1365
0.9494	-0.4828	-0.0518
0.9033	-0.4337	0.01751
1.082	-0.3165	0.02555
1.32	-0.2682	-0.03512
1.233	-0.1907	-0.0788
1.052	-0.1288	-0.02568
0.9456	-0.1771	0.03039
0.827	-0.1685	0.02709
0.7967	-0.1506	0.04878
0.6679	-0.1638	0.1055
0.5355	-0.1374	0.1407
0.6351	-0.1282	0.1267
0.6522	-0.1091	0.1104
0.6591	-0.08003	0.1249
0.8044	-0.06627	0.1236
0.8431	-0.0367	0.1319
0.8508	-0.03813	0.153
0.8732	-0.0556	0.1466
0.9171	-0.07176	0.1251
1.1	-0.1548	0.06837
1.33	-0.2628	0.02593
1.483	-0.2806	0.05737
1.413	-0.149	0.103
1.267	0.04556	0.1386
1.299	0.08069	0.1436
1.46	-0.1172	0.08086
1.575	-0.4304	0.006834
1.155	-0.6534	0.00432
0.5241	-0.5898	0.03585
0.6211	-0.3953	-0.001608
0.98	-0.2695	-0.07454
1.087	-0.1724	-0.1179
1.117	-0.2091	-0.1091
0.9041	-0.3385	-0.03571
0.726	-0.3994	-0.0004108
0.7529	-0.4175	-0.02198
0.7113	-0.3242	-0.04613
0.7661	-0.1952	-0.07029
0.9258	-0.1042	-0.05224
1.035	-0.005878	-0.04407
1.063	0.01055	-0.02907
0.975	0.04275	0.03839
0.9247	0.06796	0.04863
0.9524	0.02616	0.02881
0.982	0.03932	0.008717
1.012	0.009139	-0.03918
1.045	-0.01488	-0.05028
1.057	0.001987	-0.01554
1.011	0.003987	0.02637
0.9881	0.1247	0.0355
1.061	0.2051	0.04271
1.217	0.03056	0.06021
1.34	-0.3169	-0.0007399
1.277	-0.549	-0.1189
1.149	-0.5069	-0.1778
1.076	-0.4755	-0.1314
1.084	-0.5405	-0.07913
1.264	-0.5328	-0.0788
1.427	-0.5084	-0.06366
1.343	-0.4238	-0.06153
1.142	-0.169	-0.06148
0.9659	0.03359	-0.007755
0.8647	0.004473	0.03643
0.8498	-0.04836	0.05351
0.7746	-0.03919	0.06597
0.9033	-0.4337	0.01751
1.082	-0.3165	0.02555
1.32	-0.2682	-0.03512
1.233	-0.1907	-0.0788
1.052	-0.1288	-0.02568
0.9456	-0.1771	0.03039
0.827	-0.1685	0.02709
0.7967	-0.1506	0.04878
0.6679	-0.1638	0.1055
0.5355	-0.1374	0.1407
0.6351	-0.1282	0.1267
0.6522	-0.1091	0.1104
0.6591	-0.08003	0.1249
0.8044	-0.06627	0.1236
0.8431	-0.0367	0.1319
0.8508	-0.03813	0.153
0.8732	-0.0556	0.1466
0.9171	-0.07176	0.1251
1.1	-0.1548	0.06837
1.33	-0.2628	0.02593
1.483	-0.2806	0.05737
1.413	-0.149	0.103
1.267	0.04556	0.1386
1.299	0.08069	0.1436
1.46	-0.1172	0.08086
1.575	-0.4304	0.006834
1.155	-0.6534	0.00432
0.5241	-0.5898	0.03585
0.6211	-0.3953	-0.001608
0.98	-0.2695	-0.07454
1.087	-0.1724	-0.1179
1.117	-0.2091	-0.1091
0.9041	-0.3385	-0.03571
0.726	-0.3994	-0.0004108
0.7529	-0.4175	-0.02198
0.7113	-0.3242	-0.04613
0.7661	-0.1952	-0.07029
0.9258	-0.1042	-0.05224
1.035	-0.005878	-0.04407
1.063	0.01055	-0.02907
0.975	0.04275	0.03839
0.9247	0.06796	0.04863
0.9524	0.02616	0.02881
0.982	0.03932	0.008717
1.012	0.009139	-0.03918
1.045	-0.01488	-0.05028
1.057	0.001987	-0.01554
1.011	0.003987	0.02637
0.9881	0.1247	0.0355
1.061	0.2051	0.04271
1.217	0.03056	0.06021
1.34	-0.3169	-0.0007399
1.277	-0.549	-0.1189
1.149	-0.5069	-0.1778
1.076	-0.4755	-0.1314
1.084	-0.5405	-0.07913
1.264	-0.5328	-0.0788
1.427	-0.5084	-0.06366
1.343	-0.4238	-0.06153
1.142	-0.169	-0.06148
0.9659	0.03359	-0.007755
0.8647	0.004473	0.03643
0.8498	-0.04836	0.05351
0.7746	-0.03919	0.06597
0.6638	-0.0878	0.08632
0.6598	-0.112	0.1119
0.6707	-0.09339	0.1077
0.7112	-0.1251	0.09972
0.809	-0.1296	0.08776
0.805	-0.1059	0.07724
0.7722	-0.08044	0.1112
0.8086	-0.00512	0.1335
0.8207	0.03037	0.1231
0.8493	0.02995	0.1057
0.948	0.01196	0.06199
1.109	-0.1234	0.0116
1.362	-0.2869	0.005282
1.51	-0.3282	0.04813
1.416	-0.2027	0.0699
1.372	-0.09049	0.05176
1.456	-0.2051	0.02159
1.442	-0.4341	-0.01474
1.271	-0.6606	-0.004026
0.855	-0.7201	0.03182
0.4603	-0.4977	0.03461
0.6561	-0.2789	0.01841
1.032	-0.1901	-0.02797
1.078	-0.2041	-0.06659
1.094	-0.3359	-0.05376
1.009	-0.4356	-0.04526
0.8267	-0.4551	-0.05373
0.7853	-0.3425	-0.04189
0.7231	-0.1401	-0.03171
0.7903	-0.0481	-0.04381
0.9446	0.0009544	-0.05009
0.9696	0.02006	-0.04827
1.012	-0.01367	-0.03737
0.9674	-0.01479	-0.003932
0.9213	-0.02724	0.01946
0.9581	-0.01786	0.01486
0.9467	0.0009127	-0.01316
1.002	-0.01954	-0.03835
1.024	-0.0465	-0.008059
1.008	-0.08284	0.02593
1.028	-0.01418	0.01566
1.005	0.1655	0.04362
1.086	0.2282	0.0938
1.29	0.003209	0.06471
1.439	-0.3146	-0.02542
1.323	-0.3966	-0.1232
1.109	-0.4212	-0.1721
1.126	-0.4766	-0.1384
1.117	-0.4052	-0.08736
1.119	-0.4053	-0.04762
1.329	-0.3962	-0.05017
1.395	-0.2988	-0.08964
1.219	-0.3109	-0.0626
0.9689	-0.2437	-0.02208
0.8353	-0.1433	0.008524
0.8352	-0.133	0.05817
0.7696	-0.05332	0.05019
0.7426	-0.03473	0.06388
0.7589	-0.0862	0.09098
0.7741	-0.1363	0.06856
0.8581	-0.2116	0.09041
0.8708	-0.2139	0.1023
0.8519	-0.1936	0.1082
0.8242	-0.1281	0.1512
0.6638	-0.0878	0.08632
0.6598	-0.112	0.1119
0.6707	-0.09339	0.1077
0.7112	-0.1251	0.09972
0.809	-0.1296	0.08776
0.805	-0.1059	0.07724
0.7722	-0.08044	0.1112
0.8086	-0.00512	0.1335
0.8207	0.03037	0.1231
0.8493	0.02995	0.1057
0.948	0.01196	0.06199
1.109	-0.1234	0.0116
1.362	-0.2869	0.005282
1.51	-0.3282	0.04813
1.416	-0.2027	0.0699
1.372	-0.09049	0.05176
1.456	-0.2051	0.02159
1.442	-0.4341	-0.01474
1.271	-0.6606	-0.004026
0.855	-0.7201	0.03182
0.4603	-0.4977	0.03461
0.6561	-0.2789	0.01841
1.032	-0.1901	-0.02797
1.078	-0.2041	-0.06659
1.094	-0.3359	-0.05376
1.009	-0.4356	-0.04526
0.8267	-0.4551	-0.05373
0.7853	-0.3425	-0.04189
0.7231	-0.1401	-0.03171
0.7903	-0.0481	-0.04381
0.9446	0.0009544	-0.05009
0.9696	0.02006	-0.04827
1.012	-0.01367	-0.03737
0.9674	-0.01479	-0.003932
0.9213	-0.02724	0.01946
0.9581	-0.01786	0.01486
0.9467	0.0009127	-0.01316
1.002	-0.01954	-0.03835
1.024	-0.0465	-0.008059
1.008	-0.08284	0.02593
1.028	-0.01418	0.01566
1.005	0.1655	0.04362
1.086	0.2282	0.0938
1.29	0.003209	0.06471
1.439	-0.3146	-0.02542
1.323	-0.3966	-0.1232
1.109	-0.4212	-0.1721
1.126	-0.4766	-0.1384
1.117	-0.4052	-0.08736
1.119	-0.4053	-0.04762
1.329	-0.3962	-0.05017
1.395	-0.2988	-0.08964
1.219	-0.3109	-0.0626
0.9689	-0.2437	-0.02208
0.8353	-0.1433	0.008524
0.8352	-0.133	0.05817
0.7696	-0.05332	0.05019
0.7426	-0.03473	0.06388
0.7589	-0.0862	0.09098
0.7741	-0.1363	0.06856
0.8581	-0.2116	0.09041
0.8708	-0.2139	0.1023
0.8519	-0.1936	0.1082
0.8242	-0.1281	0.1512
0.7649	0.01298	0.1642
0.7996	0.05819	0.1666
0.8769	0.01327	0.1413
1.011	-0.01261	0.08424
1.161	-0.05267	0.03469
1.238	-0.1856	0.03725
1.37	-0.307	0.0896
1.434	-0.2608	0.07845
1.356	-0.146	0.05609
1.39	-0.1251	0.05572
1.421	-0.2279	0.03683
1.242	-0.4239	0.04787
0.9016	-0.5467	0.02843
0.5921	-0.4613	0.01636
0.7338	-0.3489	0.0126
1.113	-0.3054	-0.05872
1.17	-0.2796	-0.06496
1.056	-0.3274	-0.03283
0.864	-0.3393	-0.03423
0.7491	-0.2953	-0.02945
0.8179	-0.2664	-0.04481
0.7623	-0.1531	-0.04498
0.7812	-0.0513	-0.04428
0.8878	-0.03368	-0.05291
0.9359	-0.03001	-0.03955
1.026	-0.03057	-0.02266
0.9414	0.008954	0.01976
0.8597	0.05245	0.0372
0.8824	0.07659	0.01445
0.9105	0.07983	-0.002963
1.068	0.02828	-0.05249
1.09	-0.0349	-0.08387
1.042	-0.1092	-0.04588
1.054	-0.125	-0.01104
0.9908	0.001226	-0.002222
1.068	0.1144	0.03869
1.247	0.04405	0.07328
1.377	-0.1583	-0.02712
1.408	-0.3878	-0.1879
1.305	-0.5759	-0.2241
1.194	-0.5835	-0.1771
0.9903	-0.5104	-0.1255
0.8745	-0.4928	-0.03418
1.076	-0.3773	0.01252
1.239	-0.267	-0.0391
1.226	-0.2253	-0.06513
1.164	-0.1249	-0.06466
1.07	-0.1068	-0.06565
0.9642	-0.1326	-0.003108
0.8035	-0.08926	0.06771
0.6787	-0.0821	0.09582
0.6662	-0.1021	0.105
0.664	-0.1242	0.1081
0.6974	-0.1656	0.1235
0.7762	-0.1829	0.1285
0.838	-0.1647	0.1269
0.8919	-0.1363	0.1384
0.8959	-0.06641	0.1408
0.8834	0.02385	0.1274
0.9426	0.0288	0.08166
1.066	-0.04995	0.01259
1.273	-0.1885	-0.01629
1.447	-0.2967	0.02158
1.433	-0.2401	0.04945
0.7649	0.01298	0.1642
0.7996	0.05819	0.1666
0.8769	0.01327	0.1413
1.011	-0.01261	0.08424
1.161	-0.05267	0.03469
1.238	-0.1856	0.03725
1.37	-0.307	0.0896
1.434	-0.2608	0.07845
1.356	-0.146	0.05609
1.39	-0.1251	0.05572
1.421	-0.2279	0.03683
1.242	-0.4239	0.04787
0.9016	-0.5467	0.02843
0.5921	-0.4613	0.01636
0.7338	-0.3489	0.0126
1.113	-0.3054	-0.05872
1.17	-0.2796	-0.06496
1.056	-0.3274	-0.03283
0.864	-0.3393	-0.03423
0.7491	-0.2953	-0.02945
0.8179	-0.2664	-0.04481
0.7623	-0.1531	-0.04498
0.7812	-0.0513	-0.04428
0.8878	-0.03368	-0.05291
0.9359	-0.03001	-0.03955
1.026	-0.03057	-0.02266
0.9414	0.008954	0.01976
0.8597	0.05245	0.0372
0.8824	0.07659	0.01445
0.9105	0.07983	-0.002963
1.068	0.02828	-0.05249
1.09	-0.0349	-0.08387
1.042	-0.1092	-0.04588
1.054	-0.125	-0.01104
0.9908	0.001226	-0.002222
1.068	0.1144	0.03869
1.247	0.04405	0.07328
1.377	-0.1583	-0.02712
1.408	-0.3878	-0.1879
1.305	-0.5759	-0.2241
1.194	-0.5835	-0.1771
0.9903	-0.5104	-0.1255
0.8745	-0.4928	-0.03418
1.076	-0.3773	0.01252
1.239	-0.267	-0.0391
1.226	-0.2253	-0.06513
1.164	-0.1249	-0.06466
1.07	-0.1068	-0.06565
0.9642	-0.1326	-0.003108
0.8035	-0.08926	0.06771
0.6787	-0.0821	0.09582
0.6662	-0.1021	0.105
0.664	-0.1242	0.1081
0.6974	-0.1656	0.1235
0.7762	-0.1829	0.1285
0.838	-0.1647	0.1269
0.8919	-0.1363	0.1384
0.8959	-0.06641	0.1408
0.8834	0.02385	0.1274
0.9426	0.0288	0.08166
1.066	-0.04995	0.01259
1.273	-0.1885	-0.01629
1.447	-0.2967	0.02158
1.433	-0.2401	0.04945
1.371	-0.1692	0.008926
1.382	-0.2113	-0.03185
1.417	-0.3066	-0.04337
1.371	-0.507	-0.03736
1.014	-0.6454	-0.0007849
0.5405	-0.4862	0.03108
0.5574	-0.2929	0.03084
0.8775	-0.2592	-0.02139
0.9941	-0.2817	-0.08655
1.039	-0.3606	-0.08426
1.009	-0.4052	-0.07444
0.9026	-0.3475	-0.09997
0.8878	-0.2612	-0.08674
0.7938	-0.1489	-0.03551
0.7503	-0.05788	-0.0255
0.8842	-0.03483	-0.04986
0.9803	-0.01889	-0.04034
1.02	0.01519	-0.03257
0.9831	0.02991	-0.0365
0.9657	0.07113	-0.001833
0.9862	0.1138	0.01514
0.9448	0.04876	0.006299
0.9528	-0.005136	0.01218
0.9314	-0.03028	0.01295
0.9138	-0.1018	0.02134
0.9658	-0.1561	0.04154
0.9648	-0.2062	0.05409
1.001	-0.1201	0.05583
1.071	0.06414	0.0727
1.161	0.07555	0.09379
1.278	-0.03336	0.02408
1.316	-0.1947	-0.1104
1.301	-0.3505	-0.1945
1.234	-0.4173	-0.2004
1.14	-0.4565	-0.1308
1.09	-0.456	-0.04775
1.142	-0.4076	-0.03138
1.229	-0.2893	-0.04842
1.142	-0.1302	-0.04307
1.045	-0.08506	-0.02832
1.041	-0.1363	-0.004698
0.9826	-0.1962	0.03385
0.9161	-0.2337	0.04633
0.7869	-0.2054	0.05802
0.6599	-0.1281	0.1047
0.6683	-0.07584	0.1263
0.7017	-0.07172	0.123
0.7567	-0.07293	0.128
0.8079	-0.06937	0.1256
0.8422	-0.05225	0.1361
0.9095	-0.0347	0.158
0.9654	-0.04986	0.1514
1.064	-0.07741	0.09652
1.221	-0.141	0.02525
1.397	-0.2307	0.02993
1.475	-0.2436	0.09111
1.294	-0.1293	0.1084
1.098	0.02981	0.09033
1.165	0.05925	0.06404
1.417	-0.1343	0.03599
1.558	-0.4625	-0.002131
1.177	-0.6471	-0.04542
0.5815	-0.5387	-0.02509
0.544	-0.3704	0.001066
1.371	-0.1692	0.008926
1.382	-0.2113	-0.03185
1.417	-0.3066	-0.04337
1.371	-0.507	-0.03736
1.014	-0.6454	-0.0007849
0.5405	-0.4862	0.03108
0.5574	-0.2929	0.03084
0.8775	-0.2592	-0.02139
0.9941	-0.2817	-0.08655
1.039	-0.3606	-0.08426
1.009	-0.4052	-0.07444
0.9026	-0.3475	-0.09997
0.8878	-0.2612	-0.08674
0.7938	-0.1489	-0.03551
0.7503	-0.05788	-0.0255
0.8842	-0.03483	-0.04986
0.9803	-0.01889	-0.04034
1.02	0.01519	-0.03257
0.9831	0.02991	-0.0365
0.9657	0.07113	-0.001833
0.9862	0.1138	0.01514
0.9448	0.04876	0.006299
0.9528	-0.005136	0.01218
0.9314	-0.03028	0.01295
0.9138	-0.1018	0.02134
0.9658	-0.1561	0.04154
0.9648	-0.2062	0.05409
1.001	-0.1201	0.05583
1.071	0.06414	0.0727
1.161	0.07555	0.09379
1.278	-0.03336	0.02408
1.316	-0.1947	-0.1104
1.301	-0.3505	-0.1945
1.234	-0.4173	-0.2004
1.14	-0.4565	-0.1308
1.09	-0.456	-0.04775
1.142	-0.4076	-0.03138
1.229	-0.2893	-0.04842
1.142	-0.1302	-0.04307
1.045	-0.08506	-0.02832
1.041	-0.1363	-0.004698
0.9826	-0.1962	0.03385
0.9161	-0.2337	0.04633
0.7869	-0.2054	0.05802
0.6599	-0.1281	0.1047
0.6683	-0.07584	0.1263
0.7017	-0.07172	0.123
0.7567	-0.07293	0.128
0.8079	-0.06937	0.1256
0.8422	-0.05225	0.1361
0.9095	-0.0347	0.158
0.9654	-0.04986	0.1514
1.064	-0.07741	0.09652
1.221	-0.141	0.02525
1.397	-0.2307	0.02993
1.475	-0.2436	0.09111
1.294	-0.1293	0.1084
1.098	0.02981	0.09033
1.165	0.05925	0.06404
1.417	-0.1343	0.03599
1.558	-0.4625	-0.002131
1.177	-0.6471	-0.04542
0.5815	-0.5387	-0.02509
0.544	-0.3704	0.001066
0.8519	-0.2635	-0.0292
1.016	-0.1809	-0.03268
1.121	-0.2206	-0.02767
1.107	-0.2576	-0.04621
1.017	-0.22	-0.05696
0.9647	-0.2363	-0.0661
0.823	-0.1399	-0.04172
0.7472	-0.01169	-0.006221
0.8099	-0.07103	-0.01188
0.9016	-0.1115	-0.02163
0.9978	-0.1086	-0.02092
0.9852	-0.113	-0.01372
0.9279	-0.05208	0.002109
0.9232	0.00662	0.002555
0.9569	0.04629	-0.01356
1.011	0.04535	-0.0257
1.025	0.0008491	-0.01675
1.048	-0.04234	0.00929
1.057	-0.04257	0.02705
1.023	0.09849	0.02805
1.029	0.2696	0.03767
1.059	0.2309	0.05141
1.155	-0.03175	-0.005722
1.277	-0.2872	-0.1082
1.245	-0.3222	-0.1324
1.175	-0.3167	-0.1053
1.163	-0.4822	-0.1038
1.066	-0.5576	-0.09619
0.9424	-0.4703	-0.05731
0.8792	-0.456	-0.003982
0.9691	-0.3751	0.01068
1.255	-0.2201	-0.04887
1.364	-0.181	-0.09642
1.245	-0.1372	-0.0616
1.146	-0.116	-0.01135
0.9763	-0.1428	0.02119
0.823	-0.1131	0.06285
0.7906	-0.1103	0.07997
0.7918	-0.1146	0.07491
0.8394	-0.1022	0.07819
0.8832	-0.1126	0.0701
0.9106	-0.1109	0.06428
0.9123	-0.1276	0.07117
0.8868	-0.1434	0.0785
0.8824	-0.1226	0.09315
0.8588	-0.08574	0.1114
0.8596	-0.04299	0.1241
0.8961	-0.03114	0.112
0.9458	-0.0514	0.08151
1.057	-0.09598	0.04644
1.18	-0.1745	0.002079
1.25	-0.2213	-0.01151
1.226	-0.1627	0.006146
1.195	-0.06249	0.007195
1.276	-0.06018	-0.003489
1.458	-0.2297	-0.01793
1.605	-0.4576	-0.03718
1.323	-0.4887	-0.03753
0.7597	-0.4029	0.002726
0.6018	-0.3785	0.04498
0.7152	-0.2521	0.03269
0.8422	-0.1628	0.004096
1.067	-0.2826	-0.02592
1.085	-0.3692	-0.08285
