1.088	-0.136	-0.1366
1.02	-0.1029	-0.1032
0.947	-0.04376	-0.07151
0.9312	-0.04512	-0.02832
0.9005	-0.07787	-0.04595
0.8383	-0.05413	-0.01129
0.8082	-0.05616	0.0352
0.7861	-0.06564	0.01719
0.7488	-0.03327	0.03381
0.7316	-0.01725	0.04392
0.7408	-0.002158	0.05414
0.8045	0.01345	0.07745
0.9273	0.02792	0.1004
1.015	0.04889	0.1417
1.051	0.02366	0.1235
1.126	-0.01163	0.1133
1.202	-0.04961	0.1356
1.204	-0.09439	0.1349
1.307	-0.08445	0.1985
1.547	-0.1324	0.2378
1.621	-0.2951	0.1106
1.401	-0.4231	-0.1049
1.047	-0.4251	-0.2683
0.8287	-0.3007	-0.3625
0.8321	-0.1155	-0.3959
0.8832	0.02492	-0.2786
0.9661	0.026	-0.1264
1.1	-0.08733	-0.1128
1.165	-0.1856	-0.1298
1.104	-0.2193	-0.1167
0.9841	-0.1938	-0.121
0.8699	-0.1713	-0.1146
0.745	-0.1694	-0.08723
0.6893	-0.1175	-0.04416
0.6875	-0.0643	0.02097
0.7076	-0.005644	0.05829
0.8318	0.09359	0.05051
0.9152	0.136	0.04936
0.9055	0.1173	0.05034
0.9158	0.08148	0.06532
0.9601	0.03298	0.1265
1.041	-0.004287	0.175
1.121	-0.02295	0.1749
1.187	-0.04829	0.1618
1.229	-0.06879	0.1662
1.322	0.003362	0.1485
1.441	0.09345	0.02439
1.337	0.06815	-0.2149
1.101	-0.01544	-0.4387
0.9194	-0.1293	-0.4575
0.8653	-0.2371	-0.2687
1.017	-0.2434	-0.01875
1.184	-0.1543	0.1251
1.264	-0.01145	0.04945
1.245	0.09811	-0.06729
1.079	0.1058	-0.1127
0.8916	0.09149	-0.1531
0.716	0.09295	-0.09253
0.6594	0.05449	0.002777
0.7426	-0.003016	0.06087
0.7374	-0.07412	0.1478
0.7328	-0.1516	0.1653
0.7602	-0.1396	0.1469
0.7648	-0.09677	0.1445
0.8478	-0.1011	0.1332
0.9452	-0.05562	0.1512
1.106	0.01905	0.1435
1.286	0.04743	0.1469
1.318	0.03358	0.1637
1.346	-0.04963	0.1579
1.39	-0.2025	0.1563
1.383	-0.3849	0.02696
1.379	-0.4945	-0.1309
1.258	-0.4751	-0.1571
1.027	-0.3592	-0.2289
0.9256	-0.1224	-0.3211
0.9639	0.09596	-0.241
1.008	0.1274	-0.104
1.057	0.06421	-0.03926
1.084	-0.02632	-0.003759
1.035	-0.1365	-0.03447
0.9529	-0.1947	-0.06825
0.8542	-0.1652	-0.05348
0.7603	-0.1103	-0.05261
0.7463	-0.04631	0.02945
0.7739	0.06661	0.1133
0.7988	0.1205	0.1284
0.8526	0.112	0.1529
0.8815	0.1329	0.1287
0.8667	0.1099	0.1353
0.8818	0.01166	0.1614
0.9266	-0.1297	0.1504
1.005	-0.1812	0.1794
1.199	-0.08793	0.2119
1.424	-0.03154	0.2695
1.426	-0.002074	0.2408
1.311	0.06012	-0.002408
1.293	0.09948	-0.3227
1.189	0.08872	-0.4808
1.06	-0.04888	-0.3158
1.044	-0.2311	-0.1436
1.05	-0.2932	-0.1136
1.255	-0.2362	0.04176
1.447	-0.1662	0.1509
1.337	-0.116	0.04419
1.201	0.00543	-0.0957
0.9978	0.08533	-0.1118
0.7223	0.06034	-0.05932
0.6127	0.06141	-0.04875
0.6146	0.03221	0.04072
0.6531	0.004299	0.1205
0.6796	0.006709	0.1246
0.7005	-0.0393	0.1874
0.7359	-0.07275	0.1776
0.782	-0.1168	0.1652
0.8882	-0.1403	0.2002
1.015	-0.09245	0.16
1.154	-0.05734	0.1636
1.319	-0.03554	0.1832
1.485	-0.06776	0.1823
1.569	-0.1929	0.1576
1.491	-0.3705	0.001577
1.369	-0.5012	-0.1849
1.199	-0.4716	-0.2493
0.9426	-0.3581	-0.2116
0.8079	-0.2072	-0.2325
0.8514	-0.01791	-0.2591
0.9648	0.08988	-0.1336
0.8478	-0.1011	0.1332
0.9452	-0.05562	0.1512
1.106	0.01905	0.1435
1.286	0.04743	0.1469
1.318	0.03358	0.1637
1.346	-0.04963	0.1579
1.39	-0.2025	0.1563
1.383	-0.3849	0.02696
1.379	-0.4945	-0.1309
1.258	-0.4751	-0.1571
1.027	-0.3592	-0.2289
0.9256	-0.1224	-0.3211
0.9639	0.09596	-0.241
1.008	0.1274	-0.104
1.057	0.06421	-0.03926
1.084	-0.02632	-0.003759
1.035	-0.1365	-0.03447
0.9529	-0.1947	-0.06825
0.8542	-0.1652	-0.05348
0.7603	-0.1103	-0.05261
0.7463	-0.04631	0.02945
0.7739	0.06661	0.1133
0.7988	0.1205	0.1284
0.8526	0.112	0.1529
0.8815	0.1329	0.1287
0.8667	0.1099	0.1353
0.8818	0.01166	0.1614
0.9266	-0.1297	0.1504
1.005	-0.1812	0.1794
1.199	-0.08793	0.2119
1.424	-0.03154	0.2695
1.426	-0.002074	0.2408
1.311	0.06012	-0.002408
1.293	0.09948	-0.3227
1.189	0.08872	-0.4808
1.06	-0.04888	-0.3158
1.044	-0.2311	-0.1436
1.05	-0.2932	-0.1136
1.255	-0.2362	0.04176
1.447	-0.1662	0.1509
1.337	-0.116	0.04419
1.201	0.00543	-0.0957
0.9978	0.08533	-0.1118
0.7223	0.06034	-0.05932
0.6127	0.06141	-0.04875
0.6146	0.03221	0.04072
0.6531	0.004299	0.1205
0.6796	0.006709	0.1246
0.7005	-0.0393	0.1874
0.7359	-0.07275	0.1776
0.782	-0.1168	0.1652
0.8882	-0.1403	0.2002
1.015	-0.09245	0.16
1.154	-0.05734	0.1636
1.319	-0.03554	0.1832
1.485	-0.06776	0.1823
1.569	-0.1929	0.1576
1.491	-0.3705	0.001577
1.369	-0.5012	-0.1849
1.199	-0.4716	-0.2493
0.9426	-0.3581	-0.2116
0.8079	-0.2072	-0.2325
0.8514	-0.01791	-0.2591
0.9648	0.08988	-0.1336
1.094	0.02966	-0.02315
1.149	-0.1315	-0.0153
1.125	-0.1966	-0.02927
1.059	-0.1907	-0.04783
0.919	-0.2043	-0.06475
0.8196	-0.1553	-0.06691
0.8104	-0.08619	-0.01071
0.7653	0.01839	0.05661
0.7554	0.1176	0.1041
0.815	0.1185	0.126
0.8382	0.1384	0.1044
0.863	0.1308	0.1397
0.9158	0.08303	0.1954
1.015	0.0585	0.2029
1.127	-0.001435	0.183
1.151	-0.03907	0.1494
1.181	-0.04642	0.1807
1.297	-0.01572	0.1769
1.37	0.01993	-0.005638
1.265	-0.06271	-0.295
1.097	-0.1663	-0.455
1.082	-0.2088	-0.3299
1.13	-0.2229	-0.164
1.189	-0.2253	-0.03813
1.304	-0.2046	0.09626
1.294	-0.1131	0.01711
1.16	-0.01604	-0.06826
0.9921	0.03051	-0.01384
0.7885	0.05456	-0.07495
0.6968	0.06298	-0.08637
0.6858	0.06244	-0.01215
0.6188	0.05321	0.01507
0.6131	0.05046	0.1383
0.6862	0.04274	0.227
0.7322	0.02949	0.1936
0.7887	0.01588	0.1632
0.8131	-0.03664	0.1276
0.8254	-0.06717	0.1215
1.06	-0.05123	0.1496
1.453	-0.0713	0.2262
1.668	-0.1382	0.345
1.58	-0.2367	0.3334
1.352	-0.3294	0.1314
1.139	-0.3566	-0.1318
1	-0.3416	-0.2643
1.045	-0.3296	-0.2403
1.085	-0.2508	-0.2401
1.04	-0.09316	-0.3072
1.122	-0.03631	-0.3424
1.182	-0.08813	-0.2855
1.219	-0.09428	-0.1463
1.236	-0.101	-0.04785
1.05	-0.171	-0.05491
0.8243	-0.2209	-0.04996
0.6545	-0.1996	-0.02073
0.6846	-0.1293	-0.03152
0.7861	-0.03167	0.0112
0.698	0.04385	0.08335
0.7968	0.03394	0.08959
0.953	0.0237	0.1277
0.9271	0.06963	0.1765
0.9497	0.06928	0.171
0.9242	0.07045	0.1915
0.9469	0.08721	0.1704
1.094	0.02966	-0.02315
1.149	-0.1315	-0.0153
1.125	-0.1966	-0.02927
1.059	-0.1907	-0.04783
0.919	-0.2043	-0.06475
0.8196	-0.1553	-0.06691
0.8104	-0.08619	-0.01071
0.7653	0.01839	0.05661
0.7554	0.1176	0.1041
0.815	0.1185	0.126
0.8382	0.1384	0.1044
0.863	0.1308	0.1397
0.9158	0.08303	0.1954
1.015	0.0585	0.2029
1.127	-0.001435	0.183
1.151	-0.03907	0.1494
1.181	-0.04642	0.1807
1.297	-0.01572	0.1769
1.37	0.01993	-0.005638
1.265	-0.06271	-0.295
1.097	-0.1663	-0.455
1.082	-0.2088	-0.3299
1.13	-0.2229	-0.164
1.189	-0.2253	-0.03813
1.304	-0.2046	0.09626
1.294	-0.1131	0.01711
1.16	-0.01604	-0.06826
0.9921	0.03051	-0.01384
0.7885	0.05456	-0.07495
0.6968	0.06298	-0.08637
0.6858	0.06244	-0.01215
0.6188	0.05321	0.01507
0.6131	0.05046	0.1383
0.6862	0.04274	0.227
0.7322	0.02949	0.1936
0.7887	0.01588	0.1632
0.8131	-0.03664	0.1276
0.8254	-0.06717	0.1215
1.06	-0.05123	0.1496
1.453	-0.0713	0.2262
1.668	-0.1382	0.345
1.58	-0.2367	0.3334
1.352	-0.3294	0.1314
1.139	-0.3566	-0.1318
1	-0.3416	-0.2643
1.045	-0.3296	-0.2403
1.085	-0.2508	-0.2401
1.04	-0.09316	-0.3072
1.122	-0.03631	-0.3424
1.182	-0.08813	-0.2855
1.219	-0.09428	-0.1463
1.236	-0.101	-0.04785
1.05	-0.171	-0.05491
0.8243	-0.2209	-0.04996
0.6545	-0.1996	-0.02073
0.6846	-0.1293	-0.03152
0.7861	-0.03167	0.0112
0.698	0.04385	0.08335
0.7968	0.03394	0.08959
0.953	0.0237	0.1277
0.9271	0.06963	0.1765
0.9497	0.06928	0.171
0.9242	0.07045	0.1915
0.9469	0.08721	0.1704
1.029	0.03367	0.1292
1.102	0.02712	0.2149
1.311	0.1019	0.2979
1.387	0.1513	0.265
1.292	0.09996	0.1255
1.147	-0.03191	-0.157
0.9428	-0.1188	-0.3719
0.9625	-0.1908	-0.2779
1.193	-0.2317	-0.09055
1.408	-0.2121	-0.03736
1.507	-0.2037	-0.05214
1.402	-0.1326	-0.103
1.213	-0.08326	-0.1058
0.9983	-0.06743	-0.05499
0.7382	0.01639	-0.04451
0.6085	0.02486	0.01883
0.587	0.01388	0.05582
0.5658	0.02019	0.04412
0.6079	-0.01988	0.1097
0.6654	-0.02118	0.1419
0.7567	-0.04028	0.1577
0.8712	-0.06473	0.1603
0.912	-0.06088	0.131
1.008	-0.05207	0.1611
1.137	-0.02143	0.1693
1.265	-0.0922	0.1925
1.497	-0.2417	0.2286
1.625	-0.3476	0.1745
1.52	-0.3891	0.05202
1.351	-0.3992	-0.147
1.185	-0.4159	-0.2504
1.007	-0.2813	-0.2297
0.9561	-0.03509	-0.2862
0.9948	0.09984	-0.3074
1.004	0.1364	-0.2355
1.087	0.05607	-0.1577
1.128	-0.1186	-0.06464
1.079	-0.2807	-0.06075
1.052	-0.3748	-0.1244
0.9191	-0.3508	-0.121
0.7805	-0.2878	-0.09679
0.7347	-0.2034	-0.03091
0.7164	-0.08203	0.07348
0.775	0.04376	0.09825
0.8226	0.212	0.09785
0.8629	0.2736	0.144
0.9277	0.2482	0.1948
0.9157	0.2906	0.2024
0.8946	0.188	0.1865
0.922	0.0239	0.2065
0.9508	-0.008848	0.2234
1.048	-0.05724	0.2512
1.252	-0.08137	0.3164
1.343	-0.07346	0.2753
1.243	-0.04726	0.03748
1.14	-0.004186	-0.2884
1.049	-0.05059	-0.4081
1.017	-0.06802	-0.2729
1.094	-0.06715	-0.2218
1.156	-0.08558	-0.2112
1.288	-0.06973	-0.06348
1.48	-0.101	0.006095
1.474	-0.09281	-0.02615
1.283	-0.06282	-0.04715
1.029	0.03367	0.1292
1.102	0.02712	0.2149
1.311	0.1019	0.2979
1.387	0.1513	0.265
1.292	0.09996	0.1255
1.147	-0.03191	-0.157
0.9428	-0.1188	-0.3719
0.9625	-0.1908	-0.2779
1.193	-0.2317	-0.09055
1.408	-0.2121	-0.03736
1.507	-0.2037	-0.05214
1.402	-0.1326	-0.103
1.213	-0.08326	-0.1058
0.9983	-0.06743	-0.05499
0.7382	0.01639	-0.04451
0.6085	0.02486	0.01883
0.587	0.01388	0.05582
0.5658	0.02019	0.04412
0.6079	-0.01988	0.1097
0.6654	-0.02118	0.1419
0.7567	-0.04028	0.1577
0.8712	-0.06473	0.1603
0.912	-0.06088	0.131
1.008	-0.05207	0.1611
1.137	-0.02143	0.1693
1.265	-0.0922	0.1925
1.497	-0.2417	0.2286
1.625	-0.3476	0.1745
1.52	-0.3891	0.05202
1.351	-0.3992	-0.147
1.185	-0.4159	-0.2504
1.007	-0.2813	-0.2297
0.9561	-0.03509	-0.2862
0.9948	0.09984	-0.3074
1.004	0.1364	-0.2355
1.087	0.05607	-0.1577
1.128	-0.1186	-0.06464
1.079	-0.2807	-0.06075
1.052	-0.3748	-0.1244
0.9191	-0.3508	-0.121
0.7805	-0.2878	-0.09679
0.7347	-0.2034	-0.03091
0.7164	-0.08203	0.07348
0.775	0.04376	0.09825
0.8226	0.212	0.09785
0.8629	0.2736	0.144
0.9277	0.2482	0.1948
0.9157	0.2906	0.2024
0.8946	0.188	0.1865
0.922	0.0239	0.2065
0.9508	-0.008848	0.2234
1.048	-0.05724	0.2512
1.252	-0.08137	0.3164
1.343	-0.07346	0.2753
1.243	-0.04726	0.03748
1.14	-0.004186	-0.2884
1.049	-0.05059	-0.4081
1.017	-0.06802	-0.2729
1.094	-0.06715	-0.2218
1.156	-0.08558	-0.2112
1.288	-0.06973	-0.06348
1.48	-0.101	0.006095
1.474	-0.09281	-0.02615
1.283	-0.06282	-0.04715
1.017	-0.04605	-0.06033
0.7398	0.02756	-0.02517
0.5964	0.04508	0.021
0.5735	0.02907	0.06359
0.5861	0.03267	0.1146
0.6283	0.02601	0.1481
0.6932	0.003593	0.1661
0.775	-0.0634	0.1467
0.8263	-0.1095	0.1279
0.8682	-0.1147	0.1297
0.9824	-0.1201	0.1517
1.179	-0.1376	0.2171
1.435	-0.1591	0.2578
1.6	-0.172	0.2453
1.571	-0.2309	0.1643
1.457	-0.3081	0.009726
1.301	-0.352	-0.1008
1.132	-0.3709	-0.1477
1.023	-0.3237	-0.2428
0.9873	-0.2078	-0.3417
1.021	-0.05459	-0.3066
1.058	0.05065	-0.2122
1.072	0.002465	-0.1411
1.079	-0.1046	-0.06708
1.035	-0.1637	-0.05157
0.9566	-0.2287	-0.06305
0.8495	-0.2568	-0.05569
0.7265	-0.2059	-0.06023
0.6749	-0.1432	-0.03967
0.6719	-0.03165	0.002011
0.7085	0.1133	0.07343
0.7785	0.216	0.123
0.8203	0.2768	0.09789
0.8548	0.2814	0.111
0.8945	0.243	0.1474
0.9952	0.134	0.1806
1.175	-0.04373	0.2369
1.317	-0.1775	0.2352
1.37	-0.187	0.222
1.357	-0.04935	0.208
1.329	0.104	0.04465
1.232	0.1087	-0.2319
1.041	-0.0001159	-0.3634
0.9827	-0.0836	-0.272
1.073	-0.1071	-0.1962
1.172	-0.1605	-0.1294
1.339	-0.2038	0.0275
1.435	-0.1358	0.03522
1.286	-0.03522	-0.04032
1.074	0.01614	-0.0176
0.8802	0.0407	-0.04203
0.6919	0.03933	-0.05331
0.6564	0.01385	0.009615
0.6971	0.001324	0.07697
0.683	-0.01008	0.1473
0.692	-0.05252	0.1333
0.7015	-0.107	0.101
0.6946	-0.1171	0.1161
0.7194	-0.09716	0.1247
0.7967	-0.1062	0.1803
0.967	-0.09206	0.2361
1.152	-0.06755	0.2555
1.331	-0.1062	0.2388
1.53	-0.165	0.1645
1.017	-0.04605	-0.06033
0.7398	0.02756	-0.02517
0.5964	0.04508	0.021
0.5735	0.02907	0.06359
0.5861	0.03267	0.1146
0.6283	0.02601	0.1481
0.6932	0.003593	0.1661
0.775	-0.0634	0.1467
0.8263	-0.1095	0.1279
0.8682	-0.1147	0.1297
0.9824	-0.1201	0.1517
1.179	-0.1376	0.2171
1.435	-0.1591	0.2578
1.6	-0.172	0.2453
1.571	-0.2309	0.1643
1.457	-0.3081	0.009726
1.301	-0.352	-0.1008
1.132	-0.3709	-0.1477
1.023	-0.3237	-0.2428
0.9873	-0.2078	-0.3417
1.021	-0.05459	-0.3066
1.058	0.05065	-0.2122
1.072	0.002465	-0.1411
1.079	-0.1046	-0.06708
1.035	-0.1637	-0.05157
0.9566	-0.2287	-0.06305
0.8495	-0.2568	-0.05569
0.7265	-0.2059	-0.06023
0.6749	-0.1432	-0.03967
0.6719	-0.03165	0.002011
0.7085	0.1133	0.07343
0.7785	0.216	0.123
0.8203	0.2768	0.09789
0.8548	0.2814	0.111
0.8945	0.243	0.1474
0.9952	0.134	0.1806
1.175	-0.04373	0.2369
1.317	-0.1775	0.2352
1.37	-0.187	0.222
1.357	-0.04935	0.208
1.329	0.104	0.04465
1.232	0.1087	-0.2319
1.041	-0.0001159	-0.3634
0.9827	-0.0836	-0.272
1.073	-0.1071	-0.1962
1.172	-0.1605	-0.1294
1.339	-0.2038	0.0275
1.435	-0.1358	0.03522
1.286	-0.03522	-0.04032
1.074	0.01614	-0.0176
0.8802	0.0407	-0.04203
0.6919	0.03933	-0.05331
0.6564	0.01385	0.009615
0.6971	0.001324	0.07697
0.683	-0.01008	0.1473
0.692	-0.05252	0.1333
0.7015	-0.107	0.101
0.6946	-0.1171	0.1161
0.7194	-0.09716	0.1247
0.7967	-0.1062	0.1803
0.967	-0.09206	0.2361
1.152	-0.06755	0.2555
1.331	-0.1062	0.2388
1.53	-0.165	0.1645
1.495	-0.24	0.09005
1.249	-0.3557	-0.08549
1.183	-0.4653	-0.3078
1.217	-0.4434	-0.2934
1.147	-0.2703	-0.2223
1.045	-0.06664	-0.333
0.9731	0.1006	-0.3584
1.059	0.05671	-0.1959
1.159	-0.0859	-0.05751
1.134	-0.06965	-0.02352
1.118	-0.1531	-0.07835
1.037	-0.2736	-0.09223
0.9505	-0.2313	-0.05671
0.8936	-0.2037	-0.07437
0.791	-0.1168	-0.03524
0.7532	-0.02007	0.02435
0.7249	0.02615	0.04992
0.7483	0.1066	0.1024
0.8479	0.1284	0.1257
0.9083	0.1485	0.1831
0.9795	0.1427	0.2621
0.999	0.1008	0.2558
0.9909	0.06854	0.1927
1.016	-0.005032	0.1326
1.023	0.03204	0.1589
1.11	0.08939	0.2157
1.234	0.04102	0.1835
1.267	0.00529	-0.04069
1.222	-0.0463	-0.3975
1.201	-0.03695	-0.4742
1.255	-0.0001967	-0.2795
1.299	-0.08171	-0.1793
1.357	-0.14	-0.08337
1.4	-0.1214	0.01226
1.307	-0.06539	-0.03068
1.14	0.01679	-0.03769
0.9536	0.02867	-0.01487
0.7762	0.003214	-0.04198
0.6782	0.004368	-0.02272
0.6753	-0.01189	0.01402
0.7018	-0.02266	0.07331
0.6909	-0.01149	0.1526
0.6846	-0.0197	0.1718
0.6859	-0.04028	0.1663
0.6871	-0.05995	0.1265
0.7704	-0.06591	0.07402
0.974	-0.04467	0.1223
1.272	-0.03433	0.2207
1.515	-0.06103	0.2647
1.543	-0.1288	0.2226
1.433	-0.2271	0.04796
1.347	-0.2928	-0.1926
1.3	-0.336	-0.2961
1.185	-0.3878	-0.2648
1.058	-0.3472	-0.2799
1.076	-0.1954	-0.2973
1.121	-0.06766	-0.2371
1.082	-0.06826	-0.1841
1.11	-0.1666	-0.1231
1.135	-0.2327	-0.08746
1.019	-0.2639	-0.1259
0.8978	-0.283	-0.1205
0.7968	-0.214	-0.1009
0.6548	-0.1108	-0.0946
1.495	-0.24	0.09005
1.249	-0.3557	-0.08549
1.183	-0.4653	-0.3078
1.217	-0.4434	-0.2934
1.147	-0.2703	-0.2223
1.045	-0.06664	-0.333
0.9731	0.1006	-0.3584
1.059	0.05671	-0.1959
1.159	-0.0859	-0.05751
1.134	-0.06965	-0.02352
1.118	-0.1531	-0.07835
1.037	-0.2736	-0.09223
0.9505	-0.2313	-0.05671
0.8936	-0.2037	-0.07437
0.791	-0.1168	-0.03524
0.7532	-0.02007	0.02435
0.7249	0.02615	0.04992
0.7483	0.1066	0.1024
0.8479	0.1284	0.1257
0.9083	0.1485	0.1831
0.9795	0.1427	0.2621
0.999	0.1008	0.2558
0.9909	0.06854	0.1927
1.016	-0.005032	0.1326
1.023	0.03204	0.1589
1.11	0.08939	0.2157
1.234	0.04102	0.1835
1.267	0.00529	-0.04069
1.222	-0.0463	-0.3975
1.201	-0.03695	-0.4742
1.255	-0.0001967	-0.2795
1.299	-0.08171	-0.1793
1.357	-0.14	-0.08337
1.4	-0.1214	0.01226
1.307	-0.06539	-0.03068
1.14	0.01679	-0.03769
0.9536	0.02867	-0.01487
0.7762	0.003214	-0.04198
0.6782	0.004368	-0.02272
0.6753	-0.01189	0.01402
0.7018	-0.02266	0.07331
0.6909	-0.01149	0.1526
0.6846	-0.0197	0.1718
0.6859	-0.04028	0.1663
0.6871	-0.05995	0.1265
0.7704	-0.06591	0.07402
0.974	-0.04467	0.1223
1.272	-0.03433	0.2207
1.515	-0.06103	0.2647
1.543	-0.1288	0.2226
1.433	-0.2271	0.04796
1.347	-0.2928	-0.1926
1.3	-0.336	-0.2961
1.185	-0.3878	-0.2648
1.058	-0.3472	-0.2799
1.076	-0.1954	-0.2973
1.121	-0.06766	-0.2371
1.082	-0.06826	-0.1841
1.11	-0.1666	-0.1231
1.135	-0.2327	-0.08746
1.019	-0.2639	-0.1259
0.8978	-0.283	-0.1205
0.7968	-0.214	-0.1009
0.6548	-0.1108	-0.0946
0.5572	-0.02071	-0.03801
0.5811	0.06687	0.0258
0.6844	0.119	0.09743
0.8023	0.1702	0.148
0.932	0.213	0.1799
0.9781	0.2114	0.2369
0.991	0.1642	0.2325
1.099	0.06921	0.1803
1.151	-0.03626	0.1676
1.213	-0.08841	0.231
1.381	-0.01735	0.2842
1.422	0.05446	0.1053
1.263	-0.001173	-0.2102
1.064	-0.03427	-0.3569
1.025	-0.03293	-0.3187
1.102	-0.09924	-0.2205
1.15	-0.1769	-0.09866
1.218	-0.2202	-0.007148
1.259	-0.171	-0.04168
1.271	-0.07274	-0.09645
1.241	-0.05864	-0.07313
0.9998	-0.04061	-0.09465
0.7376	0.01757	-0.1106
0.7305	0.01202	-0.0723
0.7486	0.006759	-0.0218
0.6339	0.03074	0.1043
0.6507	0.02331	0.16
0.7515	0.01755	0.1239
0.7277	0.02543	0.1568
0.7405	0.01547	0.1562
0.7732	-0.01411	0.1148
0.8026	-0.04549	0.1168
0.9559	-0.05613	0.1452
1.129	-0.07213	0.2017
1.328	-0.1486	0.2231
1.478	-0.2618	0.2088
1.473	-0.3556	0.1903
1.415	-0.4016	0.06271
1.253	-0.3855	-0.1517
1.071	-0.3487	-0.2594
0.9931	-0.2608	-0.2827
0.9978	-0.07698	-0.3367
1.079	0.0638	-0.295
1.147	0.07056	-0.1602
1.193	-0.03113	-0.08993
1.192	-0.2145	-0.06925
1.107	-0.3711	-0.09919
0.9785	-0.3983	-0.1281
0.8117	-0.3223	-0.09845
0.7175	-0.2218	-0.07887
0.6896	-0.09686	-0.02026
0.6875	0.05101	0.04367
0.7405	0.146	0.04858
0.7927	0.1902	0.071
0.8739	0.2079	0.1049
0.9361	0.1981	0.1713
0.9388	0.1733	0.2226
0.9734	0.09371	0.1869
1.03	0.007541	0.1695
1.099	-0.0146	0.1814
1.221	-0.01822	0.2326
1.37	0.01961	0.3054
1.408	0.08907	0.2094
1.326	0.08806	-0.05428
0.5572	-0.02071	-0.03801
0.5811	0.06687	0.0258
0.6844	0.119	0.09743
0.8023	0.1702	0.148
0.932	0.213	0.1799
0.9781	0.2114	0.2369
0.991	0.1642	0.2325
1.099	0.06921	0.1803
1.151	-0.03626	0.1676
1.213	-0.08841	0.231
1.381	-0.01735	0.2842
1.422	0.05446	0.1053
1.263	-0.001173	-0.2102
1.064	-0.03427	-0.3569
1.025	-0.03293	-0.3187
1.102	-0.09924	-0.2205
1.15	-0.1769	-0.09866
1.218	-0.2202	-0.007148
1.259	-0.171	-0.04168
1.271	-0.07274	-0.09645
1.241	-0.05864	-0.07313
0.9998	-0.04061	-0.09465
0.7376	0.01757	-0.1106
0.7305	0.01202	-0.0723
0.7486	0.006759	-0.0218
0.6339	0.03074	0.1043
0.6507	0.02331	0.16
0.7515	0.01755	0.1239
0.7277	0.02543	0.1568
0.7405	0.01547	0.1562
0.7732	-0.01411	0.1148
0.8026	-0.04549	0.1168
0.9559	-0.05613	0.1452
1.129	-0.07213	0.2017
1.328	-0.1486	0.2231
1.478	-0.2618	0.2088
1.473	-0.3556	0.1903
1.415	-0.4016	0.06271
1.253	-0.3855	-0.1517
1.071	-0.3487	-0.2594
0.9931	-0.2608	-0.2827
0.9978	-0.07698	-0.3367
1.079	0.0638	-0.295
1.147	0.07056	-0.1602
1.193	-0.03113	-0.08993
1.192	-0.2145	-0.06925
1.107	-0.3711	-0.09919
0.9785	-0.3983	-0.1281
0.8117	-0.3223	-0.09845
0.7175	-0.2218	-0.07887
0.6896	-0.09686	-0.02026
0.6875	0.05101	0.04367
0.7405	0.146	0.04858
0.7927	0.1902	0.071
0.8739	0.2079	0.1049
0.9361	0.1981	0.1713
0.9388	0.1733	0.2226
0.9734	0.09371	0.1869
1.03	0.007541	0.1695
1.099	-0.0146	0.1814
1.221	-0.01822	0.2326
1.37	0.01961	0.3054
1.408	0.08907	0.2094
1.326	0.08806	-0.05428
1.18	0.0445	-0.3011
0.954	-0.01393	-0.3614
0.9219	-0.1346	-0.2412
1.095	-0.2373	-0.1369
1.204	-0.2339	-0.01689
1.337	-0.1569	0.09438
1.342	-0.05275	-0.01019
1.162	0.002466	-0.1214
1.016	-0.00113	-0.1055
0.7775	0.008423	-0.1007
0.6079	0.01479	-0.03746
0.6407	0.01659	0.0312
0.6373	0.02593	0.05782
0.6677	0.01085	0.114
0.7179	-0.01223	0.1392
0.7455	-0.04092	0.1478
0.8309	-0.06556	0.1254
0.9049	-0.0707	0.08268
1.016	-0.08992	0.1007
1.166	-0.1101	0.1357
1.34	-0.111	0.1923
1.505	-0.122	0.2374
1.504	-0.1777	0.2092
1.411	-0.2751	0.1216
1.291	-0.3427	-0.03143
1.155	-0.3392	-0.1442
1.06	-0.3078	-0.1847
0.9843	-0.2534	-0.263
0.9969	-0.1204	-0.3288
1.044	0.01006	-0.3203
1.061	-0.03343	-0.2523
1.119	-0.1616	-0.1222
1.131	-0.2305	-0.03564
1.065	-0.3111	-0.06569
0.9738	-0.3417	-0.0995
0.8575	-0.2613	-0.09285
0.7709	-0.1875	-0.08519
0.7485	-0.1029	-0.05068
0.7823	0.03869	0.01914
0.8356	0.1947	0.1015
0.8636	0.219	0.1286
0.8602	0.135	0.0929
0.844	0.1848	0.1125
0.856	0.1946	0.1466
0.8855	0.08267	0.1569
0.9342	-0.002842	0.2163
0.9917	-0.1369	0.2239
0.9894	-0.1271	0.1998
1.052	-0.05572	0.2453
1.253	-0.07522	0.2549
1.409	0.06248	0.1816
1.409	0.1018	-0.01147
1.23	0.008714	-0.2728
1.002	-0.006989	-0.3529
0.9602	-0.1568	-0.252
1.045	-0.27	-0.1246
1.15	-0.2429	0.04574
1.3	-0.2255	0.1464
1.343	-0.1461	0.04202
1.195	-0.06042	-0.05509
1.057	0.003805	-0.06436
0.9238	0.04035	-0.07821
0.7563	0.03195	-0.0132
0.7534	0.03037	0.04564
1.18	0.0445	-0.3011
0.954	-0.01393	-0.3614
0.9219	-0.1346	-0.2412
1.095	-0.2373	-0.1369
1.204	-0.2339	-0.01689
1.337	-0.1569	0.09438
1.342	-0.05275	-0.01019
1.162	0.002466	-0.1214
1.016	-0.00113	-0.1055
0.7775	0.008423	-0.1007
0.6079	0.01479	-0.03746
0.6407	0.01659	0.0312
0.6373	0.02593	0.05782
0.6677	0.01085	0.114
0.7179	-0.01223	0.1392
0.7455	-0.04092	0.1478
0.8309	-0.06556	0.1254
0.9049	-0.0707	0.08268
1.016	-0.08992	0.1007
1.166	-0.1101	0.1357
1.34	-0.111	0.1923
1.505	-0.122	0.2374
1.504	-0.1777	0.2092
1.411	-0.2751	0.1216
1.291	-0.3427	-0.03143
1.155	-0.3392	-0.1442
1.06	-0.3078	-0.1847
0.9843	-0.2534	-0.263
0.9969	-0.1204	-0.3288
1.044	0.01006	-0.3203
1.061	-0.03343	-0.2523
1.119	-0.1616	-0.1222
1.131	-0.2305	-0.03564
1.065	-0.3111	-0.06569
0.9738	-0.3417	-0.0995
0.8575	-0.2613	-0.09285
0.7709	-0.1875	-0.08519
0.7485	-0.1029	-0.05068
0.7823	0.03869	0.01914
0.8356	0.1947	0.1015
0.8636	0.219	0.1286
0.8602	0.135	0.0929
0.844	0.1848	0.1125
0.856	0.1946	0.1466
0.8855	0.08267	0.1569
0.9342	-0.002842	0.2163
0.9917	-0.1369	0.2239
0.9894	-0.1271	0.1998
1.052	-0.05572	0.2453
1.253	-0.07522	0.2549
1.409	0.06248	0.1816
1.409	0.1018	-0.01147
1.23	0.008714	-0.2728
1.002	-0.006989	-0.3529
0.9602	-0.1568	-0.252
1.045	-0.27	-0.1246
1.15	-0.2429	0.04574
1.3	-0.2255	0.1464
1.343	-0.1461	0.04202
1.195	-0.06042	-0.05509
1.057	0.003805	-0.06436
0.9238	0.04035	-0.07821
0.7563	0.03195	-0.0132
0.7534	0.03037	0.04564
0.8066	-0.02283	0.06705
0.7685	-0.06171	0.141
0.7758	-0.05738	0.1651
0.8044	-0.08642	0.1639
0.8357	-0.0945	0.1628
0.9387	-0.1142	0.1357
1.028	-0.146	0.1255
1.074	-0.1322	0.1086
1.111	-0.1068	0.1268
1.124	-0.05246	0.176
1.154	-0.005868	0.2484
1.231	-0.03878	0.3027
1.32	-0.1316	0.1851
1.339	-0.2602	-0.007855
1.201	-0.337	-0.1601
1.008	-0.2753	-0.2751
0.9495	-0.1667	-0.2882
1.008	-0.06568	-0.2224
1.069	0.0218	-0.116
1.121	-0.03437	-0.01835
1.135	-0.1211	0.002985
1.058	-0.09726	0.00631
0.9627	-0.1076	0.01814
0.8773	-0.1099	0.000944
0.802	-0.07689	0.0007373
0.8035	-0.05201	0.03633
0.8196	0.03312	0.05967
0.8492	0.06697	0.06881
0.9286	0.07511	0.06199
0.9501	0.106	0.05901
0.9353	0.04726	0.08643
0.955	-0.00682	0.1335
0.9741	-0.04325	0.1968
0.9836	-0.08765	0.2036
1.003	-0.08538	0.169
1.035	-0.09043	0.1492
1.078	-0.0548	0.07915
1.192	0.02538	0.04604
1.376	0.04468	0.04597
1.453	0.002446	-0.08899
1.302	-0.06372	-0.2598
1.088	-0.1432	-0.3264
1.001	-0.2547	-0.2869
1.009	-0.3094	-0.1616
1.102	-0.2456	-0.001134
1.222	-0.163	0.06901
1.198	-0.08547	-0.03313
1.1	-0.06984	-0.1237
1.005	-0.1133	-0.1202
0.8831	-0.08666	-0.1068
0.8195	-0.08136	-0.02492
0.8048	-0.1083	0.05749
0.7901	-0.08222	0.07923
0.7962	-0.09303	0.08982
0.8106	-0.09254	0.07541
0.8484	-0.06333	0.0853
0.8866	-0.06412	0.09105
0.896	-0.0363	0.08736
0.9255	-0.01008	0.1322
0.9683	0.01749	0.1632
0.9877	0.0263	0.1708
1.016	-0.03179	0.1591
1.07	-0.06219	0.1483
1.085	-0.0713	0.1578
0.8066	-0.02283	0.06705
0.7685	-0.06171	0.141
0.7758	-0.05738	0.1651
0.8044	-0.08642	0.1639
0.8357	-0.0945	0.1628
0.9387	-0.1142	0.1357
1.028	-0.146	0.1255
1.074	-0.1322	0.1086
1.111	-0.1068	0.1268
1.124	-0.05246	0.176
1.154	-0.005868	0.2484
1.231	-0.03878	0.3027
1.32	-0.1316	0.1851
1.339	-0.2602	-0.007855
1.201	-0.337	-0.1601
1.008	-0.2753	-0.2751
0.9495	-0.1667	-0.2882
1.008	-0.06568	-0.2224
1.069	0.0218	-0.116
1.121	-0.03437	-0.01835
1.135	-0.1211	0.002985
1.058	-0.09726	0.00631
0.9627	-0.1076	0.01814
0.8773	-0.1099	0.000944
0.802	-0.07689	0.0007373
0.8035	-0.05201	0.03633
0.8196	0.03312	0.05967
0.8492	0.06697	0.06881
0.9286	0.07511	0.06199
0.9501	0.106	0.05901
0.9353	0.04726	0.08643
0.955	-0.00682	0.1335
0.9741	-0.04325	0.1968
0.9836	-0.08765	0.2036
1.003	-0.08538	0.169
1.035	-0.09043	0.1492
1.078	-0.0548	0.07915
1.192	0.02538	0.04604
1.376	0.04468	0.04597
1.453	0.002446	-0.08899
1.302	-0.06372	-0.2598
1.088	-0.1432	-0.3264
1.001	-0.2547	-0.2869
1.009	-0.3094	-0.1616
1.102	-0.2456	-0.001134
1.222	-0.163	0.06901
1.198	-0.08547	-0.03313
1.1	-0.06984	-0.1237
1.005	-0.1133	-0.1202
0.8831	-0.08666	-0.1068
0.8195	-0.08136	-0.02492
0.8048	-0.1083	0.05749
0.7901	-0.08222	0.07923
0.7962	-0.09303	0.08982
0.8106	-0.09254	0.07541
0.8484	-0.06333	0.0853
0.8866	-0.06412	0.09105
0.896	-0.0363	0.08736
0.9255	-0.01008	0.1322
0.9683	0.01749	0.1632
0.9877	0.0263	0.1708
1.016	-0.03179	0.1591
1.07	-0.06219	0.1483
1.085	-0.0713	0.1578
1.104	-0.07189	0.1727
1.209	-0.05957	0.252
1.274	-0.08378	0.2963
1.309	-0.1207	0.1825
1.395	-0.2116	0.02478
1.33	-0.3261	-0.08259
1.126	-0.3591	-0.1902
0.9897	-0.2977	-0.2979
0.9428	-0.1483	-0.2956
1.01	-0.03288	-0.1918
1.081	-0.02312	-0.07805
1.064	-0.07177	-0.03153
1.077	-0.1495	-0.05447
1.07	-0.1894	-0.04061
0.9937	-0.1886	-0.06294
0.8901	-0.1484	-0.1185
0.7818	-0.0748	-0.0839
0.7692	-0.01739	-0.0395
0.8035	0.043	0.02392
0.8337	0.07195	0.06956
0.9202	0.06072	0.04006
0.9673	0.04497	0.05612
0.9772	0.01195	0.07424
1.023	-0.006802	0.09136
1.058	-0.01831	0.162
1.088	-0.03057	0.1998
1.099	-0.02634	0.2032
1.083	-0.01921	0.1938
1.085	0.006729	0.1876
1.111	0.03808	0.2066
1.181	0.04276	0.205
1.238	0.01618	0.1359
1.153	-0.031	-0.03991
0.996	-0.1027	-0.2441
0.9393	-0.2045	-0.3101
0.9761	-0.2902	-0.2507
1.058	-0.3569	-0.1781
1.211	-0.3718	-0.05804
1.35	-0.2588	0.06033
1.339	-0.1186	-0.002173
1.203	-0.06898	-0.1102
1.017	-0.07177	-0.1062
0.8269	-0.06087	-0.06624
0.7223	-0.03576	0.04056
0.6958	-0.03734	0.1292
0.6713	-0.04028	0.1339
0.6849	-0.03209	0.1712
0.7269	-0.04807	0.1729
0.7991	-0.05631	0.1625
0.9227	-0.05612	0.1896
1.029	-0.06602	0.1843
1.135	-0.06519	0.2028
1.215	-0.05561	0.2162
1.221	-0.03613	0.2244
1.212	-0.02428	0.2693
1.209	-0.01882	0.3021
1.213	-0.01965	0.2998
1.204	-0.08117	0.1367
1.167	-0.1985	-0.1218
1.139	-0.3008	-0.2262
1.125	-0.3067	-0.2474
1.127	-0.2604	-0.3255
1.128	-0.2289	-0.3431
1.132	-0.1315	-0.2558
1.104	-0.07189	0.1727
1.209	-0.05957	0.252
1.274	-0.08378	0.2963
1.309	-0.1207	0.1825
1.395	-0.2116	0.02478
1.33	-0.3261	-0.08259
1.126	-0.3591	-0.1902
0.9897	-0.2977	-0.2979
0.9428	-0.1483	-0.2956
1.01	-0.03288	-0.1918
1.081	-0.02312	-0.07805
1.064	-0.07177	-0.03153
1.077	-0.1495	-0.05447
1.07	-0.1894	-0.04061
0.9937	-0.1886	-0.06294
0.8901	-0.1484	-0.1185
0.7818	-0.0748	-0.0839
0.7692	-0.01739	-0.0395
0.8035	0.043	0.02392
0.8337	0.07195	0.06956
0.9202	0.06072	0.04006
0.9673	0.04497	0.05612
0.9772	0.01195	0.07424
1.023	-0.006802	0.09136
1.058	-0.01831	0.162
1.088	-0.03057	0.1998
1.099	-0.02634	0.2032
1.083	-0.01921	0.1938
1.085	0.006729	0.1876
1.111	0.03808	0.2066
1.181	0.04276	0.205
1.238	0.01618	0.1359
1.153	-0.031	-0.03991
0.996	-0.1027	-0.2441
0.9393	-0.2045	-0.3101
0.9761	-0.2902	-0.2507
1.058	-0.3569	-0.1781
1.211	-0.3718	-0.05804
1.35	-0.2588	0.06033
1.339	-0.1186	-0.002173
1.203	-0.06898	-0.1102
1.017	-0.07177	-0.1062
0.8269	-0.06087	-0.06624
0.7223	-0.03576	0.04056
0.6958	-0.03734	0.1292
0.6713	-0.04028	0.1339
0.6849	-0.03209	0.1712
0.7269	-0.04807	0.1729
0.7991	-0.05631	0.1625
0.9227	-0.05612	0.1896
1.029	-0.06602	0.1843
1.135	-0.06519	0.2028
1.215	-0.05561	0.2162
1.221	-0.03613	0.2244
1.212	-0.02428	0.2693
1.209	-0.01882	0.3021
1.213	-0.01965	0.2998
1.204	-0.08117	0.1367
1.167	-0.1985	-0.1218
1.139	-0.3008	-0.2262
1.125	-0.3067	-0.2474
1.127	-0.2604	-0.3255
1.128	-0.2289	-0.3431
1.132	-0.1315	-0.2558
1.139	-0.07491	-0.1965
1.118	-0.1515	-0.1183
1.082	-0.1781	-0.04138
1.007	-0.1559	-0.08589
0.9148	-0.1444	-0.1017
0.8715	-0.09786	-0.07961
0.8561	-0.07288	-0.0583
0.8539	-0.0775	0.04105
0.8358	-0.07545	0.09296
0.7993	-0.05584	0.09531
0.77	-0.00189	0.1225
0.7563	0.05141	0.1459
0.8087	0.06307	0.1824
0.8921	0.03572	0.1798
0.9587	0.009957	0.1396
1.049	-0.000331	0.107
1.149	-0.0003995	0.08046
1.226	0.03029	0.1151
1.305	0.1176	0.2109
1.396	0.2467	0.2924
1.362	0.2639	0.2479
1.145	0.1439	0.05158
0.9552	0.07298	-0.1467
0.9044	0.04612	-0.2188
0.913	-0.05244	-0.189
0.8792	-0.2549	-0.2075
0.8928	-0.4024	-0.2127
1.117	-0.3273	-0.04016
1.33	-0.2715	0.08949
1.316	-0.2716	0.04631
1.182	-0.1212	-0.01253
1.053	-0.02836	-0.03228
0.958	-0.01457	-0.0165
0.835	0.05621	-0.004094
0.7838	0.05153	0.02147
0.8259	0.0116	0.06624
0.8186	-0.009264	0.09162
0.8315	-0.06018	0.1296
0.8635	-0.103	0.1373
0.8501	-0.132	0.1257
0.8438	-0.14	0.1383
0.86	-0.1361	0.1458
0.9089	-0.1237	0.1703
1.004	-0.08127	0.2029
1.119	-0.03975	0.2206
1.201	-0.007589	0.2138
1.298	-0.01751	0.1959
1.42	-0.116	0.1635
1.468	-0.2608	0.05243
1.452	-0.3743	-0.09208
1.303	-0.4068	-0.1862
1.033	-0.3363	-0.227
0.9012	-0.1644	-0.2418
0.9451	0.00408	-0.239
1.007	0.03703	-0.1856
1.069	-0.04829	-0.1
1.103	-0.1409	-0.04359
1.062	-0.197	-0.04048
1.009	-0.2407	-0.0531
0.939	-0.2246	-0.05597
0.8343	-0.1651	-0.07004
0.7845	-0.1341	-0.04925
0.7863	-0.0484	0.01582
0.8193	0.06662	0.06221
1.139	-0.07491	-0.1965
1.118	-0.1515	-0.1183
1.082	-0.1781	-0.04138
1.007	-0.1559	-0.08589
0.9148	-0.1444	-0.1017
0.8715	-0.09786	-0.07961
0.8561	-0.07288	-0.0583
0.8539	-0.0775	0.04105
0.8358	-0.07545	0.09296
0.7993	-0.05584	0.09531
0.77	-0.00189	0.1225
0.7563	0.05141	0.1459
0.8087	0.06307	0.1824
0.8921	0.03572	0.1798
0.9587	0.009957	0.1396
1.049	-0.000331	0.107
1.149	-0.0003995	0.08046
1.226	0.03029	0.1151
1.305	0.1176	0.2109
1.396	0.2467	0.2924
1.362	0.2639	0.2479
1.145	0.1439	0.05158
0.9552	0.07298	-0.1467
0.9044	0.04612	-0.2188
0.913	-0.05244	-0.189
0.8792	-0.2549	-0.2075
0.8928	-0.4024	-0.2127
1.117	-0.3273	-0.04016
1.33	-0.2715	0.08949
1.316	-0.2716	0.04631
1.182	-0.1212	-0.01253
1.053	-0.02836	-0.03228
0.958	-0.01457	-0.0165
0.835	0.05621	-0.004094
0.7838	0.05153	0.02147
0.8259	0.0116	0.06624
0.8186	-0.009264	0.09162
0.8315	-0.06018	0.1296
0.8635	-0.103	0.1373
0.8501	-0.132	0.1257
0.8438	-0.14	0.1383
0.86	-0.1361	0.1458
0.9089	-0.1237	0.1703
1.004	-0.08127	0.2029
1.119	-0.03975	0.2206
1.201	-0.007589	0.2138
1.298	-0.01751	0.1959
1.42	-0.116	0.1635
1.468	-0.2608	0.05243
1.452	-0.3743	-0.09208
1.303	-0.4068	-0.1862
1.033	-0.3363	-0.227
0.9012	-0.1644	-0.2418
0.9451	0.00408	-0.239
1.007	0.03703	-0.1856
1.069	-0.04829	-0.1
1.103	-0.1409	-0.04359
1.062	-0.197	-0.04048
1.009	-0.2407	-0.0531
0.939	-0.2246	-0.05597
0.8343	-0.1651	-0.07004
0.7845	-0.1341	-0.04925
0.7863	-0.0484	0.01582
0.8193	0.06662	0.06221
0.8588	0.115	0.07727
0.8724	0.1231	0.06567
0.8857	0.08893	0.07567
0.8764	0.04947	0.1221
0.8801	0.01545	0.1566
0.9016	-0.02062	0.1803
0.9346	-0.01591	0.1855
1.054	-0.02152	0.1766
1.174	-0.03173	0.1595
1.252	-0.002107	0.1285
1.336	0.03144	0.1192
1.383	0.05031	0.07867
1.358	0.05261	-0.06567
1.201	0.04034	-0.2486
0.9829	-0.05786	-0.3268
0.9105	-0.2436	-0.249
1.023	-0.334	-0.1174
1.173	-0.2882	0.01819
1.279	-0.1827	0.0596
1.316	-0.04137	-0.08969
1.199	0.02467	-0.2069
1.028	0.006772	-0.1893
0.8835	0.02929	-0.1328
0.7357	0.0205	-0.01619
0.7025	-0.04014	0.0788
0.7198	-0.06389	0.1124
0.7143	-0.1006	0.1367
0.7526	-0.1105	0.1337
0.7809	-0.08238	0.1313
0.8412	-0.08993	0.1265
0.9269	-0.07662	0.1278
1.009	-0.04066	0.1466
1.122	0.0004002	0.1559
1.147	0.01616	0.1808
1.136	-0.02074	0.2077
1.2	-0.04453	0.2332
1.269	-0.09437	0.2386
1.327	-0.1659	0.1727
1.309	-0.2526	-0.01184
1.219	-0.3762	-0.2637
1.155	-0.3277	-0.2883
1.014	-0.1174	-0.1754
0.8594	0.01914	-0.2197
0.9024	0.04726	-0.1936
1.006	-0.02828	-0.107
1.073	-0.1556	-0.09392
1.172	-0.2714	-0.02471
1.151	-0.316	-0.07243
1.03	-0.2761	-0.1576
0.9733	-0.255	-0.1081
0.8753	-0.1348	-0.08649
0.8025	0.02094	-0.006083
0.8279	0.05601	0.0722
0.8213	0.1516	0.0592
0.8816	0.1726	0.08977
0.9577	0.102	0.08897
0.9584	0.09784	0.1099
0.9804	0.007511	0.1799
0.9717	-0.04648	0.2009
0.9713	-0.04219	0.2114
0.9903	-0.06321	0.1765
1.01	-0.03231	0.1458
1.092	-0.03829	0.1605
1.167	-0.01839	0.1531
0.8588	0.115	0.07727
0.8724	0.1231	0.06567
0.8857	0.08893	0.07567
0.8764	0.04947	0.1221
0.8801	0.01545	0.1566
0.9016	-0.02062	0.1803
0.9346	-0.01591	0.1855
1.054	-0.02152	0.1766
1.174	-0.03173	0.1595
1.252	-0.002107	0.1285
1.336	0.03144	0.1192
1.383	0.05031	0.07867
1.358	0.05261	-0.06567
1.201	0.04034	-0.2486
0.9829	-0.05786	-0.3268
0.9105	-0.2436	-0.249
1.023	-0.334	-0.1174
1.173	-0.2882	0.01819
1.279	-0.1827	0.0596
1.316	-0.04137	-0.08969
1.199	0.02467	-0.2069
1.028	0.006772	-0.1893
0.8835	0.02929	-0.1328
0.7357	0.0205	-0.01619
0.7025	-0.04014	0.0788
0.7198	-0.06389	0.1124
0.7143	-0.1006	0.1367
0.7526	-0.1105	0.1337
0.7809	-0.08238	0.1313
0.8412	-0.08993	0.1265
0.9269	-0.07662	0.1278
1.009	-0.04066	0.1466
1.122	0.0004002	0.1559
1.147	0.01616	0.1808
1.136	-0.02074	0.2077
1.2	-0.04453	0.2332
1.269	-0.09437	0.2386
1.327	-0.1659	0.1727
1.309	-0.2526	-0.01184
1.219	-0.3762	-0.2637
1.155	-0.3277	-0.2883
1.014	-0.1174	-0.1754
0.8594	0.01914	-0.2197
0.9024	0.04726	-0.1936
1.006	-0.02828	-0.107
1.073	-0.1556	-0.09392
1.172	-0.2714	-0.02471
1.151	-0.316	-0.07243
1.03	-0.2761	-0.1576
0.9733	-0.255	-0.1081
0.8753	-0.1348	-0.08649
0.8025	0.02094	-0.006083
0.8279	0.05601	0.0722
0.8213	0.1516	0.0592
0.8816	0.1726	0.08977
0.9577	0.102	0.08897
0.9584	0.09784	0.1099
0.9804	0.007511	0.1799
0.9717	-0.04648	0.2009
0.9713	-0.04219	0.2114
0.9903	-0.06321	0.1765
1.01	-0.03231	0.1458
1.092	-0.03829	0.1605
1.167	-0.01839	0.1531
1.288	0.02178	0.1401
1.393	0.02087	0.07485
1.257	0.02245	-0.1069
1.024	-0.05013	-0.34
0.938	-0.1163	-0.4234
0.983	-0.1706	-0.2682
1.079	-0.2403	-0.02693
1.208	-0.1991	0.1505
1.284	-0.09893	0.1287
1.281	0.01136	-0.02873
1.206	0.06798	-0.1204
1.005	0.04216	-0.1593
0.8253	0.05265	-0.1014
0.76	0.05105	0.004512
0.7405	0.01284	0.02733
0.7503	-0.009173	0.1261
0.7454	-0.05187	0.1964
0.7573	-0.08571	0.1364
0.7825	-0.09485	0.1627
0.7805	-0.1053	0.1649
0.8139	-0.1106	0.1287
0.8599	-0.1094	0.1598
0.9562	-0.09395	0.1521
1.13	-0.09345	0.1765
1.265	-0.1179	0.1983
1.368	-0.1505	0.1616
1.438	-0.195	0.1525
1.418	-0.2225	0.0923
1.373	-0.2811	-0.009941
1.336	-0.3808	-0.09267
1.215	-0.3703	-0.19
1.038	-0.2433	-0.3813
0.9855	-0.1182	-0.5436
1.024	-0.04229	-0.3471
1.035	-0.03655	-0.1073
1.057	-0.09123	-0.1665
1.081	-0.1883	-0.1294
1.059	-0.2579	-0.04216
0.9819	-0.2179	-0.1276
0.878	-0.165	-0.1282
0.8236	-0.1453	-0.1031
0.8524	-0.0465	-0.1034
0.882	0.09358	-0.0243
0.8892	0.1593	-0.01297
0.9324	0.1493	0.001795
0.9238	0.1237	0.04992
0.8914	0.1051	0.03859
0.9261	0.06007	0.1154
0.9282	-0.01491	0.2178
0.9393	-0.07033	0.2207
0.975	-0.04894	0.1641
0.9726	-0.02123	0.09022
0.9834	-0.04076	0.09878
0.9745	0.0009283	0.1361
1	0.06799	0.1396
1.127	0.08052	0.1233
1.232	0.02344	-0.009284
1.216	-0.1119	-0.2178
1.161	-0.2149	-0.3342
1.185	-0.3	-0.2922
1.191	-0.348	-0.1644
1.235	-0.2368	-0.002725
1.345	-0.06984	0.1198
1.245	0.07063	0.06087
1.288	0.02178	0.1401
1.393	0.02087	0.07485
1.257	0.02245	-0.1069
1.024	-0.05013	-0.34
0.938	-0.1163	-0.4234
0.983	-0.1706	-0.2682
1.079	-0.2403	-0.02693
1.208	-0.1991	0.1505
1.284	-0.09893	0.1287
1.281	0.01136	-0.02873
1.206	0.06798	-0.1204
1.005	0.04216	-0.1593
0.8253	0.05265	-0.1014
0.76	0.05105	0.004512
0.7405	0.01284	0.02733
0.7503	-0.009173	0.1261
0.7454	-0.05187	0.1964
0.7573	-0.08571	0.1364
0.7825	-0.09485	0.1627
0.7805	-0.1053	0.1649
0.8139	-0.1106	0.1287
0.8599	-0.1094	0.1598
0.9562	-0.09395	0.1521
1.13	-0.09345	0.1765
1.265	-0.1179	0.1983
1.368	-0.1505	0.1616
1.438	-0.195	0.1525
1.418	-0.2225	0.0923
1.373	-0.2811	-0.009941
1.336	-0.3808	-0.09267
1.215	-0.3703	-0.19
1.038	-0.2433	-0.3813
0.9855	-0.1182	-0.5436
1.024	-0.04229	-0.3471
1.035	-0.03655	-0.1073
1.057	-0.09123	-0.1665
1.081	-0.1883	-0.1294
1.059	-0.2579	-0.04216
0.9819	-0.2179	-0.1276
0.878	-0.165	-0.1282
0.8236	-0.1453	-0.1031
0.8524	-0.0465	-0.1034
0.882	0.09358	-0.0243
0.8892	0.1593	-0.01297
0.9324	0.1493	0.001795
0.9238	0.1237	0.04992
0.8914	0.1051	0.03859
0.9261	0.06007	0.1154
0.9282	-0.01491	0.2178
0.9393	-0.07033	0.2207
0.975	-0.04894	0.1641
0.9726	-0.02123	0.09022
0.9834	-0.04076	0.09878
0.9745	0.0009283	0.1361
1	0.06799	0.1396
1.127	0.08052	0.1233
1.232	0.02344	-0.009284
1.216	-0.1119	-0.2178
1.161	-0.2149	-0.3342
1.185	-0.3	-0.2922
1.191	-0.348	-0.1644
1.235	-0.2368	-0.002725
1.345	-0.06984	0.1198
1.245	0.07063	0.06087
1.079	0.1172	-0.02962
1.002	0.06756	-0.04653
0.8891	0.06819	-0.06751
0.8519	0.04837	-0.00478
0.8333	-0.0315	0.06036
0.7787	-0.08782	0.08692
0.7699	-0.1174	0.1348
0.7275	-0.1033	0.115
0.7141	-0.1025	0.12
0.7497	-0.09563	0.1468
0.7806	-0.04501	0.1293
0.8563	-0.045	0.1467
0.971	-0.06373	0.1571
1.147	-0.08885	0.1838
1.289	-0.1346	0.2079
1.282	-0.139	0.1849
1.262	-0.1294	0.2107
1.29	-0.1234	0.267
1.308	-0.1372	0.2979
1.302	-0.1741	0.1975
1.215	-0.2071	-0.03545
1.041	-0.2348	-0.2097
0.9207	-0.1825	-0.3063
0.937	-0.07699	-0.3114
0.9986	-0.03339	-0.2136
1.048	-0.06162	-0.1373
1.1	-0.1425	-0.08232
1.109	-0.2365	-0.02642
1.062	-0.286	-0.0042
0.9791	-0.2505	-0.01292
0.8637	-0.1863	-0.02257
0.8019	-0.1239	-0.006555
0.8112	-0.01385	0.009728
0.8194	0.05339	0.03628
0.8474	0.1123	0.06999
0.8942	0.2258	0.08745
0.899	0.2111	0.1083
0.8737	0.1322	0.112
0.8662	0.1165	0.1288
0.8842	0.0391	0.1515
0.9304	-0.06413	0.1522
1.016	-0.09547	0.1841
1.125	-0.07564	0.1845
1.244	-0.01959	0.1773
1.315	0.03448	0.1993
1.302	0.06608	0.1226
1.3	0.06712	0.005628
1.251	0.0422	-0.08656
1.087	-0.0106	-0.2047
1.004	-0.1618	-0.2978
1.043	-0.3295	-0.2831
1.152	-0.3523	-0.1313
1.342	-0.2457	0.01802
1.399	-0.08219	0.0001189
1.222	0.04893	-0.1073
1.007	0.07222	-0.1525
0.8492	0.03439	-0.1319
0.7526	0.01429	-0.08053
0.7498	-0.01702	0.006358
0.7911	-0.08909	0.06103
0.799	-0.1299	0.05204
0.7921	-0.1461	0.04296
0.8108	-0.1621	0.05422
0.8575	-0.1632	0.07349
1.063	-0.192	-0.3873
1.186	-0.1825	-0.2765
1.236	-0.2254	-0.1556
1.213	-0.2321	-0.1813
1.123	-0.1856	-0.2876
1.034	-0.1174	-0.2369
0.9542	-0.05092	-0.2074
0.899	-0.03381	-0.194
0.8764	-0.05247	-0.07093
0.7831	-0.0496	0.009065
0.7271	-0.0423	0.04718
0.7485	-0.04272	0.03773
0.7195	-0.004363	0.0218
0.7228	0.03897	0.05124
0.7378	0.03412	0.02775
0.7466	0.01204	0.05535
0.8218	-0.006505	0.1026
0.866	-0.04272	0.1172
0.891	-0.0812	0.1813
0.9344	-0.08551	0.1939
0.9867	-0.06947	0.1982
1.065	-0.03745	0.2085
1.109	0.01447	0.2017
1.176	0.05296	0.261
1.347	0.04728	0.2905
1.563	-0.0485	0.2412
1.66	-0.2231	0.09589
1.549	-0.3738	-0.07871
1.388	-0.4219	-0.1341
1.152	-0.314	-0.2468
0.8468	-0.08189	-0.4922
0.8209	0.09418	-0.5416
0.9497	0.109	-0.3068
0.9884	0.05681	-0.1118
1.119	-0.00516	-0.1012
1.172	-0.1423	-0.1566
1.047	-0.2643	-0.1812
0.9773	-0.234	-0.1603
0.8293	-0.1818	-0.1546
0.6903	-0.167	-0.1217
0.7226	-0.1046	-0.04515
0.6963	-0.04901	0.003536
0.7183	-0.007464	0.02691
0.8278	0.01143	-0.005284
0.8469	-0.01246	-0.02215
0.8825	-0.02557	0.03011
0.9257	-0.05342	0.07479
0.9499	-0.03366	0.1173
0.9972	0.02985	0.1309
1.035	0.02511	0.1196
1.134	0.02687	0.1107
1.267	0.06189	0.1036
1.385	0.117	0.1704
1.532	0.1686	0.2329
1.585	0.143	0.1303
1.413	0.1188	-0.1336
1.144	0.08382	-0.3699
0.9434	-0.06818	-0.3761
0.7975	-0.2968	-0.2797
0.8056	-0.4544	-0.1891
1.032	-0.3995	0.0729
1.232	-0.2424	0.2481
1.272	-0.09534	0.04069
1.177	0.05374	-0.1378
1.008	0.09073	-0.1173
0.825	0.1041	-0.04842
0.662	0.162	0.1112
0.6829	0.1024	0.1876
0.7431	0.0246	0.1771
0.6836	-0.03408	0.2117
0.7123	-0.114	0.171
0.7353	-0.09725	0.1229
0.7379	-0.06755	0.1251
0.8619	-0.04473	0.1477
0.9978	0.01694	0.2109
1.184	0.03305	0.2324
1.351	0.02889	0.2465
1.386	-0.005609	0.2748
1.377	-0.07625	0.2377
1.342	-0.1548	0.09544
1.333	-0.2769	-0.1463
1.322	-0.3769	-0.2637
1.233	-0.3541	-0.2086
1.033	-0.1974	-0.2932
0.8347	-0.01969	-0.43
0.9394	0.08506	-0.3075
1.127	0.1043	-0.1171
1.151	-0.001349	-0.05899
1.232	-0.1688	-0.04916
1.217	-0.2776	-0.08574
1.027	-0.2842	-0.1184
0.8624	-0.2329	-0.1248
0.6976	-0.1842	-0.1216
0.6702	-0.1283	-0.05597
0.7152	-0.04779	-0.001667
0.662	0.06054	0.06686
0.7011	0.08822	0.11
0.8094	0.03663	0.05418
0.927	0.06367	0.08978
1.017	0.04561	0.1306
1.014	-0.04959	0.1155
1.085	-0.0742	0.1686
1.136	-0.08457	0.1667
1.127	-0.05606	0.1553
1.202	0.04476	0.1734
1.241	0.1252	0.1529
1.254	0.1161	0.1125
1.242	0.04087	-0.07893
1.111	-0.01971	-0.3267
0.9766	-0.1299	-0.3678
0.985	-0.1994	-0.2462
1.124	-0.1675	-0.1108
1.232	-0.2015	-0.008687
1.277	-0.1604	0.007125
1.273	-0.07761	-0.06605
1.198	-0.08152	-0.07395
1.088	-0.0002913	-0.04982
0.9031	0.04568	-0.05312
0.7715	0.01369	0.01895
0.7611	0.005091	0.06307
0.722	-0.032	0.061
0.7016	-0.03919	0.08815
0.7001	-0.04782	0.1143
0.7057	-0.06341	0.1472
0.7643	-0.04353	0.1369
0.8229	-0.03694	0.1235
0.9018	-0.01971	0.1345
1.026	-0.004568	0.1503
1.008	0.09073	-0.1173
0.825	0.1041	-0.04842
0.662	0.162	0.1112
0.6829	0.1024	0.1876
0.7431	0.0246	0.1771
0.6836	-0.03408	0.2117
0.7123	-0.114	0.171
0.7353	-0.09725	0.1229
0.7379	-0.06755	0.1251
0.8619	-0.04473	0.1477
0.9978	0.01694	0.2109
1.184	0.03305	0.2324
1.351	0.02889	0.2465
1.386	-0.005609	0.2748
1.377	-0.07625	0.2377
1.342	-0.1548	0.09544
1.333	-0.2769	-0.1463
1.322	-0.3769	-0.2637
1.233	-0.3541	-0.2086
1.033	-0.1974	-0.2932
0.8347	-0.01969	-0.43
0.9394	0.08506	-0.3075
1.127	0.1043	-0.1171
1.151	-0.001349	-0.05899
1.232	-0.1688	-0.04916
1.217	-0.2776	-0.08574
1.027	-0.2842	-0.1184
0.8624	-0.2329	-0.1248
0.6976	-0.1842	-0.1216
0.6702	-0.1283	-0.05597
0.7152	-0.04779	-0.001667
0.662	0.06054	0.06686
0.7011	0.08822	0.11
0.8094	0.03663	0.05418
0.927	0.06367	0.08978
1.017	0.04561	0.1306
1.014	-0.04959	0.1155
1.085	-0.0742	0.1686
1.136	-0.08457	0.1667
1.127	-0.05606	0.1553
1.202	0.04476	0.1734
1.241	0.1252	0.1529
1.254	0.1161	0.1125
1.242	0.04087	-0.07893
1.111	-0.01971	-0.3267
0.9766	-0.1299	-0.3678
0.985	-0.1994	-0.2462
1.124	-0.1675	-0.1108
1.232	-0.2015	-0.008687
1.277	-0.1604	0.007125
1.273	-0.07761	-0.06605
1.198	-0.08152	-0.07395
1.088	-0.0002913	-0.04982
0.9031	0.04568	-0.05312
0.7715	0.01369	0.01895
0.7611	0.005091	0.06307
0.722	-0.032	0.061
0.7016	-0.03919	0.08815
0.7001	-0.04782	0.1143
0.7057	-0.06341	0.1472
0.7643	-0.04353	0.1369
0.8229	-0.03694	0.1235
0.9018	-0.01971	0.1345
1.026	-0.004568	0.1503
1.244	0.005496	0.2211
1.434	-0.005199	0.2597
1.442	-0.05362	0.2562
1.466	-0.1137	0.2183
1.514	-0.2462	0.07218
1.444	-0.378	-0.08666
1.319	-0.4251	-0.1598
1.136	-0.4286	-0.186
0.9568	-0.3158	-0.2799
0.8729	-0.1108	-0.3663
0.8801	0.01861	-0.2923
0.9562	0.01938	-0.1792
1.03	-0.02934	-0.08643
1.065	-0.09148	-0.0297
1.055	-0.2134	-0.06637
1.011	-0.2554	-0.07945
0.9107	-0.1695	-0.08568
0.7798	-0.1267	-0.11
0.7336	-0.04671	-0.03203
0.7455	0.06285	0.07181
0.8017	0.08217	0.1114
0.8999	0.1089	0.1038
0.9287	0.1065	0.07603
0.8998	0.07485	0.08248
0.8952	0.06532	0.1155
0.9507	0.004003	0.1726
1.066	-0.03971	0.1996
1.182	-0.03965	0.1378
1.209	-0.01726	0.09662
1.216	0.04082	0.1053
1.359	0.06875	0.07697
1.453	0.06459	-0.05545
1.311	0.03259	-0.2544
1.083	-0.031	-0.3486
0.9263	-0.1157	-0.3419
0.9724	-0.2061	-0.2641
1.199	-0.2445	-0.02496
1.378	-0.223	0.1375
1.373	-0.1427	0.00576
1.216	-0.05825	-0.1283
1.043	-0.002473	-0.1021
0.8862	0.06349	-0.09838
0.7786	0.08314	-0.1006
0.742	0.05314	-0.02715
0.6479	0.02177	0.03796
0.6324	0.006647	0.0674
0.7337	-0.01649	0.1118
0.7278	-0.08098	0.1876
0.7349	-0.0966	0.1946
0.7923	-0.09724	0.1355
0.8563	-0.139	0.1266
0.9903	-0.1192	0.09269
1.082	-0.06715	0.09533
1.274	-0.04496	0.1841
1.511	-0.06658	0.1969
1.484	-0.1345	0.1964
1.428	-0.2004	0.1159
1.408	-0.2845	-0.07962
1.273	-0.3648	-0.162
1.124	-0.3542	-0.2352
0.9691	-0.2405	-0.3345
0.9106	-0.07064	-0.3161
0.9572	0.03325	-0.2428
0.9755	0.01662	-0.1472
1.244	0.005496	0.2211
1.434	-0.005199	0.2597
1.442	-0.05362	0.2562
1.466	-0.1137	0.2183
1.514	-0.2462	0.07218
1.444	-0.378	-0.08666
1.319	-0.4251	-0.1598
1.136	-0.4286	-0.186
0.9568	-0.3158	-0.2799
0.8729	-0.1108	-0.3663
0.8801	0.01861	-0.2923
0.9562	0.01938	-0.1792
1.03	-0.02934	-0.08643
1.065	-0.09148	-0.0297
1.055	-0.2134	-0.06637
1.011	-0.2554	-0.07945
0.9107	-0.1695	-0.08568
0.7798	-0.1267	-0.11
0.7336	-0.04671	-0.03203
0.7455	0.06285	0.07181
0.8017	0.08217	0.1114
0.8999	0.1089	0.1038
0.9287	0.1065	0.07603
0.8998	0.07485	0.08248
0.8952	0.06532	0.1155
0.9507	0.004003	0.1726
1.066	-0.03971	0.1996
1.182	-0.03965	0.1378
1.209	-0.01726	0.09662
1.216	0.04082	0.1053
1.359	0.06875	0.07697
1.453	0.06459	-0.05545
1.311	0.03259	-0.2544
1.083	-0.031	-0.3486
0.9263	-0.1157	-0.3419
0.9724	-0.2061	-0.2641
1.199	-0.2445	-0.02496
1.378	-0.223	0.1375
1.373	-0.1427	0.00576
1.216	-0.05825	-0.1283
1.043	-0.002473	-0.1021
0.8862	0.06349	-0.09838
0.7786	0.08314	-0.1006
0.742	0.05314	-0.02715
0.6479	0.02177	0.03796
0.6324	0.006647	0.0674
0.7337	-0.01649	0.1118
0.7278	-0.08098	0.1876
0.7349	-0.0966	0.1946
0.7923	-0.09724	0.1355
0.8563	-0.139	0.1266
0.9903	-0.1192	0.09269
1.082	-0.06715	0.09533
1.274	-0.04496	0.1841
1.511	-0.06658	0.1969
1.484	-0.1345	0.1964
1.428	-0.2004	0.1159
1.408	-0.2845	-0.07962
1.273	-0.3648	-0.162
1.124	-0.3542	-0.2352
0.9691	-0.2405	-0.3345
0.9106	-0.07064	-0.3161
0.9572	0.03325	-0.2428
0.9755	0.01662	-0.1472
1.047	-0.04974	-0.07138
1.094	-0.1536	-0.05914
1.021	-0.261	-0.08698
0.9335	-0.3002	-0.1258
0.8562	-0.2565	-0.1159
0.784	-0.1322	-0.06219
0.7313	-0.006733	0.01473
0.7432	0.08483	0.08157
0.8207	0.1826	0.09163
0.8835	0.2259	0.09072
0.9169	0.2035	0.1001
0.9321	0.1791	0.1211
0.9564	0.1204	0.1676
1.009	-0.007611	0.1788
1.052	-0.1157	0.1491
1.084	-0.1333	0.1424
1.151	-0.1031	0.1558
1.273	-0.05139	0.1364
1.335	-0.01711	0.008281
1.239	-0.04139	-0.1943
1.102	-0.08434	-0.3081
1.039	-0.1167	-0.3224
1.072	-0.1502	-0.2792
1.191	-0.1973	-0.1271
1.339	-0.2196	0.0121
1.403	-0.1721	-0.00148
1.275	-0.08429	-0.07776
1.064	-0.01017	-0.1209
0.9105	0.0369	-0.1072
0.7658	0.06882	-0.05061
0.7004	0.0652	0.007953
0.7327	0.0429	0.04592
0.7326	0.02488	0.0634
0.7414	-0.008903	0.09991
0.7753	-0.0203	0.1285
0.8003	-0.01864	0.114
0.833	-0.04712	0.1087
0.85	-0.067	0.09734
0.8855	-0.06308	0.08011
0.9935	-0.05574	0.1174
1.209	-0.05856	0.1963
1.427	-0.08738	0.2552
1.429	-0.168	0.2124
1.346	-0.2887	0.07742
1.348	-0.37	-0.05071
1.247	-0.4012	-0.1217
1.102	-0.3875	-0.1586
1.028	-0.2188	-0.2742
0.9076	0.006162	-0.4014
0.968	0.0008027	-0.3273
1.178	-0.09348	-0.1897
1.154	-0.08934	-0.1421
1.107	-0.1994	-0.08627
1.113	-0.3234	-0.07802
1.013	-0.2991	-0.1143
0.9322	-0.2967	-0.09184
0.7823	-0.2595	-0.09646
0.6793	-0.1825	-0.09654
0.7711	-0.13	-0.04578
0.8452	0.0322	-0.01634
0.9404	0.2003	0.03305
0.9773	0.1965	0.0397
0.8932	0.1316	0.02099
0.9083	0.1601	0.1151
1.047	-0.04974	-0.07138
1.094	-0.1536	-0.05914
1.021	-0.261	-0.08698
0.9335	-0.3002	-0.1258
0.8562	-0.2565	-0.1159
0.784	-0.1322	-0.06219
0.7313	-0.006733	0.01473
0.7432	0.08483	0.08157
0.8207	0.1826	0.09163
0.8835	0.2259	0.09072
0.9169	0.2035	0.1001
0.9321	0.1791	0.1211
0.9564	0.1204	0.1676
1.009	-0.007611	0.1788
1.052	-0.1157	0.1491
1.084	-0.1333	0.1424
1.151	-0.1031	0.1558
1.273	-0.05139	0.1364
1.335	-0.01711	0.008281
1.239	-0.04139	-0.1943
1.102	-0.08434	-0.3081
1.039	-0.1167	-0.3224
1.072	-0.1502	-0.2792
1.191	-0.1973	-0.1271
1.339	-0.2196	0.0121
1.403	-0.1721	-0.00148
1.275	-0.08429	-0.07776
1.064	-0.01017	-0.1209
0.9105	0.0369	-0.1072
0.7658	0.06882	-0.05061
0.7004	0.0652	0.007953
0.7327	0.0429	0.04592
0.7326	0.02488	0.0634
0.7414	-0.008903	0.09991
0.7753	-0.0203	0.1285
0.8003	-0.01864	0.114
0.833	-0.04712	0.1087
0.85	-0.067	0.09734
0.8855	-0.06308	0.08011
0.9935	-0.05574	0.1174
1.209	-0.05856	0.1963
1.427	-0.08738	0.2552
1.429	-0.168	0.2124
1.346	-0.2887	0.07742
1.348	-0.37	-0.05071
1.247	-0.4012	-0.1217
1.102	-0.3875	-0.1586
1.028	-0.2188	-0.2742
0.9076	0.006162	-0.4014
0.968	0.0008027	-0.3273
1.178	-0.09348	-0.1897
1.154	-0.08934	-0.1421
1.107	-0.1994	-0.08627
1.113	-0.3234	-0.07802
1.013	-0.2991	-0.1143
0.9322	-0.2967	-0.09184
0.7823	-0.2595	-0.09646
0.6793	-0.1825	-0.09654
0.7711	-0.13	-0.04578
0.8452	0.0322	-0.01634
0.9404	0.2003	0.03305
0.9773	0.1965	0.0397
0.8932	0.1316	0.02099
0.9083	0.1601	0.1151
0.9096	0.1455	0.2005
0.9131	0.05489	0.2338
1.024	0.066	0.2517
1.083	0.03942	0.2081
1.145	-0.01148	0.1568
1.196	0.02247	0.1221
1.185	0.0195	0.1585
1.216	0.03496	0.1941
1.206	0.01071	0.02027
1.132	-0.05353	-0.2269
1.032	-0.04981	-0.3716
0.9855	-0.1034	-0.4195
1.115	-0.1836	-0.2966
1.292	-0.2175	-0.08185
1.366	-0.1823	-0.006989
1.26	-0.09272	-0.05131
1.077	-0.05475	-0.04994
0.983	-0.01011	-0.0298
0.8141	0.04243	-0.03219
0.6627	0.0505	-0.001043
0.7104	0.05114	0.03703
0.7386	0.04278	0.0604
0.7545	0.04075	0.08266
0.7962	0.0245	0.09543
0.7718	-0.01204	0.1275
0.8053	-0.04973	0.1801
0.9025	-0.07567	0.1923
1.02	-0.06342	0.1661
1.182	-0.08739	0.1659
1.322	-0.155	0.1738
1.419	-0.2098	0.169
1.465	-0.2385	0.1594
1.507	-0.2249	0.0788
1.507	-0.2549	-0.048
1.284	-0.2801	-0.1591
0.9788	-0.1752	-0.3076
0.8871	-0.03274	-0.3989
0.9342	0.08503	-0.3023
0.9281	0.132	-0.1851
0.9389	0.05789	-0.1362
0.9952	-0.03781	-0.07099
0.9975	-0.1418	-0.08648
1.014	-0.2851	-0.1375
0.9985	-0.2991	-0.111
0.8394	-0.1759	-0.1058
0.7138	-0.1329	-0.06028
0.7424	-0.1018	0.006673
0.8025	-0.01707	0.003592
0.8066	0.05966	0.04887
0.8384	0.1582	0.07137
0.8813	0.1421	0.04314
0.8774	0.1151	0.08059
0.9211	0.1621	0.1205
0.9571	0.06456	0.1493
1.023	-0.01776	0.1712
1.165	-0.06121	0.1487
1.216	-0.1353	0.117
1.26	-0.1042	0.09444
1.33	-0.05801	0.07852
1.358	0.04608	0.005181
1.341	0.1224	-0.1681
1.141	0.04862	-0.3164
0.882	-0.009982	-0.3428
0.8238	-0.1368	-0.2723
0.9096	0.1455	0.2005
0.9131	0.05489	0.2338
1.024	0.066	0.2517
1.083	0.03942	0.2081
1.145	-0.01148	0.1568
1.196	0.02247	0.1221
1.185	0.0195	0.1585
1.216	0.03496	0.1941
1.206	0.01071	0.02027
1.132	-0.05353	-0.2269
1.032	-0.04981	-0.3716
0.9855	-0.1034	-0.4195
1.115	-0.1836	-0.2966
1.292	-0.2175	-0.08185
1.366	-0.1823	-0.006989
1.26	-0.09272	-0.05131
1.077	-0.05475	-0.04994
0.983	-0.01011	-0.0298
0.8141	0.04243	-0.03219
0.6627	0.0505	-0.001043
0.7104	0.05114	0.03703
0.7386	0.04278	0.0604
0.7545	0.04075	0.08266
0.7962	0.0245	0.09543
0.7718	-0.01204	0.1275
0.8053	-0.04973	0.1801
0.9025	-0.07567	0.1923
1.02	-0.06342	0.1661
1.182	-0.08739	0.1659
1.322	-0.155	0.1738
1.419	-0.2098	0.169
1.465	-0.2385	0.1594
1.507	-0.2249	0.0788
1.507	-0.2549	-0.048
1.284	-0.2801	-0.1591
0.9788	-0.1752	-0.3076
0.8871	-0.03274	-0.3989
0.9342	0.08503	-0.3023
0.9281	0.132	-0.1851
0.9389	0.05789	-0.1362
0.9952	-0.03781	-0.07099
0.9975	-0.1418	-0.08648
1.014	-0.2851	-0.1375
0.9985	-0.2991	-0.111
0.8394	-0.1759	-0.1058
0.7138	-0.1329	-0.06028
0.7424	-0.1018	0.006673
0.8025	-0.01707	0.003592
0.8066	0.05966	0.04887
0.8384	0.1582	0.07137
0.8813	0.1421	0.04314
0.8774	0.1151	0.08059
0.9211	0.1621	0.1205
0.9571	0.06456	0.1493
1.023	-0.01776	0.1712
1.165	-0.06121	0.1487
1.216	-0.1353	0.117
1.26	-0.1042	0.09444
1.33	-0.05801	0.07852
1.358	0.04608	0.005181
1.341	0.1224	-0.1681
1.141	0.04862	-0.3164
0.882	-0.009982	-0.3428
0.8238	-0.1368	-0.2723
1.004	-0.2592	-0.1397
1.241	-0.2324	-0.04246
1.311	-0.2143	-0.068
1.244	-0.1932	-0.121
1.13	-0.1211	-0.1203
1.033	-0.03545	-0.1115
0.911	0.04283	-0.068
0.758	0.07199	0.02523
0.7054	0.07387	0.08688
0.6638	0.07703	0.1194
0.6338	0.07531	0.1398
0.6561	0.05782	0.1314
0.6673	0.0303	0.1364
0.7634	-0.008911	0.1454
0.9225	-0.06098	0.1311
1.12	-0.08294	0.1058
1.267	-0.06579	0.06269
1.293	-0.05076	0.05381
1.4	-0.09067	0.1133
1.492	-0.2038	0.1518
1.46	-0.3546	0.08729
1.416	-0.4576	-0.05957
1.28	-0.4407	-0.2086
1.046	-0.3545	-0.2946
0.8697	-0.2146	-0.3292
0.9008	-0.03331	-0.3453
1.022	0.0703	-0.2952
1.07	0.06813	-0.1919
1.146	-0.02678	-0.1111
1.148	-0.1707	-0.03009
1.056	-0.2652	-0.003757
0.996	-0.2725	-0.06703
0.8547	-0.1992	-0.08538
0.7269	-0.1072	-0.04984
0.705	-0.00588	-0.01269
0.7154	0.08341	0.02304
0.7799	0.1063	0.02562
0.8196	0.1258	0.04191
0.8303	0.1202	0.11
0.8629	0.07687	0.1816
0.9254	0.03831	0.2001
1.035	-0.04315	0.1711
1.111	-0.1186	0.1611
1.159	-0.1315	0.1486
1.183	-0.098	0.1262
1.201	-0.03363	0.1491
1.264	0.01191	0.1414
1.247	-0.01887	0.005811
1.174	-0.08285	-0.2247
1.115	-0.06552	-0.3889
1.055	-0.09679	-0.3828
1.12	-0.2225	-0.3194
1.278	-0.2261	-0.2422
1.366	-0.1692	-0.145
1.334	-0.1328	-0.1441
1.192	-0.08841	-0.1652
0.9975	-0.0593	-0.091
0.7996	0.01541	-0.01974
0.6906	0.0634	0.0121
0.6833	0.04631	0.03541
0.6686	0.03736	0.06961
0.6837	0.01603	0.1174
0.7357	0.0117	0.1164
0.7627	-0.0005417	0.1072
1.004	-0.2592	-0.1397
1.241	-0.2324	-0.04246
1.311	-0.2143	-0.068
1.244	-0.1932	-0.121
1.13	-0.1211	-0.1203
1.033	-0.03545	-0.1115
0.911	0.04283	-0.068
0.758	0.07199	0.02523
0.7054	0.07387	0.08688
0.6638	0.07703	0.1194
0.6338	0.07531	0.1398
0.6561	0.05782	0.1314
0.6673	0.0303	0.1364
0.7634	-0.008911	0.1454
0.9225	-0.06098	0.1311
1.12	-0.08294	0.1058
1.267	-0.06579	0.06269
1.293	-0.05076	0.05381
1.4	-0.09067	0.1133
1.492	-0.2038	0.1518
1.46	-0.3546	0.08729
1.416	-0.4576	-0.05957
1.28	-0.4407	-0.2086
1.046	-0.3545	-0.2946
0.8697	-0.2146	-0.3292
0.9008	-0.03331	-0.3453
1.022	0.0703	-0.2952
1.07	0.06813	-0.1919
1.146	-0.02678	-0.1111
1.148	-0.1707	-0.03009
1.056	-0.2652	-0.003757
0.996	-0.2725	-0.06703
0.8547	-0.1992	-0.08538
0.7269	-0.1072	-0.04984
0.705	-0.00588	-0.01269
0.7154	0.08341	0.02304
0.7799	0.1063	0.02562
0.8196	0.1258	0.04191
0.8303	0.1202	0.11
0.8629	0.07687	0.1816
0.9254	0.03831	0.2001
1.035	-0.04315	0.1711
1.111	-0.1186	0.1611
1.159	-0.1315	0.1486
1.183	-0.098	0.1262
1.201	-0.03363	0.1491
1.264	0.01191	0.1414
1.247	-0.01887	0.005811
1.174	-0.08285	-0.2247
1.115	-0.06552	-0.3889
1.055	-0.09679	-0.3828
1.12	-0.2225	-0.3194
1.278	-0.2261	-0.2422
1.366	-0.1692	-0.145
1.334	-0.1328	-0.1441
1.192	-0.08841	-0.1652
0.9975	-0.0593	-0.091
0.7996	0.01541	-0.01974
0.6906	0.0634	0.0121
0.6833	0.04631	0.03541
0.6686	0.03736	0.06961
0.6837	0.01603	0.1174
0.7357	0.0117	0.1164
0.7627	-0.0005417	0.1072
0.7867	-0.04714	0.1163
0.7911	-0.08001	0.09156
0.8479	-0.1051	0.09745
1.003	-0.09117	0.146
1.179	-0.04196	0.1901
1.357	-0.01345	0.2202
1.474	-0.04131	0.196
1.498	-0.1571	0.09295
1.474	-0.3131	-0.1272
1.387	-0.4047	-0.3311
1.173	-0.3595	-0.34
0.8918	-0.1997	-0.3212
0.8079	-0.0002612	-0.3231
0.9056	0.1031	-0.1875
0.9731	0.0209	-0.03168
1.08	-0.08889	0.001402
1.132	-0.1865	-0.04819
1.001	-0.2709	-0.1137
0.8886	-0.2051	-0.1808
0.8316	-0.1697	-0.2273
0.7737	-0.1826	-0.1939
0.7574	-0.09076	-0.1513
0.7644	-0.02304	-0.08487
0.8067	0.0749	0.05339
0.847	0.127	0.06769
0.8664	0.08233	0.04381
0.9101	0.1526	0.1316
0.9254	0.1213	0.1409
0.9559	-0.01853	0.1298
1.045	-0.0726	0.1458
1.107	-0.1432	0.08286
1.16	-0.07701	0.09556
1.285	0.09309	0.1676
1.482	0.1468	0.1507
1.552	0.1153	-0.0178
1.31	0.02459	-0.3283
1.011	-0.02055	-0.4397
0.9383	-0.08571	-0.3055
1.006	-0.226	-0.1745
1.139	-0.2466	0.03031
1.307	-0.147	0.1197
1.304	0.009413	-0.04708
1.121	0.0701	-0.1356
0.9341	0.02912	-0.1373
0.7365	0.06102	-0.1126
0.6138	0.02855	0.002486
0.6434	-0.01326	0.07672
0.6756	0.00281	0.1446
0.7205	-0.05685	0.2036
0.7626	-0.08076	0.1659
0.7398	-0.08076	0.1456
0.7554	-0.09344	0.1366
0.8161	-0.07611	0.1324
0.9783	-0.04845	0.1779
1.21	0.0006258	0.1895
1.323	-0.03089	0.1702
1.431	-0.1453	0.1458
1.496	-0.3117	0.1043
1.359	-0.4589	0.01909
1.291	-0.4228	-0.09537
1.246	-0.3663	-0.135
1.047	-0.3341	-0.1658
0.9933	-0.2035	-0.2255
1.043	-0.08293	-0.2193
0.7867	-0.04714	0.1163
0.7911	-0.08001	0.09156
0.8479	-0.1051	0.09745
1.003	-0.09117	0.146
1.179	-0.04196	0.1901
1.357	-0.01345	0.2202
1.474	-0.04131	0.196
1.498	-0.1571	0.09295
1.474	-0.3131	-0.1272
1.387	-0.4047	-0.3311
1.173	-0.3595	-0.34
0.8918	-0.1997	-0.3212
0.8079	-0.0002612	-0.3231
0.9056	0.1031	-0.1875
0.9731	0.0209	-0.03168
1.08	-0.08889	0.001402
1.132	-0.1865	-0.04819
1.001	-0.2709	-0.1137
0.8886	-0.2051	-0.1808
0.8316	-0.1697	-0.2273
0.7737	-0.1826	-0.1939
0.7574	-0.09076	-0.1513
0.7644	-0.02304	-0.08487
0.8067	0.0749	0.05339
0.847	0.127	0.06769
0.8664	0.08233	0.04381
0.9101	0.1526	0.1316
0.9254	0.1213	0.1409
0.9559	-0.01853	0.1298
1.045	-0.0726	0.1458
1.107	-0.1432	0.08286
1.16	-0.07701	0.09556
1.285	0.09309	0.1676
1.482	0.1468	0.1507
1.552	0.1153	-0.0178
1.31	0.02459	-0.3283
1.011	-0.02055	-0.4397
0.9383	-0.08571	-0.3055
1.006	-0.226	-0.1745
1.139	-0.2466	0.03031
1.307	-0.147	0.1197
1.304	0.009413	-0.04708
1.121	0.0701	-0.1356
0.9341	0.02912	-0.1373
0.7365	0.06102	-0.1126
0.6138	0.02855	0.002486
0.6434	-0.01326	0.07672
0.6756	0.00281	0.1446
0.7205	-0.05685	0.2036
0.7626	-0.08076	0.1659
0.7398	-0.08076	0.1456
0.7554	-0.09344	0.1366
0.8161	-0.07611	0.1324
0.9783	-0.04845	0.1779
1.21	0.0006258	0.1895
1.323	-0.03089	0.1702
1.431	-0.1453	0.1458
1.496	-0.3117	0.1043
1.359	-0.4589	0.01909
1.291	-0.4228	-0.09537
1.246	-0.3663	-0.135
1.047	-0.3341	-0.1658
0.9933	-0.2035	-0.2255
1.043	-0.08293	-0.2193
1.023	0.03698	-0.2193
1.056	0.04729	-0.2173
1.168	-0.1462	-0.1175
1.285	-0.2409	-0.04016
1.197	-0.2405	-0.0926
0.9928	-0.2918	-0.1544
0.9017	-0.255	-0.123
0.7916	-0.1553	-0.07741
0.7393	-0.05924	-0.039
0.7524	0.0416	0.0005092
0.6989	0.1197	-0.007963
0.7085	0.1996	0.02679
0.7423	0.2454	0.1165
0.7875	0.2292	0.1862
0.9204	0.1768	0.2642
1.075	0.1008	0.2826
1.211	0.02058	0.2272
1.23	-0.03722	0.1474
1.148	-0.04525	0.06561
1.124	-0.04207	0.1139
1.203	-0.06077	0.2154
1.311	-0.09662	0.1986
1.296	-0.1002	0.05467
1.14	-0.01779	-0.2727
0.9955	0.04432	-0.5314
0.9966	-0.01646	-0.407
1.127	-0.1519	-0.2086
1.222	-0.2418	-0.1244
1.273	-0.223	-0.02038
1.275	-0.1571	-0.03412
1.127	-0.07802	-0.1016
0.9478	0.004995	-0.09081
0.847	0.03363	-0.1005
0.7782	0.02698	-0.06112
0.7491	0.04047	-0.02744
0.7952	0.03018	-0.0008871
0.8157	0.005879	0.1089
0.7413	0.007161	0.131
0.708	-0.01523	0.1317
0.7313	-0.03964	0.1591
0.778	-0.05909	0.1285
0.8894	-0.06718	0.1267
1.028	-0.0329	0.1077
1.198	-0.0172	0.1031
1.36	-0.0002177	0.1449
1.461	-0.02022	0.1384
1.518	-0.1495	0.05877
1.52	-0.3311	-0.1485
1.398	-0.5009	-0.3431
1.106	-0.4961	-0.3782
0.8675	-0.2992	-0.349
0.8424	-0.08976	-0.2986
0.921	0.01584	-0.2154
1.065	-0.02614	-0.1105
1.222	-0.1228	-0.05447
1.266	-0.2544	-0.1137
1.16	-0.346	-0.2044
1.023	-0.2865	-0.1998
0.8694	-0.2404	-0.1291
0.6511	-0.1764	-0.07501
0.6096	-0.06415	-0.02211
0.699	0.01103	0.02418
0.7178	0.1638	0.08549
0.8105	0.2133	0.1191
1.023	0.03698	-0.2193
1.056	0.04729	-0.2173
1.168	-0.1462	-0.1175
1.285	-0.2409	-0.04016
1.197	-0.2405	-0.0926
0.9928	-0.2918	-0.1544
0.9017	-0.255	-0.123
0.7916	-0.1553	-0.07741
0.7393	-0.05924	-0.039
0.7524	0.0416	0.0005092
0.6989	0.1197	-0.007963
0.7085	0.1996	0.02679
0.7423	0.2454	0.1165
0.7875	0.2292	0.1862
0.9204	0.1768	0.2642
1.075	0.1008	0.2826
1.211	0.02058	0.2272
1.23	-0.03722	0.1474
1.148	-0.04525	0.06561
1.124	-0.04207	0.1139
1.203	-0.06077	0.2154
1.311	-0.09662	0.1986
1.296	-0.1002	0.05467
1.14	-0.01779	-0.2727
0.9955	0.04432	-0.5314
0.9966	-0.01646	-0.407
1.127	-0.1519	-0.2086
1.222	-0.2418	-0.1244
1.273	-0.223	-0.02038
1.275	-0.1571	-0.03412
1.127	-0.07802	-0.1016
0.9478	0.004995	-0.09081
0.847	0.03363	-0.1005
0.7782	0.02698	-0.06112
0.7491	0.04047	-0.02744
0.7952	0.03018	-0.0008871
0.8157	0.005879	0.1089
0.7413	0.007161	0.131
0.708	-0.01523	0.1317
0.7313	-0.03964	0.1591
0.778	-0.05909	0.1285
0.8894	-0.06718	0.1267
1.028	-0.0329	0.1077
1.198	-0.0172	0.1031
1.36	-0.0002177	0.1449
1.461	-0.02022	0.1384
1.518	-0.1495	0.05877
1.52	-0.3311	-0.1485
1.398	-0.5009	-0.3431
1.106	-0.4961	-0.3782
0.8675	-0.2992	-0.349
0.8424	-0.08976	-0.2986
0.921	0.01584	-0.2154
1.065	-0.02614	-0.1105
1.222	-0.1228	-0.05447
1.266	-0.2544	-0.1137
1.16	-0.346	-0.2044
1.023	-0.2865	-0.1998
0.8694	-0.2404	-0.1291
0.6511	-0.1764	-0.07501
0.6096	-0.06415	-0.02211
0.699	0.01103	0.02418
0.7178	0.1638	0.08549
0.8105	0.2133	0.1191
0.8847	0.1444	0.0882
0.8661	0.193	0.1434
0.9391	0.1636	0.2052
1.009	0.07021	0.1893
1.015	0.02186	0.1795
1.056	-0.07895	0.1208
1.099	-0.07775	0.09627
1.198	0.008045	0.137
1.354	0.03307	0.1354
1.393	-0.007137	0.03942
1.281	-0.1069	-0.2341
1.096	-0.1292	-0.4477
0.9438	-0.1275	-0.3451
0.9595	-0.1894	-0.1787
1.115	-0.1955	-0.1046
1.31	-0.1416	-7.65e-05
1.45	-0.04047	-0.005299
1.383	0.02711	-0.1295
1.186	0.05077	-0.13
0.9734	0.1192	-0.1083
0.7024	0.1229	-0.0533
0.5888	0.08971	0.08044
0.638	0.06983	0.1093
0.639	-0.001987	0.1324
0.7149	-0.06325	0.1437
0.7889	-0.1172	0.1131
0.8057	-0.1555	0.1269
0.8779	-0.1423	0.102
0.8991	-0.1168	0.09302
0.9655	-0.09012	0.09435
1.135	-0.1149	0.1083
1.341	-0.1743	0.1787
1.552	-0.2132	0.1876
1.611	-0.2766	0.1543
1.586	-0.3472	0.0785
1.498	-0.381	-0.008792
1.23	-0.3671	-0.06646
0.9405	-0.2748	-0.2172
0.8386	-0.1216	-0.3636
0.9188	0.02106	-0.3641
0.9575	0.07132	-0.3045
1.022	-0.007973	-0.2108
1.204	-0.1401	-0.04939
1.168	-0.2158	-0.004406
0.9676	-0.2547	-0.09419
0.8366	-0.3132	-0.07947
0.75	-0.3105	-0.07177
0.7482	-0.2079	-0.08556
0.7123	-0.05186	0.02057
0.6892	0.1152	0.06937
0.8212	0.1836	0.06515
0.8897	0.2478	0.08153
0.894	0.364	0.07895
0.8752	0.3186	0.09168
0.8046	0.2463	0.1186
0.842	0.1898	0.1938
0.9563	0.01274	0.2592
1.152	-0.04815	0.2635
1.331	-0.07694	0.2185
1.329	-0.1317	0.1186
1.358	-0.01614	0.08788
1.395	0.05538	0.05259
1.285	0.04862	-0.113
1.079	0.05014	-0.2824
0.8847	0.1444	0.0882
0.8661	0.193	0.1434
0.9391	0.1636	0.2052
1.009	0.07021	0.1893
1.015	0.02186	0.1795
1.056	-0.07895	0.1208
1.099	-0.07775	0.09627
1.198	0.008045	0.137
1.354	0.03307	0.1354
1.393	-0.007137	0.03942
1.281	-0.1069	-0.2341
1.096	-0.1292	-0.4477
0.9438	-0.1275	-0.3451
0.9595	-0.1894	-0.1787
1.115	-0.1955	-0.1046
1.31	-0.1416	-7.65e-05
1.45	-0.04047	-0.005299
1.383	0.02711	-0.1295
1.186	0.05077	-0.13
0.9734	0.1192	-0.1083
0.7024	0.1229	-0.0533
0.5888	0.08971	0.08044
0.638	0.06983	0.1093
0.639	-0.001987	0.1324
0.7149	-0.06325	0.1437
0.7889	-0.1172	0.1131
0.8057	-0.1555	0.1269
0.8779	-0.1423	0.102
0.8991	-0.1168	0.09302
0.9655	-0.09012	0.09435
1.135	-0.1149	0.1083
1.341	-0.1743	0.1787
1.552	-0.2132	0.1876
1.611	-0.2766	0.1543
1.586	-0.3472	0.0785
1.498	-0.381	-0.008792
1.23	-0.3671	-0.06646
0.9405	-0.2748	-0.2172
0.8386	-0.1216	-0.3636
0.9188	0.02106	-0.3641
0.9575	0.07132	-0.3045
1.022	-0.007973	-0.2108
1.204	-0.1401	-0.04939
1.168	-0.2158	-0.004406
0.9676	-0.2547	-0.09419
0.8366	-0.3132	-0.07947
0.75	-0.3105	-0.07177
0.7482	-0.2079	-0.08556
0.7123	-0.05186	0.02057
0.6892	0.1152	0.06937
0.8212	0.1836	0.06515
0.8897	0.2478	0.08153
0.894	0.364	0.07895
0.8752	0.3186	0.09168
0.8046	0.2463	0.1186
0.842	0.1898	0.1938
0.9563	0.01274	0.2592
1.152	-0.04815	0.2635
1.331	-0.07694	0.2185
1.329	-0.1317	0.1186
1.358	-0.01614	0.08788
1.395	0.05538	0.05259
1.285	0.04862	-0.113
1.079	0.05014	-0.2824
0.8804	-0.05555	-0.3333
0.9153	-0.2374	-0.2292
1.137	-0.353	-0.08928
1.359	-0.3151	0.004903
1.463	-0.2366	0.03058
1.31	-0.1419	-0.04185
1.062	-0.03607	-0.08124
0.8439	0.005225	-0.1024
0.6757	0.06667	-0.1214
0.6541	0.09442	-0.06801
0.6361	0.1015	-0.009007
0.6499	0.08509	0.1107
0.7754	-0.03543	0.1943
0.7996	-0.07076	0.1559
0.7993	-0.07683	0.1573
0.8569	-0.1227	0.1278
0.8833	-0.1062	0.1041
0.9091	-0.1134	0.1388
0.9432	-0.1005	0.1173
1.153	-0.04705	0.1519
1.437	-0.01562	0.1951
1.464	-0.0565	0.1596
1.483	-0.2131	0.09614
1.567	-0.3585	-0.05492
1.371	-0.4432	-0.186
1.062	-0.4053	-0.2344
0.89	-0.2171	-0.2889
0.8246	-0.03468	-0.2953
0.9085	0.04085	-0.1981
1.023	-0.04483	-0.07035
1.091	-0.1467	-0.04323
1.165	-0.2161	-0.09409
1.102	-0.3028	-0.131
0.9698	-0.2515	-0.1606
0.8468	-0.2043	-0.1226
0.7011	-0.1705	-0.01713
0.6939	-0.008124	0.05229
0.7405	0.08387	0.09036
0.7897	0.1528	0.1031
0.915	0.2004	0.09581
0.9626	0.1541	0.134
0.9642	0.1435	0.1916
0.9938	0.08012	0.2265
1.003	0.004966	0.2378
1.017	-0.0211	0.2151
1.075	-0.04901	0.2188
1.238	0.04055	0.2757
1.399	0.1352	0.2883
1.377	0.1066	0.1007
1.218	0.05232	-0.2478
1.053	-0.01571	-0.415
0.9795	-0.115	-0.3385
1.075	-0.2167	-0.2376
1.264	-0.2687	-0.07474
1.391	-0.2442	0.08835
1.392	-0.1637	0.05123
1.235	-0.04733	-0.02515
1.006	0.07557	-0.03103
0.8333	0.1355	-0.07472
0.7292	0.1302	-0.0506
0.6865	0.1409	0.03338
0.6703	0.1108	0.05036
0.7123	0.02606	0.07305
0.7703	-0.03071	0.08227
0.8804	-0.05555	-0.3333
0.9153	-0.2374	-0.2292
1.137	-0.353	-0.08928
1.359	-0.3151	0.004903
1.463	-0.2366	0.03058
1.31	-0.1419	-0.04185
1.062	-0.03607	-0.08124
0.8439	0.005225	-0.1024
0.6757	0.06667	-0.1214
0.6541	0.09442	-0.06801
0.6361	0.1015	-0.009007
0.6499	0.08509	0.1107
0.7754	-0.03543	0.1943
0.7996	-0.07076	0.1559
0.7993	-0.07683	0.1573
0.8569	-0.1227	0.1278
0.8833	-0.1062	0.1041
0.9091	-0.1134	0.1388
0.9432	-0.1005	0.1173
1.153	-0.04705	0.1519
1.437	-0.01562	0.1951
1.464	-0.0565	0.1596
1.483	-0.2131	0.09614
1.567	-0.3585	-0.05492
1.371	-0.4432	-0.186
1.062	-0.4053	-0.2344
0.89	-0.2171	-0.2889
0.8246	-0.03468	-0.2953
0.9085	0.04085	-0.1981
1.023	-0.04483	-0.07035
1.091	-0.1467	-0.04323
1.165	-0.2161	-0.09409
1.102	-0.3028	-0.131
0.9698	-0.2515	-0.1606
0.8468	-0.2043	-0.1226
0.7011	-0.1705	-0.01713
0.6939	-0.008124	0.05229
0.7405	0.08387	0.09036
0.7897	0.1528	0.1031
0.915	0.2004	0.09581
0.9626	0.1541	0.134
0.9642	0.1435	0.1916
0.9938	0.08012	0.2265
1.003	0.004966	0.2378
1.017	-0.0211	0.2151
1.075	-0.04901	0.2188
1.238	0.04055	0.2757
1.399	0.1352	0.2883
1.377	0.1066	0.1007
1.218	0.05232	-0.2478
1.053	-0.01571	-0.415
0.9795	-0.115	-0.3385
1.075	-0.2167	-0.2376
1.264	-0.2687	-0.07474
1.391	-0.2442	0.08835
1.392	-0.1637	0.05123
1.235	-0.04733	-0.02515
1.006	0.07557	-0.03103
0.8333	0.1355	-0.07472
0.7292	0.1302	-0.0506
0.6865	0.1409	0.03338
0.6703	0.1108	0.05036
0.7123	0.02606	0.07305
0.7703	-0.03071	0.08227
0.7986	-0.1058	0.08909
0.8656	-0.1746	0.1198
0.8706	-0.1964	0.09713
0.8731	-0.2088	0.1005
0.9674	-0.198	0.1278
1.088	-0.1741	0.1586
1.268	-0.1315	0.2143
1.353	-0.08315	0.18
1.347	-0.07891	0.128
1.385	-0.09913	0.1261
1.363	-0.1716	0.07948
1.323	-0.3394	-0.009468
1.259	-0.4262	-0.1165
1.069	-0.2325	-0.2414
0.878	0.008178	-0.369
0.8844	0.002923	-0.3557
0.99	-0.04881	-0.2076
0.9811	-0.02563	-0.143
1.034	-0.1101	-0.07053
1.103	-0.2406	-0.00699
1.01	-0.2687	-0.07755
0.9494	-0.2305	-0.08628
0.8408	-0.1762	-0.07025
0.7267	-0.1077	-0.06713
0.7674	-0.03461	0.01718
0.7632	0.06233	0.06211
0.7935	0.2236	0.08957
0.878	0.2897	0.1142
0.8864	0.215	0.1205
0.904	0.1955	0.1768
0.9171	0.1093	0.2202
0.9625	-0.05488	0.2265
1.027	-0.09385	0.195
1.08	-0.1043	0.1676
1.202	-0.06471	0.185
1.321	0.04619	0.1938
1.434	0.1355	0.1865
1.502	0.2037	0.06416
1.333	0.1323	-0.1763
1.04	-0.005679	-0.3127
0.9073	-0.1279	-0.2613
0.9666	-0.2723	-0.1009
1.134	-0.2579	0.07652
1.354	-0.115	0.1304
1.388	0.009836	-0.009466
1.197	0.06589	-0.1409
1.01	0.01922	-0.1452
0.7993	0.01501	-0.09403
0.6518	0.01065	0.01318
0.6652	-0.07642	0.09098
0.6711	-0.1174	0.1281
0.6874	-0.1471	0.1585
0.7332	-0.1702	0.1286
0.7608	-0.1537	0.1304
0.7998	-0.1617	0.1436
0.8182	-0.1588	0.126
0.8766	-0.1389	0.1401
1.01	-0.1031	0.1376
1.164	-0.05653	0.1554
1.32	-0.06983	0.1998
1.385	-0.1088	0.2046
1.368	-0.1482	0.1681
1.372	-0.206	0.05181
1.344	-0.2594	-0.08629
0.7986	-0.1058	0.08909
0.8656	-0.1746	0.1198
0.8706	-0.1964	0.09713
0.8731	-0.2088	0.1005
0.9674	-0.198	0.1278
1.088	-0.1741	0.1586
1.268	-0.1315	0.2143
1.353	-0.08315	0.18
1.347	-0.07891	0.128
1.385	-0.09913	0.1261
1.363	-0.1716	0.07948
1.323	-0.3394	-0.009468
1.259	-0.4262	-0.1165
1.069	-0.2325	-0.2414
0.878	0.008178	-0.369
0.8844	0.002923	-0.3557
0.99	-0.04881	-0.2076
0.9811	-0.02563	-0.143
1.034	-0.1101	-0.07053
1.103	-0.2406	-0.00699
1.01	-0.2687	-0.07755
0.9494	-0.2305	-0.08628
0.8408	-0.1762	-0.07025
0.7267	-0.1077	-0.06713
0.7674	-0.03461	0.01718
0.7632	0.06233	0.06211
0.7935	0.2236	0.08957
0.878	0.2897	0.1142
0.8864	0.215	0.1205
0.904	0.1955	0.1768
0.9171	0.1093	0.2202
0.9625	-0.05488	0.2265
1.027	-0.09385	0.195
1.08	-0.1043	0.1676
1.202	-0.06471	0.185
1.321	0.04619	0.1938
1.434	0.1355	0.1865
1.502	0.2037	0.06416
1.333	0.1323	-0.1763
1.04	-0.005679	-0.3127
0.9073	-0.1279	-0.2613
0.9666	-0.2723	-0.1009
1.134	-0.2579	0.07652
1.354	-0.115	0.1304
1.388	0.009836	-0.009466
1.197	0.06589	-0.1409
1.01	0.01922	-0.1452
0.7993	0.01501	-0.09403
0.6518	0.01065	0.01318
0.6652	-0.07642	0.09098
0.6711	-0.1174	0.1281
0.6874	-0.1471	0.1585
0.7332	-0.1702	0.1286
0.7608	-0.1537	0.1304
0.7998	-0.1617	0.1436
0.8182	-0.1588	0.126
0.8766	-0.1389	0.1401
1.01	-0.1031	0.1376
1.164	-0.05653	0.1554
1.32	-0.06983	0.1998
1.385	-0.1088	0.2046
1.368	-0.1482	0.1681
1.372	-0.206	0.05181
1.344	-0.2594	-0.08629
1.241	-0.2863	-0.1564
1.137	-0.2122	-0.2173
1.075	-0.03966	-0.285
1.036	0.09679	-0.2294
1.019	0.13	-0.1077
1.038	0.08881	-0.07764
1.081	-0.002249	-0.0349
1.108	-0.1562	-0.02372
1.054	-0.2717	-0.1089
0.9195	-0.2372	-0.1182
0.8013	-0.1863	-0.108
0.7514	-0.169	-0.08152
0.7514	-0.1081	0.02086
0.7686	-0.02577	0.07195
0.7865	0.07976	0.07943
0.8309	0.08657	0.07834
0.8497	0.008932	0.09261
0.827	0.02573	0.1097
0.8501	-0.01969	0.1063
0.9209	-0.111	0.162
1.077	-0.1223	0.2228
1.273	-0.1448	0.2613
1.353	-0.03841	0.2525
1.403	0.1369	0.1166
1.406	0.156	-0.1023
1.193	0.09121	-0.3375
0.9517	-0.01401	-0.3853
0.9179	-0.1316	-0.252
1.052	-0.2343	-0.1439
1.237	-0.2741	0.009974
1.394	-0.1988	0.09744
1.419	-0.1101	-0.007572
1.28	-0.03564	-0.09836
1.105	0.00204	-0.1103
0.9067	-0.00384	-0.08977
0.715	0.02008	-0.04378
0.6639	0.0272	0.004436
0.6509	0.0174	0.04065
0.6435	0.02833	0.06373
0.7119	0.0337	0.09519
0.7881	0.03535	0.1106
0.8473	0.0236	0.09957
0.8758	-0.02385	0.0998
0.9226	-0.09325	0.09571
0.9709	-0.1269	0.0896
1.03	-0.1676	0.1314
1.213	-0.2591	0.1981
1.28	-0.2545	0.2195
1.241	-0.1681	0.2034
1.382	-0.1455	0.2032
1.466	-0.1565	0.1876
1.373	-0.223	0.0533
1.231	-0.3404	-0.1751
1.071	-0.3454	-0.3045
1.011	-0.1919	-0.3247
0.9857	-0.01643	-0.3733
0.9452	0.02095	-0.2821
1.018	-0.01857	-0.05939
1.093	-0.08637	-0.04204
1.129	-0.2656	-0.05304
1.135	-0.336	-0.006145
0.9946	-0.2599	-0.1237
0.8634	-0.2526	-0.1315
0.7985	-0.15	-0.02602
1.241	-0.2863	-0.1564
1.137	-0.2122	-0.2173
1.075	-0.03966	-0.285
1.036	0.09679	-0.2294
1.019	0.13	-0.1077
1.038	0.08881	-0.07764
1.081	-0.002249	-0.0349
1.108	-0.1562	-0.02372
1.054	-0.2717	-0.1089
0.9195	-0.2372	-0.1182
0.8013	-0.1863	-0.108
0.7514	-0.169	-0.08152
0.7514	-0.1081	0.02086
0.7686	-0.02577	0.07195
0.7865	0.07976	0.07943
0.8309	0.08657	0.07834
0.8497	0.008932	0.09261
0.827	0.02573	0.1097
0.8501	-0.01969	0.1063
0.9209	-0.111	0.162
1.077	-0.1223	0.2228
1.273	-0.1448	0.2613
1.353	-0.03841	0.2525
1.403	0.1369	0.1166
1.406	0.156	-0.1023
1.193	0.09121	-0.3375
0.9517	-0.01401	-0.3853
0.9179	-0.1316	-0.252
1.052	-0.2343	-0.1439
1.237	-0.2741	0.009974
1.394	-0.1988	0.09744
1.419	-0.1101	-0.007572
1.28	-0.03564	-0.09836
1.105	0.00204	-0.1103
0.9067	-0.00384	-0.08977
0.715	0.02008	-0.04378
0.6639	0.0272	0.004436
0.6509	0.0174	0.04065
0.6435	0.02833	0.06373
0.7119	0.0337	0.09519
0.7881	0.03535	0.1106
0.8473	0.0236	0.09957
0.8758	-0.02385	0.0998
0.9226	-0.09325	0.09571
0.9709	-0.1269	0.0896
1.03	-0.1676	0.1314
1.213	-0.2591	0.1981
1.28	-0.2545	0.2195
1.241	-0.1681	0.2034
1.382	-0.1455	0.2032
1.466	-0.1565	0.1876
1.373	-0.223	0.0533
1.231	-0.3404	-0.1751
1.071	-0.3454	-0.3045
1.011	-0.1919	-0.3247
0.9857	-0.01643	-0.3733
0.9452	0.02095	-0.2821
1.018	-0.01857	-0.05939
1.093	-0.08637	-0.04204
1.129	-0.2656	-0.05304
1.135	-0.336	-0.006145
0.9946	-0.2599	-0.1237
0.8634	-0.2526	-0.1315
0.7985	-0.15	-0.02602
0.7368	0.04335	0.01323
0.7673	0.1457	0.1093
0.7948	0.2218	0.1269
0.7952	0.2431	0.1111
0.8161	0.2091	0.1526
0.8103	0.1693	0.1547
0.8453	0.06775	0.1828
0.9334	-0.05245	0.1727
1.078	-0.1367	0.1647
1.252	-0.1631	0.1982
1.357	-0.09443	0.191
1.391	-0.008159	0.21
1.354	0.03785	0.1631
1.288	0.1016	0.02628
1.214	0.1117	-0.09251
1.077	0.01697	-0.1676
0.8904	-0.113	-0.2277
0.8101	-0.2868	-0.2724
0.9793	-0.3617	-0.1271
1.232	-0.3298	0.0766
1.407	-0.2835	0.1175
1.436	-0.06339	0.04014
1.241	0.05561	-0.1252
1.009	-0.003138	-0.1681
0.8066	0.06524	-0.1044
0.6533	0.03019	-0.07297
0.67	-0.02082	0.03667
0.6921	0.009325	0.1153
0.7122	-0.06282	0.1521
0.7807	-0.03335	0.1837
0.7959	-0.02416	0.1458
0.8392	-0.08015	0.143
0.894	-0.07158	0.1397
0.9415	-0.1252	0.1106
1.041	-0.1242	0.1115
1.175	-0.1357	0.151
1.311	-0.2036	0.2143
1.356	-0.194	0.2004
1.378	-0.2115	0.1669
1.417	-0.2244	0.1289
1.388	-0.2521	0.009794
1.307	-0.3331	-0.0922
1.127	-0.3356	-0.2001
0.9561	-0.2126	-0.3401
0.9248	-0.013	-0.3629
0.9117	0.06685	-0.2625
0.9284	0.02201	-0.1479
0.9845	-0.005306	-0.08819
1.035	-0.1389	-0.09136
1.098	-0.3492	-0.08717
1.024	-0.3687	-0.09104
0.8478	-0.2508	-0.1328
0.7943	-0.1902	-0.093
0.7852	-0.06476	-0.0002719
0.768	0.1161	0.0383
0.8278	0.1763	0.063
0.8943	0.2419	0.06666
0.9087	0.2937	0.0801
0.8928	0.2143	0.1332
0.8931	0.1475	0.1579
0.9324	0.09391	0.1555
0.9854	-0.01915	0.1367
1.071	-0.118	0.138
1.161	-0.1047	0.1674
0.7368	0.04335	0.01323
0.7673	0.1457	0.1093
0.7948	0.2218	0.1269
0.7952	0.2431	0.1111
0.8161	0.2091	0.1526
0.8103	0.1693	0.1547
0.8453	0.06775	0.1828
0.9334	-0.05245	0.1727
1.078	-0.1367	0.1647
1.252	-0.1631	0.1982
1.357	-0.09443	0.191
1.391	-0.008159	0.21
1.354	0.03785	0.1631
1.288	0.1016	0.02628
1.214	0.1117	-0.09251
1.077	0.01697	-0.1676
0.8904	-0.113	-0.2277
0.8101	-0.2868	-0.2724
0.9793	-0.3617	-0.1271
1.232	-0.3298	0.0766
1.407	-0.2835	0.1175
1.436	-0.06339	0.04014
1.241	0.05561	-0.1252
1.009	-0.003138	-0.1681
0.8066	0.06524	-0.1044
0.6533	0.03019	-0.07297
0.67	-0.02082	0.03667
0.6921	0.009325	0.1153
0.7122	-0.06282	0.1521
0.7807	-0.03335	0.1837
0.7959	-0.02416	0.1458
0.8392	-0.08015	0.143
0.894	-0.07158	0.1397
0.9415	-0.1252	0.1106
1.041	-0.1242	0.1115
1.175	-0.1357	0.151
1.311	-0.2036	0.2143
1.356	-0.194	0.2004
1.378	-0.2115	0.1669
1.417	-0.2244	0.1289
1.388	-0.2521	0.009794
1.307	-0.3331	-0.0922
1.127	-0.3356	-0.2001
0.9561	-0.2126	-0.3401
0.9248	-0.013	-0.3629
0.9117	0.06685	-0.2625
0.9284	0.02201	-0.1479
0.9845	-0.005306	-0.08819
1.035	-0.1389	-0.09136
1.098	-0.3492	-0.08717
1.024	-0.3687	-0.09104
0.8478	-0.2508	-0.1328
0.7943	-0.1902	-0.093
0.7852	-0.06476	-0.0002719
0.768	0.1161	0.0383
0.8278	0.1763	0.063
0.8943	0.2419	0.06666
0.9087	0.2937	0.0801
0.8928	0.2143	0.1332
0.8931	0.1475	0.1579
0.9324	0.09391	0.1555
0.9854	-0.01915	0.1367
1.071	-0.118	0.138
1.161	-0.1047	0.1674
1.242	0.005453	0.1816
1.344	0.0733	0.1775
1.379	0.1119	0.08751
1.267	0.1204	-0.07458
1.064	-0.00135	-0.2104
0.9197	-0.1892	-0.2572
0.9342	-0.3677	-0.1669
1.09	-0.407	-0.01472
1.299	-0.256	0.08615
1.358	-0.1017	0.04416
1.216	-0.02342	-0.08542
1.022	-0.00841	-0.1396
0.8485	0.01986	-0.1321
0.7542	0.04819	-0.06732
0.7237	-0.011	0.01967
0.6953	-0.03416	0.05207
0.7277	-0.07757	0.09441
0.7764	-0.1747	0.1187
0.8312	-0.1841	0.1147
0.9529	-0.1931	0.1355
1.033	-0.1823	0.1456
1.068	-0.1271	0.1253
1.09	-0.09467	0.08762
1.077	-0.03943	0.09961
1.105	-0.0222	0.1234
1.131	-0.03205	0.1234
1.175	-0.04851	0.1941
1.305	-0.1322	0.2418
1.413	-0.2386	0.1636
1.442	-0.3494	0.01379
1.29	-0.3657	-0.156
1.025	-0.2313	-0.3064
0.9318	-0.04239	-0.3602
0.9491	0.1378	-0.2473
0.9588	0.1636	-0.1108
1.044	0.03076	-0.0534
1.133	-0.1109	-0.0234
1.138	-0.2451	-0.0533
1.075	-0.2979	-0.09805
0.9488	-0.2592	-0.1204
0.8324	-0.2381	-0.1171
0.7778	-0.182	-0.05532
0.7746	-0.05918	0.003958
0.7894	0.04928	0.05807
0.804	0.1142	0.06852
0.8573	0.1622	0.03563
0.8962	0.1938	0.06736
0.8994	0.1548	0.09875
0.9321	0.07545	0.1377
0.9613	-0.00643	0.1923
1.004	-0.09444	0.1709
1.076	-0.09783	0.168
1.127	-0.04322	0.1754
1.191	-0.011	0.1459
1.282	0.02279	0.125
1.33	0.02854	0.03422
1.26	0.02407	-0.1072
1.092	-0.008861	-0.234
0.9368	-0.1333	-0.3053
0.8987	-0.2425	-0.2298
1.064	-0.2421	-0.069
1.306	-0.1347	0.05862
1.397	-0.003274	0.05675
1.322	0.03961	-0.07037
