0.9107	0.2568	0.1912
0.9388	0.2644	0.1955
0.9538	0.2634	0.2031
0.9375	0.2592	0.2039
0.9079	0.2599	0.2004
0.8963	0.267	0.196
0.8939	0.2851	0.1966
0.8988	0.2976	0.1986
0.9132	0.297	0.1962
0.9214	0.2884	0.1754
0.9206	0.2766	0.1659
0.9152	0.277	0.1838
0.9135	0.2943	0.1835
0.9204	0.3074	0.1768
0.9284	0.3017	0.1848
0.9286	0.2918	0.1998
0.9142	0.2835	0.2268
0.8999	0.2807	0.2324
0.9063	0.2956	0.2013
0.9244	0.2976	0.1707
0.9342	0.2665	0.1667
0.9285	0.2428	0.1763
0.9179	0.2465	0.1815
0.9084	0.2653	0.1956
0.8969	0.2911	0.2027
0.9021	0.3019	0.192
0.9261	0.2959	0.1956
0.9328	0.2901	0.2081
0.9175	0.2825	0.2146
0.9116	0.2885	0.2121
0.9138	0.3003	0.2004
0.9075	0.2965	0.1941
0.9086	0.2992	0.1889
0.912	0.2884	0.1802
0.9041	0.2595	0.1798
0.9022	0.2505	0.1928
0.9082	0.2543	0.2
0.9187	0.2784	0.193
0.9251	0.3054	0.1934
0.9229	0.2996	0.1931
0.9291	0.2856	0.1902
0.9311	0.2698	0.195
0.9254	0.2662	0.1934
0.9254	0.2853	0.1918
0.9183	0.2971	0.1858
0.9105	0.3029	0.1762
0.908	0.2922	0.1887
0.8995	0.2665	0.2074
0.8983	0.2641	0.2137
0.9089	0.274	0.2044
0.9174	0.287	0.187
0.9205	0.3019	0.1837
0.9198	0.3	0.1839
0.9165	0.2893	0.1858
0.9145	0.2796	0.1951
0.9203	0.2762	0.197
0.9275	0.2761	0.1974
0.9236	0.2721	0.1999
0.9173	0.275	0.2003
0.9155	0.2794	0.1983
0.9167	0.2716	0.1916
0.9147	0.2663	0.1882
0.8984	0.2908	0.1885
0.8814	0.3309	0.1937
0.8783	0.3447	0.2096
0.8997	0.3247	0.2172
0.9533	0.2663	0.1971
0.9909	0.2141	0.167
0.9712	0.2278	0.1647
0.9125	0.2554	0.1913
0.869	0.2672	0.2059
0.8805	0.2776	0.1995
0.899	0.2832	0.1941
0.904	0.3036	0.1877
0.9191	0.3115	0.1864
0.9183	0.303	0.1981
0.9199	0.3059	0.2022
0.9247	0.2964	0.2004
0.9166	0.2869	0.1968
0.9225	0.2835	0.1885
0.9207	0.2758	0.189
0.9214	0.2745	0.1895
0.9279	0.2718	0.1883
0.915	0.2774	0.1959
0.913	0.2855	0.2019
0.9072	0.2807	0.2012
0.8978	0.2732	0.1935
0.9074	0.2694	0.1882
0.9188	0.2617	0.2052
0.9111	0.2867	0.1832
0.9283	0.2902	0.1809
0.9322	0.2903	0.1917
0.9162	0.2859	0.1996
0.911	0.2931	0.2004
0.9143	0.3048	0.193
0.909	0.3002	0.1912
0.9109	0.3017	0.1901
0.9146	0.2896	0.1848
0.9066	0.2596	0.1866
0.9042	0.2497	0.201
0.9095	0.2528	0.2084
0.9192	0.2766	0.2008
0.9248	0.3035	0.1999
0.922	0.2978	0.1979
0.9277	0.2841	0.1931
0.9294	0.2688	0.1961
0.9235	0.2656	0.1928
0.9236	0.2852	0.1899
0.9167	0.2974	0.183
0.9092	0.3035	0.1728
0.9071	0.293	0.1852
0.8991	0.2674	0.2041
0.8982	0.2649	0.2108
0.9092	0.2748	0.2022
0.9179	0.2876	0.1855
0.9212	0.3023	0.1829
0.9206	0.3003	0.1838
0.9173	0.2893	0.1862
0.9153	0.2795	0.196
0.9209	0.276	0.1982
0.928	0.2759	0.1987
0.9239	0.2717	0.2012
0.9174	0.2747	0.2014
0.9155	0.279	0.1993
0.9166	0.2713	0.1923
0.9145	0.2661	0.1886
0.8982	0.2907	0.1887
0.8811	0.3308	0.1937
0.878	0.3447	0.2093
0.8995	0.3248	0.2168
0.9531	0.2664	0.1967
0.9907	0.2143	0.1665
0.9711	0.2279	0.1643
0.9125	0.2555	0.1909
0.869	0.2673	0.2056
0.8806	0.2777	0.1993
0.899	0.2832	0.194
0.9041	0.3036	0.1877
0.9192	0.3115	0.1864
0.9184	0.303	0.1982
0.92	0.3058	0.2024
0.9248	0.2964	0.2006
0.9166	0.2869	0.197
0.9225	0.2834	0.1886
0.9207	0.2758	0.1891
0.9214	0.2745	0.1896
0.9278	0.2718	0.1884
0.9149	0.2773	0.1959
0.913	0.2854	0.2019
0.9072	0.2807	0.2011
0.8978	0.2732	0.1934
0.9074	0.2694	0.1882
0.9147	0.2795	0.1917
0.924	0.2892	0.1916
0.9269	0.2863	0.1898
0.9196	0.2797	0.1931
0.9186	0.2743	0.1963
0.9153	0.2837	0.1954
0.9074	0.2918	0.1942
0.8993	0.297	0.1945
0.8975	0.3118	0.1918
0.9065	0.3002	0.1927
0.9225	0.2726	0.2014
0.942	0.258	0.2067
0.9536	0.2495	0.1998
0.942	0.253	0.1865
0.912	0.2575	0.1832
0.8944	0.2686	0.188
0.8934	0.3072	0.1872
0.8911	0.3437	0.1817
0.8951	0.342	0.1788
0.9004	0.3138	0.1863
0.9016	0.2982	0.2039
0.9163	0.2934	0.217
0.9369	0.2808	0.2154
0.9481	0.2678	0.2013
0.952	0.2537	0.1855
0.9523	0.2386	0.1697
0.9376	0.2255	0.1604
0.9021	0.2275	0.1885
0.8883	0.2449	0.2299
0.9047	0.2541	0.2256
0.9029	0.2701	0.2102
0.8863	0.2993	0.2164
0.8786	0.3299	0.2082
0.8837	0.3586	0.1979
0.9052	0.3601	0.1922
0.9291	0.3367	0.1667
0.9396	0.3144	0.1501
0.9344	0.2963	0.1568
0.9317	0.2768	0.1685
0.9368	0.259	0.1812
0.9313	0.2516	0.187
0.9269	0.2493	0.1945
0.9271	0.2447	0.21
0.9179	0.244	0.2102
0.9049	0.2544	0.2002
0.9009	0.2644	0.2003
0.9153	0.2686	0.1963
0.92	0.2831	0.1918
0.9012	0.3043	0.2048
0.8941	0.3159	0.2111
0.9008	0.3132	0.2102
0.9105	0.3026	0.219
0.9209	0.2835	0.2114
0.9209	0.2669	0.2018
0.9199	0.2811	0.2038
0.917	0.2968	0.1891
0.9093	0.2955	0.1766
0.9123	0.2973	0.1721
0.916	0.289	0.1691
0.9167	0.2854	0.1802
0.9254	0.2791	0.1794
0.9313	0.2483	0.1686
0.9294	0.2431	0.1731
0.9227	0.2629	0.1849
0.9066	0.2759	0.2104
0.9142	0.3026	0.2012
0.917	0.3058	0.1967
0.9106	0.2984	0.2006
0.9113	0.2882	0.2054
0.91	0.2912	0.2059
0.9042	0.2929	0.2053
0.898	0.2927	0.2049
0.8977	0.3037	0.2006
0.9079	0.29	0.1991
0.9246	0.2619	0.2049
0.9446	0.2482	0.2072
0.9562	0.2416	0.1976
0.9443	0.2475	0.1822
0.9139	0.2547	0.1773
0.8958	0.2684	0.1813
0.8942	0.3092	0.1804
0.8913	0.3474	0.1754
0.8948	0.3468	0.1735
0.8998	0.319	0.1824
0.9008	0.3034	0.2013
0.9153	0.298	0.2159
0.9359	0.2845	0.2156
0.9472	0.2704	0.2026
0.9512	0.2552	0.1876
0.9518	0.239	0.1723
0.9373	0.2249	0.1632
0.9019	0.2262	0.1912
0.8883	0.2431	0.2323
0.9049	0.252	0.2275
0.9032	0.2679	0.2116
0.8866	0.2973	0.2172
0.879	0.3283	0.2085
0.8841	0.3573	0.1977
0.9055	0.3592	0.1917
0.9293	0.3363	0.1659
0.9397	0.3144	0.1492
0.9345	0.2966	0.1559
0.9317	0.2773	0.1675
0.9367	0.2597	0.1804
0.9312	0.2524	0.1864
0.9268	0.25	0.1941
0.9269	0.2454	0.2098
0.9177	0.2446	0.2102
0.9048	0.2548	0.2003
0.9008	0.2646	0.2006
0.9152	0.2687	0.1966
0.9199	0.283	0.1921
0.9012	0.3041	0.2052
0.8941	0.3157	0.2114
0.9008	0.3129	0.2104
0.9106	0.3023	0.2191
0.9209	0.2833	0.2115
0.921	0.2667	0.2018
0.9199	0.2809	0.2038
0.917	0.2967	0.189
0.9094	0.2955	0.1765
0.9124	0.2973	0.172
0.916	0.289	0.169
0.9167	0.2855	0.1801
0.9254	0.2792	0.1793
0.9313	0.2484	0.1686
0.9294	0.2432	0.1731
0.9227	0.263	0.1849
0.9154	0.2747	0.1928
0.9105	0.2918	0.1983
0.9057	0.3072	0.2114
0.9058	0.3101	0.2171
0.9078	0.3103	0.2115
0.9098	0.3039	0.2079
0.9132	0.2832	0.2013
0.9102	0.2697	0.2032
0.9092	0.274	0.2076
0.9172	0.2735	0.1999
0.925	0.2691	0.1906
0.9274	0.2654	0.1815
0.9253	0.2634	0.1809
0.9214	0.2748	0.1862
0.9158	0.2826	0.1869
0.9135	0.2839	0.1879
0.9166	0.2894	0.189
0.9158	0.29	0.1931
0.9097	0.2949	0.1944
0.9041	0.3015	0.1906
0.9044	0.3027	0.1917
0.9098	0.3025	0.1945
0.9157	0.2909	0.1949
0.921	0.2751	0.1938
0.9223	0.2684	0.1927
0.9211	0.2674	0.1923
0.9203	0.2672	0.1943
0.9179	0.2696	0.1983
0.9168	0.2781	0.198
0.9163	0.2824	0.198
0.915	0.2836	0.1987
0.9131	0.2859	0.1974
0.911	0.2854	0.1974
0.9121	0.2884	0.1947
0.9155	0.2888	0.1934
0.9171	0.2853	0.1913
0.9152	0.2865	0.1859
0.9149	0.285	0.1856
0.9185	0.2788	0.1859
0.9177	0.2775	0.1924
0.914	0.2832	0.1987
0.9125	0.2842	0.1941
0.9134	0.2823	0.1971
0.9166	0.287	0.1991
0.9178	0.2878	0.1936
0.9175	0.2852	0.195
0.9168	0.2838	0.1925
0.9152	0.2788	0.1864
0.9134	0.2767	0.1876
0.9119	0.2789	0.1941
0.9138	0.2845	0.1986
0.9167	0.2908	0.1968
0.9181	0.2885	0.1948
0.9193	0.2824	0.1935
0.9174	0.2792	0.1944
0.9138	0.2779	0.197
0.9115	0.2791	0.1949
0.9128	0.2812	0.1933
0.9163	0.2809	0.1916
0.9166	0.278	0.1928
0.9158	0.2791	0.1997
0.9164	0.2839	0.1992
0.9184	0.2845	0.1938
0.9215	0.2835	0.1897
0.9193	0.2706	0.1876
0.914	0.2851	0.1842
0.9091	0.2994	0.1921
0.9093	0.3022	0.1961
0.9113	0.3032	0.1914
0.9131	0.298	0.191
0.9159	0.2788	0.1887
0.9123	0.2668	0.1956
0.9106	0.2726	0.2048
0.9178	0.2734	0.2015
0.9249	0.2699	0.1957
0.9267	0.2669	0.189
0.9242	0.2653	0.1897
0.92	0.2769	0.1953
0.9143	0.2845	0.1954
0.912	0.2855	0.1951
0.9153	0.2906	0.1945
0.9148	0.2908	0.1966
0.909	0.2953	0.196
0.9037	0.3015	0.1904
0.9043	0.3023	0.1901
0.91	0.3019	0.1918
0.9161	0.2901	0.1916
0.9216	0.2744	0.1902
0.9229	0.2676	0.1892
0.9218	0.2667	0.1893
0.9208	0.2667	0.1919
0.9183	0.2692	0.1966
0.9172	0.2779	0.1971
0.9166	0.2823	0.1977
0.9151	0.2837	0.199
0.9131	0.2861	0.1982
0.9109	0.2856	0.1985
0.912	0.2887	0.1959
0.9153	0.2891	0.1947
0.9169	0.2855	0.1925
0.915	0.2867	0.1869
0.9147	0.2852	0.1863
0.9184	0.2789	0.1864
0.9176	0.2775	0.1926
0.914	0.2832	0.1987
0.9125	0.2842	0.1938
0.9135	0.2822	0.1967
0.9166	0.2869	0.1987
0.9179	0.2877	0.1931
0.9176	0.2851	0.1945
0.9169	0.2837	0.1921
0.9153	0.2787	0.1861
0.9135	0.2766	0.1873
0.9119	0.2789	0.1939
0.9138	0.2845	0.1986
0.9167	0.2909	0.1968
0.9181	0.2886	0.1949
0.9193	0.2824	0.1936
0.9174	0.2792	0.1946
0.9138	0.278	0.1972
0.9115	0.2792	0.1951
0.9127	0.2812	0.1934
0.9162	0.2809	0.1917
0.9166	0.278	0.1929
0.9158	0.2791	0.1998
0.9164	0.2839	0.1992
0.9184	0.2845	0.1938
0.9215	0.2835	0.1896
0.919	0.2846	0.1868
0.911	0.2887	0.1875
0.9077	0.2914	0.1873
0.9119	0.288	0.1893
0.9156	0.2854	0.1922
0.9153	0.2849	0.195
0.9128	0.2863	0.2025
0.9121	0.2863	0.2025
0.9198	0.2773	0.1957
0.9261	0.2722	0.1938
0.9227	0.2739	0.1935
0.9161	0.2736	0.1936
0.9081	0.2811	0.1936
0.9069	0.2871	0.1937
0.9116	0.284	0.1941
0.9146	0.2877	0.1896
0.9231	0.2912	0.1834
0.9269	0.288	0.1841
0.9183	0.2815	0.1934
0.9109	0.2749	0.1999
0.9094	0.2785	0.1992
0.9126	0.2817	0.2017
0.9157	0.2815	0.203
0.9171	0.2848	0.1977
0.9171	0.2839	0.1953
0.9118	0.2854	0.1938
0.9094	0.2871	0.1919
0.9147	0.2846	0.1909
0.919	0.2853	0.1856
0.9192	0.2834	0.1842
0.9167	0.2814	0.1889
0.9153	0.2804	0.1906
0.9178	0.2794	0.1922
0.9182	0.2846	0.1933
0.9159	0.2851	0.1954
0.9161	0.2795	0.2
0.9154	0.2799	0.1993
0.9143	0.2847	0.1974
0.9143	0.2863	0.1977
0.9127	0.2835	0.1957
0.9116	0.2833	0.1931
0.9133	0.2819	0.1912
0.9154	0.2783	0.1907
0.9151	0.2804	0.1916
0.916	0.2841	0.1927
0.9201	0.2854	0.194
0.9204	0.2838	0.1934
0.9157	0.283	0.1926
0.9134	0.286	0.1936
0.9155	0.2862	0.1934
0.9183	0.2831	0.1924
0.9188	0.2791	0.1915
0.9164	0.2758	0.1929
0.9132	0.2761	0.1987
0.9125	0.2794	0.2002
0.9126	0.2871	0.1927
0.9131	0.2905	0.1896
0.9154	0.2872	0.1916
0.9169	0.2873	0.1902
0.9161	0.2857	0.1932
0.9133	0.2822	0.1975
0.9116	0.2826	0.1966
0.9139	0.2835	0.1952
0.9179	0.2831	0.1921
0.924	0.2722	0.1995
0.9172	0.2786	0.1916
0.9135	0.284	0.1867
0.9163	0.2833	0.1866
0.9182	0.2833	0.189
0.9161	0.2851	0.1923
0.912	0.2882	0.2006
0.9102	0.2895	0.2016
0.9173	0.2811	0.1956
0.9233	0.2761	0.1943
0.92	0.2776	0.1944
0.9138	0.2767	0.1946
0.9064	0.2835	0.1945
0.9058	0.2885	0.1945
0.9112	0.2846	0.1945
0.9148	0.2876	0.1897
0.9238	0.2904	0.1832
0.9279	0.2868	0.1837
0.9196	0.2801	0.1928
0.9122	0.2734	0.1992
0.9105	0.277	0.1985
0.9136	0.2804	0.2011
0.9165	0.2805	0.2025
0.9176	0.2841	0.1974
0.9173	0.2836	0.1951
0.9118	0.2854	0.1938
0.9092	0.2873	0.192
0.9143	0.285	0.1911
0.9185	0.2858	0.1859
0.9187	0.284	0.1845
0.9162	0.282	0.1892
0.9149	0.2809	0.1909
0.9175	0.2798	0.1924
0.9179	0.2849	0.1935
0.9158	0.2853	0.1956
0.916	0.2796	0.2001
0.9155	0.2798	0.1993
0.9144	0.2846	0.1973
0.9144	0.2861	0.1976
0.9129	0.2833	0.1956
0.9118	0.2831	0.193
0.9135	0.2817	0.1911
0.9155	0.2781	0.1906
0.9152	0.2802	0.1915
0.916	0.284	0.1927
0.9201	0.2853	0.194
0.9203	0.2838	0.1934
0.9157	0.283	0.1926
0.9134	0.2861	0.1937
0.9155	0.2863	0.1935
0.9182	0.2832	0.1924
0.9187	0.2791	0.1916
0.9163	0.2759	0.193
0.9132	0.2762	0.1988
0.9125	0.2795	0.2003
0.9126	0.2871	0.1928
0.9131	0.2905	0.1897
0.9154	0.2872	0.1916
0.9169	0.2873	0.1902
0.9161	0.2857	0.1932
0.9133	0.2822	0.1975
0.9117	0.2825	0.1965
0.9139	0.2835	0.1952
0.9179	0.2831	0.1921
0.9202	0.2772	0.191
0.9192	0.2739	0.192
0.9189	0.28	0.1915
0.918	0.2841	0.1939
0.9145	0.2853	0.196
0.9144	0.2872	0.1974
0.9136	0.2867	0.1981
0.9109	0.2861	0.1926
0.9122	0.2863	0.1898
0.9164	0.2849	0.1914
0.9205	0.2797	0.1901
0.9201	0.2724	0.189
0.9158	0.2715	0.1909
0.912	0.2778	0.1982
0.9103	0.283	0.2036
0.9117	0.2869	0.1997
0.9135	0.2923	0.1964
0.9156	0.2918	0.1918
0.9164	0.2881	0.1867
0.9163	0.2873	0.1907
0.9195	0.2846	0.1917
0.9202	0.282	0.1897
0.9185	0.2805	0.1906
0.9166	0.2776	0.1901
0.9142	0.2776	0.1959
0.9168	0.2783	0.2001
0.9186	0.2774	0.1986
0.9157	0.2791	0.1999
0.9108	0.284	0.1962
0.9083	0.2859	0.193
0.9138	0.2851	0.1924
0.9164	0.2895	0.1885
0.9151	0.2913	0.1893
0.9202	0.2842	0.1909
0.9194	0.2791	0.1921
0.9102	0.2789	0.1963
0.9074	0.2821	0.1971
0.9131	0.2841	0.1956
0.9199	0.2803	0.1928
0.9216	0.28	0.1906
0.9191	0.2826	0.1926
0.9164	0.2825	0.1967
0.9155	0.2847	0.1974
0.9153	0.2853	0.191
0.9142	0.2836	0.1878
0.9149	0.2843	0.1918
0.9158	0.2814	0.1938
0.9147	0.2772	0.1952
0.9137	0.2793	0.1962
0.9143	0.283	0.1954
0.9177	0.2846	0.1957
0.9186	0.2857	0.1941
0.9145	0.2869	0.193
0.913	0.2894	0.1946
0.9147	0.2895	0.1948
0.9164	0.2836	0.1936
0.9185	0.279	0.1916
0.918	0.2781	0.1919
0.9131	0.2755	0.196
0.9114	0.2751	0.1993
0.9149	0.2802	0.1967
0.9165	0.2859	0.1872
0.9164	0.2871	0.1838
0.9169	0.285	0.1924
0.9101	0.2897	0.1937
0.9137	0.2804	0.1942
0.9169	0.2824	0.1931
0.9185	0.2838	0.1951
0.9166	0.2834	0.1967
0.9172	0.2846	0.1979
0.9166	0.284	0.1983
0.9136	0.2837	0.1927
0.9144	0.2844	0.1899
0.9178	0.2837	0.1913
0.9213	0.2791	0.1901
0.9202	0.2724	0.189
0.9153	0.2719	0.1909
0.9111	0.2785	0.1983
0.9091	0.2838	0.2036
0.9105	0.2878	0.1997
0.9122	0.2931	0.1965
0.9145	0.2926	0.1918
0.9156	0.2886	0.1867
0.9157	0.2876	0.1907
0.9192	0.2847	0.1917
0.9202	0.2819	0.1896
0.9187	0.2803	0.1905
0.917	0.2773	0.1901
0.9147	0.2772	0.1958
0.9173	0.2779	0.2
0.9191	0.277	0.1986
0.9161	0.2788	0.1998
0.9112	0.2838	0.1961
0.9086	0.2858	0.1929
0.9139	0.2851	0.1924
0.9164	0.2895	0.1885
0.915	0.2913	0.1893
0.9201	0.2844	0.1909
0.9193	0.2793	0.1922
0.91	0.279	0.1963
0.9072	0.2823	0.1971
0.9129	0.2842	0.1956
0.9198	0.2804	0.1928
0.9214	0.2801	0.1906
0.919	0.2826	0.1926
0.9164	0.2825	0.1967
0.9155	0.2846	0.1974
0.9154	0.2853	0.191
0.9143	0.2836	0.1877
0.9149	0.2843	0.1918
0.9159	0.2814	0.1938
0.9148	0.2771	0.1952
0.9137	0.2793	0.1962
0.9143	0.283	0.1954
0.9177	0.2845	0.1957
0.9186	0.2857	0.1941
0.9146	0.2869	0.193
0.913	0.2894	0.1946
0.9147	0.2896	0.1948
0.9163	0.2836	0.1936
0.9185	0.279	0.1916
0.918	0.2781	0.1919
0.9131	0.2755	0.196
0.9113	0.2751	0.1993
0.9149	0.2802	0.1967
0.9164	0.2859	0.1872
0.9164	0.2871	0.1838
0.9169	0.285	0.1924
0.9143	0.2849	0.1952
0.9085	0.2866	0.1926
0.9081	0.2873	0.1972
0.9193	0.2859	0.1965
0.9266	0.2813	0.1882
0.9216	0.2771	0.1875
0.9195	0.2769	0.1952
0.9172	0.2793	0.2022
0.9127	0.2823	0.2023
0.9136	0.2839	0.1981
0.9128	0.2844	0.1926
0.912	0.2857	0.1887
0.9112	0.2856	0.1895
0.9088	0.283	0.1883
0.913	0.2806	0.1898
0.9188	0.2814	0.197
0.9212	0.2863	0.2013
0.9203	0.2882	0.201
0.9182	0.2841	0.1916
0.9171	0.2844	0.1815
0.9154	0.2859	0.1823
0.9184	0.2766	0.1873
0.9194	0.2672	0.1963
0.9128	0.271	0.2034
0.9078	0.2836	0.2043
0.9065	0.2929	0.2081
0.9111	0.2947	0.2039
0.9191	0.2955	0.1873
0.9216	0.288	0.1796
0.9186	0.2776	0.1849
0.9137	0.28	0.1905
0.911	0.2789	0.194
0.9138	0.277	0.1932
0.9219	0.2814	0.1893
0.9265	0.2767	0.1919
0.921	0.2769	0.1944
0.912	0.2838	0.1942
0.9063	0.2863	0.2009
0.9081	0.2889	0.2045
0.915	0.2876	0.2004
0.9178	0.2868	0.1945
0.9152	0.2858	0.1886
0.9133	0.2827	0.1874
0.9155	0.2835	0.1861
0.9186	0.2789	0.1876
0.9206	0.2748	0.1965
0.9192	0.278	0.1982
0.9158	0.2822	0.1958
0.9143	0.2861	0.1981
0.9111	0.2844	0.198
0.9108	0.2842	0.1941
0.9149	0.2884	0.1894
0.9155	0.2888	0.1868
0.9163	0.2893	0.1859
0.9188	0.2847	0.1865
0.9193	0.2747	0.1911
0.9173	0.2728	0.1952
0.9146	0.2725	0.1987
0.9131	0.272	0.2039
0.9128	0.2826	0.206
0.9149	0.2944	0.2015
0.9152	0.2938	0.1938
0.9141	0.2868	0.1885
0.9161	0.2846	0.1882
0.9262	0.284	0.19
0.912	0.2861	0.1898
0.9066	0.2867	0.1954
0.9154	0.285	0.1951
0.9219	0.2801	0.1869
0.9174	0.2758	0.1862
0.9163	0.2755	0.1939
0.9153	0.2779	0.2009
0.9122	0.2811	0.2013
0.9142	0.283	0.1974
0.9142	0.2838	0.1922
0.9139	0.2855	0.1887
0.9134	0.2857	0.1898
0.9109	0.2834	0.1889
0.9148	0.2812	0.1906
0.9202	0.2821	0.1979
0.9221	0.287	0.2022
0.9206	0.2889	0.2019
0.9181	0.2847	0.1923
0.9166	0.2849	0.1821
0.9147	0.2863	0.1827
0.9174	0.2767	0.1875
0.9185	0.2673	0.1963
0.9119	0.2709	0.2033
0.907	0.2834	0.204
0.9058	0.2926	0.2077
0.9107	0.2944	0.2035
0.9189	0.2953	0.1869
0.9216	0.2878	0.1792
0.9188	0.2774	0.1846
0.914	0.2799	0.1903
0.9114	0.2788	0.1939
0.9142	0.2769	0.1932
0.9223	0.2814	0.1893
0.9268	0.2767	0.192
0.9212	0.2769	0.1945
0.9122	0.2839	0.1944
0.9064	0.2864	0.201
0.9082	0.289	0.2046
0.915	0.2877	0.2005
0.9178	0.2868	0.1946
0.915	0.2858	0.1886
0.9132	0.2828	0.1874
0.9154	0.2835	0.1861
0.9184	0.2789	0.1875
0.9205	0.2747	0.1965
0.9191	0.2779	0.1982
0.9158	0.2822	0.1958
0.9143	0.286	0.1981
0.9111	0.2844	0.1979
0.9108	0.2842	0.1941
0.9149	0.2884	0.1893
0.9156	0.2888	0.1868
0.9163	0.2893	0.1859
0.9188	0.2847	0.1865
0.9194	0.2747	0.1911
0.9174	0.2728	0.1952
0.9147	0.2725	0.1987
0.9132	0.272	0.2039
0.9128	0.2826	0.206
0.9149	0.2945	0.2015
0.9152	0.2938	0.1938
0.9141	0.2868	0.1885
0.9161	0.2846	0.1882
0.9183	0.288	0.1909
0.9188	0.2891	0.1882
0.9165	0.2841	0.1867
0.9139	0.2786	0.1954
0.9147	0.2748	0.2009
0.9161	0.2744	0.1993
0.9162	0.2779	0.1947
0.9127	0.2796	0.1897
0.9112	0.2804	0.1902
0.9151	0.2824	0.1899
0.9155	0.2858	0.1902
0.9143	0.2912	0.193
0.9155	0.2934	0.1922
0.9168	0.2888	0.1925
0.9199	0.2815	0.1928
0.9208	0.2776	0.1933
0.9187	0.2766	0.1988
0.9172	0.2776	0.2004
0.9133	0.2834	0.1992
0.9109	0.2873	0.1986
0.9119	0.2853	0.1924
0.9123	0.283	0.1887
0.9136	0.2802	0.1923
0.9142	0.2804	0.1925
0.9139	0.284	0.1924
0.9168	0.2849	0.1953
0.9204	0.2836	0.1936
0.9234	0.2808	0.1909
0.9226	0.2794	0.1916
0.9126	0.282	0.1941
0.9041	0.2834	0.1972
0.9081	0.2844	0.1946
0.9188	0.2878	0.189
0.9251	0.2889	0.1859
0.9197	0.2852	0.1864
0.9113	0.2812	0.1944
0.9101	0.2801	0.201
0.9126	0.2802	0.1997
0.9167	0.2818	0.1981
0.9184	0.2833	0.1962
0.9185	0.2807	0.194
0.9201	0.277	0.1948
0.9156	0.2775	0.1949
0.9111	0.2808	0.1938
0.9129	0.2845	0.1941
0.9159	0.2878	0.1943
0.9188	0.2873	0.1918
0.9154	0.2857	0.187
0.9103	0.2863	0.1849
0.912	0.2848	0.1893
0.9153	0.2829	0.1968
0.9177	0.2822	0.2004
0.9179	0.2813	0.1973
0.9204	0.2827	0.1903
0.924	0.283	0.1842
0.9132	0.2835	0.192
0.8896	0.2916	0.2186
0.8864	0.2963	0.2254
0.9246	0.2808	0.1909
0.9542	0.2565	0.1646
0.9416	0.2553	0.1718
0.9242	0.2758	0.1819
0.9114	0.2872	0.1906
0.9054	0.2883	0.1987
0.908	0.2983	0.1792
0.9079	0.3007	0.1928
0.9068	0.2948	0.2
0.9067	0.2871	0.2117
0.9103	0.2806	0.2164
0.9145	0.2773	0.2115
0.9171	0.2781	0.2025
0.9154	0.2777	0.1929
0.9151	0.2771	0.1891
0.9197	0.2783	0.1854
0.92	0.2814	0.1834
0.9184	0.2871	0.185
0.9188	0.29	0.184
0.9191	0.2862	0.1851
0.9211	0.28	0.1867
0.921	0.277	0.189
0.9181	0.2769	0.1964
0.9159	0.2785	0.1998
0.9116	0.2848	0.2001
0.909	0.289	0.2008
0.91	0.2872	0.1954
0.9106	0.2847	0.1921
0.9122	0.2817	0.1958
0.9132	0.2815	0.1957
0.9133	0.2847	0.195
0.9166	0.2852	0.1974
0.9205	0.2836	0.1949
0.9238	0.2805	0.1914
0.9232	0.2789	0.1915
0.9133	0.2813	0.1934
0.9048	0.2827	0.1962
0.9087	0.2837	0.1934
0.9193	0.2872	0.1877
0.9256	0.2884	0.1846
0.92	0.2849	0.1852
0.9115	0.281	0.1935
0.9101	0.28	0.2004
0.9125	0.2802	0.1993
0.9165	0.282	0.198
0.9181	0.2836	0.1964
0.9182	0.281	0.1943
0.9198	0.2772	0.1952
0.9153	0.2777	0.1954
0.9109	0.281	0.1943
0.9127	0.2846	0.1945
0.9158	0.2879	0.1947
0.9188	0.2874	0.192
0.9154	0.2857	0.1872
0.9104	0.2863	0.185
0.912	0.2848	0.1893
0.9154	0.2829	0.1967
0.9178	0.2821	0.2003
0.918	0.2812	0.1971
0.9205	0.2826	0.1901
0.924	0.2829	0.184
0.9133	0.2835	0.1918
0.8896	0.2916	0.2184
0.8864	0.2963	0.2254
0.9246	0.2808	0.1908
0.9541	0.2565	0.1646
0.9416	0.2553	0.1718
0.9241	0.2759	0.1819
0.9114	0.2873	0.1907
0.9054	0.2884	0.1988
0.911	0.2949	0.1941
0.9132	0.2988	0.1842
0.9124	0.2943	0.1863
0.8918	0.2905	0.2113
0.8797	0.2876	0.2254
0.9113	0.2837	0.2081
0.9314	0.2794	0.1986
0.9353	0.2762	0.1941
0.9423	0.2798	0.1851
0.9284	0.281	0.1861
0.9145	0.2715	0.1849
0.9115	0.2626	0.1854
0.9059	0.263	0.1875
0.9015	0.2807	0.1913
0.9025	0.3093	0.2065
0.9145	0.3164	0.2099
0.9256	0.2945	0.1964
0.9258	0.2728	0.1793
0.9266	0.2698	0.1713
0.9291	0.2746	0.1745
0.9217	0.2698	0.1794
0.9054	0.266	0.1991
0.8961	0.2846	0.2118
0.8976	0.3075	0.2067
0.9019	0.3107	0.2112
0.9127	0.3038	0.2042
0.9264	0.2912	0.1966
0.9274	0.2755	0.2031
0.9205	0.2657	0.1941
0.9168	0.2611	0.1857
0.9212	0.266	0.185
0.9358	0.2695	0.1787
0.9367	0.2628	0.1754
0.911	0.2639	0.1794
0.8921	0.2817	0.1968
0.8921	0.3091	0.2133
0.8927	0.3186	0.2108
0.9058	0.3135	0.1957
0.9243	0.3182	0.1837
0.9222	0.3003	0.1906
0.9224	0.2709	0.2014
0.9265	0.2633	0.2012
0.9244	0.2525	0.1999
0.9279	0.2499	0.1979
0.9223	0.2589	0.1936
0.9164	0.2653	0.1908
0.9135	0.2834	0.1902
0.9056	0.3004	0.1906
0.9127	0.3042	0.1894
0.9155	0.2971	0.1863
0.9095	0.2907	0.1848
0.9101	0.2962	0.1849
0.9065	0.2967	0.1806
0.9121	0.2949	0.1809
0.9213	0.2896	0.1886
0.9203	0.2719	0.195
0.9202	0.2605	0.2065
0.9197	0.259	0.2146
0.9193	0.2652	0.2154
0.9147	0.2739	0.2161
0.9082	0.2754	0.2098
0.9101	0.2828	0.2019
0.9145	0.3021	0.1878
0.9182	0.3103	0.1724
0.9182	0.2829	0.1933
0.9251	0.2876	0.1691
0.9249	0.2853	0.1652
0.9023	0.2843	0.1899
0.8868	0.2843	0.2076
0.9146	0.2829	0.1959
0.9311	0.2806	0.1927
0.9322	0.2787	0.1941
0.9371	0.2829	0.19
0.9222	0.2843	0.1946
0.9081	0.2745	0.1954
0.9056	0.2649	0.1965
0.9011	0.2645	0.198
0.898	0.2814	0.2002
0.9006	0.3092	0.2132
0.914	0.3157	0.2141
0.9264	0.2933	0.1981
0.9275	0.2713	0.1788
0.929	0.2683	0.1689
0.9318	0.2731	0.1708
0.9245	0.2685	0.1749
0.908	0.265	0.1945
0.8982	0.284	0.2073
0.8991	0.3072	0.2029
0.9029	0.3107	0.2082
0.9131	0.3041	0.2022
0.9263	0.2916	0.1956
0.9268	0.2761	0.203
0.9196	0.2664	0.1947
0.9157	0.2618	0.1869
0.9201	0.2666	0.1866
0.9347	0.27	0.1805
0.9358	0.2631	0.1772
0.9103	0.2641	0.1809
0.8916	0.2818	0.1981
0.8919	0.3091	0.2143
0.8927	0.3185	0.2114
0.906	0.3133	0.1959
0.9245	0.318	0.1836
0.9225	0.3	0.1902
0.9228	0.2707	0.2008
0.9269	0.2631	0.2006
0.9247	0.2524	0.1993
0.9282	0.2498	0.1973
0.9226	0.2589	0.1931
0.9165	0.2652	0.1903
0.9135	0.2834	0.1899
0.9056	0.3005	0.1904
0.9127	0.3043	0.1894
0.9154	0.2972	0.1864
0.9093	0.2908	0.185
0.9099	0.2962	0.1851
0.9063	0.2968	0.1808
0.9119	0.295	0.1811
0.9212	0.2896	0.1888
0.9202	0.2719	0.1951
0.9202	0.2605	0.2066
0.9197	0.259	0.2147
0.9193	0.2651	0.2154
0.9147	0.2739	0.2161
0.9082	0.2753	0.2098
0.9102	0.2828	0.2019
0.9146	0.3021	0.1877
0.9182	0.3103	0.1724
0.9183	0.2936	0.1756
0.9169	0.2793	0.1808
0.9175	0.2803	0.1853
0.9161	0.2798	0.1931
0.9177	0.2826	0.193
0.9181	0.284	0.1924
0.9167	0.2808	0.1899
0.9183	0.2827	0.19
0.9141	0.2811	0.1981
0.9084	0.2809	0.2014
0.9078	0.2833	0.2026
0.9108	0.283	0.1993
0.9177	0.2882	0.1901
0.9197	0.2892	0.1882
0.917	0.281	0.1925
0.9165	0.2729	0.1944
0.9161	0.2726	0.1928
0.9171	0.2807	0.1936
0.92	0.2844	0.1963
0.919	0.2842	0.1953
0.914	0.2852	0.1963
0.9114	0.2852	0.2043
0.9126	0.2878	0.2052
0.9138	0.2873	0.1921
0.9152	0.2785	0.1859
0.9169	0.2734	0.1872
0.9169	0.2805	0.185
0.9152	0.2913	0.1872
0.9141	0.2949	0.1889
0.9152	0.2887	0.1896
0.9156	0.2795	0.1937
0.9157	0.2772	0.1944
0.9162	0.28	0.1945
0.9129	0.2801	0.1974
0.9117	0.2799	0.2038
0.9178	0.2808	0.2048
0.9225	0.2805	0.1909
0.9214	0.2811	0.1835
0.918	0.286	0.189
0.9158	0.2892	0.1914
0.9135	0.2866	0.1957
0.9113	0.2851	0.2002
0.9123	0.2873	0.198
0.9151	0.2867	0.1959
0.916	0.2786	0.1932
0.9148	0.2708	0.1903
0.9138	0.2736	0.1864
0.914	0.2798	0.1846
0.9153	0.2825	0.195
0.9168	0.2852	0.2016
0.9151	0.2878	0.1963
0.912	0.2884	0.1973
0.9128	0.287	0.204
0.9158	0.2864	0.2029
0.9191	0.286	0.1918
0.9206	0.2824	0.1857
0.9181	0.2804	0.1876
0.9158	0.2792	0.1853
0.9163	0.2785	0.1852
0.9188	0.2825	0.1868
0.9192	0.286	0.1875
0.9138	0.2867	0.1967
0.9111	0.2862	0.2001
0.9122	0.2812	0.1975
0.9079	0.2846	0.2124
0.9121	0.2741	0.2004
0.9166	0.2778	0.1933
0.9174	0.2794	0.1938
0.9202	0.2835	0.1896
0.9211	0.2859	0.187
0.9194	0.2833	0.184
0.9206	0.2855	0.1845
0.9156	0.2839	0.1935
0.9092	0.2835	0.1981
0.908	0.2856	0.2005
0.9104	0.2848	0.1983
0.9169	0.2895	0.1899
0.9187	0.29	0.1887
0.9159	0.2813	0.1934
0.9155	0.2728	0.1955
0.9152	0.2721	0.1939
0.9164	0.28	0.1946
0.9196	0.2836	0.1971
0.9189	0.2833	0.1958
0.914	0.2844	0.1966
0.9116	0.2845	0.2044
0.9129	0.2873	0.205
0.9142	0.2869	0.1918
0.9157	0.2782	0.1855
0.9173	0.2733	0.1867
0.9173	0.2805	0.1846
0.9155	0.2915	0.1869
0.9143	0.2951	0.1886
0.9153	0.289	0.1894
0.9156	0.2797	0.1937
0.9156	0.2775	0.1944
0.916	0.2802	0.1946
0.9127	0.2803	0.1975
0.9116	0.28	0.2039
0.9176	0.2809	0.205
0.9224	0.2804	0.1911
0.9212	0.281	0.1836
0.918	0.2859	0.1891
0.9158	0.2891	0.1915
0.9135	0.2865	0.1957
0.9113	0.285	0.2002
0.9123	0.2872	0.198
0.9152	0.2867	0.1959
0.916	0.2785	0.1931
0.9149	0.2708	0.1902
0.9139	0.2736	0.1864
0.9141	0.2798	0.1845
0.9154	0.2825	0.195
0.9168	0.2852	0.2016
0.9151	0.2878	0.1962
0.912	0.2885	0.1972
0.9128	0.287	0.204
0.9157	0.2864	0.2029
0.919	0.286	0.1918
0.9206	0.2824	0.1857
0.9181	0.2804	0.1876
0.9158	0.2792	0.1853
0.9163	0.2785	0.1853
0.9188	0.2825	0.1868
0.9192	0.2859	0.1875
0.9138	0.2867	0.1967
0.9111	0.2862	0.2001
0.9122	0.2812	0.1975
0.9097	0.2776	0.2054
0.9103	0.2801	0.2057
0.9161	0.2815	0.1936
0.922	0.2808	0.1895
0.9243	0.2812	0.1883
0.9174	0.2827	0.1866
0.9116	0.2862	0.1935
0.9122	0.2868	0.1985
0.9111	0.2854	0.1969
0.9141	0.2871	0.1944
0.9192	0.2863	0.1884
0.9183	0.2816	0.1876
0.9167	0.2783	0.1947
0.9143	0.2778	0.1964
0.9125	0.2795	0.1948
0.9147	0.2804	0.1941
0.9186	0.2823	0.1901
0.9204	0.2866	0.1884
0.9166	0.2889	0.1925
0.9151	0.2863	0.1949
0.916	0.2814	0.1949
0.9124	0.2801	0.1983
0.9114	0.2791	0.2001
0.9126	0.2763	0.1971
0.914	0.278	0.1944
0.9168	0.2838	0.1924
0.9155	0.288	0.1925
0.9157	0.2917	0.194
0.9176	0.2948	0.1943
0.9174	0.2887	0.1925
0.9185	0.2812	0.189
0.9155	0.2804	0.189
0.9117	0.2765	0.1903
0.9133	0.274	0.191
0.9162	0.2769	0.1946
0.9187	0.2814	0.1944
0.9183	0.2867	0.1904
0.9158	0.2861	0.1924
0.9131	0.285	0.2021
0.9125	0.2831	0.2051
0.9178	0.2797	0.1937
0.9196	0.2832	0.1896
0.9157	0.2837	0.1945
0.9153	0.2819	0.1929
0.9139	0.2824	0.1939
0.9114	0.2803	0.1949
0.9134	0.2819	0.1923
0.9151	0.2828	0.1934
0.9165	0.2813	0.1927
0.9179	0.283	0.1929
0.9156	0.286	0.1941
0.9142	0.2898	0.1915
0.9153	0.2898	0.1913
0.9158	0.2876	0.1914
0.9161	0.2821	0.1912
0.9159	0.2752	0.1936
0.9172	0.2768	0.1937
0.9185	0.2794	0.1929
0.9164	0.286	0.1932
0.9159	0.2917	0.1933
0.9154	0.2822	0.1957
0.9133	0.2791	0.198
0.9125	0.2816	0.1976
0.9112	0.277	0.1972
0.9161	0.277	0.1959
0.913	0.2813	0.1998
0.9165	0.2839	0.1903
0.9211	0.2837	0.188
0.9228	0.2841	0.1881
0.9159	0.2853	0.1872
0.9104	0.2881	0.1945
0.9114	0.2881	0.1995
0.9107	0.2859	0.1979
0.9142	0.287	0.1952
0.9196	0.2856	0.189
0.9188	0.2806	0.188
0.9174	0.2771	0.1949
0.915	0.2765	0.1964
0.9131	0.2783	0.1947
0.9151	0.2793	0.1939
0.9189	0.2815	0.1899
0.9206	0.286	0.1882
0.9166	0.2887	0.1923
0.9149	0.2863	0.1948
0.9157	0.2816	0.1948
0.9121	0.2805	0.1983
0.9111	0.2796	0.2001
0.9123	0.2768	0.1972
0.9137	0.2785	0.1945
0.9165	0.2843	0.1925
0.9153	0.2884	0.1926
0.9157	0.2919	0.1942
0.9176	0.295	0.1944
0.9174	0.2888	0.1926
0.9186	0.2812	0.1891
0.9157	0.2803	0.1891
0.9118	0.2763	0.1903
0.9134	0.2738	0.191
0.9163	0.2768	0.1946
0.9188	0.2812	0.1944
0.9184	0.2865	0.1903
0.9159	0.286	0.1923
0.9132	0.2849	0.202
0.9125	0.283	0.205
0.9178	0.2797	0.1937
0.9196	0.2833	0.1896
0.9157	0.2837	0.1945
0.9152	0.2819	0.1929
0.9138	0.2825	0.1939
0.9113	0.2804	0.1949
0.9134	0.2819	0.1923
0.9151	0.2828	0.1934
0.9165	0.2814	0.1927
0.9179	0.283	0.193
0.9156	0.286	0.1942
0.9142	0.2898	0.1915
0.9153	0.2898	0.1913
0.9158	0.2876	0.1914
0.9162	0.2821	0.1912
0.9159	0.2752	0.1936
0.9172	0.2767	0.1937
0.9185	0.2794	0.1929
0.9164	0.286	0.1932
0.9159	0.2917	0.1933
0.9154	0.2822	0.1956
0.9133	0.2791	0.198
0.9125	0.2816	0.1976
0.9112	0.277	0.1972
0.9126	0.2793	0.1962
0.9169	0.2815	0.1941
0.9204	0.2802	0.1922
0.9197	0.2839	0.1897
0.9154	0.2865	0.1915
0.9153	0.2874	0.1961
0.9147	0.2866	0.1947
0.9125	0.2846	0.1934
0.9151	0.2844	0.1954
0.9162	0.2841	0.1908
0.9165	0.2837	0.1851
0.9163	0.2824	0.1871
0.9148	0.2809	0.1908
0.9178	0.2805	0.194
0.9174	0.2801	0.1987
0.914	0.2806	0.2017
0.9141	0.281	0.2002
0.914	0.2818	0.1978
0.9142	0.284	0.196
0.9135	0.2846	0.1894
0.9127	0.2856	0.186
0.9151	0.2876	0.1909
0.9193	0.2862	0.1918
0.9223	0.2806	0.1921
0.9205	0.277	0.1955
0.9167	0.28	0.1942
0.9146	0.2836	0.193
0.9141	0.2838	0.1955
0.9116	0.284	0.1991
0.9094	0.2845	0.197
0.9122	0.285	0.191
0.911	0.2856	0.1937
0.9098	0.2844	0.1957
0.9177	0.2789	0.1916
0.9245	0.2756	0.188
0.9249	0.2814	0.1845
0.9193	0.2857	0.1924
0.9156	0.2857	0.1999
0.9167	0.286	0.1966
0.9142	0.2826	0.2002
0.9138	0.2805	0.1997
0.915	0.2816	0.1935
0.9134	0.2815	0.193
0.9152	0.2789	0.19
0.9152	0.2762	0.1901
0.9116	0.2813	0.1915
0.9106	0.2898	0.1912
0.9126	0.2919	0.1933
0.9171	0.2886	0.1909
0.9186	0.283	0.1908
0.9162	0.2805	0.1946
0.9167	0.2833	0.1959
0.9203	0.2869	0.198
0.9202	0.2858	0.1978
0.9163	0.2788	0.1945
0.9171	0.2727	0.1939
0.9191	0.2735	0.1961
0.9123	0.282	0.1918
0.9033	0.2902	0.178
0.8949	0.2917	0.1741
0.8974	0.2924	0.1977
0.9275	0.2902	0.2312
0.949	0.2827	0.2319
0.9356	0.272	0.1939
1.064	-0.06519	0.05777
0.9142	0.2857	0.1762
0.8265	0.4511	0.2375
0.8026	0.4911	0.2648
0.8319	0.4547	0.2597
0.878	0.3972	0.2203
0.9101	0.3291	0.1939
0.9253	0.2625	0.1907
0.9395	0.2121	0.1763
0.9564	0.1677	0.1574
0.9755	0.1474	0.1444
0.9772	0.1643	0.1485
0.9495	0.1928	0.1672
0.9285	0.2258	0.1765
0.9266	0.2608	0.1895
0.9259	0.2862	0.2047
0.919	0.3126	0.2124
0.8994	0.3281	0.2231
0.8868	0.3254	0.2192
0.8927	0.334	0.2005
0.9022	0.347	0.1925
0.9043	0.3461	0.1994
0.884	0.3377	0.2056
0.8737	0.3246	0.2042
0.8904	0.307	0.2023
0.9001	0.2803	0.1948
0.9348	0.2442	0.185
0.9669	0.2245	0.1779
0.9347	0.2522	0.1805
0.9094	0.296	0.2005
0.9069	0.3065	0.2158
0.9014	0.2878	0.2147
0.9221	0.2463	0.1945
0.9335	0.2218	0.175
0.9292	0.2384	0.1723
0.9338	0.2468	0.1651
0.9295	0.2599	0.1819
0.9323	0.2888	0.2048
0.9312	0.3008	0.1949
0.9043	0.3047	0.2
0.8911	0.3039	0.201
0.8945	0.313	0.1893
0.8948	0.3141	0.1997
0.9047	0.2945	0.1975
0.9155	0.2988	0.1868
0.9147	0.2992	0.1896
0.913	0.2919	0.2029
0.914	0.295	0.2108
0.917	0.2773	0.1935
0.9166	0.2705	0.1899
0.9165	0.2766	0.1977
0.9267	0.2705	0.1886
0.9303	0.2724	0.1855
0.9241	0.2768	0.1833
0.921	0.2803	0.1875
0.9174	0.277	0.1968
0.9137	0.2677	0.1908
0.9076	0.27	0.1956
0.9034	0.2748	0.207
0.9096	0.279	0.2037
0.9151	0.2822	0.1994
0.9185	0.2818	0.1964
0.9217	0.2825	0.19
0.922	0.2789	0.1851
0.9205	0.2792	0.1906
0.9129	0.2908	0.1947
0.9092	0.3067	0.1904
0.9157	0.3203	0.1929
0.916	0.3219	0.1933
0.9112	0.3153	0.1899
0.9109	0.2991	0.1897
0.911	0.2743	0.1864
0.91	0.2652	0.1883
0.9122	0.251	0.193
0.9185	0.2203	0.1922
0.9269	0.2232	0.1941
0.9312	0.2499	0.1998
0.9251	0.273	0.202
0.9139	0.2997	0.1996
0.9086	0.3042	0.2028
0.9078	0.2961	0.2061
0.9046	0.2999	0.2005
0.9003	0.3046	0.199
0.9036	0.3135	0.2017
0.9203	0.3099	0.1988
0.9375	0.2924	0.1865
0.9374	0.2824	0.1704
0.9271	0.2774	0.167
0.9182	0.2843	0.1709
0.9118	0.2829	0.1765
0.9096	0.2725	0.1893
0.9069	0.2807	0.1989
0.9045	0.2816	0.2039
0.9067	0.2775	0.2083
0.9078	0.282	0.208
0.9067	0.2751	0.2074
0.9088	0.2704	0.2075
0.9193	0.271	0.2052
0.9326	0.2688	0.2039
0.9339	0.274	0.201
0.9252	0.2768	0.1884
0.9174	0.276	0.1768
0.9132	0.276	0.1779
0.9112	0.2753	0.1813
0.9077	0.2891	0.1883
0.9048	0.3066	0.2001
0.9056	0.3139	0.201
0.9118	0.3189	0.1908
0.9229	0.3079	0.182
0.9294	0.2862	0.1825
0.9267	0.2749	0.1866
0.9193	0.2698	0.1944
0.9135	0.2715	0.2089
0.9136	0.2714	0.2052
0.9159	0.2603	0.1887
0.9154	0.2581	0.187
0.9092	0.2693	0.1948
0.9015	0.2772	0.2039
0.9027	0.2838	0.2061
0.9089	0.2978	0.2047
0.9174	0.3047	0.204
0.9245	0.3014	0.1926
0.923	0.3015	0.1858
0.924	0.2933	0.1874
0.9251	0.2768	0.1841
0.9216	0.2699	0.1867
0.9185	0.2694	0.1894
0.9077	0.2729	0.1857
0.9184	0.2852	0.1476
0.9108	0.2669	0.1938
0.9078	0.2729	0.2116
0.9149	0.289	0.222
0.916	0.3	0.2211
0.9118	0.3056	0.2113
0.9119	0.3011	0.2023
0.9122	0.286	0.1899
0.9112	0.2835	0.184
0.9132	0.2726	0.1829
0.9192	0.2421	0.1786
0.9273	0.2426	0.1792
0.9313	0.2653	0.1856
0.9249	0.2832	0.1899
0.9135	0.3044	0.1907
0.908	0.3037	0.1974
0.9072	0.2913	0.2044
0.9039	0.292	0.202
0.8997	0.2947	0.203
0.9031	0.3029	0.2076
0.92	0.2996	0.2056
0.9373	0.2834	0.1934
0.9373	0.2752	0.1769
0.9272	0.2724	0.1724
0.9184	0.2817	0.175
0.9121	0.2824	0.1791
0.9098	0.2738	0.1905
0.9072	0.2835	0.1987
0.9047	0.2854	0.2026
0.9069	0.2817	0.2062
0.908	0.2862	0.2054
0.9069	0.2789	0.2047
0.9089	0.2736	0.2048
0.9193	0.2734	0.2028
0.9326	0.2703	0.202
0.9338	0.2747	0.1996
0.9251	0.2767	0.1877
0.9173	0.2753	0.1766
0.9131	0.2749	0.1781
0.9111	0.2739	0.1819
0.9077	0.2875	0.1892
0.9048	0.3051	0.2011
0.9056	0.3126	0.202
0.9118	0.3179	0.1917
0.9229	0.3071	0.1828
0.9294	0.2858	0.1831
0.9267	0.2748	0.187
0.9194	0.27	0.1946
0.9135	0.2719	0.2089
0.9136	0.2719	0.205
0.9159	0.2609	0.1884
0.9154	0.2587	0.1867
0.9092	0.2698	0.1945
0.9015	0.2776	0.2035
0.9027	0.2841	0.2058
0.9089	0.298	0.2045
0.9174	0.3048	0.2039
0.9245	0.3013	0.1925
0.923	0.3014	0.1857
0.924	0.2931	0.1874
0.9251	0.2766	0.1841
0.9216	0.2697	0.1868
0.9185	0.2692	0.1895
0.9077	0.2727	0.1858
0.9053	0.278	0.1885
0.9177	0.2806	0.1926
0.9197	0.2835	0.1928
0.9158	0.2837	0.1939
0.9158	0.2836	0.1936
0.9141	0.2868	0.1894
0.9115	0.2858	0.1919
0.9084	0.2847	0.2061
0.9069	0.286	0.2116
0.9131	0.2833	0.2028
0.9218	0.2804	0.1967
0.9237	0.2782	0.1931
0.9216	0.2796	0.1944
0.9153	0.2872	0.1996
0.91	0.2884	0.1933
0.9143	0.2856	0.1882
0.9174	0.2881	0.1882
0.9197	0.2862	0.1818
0.9229	0.2777	0.1802
0.9177	0.274	0.1808
0.9132	0.2772	0.187
0.9106	0.2834	0.2046
0.9099	0.2887	0.2083
0.9167	0.2875	0.2009
0.9186	0.2816	0.1981
0.9124	0.2786	0.1923
0.9109	0.279	0.1869
0.9142	0.278	0.1885
0.9138	0.2783	0.1933
0.9105	0.2842	0.1968
0.9102	0.2886	0.1955
0.9166	0.2876	0.192
0.9282	0.2836	0.1931
0.9324	0.283	0.1985
0.9231	0.2916	0.2057
0.9087	0.2952	0.2086
0.9027	0.2871	0.1978
0.9129	0.2816	0.1864
0.9232	0.2761	0.1812
0.9207	0.2699	0.1775
0.9108	0.2742	0.1853
0.9032	0.2785	0.1927
0.9084	0.2774	0.1923
0.9169	0.2787	0.1949
0.9225	0.2793	0.1908
0.9263	0.2798	0.1885
0.9175	0.2821	0.1956
0.9091	0.2896	0.1996
0.9093	0.3017	0.2033
0.9114	0.3009	0.2047
0.9189	0.2894	0.2058
0.9202	0.2846	0.2059
0.9161	0.2846	0.1936
0.9177	0.2848	0.186
0.9193	0.2854	0.1872
0.9221	0.2821	0.1829
0.9215	0.2731	0.1831
0.9126	0.268	0.186
0.9054	0.2717	0.185
0.9051	0.2727	0.1897
0.9082	0.2692	0.1945
0.9103	0.2713	0.196
0.9166	0.2777	0.2003
0.9237	0.2851	0.1987
0.9131	0.3039	0.2294
0.9244	0.2992	0.2044
0.9249	0.2961	0.1874
0.9195	0.2915	0.1799
0.9181	0.2873	0.177
0.915	0.2872	0.1739
0.9114	0.2837	0.1798
0.9075	0.2807	0.1981
0.9055	0.2808	0.2078
0.9114	0.2776	0.2027
0.9201	0.2747	0.1994
0.9222	0.2729	0.1977
0.9203	0.2752	0.1999
0.9143	0.2839	0.2052
0.9094	0.2863	0.1984
0.9141	0.2845	0.1922
0.9174	0.2881	0.1909
0.92	0.2871	0.1831
0.9233	0.2792	0.1803
0.9183	0.2759	0.1799
0.9137	0.2792	0.1853
0.9112	0.2854	0.2023
0.9104	0.2905	0.2059
0.9171	0.2889	0.1986
0.9188	0.2827	0.196
0.9125	0.2792	0.1907
0.9109	0.2793	0.1858
0.9141	0.2779	0.1879
0.9136	0.278	0.1932
0.9103	0.2837	0.1972
0.91	0.2879	0.1962
0.9164	0.2869	0.1928
0.928	0.283	0.194
0.9322	0.2824	0.1994
0.923	0.2912	0.2066
0.9086	0.2949	0.2093
0.9027	0.2869	0.1983
0.913	0.2816	0.1867
0.9233	0.2762	0.1813
0.9208	0.2701	0.1774
0.9109	0.2744	0.1851
0.9033	0.2787	0.1924
0.9085	0.2777	0.1919
0.9169	0.2789	0.1945
0.9226	0.2795	0.1905
0.9264	0.28	0.1882
0.9175	0.2822	0.1954
0.9091	0.2896	0.1994
0.9093	0.3017	0.2032
0.9113	0.3008	0.2047
0.9189	0.2893	0.2059
0.9202	0.2845	0.206
0.9161	0.2845	0.1938
0.9177	0.2847	0.1862
0.9193	0.2854	0.1873
0.9221	0.2821	0.183
0.9215	0.2731	0.1832
0.9126	0.268	0.1861
0.9054	0.2717	0.185
0.9052	0.2727	0.1897
0.9082	0.2692	0.1945
0.9103	0.2713	0.196
0.9166	0.2777	0.2002
0.9237	0.2852	0.1986
0.9214	0.2944	0.195
0.9187	0.2996	0.2026
0.9189	0.3002	0.2094
0.9162	0.2995	0.2083
0.9162	0.294	0.2038
0.9178	0.2886	0.188
0.9163	0.2868	0.1762
0.9125	0.2829	0.1809
0.9083	0.2778	0.1811
0.9077	0.2714	0.1846
0.9126	0.2684	0.1968
0.9235	0.2704	0.1943
0.9294	0.2702	0.189
0.9197	0.2726	0.1914
0.9087	0.278	0.1943
0.9069	0.2841	0.1982
0.9117	0.2944	0.1996
0.9181	0.3005	0.206
0.9173	0.2955	0.21
0.913	0.2828	0.1994
0.9139	0.2756	0.1902
0.9213	0.2788	0.18
0.9269	0.2813	0.1719
0.9186	0.2831	0.1859
0.9071	0.2834	0.2035
0.9054	0.2817	0.204
0.9111	0.2847	0.1977
0.9171	0.2861	0.1942
0.9183	0.2848	0.1937
0.92	0.2855	0.193
0.9177	0.2873	0.1917
0.9141	0.2903	0.1923
0.9174	0.2854	0.1944
0.9156	0.2737	0.1955
0.9126	0.2664	0.1923
0.9141	0.2689	0.192
0.914	0.284	0.1984
0.914	0.2938	0.1977
0.9141	0.2887	0.19
0.9195	0.2855	0.1876
0.9227	0.284	0.1893
0.916	0.2806	0.1886
0.9149	0.2817	0.1891
0.9154	0.2832	0.1945
0.9142	0.2827	0.199
0.9176	0.2797	0.2016
0.9158	0.2801	0.1984
0.9115	0.2877	0.1898
0.911	0.2879	0.1901
0.913	0.2839	0.1964
0.9163	0.2854	0.1974
0.9168	0.2841	0.1938
0.9168	0.2845	0.193
0.9157	0.285	0.1956
0.9145	0.2779	0.1926
0.9165	0.2745	0.1854
0.917	0.2775	0.1841
0.917	0.2794	0.1942
0.916	0.2819	0.2036
0.9156	0.286	0.2021
0.9194	0.2901	0.2037
0.9151	0.2889	0.2039
0.9036	0.2785	0.1993
0.9001	0.2739	0.1977
0.9261	0.2927	0.1582
0.9244	0.2852	0.1755
0.924	0.2816	0.1919
0.92	0.2821	0.1998
0.9183	0.2809	0.2029
0.9183	0.2813	0.1929
0.9155	0.2852	0.185
0.9107	0.2863	0.1918
0.9059	0.2849	0.1924
0.9052	0.2808	0.1952
0.9103	0.2786	0.2056
0.9216	0.28	0.2007
0.9281	0.2784	0.1929
0.919	0.2787	0.1928
0.9086	0.2817	0.1934
0.9074	0.2855	0.1956
0.9125	0.2937	0.1958
0.9193	0.298	0.2016
0.9185	0.2917	0.2054
0.9143	0.2784	0.1951
0.915	0.271	0.1865
0.9222	0.2745	0.1772
0.9276	0.2776	0.1701
0.9189	0.2803	0.1851
0.9072	0.2816	0.2036
0.9053	0.2808	0.2048
0.9108	0.2848	0.199
0.9167	0.2869	0.1958
0.9178	0.2861	0.1955
0.9195	0.2871	0.1947
0.9172	0.2891	0.1932
0.9137	0.2921	0.1935
0.9171	0.287	0.1953
0.9154	0.275	0.196
0.9125	0.2673	0.1925
0.9141	0.2694	0.1919
0.914	0.2841	0.198
0.9142	0.2937	0.1971
0.9142	0.2883	0.1894
0.9196	0.2849	0.187
0.9229	0.2833	0.1887
0.9161	0.2799	0.1881
0.915	0.2811	0.1887
0.9155	0.2827	0.1943
0.9143	0.2823	0.1989
0.9176	0.2795	0.2016
0.9158	0.28	0.1985
0.9114	0.2877	0.19
0.911	0.288	0.1903
0.913	0.2841	0.1967
0.9162	0.2856	0.1976
0.9167	0.2844	0.194
0.9167	0.2847	0.1931
0.9157	0.2852	0.1957
0.9145	0.278	0.1927
0.9165	0.2746	0.1854
0.917	0.2776	0.1841
0.917	0.2794	0.1942
0.916	0.2819	0.2035
0.9157	0.286	0.202
0.9194	0.29	0.2036
0.9152	0.2889	0.2038
0.9036	0.2784	0.1993
0.9002	0.2738	0.1977
0.9083	0.2858	0.1859
0.9236	0.3029	0.1742
0.9418	0.3058	0.173
0.9476	0.2778	0.173
0.9258	0.2443	0.1809
0.9036	0.2482	0.1892
0.901	0.2751	0.1943
0.8977	0.2973	0.2031
0.9014	0.3039	0.2054
0.9099	0.2928	0.2131
0.9091	0.2867	0.2275
0.9169	0.2863	0.2234
0.9232	0.287	0.2031
0.923	0.3017	0.1814
0.929	0.3078	0.1689
0.9222	0.2855	0.1707
0.9088	0.2534	0.1822
0.9064	0.2456	0.1933
0.9069	0.2673	0.1946
0.9091	0.2791	0.1972
0.9128	0.2828	0.1983
0.9198	0.2954	0.1885
0.9287	0.2965	0.1857
0.9318	0.2964	0.1824
0.9301	0.2958	0.1836
0.9212	0.2788	0.209
0.9092	0.2735	0.2161
0.9031	0.283	0.1943
0.9004	0.2826	0.1897
0.9057	0.2794	0.1947
0.9147	0.2807	0.188
0.9149	0.2811	0.1896
0.9169	0.2785	0.1987
0.9212	0.2759	0.1986
0.9206	0.2766	0.1974
0.9217	0.282	0.1955
0.9172	0.291	0.1923
0.9099	0.2928	0.1921
0.9079	0.2842	0.1923
0.906	0.279	0.1974
0.9101	0.2829	0.1977
0.9186	0.2915	0.19
0.9245	0.2945	0.1893
0.9267	0.2873	0.1909
0.9219	0.2818	0.1902
0.9183	0.2805	0.1905
0.9182	0.2771	0.191
0.9142	0.2762	0.1921
0.9096	0.279	0.1914
0.9093	0.2802	0.1905
0.9117	0.275	0.1952
0.9125	0.2694	0.2047
0.9131	0.2746	0.2058
0.9162	0.2858	0.1943
0.9172	0.2958	0.1898
0.9167	0.3016	0.1926
0.9179	0.299	0.1892
0.9175	0.2858	0.1866
0.916	0.2728	0.1871
0.9169	0.2755	0.1921
0.9181	0.2773	0.2032
0.9179	0.2721	0.2049
0.9157	0.2783	0.1999
0.9128	0.2895	0.1968
0.8916	0.2766	0.2058
0.9114	0.3063	0.1876
0.9338	0.3142	0.1805
0.9434	0.2865	0.1755
0.9247	0.2507	0.1795
0.9048	0.2511	0.1851
0.9038	0.2745	0.1886
0.9014	0.2938	0.1968
0.9053	0.2985	0.1994
0.9136	0.2865	0.2079
0.9122	0.2804	0.2236
0.9192	0.2808	0.2209
0.9246	0.2828	0.202
0.9235	0.2992	0.1817
0.9287	0.307	0.1701
0.9213	0.2862	0.1727
0.9075	0.2553	0.1847
0.9049	0.2484	0.1959
0.9053	0.2706	0.1971
0.9077	0.2825	0.1993
0.9116	0.286	0.1999
0.9188	0.2981	0.1896
0.928	0.2985	0.1863
0.9316	0.2977	0.1824
0.9302	0.2964	0.1832
0.9215	0.2787	0.2083
0.9096	0.2729	0.2152
0.9036	0.2819	0.1933
0.9011	0.2813	0.1887
0.9063	0.278	0.1939
0.9152	0.2794	0.1873
0.9153	0.2799	0.1891
0.9172	0.2776	0.1984
0.9214	0.2752	0.1985
0.9207	0.2762	0.1974
0.9216	0.2818	0.1957
0.9171	0.2911	0.1926
0.9097	0.2931	0.1925
0.9077	0.2847	0.1927
0.9058	0.2795	0.1978
0.9099	0.2834	0.198
0.9185	0.292	0.1902
0.9244	0.2949	0.1895
0.9266	0.2876	0.191
0.9219	0.282	0.1902
0.9183	0.2806	0.1904
0.9183	0.2771	0.1909
0.9143	0.2761	0.192
0.9097	0.2788	0.1912
0.9094	0.2801	0.1904
0.9118	0.2748	0.195
0.9126	0.2692	0.2046
0.9131	0.2745	0.2057
0.9162	0.2856	0.1943
0.9172	0.2957	0.1898
0.9167	0.3015	0.1926
0.9179	0.299	0.1892
0.9175	0.2859	0.1866
0.9159	0.2728	0.1872
0.9169	0.2756	0.1922
0.9181	0.2773	0.2032
0.9178	0.2722	0.2049
0.9157	0.2784	0.1999
0.9128	0.2895	0.1968
0.912	0.2959	0.1898
0.9113	0.2895	0.1876
0.9111	0.2809	0.1901
0.9158	0.2809	0.1904
0.9202	0.2783	0.192
0.9191	0.2842	0.188
0.916	0.288	0.1865
0.9145	0.28	0.1953
0.9155	0.2819	0.1985
0.9155	0.2828	0.1972
0.9136	0.2801	0.1987
0.9146	0.2797	0.1991
0.9174	0.277	0.1982
0.9187	0.2808	0.1932
0.9173	0.2833	0.1884
0.9146	0.2833	0.1896
0.9136	0.2862	0.1895
0.914	0.2855	0.1913
0.9166	0.2846	0.1956
0.9177	0.2831	0.1942
0.9133	0.2823	0.1939
0.9119	0.2856	0.1941
0.9139	0.2851	0.1926
0.9145	0.2831	0.1965
0.9168	0.2846	0.1986
0.9182	0.2857	0.1978
0.9171	0.284	0.1971
0.9176	0.2815	0.1902
0.9182	0.2805	0.1871
0.917	0.2814	0.1921
0.9151	0.2831	0.1932
0.9137	0.2812	0.1929
0.9137	0.2759	0.1924
0.9129	0.2743	0.1888
0.9122	0.2783	0.1896
0.9123	0.2834	0.193
0.9115	0.2869	0.1949
0.9147	0.2886	0.1994
0.9185	0.2889	0.2026
0.9209	0.2928	0.1995
0.9287	0.3002	0.1905
0.9301	0.296	0.1842
0.9172	0.2719	0.1912
0.9023	0.2517	0.2045
0.8974	0.2574	0.2074
0.9066	0.2759	0.1944
0.9189	0.2917	0.1825
0.9214	0.297	0.1838
0.9165	0.2923	0.1849
0.9162	0.2892	0.1853
0.9225	0.2859	0.191
0.9231	0.2872	0.1964
0.9148	0.2885	0.2009
0.9056	0.2796	0.2015
0.9038	0.2811	0.1994
0.9137	0.2917	0.1949
0.9244	0.2935	0.188
0.9244	0.2773	0.1945
0.9176	0.2496	0.2063
0.9141	0.2486	0.2038
0.9139	0.2768	0.1916
0.9088	0.3032	0.1841
0.9077	0.3078	0.1869
0.9168	0.2917	0.1888
0.9329	0.2831	0.1823
0.9204	0.2843	0.1895
0.9126	0.2804	0.1969
0.9129	0.2827	0.1987
0.9152	0.2811	0.1998
0.9137	0.2868	0.1942
0.9112	0.2899	0.1905
0.9108	0.281	0.197
0.9133	0.282	0.1982
0.9146	0.2821	0.1954
0.914	0.2788	0.196
0.9159	0.2781	0.1959
0.9192	0.2753	0.195
0.9208	0.2792	0.1903
0.9193	0.282	0.1862
0.9163	0.2824	0.1882
0.915	0.2857	0.1888
0.9149	0.2853	0.1914
0.917	0.2848	0.1962
0.9176	0.2836	0.1953
0.913	0.283	0.1953
0.9112	0.2863	0.1956
0.9131	0.2859	0.194
0.9136	0.2838	0.1977
0.9159	0.2852	0.1995
0.9175	0.2861	0.1985
0.9165	0.2842	0.1974
0.9172	0.2816	0.1902
0.918	0.2805	0.1869
0.917	0.2812	0.1917
0.9153	0.2828	0.1926
0.9139	0.2809	0.1924
0.914	0.2756	0.1919
0.9132	0.274	0.1883
0.9125	0.2781	0.1892
0.9126	0.2832	0.1926
0.9118	0.2867	0.1948
0.9149	0.2885	0.1993
0.9186	0.2889	0.2027
0.921	0.2928	0.1996
0.9287	0.3003	0.1906
0.93	0.2961	0.1844
0.9171	0.2721	0.1914
0.9022	0.2518	0.2047
0.8973	0.2575	0.2076
0.9065	0.2759	0.1945
0.9188	0.2918	0.1826
0.9213	0.297	0.1838
0.9165	0.2924	0.1849
0.9161	0.2892	0.1853
0.9225	0.2859	0.1909
0.9231	0.2872	0.1963
0.9148	0.2885	0.2009
0.9056	0.2796	0.2014
0.9038	0.281	0.1993
0.9138	0.2916	0.1948
0.9244	0.2934	0.1879
0.9245	0.2773	0.1944
0.9176	0.2496	0.2063
0.9141	0.2486	0.2038
0.9139	0.2768	0.1916
0.9088	0.3032	0.1841
0.9077	0.3078	0.1869
0.9168	0.2917	0.1888
0.9234	0.2847	0.1928
0.9251	0.2855	0.2003
0.9239	0.2802	0.1932
0.9153	0.2823	0.1796
0.9091	0.2853	0.1733
0.911	0.2849	0.1819
0.9094	0.2919	0.2036
0.9066	0.2905	0.2127
0.9115	0.2704	0.2107
0.9192	0.2605	0.2137
0.9261	0.271	0.2042
0.9272	0.2775	0.1773
0.9194	0.2828	0.1716
0.9072	0.287	0.1949
0.899	0.2775	0.2015
0.9061	0.2765	0.1908
0.926	0.2884	0.1919
0.9371	0.2957	0.1891
0.9225	0.2988	0.1887
0.9022	0.3022	0.2066
0.8966	0.3091	0.2092
0.8962	0.3071	0.1944
0.9124	0.2881	0.1881
0.9346	0.2658	0.1836
0.936	0.2488	0.1804
0.9368	0.2439	0.1842
0.9282	0.2541	0.1901
0.9017	0.2731	0.194
0.8961	0.2888	0.1928
0.9075	0.2919	0.1948
0.9117	0.2889	0.2028
0.9127	0.2888	0.203
0.9146	0.2972	0.194
0.9181	0.3008	0.1938
0.9231	0.2902	0.2072
0.9222	0.2811	0.2112
0.9109	0.2759	0.1982
0.9071	0.28	0.1879
0.9171	0.2946	0.1825
0.9191	0.2966	0.1778
0.9159	0.2841	0.1794
0.9192	0.2711	0.1822
0.917	0.2674	0.1887
0.9109	0.2727	0.2021
0.9125	0.2773	0.207
0.9214	0.2807	0.2084
0.9272	0.282	0.209
0.9191	0.2812	0.1912
0.9111	0.2806	0.1728
0.9107	0.2833	0.1779
0.9016	0.3016	0.1933
0.8955	0.3141	0.2012
0.906	0.297	0.201
0.9197	0.2745	0.2053
0.9275	0.2579	0.2068
0.9283	0.2493	0.1915
0.9257	0.2642	0.1797
0.9238	0.2865	0.18
0.9204	0.2998	0.184
0.9175	0.3067	0.1932
0.915	0.3014	0.2006
0.9119	0.2887	0.2039
0.9116	0.2797	0.1983
0.9144	0.2761	0.1884
0.9017	0.2851	0.2128
0.9139	0.2793	0.2035
0.9197	0.2713	0.1877
0.9157	0.2736	0.1707
0.912	0.2784	0.1644
0.9151	0.2807	0.1749
0.9137	0.2906	0.1993
0.9105	0.2919	0.2112
0.9146	0.274	0.2116
0.9213	0.2656	0.2163
0.9273	0.2768	0.2078
0.9275	0.2833	0.1812
0.919	0.288	0.1752
0.9064	0.2912	0.1979
0.8979	0.2805	0.2035
0.905	0.2781	0.1918
0.9249	0.2888	0.1919
0.9361	0.295	0.1883
0.9217	0.2972	0.1872
0.9017	0.3	0.2047
0.8963	0.3066	0.2072
0.8962	0.3046	0.1924
0.9126	0.2858	0.1864
0.935	0.2639	0.1822
0.9364	0.2473	0.1794
0.9372	0.243	0.1838
0.9286	0.2537	0.1901
0.9021	0.2732	0.1943
0.8964	0.2893	0.1934
0.9077	0.2927	0.1956
0.9118	0.2898	0.2036
0.9127	0.2897	0.2038
0.9145	0.2981	0.1948
0.9179	0.3016	0.1944
0.923	0.2909	0.2077
0.922	0.2815	0.2115
0.9107	0.2761	0.1984
0.907	0.2801	0.1879
0.917	0.2945	0.1823
0.919	0.2964	0.1775
0.9158	0.2838	0.1791
0.9192	0.2708	0.1818
0.917	0.267	0.1885
0.9109	0.2724	0.2018
0.9125	0.277	0.2068
0.9215	0.2805	0.2082
0.9273	0.2818	0.2089
0.9191	0.2812	0.1912
0.9112	0.2806	0.1729
0.9107	0.2834	0.178
0.9016	0.3017	0.1934
0.8955	0.3143	0.2013
0.906	0.2971	0.2011
0.9197	0.2746	0.2054
0.9275	0.258	0.2069
0.9282	0.2494	0.1916
0.9257	0.2643	0.1798
0.9238	0.2865	0.18
0.9204	0.2998	0.184
0.9175	0.3067	0.1932
0.915	0.3013	0.2006
0.9119	0.2887	0.2038
0.9116	0.2796	0.1983
0.9144	0.276	0.1884
0.9151	0.2765	0.1884
0.9096	0.2777	0.1915
0.9049	0.2804	0.1983
0.9077	0.282	0.2027
0.9135	0.2799	0.1973
0.9197	0.2786	0.196
0.9208	0.2773	0.1921
0.9172	0.2747	0.1888
0.9174	0.2784	0.1932
0.9191	0.291	0.1907
0.9203	0.2945	0.1856
0.9188	0.2828	0.1864
0.912	0.28	0.1943
0.9101	0.2885	0.2002
0.9165	0.2889	0.1957
0.9203	0.2862	0.1937
0.9176	0.2845	0.1943
0.9131	0.2804	0.1958
0.9109	0.2813	0.1981
0.9139	0.2823	0.1924
0.9162	0.2818	0.1917
0.915	0.2831	0.1972
0.9174	0.2769	0.1966
0.9165	0.2764	0.1938
0.9116	0.2892	0.189
0.9131	0.2927	0.188
0.9169	0.2841	0.194
0.9191	0.2767	0.1982
0.9185	0.2763	0.197
0.917	0.2804	0.1887
0.9163	0.283	0.1837
0.9141	0.283	0.1906
0.9151	0.2815	0.1996
0.9169	0.2823	0.2012
0.9157	0.2877	0.1949
0.9134	0.2897	0.1912
0.9091	0.2837	0.1955
0.91	0.2798	0.1999
0.9159	0.2793	0.1992
0.9202	0.2795	0.1917
0.921	0.2853	0.1872
0.92	0.2874	0.1914
0.9193	0.2827	0.1927
0.914	0.2842	0.1921
0.9096	0.2884	0.1898
0.9119	0.2905	0.1837
0.9146	0.2861	0.188
0.9179	0.275	0.1987
0.9178	0.2724	0.2043
0.913	0.2758	0.2033
0.9118	0.2766	0.1967
0.9138	0.279	0.1931
0.917	0.2792	0.1907
0.9207	0.2806	0.1892
0.9218	0.2912	0.1918
0.9172	0.298	0.1902
0.9127	0.2947	0.1916
0.9136	0.2879	0.1994
0.9135	0.2795	0.1992
0.9141	0.2762	0.1895
0.9161	0.2774	0.1855
0.9136	0.2758	0.1927
0.9129	0.2785	0.1959
0.9146	0.2847	0.1961
0.9218	0.2784	0.1978
0.9157	0.2866	0.1963
0.91	0.2917	0.1995
0.9116	0.2928	0.2012
0.916	0.2883	0.1942
0.9208	0.2837	0.192
0.9207	0.2789	0.1881
0.9162	0.2733	0.1853
0.9156	0.2746	0.1905
0.917	0.2857	0.189
0.918	0.2885	0.185
0.9166	0.2768	0.1868
0.9101	0.2747	0.1954
0.9086	0.2844	0.2018
0.9155	0.2861	0.1976
0.9198	0.2848	0.1957
0.9175	0.2845	0.1961
0.9134	0.2815	0.1973
0.9115	0.2833	0.1993
0.9147	0.2848	0.1931
0.9171	0.2845	0.192
0.9158	0.2857	0.1971
0.9182	0.2792	0.1962
0.9172	0.2783	0.1932
0.912	0.2906	0.1882
0.9134	0.2935	0.1872
0.917	0.2843	0.1932
0.919	0.2765	0.1975
0.9184	0.2757	0.1965
0.9167	0.2795	0.1883
0.916	0.282	0.1835
0.9137	0.282	0.1906
0.9148	0.2806	0.1997
0.9166	0.2815	0.2014
0.9155	0.2871	0.1951
0.9132	0.2892	0.1915
0.909	0.2835	0.1958
0.9099	0.2798	0.2002
0.9159	0.2795	0.1994
0.9203	0.2798	0.1918
0.9211	0.2856	0.1873
0.9201	0.2877	0.1915
0.9195	0.2831	0.1927
0.9141	0.2845	0.1921
0.9097	0.2887	0.1897
0.912	0.2907	0.1836
0.9146	0.2862	0.1879
0.9179	0.275	0.1986
0.9178	0.2724	0.2042
0.913	0.2757	0.2032
0.9118	0.2765	0.1966
0.9137	0.2789	0.1931
0.917	0.279	0.1907
0.9207	0.2805	0.1892
0.9218	0.291	0.1918
0.9172	0.2979	0.1903
0.9127	0.2946	0.1917
0.9136	0.2879	0.1995
0.9135	0.2795	0.1992
0.9141	0.2763	0.1895
0.9161	0.2775	0.1856
0.9136	0.2758	0.1928
0.9129	0.2786	0.1959
0.9146	0.2847	0.1961
0.9154	0.2864	0.2038
0.916	0.2855	0.2042
0.9144	0.285	0.194
0.9165	0.2866	0.1895
0.9224	0.2869	0.189
0.9216	0.2871	0.1867
0.9156	0.2872	0.1895
0.9136	0.2788	0.1933
0.9159	0.2702	0.1895
0.9153	0.2718	0.1856
0.9123	0.2779	0.1874
0.9113	0.2819	0.1947
0.9104	0.2835	0.2016
0.9108	0.2862	0.201
0.9153	0.2882	0.2014
0.9199	0.2889	0.198
0.9208	0.2917	0.1909
0.9202	0.2899	0.1939
0.9187	0.2805	0.1949
0.9152	0.2767	0.1922
0.9135	0.2794	0.1902
0.9136	0.2791	0.1873
0.9124	0.2806	0.1956
0.9107	0.282	0.202
0.9115	0.2775	0.1974
0.9182	0.2815	0.195
0.9222	0.2911	0.1919
0.9198	0.291	0.1905
0.92	0.2889	0.1907
0.9178	0.2896	0.1882
0.9156	0.286	0.1898
0.9173	0.2786	0.1929
0.9111	0.2775	0.1956
0.9075	0.2796	0.1984
0.9102	0.2727	0.1975
0.9076	0.2703	0.1925
0.9121	0.2783	0.187
0.9193	0.2811	0.1876
0.9185	0.2836	0.1912
0.9183	0.2838	0.1942
0.9165	0.2795	0.1978
0.9168	0.2868	0.197
0.922	0.2951	0.1948
0.9253	0.2945	0.1961
0.9257	0.2923	0.199
0.9177	0.2888	0.2028
0.9082	0.2874	0.2026
0.907	0.2853	0.1955
0.9067	0.2809	0.1865
0.908	0.2788	0.1844
0.9114	0.2753	0.1883
0.9142	0.272	0.1887
0.9192	0.2728	0.1878
0.9203	0.2786	0.1897
0.9182	0.2816	0.1927
0.9184	0.2765	0.1958
0.918	0.2771	0.1961
0.9185	0.2853	0.1933
0.9176	0.2901	0.1921
0.9123	0.2918	0.1951
0.9115	0.2927	0.1979
0.9152	0.2921	0.199
0.9167	0.29	0.1994
0.9167	0.2856	0.1966
0.9133	0.2723	0.186
0.9132	0.2743	0.1986
0.9117	0.277	0.1955
0.9143	0.2816	0.1944
0.921	0.2846	0.1946
0.9211	0.287	0.1916
0.9158	0.2887	0.1928
0.9144	0.2812	0.1948
0.917	0.2731	0.1891
0.9166	0.2748	0.1839
0.9135	0.2805	0.1848
0.9124	0.284	0.1916
0.9112	0.2849	0.1985
0.9114	0.2869	0.1983
0.9155	0.2883	0.1993
0.9198	0.2885	0.1967
0.9205	0.2909	0.1903
0.9198	0.2888	0.194
0.9181	0.2793	0.1957
0.9146	0.2755	0.1933
0.913	0.2783	0.1916
0.9132	0.2782	0.1889
0.9121	0.28	0.1971
0.9105	0.2817	0.2032
0.9113	0.2774	0.1984
0.9182	0.2816	0.1957
0.9223	0.2914	0.1923
0.9199	0.2914	0.1906
0.9202	0.2893	0.1905
0.918	0.29	0.1878
0.9159	0.2864	0.1893
0.9176	0.279	0.1923
0.9113	0.2778	0.195
0.9077	0.2798	0.1978
0.9102	0.2728	0.197
0.9077	0.2703	0.1922
0.9121	0.2783	0.1868
0.9192	0.281	0.1875
0.9185	0.2835	0.1913
0.9182	0.2836	0.1943
0.9164	0.2794	0.198
0.9168	0.2866	0.1972
0.922	0.2949	0.195
0.9253	0.2944	0.1963
0.9257	0.2923	0.1992
0.9176	0.2888	0.203
0.9082	0.2875	0.2027
0.907	0.2854	0.1956
0.9067	0.281	0.1865
0.9081	0.2788	0.1843
0.9115	0.2754	0.1883
0.9143	0.2721	0.1887
0.9192	0.2728	0.1877
0.9203	0.2786	0.1896
0.9182	0.2816	0.1926
0.9184	0.2765	0.1958
0.918	0.2771	0.196
0.9185	0.2853	0.1932
0.9176	0.2901	0.1921
0.9123	0.2918	0.1951
0.9115	0.2927	0.1979
0.9152	0.2921	0.199
0.9167	0.29	0.1995
0.9167	0.2855	0.1967
0.9149	0.2782	0.1942
0.9122	0.274	0.1926
0.912	0.2737	0.1889
0.9138	0.2737	0.1899
0.9169	0.2798	0.1963
0.9217	0.2844	0.1974
0.9218	0.2822	0.1903
0.9151	0.2869	0.189
0.9115	0.2896	0.197
0.9135	0.2859	0.1983
0.9145	0.286	0.1935
0.915	0.2839	0.1908
0.9147	0.2832	0.1869
0.914	0.2856	0.1862
0.9167	0.2839	0.1906
0.9174	0.2826	0.195
0.9156	0.2798	0.1983
0.9162	0.2776	0.1992
0.9165	0.2792	0.1959
0.9177	0.277	0.1938
0.9186	0.2784	0.1958
0.9153	0.2864	0.1949
0.9125	0.2902	0.193
0.9123	0.2882	0.1938
0.9147	0.2837	0.1936
0.9159	0.2801	0.1965
0.9135	0.2788	0.1984
0.9135	0.2803	0.1909
0.9157	0.2837	0.1837
0.9173	0.2859	0.1855
0.9183	0.2855	0.1946
0.9166	0.2836	0.2015
0.915	0.2816	0.1979
0.9153	0.2816	0.1903
0.915	0.2851	0.1873
0.9141	0.2876	0.1909
0.9137	0.2863	0.197
0.9147	0.283	0.1986
0.9174	0.2778	0.197
0.9199	0.276	0.1944
0.9202	0.2804	0.1915
0.918	0.2821	0.1924
0.9144	0.2814	0.1951
0.9121	0.2831	0.1975
0.9118	0.2854	0.1979
0.9137	0.2865	0.194
0.9151	0.2861	0.1908
0.9141	0.2873	0.1911
0.9142	0.2868	0.1919
0.9154	0.2805	0.1914
0.9158	0.2781	0.1896
0.9168	0.2806	0.1897
0.9163	0.2799	0.1912
0.9162	0.2798	0.1926
0.9179	0.2802	0.1964
0.9181	0.2789	0.1988
0.9167	0.2827	0.1954
0.9141	0.2918	0.1926
0.9129	0.294	0.1935
0.9145	0.2855	0.1957
0.9157	0.2796	0.1972
0.916	0.2797	0.1964
0.9154	0.2772	0.1966
0.9147	0.2773	0.1945
0.917	0.2897	0.1933
0.914	0.2838	0.1904
0.9133	0.2813	0.1865
0.9144	0.279	0.1882
0.917	0.2829	0.1955
0.9213	0.2856	0.1976
0.9211	0.2819	0.1914
0.9143	0.2854	0.1907
0.9107	0.2875	0.1991
0.9127	0.2836	0.2004
0.9139	0.2837	0.1955
0.9146	0.2818	0.1923
0.9145	0.2816	0.188
0.914	0.2845	0.1868
0.9168	0.2834	0.1907
0.9177	0.2826	0.1946
0.916	0.2802	0.1977
0.9167	0.2783	0.1983
0.9169	0.2801	0.1949
0.9181	0.278	0.1928
0.9189	0.2793	0.1949
0.9155	0.2872	0.1942
0.9126	0.2909	0.1924
0.9123	0.2887	0.1935
0.9147	0.284	0.1935
0.9158	0.2801	0.1966
0.9133	0.2787	0.1986
0.9134	0.2801	0.1912
0.9155	0.2833	0.1841
0.9172	0.2855	0.1859
0.9182	0.2852	0.195
0.9165	0.2833	0.2018
0.9149	0.2813	0.1981
0.9153	0.2814	0.1905
0.915	0.2849	0.1874
0.9141	0.2875	0.1909
0.9138	0.2863	0.197
0.9148	0.2831	0.1985
0.9175	0.2779	0.1968
0.9199	0.2761	0.1942
0.9203	0.2805	0.1914
0.918	0.2822	0.1922
0.9144	0.2815	0.195
0.9121	0.2832	0.1974
0.9118	0.2855	0.1979
0.9137	0.2865	0.194
0.9151	0.2861	0.1908
0.9141	0.2872	0.1911
0.9142	0.2868	0.192
0.9153	0.2805	0.1914
0.9158	0.2781	0.1897
0.9168	0.2805	0.1898
0.9163	0.2799	0.1912
0.9162	0.2798	0.1926
0.9179	0.2802	0.1964
0.9181	0.2788	0.1988
0.9167	0.2827	0.1954
0.9141	0.2918	0.1925
0.9129	0.294	0.1935
0.9145	0.2855	0.1957
0.9157	0.2796	0.1972
0.916	0.2797	0.1964
0.9154	0.2772	0.1966
0.9148	0.2773	0.1945
0.9155	0.2817	0.1863
0.9159	0.2842	0.1856
0.9162	0.2892	0.1945
0.9178	0.2908	0.1977
0.9171	0.2831	0.1962
0.9122	0.2804	0.1987
0.9103	0.283	0.1992
0.9149	0.2809	0.1949
0.9185	0.2792	0.1902
0.9191	0.2804	0.1848
0.917	0.2817	0.1863
0.9123	0.2835	0.195
0.9122	0.2841	0.1958
0.9161	0.284	0.1874
0.9184	0.283	0.1846
0.9186	0.2814	0.1921
0.9167	0.2833	0.1964
0.9146	0.2842	0.2008
0.9133	0.2845	0.2072
0.9132	0.2854	0.2003
0.9155	0.2809	0.1954
0.9171	0.2793	0.1962
0.9172	0.283	0.1885
0.9172	0.2825	0.1866
0.9144	0.2818	0.1898
0.9123	0.2819	0.1922
0.9143	0.2821	0.1952
0.9151	0.2882	0.194
0.9148	0.2926	0.1953
0.9174	0.2858	0.1956
0.9193	0.2755	0.192
0.9186	0.2747	0.1913
0.9135	0.2856	0.192
0.9092	0.2911	0.197
0.9124	0.2819	0.2002
0.9162	0.2764	0.1933
0.9183	0.2775	0.1868
0.9185	0.2773	0.1855
0.9159	0.281	0.1865
0.9163	0.2844	0.1924
0.917	0.2859	0.1982
0.9162	0.2878	0.1984
0.9152	0.2871	0.1996
0.9126	0.2862	0.2008
0.9132	0.2852	0.198
0.9165	0.284	0.1956
0.9181	0.2812	0.1933
0.9174	0.2789	0.1922
0.9158	0.2822	0.1923
0.9155	0.284	0.1917
0.9145	0.2833	0.1908
0.9134	0.2821	0.1853
0.9133	0.2784	0.1854
0.9135	0.2782	0.1952
0.9146	0.282	0.1971
0.9145	0.2858	0.1934
0.9152	0.2862	0.1939
0.918	0.2821	0.1946
0.9175	0.2814	0.1928
0.9168	0.2853	0.1946
0.9185	0.287	0.2013
0.9177	0.2866	0.2022
0.9155	0.285	0.197
0.9139	0.2803	0.195
0.9171	0.2725	0.1817
0.9155	0.2786	0.1829
0.9147	0.2864	0.1933
0.9159	0.2899	0.1975
0.9153	0.2835	0.1967
0.9106	0.2815	0.1995
0.9093	0.2844	0.2001
0.9144	0.2824	0.1959
0.9185	0.2806	0.191
0.9195	0.2814	0.1854
0.9177	0.2824	0.1867
0.9132	0.2839	0.1952
0.9131	0.2842	0.1957
0.917	0.2838	0.1872
0.9191	0.2826	0.1843
0.9191	0.2809	0.1917
0.917	0.2828	0.1961
0.9147	0.2837	0.2005
0.9132	0.284	0.2069
0.913	0.2851	0.2001
0.9152	0.2807	0.1953
0.9167	0.2792	0.1961
0.9168	0.283	0.1885
0.9168	0.2826	0.1867
0.9141	0.2819	0.1899
0.912	0.282	0.1923
0.9142	0.2823	0.1954
0.915	0.2884	0.1942
0.9148	0.2927	0.1954
0.9175	0.2859	0.1957
0.9194	0.2756	0.192
0.9187	0.2747	0.1913
0.9136	0.2856	0.192
0.9093	0.2911	0.197
0.9125	0.2819	0.2002
0.9163	0.2763	0.1932
0.9184	0.2774	0.1867
0.9186	0.2772	0.1854
0.9159	0.2809	0.1865
0.9163	0.2844	0.1924
0.917	0.2858	0.1981
0.9161	0.2878	0.1984
0.9151	0.2871	0.1996
0.9126	0.2862	0.2008
0.9131	0.2852	0.198
0.9164	0.284	0.1957
0.9181	0.2813	0.1933
0.9174	0.2789	0.1922
0.9158	0.2822	0.1923
0.9155	0.2841	0.1917
0.9145	0.2833	0.1908
0.9134	0.2821	0.1853
0.9133	0.2784	0.1854
0.9135	0.2782	0.1952
0.9146	0.282	0.1971
0.9145	0.2858	0.1934
0.9152	0.2862	0.1939
0.918	0.2821	0.1946
0.9175	0.2814	0.1928
0.9168	0.2853	0.1946
0.9185	0.287	0.2013
0.9177	0.2866	0.2022
0.9155	0.285	0.197
0.9139	0.2803	0.195
0.9127	0.2773	0.1939
0.9149	0.2793	0.1881
0.9182	0.2813	0.1826
0.9175	0.2831	0.1852
0.9155	0.2839	0.191
0.915	0.284	0.1921
0.9156	0.2867	0.1889
0.9162	0.2858	0.1905
0.9162	0.2803	0.2026
0.9134	0.2765	0.2075
0.9081	0.2786	0.1991
0.907	0.2868	0.1982
0.9114	0.2906	0.2036
0.9174	0.2872	0.2026
0.9214	0.2835	0.1958
0.9228	0.2811	0.1861
0.9234	0.2801	0.1788
0.9195	0.2795	0.179
0.9146	0.2794	0.1873
0.9152	0.2817	0.1916
0.9136	0.2837	0.1858
0.9122	0.2828	0.1887
0.9147	0.2833	0.2023
0.914	0.2869	0.2057
0.9144	0.2867	0.1986
0.915	0.2809	0.1947
0.9134	0.2773	0.1944
0.9145	0.2814	0.1919
0.9173	0.2886	0.191
0.9194	0.2899	0.1927
0.9179	0.2843	0.1941
0.9148	0.2802	0.197
0.9142	0.2821	0.1979
0.9138	0.2847	0.1977
0.9148	0.2835	0.1977
0.9156	0.2783	0.1954
0.9139	0.2745	0.1941
0.9127	0.2772	0.1921
0.9132	0.2806	0.1895
0.9171	0.2813	0.1873
0.9195	0.2833	0.1845
0.9181	0.2872	0.188
0.9177	0.2893	0.1968
0.9172	0.2876	0.1995
0.9155	0.2868	0.1918
0.9145	0.2858	0.1892
0.9141	0.2819	0.198
0.9153	0.2821	0.1974
0.9155	0.2861	0.1924
0.9147	0.2859	0.1941
0.9155	0.2801	0.1937
0.9156	0.277	0.1944
0.9161	0.2798	0.1958
0.9155	0.2795	0.1946
0.9119	0.2806	0.1916
0.9115	0.283	0.1902
0.9149	0.2812	0.1969
0.9178	0.2831	0.1999
0.9191	0.2836	0.1968
0.9193	0.282	0.196
0.9176	0.284	0.1915
0.9141	0.2833	0.1893
0.9135	0.2839	0.1919
0.9152	0.2851	0.1907
0.9074	0.2829	0.2124
0.9144	0.2843	0.1924
0.9202	0.2851	0.1795
0.9206	0.2854	0.1793
0.9186	0.2849	0.1852
0.9176	0.2838	0.188
0.9174	0.2855	0.1871
0.917	0.2839	0.1909
0.9162	0.278	0.205
0.9126	0.2741	0.211
0.9069	0.2764	0.2032
0.9056	0.2849	0.2022
0.9099	0.2892	0.2071
0.916	0.2864	0.2052
0.9204	0.2832	0.1973
0.922	0.2812	0.1866
0.923	0.2807	0.1783
0.9195	0.2803	0.1778
0.9149	0.2803	0.1855
0.9156	0.2827	0.1895
0.9141	0.2846	0.1836
0.9129	0.2836	0.1867
0.9153	0.2839	0.2006
0.9146	0.2873	0.2044
0.9148	0.2869	0.1978
0.9153	0.2809	0.1944
0.9136	0.2772	0.1945
0.9146	0.2812	0.1923
0.9172	0.2883	0.1917
0.9192	0.2896	0.1936
0.9176	0.2839	0.195
0.9146	0.2798	0.1978
0.914	0.2818	0.1987
0.9135	0.2845	0.1983
0.9146	0.2833	0.1982
0.9154	0.2783	0.1957
0.9138	0.2745	0.1941
0.9126	0.2772	0.1921
0.9132	0.2807	0.1893
0.9171	0.2814	0.187
0.9196	0.2835	0.1842
0.9181	0.2873	0.1877
0.9178	0.2894	0.1965
0.9173	0.2877	0.1993
0.9156	0.2868	0.1916
0.9145	0.2859	0.189
0.9142	0.2819	0.1979
0.9154	0.282	0.1974
0.9155	0.2861	0.1924
0.9147	0.2859	0.1941
0.9155	0.28	0.1938
0.9156	0.277	0.1946
0.916	0.2797	0.1959
0.9154	0.2795	0.1947
0.9119	0.2806	0.1917
0.9115	0.283	0.1902
0.9149	0.2812	0.1969
0.9177	0.2831	0.1999
0.9191	0.2836	0.1968
0.9193	0.282	0.1959
0.9176	0.284	0.1914
0.9141	0.2833	0.1892
0.9136	0.2839	0.1919
0.9153	0.2851	0.1906
0.9149	0.2831	0.1909
0.9147	0.2844	0.1943
0.9152	0.285	0.1947
0.9153	0.2844	0.1939
0.9141	0.2848	0.1961
0.9132	0.2826	0.1966
0.9159	0.2827	0.1892
0.9189	0.2831	0.1846
0.9185	0.2822	0.1899
0.916	0.2837	0.1957
0.9152	0.2823	0.1986
0.9184	0.2797	0.1969
0.9193	0.2796	0.192
0.9147	0.2795	0.1935
0.9106	0.2837	0.1998
0.9096	0.2876	0.2012
0.9106	0.2847	0.1946
0.9138	0.2831	0.1917
0.9176	0.282	0.1955
0.9194	0.2752	0.1937
0.9194	0.2723	0.1914
0.9182	0.2813	0.1905
0.9161	0.2924	0.1882
0.9155	0.2933	0.1912
0.9156	0.2867	0.1937
0.9144	0.2812	0.1927
0.9146	0.2788	0.191
0.9171	0.2773	0.1914
0.9176	0.28	0.195
0.9159	0.2963	0.193
0.9181	0.3127	0.191
0.92	0.3017	0.1898
0.9142	0.271	0.186
0.9073	0.2509	0.1959
0.9033	0.2542	0.2073
0.9043	0.2676	0.2062
0.9143	0.2753	0.2072
0.9211	0.2811	0.2043
0.9192	0.2882	0.1947
0.9211	0.2928	0.1914
0.925	0.2965	0.1908
0.9239	0.3002	0.1875
0.9211	0.3018	0.182
0.9162	0.2967	0.1786
0.9133	0.2879	0.1814
0.9129	0.2805	0.1855
0.909	0.2736	0.1926
0.9063	0.2708	0.1992
0.9093	0.2721	0.2005
0.9175	0.2742	0.2024
0.9232	0.2773	0.1983
0.9187	0.2786	0.1933
0.9126	0.2802	0.197
0.911	0.2826	0.1965
0.9129	0.2822	0.1941
0.9147	0.2814	0.1912
0.9155	0.2834	0.1846
0.9209	0.2853	0.1938
0.9209	0.2791	0.2167
0.9146	0.2724	0.2227
0.9151	0.2864	0.1927
0.9176	0.3086	0.1568
0.9229	0.3135	0.1518
0.9297	0.3095	0.1667
