1.007	-0.07778	-0.1979
0.9995	-0.07269	-0.2096
0.9896	-0.07633	-0.203
0.9892	-0.07775	-0.1892
0.9985	-0.07476	-0.1849
1.009	-0.07905	-0.1853
1.017	-0.07985	-0.1938
1.019	-0.08273	-0.1949
1.012	-0.08393	-0.1835
1.006	-0.08546	-0.1816
1.015	-0.09219	-0.1866
1.022	-0.08572	-0.1924
1.023	-0.07593	-0.1945
1.016	-0.06881	-0.1923
1.005	-0.0629	-0.1912
1.005	-0.06588	-0.187
1.01	-0.07099	-0.1841
1.012	-0.07827	-0.186
1.016	-0.08462	-0.1918
1.013	-0.08852	-0.1949
1.009	-0.08889	-0.1895
1.009	-0.08275	-0.1893
1.008	-0.0804	-0.1914
1.008	-0.07569	-0.1898
1.009	-0.07029	-0.1909
1.013	-0.07222	-0.1903
1.019	-0.07224	-0.1903
1.019	-0.07496	-0.1926
1.016	-0.07948	-0.1926
1.013	-0.08178	-0.1918
1.01	-0.08503	-0.1908
1.007	-0.08268	-0.1924
1.007	-0.07761	-0.1929
1.008	-0.07714	-0.1893
1.006	-0.07882	-0.1873
1.007	-0.07833	-0.1868
1.011	-0.07898	-0.191
1.017	-0.0836	-0.1975
1.017	-0.08536	-0.1987
1.003	-0.08684	-0.1941
1	-0.0878	-0.1818
1.011	-0.07833	-0.1768
1.011	-0.0673	-0.1854
1.008	-0.06659	-0.1862
1.011	-0.07102	-0.1842
1.015	-0.07451	-0.189
1.019	-0.07957	-0.1935
1.02	-0.08374	-0.1998
1.02	-0.08018	-0.2007
1.022	-0.07747	-0.1966
1.017	-0.07903	-0.1951
1.008	-0.07626	-0.1904
1.004	-0.07689	-0.1874
1.007	-0.08377	-0.187
1.009	-0.08641	-0.1881
1.006	-0.08435	-0.1916
1.009	-0.07997	-0.1909
1.008	-0.07591	-0.1906
1.005	-0.07575	-0.1862
1.008	-0.07745	-0.1819
1.009	-0.07864	-0.191
1.006	-0.07876	-0.195
1.008	-0.07626	-0.1926
1.013	-0.07381	-0.1942
1.016	-0.07614	-0.1907
1.014	-0.0793	-0.1851
1.011	-0.08019	-0.1829
1.013	-0.08055	-0.1856
1.018	-0.08061	-0.1911
1.018	-0.08079	-0.1941
1.015	-0.07967	-0.1978
1.014	-0.07944	-0.1982
1.014	-0.07966	-0.1925
1.012	-0.07785	-0.19
1.01	-0.07908	-0.1916
1.008	-0.08036	-0.1907
1.006	-0.07916	-0.187
1.006	-0.07723	-0.1835
1.006	-0.07348	-0.1837
1.007	-0.07441	-0.1893
1.008	-0.0788	-0.1924
1.011	-0.08022	-0.1917
1.015	-0.08014	-0.1953
1.016	-0.07962	-0.1967
1.016	-0.08049	-0.1932
1.012	-0.08165	-0.1885
1.008	-0.08071	-0.1858
1.01	-0.07813	-0.1906
0.9973	-0.08305	-0.198
1.009	-0.07781	-0.1876
1.02	-0.07328	-0.1833
1.022	-0.07335	-0.1848
1.02	-0.07657	-0.1863
1.017	-0.07848	-0.1879
1.013	-0.08192	-0.1896
1.009	-0.08009	-0.1935
1.008	-0.0757	-0.1958
1.008	-0.07593	-0.1934
1.006	-0.07826	-0.1917
1.006	-0.07832	-0.191
1.009	-0.07937	-0.1946
1.015	-0.08426	-0.2001
1.015	-0.08616	-0.2003
1.001	-0.08766	-0.1946
0.9988	-0.08856	-0.1813
1.01	-0.07897	-0.1755
1.011	-0.06778	-0.1836
1.008	-0.06689	-0.1841
1.011	-0.07115	-0.1821
1.016	-0.0745	-0.1871
1.02	-0.07945	-0.1919
1.021	-0.08354	-0.1986
1.02	-0.07993	-0.2
1.022	-0.07722	-0.1963
1.018	-0.07879	-0.1952
1.008	-0.07606	-0.1909
1.005	-0.07675	-0.1881
1.008	-0.08368	-0.1878
1.008	-0.08638	-0.189
1.006	-0.08437	-0.1925
1.009	-0.08003	-0.1917
1.008	-0.076	-0.1912
1.004	-0.07586	-0.1865
1.008	-0.07756	-0.1822
1.009	-0.07874	-0.191
1.006	-0.07885	-0.1949
1.008	-0.07633	-0.1923
1.013	-0.07386	-0.1939
1.016	-0.07617	-0.1904
1.014	-0.0793	-0.1848
1.012	-0.08017	-0.1827
1.013	-0.08052	-0.1853
1.018	-0.08057	-0.191
1.018	-0.08075	-0.194
1.015	-0.07963	-0.1977
1.014	-0.07941	-0.1982
1.014	-0.07963	-0.1926
1.012	-0.07782	-0.1901
1.01	-0.07907	-0.1917
1.008	-0.08036	-0.1909
1.006	-0.07916	-0.1871
1.006	-0.07723	-0.1836
1.006	-0.07349	-0.1837
1.007	-0.07443	-0.1894
1.008	-0.07882	-0.1925
1.011	-0.08023	-0.1917
1.015	-0.08016	-0.1952
1.016	-0.07963	-0.1967
1.016	-0.0805	-0.1931
1.012	-0.08165	-0.1885
1.008	-0.08071	-0.1858
1.01	-0.07813	-0.1906
1.01	-0.07576	-0.1918
1.008	-0.0764	-0.1862
1.01	-0.07826	-0.1863
1.013	-0.08091	-0.1883
1.017	-0.08269	-0.1899
1.017	-0.07997	-0.1928
1.011	-0.07705	-0.1947
1.01	-0.07597	-0.1956
1.012	-0.07587	-0.1905
1.01	-0.07659	-0.185
1.006	-0.07658	-0.1867
1.008	-0.07819	-0.1911
1.016	-0.08046	-0.1956
1.019	-0.07999	-0.1957
1.018	-0.08051	-0.1934
1.017	-0.0828	-0.1932
1.008	-0.08171	-0.1918
1.001	-0.07694	-0.1892
1.002	-0.07424	-0.1823
1.002	-0.0774	-0.1769
1.003	-0.0817	-0.1802
1.008	-0.0823	-0.1841
1.015	-0.08198	-0.1949
1.023	-0.08165	-0.2109
1.024	-0.07941	-0.2093
1.016	-0.07536	-0.1933
1.012	-0.07275	-0.186
1.01	-0.0748	-0.1882
1.007	-0.07653	-0.1824
1.004	-0.07717	-0.1772
1.005	-0.08065	-0.1829
1.012	-0.08192	-0.1892
1.018	-0.0785	-0.1991
1.015	-0.07362	-0.2012
1.009	-0.07363	-0.1917
1.007	-0.08038	-0.1887
1.012	-0.08407	-0.1849
1.016	-0.08312	-0.1838
1.012	-0.08248	-0.1915
1.01	-0.08189	-0.1936
1.009	-0.08101	-0.1922
1.011	-0.07787	-0.196
1.014	-0.07494	-0.2009
1.011	-0.07502	-0.1969
1.011	-0.07619	-0.1877
1.013	-0.07973	-0.1823
1.014	-0.08093	-0.1835
1.013	-0.07832	-0.1906
1.002	-0.07893	-0.1916
0.9965	-0.07852	-0.1841
1.009	-0.07695	-0.1805
1.018	-0.07846	-0.186
1.019	-0.07866	-0.1929
1.018	-0.08015	-0.1943
1.014	-0.08159	-0.1963
1.012	-0.07889	-0.2002
1.01	-0.07618	-0.2025
1.011	-0.07475	-0.1982
1.012	-0.07646	-0.1881
1.005	-0.07873	-0.1818
0.9985	-0.07984	-0.1795
0.9998	-0.08217	-0.1797
1.012	-0.08089	-0.1818
1.021	-0.07829	-0.1857
1.027	-0.07633	-0.2074
1.017	-0.07907	-0.1942
1.012	-0.0813	-0.1897
1.01	-0.08332	-0.1892
1.012	-0.08399	-0.1897
1.011	-0.08009	-0.1922
1.005	-0.07614	-0.1942
1.005	-0.07432	-0.1952
1.008	-0.07382	-0.1903
1.008	-0.07446	-0.1851
1.005	-0.07464	-0.1868
1.008	-0.07665	-0.1912
1.017	-0.07943	-0.1956
1.021	-0.07951	-0.1956
1.021	-0.08056	-0.1932
1.019	-0.08329	-0.1929
1.011	-0.08253	-0.1913
1.003	-0.07796	-0.1887
1.003	-0.07535	-0.1818
1.003	-0.07847	-0.1764
1.003	-0.08264	-0.1799
1.008	-0.08304	-0.1838
1.014	-0.08249	-0.1947
1.023	-0.08192	-0.2109
1.023	-0.07945	-0.2094
1.015	-0.07521	-0.1934
1.011	-0.07244	-0.1861
1.009	-0.0744	-0.1885
1.006	-0.07608	-0.1826
1.004	-0.07672	-0.1774
1.005	-0.08024	-0.1831
1.012	-0.08158	-0.1894
1.018	-0.07824	-0.1992
1.016	-0.07346	-0.2012
1.009	-0.07356	-0.1917
1.007	-0.0804	-0.1886
1.013	-0.08415	-0.1848
1.016	-0.08325	-0.1837
1.013	-0.08264	-0.1914
1.01	-0.08205	-0.1935
1.009	-0.08117	-0.1921
1.011	-0.07801	-0.196
1.014	-0.07505	-0.2008
1.011	-0.07509	-0.1969
1.011	-0.07623	-0.1877
1.013	-0.07974	-0.1823
1.014	-0.08092	-0.1835
1.013	-0.07828	-0.1906
1.002	-0.07888	-0.1916
0.9964	-0.07846	-0.1842
1.009	-0.07689	-0.1805
1.017	-0.07841	-0.186
1.019	-0.07862	-0.1929
1.018	-0.08011	-0.1944
1.014	-0.08157	-0.1963
1.012	-0.07888	-0.2002
1.01	-0.07618	-0.2025
1.011	-0.07477	-0.1982
1.012	-0.07648	-0.1881
1.005	-0.07875	-0.1818
0.9985	-0.07986	-0.1794
0.9998	-0.08219	-0.1796
1.012	-0.08091	-0.1818
1.021	-0.07831	-0.1857
1.019	-0.07836	-0.1925
1.021	-0.07908	-0.1977
1.021	-0.0811	-0.2011
1.015	-0.08085	-0.1997
1.011	-0.07796	-0.1935
1.006	-0.07761	-0.1906
1.003	-0.07906	-0.1902
1.003	-0.07899	-0.1887
1.001	-0.07727	-0.1866
1.002	-0.07628	-0.1867
1.009	-0.07685	-0.1867
1.018	-0.07859	-0.1871
1.022	-0.07994	-0.1929
1.018	-0.0786	-0.1962
1.017	-0.0779	-0.1952
1.016	-0.07917	-0.1968
1.013	-0.07874	-0.1939
1.008	-0.07846	-0.186
1.003	-0.07902	-0.1808
1.004	-0.07818	-0.1769
1.006	-0.0787	-0.1794
1.007	-0.07968	-0.1896
1.011	-0.07832	-0.1924
1.013	-0.07829	-0.1927
1.015	-0.08037	-0.202
1.016	-0.08084	-0.2042
1.017	-0.07972	-0.1963
1.016	-0.07946	-0.1936
1.013	-0.07998	-0.1906
1.011	-0.07985	-0.1854
1.011	-0.07906	-0.1872
1.01	-0.07607	-0.1875
1.009	-0.07305	-0.1861
1.007	-0.07549	-0.1897
1.007	-0.07974	-0.1898
1.008	-0.0811	-0.1878
1.009	-0.0804	-0.1868
1.011	-0.07907	-0.1879
1.011	-0.07908	-0.1929
1.012	-0.0786	-0.1926
1.014	-0.07751	-0.1902
1.015	-0.07802	-0.1914
1.015	-0.07921	-0.1933
1.013	-0.08015	-0.1952
1.014	-0.07948	-0.1938
1.013	-0.0794	-0.1943
1.01	-0.08032	-0.194
1.008	-0.07902	-0.187
1.008	-0.07676	-0.1848
1.007	-0.07532	-0.1852
1.007	-0.07707	-0.1831
1.008	-0.0793	-0.186
1.012	-0.0792	-0.1908
1.013	-0.08157	-0.1912
1.013	-0.08224	-0.191
1.015	-0.07892	-0.1921
1.016	-0.07776	-0.1936
1.015	-0.07655	-0.1981
1.014	-0.07572	-0.2022
1.012	-0.0793	-0.1979
1.009	-0.08174	-0.1858
1.008	-0.08031	-0.1784
1.009	-0.07912	-0.1832
1.008	-0.07741	-0.1855
1.001	-0.08435	-0.1933
1.011	-0.07635	-0.193
1.017	-0.07489	-0.1941
1.016	-0.07447	-0.1926
1.015	-0.07328	-0.1876
1.011	-0.0754	-0.1866
1.009	-0.07936	-0.1884
1.008	-0.08138	-0.1888
1.006	-0.08109	-0.1884
1.005	-0.08081	-0.1896
1.011	-0.0814	-0.1902
1.019	-0.08262	-0.1907
1.021	-0.08303	-0.1963
1.016	-0.08056	-0.199
1.015	-0.07867	-0.1973
1.014	-0.07884	-0.198
1.011	-0.0775	-0.1942
1.006	-0.07656	-0.1857
1.001	-0.07674	-0.1799
1.002	-0.07579	-0.1756
1.005	-0.07644	-0.1779
1.007	-0.07773	-0.188
1.011	-0.07681	-0.1909
1.013	-0.0773	-0.1915
1.015	-0.0799	-0.201
1.017	-0.08085	-0.2036
1.017	-0.08012	-0.1961
1.017	-0.08017	-0.1936
1.014	-0.08088	-0.1909
1.012	-0.08083	-0.1858
1.011	-0.08002	-0.1878
1.01	-0.07693	-0.1882
1.009	-0.07375	-0.1867
1.006	-0.076	-0.1902
1.007	-0.08004	-0.1902
1.008	-0.08121	-0.1881
1.009	-0.08034	-0.187
1.011	-0.07888	-0.188
1.01	-0.07879	-0.1928
1.011	-0.07826	-0.1924
1.014	-0.07716	-0.19
1.015	-0.07768	-0.1911
1.015	-0.07893	-0.1931
1.013	-0.07993	-0.195
1.014	-0.07933	-0.1936
1.013	-0.07933	-0.1942
1.01	-0.08031	-0.1939
1.008	-0.07907	-0.187
1.008	-0.07685	-0.1848
1.007	-0.07543	-0.1852
1.007	-0.0772	-0.1832
1.008	-0.07943	-0.1861
1.012	-0.07932	-0.1908
1.013	-0.08166	-0.1913
1.013	-0.0823	-0.1911
1.015	-0.07896	-0.1921
1.016	-0.07778	-0.1936
1.015	-0.07654	-0.1981
1.014	-0.0757	-0.2022
1.012	-0.07926	-0.1979
1.009	-0.08169	-0.1858
1.008	-0.08026	-0.1784
1.009	-0.07907	-0.1832
1.008	-0.07737	-0.1854
1.009	-0.07582	-0.185
1.01	-0.07633	-0.1942
1.008	-0.07594	-0.1978
1.007	-0.07692	-0.1944
1.011	-0.08193	-0.1949
1.014	-0.08676	-0.1905
1.015	-0.08537	-0.1877
1.016	-0.07746	-0.1899
1.014	-0.07379	-0.1887
1.01	-0.0762	-0.1879
1.008	-0.07678	-0.1875
1.009	-0.07809	-0.1885
1.013	-0.07953	-0.1907
1.014	-0.07666	-0.1906
1.011	-0.07541	-0.1927
1.01	-0.07741	-0.1934
1.01	-0.07884	-0.1898
1.009	-0.08165	-0.1889
1.011	-0.08425	-0.1884
1.012	-0.08312	-0.1886
1.01	-0.08011	-0.1932
1.011	-0.07734	-0.1949
1.013	-0.07622	-0.1931
1.012	-0.07677	-0.1913
1.011	-0.07991	-0.1891
1.01	-0.08295	-0.1887
1.01	-0.07947	-0.189
1.009	-0.07378	-0.1876
1.008	-0.07253	-0.1884
1.008	-0.07554	-0.1935
1.009	-0.0785	-0.1964
1.013	-0.07883	-0.1932
1.015	-0.08143	-0.1908
1.015	-0.08388	-0.1918
1.016	-0.08221	-0.1913
1.015	-0.07961	-0.188
1.012	-0.07664	-0.1857
1.011	-0.07697	-0.1857
1.009	-0.07872	-0.1822
1.008	-0.07784	-0.1805
1.008	-0.07843	-0.189
1.007	-0.07828	-0.1935
1.008	-0.0775	-0.1921
1.012	-0.07924	-0.1975
1.016	-0.08058	-0.202
1.014	-0.08095	-0.1976
1.012	-0.08007	-0.1912
1.01	-0.07872	-0.1915
1.01	-0.07681	-0.1923
1.012	-0.07518	-0.1891
1.012	-0.07714	-0.1887
1.011	-0.07746	-0.1871
1.01	-0.07671	-0.1872
1.011	-0.08033	-0.1895
1.012	-0.08326	-0.1894
1.011	-0.0842	-0.1909
1.011	-0.08166	-0.1875
1.011	-0.07472	-0.1851
1.011	-0.07351	-0.1893
1.01	-0.07686	-0.1888
1.01	-0.07649	-0.1903
1.013	-0.07791	-0.1924
1.016	-0.0834	-0.1894
1.014	-0.08421	-0.1909
1.011	-0.07738	-0.1916
1.011	-0.07717	-0.1965
1.007	-0.07613	-0.1976
1.006	-0.07659	-0.1931
1.009	-0.08122	-0.1932
1.012	-0.08579	-0.1889
1.013	-0.0843	-0.1864
1.014	-0.07639	-0.1889
1.012	-0.07283	-0.1881
1.009	-0.07542	-0.1876
1.008	-0.07622	-0.1874
1.009	-0.07777	-0.1885
1.014	-0.07942	-0.1907
1.015	-0.07676	-0.1906
1.012	-0.07565	-0.1927
1.011	-0.07776	-0.1934
1.011	-0.07925	-0.1897
1.01	-0.08208	-0.1888
1.011	-0.08465	-0.1882
1.012	-0.08346	-0.1885
1.01	-0.08037	-0.193
1.012	-0.07751	-0.1948
1.013	-0.07631	-0.1931
1.012	-0.07678	-0.1913
1.011	-0.07985	-0.1891
1.01	-0.08284	-0.1887
1.01	-0.07933	-0.189
1.009	-0.07363	-0.1877
1.008	-0.07238	-0.1885
1.008	-0.07541	-0.1936
1.009	-0.0784	-0.1965
1.013	-0.07875	-0.1933
1.015	-0.08139	-0.1908
1.015	-0.08387	-0.1918
1.016	-0.08222	-0.1913
1.015	-0.07964	-0.188
1.013	-0.07668	-0.1857
1.011	-0.07702	-0.1857
1.009	-0.07878	-0.1821
1.008	-0.07789	-0.1805
1.008	-0.07847	-0.189
1.007	-0.07831	-0.1935
1.008	-0.07752	-0.1921
1.012	-0.07925	-0.1975
1.016	-0.08058	-0.202
1.014	-0.08094	-0.1976
1.012	-0.08006	-0.1912
1.01	-0.0787	-0.1916
1.01	-0.07679	-0.1923
1.012	-0.07516	-0.1891
1.012	-0.07712	-0.1887
1.011	-0.07745	-0.1872
1.01	-0.0767	-0.1872
1.011	-0.08033	-0.1895
1.012	-0.08326	-0.1894
1.011	-0.08421	-0.1909
1.011	-0.08167	-0.1875
1.011	-0.07472	-0.1851
1.011	-0.07352	-0.1893
1.01	-0.07687	-0.1888
1.01	-0.0765	-0.1903
1.013	-0.07791	-0.1924
1.016	-0.0834	-0.1894
1.014	-0.08422	-0.1908
1.013	-0.07968	-0.194
1.008	-0.07764	-0.1938
1.006	-0.07765	-0.1918
1.009	-0.07589	-0.1924
1.01	-0.07515	-0.1951
1.01	-0.07801	-0.1944
1.011	-0.08293	-0.1947
1.011	-0.08404	-0.1926
1.013	-0.07846	-0.1835
1.013	-0.07502	-0.1805
1.013	-0.07734	-0.1866
1.013	-0.07805	-0.1907
1.011	-0.07811	-0.1894
1.009	-0.07951	-0.1848
1.009	-0.078	-0.1843
1.011	-0.07699	-0.1917
1.012	-0.07851	-0.1959
1.011	-0.07867	-0.1946
1.011	-0.07975	-0.1946
1.011	-0.08223	-0.1917
1.008	-0.08173	-0.1899
1.008	-0.0778	-0.1942
1.011	-0.07603	-0.1951
1.014	-0.0791	-0.1919
1.015	-0.07952	-0.1873
1.012	-0.07747	-0.1859
1.01	-0.07824	-0.1911
1.012	-0.07803	-0.1925
1.013	-0.07803	-0.1893
1.012	-0.07872	-0.1878
1.011	-0.07794	-0.1869
1.01	-0.07948	-0.1863
1.012	-0.08145	-0.1881
1.012	-0.0824	-0.1925
1.011	-0.08212	-0.1952
1.01	-0.07796	-0.1939
1.01	-0.07534	-0.1921
1.01	-0.07633	-0.1897
1.007	-0.0763	-0.1858
1.005	-0.07608	-0.1841
1.011	-0.0774	-0.1875
1.014	-0.07835	-0.193
1.014	-0.07777	-0.1955
1.015	-0.07788	-0.1949
1.013	-0.08061	-0.1938
1.011	-0.08366	-0.1909
1.013	-0.0827	-0.1894
1.012	-0.07953	-0.1923
1.009	-0.07884	-0.1923
1.007	-0.07777	-0.1889
1.008	-0.07617	-0.1885
1.012	-0.07696	-0.1889
1.014	-0.07582	-0.1889
1.013	-0.07592	-0.1898
1.013	-0.08163	-0.1896
1.013	-0.08379	-0.1887
1.013	-0.08145	-0.1866
1.014	-0.08003	-0.1863
1.011	-0.07749	-0.1918
1.007	-0.07678	-0.1944
1.006	-0.07795	-0.192
1.006	-0.07609	-0.1946
1.008	-0.07659	-0.1948
1.013	-0.07998	-0.1867
1.02	-0.08014	-0.1852
1.014	-0.07998	-0.1885
1.01	-0.08036	-0.1892
1.012	-0.07812	-0.1918
1.012	-0.07652	-0.1959
1.011	-0.07844	-0.1959
1.011	-0.08257	-0.1966
1.011	-0.08311	-0.1946
1.012	-0.07721	-0.1852
1.012	-0.07372	-0.1819
1.012	-0.07617	-0.1875
1.012	-0.07715	-0.1911
1.01	-0.07756	-0.1894
1.008	-0.07934	-0.1845
1.009	-0.07817	-0.1837
1.011	-0.07744	-0.191
1.012	-0.07916	-0.1952
1.011	-0.07942	-0.1939
1.011	-0.08052	-0.194
1.012	-0.08294	-0.1912
1.009	-0.08232	-0.1896
1.008	-0.07823	-0.194
1.012	-0.07629	-0.1951
1.014	-0.07919	-0.192
1.015	-0.07946	-0.1875
1.012	-0.07728	-0.1862
1.011	-0.07796	-0.1914
1.012	-0.0777	-0.1928
1.012	-0.07768	-0.1896
1.012	-0.07839	-0.188
1.011	-0.07765	-0.1871
1.01	-0.07926	-0.1864
1.012	-0.0813	-0.1881
1.012	-0.08231	-0.1925
1.011	-0.0821	-0.1951
1.01	-0.078	-0.1938
1.01	-0.07542	-0.192
1.01	-0.07643	-0.1896
1.007	-0.07642	-0.1857
1.006	-0.0762	-0.184
1.011	-0.07751	-0.1874
1.014	-0.07844	-0.193
1.014	-0.07784	-0.1955
1.015	-0.07792	-0.1949
1.013	-0.08063	-0.1938
1.011	-0.08365	-0.191
1.013	-0.08268	-0.1895
1.012	-0.07949	-0.1923
1.009	-0.07879	-0.1923
1.007	-0.07773	-0.1889
1.008	-0.07613	-0.1885
1.012	-0.07692	-0.1889
1.014	-0.07579	-0.1889
1.013	-0.0759	-0.1898
1.013	-0.08162	-0.1896
1.013	-0.08378	-0.1887
1.013	-0.08145	-0.1866
1.014	-0.08005	-0.1863
1.011	-0.0775	-0.1918
1.007	-0.0768	-0.1944
1.006	-0.07796	-0.192
1.006	-0.07611	-0.1946
1.008	-0.07661	-0.1948
1.013	-0.07999	-0.1867
1.014	-0.07952	-0.183
1.013	-0.07905	-0.1871
1.016	-0.08252	-0.1941
1.016	-0.08287	-0.1998
1.013	-0.07766	-0.1983
1.011	-0.07586	-0.1904
1.009	-0.07723	-0.1862
1.01	-0.07536	-0.1883
1.01	-0.07444	-0.1884
1.009	-0.07621	-0.1867
1.006	-0.08052	-0.185
1.007	-0.08437	-0.1844
1.012	-0.08205	-0.191
1.015	-0.08072	-0.1955
1.011	-0.07932	-0.1937
1.009	-0.07528	-0.1935
1.01	-0.07658	-0.1908
1.012	-0.07759	-0.1887
1.015	-0.07826	-0.1898
1.013	-0.08081	-0.1904
1.014	-0.07878	-0.1931
1.016	-0.07811	-0.1919
1.013	-0.07929	-0.1888
1.008	-0.0792	-0.1907
1.004	-0.0799	-0.1953
1.004	-0.07872	-0.1974
1.008	-0.07726	-0.189
1.007	-0.07652	-0.1828
1.008	-0.07697	-0.1849
1.015	-0.07758	-0.1832
1.021	-0.07766	-0.1872
1.021	-0.08222	-0.1945
1.021	-0.08515	-0.1949
1.019	-0.08338	-0.195
1.006	-0.08073	-0.1934
0.9973	-0.07703	-0.1907
0.9986	-0.07659	-0.1833
1.003	-0.07689	-0.1761
1.01	-0.07734	-0.1816
1.013	-0.0787	-0.1928
1.015	-0.07634	-0.2098
1.023	-0.07686	-0.2164
1.021	-0.07841	-0.198
1.013	-0.07598	-0.1837
1.008	-0.0763	-0.1816
1.007	-0.07819	-0.1819
1.003	-0.07927	-0.1825
1.001	-0.07959	-0.1822
1.01	-0.08006	-0.1911
1.013	-0.08209	-0.1971
1.009	-0.08157	-0.1921
1.013	-0.07972	-0.1897
1.017	-0.07867	-0.187
1.018	-0.07877	-0.1883
1.018	-0.08042	-0.1947
1.015	-0.07897	-0.1934
1.014	-0.07806	-0.1916
1.011	-0.07901	-0.1932
1.007	-0.07735	-0.1907
1.006	-0.07769	-0.1899
1.007	-0.07804	-0.1907
1.008	-0.07723	-0.1859
1.007	-0.07917	-0.1862
1.008	-0.08029	-0.1961
1.006	-0.06893	-0.1806
1.008	-0.07563	-0.1873
1.014	-0.08348	-0.1954
1.017	-0.08613	-0.2015
1.015	-0.08172	-0.1997
1.014	-0.0797	-0.1913
1.013	-0.08026	-0.1866
1.013	-0.07729	-0.1882
1.013	-0.07524	-0.188
1.011	-0.07599	-0.186
1.008	-0.07949	-0.1842
1.008	-0.08281	-0.1837
1.012	-0.08023	-0.1904
1.014	-0.07888	-0.1951
1.01	-0.07767	-0.1935
1.008	-0.07396	-0.1935
1.009	-0.07567	-0.191
1.011	-0.07711	-0.189
1.013	-0.07819	-0.1902
1.012	-0.08109	-0.1908
1.013	-0.07933	-0.1935
1.016	-0.07883	-0.1923
1.013	-0.08009	-0.1891
1.008	-0.07999	-0.1909
1.004	-0.08062	-0.1954
1.005	-0.0793	-0.1974
1.008	-0.07768	-0.1889
1.008	-0.07677	-0.1826
1.008	-0.07705	-0.1847
1.016	-0.07752	-0.183
1.022	-0.07748	-0.1871
1.021	-0.08196	-0.1943
1.021	-0.08485	-0.1947
1.019	-0.08306	-0.1949
1.006	-0.08044	-0.1934
0.9971	-0.07678	-0.1907
0.9984	-0.0764	-0.1833
1.003	-0.07677	-0.1761
1.01	-0.07728	-0.1816
1.013	-0.07869	-0.1929
1.015	-0.07639	-0.2099
1.022	-0.07694	-0.2165
1.021	-0.07852	-0.1981
1.013	-0.07609	-0.1837
1.008	-0.07641	-0.1816
1.007	-0.07829	-0.182
1.003	-0.07935	-0.1825
1.001	-0.07965	-0.1822
1.01	-0.0801	-0.1911
1.013	-0.0821	-0.1971
1.009	-0.08156	-0.192
1.013	-0.0797	-0.1897
1.017	-0.07863	-0.187
1.018	-0.07873	-0.1882
1.018	-0.08038	-0.1947
1.015	-0.07894	-0.1934
1.014	-0.07802	-0.1916
1.011	-0.07898	-0.1932
1.007	-0.07733	-0.1907
1.006	-0.07768	-0.1899
1.006	-0.07804	-0.1907
1.008	-0.07724	-0.1859
1.007	-0.07918	-0.1862
1.008	-0.08031	-0.1961
1.011	-0.08029	-0.1972
1.011	-0.07732	-0.1873
1.011	-0.07359	-0.1842
1.01	-0.07523	-0.1884
1.011	-0.07701	-0.1902
1.014	-0.07866	-0.1891
1.014	-0.08211	-0.184
1.014	-0.08295	-0.1817
1.014	-0.08122	-0.1929
1.011	-0.08	-0.2031
1.011	-0.08006	-0.2021
1.016	-0.07848	-0.2016
1.017	-0.07746	-0.1992
1.011	-0.07853	-0.1908
1.009	-0.07768	-0.1884
1.01	-0.07841	-0.1883
1.007	-0.08047	-0.1796
1.008	-0.07969	-0.177
1.008	-0.07934	-0.1823
1.004	-0.07905	-0.1773
1.004	-0.078	-0.1771
1.011	-0.07922	-0.1917
1.024	-0.07915	-0.2004
1.027	-0.07351	-0.1977
1.018	-0.06633	-0.1928
1.009	-0.06603	-0.1968
0.9992	-0.07992	-0.2027
0.9952	-0.09818	-0.2019
1.006	-0.1029	-0.2102
1.018	-0.09679	-0.2172
1.019	-0.08234	-0.2017
1.015	-0.06514	-0.1772
1.013	-0.0618	-0.1603
1.011	-0.06113	-0.1574
1.004	-0.0602	-0.1644
1.002	-0.0718	-0.1726
1.013	-0.08179	-0.1831
1.017	-0.08592	-0.1948
1.015	-0.08804	-0.2046
1.018	-0.08618	-0.2067
1.016	-0.0869	-0.2035
1.012	-0.08595	-0.2017
1.008	-0.08157	-0.1913
1.002	-0.07915	-0.1857
1.005	-0.07785	-0.1956
1.012	-0.07695	-0.1972
1.015	-0.07653	-0.1944
1.018	-0.078	-0.1975
1.017	-0.07699	-0.195
1.012	-0.07404	-0.1885
1.006	-0.07448	-0.1819
1.005	-0.07502	-0.1789
1.004	-0.07643	-0.1835
1.006	-0.07893	-0.1862
1.015	-0.08154	-0.1854
1.019	-0.08348	-0.1905
1.016	-0.08185	-0.1932
1.014	-0.08152	-0.1882
1.008	-0.08171	-0.1873
0.9999	-0.08078	-0.1902
1.001	-0.08117	-0.1921
1.012	-0.07848	-0.1965
1.025	-0.07531	-0.198
1.026	-0.07347	-0.1907
1.012	-0.06949	-0.2106
1.011	-0.07402	-0.1874
1.009	-0.07487	-0.1782
1.007	-0.07888	-0.1808
1.007	-0.08147	-0.1837
1.009	-0.08287	-0.1849
1.009	-0.08545	-0.1825
1.01	-0.08513	-0.1826
1.01	-0.08219	-0.1954
1.008	-0.07989	-0.2066
1.01	-0.0791	-0.2059
1.016	-0.07695	-0.2051
1.018	-0.07564	-0.2019
1.012	-0.07669	-0.1926
1.011	-0.07602	-0.1891
1.012	-0.07707	-0.188
1.009	-0.07955	-0.1785
1.01	-0.0792	-0.1753
1.01	-0.07926	-0.1802
1.006	-0.07933	-0.1751
1.005	-0.07856	-0.1751
1.011	-0.07995	-0.1899
1.023	-0.07996	-0.199
1.027	-0.07431	-0.1968
1.017	-0.06705	-0.1925
1.008	-0.06662	-0.1969
0.9983	-0.08034	-0.2032
0.9944	-0.09843	-0.2026
1.006	-0.103	-0.2111
1.017	-0.09672	-0.2182
1.019	-0.08215	-0.2026
1.015	-0.06487	-0.1781
1.013	-0.06149	-0.161
1.011	-0.06081	-0.1579
1.004	-0.0599	-0.1647
1.002	-0.07154	-0.1727
1.013	-0.08159	-0.1831
1.017	-0.08579	-0.1946
1.015	-0.08798	-0.2043
1.018	-0.08618	-0.2063
1.017	-0.08694	-0.2031
1.012	-0.08603	-0.2013
1.008	-0.08168	-0.1911
1.002	-0.07926	-0.1855
1.005	-0.07797	-0.1955
1.011	-0.07705	-0.1971
1.015	-0.07661	-0.1944
1.018	-0.07806	-0.1976
1.017	-0.07703	-0.1951
1.011	-0.07405	-0.1886
1.006	-0.07448	-0.182
1.005	-0.07499	-0.179
1.004	-0.07639	-0.1836
1.006	-0.07888	-0.1862
1.015	-0.0815	-0.1854
1.019	-0.08344	-0.1906
1.016	-0.08181	-0.1932
1.014	-0.0815	-0.1881
1.008	-0.08169	-0.1873
1	-0.08077	-0.1901
1.001	-0.08117	-0.192
1.012	-0.07848	-0.1965
1.025	-0.07533	-0.198
1.026	-0.07348	-0.1907
1.015	-0.07073	-0.1857
1.004	-0.07104	-0.1898
1.002	-0.07513	-0.1941
1.01	-0.08292	-0.195
1.017	-0.08655	-0.1921
1.015	-0.08015	-0.1882
1.014	-0.07717	-0.1889
1.009	-0.07969	-0.1897
1.006	-0.08104	-0.192
1.009	-0.08414	-0.1991
1.007	-0.08507	-0.1973
1.005	-0.08448	-0.1809
1.009	-0.08264	-0.1749
1.011	-0.07251	-0.1885
1.015	-0.06828	-0.1926
1.016	-0.07446	-0.1888
1.014	-0.07448	-0.1921
1.014	-0.07475	-0.1898
1.011	-0.07927	-0.1902
1.008	-0.07886	-0.1925
1.007	-0.07899	-0.1883
1.007	-0.08113	-0.192
1.016	-0.08199	-0.1952
1.021	-0.08248	-0.1945
1.016	-0.08153	-0.1958
1.013	-0.08169	-0.1921
1.01	-0.08078	-0.1885
1.007	-0.07784	-0.1854
1.005	-0.07754	-0.1844
1.002	-0.07583	-0.1885
1.007	-0.07352	-0.1896
1.019	-0.07513	-0.1914
1.02	-0.07787	-0.1918
1.016	-0.08122	-0.1919
1.017	-0.08396	-0.1941
1.014	-0.08501	-0.1885
1.008	-0.08276	-0.1857
1.004	-0.07554	-0.1897
1.004	-0.06975	-0.1895
1.004	-0.06933	-0.1925
1.004	-0.07526	-0.1959
1.007	-0.08352	-0.1926
1.011	-0.08392	-0.1886
1.016	-0.08109	-0.1872
1.019	-0.0799	-0.1893
1.019	-0.07523	-0.191
1.015	-0.07304	-0.19
1.012	-0.07744	-0.189
1.014	-0.08225	-0.1881
1.013	-0.08398	-0.1919
1.008	-0.08258	-0.1952
1.007	-0.08164	-0.1942
1.007	-0.08172	-0.1939
1.009	-0.08013	-0.1896
1.012	-0.07945	-0.1869
1.012	-0.07898	-0.1879
1.01	-0.07726	-0.1848
1.011	-0.07722	-0.1863
1.015	-0.07709	-0.1923
1.016	-0.07595	-0.1947
1.015	-0.07598	-0.195
1.012	-0.07657	-0.1944
1.009	-0.07742	-0.194
1.009	-0.07781	-0.1914
1.008	-0.06774	-0.1678
0.9991	-0.07422	-0.1861
1	-0.08056	-0.1973
1.011	-0.08819	-0.2006
1.019	-0.09035	-0.1972
1.02	-0.08199	-0.1916
1.019	-0.07709	-0.1903
1.015	-0.07806	-0.1892
1.011	-0.07836	-0.1901
1.013	-0.08095	-0.1965
1.01	-0.08189	-0.1944
1.007	-0.08171	-0.1784
1.009	-0.08054	-0.173
1.01	-0.07122	-0.1875
1.013	-0.06783	-0.1924
1.014	-0.07478	-0.1894
1.012	-0.07542	-0.1934
1.012	-0.07612	-0.1915
1.009	-0.08088	-0.1921
1.006	-0.08051	-0.1945
1.006	-0.08053	-0.19
1.006	-0.08242	-0.1934
1.015	-0.08296	-0.1962
1.021	-0.08308	-0.195
1.016	-0.08177	-0.196
1.014	-0.0816	-0.1918
1.011	-0.08042	-0.1879
1.008	-0.07728	-0.1846
1.006	-0.07687	-0.1836
1.003	-0.07513	-0.1876
1.008	-0.07285	-0.1888
1.02	-0.07454	-0.1907
1.02	-0.0774	-0.1913
1.016	-0.08089	-0.1916
1.017	-0.08378	-0.1939
1.014	-0.08496	-0.1885
1.008	-0.08283	-0.1858
1.004	-0.0757	-0.1899
1.003	-0.06997	-0.1898
1.004	-0.06958	-0.1928
1.004	-0.07552	-0.1962
1.007	-0.08375	-0.1928
1.011	-0.08411	-0.1889
1.016	-0.08123	-0.1873
1.019	-0.07999	-0.1894
1.019	-0.07528	-0.191
1.015	-0.07304	-0.19
1.012	-0.0774	-0.1889
1.014	-0.08218	-0.188
1.013	-0.0839	-0.1918
1.008	-0.08248	-0.195
1.007	-0.08155	-0.1941
1.007	-0.08164	-0.1938
1.009	-0.08007	-0.1895
1.012	-0.0794	-0.1868
1.012	-0.07896	-0.1879
1.01	-0.07725	-0.1848
1.011	-0.07723	-0.1864
1.015	-0.07711	-0.1923
1.016	-0.07598	-0.1947
1.015	-0.07602	-0.1951
1.012	-0.07661	-0.1945
1.009	-0.07745	-0.194
1.009	-0.07784	-0.1914
1.005	-0.07641	-0.1864
1.003	-0.07527	-0.1839
1.007	-0.07702	-0.1853
1.01	-0.07933	-0.1884
1.012	-0.08092	-0.1896
1.014	-0.08252	-0.1914
1.012	-0.0824	-0.1925
1.015	-0.08163	-0.1918
1.017	-0.07877	-0.1926
1.016	-0.07662	-0.1928
1.013	-0.08172	-0.1921
1.011	-0.08343	-0.1908
1.014	-0.08003	-0.1886
1.015	-0.08006	-0.1863
1.009	-0.07782	-0.1868
1.008	-0.07576	-0.194
1.009	-0.07582	-0.1975
1.008	-0.07392	-0.1933
1.009	-0.07459	-0.1917
1.01	-0.07583	-0.1895
1.008	-0.07755	-0.1868
1.007	-0.0808	-0.1878
1.01	-0.08128	-0.188
1.01	-0.08237	-0.1892
1.01	-0.08215	-0.1909
1.013	-0.08022	-0.1888
1.016	-0.08044	-0.1849
1.016	-0.07851	-0.185
1.013	-0.07753	-0.1944
1.011	-0.07825	-0.2004
1.011	-0.07732	-0.1961
1.01	-0.07829	-0.193
1.012	-0.07851	-0.19
1.014	-0.07788	-0.1883
1.013	-0.0784	-0.1902
1.012	-0.07826	-0.1886
1.008	-0.07911	-0.1874
1.007	-0.07902	-0.1877
1.009	-0.07647	-0.1895
1.009	-0.07525	-0.193
1.01	-0.07737	-0.1914
1.011	-0.07981	-0.1892
1.009	-0.08042	-0.1891
1.011	-0.08289	-0.1886
1.015	-0.08498	-0.19
1.017	-0.08254	-0.191
1.015	-0.07892	-0.1929
1.011	-0.07569	-0.1939
1.011	-0.07378	-0.1925
1.01	-0.07431	-0.1934
1.009	-0.07608	-0.1936
1.007	-0.07854	-0.1902
1.007	-0.07955	-0.1849
1.014	-0.08019	-0.1822
1.017	-0.082	-0.1858
1.015	-0.08076	-0.1915
1.012	-0.07788	-0.1942
1.01	-0.07781	-0.1928
1.011	-0.07864	-0.1897
1.011	-0.07766	-0.1874
1.006	-0.07557	-0.1889
1.004	-0.07549	-0.1961
1.006	-0.07879	-0.1978
1.01	-0.08318	-0.1874
1.019	-0.0886	-0.1993
1.013	-0.08005	-0.1874
1.014	-0.07682	-0.1838
1.013	-0.0761	-0.1848
1.012	-0.07616	-0.1858
1.012	-0.07736	-0.1884
1.009	-0.07763	-0.1908
1.011	-0.07775	-0.1913
1.013	-0.07604	-0.1932
1.012	-0.07509	-0.1942
1.01	-0.08131	-0.1938
1.009	-0.08396	-0.1926
1.013	-0.08126	-0.1902
1.014	-0.08172	-0.1875
1.01	-0.07968	-0.1875
1.009	-0.07758	-0.1943
1.01	-0.07744	-0.1973
1.009	-0.07522	-0.1927
1.011	-0.07551	-0.1908
1.012	-0.07634	-0.1884
1.009	-0.07768	-0.1857
1.008	-0.0806	-0.1868
1.01	-0.08083	-0.1872
1.011	-0.08175	-0.1886
1.01	-0.08145	-0.1905
1.012	-0.07952	-0.1887
1.016	-0.0798	-0.1849
1.016	-0.07798	-0.1853
1.013	-0.07715	-0.1948
1.011	-0.07801	-0.2009
1.01	-0.07723	-0.1966
1.009	-0.07833	-0.1934
1.011	-0.07866	-0.1904
1.014	-0.07809	-0.1886
1.013	-0.07866	-0.1904
1.012	-0.07853	-0.1887
1.009	-0.07937	-0.1874
1.007	-0.07924	-0.1877
1.009	-0.07664	-0.1894
1.01	-0.07537	-0.1929
1.01	-0.07743	-0.1912
1.011	-0.07982	-0.1891
1.009	-0.08039	-0.1889
1.011	-0.08282	-0.1885
1.015	-0.0849	-0.19
1.017	-0.08244	-0.191
1.015	-0.07882	-0.1929
1.011	-0.0756	-0.1939
1.011	-0.0737	-0.1925
1.01	-0.07426	-0.1934
1.009	-0.07605	-0.1937
1.007	-0.07853	-0.1902
1.007	-0.07956	-0.185
1.014	-0.08021	-0.1823
1.017	-0.08203	-0.1858
1.015	-0.08079	-0.1915
1.012	-0.07792	-0.1942
1.01	-0.07785	-0.1928
1.011	-0.07867	-0.1897
1.011	-0.07768	-0.1873
1.006	-0.07559	-0.1889
1.004	-0.0755	-0.1961
1.006	-0.07879	-0.1978
1.01	-0.08318	-0.1874
1.015	-0.08436	-0.1832
1.016	-0.08241	-0.1912
1.015	-0.08032	-0.1965
1.014	-0.07607	-0.1954
1.012	-0.0736	-0.1878
1.011	-0.07681	-0.1833
1.01	-0.07837	-0.1905
1.009	-0.07825	-0.1909
1.012	-0.07966	-0.1874
1.013	-0.08012	-0.1926
1.012	-0.08107	-0.1939
1.01	-0.08023	-0.1939
1.007	-0.0754	-0.1931
1.009	-0.075	-0.1885
1.01	-0.08175	-0.1893
1.01	-0.08448	-0.187
1.012	-0.07868	-0.1845
1.01	-0.07393	-0.1891
1.012	-0.07323	-0.1895
1.013	-0.07351	-0.1905
1.01	-0.07756	-0.1926
1.011	-0.08324	-0.191
1.013	-0.08521	-0.1914
1.017	-0.08312	-0.191
1.017	-0.07862	-0.1932
1.012	-0.0766	-0.197
1.01	-0.07793	-0.1944
1.008	-0.07845	-0.1898
1.007	-0.07852	-0.1863
1.01	-0.07881	-0.1856
1.01	-0.07831	-0.1839
1.01	-0.07803	-0.184
1.013	-0.07786	-0.1951
1.013	-0.07806	-0.1988
1.01	-0.08007	-0.1917
1.01	-0.08134	-0.193
1.011	-0.0809	-0.1938
1.011	-0.08049	-0.1875
1.01	-0.07786	-0.1857
1.011	-0.0753	-0.1864
1.011	-0.07544	-0.1863
1.012	-0.07473	-0.1906
1.013	-0.07717	-0.1948
1.013	-0.08197	-0.1952
1.013	-0.08155	-0.1968
1.012	-0.08055	-0.1923
1.012	-0.07998	-0.1815
1.012	-0.07827	-0.1819
1.011	-0.07876	-0.191
1.01	-0.07825	-0.1933
1.008	-0.07784	-0.1919
1.009	-0.07861	-0.1949
1.014	-0.07814	-0.1949
1.015	-0.07909	-0.1863
1.011	-0.07947	-0.1836
1.009	-0.07811	-0.1896
1.009	-0.07726	-0.1906
1.006	-0.0765	-0.1902
1.006	-0.07664	-0.1927
1.01	-0.07914	-0.1949
1.018	-0.08371	-0.1998
1.021	-0.08397	-0.1982
1.013	-0.07967	-0.1847
1.01	-0.07865	-0.1804
1.004	-0.08288	-0.1822
1.01	-0.07834	-0.1899
1.013	-0.07567	-0.1952
1.014	-0.07211	-0.1945
1.012	-0.07097	-0.1873
1.012	-0.07572	-0.1833
1.011	-0.07871	-0.191
1.01	-0.07976	-0.1918
1.012	-0.08193	-0.1885
1.013	-0.08276	-0.1939
1.012	-0.08371	-0.1951
1.01	-0.08258	-0.195
1.007	-0.07725	-0.194
1.008	-0.07623	-0.1891
1.01	-0.08233	-0.1897
1.01	-0.08444	-0.1872
1.011	-0.07814	-0.1843
1.011	-0.07301	-0.1888
1.012	-0.07207	-0.1891
1.013	-0.07226	-0.19
1.01	-0.07635	-0.192
1.011	-0.08217	-0.1905
1.014	-0.08437	-0.191
1.017	-0.08253	-0.1907
1.017	-0.0783	-0.193
1.012	-0.07654	-0.1968
1.01	-0.07808	-0.1944
1.008	-0.07877	-0.1899
1.007	-0.07896	-0.1864
1.01	-0.0793	-0.1857
1.01	-0.0788	-0.184
1.01	-0.07848	-0.1842
1.013	-0.07824	-0.1952
1.013	-0.07834	-0.199
1.01	-0.08025	-0.1918
1.01	-0.08142	-0.193
1.011	-0.08089	-0.1938
1.011	-0.0804	-0.1875
1.01	-0.07772	-0.1856
1.011	-0.07513	-0.1863
1.011	-0.07526	-0.1862
1.012	-0.07456	-0.1906
1.013	-0.07702	-0.1947
1.013	-0.08185	-0.1951
1.013	-0.08146	-0.1968
1.012	-0.08051	-0.1923
1.012	-0.07997	-0.1815
1.012	-0.07829	-0.1819
1.011	-0.0788	-0.191
1.01	-0.07831	-0.1933
1.008	-0.0779	-0.1919
1.009	-0.07867	-0.1949
1.014	-0.0782	-0.1949
1.015	-0.07914	-0.1863
1.011	-0.0795	-0.1836
1.009	-0.07813	-0.1896
1.009	-0.07727	-0.1906
1.006	-0.0765	-0.1902
1.006	-0.07663	-0.1927
1.01	-0.07912	-0.1949
1.018	-0.08368	-0.1998
1.021	-0.08395	-0.1982
1.013	-0.07965	-0.1847
1.01	-0.07863	-0.1804
1.011	-0.07835	-0.1889
1.006	-0.07726	-0.1911
1.006	-0.07848	-0.1904
1.011	-0.07815	-0.1918
1.012	-0.075	-0.1855
1.012	-0.07392	-0.1812
1.012	-0.07704	-0.1842
1.018	-0.07987	-0.1859
1.018	-0.07997	-0.1942
1.008	-0.07944	-0.2012
1.005	-0.07914	-0.1968
1.012	-0.08091	-0.1965
1.011	-0.08205	-0.1972
1.008	-0.08025	-0.1921
1.009	-0.08066	-0.1893
1.012	-0.08166	-0.1875
1.012	-0.07993	-0.1885
1.011	-0.0783	-0.1915
1.008	-0.07626	-0.1915
1.009	-0.07417	-0.1883
1.012	-0.07319	-0.1813
1.013	-0.0734	-0.1792
1.01	-0.07842	-0.1842
1.01	-0.08426	-0.1911
1.016	-0.08357	-0.198
1.017	-0.07882	-0.1975
1.012	-0.07359	-0.1935
1.011	-0.07373	-0.1909
1.011	-0.08082	-0.1889
1.008	-0.08376	-0.1926
1.007	-0.08204	-0.1957
1.009	-0.08129	-0.1939
1.011	-0.07935	-0.1914
1.015	-0.0785	-0.1894
1.013	-0.07922	-0.1911
1.004	-0.0789	-0.1912
1.003	-0.07888	-0.1857
1.011	-0.0774	-0.1814
1.012	-0.07401	-0.1806
1.011	-0.07348	-0.1842
1.017	-0.07813	-0.1919
1.017	-0.08201	-0.1954
1.014	-0.08028	-0.195
1.018	-0.07993	-0.1996
1.016	-0.08228	-0.1997
1.008	-0.08081	-0.1902
1.008	-0.07919	-0.1876
1.013	-0.0798	-0.1909
1.013	-0.08047	-0.1922
1.006	-0.07969	-0.1905
1.004	-0.07352	-0.1793
1.008	-0.07068	-0.1726
1.008	-0.0761	-0.1831
1.008	-0.07802	-0.1941
1.008	-0.07874	-0.2014
1.009	-0.0804	-0.206
1.017	-0.07747	-0.2018
1.022	-0.07771	-0.2012
1.019	-0.07953	-0.198
1.011	-0.07859	-0.1834
1.006	-0.08122	-0.1811
1.009	-0.08428	-0.186
1.008	-0.08588	-0.1782
1.007	-0.08553	-0.1703
1.014	-0.08412	-0.1729
1.009	-0.07625	-0.1907
1.01	-0.07409	-0.1992
1.014	-0.07272	-0.2048
1.015	-0.06998	-0.199
1.013	-0.07012	-0.1929
1.013	-0.07477	-0.1929
1.018	-0.07912	-0.191
1.018	-0.08051	-0.1958
1.006	-0.08092	-0.1998
1.004	-0.08118	-0.1931
1.01	-0.08315	-0.1913
1.01	-0.08419	-0.1914
1.007	-0.08204	-0.1864
1.008	-0.08198	-0.1842
1.011	-0.08243	-0.1835
1.012	-0.08017	-0.1858
1.011	-0.07807	-0.1901
1.009	-0.07565	-0.1913
1.01	-0.0733	-0.1892
1.013	-0.07219	-0.183
1.014	-0.07239	-0.1814
1.011	-0.07749	-0.1867
1.011	-0.08349	-0.1935
1.017	-0.083	-0.2002
1.017	-0.07848	-0.1993
1.012	-0.07346	-0.1947
1.011	-0.07381	-0.1916
1.011	-0.08105	-0.1891
1.008	-0.0841	-0.1924
1.007	-0.08245	-0.1952
1.009	-0.08171	-0.1931
1.011	-0.07975	-0.1905
1.015	-0.07885	-0.1885
1.013	-0.07949	-0.1902
1.004	-0.07909	-0.1905
1.003	-0.07897	-0.1852
1.011	-0.07741	-0.181
1.012	-0.07395	-0.1804
1.011	-0.07338	-0.1842
1.017	-0.07799	-0.1921
1.017	-0.08186	-0.1957
1.014	-0.08013	-0.1953
1.018	-0.07979	-0.1999
1.016	-0.08217	-0.2
1.008	-0.08072	-0.1905
1.008	-0.07914	-0.1878
1.013	-0.07978	-0.1911
1.013	-0.08048	-0.1923
1.006	-0.07972	-0.1905
1.004	-0.07357	-0.1793
1.008	-0.07073	-0.1726
1.008	-0.07615	-0.183
1.008	-0.07807	-0.1939
1.008	-0.07878	-0.2013
1.009	-0.08043	-0.2058
1.017	-0.0775	-0.2017
1.022	-0.07772	-0.2011
1.019	-0.07953	-0.1979
1.011	-0.07859	-0.1834
1.006	-0.08121	-0.1811
1.009	-0.08426	-0.1861
1.008	-0.08586	-0.1782
1.007	-0.08551	-0.1703
1.01	-0.07954	-0.1751
1.012	-0.07337	-0.1892
1.013	-0.07206	-0.1979
1.012	-0.07553	-0.1975
1.012	-0.07905	-0.2012
1.017	-0.0788	-0.2042
1.016	-0.07839	-0.1995
1.012	-0.0771	-0.191
1.012	-0.07539	-0.1827
1.011	-0.07703	-0.1854
1.011	-0.08003	-0.1927
1.007	-0.08359	-0.1945
1.006	-0.08478	-0.1977
1.01	-0.08076	-0.1977
1.013	-0.07808	-0.197
1.013	-0.07879	-0.1952
1.008	-0.07761	-0.1816
1.004	-0.0736	-0.1711
1.007	-0.0723	-0.1734
1.009	-0.07585	-0.1812
1.01	-0.07693	-0.1879
1.012	-0.07616	-0.1895
1.012	-0.07925	-0.1926
1.014	-0.08345	-0.1955
1.017	-0.08597	-0.1966
1.016	-0.08387	-0.2011
1.016	-0.07979	-0.1992
1.015	-0.07718	-0.1882
1.011	-0.07478	-0.1847
1.011	-0.07834	-0.1933
1.014	-0.08288	-0.1943
1.012	-0.08165	-0.1887
1.008	-0.08049	-0.1936
1.006	-0.07801	-0.1963
1.007	-0.07634	-0.1948
1.007	-0.07653	-0.1958
1.007	-0.07485	-0.1869
1.011	-0.07607	-0.1813
1.012	-0.07802	-0.1831
1.009	-0.07913	-0.182
1.008	-0.08087	-0.1855
1.01	-0.07902	-0.1823
1.01	-0.07747	-0.177
1.011	-0.07895	-0.1888
1.014	-0.0799	-0.2002
1.014	-0.07933	-0.2036
1.016	-0.07714	-0.2025
1.02	-0.07641	-0.1965
1.02	-0.07841	-0.1924
1.018	-0.07953	-0.19
1.01	-0.08019	-0.1955
1.006	-0.08192	-0.1992
1.009	-0.08173	-0.1894
1.008	-0.07994	-0.1858
1.005	-0.07828	-0.1866
1.005	-0.07722	-0.1837
1.007	-0.07931	-0.1837
1.01	-0.08061	-0.183
1.011	-0.07876	-0.1853
1.008	-0.07755	-0.1891
1.006	-0.07662	-0.1925
1.012	-0.07733	-0.1959
1.016	-0.07793	-0.1909
1.017	-0.07615	-0.1881
1.018	-0.07329	-0.1814
1.013	-0.07449	-0.1929
1.011	-0.0773	-0.1989
1.009	-0.08251	-0.1959
1.008	-0.08609	-0.1977
1.014	-0.08485	-0.1995
1.014	-0.08286	-0.1941
1.011	-0.07979	-0.1857
1.011	-0.07635	-0.178
1.012	-0.07652	-0.1817
1.012	-0.07842	-0.1902
1.009	-0.08126	-0.1932
1.007	-0.08212	-0.1976
1.011	-0.07812	-0.1985
1.014	-0.07572	-0.1986
1.014	-0.07691	-0.1973
1.008	-0.07631	-0.1838
1.004	-0.0729	-0.1734
1.007	-0.07218	-0.1754
1.009	-0.07621	-0.1828
1.01	-0.07766	-0.1891
1.012	-0.07712	-0.1902
1.011	-0.08032	-0.1928
1.014	-0.08451	-0.1953
1.017	-0.08692	-0.1961
1.016	-0.08465	-0.2003
1.016	-0.08034	-0.1983
1.015	-0.0775	-0.1873
1.011	-0.07488	-0.1839
1.012	-0.07825	-0.1926
1.014	-0.08263	-0.1938
1.013	-0.0813	-0.1883
1.008	-0.08009	-0.1934
1.006	-0.07759	-0.1963
1.007	-0.07594	-0.195
1.007	-0.07619	-0.196
1.007	-0.0746	-0.1872
1.011	-0.0759	-0.1816
1.012	-0.07793	-0.1834
1.009	-0.07913	-0.1823
1.008	-0.08093	-0.1858
1.01	-0.07913	-0.1825
1.01	-0.07762	-0.1771
1.011	-0.0791	-0.1888
1.014	-0.08005	-0.2002
1.014	-0.07947	-0.2035
1.016	-0.07725	-0.2024
1.02	-0.07649	-0.1964
1.02	-0.07846	-0.1923
1.018	-0.07955	-0.1899
1.01	-0.08018	-0.1954
1.006	-0.08188	-0.1991
1.009	-0.08168	-0.1893
1.008	-0.07988	-0.1858
1.005	-0.07823	-0.1866
1.005	-0.07716	-0.1837
1.007	-0.07926	-0.1837
1.01	-0.08058	-0.183
1.011	-0.07873	-0.1853
1.008	-0.07754	-0.1891
1.006	-0.07662	-0.1925
1.012	-0.07734	-0.196
1.016	-0.07794	-0.191
1.017	-0.07616	-0.1882
1.018	-0.0766	-0.1908
1.012	-0.07745	-0.1895
1.009	-0.07648	-0.1907
1.011	-0.07784	-0.1933
1.011	-0.08264	-0.1955
1.012	-0.08627	-0.1976
1.013	-0.08508	-0.1946
1.011	-0.08109	-0.1915
1.011	-0.07599	-0.1895
1.01	-0.07349	-0.1866
1.009	-0.07385	-0.188
1.01	-0.07238	-0.1911
1.009	-0.07465	-0.1886
1.01	-0.07958	-0.1866
1.012	-0.08092	-0.1895
1.012	-0.08287	-0.1885
1.011	-0.08332	-0.1887
1.012	-0.08294	-0.1944
1.012	-0.08453	-0.1943
1.009	-0.08274	-0.1923
1.008	-0.07981	-0.1883
1.01	-0.077	-0.1842
1.011	-0.07484	-0.1884
1.011	-0.07625	-0.1879
1.012	-0.07554	-0.1854
1.014	-0.0724	-0.1902
1.015	-0.07257	-0.1975
1.013	-0.07625	-0.2014
1.012	-0.07952	-0.1932
1.011	-0.08077	-0.1887
1.009	-0.0828	-0.1911
1.012	-0.08287	-0.1855
1.013	-0.08033	-0.1861
1.01	-0.07956	-0.1919
1.01	-0.07856	-0.1929
1.009	-0.07794	-0.1942
1.008	-0.07944	-0.1929
1.01	-0.07986	-0.1899
1.007	-0.07905	-0.1867
1.005	-0.07888	-0.1861
1.01	-0.07878	-0.1876
1.015	-0.07809	-0.1884
1.017	-0.07829	-0.1914
1.017	-0.07894	-0.1922
1.016	-0.07856	-0.1928
1.016	-0.07731	-0.1936
1.011	-0.07612	-0.1896
1.009	-0.07694	-0.1887
1.008	-0.07862	-0.1886
1.006	-0.0801	-0.1886
1.007	-0.08029	-0.1906
1.009	-0.07821	-0.1888
1.01	-0.07783	-0.1897
1.01	-0.0781	-0.1938
1.011	-0.07886	-0.1948
1.013	-0.08298	-0.1946
1.016	-0.08393	-0.1931
1.017	-0.07981	-0.1903
1.013	-0.0767	-0.1876
1.009	-0.07606	-0.187
1.009	-0.07639	-0.1875
1.006	-0.07656	-0.1901
1.007	-0.07702	-0.1923
1.013	-0.07793	-0.187
1.017	-0.08056	-0.1893
1.01	-0.0802	-0.1887
1.007	-0.07789	-0.1897
1.01	-0.07802	-0.192
1.011	-0.08183	-0.1939
1.012	-0.08476	-0.1958
1.014	-0.08321	-0.1929
1.013	-0.07916	-0.1901
1.013	-0.07422	-0.1887
1.012	-0.07207	-0.1864
1.011	-0.07288	-0.1883
1.011	-0.07189	-0.1919
1.01	-0.07461	-0.1898
1.01	-0.07993	-0.188
1.012	-0.08157	-0.1909
1.012	-0.08371	-0.1899
1.011	-0.08423	-0.19
1.011	-0.08384	-0.1954
1.011	-0.08533	-0.195
1.008	-0.08338	-0.1927
1.007	-0.08026	-0.1884
1.01	-0.07726	-0.184
1.011	-0.0749	-0.188
1.011	-0.07616	-0.1874
1.012	-0.07532	-0.1848
1.014	-0.07208	-0.1896
1.015	-0.07221	-0.1969
1.013	-0.07588	-0.2009
1.012	-0.07918	-0.1928
1.011	-0.08048	-0.1884
1.01	-0.08259	-0.1909
1.012	-0.08273	-0.1855
1.013	-0.08026	-0.1862
1.011	-0.07956	-0.192
1.01	-0.07861	-0.1931
1.009	-0.07804	-0.1944
1.008	-0.07956	-0.1931
1.01	-0.07999	-0.1901
1.007	-0.07918	-0.1869
1.005	-0.07899	-0.1863
1.01	-0.07887	-0.1877
1.015	-0.07816	-0.1884
1.017	-0.07833	-0.1914
1.016	-0.07895	-0.1921
1.016	-0.07855	-0.1928
1.016	-0.07728	-0.1935
1.011	-0.07608	-0.1895
1.009	-0.07689	-0.1887
1.009	-0.07858	-0.1885
1.006	-0.08005	-0.1886
1.007	-0.08025	-0.1906
1.009	-0.07819	-0.1888
1.01	-0.07781	-0.1897
1.01	-0.0781	-0.1938
1.011	-0.07886	-0.1948
1.013	-0.08299	-0.1946
1.016	-0.08394	-0.1931
1.017	-0.07983	-0.1903
1.013	-0.07672	-0.1876
1.009	-0.07608	-0.187
1.009	-0.0764	-0.1875
1.006	-0.07657	-0.1901
1.007	-0.07703	-0.1923
1.013	-0.07794	-0.187
1.014	-0.07928	-0.1846
1.009	-0.08068	-0.1889
1.009	-0.08078	-0.192
1.013	-0.08001	-0.1963
1.014	-0.07863	-0.1977
1.013	-0.07751	-0.1958
1.014	-0.07842	-0.1936
1.012	-0.08041	-0.1888
1.011	-0.081	-0.1875
1.011	-0.0796	-0.1878
1.007	-0.07851	-0.1849
1.007	-0.07688	-0.185
1.012	-0.07511	-0.1869
1.014	-0.07665	-0.1883
1.012	-0.07723	-0.1918
1.011	-0.07645	-0.1932
1.011	-0.0781	-0.1911
1.01	-0.07977	-0.19
1.01	-0.08185	-0.1904
1.01	-0.08284	-0.1901
1.012	-0.08115	-0.1914
1.015	-0.07841	-0.196
1.013	-0.07611	-0.1967
1.012	-0.07887	-0.1917
1.013	-0.0815	-0.1895
1.012	-0.08118	-0.1918
1.011	-0.0819	-0.1922
1.01	-0.07771	-0.1902
1.009	-0.07465	-0.1883
1.01	-0.07691	-0.187
1.01	-0.07542	-0.1882
1.01	-0.07544	-0.1906
1.011	-0.07813	-0.1893
1.011	-0.07918	-0.188
1.012	-0.08055	-0.19
1.013	-0.08043	-0.1886
1.011	-0.08012	-0.1854
1.012	-0.07766	-0.1891
1.013	-0.07471	-0.1946
1.012	-0.07727	-0.1947
1.013	-0.07877	-0.1896
1.01	-0.08075	-0.187
1.009	-0.08584	-0.1902
1.01	-0.08576	-0.1922
1.009	-0.0806	-0.1958
1.009	-0.07576	-0.1984
1.01	-0.07454	-0.1914
1.01	-0.07463	-0.1874
1.012	-0.07668	-0.1888
1.015	-0.08126	-0.1888
1.014	-0.07994	-0.1909
1.011	-0.0759	-0.1907
1.009	-0.0753	-0.1903
1.012	-0.07669	-0.1918
1.013	-0.07782	-0.1896
1.012	-0.07701	-0.1872
1.013	-0.08017	-0.1835
1.012	-0.08541	-0.1833
1.01	-0.08605	-0.1897
1.01	-0.08248	-0.1912
1.01	-0.07788	-0.1908
1.011	-0.07733	-0.1933
1.01	-0.0765	-0.1966
1.011	-0.07527	-0.1982
1.01	-0.07662	-0.1936
1.007	-0.07715	-0.1898
1.007	-0.07748	-0.1886
1.013	-0.07756	-0.1911
1.014	-0.07728	-0.1924
1.013	-0.07729	-0.1914
1.015	-0.07914	-0.1905
1.013	-0.08182	-0.1871
1.012	-0.08281	-0.187
1.012	-0.08152	-0.1884
1.008	-0.08031	-0.1862
1.007	-0.07838	-0.1867
1.012	-0.0762	-0.1886
1.014	-0.07727	-0.1899
1.012	-0.0774	-0.1931
1.011	-0.07623	-0.1941
1.01	-0.07756	-0.1916
1.009	-0.07902	-0.19
1.009	-0.08099	-0.1901
1.009	-0.08197	-0.1895
1.012	-0.08035	-0.1907
1.015	-0.07774	-0.1952
1.013	-0.07561	-0.1959
1.012	-0.07856	-0.191
1.013	-0.08138	-0.189
1.012	-0.08123	-0.1915
1.011	-0.08208	-0.1921
1.01	-0.07799	-0.1901
1.009	-0.07499	-0.1884
1.01	-0.07726	-0.1873
1.01	-0.07576	-0.1885
1.01	-0.07574	-0.1909
1.011	-0.07836	-0.1897
1.011	-0.07934	-0.1883
1.012	-0.08064	-0.1903
1.013	-0.08045	-0.1887
1.011	-0.08008	-0.1855
1.012	-0.07758	-0.1891
1.013	-0.0746	-0.1946
1.012	-0.07714	-0.1946
1.013	-0.07865	-0.1895
1.01	-0.08063	-0.1868
1.009	-0.08575	-0.1901
1.01	-0.08569	-0.1921
1.009	-0.08055	-0.1957
1.009	-0.07574	-0.1983
1.01	-0.07455	-0.1913
1.01	-0.07465	-0.1874
1.012	-0.07671	-0.1888
1.015	-0.08131	-0.1888
1.014	-0.07999	-0.191
1.011	-0.07595	-0.1907
1.009	-0.07534	-0.1903
1.012	-0.07672	-0.1919
1.013	-0.07784	-0.1896
1.012	-0.07702	-0.1872
1.013	-0.08017	-0.1836
1.012	-0.08541	-0.1833
1.01	-0.08604	-0.1897
1.01	-0.08246	-0.1912
1.01	-0.07786	-0.1908
1.011	-0.07732	-0.1933
1.01	-0.07649	-0.1965
1.011	-0.07526	-0.1982
1.012	-0.07673	-0.1944
1.009	-0.07629	-0.1917
1.008	-0.07709	-0.1907
1.011	-0.07788	-0.1877
1.009	-0.0777	-0.1857
1.009	-0.07988	-0.1855
1.01	-0.07997	-0.1897
1.011	-0.07954	-0.1919
1.014	-0.08053	-0.1897
1.017	-0.08222	-0.1927
1.018	-0.08239	-0.1956
1.013	-0.07699	-0.1927
1.009	-0.07424	-0.1891
1.01	-0.07711	-0.1871
1.01	-0.07882	-0.1877
1.01	-0.08023	-0.1875
1.01	-0.07989	-0.1868
1.008	-0.07695	-0.1894
1.01	-0.07725	-0.1909
1.012	-0.08004	-0.1912
1.011	-0.08038	-0.1926
1.01	-0.07829	-0.1909
1.009	-0.0767	-0.1891
1.011	-0.07718	-0.192
1.011	-0.07928	-0.195
1.011	-0.0815	-0.1934
1.011	-0.08123	-0.1917
1.008	-0.08	-0.1909
1.01	-0.08001	-0.1888
1.013	-0.07833	-0.1905
1.015	-0.07619	-0.1909
1.015	-0.07602	-0.1878
1.014	-0.07667	-0.1886
1.014	-0.07779	-0.1891
1.011	-0.07899	-0.1888
1.01	-0.08065	-0.1894
1.011	-0.08081	-0.189
1.009	-0.07964	-0.1896
1.01	-0.07983	-0.1906
1.009	-0.0784	-0.1927
1.009	-0.07652	-0.193
1.011	-0.07467	-0.1922
1.012	-0.07339	-0.1941
1.013	-0.07947	-0.1927
1.009	-0.0836	-0.1891
1.009	-0.08071	-0.1891
1.011	-0.0818	-0.1915
1.009	-0.08218	-0.1902
1.012	-0.08024	-0.1848
1.013	-0.07976	-0.1853
1.011	-0.07564	-0.1902
1.013	-0.07485	-0.1922
1.014	-0.07988	-0.1924
1.013	-0.08062	-0.192
1.01	-0.07773	-0.1918
1.007	-0.07724	-0.1894
1.011	-0.07797	-0.1906
1.012	-0.07909	-0.1964
1.014	-0.0859	-0.1903
1.016	-0.08722	-0.1841
1.01	-0.072	-0.1829
1.005	-0.06452	-0.1752
1.005	-0.07079	-0.1826
1.008	-0.06804	-0.1946
1.006	-0.05216	-0.1886
1.02	-0.07071	-0.1978
1.019	-0.09231	-0.2038
1.024	-0.09545	-0.2042
1.034	-0.1048	-0.2103
1.009	-0.1091	-0.21
0.9982	-0.09681	-0.2016
0.9936	-0.09485	-0.1901
0.9923	-0.08801	-0.1802
0.9999	-0.07431	-0.1781
1.002	-0.06656	-0.1743
1.01	-0.057	-0.1664
1.011	-0.0543	-0.1621
1.015	-0.05603	-0.1637
1.026	-0.05624	-0.1808
1.031	-0.06385	-0.2046
1.028	-0.07473	-0.2162
1.02	-0.08292	-0.22
1.02	-0.08796	-0.2137
1.012	-0.09306	-0.2091
0.9938	-0.0949	-0.206
0.9905	-0.08666	-0.1779
0.9984	-0.08141	-0.1613
1.007	-0.08258	-0.1715
1.013	-0.08114	-0.1751
1.024	-0.08028	-0.1839
1.024	-0.07805	-0.1899
1.011	-0.07681	-0.189
1.002	-0.08256	-0.1958
0.9955	-0.0857	-0.1964
1.011	-0.08479	-0.1997
1.026	-0.08409	-0.2034
1.02	-0.07596	-0.1981
1.017	-0.0667	-0.1963
1.006	-0.06824	-0.192
1.004	-0.07132	-0.1892
1.017	-0.07116	-0.1901
1.011	-0.07256	-0.1871
0.9934	-0.07332	-0.1862
0.9896	-0.07738	-0.1831
1.011	-0.08812	-0.1831
1.023	-0.09319	-0.1913
1.016	-0.08612	-0.1931
1.024	-0.08006	-0.1855
1.023	-0.07971	-0.1835
1.019	-0.07794	-0.1901
1.024	-0.07919	-0.1924
1.012	-0.0811	-0.1927
1.003	-0.07672	-0.1934
1.002	-0.07336	-0.1905
1.005	-0.07486	-0.1917
1.013	-0.07967	-0.1933
1.007	-0.08127	-0.1938
1.003	-0.07536	-0.1965
1.002	-0.07313	-0.1928
1.003	-0.07646	-0.1853
1.013	-0.07791	-0.1828
1.015	-0.08072	-0.1845
1.013	-0.08386	-0.1862
1.014	-0.08176	-0.1881
1.015	-0.08131	-0.1901
1.022	-0.08544	-0.1945
1.025	-0.08363	-0.205
1.02	-0.0768	-0.2064
1.011	-0.07556	-0.1956
1.001	-0.07854	-0.1882
0.9998	-0.07842	-0.1829
1.004	-0.07547	-0.1817
1.009	-0.07562	-0.1877
1.012	-0.07551	-0.1893
1.003	-0.06941	-0.1824
1.001	-0.06927	-0.1754
1.014	-0.07885	-0.1803
1.021	-0.08408	-0.1937
1.019	-0.0844	-0.1997
1.014	-0.08273	-0.198
1.01	-0.08052	-0.1996
1.012	-0.08349	-0.202
1.013	-0.08338	-0.1979
1.013	-0.07884	-0.1933
1.016	-0.07844	-0.1881
1.012	-0.07719	-0.1839
1.01	-0.07679	-0.1843
1.015	-0.08131	-0.183
1.012	-0.08157	-0.1859
1.005	-0.07563	-0.1895
1.001	-0.07279	-0.1886
1.003	-0.07571	-0.1925
1.008	-0.07849	-0.194
1.01	-0.0806	-0.1906
1.013	-0.0807	-0.1853
1.015	-0.07756	-0.1822
1.017	-0.07815	-0.1924
1.017	-0.08095	-0.2018
1.013	-0.08251	-0.2036
1.014	-0.08412	-0.203
1.011	-0.08132	-0.1904
1.007	-0.07263	-0.1816
1.006	-0.06513	-0.1859
1.003	-0.06885	-0.1847
1.009	-0.08154	-0.1845
1.017	-0.08789	-0.1868
1.02	-0.08533	-0.1824
1.02	-0.08402	-0.1847
1.011	-0.08085	-0.1912
1.006	-0.07463	-0.1955
1.011	-0.07599	-0.1996
1.009	-0.07647	-0.197
1.003	-0.07533	-0.1958
1.004	-0.07988	-0.1958
1.007	-0.07939	-0.1897
1.007	-0.08121	-0.1843
1.009	-0.0834	-0.1832
1.018	-0.07689	-0.1913
1.024	-0.07518	-0.1982
1.021	-0.07567	-0.1932
1.019	-0.07843	-0.1851
1.013	-0.0832	-0.182
1.007	-0.08111	-0.1882
1.007	-0.07873	-0.1905
1.002	-0.07617	-0.1857
1	-0.07606	-0.1881
1.005	-0.07853	-0.1912
1.009	-0.07812	-0.1932
1.017	-0.08041	-0.1955
1.024	-0.08083	-0.1944
1.022	-0.07977	-0.196
1.018	-0.08073	-0.1956
1.024	-0.06847	-0.1906
1.006	-0.08123	-0.1911
0.9999	-0.08564	-0.1891
1.001	-0.08367	-0.1885
1.005	-0.08262	-0.1934
1.008	-0.08021	-0.193
1	-0.07145	-0.1838
0.9993	-0.06884	-0.1747
1.013	-0.07644	-0.1781
1.021	-0.08034	-0.1906
1.02	-0.08002	-0.1962
1.016	-0.07834	-0.1946
1.012	-0.07661	-0.1967
1.014	-0.08042	-0.1998
1.015	-0.08135	-0.1966
1.014	-0.07789	-0.1929
1.017	-0.07851	-0.1884
1.012	-0.0781	-0.1849
1.01	-0.07834	-0.1858
1.015	-0.08324	-0.1847
1.011	-0.08364	-0.1876
1.004	-0.07763	-0.1911
1.001	-0.07455	-0.19
1.002	-0.0771	-0.1935
1.007	-0.07945	-0.1947
1.009	-0.08111	-0.1908
1.013	-0.08079	-0.1852
1.015	-0.07728	-0.1819
1.017	-0.07759	-0.1918
1.018	-0.08021	-0.2011
1.014	-0.08169	-0.2029
1.014	-0.0833	-0.2023
1.011	-0.08057	-0.1898
1.008	-0.07201	-0.1811
1.006	-0.06466	-0.1855
1.003	-0.06856	-0.1845
1.009	-0.08141	-0.1844
1.017	-0.08791	-0.1868
1.02	-0.08548	-0.1825
1.02	-0.08426	-0.1849
1.01	-0.08114	-0.1914
1.006	-0.07493	-0.1958
1.011	-0.07628	-0.1999
1.009	-0.07672	-0.1972
1.003	-0.07553	-0.1959
1.004	-0.08002	-0.1959
1.007	-0.07947	-0.1898
1.007	-0.08123	-0.1843
1.008	-0.08337	-0.1832
1.018	-0.07682	-0.1912
1.024	-0.07508	-0.1981
1.021	-0.07556	-0.1931
1.019	-0.07832	-0.185
1.013	-0.0831	-0.1819
1.007	-0.08103	-0.1881
1.007	-0.07867	-0.1905
1.002	-0.07613	-0.1857
1	-0.07605	-0.1881
1.005	-0.07853	-0.1912
1.009	-0.07814	-0.1932
1.017	-0.08044	-0.1956
1.024	-0.08087	-0.1944
1.022	-0.07982	-0.1961
1.018	-0.08077	-0.1957
1.016	-0.07849	-0.1925
1.015	-0.07847	-0.1935
1.008	-0.0807	-0.1938
1	-0.08021	-0.1896
0.9977	-0.07692	-0.1812
0.9989	-0.07322	-0.1778
1.002	-0.07412	-0.1816
1.006	-0.07543	-0.1842
1.014	-0.07651	-0.1891
1.019	-0.07967	-0.1952
1.019	-0.08143	-0.1955
1.02	-0.08393	-0.1929
1.019	-0.08383	-0.1917
1.015	-0.08069	-0.1962
1.013	-0.08011	-0.2015
1.009	-0.0784	-0.1979
1.009	-0.07719	-0.1894
1.009	-0.07751	-0.184
1.009	-0.07678	-0.1857
1.01	-0.07697	-0.1881
1.009	-0.07581	-0.1853
1.009	-0.07711	-0.1856
1.012	-0.08247	-0.1894
1.012	-0.08295	-0.1902
1.012	-0.07945	-0.1907
1.009	-0.07867	-0.1913
1.008	-0.08026	-0.1925
1.014	-0.07914	-0.1953
1.015	-0.07573	-0.1947
1.01	-0.07518	-0.1909
1.009	-0.07701	-0.1892
1.011	-0.07875	-0.1876
1.01	-0.07842	-0.186
1.009	-0.07531	-0.1887
1.009	-0.07436	-0.1925
1.013	-0.07963	-0.1922
1.016	-0.08396	-0.1921
1.016	-0.0832	-0.1924
1.015	-0.0836	-0.1899
1.015	-0.0828	-0.1898
1.013	-0.08025	-0.1911
1.01	-0.0785	-0.1905
1.006	-0.07448	-0.1904
1.004	-0.07422	-0.1896
1.007	-0.07613	-0.1885
1.01	-0.07545	-0.1871
1.015	-0.07759	-0.1865
1.013	-0.07784	-0.1896
1.006	-0.07529	-0.1933
1.006	-0.07696	-0.1958
1.011	-0.08347	-0.1968
1.018	-0.08875	-0.1992
1.019	-0.08593	-0.1971
1.01	-0.0816	-0.1828
1.006	-0.07791	-0.1762
1.011	-0.07379	-0.1842
1.013	-0.07463	-0.1877
1.012	-0.07467	-0.1885
1.014	-0.07622	-0.191
1.014	-0.07968	-0.1898
1.014	-0.07758	-0.1912
1.014	-0.07852	-0.1938
1.013	-0.07968	-0.1933
1.011	-0.07736	-0.1935
1.008	-0.08622	-0.2154
1.014	-0.08124	-0.1971
1.011	-0.08067	-0.1879
1.005	-0.07889	-0.1805
1.003	-0.07528	-0.1729
1.003	-0.07185	-0.1722
1.005	-0.0733	-0.1794
1.008	-0.07522	-0.1852
1.014	-0.07685	-0.1926
1.019	-0.08042	-0.2002
1.017	-0.0824	-0.2011
1.018	-0.08496	-0.1982
1.017	-0.08478	-0.1962
1.013	-0.08144	-0.1994
1.011	-0.08061	-0.2031
1.008	-0.07862	-0.1981
1.008	-0.07715	-0.1882
1.009	-0.07725	-0.1819
1.009	-0.07634	-0.1829
1.01	-0.07642	-0.185
1.01	-0.07523	-0.1823
1.01	-0.07655	-0.1829
1.013	-0.08198	-0.1872
1.013	-0.08256	-0.1887
1.013	-0.07918	-0.1898
1.009	-0.07853	-0.1911
1.008	-0.08024	-0.1928
1.014	-0.07922	-0.1961
1.015	-0.07589	-0.1958
1.01	-0.07539	-0.1922
1.009	-0.07725	-0.1905
1.01	-0.07899	-0.1888
1.01	-0.07864	-0.187
1.008	-0.07549	-0.1895
1.008	-0.07449	-0.193
1.013	-0.07972	-0.1925
1.016	-0.084	-0.1921
1.015	-0.0832	-0.1922
1.015	-0.08356	-0.1895
1.015	-0.08273	-0.1893
1.013	-0.08017	-0.1906
1.01	-0.07841	-0.19
1.006	-0.0744	-0.19
1.004	-0.07414	-0.1892
1.007	-0.07607	-0.1883
1.01	-0.07541	-0.187
1.015	-0.07757	-0.1865
1.013	-0.07784	-0.1897
1.006	-0.0753	-0.1934
1.006	-0.07698	-0.1959
1.011	-0.0835	-0.197
1.018	-0.08878	-0.1993
1.019	-0.08596	-0.1973
1.01	-0.08163	-0.183
1.006	-0.07794	-0.1763
1.011	-0.07381	-0.1843
1.013	-0.07464	-0.1877
1.012	-0.07467	-0.1885
1.014	-0.07622	-0.191
1.014	-0.07967	-0.1897
1.014	-0.07757	-0.1911
1.014	-0.07851	-0.1938
1.013	-0.07966	-0.1933
1.011	-0.07735	-0.1935
1.01	-0.07928	-0.1942
1.01	-0.08162	-0.1959
1.011	-0.08316	-0.195
1.009	-0.08221	-0.1918
1.005	-0.07807	-0.1926
1.006	-0.07728	-0.1911
1.008	-0.0774	-0.1843
1.007	-0.07519	-0.1792
1.008	-0.07309	-0.179
1.01	-0.07456	-0.1844
1.013	-0.07932	-0.1929
1.015	-0.08239	-0.1979
1.014	-0.08304	-0.1943
1.011	-0.08378	-0.1915
1.014	-0.08261	-0.1918
1.02	-0.0768	-0.1889
1.022	-0.07415	-0.1897
1.018	-0.07724	-0.1925
1.015	-0.07845	-0.1935
1.012	-0.07938	-0.1946
1.009	-0.07973	-0.1945
1.008	-0.07803	-0.1945
1.003	-0.07848	-0.1916
0.9988	-0.08016	-0.1877
1	-0.08064	-0.1849
1.003	-0.07807	-0.1824
1.007	-0.0756	-0.1863
1.011	-0.07555	-0.1892
1.014	-0.07565	-0.1872
1.018	-0.07935	-0.1869
1.019	-0.08239	-0.188
1.018	-0.08066	-0.1933
1.017	-0.08054	-0.1971
1.015	-0.08022	-0.1952
1.014	-0.07931	-0.1944
1.016	-0.07999	-0.1935
1.015	-0.07818	-0.1939
1.009	-0.07625	-0.1951
1.007	-0.07602	-0.1928
1.007	-0.07668	-0.1904
1.001	-0.07964	-0.186
1	-0.08165	-0.1828
1.006	-0.0809	-0.1849
1.007	-0.07773	-0.1837
1.008	-0.07516	-0.1847
1.016	-0.07698	-0.1922
1.02	-0.07819	-0.1943
1.018	-0.07901	-0.1933
1.018	-0.082	-0.1942
1.021	-0.08145	-0.1928
1.02	-0.08029	-0.1912
1.014	-0.08089	-0.1914
1.01	-0.07769	-0.1923
1.007	-0.07568	-0.1931
1.003	-0.07741	-0.1923
0.9999	-0.07679	-0.1895
1.001	-0.07669	-0.1857
1.007	-0.07885	-0.1834
1.012	-0.08088	-0.1848
1.013	-0.08171	-0.1886
1.017	-0.07704	-0.1915
1.017	-0.07419	-0.1946
1.015	-0.07917	-0.1972
1.015	-0.08263	-0.1955
1.007	-0.07321	-0.1838
1.011	-0.07975	-0.1923
1.015	-0.08377	-0.1953
1.014	-0.08404	-0.194
1.01	-0.08021	-0.1955
1.009	-0.07917	-0.1937
1.01	-0.0787	-0.1862
1.008	-0.0758	-0.1802
1.007	-0.07302	-0.1793
1.008	-0.07393	-0.1839
1.01	-0.0783	-0.192
1.012	-0.08115	-0.1967
1.011	-0.08177	-0.1931
1.009	-0.08261	-0.1904
1.011	-0.08167	-0.1909
1.018	-0.07614	-0.1883
1.021	-0.07379	-0.1894
1.018	-0.07718	-0.1925
1.015	-0.07865	-0.1938
1.013	-0.07978	-0.1951
1.01	-0.08026	-0.1951
1.009	-0.07863	-0.1952
1.004	-0.07908	-0.1922
1	-0.0807	-0.1882
1.001	-0.08109	-0.1853
1.004	-0.0784	-0.1827
1.007	-0.0758	-0.1864
1.011	-0.07562	-0.1893
1.014	-0.07562	-0.1871
1.018	-0.07922	-0.1867
1.019	-0.0822	-0.1878
1.018	-0.08044	-0.1931
1.016	-0.0803	-0.1969
1.014	-0.08	-0.195
1.014	-0.07912	-0.1943
1.016	-0.07984	-0.1934
1.015	-0.07808	-0.1938
1.009	-0.07619	-0.195
1.007	-0.07601	-0.1928
1.007	-0.07671	-0.1905
1.001	-0.0797	-0.186
1	-0.08173	-0.1829
1.006	-0.08098	-0.185
1.007	-0.07781	-0.1837
1.008	-0.07523	-0.1848
1.016	-0.07704	-0.1922
1.02	-0.07824	-0.1943
1.018	-0.07904	-0.1933
1.018	-0.08201	-0.1942
1.021	-0.08145	-0.1928
1.02	-0.08028	-0.1912
1.014	-0.08086	-0.1914
1.01	-0.07766	-0.1923
1.007	-0.07565	-0.193
1.003	-0.07738	-0.1923
0.9998	-0.07676	-0.1895
1.001	-0.07667	-0.1857
1.007	-0.07883	-0.1834
1.012	-0.08087	-0.1848
1.013	-0.08171	-0.1886
1.017	-0.07705	-0.1915
1.017	-0.0742	-0.1946
1.015	-0.07918	-0.1972
1.015	-0.08264	-0.1955
1.012	-0.08236	-0.1926
1.01	-0.07785	-0.192
1.01	-0.07395	-0.1919
1.008	-0.07834	-0.1897
1.009	-0.08084	-0.1849
1.01	-0.08006	-0.1838
1.01	-0.08013	-0.1888
1.013	-0.07814	-0.1912
1.013	-0.07912	-0.1898
1.01	-0.0802	-0.1878
1.011	-0.07886	-0.187
1.014	-0.0773	-0.1919
1.015	-0.07381	-0.1962
1.013	-0.07528	-0.1946
1.01	-0.0802	-0.1918
1.01	-0.08195	-0.1901
1.011	-0.08203	-0.1914
1.014	-0.08059	-0.1918
1.012	-0.07917	-0.1887
1.008	-0.07582	-0.1891
1.007	-0.0745	-0.1907
1.008	-0.07989	-0.1907
1.011	-0.08135	-0.1889
1.011	-0.07892	-0.1853
1.01	-0.07992	-0.1878
1.009	-0.08009	-0.1924
1.009	-0.07815	-0.1921
1.011	-0.07734	-0.1926
1.015	-0.07699	-0.192
1.017	-0.07643	-0.1891
1.015	-0.0772	-0.19
1.014	-0.07949	-0.194
1.013	-0.08101	-0.1959
1.008	-0.07984	-0.1922
1.007	-0.0787	-0.1874
1.009	-0.07878	-0.1868
1.009	-0.07749	-0.1873
1.011	-0.077	-0.1872
1.012	-0.07907	-0.1866
1.012	-0.08206	-0.1882
1.013	-0.08321	-0.1927
1.015	-0.08048	-0.1933
1.016	-0.07702	-0.1945
1.01	-0.07503	-0.197
1.005	-0.07443	-0.192
1.006	-0.07641	-0.1859
1.008	-0.08014	-0.1852
1.009	-0.08146	-0.187
1.01	-0.07963	-0.1884
1.012	-0.0787	-0.1894
1.015	-0.077	-0.1932
1.014	-0.07601	-0.1948
1.015	-0.08073	-0.1937
1.017	-0.08394	-0.1959
1.015	-0.08314	-0.1962
1.011	-0.08206	-0.1918
1.005	-0.07811	-0.1861
1.005	-0.07495	-0.1843
1.006	-0.07555	-0.1863
1.006	-0.07599	-0.1851
1.009	-0.07622	-0.1821
1.012	-0.07584	-0.184
1.016	-0.07579	-0.1938
1.019	-0.07839	-0.2005
1.022	-0.086	-0.1914
1.014	-0.07926	-0.197
1.01	-0.07434	-0.199
1.006	-0.07845	-0.1964
1.006	-0.08108	-0.1897
1.006	-0.08057	-0.1863
1.006	-0.08092	-0.189
1.01	-0.07911	-0.1895
1.011	-0.08015	-0.1867
1.01	-0.08116	-0.184
1.011	-0.07963	-0.1831
1.014	-0.07782	-0.1884
1.016	-0.07404	-0.1934
1.014	-0.07523	-0.1927
1.012	-0.0799	-0.1909
1.011	-0.08146	-0.1901
1.013	-0.08142	-0.1922
1.015	-0.07993	-0.1932
1.013	-0.07852	-0.1905
1.008	-0.07524	-0.191
1.007	-0.07403	-0.1925
1.008	-0.07955	-0.1923
1.01	-0.08115	-0.1902
1.01	-0.07886	-0.1862
1.009	-0.07998	-0.1882
1.009	-0.08025	-0.1925
1.009	-0.07837	-0.1918
1.011	-0.0776	-0.1921
1.015	-0.07726	-0.1914
1.017	-0.07669	-0.1883
1.015	-0.07741	-0.1892
1.014	-0.07965	-0.1933
1.013	-0.08112	-0.1953
1.008	-0.0799	-0.1918
1.007	-0.07871	-0.1871
1.009	-0.07875	-0.1866
1.009	-0.07743	-0.1873
1.012	-0.07691	-0.1874
1.013	-0.07898	-0.1869
1.012	-0.08196	-0.1885
1.013	-0.08312	-0.193
1.015	-0.08041	-0.1936
1.016	-0.07696	-0.1947
1.01	-0.075	-0.1972
1.005	-0.07442	-0.1921
1.006	-0.07642	-0.1859
1.008	-0.08016	-0.1852
1.009	-0.08149	-0.1869
1.01	-0.07966	-0.1883
1.012	-0.07874	-0.1893
1.015	-0.07703	-0.1931
1.014	-0.07603	-0.1947
1.015	-0.08075	-0.1936
1.017	-0.08395	-0.1958
1.015	-0.08315	-0.1962
1.011	-0.08206	-0.1918
1.005	-0.07811	-0.1861
1.005	-0.07494	-0.1843
1.006	-0.07554	-0.1863
1.006	-0.07598	-0.1852
1.009	-0.07621	-0.1822
1.012	-0.07583	-0.1841
1.016	-0.07578	-0.1938
1.019	-0.07838	-0.2005
1.019	-0.07942	-0.197
1.02	-0.07996	-0.1967
1.014	-0.08368	-0.1974
1.005	-0.08373	-0.1924
1.001	-0.07904	-0.1887
0.9989	-0.07742	-0.1851
1.006	-0.07859	-0.1846
1.01	-0.07816	-0.1859
1.008	-0.07739	-0.1843
1.013	-0.07767	-0.1859
1.017	-0.07812	-0.189
1.021	-0.07918	-0.1956
1.022	-0.07967	-0.1995
1.015	-0.08043	-0.1928
1.013	-0.08174	-0.1934
1.013	-0.08051	-0.1974
1.005	-0.07865	-0.19
0.9998	-0.07655	-0.179
1.001	-0.07481	-0.1723
1.006	-0.07584	-0.1816
1.008	-0.07772	-0.2029
1.007	-0.07927	-0.2077
1.012	-0.07933	-0.1961
1.019	-0.08086	-0.1927
1.021	-0.08207	-0.1931
1.023	-0.07795	-0.1871
1.023	-0.07666	-0.1878
1.014	-0.07734	-0.1912
1.004	-0.07621	-0.1896
1.004	-0.07942	-0.1888
1.004	-0.08238	-0.185
1.003	-0.08163	-0.1834
1.007	-0.08068	-0.1854
1.009	-0.07787	-0.1851
1.011	-0.07242	-0.1872
1.014	-0.07224	-0.19
1.017	-0.08015	-0.1963
1.018	-0.08301	-0.2022
1.014	-0.08063	-0.2012
1.011	-0.08197	-0.2004
1.012	-0.08109	-0.1914
1.01	-0.0791	-0.1824
1.01	-0.07971	-0.1854
1.011	-0.07847	-0.1832
1.008	-0.07798	-0.185
1.009	-0.07828	-0.1931
1.012	-0.07576	-0.1923
1.013	-0.07393	-0.1943
1.013	-0.07527	-0.1923
1.013	-0.07757	-0.1851
1.013	-0.07951	-0.1897
1.011	-0.08124	-0.1934
1.011	-0.08075	-0.1915
1.01	-0.07985	-0.1913
1.007	-0.08082	-0.1887
1.006	-0.08024	-0.1869
1.005	-0.07996	-0.1863
1.008	-0.08094	-0.1873
1.012	-0.08064	-0.195
1.016	-0.07879	-0.1974
1.018	-0.07484	-0.1885
1.019	-0.07546	-0.187
1.018	-0.07749	-0.1946
1.011	-0.07252	-0.1965
1.004	-0.06841	-0.1869
1.012	-0.07837	-0.1905
1.012	-0.08705	-0.1942
1.007	-0.08897	-0.1914
1.004	-0.08418	-0.1893
1.003	-0.08133	-0.1866
1.01	-0.0808	-0.1865
1.014	-0.07864	-0.1879
1.011	-0.07639	-0.1861
1.015	-0.0756	-0.1873
1.018	-0.07544	-0.1899
1.02	-0.07634	-0.1961
1.021	-0.07704	-0.1995
1.014	-0.07829	-0.1925
1.011	-0.08025	-0.1929
1.011	-0.07974	-0.1967
1.004	-0.07857	-0.1892
0.9987	-0.07708	-0.1783
1	-0.07579	-0.1717
1.005	-0.07712	-0.1812
1.008	-0.07913	-0.2026
1.007	-0.08067	-0.2075
1.012	-0.08058	-0.1961
1.02	-0.08187	-0.1928
1.022	-0.08279	-0.1933
1.023	-0.07836	-0.1874
1.024	-0.07678	-0.1881
1.014	-0.07719	-0.1915
1.004	-0.07586	-0.1899
1.004	-0.07893	-0.189
1.004	-0.08181	-0.1851
1.003	-0.08106	-0.1835
1.007	-0.08015	-0.1854
1.009	-0.07741	-0.1851
1.01	-0.07208	-0.1872
1.013	-0.07201	-0.1899
1.016	-0.08004	-0.1961
1.018	-0.08301	-0.2021
1.013	-0.08072	-0.2011
1.011	-0.08212	-0.2003
1.012	-0.08128	-0.1913
1.01	-0.07931	-0.1824
1.01	-0.07992	-0.1853
1.011	-0.07865	-0.1832
1.008	-0.07813	-0.1851
1.009	-0.07839	-0.1931
1.012	-0.07582	-0.1924
1.013	-0.07395	-0.1944
1.014	-0.07526	-0.1923
1.013	-0.07752	-0.1851
1.013	-0.07945	-0.1897
1.011	-0.08116	-0.1934
1.011	-0.08068	-0.1915
1.01	-0.07978	-0.1913
1.007	-0.08076	-0.1887
1.006	-0.08019	-0.1869
1.005	-0.07993	-0.1862
1.008	-0.08093	-0.1873
1.012	-0.08064	-0.195
1.016	-0.0788	-0.1974
1.018	-0.07486	-0.1885
1.019	-0.07548	-0.187
1.018	-0.07752	-0.1946
1.011	-0.07255	-0.1965
1.007	-0.07308	-0.1943
1.009	-0.08051	-0.19
1.005	-0.0823	-0.1859
1.003	-0.08246	-0.1866
1.009	-0.08427	-0.1848
1.012	-0.08263	-0.1852
1.014	-0.07907	-0.1899
1.015	-0.07735	-0.1898
1.014	-0.07697	-0.1918
1.015	-0.07846	-0.1949
1.019	-0.08018	-0.1972
1.018	-0.0802	-0.2016
1.009	-0.08031	-0.1974
1.003	-0.0768	-0.1875
1.002	-0.0724	-0.1825
0.9994	-0.07359	-0.1812
1.006	-0.07531	-0.1811
1.012	-0.07943	-0.1841
1.01	-0.08597	-0.1931
1.017	-0.08602	-0.1963
1.021	-0.08126	-0.1938
1.017	-0.07553	-0.1944
1.018	-0.07417	-0.1922
1.015	-0.07787	-0.1895
1.014	-0.07749	-0.1902
1.017	-0.07513	-0.1957
1.011	-0.07716	-0.1979
1.001	-0.08399	-0.1871
0.9992	-0.08669	-0.1824
1.004	-0.07782	-0.1852
1.005	-0.07204	-0.1846
1.004	-0.07388	-0.1885
1.007	-0.07572	-0.1918
1.013	-0.08226	-0.1923
1.021	-0.08588	-0.1944
1.023	-0.08126	-0.194
1.018	-0.0779	-0.1921
1.015	-0.07482	-0.1883
1.012	-0.07484	-0.1865
1.013	-0.0807	-0.1905
1.013	-0.08262	-0.1932
1.008	-0.08146	-0.1944
1.009	-0.08131	-0.1952
1.012	-0.07906	-0.1942
1.013	-0.07762	-0.1923
1.009	-0.07871	-0.1891
1.004	-0.07835	-0.1858
1.005	-0.07694	-0.1848
1.009	-0.07687	-0.1876
1.011	-0.07718	-0.1885
1.01	-0.07652	-0.1852
1.011	-0.07663	-0.1864
1.015	-0.07796	-0.1919
1.015	-0.0778	-0.1939
1.012	-0.07829	-0.1934
1.013	-0.08183	-0.1948
1.013	-0.0834	-0.1946
1.011	-0.07997	-0.1907
1.009	-0.07546	-0.19
1.008	-0.07475	-0.1908
1.008	-0.07779	-0.1882
1.012	-0.08075	-0.1852
1.015	-0.08185	-0.1855
1.015	-0.08158	-0.1914
1.02	-0.08003	-0.2151
1.016	-0.08067	-0.1947
1.006	-0.07855	-0.1822
1.002	-0.07694	-0.1796
1.007	-0.07852	-0.1779
1.009	-0.07764	-0.1802
1.011	-0.0754	-0.1874
1.012	-0.07522	-0.1899
1.012	-0.07634	-0.1939
1.014	-0.0791	-0.1985
1.018	-0.08178	-0.2014
1.018	-0.0824	-0.2059
1.01	-0.08276	-0.2011
1.004	-0.07919	-0.1903
1.004	-0.07449	-0.1842
1.001	-0.07523	-0.1818
1.007	-0.07639	-0.1806
1.013	-0.07995	-0.1828
1.01	-0.08596	-0.1912
1.017	-0.08557	-0.194
1.021	-0.08049	-0.1915
1.017	-0.07456	-0.1923
1.017	-0.07312	-0.1904
1.015	-0.07684	-0.1881
1.014	-0.07659	-0.1893
1.016	-0.07441	-0.1953
1.01	-0.07666	-0.1979
1.001	-0.08371	-0.1876
0.9989	-0.08662	-0.1831
1.004	-0.07794	-0.1861
1.005	-0.07229	-0.1855
1.004	-0.07423	-0.1894
1.007	-0.07612	-0.1927
1.013	-0.08266	-0.193
1.021	-0.08625	-0.1949
1.023	-0.08157	-0.1943
1.019	-0.07814	-0.1922
1.015	-0.07497	-0.1882
1.012	-0.07491	-0.1863
1.013	-0.0807	-0.1902
1.013	-0.08256	-0.1928
1.008	-0.08135	-0.1941
1.009	-0.08117	-0.1949
1.012	-0.07891	-0.1939
1.013	-0.07748	-0.1921
1.009	-0.07858	-0.189
1.004	-0.07825	-0.1857
1.005	-0.07687	-0.1848
1.009	-0.07683	-0.1877
1.011	-0.07717	-0.1886
1.01	-0.07654	-0.1853
1.011	-0.07666	-0.1865
1.015	-0.07801	-0.192
1.015	-0.07785	-0.194
1.012	-0.07835	-0.1935
1.013	-0.08188	-0.1949
1.013	-0.08344	-0.1946
1.011	-0.08	-0.1908
1.009	-0.07548	-0.1899
1.008	-0.07476	-0.1907
1.008	-0.07779	-0.1882
1.012	-0.08074	-0.1851
1.015	-0.08183	-0.1855
1.015	-0.08156	-0.1914
1.017	-0.08012	-0.1959
1.017	-0.07892	-0.1954
1.01	-0.07921	-0.1961
1.007	-0.07874	-0.1941
1.006	-0.07738	-0.1895
1.007	-0.07584	-0.1858
1.009	-0.07498	-0.1812
1.008	-0.07799	-0.1819
1.007	-0.07895	-0.1864
1.009	-0.07736	-0.1906
1.014	-0.08147	-0.1952
1.016	-0.08353	-0.1944
1.02	-0.08062	-0.1965
1.02	-0.08013	-0.1988
1.008	-0.07987	-0.1921
1.002	-0.07873	-0.1888
1.007	-0.07611	-0.1873
1.008	-0.07386	-0.1862
1.012	-0.07474	-0.1885
1.019	-0.07608	-0.1882
1.017	-0.08187	-0.1916
1.013	-0.08523	-0.194
1.012	-0.07792	-0.1919
1.013	-0.07607	-0.191
1.011	-0.07934	-0.1856
1.001	-0.07732	-0.181
0.9998	-0.07903	-0.1849
1.007	-0.0818	-0.1936
1.01	-0.08024	-0.1988
1.014	-0.07845	-0.1937
1.018	-0.07568	-0.1886
1.019	-0.07657	-0.1883
1.019	-0.07947	-0.191
1.016	-0.07841	-0.1973
1.011	-0.07895	-0.199
1.009	-0.08076	-0.201
1.012	-0.08072	-0.2005
1.012	-0.0801	-0.1836
1.008	-0.07936	-0.1724
1.003	-0.07853	-0.1738
0.9968	-0.07603	-0.1719
0.9956	-0.07667	-0.1835
1.009	-0.0833	-0.2043
1.022	-0.0847	-0.206
1.022	-0.07652	-0.1977
1.023	-0.07204	-0.1934
1.022	-0.07462	-0.1905
1.012	-0.07541	-0.1889
1.009	-0.07806	-0.1908
1.009	-0.08197	-0.1937
1.008	-0.08065	-0.1912
1.011	-0.07801	-0.188
1.011	-0.07656	-0.1888
1.007	-0.07986	-0.1885
1.004	-0.08272	-0.1864
1.005	-0.08	-0.1852
1.008	-0.08089	-0.1879
1.011	-0.08084	-0.1903
1.016	-0.07779	-0.1925
1.02	-0.07763	-0.1972
1.021	-0.07791	-0.1979
1.017	-0.08062	-0.1966
1.015	-0.08079	-0.1913
1.015	-0.07728	-0.1817
0.9999	-0.07159	-0.1604
1.006	-0.07549	-0.1882
1.004	-0.07904	-0.204
1.005	-0.08046	-0.2081
1.007	-0.07997	-0.2037
1.011	-0.0786	-0.1969
1.014	-0.07745	-0.1878
1.013	-0.0799	-0.1838
1.011	-0.0802	-0.1842
1.012	-0.07796	-0.1854
1.016	-0.0815	-0.1882
1.018	-0.08311	-0.187
1.02	-0.0799	-0.1896
1.02	-0.07926	-0.1931
1.007	-0.07897	-0.1881
1	-0.07791	-0.1867
1.005	-0.07543	-0.187
1.006	-0.07338	-0.1875
1.01	-0.07447	-0.191
1.018	-0.076	-0.1916
1.016	-0.08197	-0.1953
1.012	-0.08546	-0.1977
1.012	-0.07824	-0.1952
1.013	-0.07643	-0.1937
1.011	-0.07971	-0.1875
1.002	-0.07766	-0.1821
1	-0.0793	-0.1851
1.007	-0.08201	-0.1932
1.011	-0.08036	-0.1978
1.014	-0.0785	-0.1924
1.018	-0.07565	-0.1871
1.019	-0.07649	-0.1868
1.019	-0.07935	-0.1896
1.016	-0.07827	-0.1961
1.011	-0.07881	-0.1981
1.009	-0.08062	-0.2004
1.012	-0.0806	-0.2002
1.012	-0.08001	-0.1836
1.007	-0.07929	-0.1726
1.003	-0.07849	-0.1742
0.9966	-0.07603	-0.1724
0.9954	-0.07669	-0.184
1.009	-0.08334	-0.2049
1.022	-0.08475	-0.2065
1.022	-0.07658	-0.1981
1.023	-0.07209	-0.1937
1.022	-0.07467	-0.1906
1.012	-0.07545	-0.1889
1.009	-0.07809	-0.1907
1.009	-0.08198	-0.1936
1.008	-0.08065	-0.191
1.011	-0.07801	-0.1878
1.011	-0.07655	-0.1886
1.007	-0.07984	-0.1883
1.004	-0.0827	-0.1862
1.005	-0.07998	-0.1851
1.008	-0.08087	-0.1878
1.011	-0.08082	-0.1903
1.016	-0.07778	-0.1925
1.02	-0.07762	-0.1972
1.021	-0.0779	-0.198
1.017	-0.08062	-0.1966
1.015	-0.08079	-0.1914
1.015	-0.07729	-0.1818
1.007	-0.07623	-0.1821
0.998	-0.07437	-0.188
0.9989	-0.07514	-0.1891
1.003	-0.07822	-0.188
1.008	-0.07979	-0.1897
1.014	-0.08159	-0.1949
1.018	-0.07822	-0.1982
1.018	-0.07589	-0.197
1.018	-0.07967	-0.1887
1.017	-0.07933	-0.1807
1.014	-0.0792	-0.1878
1.011	-0.08252	-0.2047
1.008	-0.08308	-0.2094
1.008	-0.08273	-0.1926
1.009	-0.08118	-0.1778
1.01	-0.07832	-0.1782
1.012	-0.07603	-0.1765
1.005	-0.07457	-0.1745
0.9996	-0.07463	-0.1816
1.007	-0.07445	-0.1944
1.014	-0.07573	-0.203
1.017	-0.07957	-0.2003
1.019	-0.08246	-0.1989
1.018	-0.08219	-0.1989
1.019	-0.08104	-0.1944
1.018	-0.08169	-0.1936
1.013	-0.07971	-0.1911
1.011	-0.07679	-0.1897
1.006	-0.07375	-0.1876
1.002	-0.06898	-0.178
1.001	-0.07371	-0.1787
1.001	-0.08146	-0.1868
1.006	-0.08255	-0.1895
1.013	-0.08455	-0.1902
1.017	-0.08418	-0.19
1.015	-0.08316	-0.1942
1.016	-0.08319	-0.2013
1.017	-0.07827	-0.202
1.016	-0.07442	-0.1965
1.017	-0.07348	-0.1906
1.014	-0.07364	-0.1867
1.006	-0.07549	-0.1863
1.002	-0.07857	-0.189
1.003	-0.08308	-0.1871
1.005	-0.0844	-0.1863
1.004	-0.08381	-0.1906
1.007	-0.08306	-0.1877
1.015	-0.0777	-0.183
1.018	-0.07315	-0.1843
1.02	-0.07426	-0.1936
1.023	-0.07732	-0.2001
1.021	-0.07988	-0.1914
1.014	-0.07756	-0.187
1.01	-0.07189	-0.1883
1.006	-0.07207	-0.1907
1.005	-0.07657	-0.1992
1.012	-0.08139	-0.1993
1.016	-0.08635	-0.2012
1.012	-0.08548	-0.2
0.9999	-0.07944	-0.1756
0.99	-0.07686	-0.1635
0.9989	-0.07769	-0.18
1.02	-0.07791	-0.199
1.028	-0.08178	-0.2025
1.021	-0.08251	-0.1884
1.008	-0.07946	-0.1884
1.005	-0.07846	-0.187
1.007	-0.07961	-0.1857
1.009	-0.07942	-0.1884
1.014	-0.07982	-0.1949
1.017	-0.07549	-0.1994
1.016	-0.07268	-0.199
1.016	-0.07642	-0.1911
1.015	-0.0764	-0.183
1.012	-0.07684	-0.1897
1.009	-0.08088	-0.2061
1.007	-0.08221	-0.21
1.007	-0.0826	-0.1925
1.009	-0.08168	-0.177
1.01	-0.07931	-0.177
1.012	-0.07733	-0.175
1.005	-0.07602	-0.1728
1	-0.07607	-0.1799
1.008	-0.07575	-0.1929
1.014	-0.0768	-0.2019
1.018	-0.08034	-0.1994
1.02	-0.08292	-0.1984
1.018	-0.08235	-0.1988
1.02	-0.08094	-0.1947
1.018	-0.08137	-0.1941
1.013	-0.07924	-0.1918
1.011	-0.07624	-0.1904
1.006	-0.07318	-0.1883
1.002	-0.06845	-0.1786
1.001	-0.07325	-0.1793
1.001	-0.08111	-0.1873
1.006	-0.08231	-0.1897
1.012	-0.08443	-0.1904
1.017	-0.08417	-0.19
1.015	-0.08323	-0.1941
1.016	-0.08334	-0.2011
1.017	-0.07846	-0.2017
1.016	-0.07462	-0.1963
1.017	-0.07369	-0.1903
1.014	-0.07383	-0.1865
1.006	-0.07564	-0.1861
1.002	-0.07868	-0.1889
1.004	-0.08314	-0.187
1.005	-0.08443	-0.1863
1.004	-0.0838	-0.1907
1.007	-0.08302	-0.1877
1.015	-0.07764	-0.1831
1.018	-0.07307	-0.1844
1.02	-0.07419	-0.1937
1.023	-0.07725	-0.2002
1.021	-0.07982	-0.1915
1.014	-0.07751	-0.1871
1.01	-0.07186	-0.1884
1.006	-0.07206	-0.1907
1.005	-0.07657	-0.1992
1.012	-0.0814	-0.1993
1.016	-0.08637	-0.2012
1.012	-0.0855	-0.2
0.9999	-0.07947	-0.1755
0.99	-0.07689	-0.1635
0.9989	-0.07772	-0.18
1.02	-0.07793	-0.1989
1.028	-0.0818	-0.2025
1.015	-0.0872	-0.1847
1.014	-0.08364	-0.1778
1.021	-0.07675	-0.1974
1.008	-0.07377	-0.1988
1.001	-0.07042	-0.1865
1.004	-0.06768	-0.1925
1.003	-0.07069	-0.1988
1.012	-0.08123	-0.1981
1.017	-0.09069	-0.1908
1.013	-0.08935	-0.1845
1.017	-0.07955	-0.1943
1.017	-0.07345	-0.1979
1.019	-0.08035	-0.1947
1.022	-0.08739	-0.1933
1.015	-0.08673	-0.1845
1.008	-0.08553	-0.1793
1.003	-0.07767	-0.1793
1.007	-0.06699	-0.1826
1.009	-0.06667	-0.1875
1.004	-0.06939	-0.1883
1.004	-0.06793	-0.1921
1.005	-0.07104	-0.194
1.006	-0.08049	-0.1941
1.014	-0.08511	-0.1989
1.018	-0.08409	-0.1986
1.015	-0.08347	-0.1888
1.01	-0.08529	-0.1781
1.009	-0.0858	-0.1796
1.015	-0.07748	-0.1891
1.018	-0.07281	-0.194
1.015	-0.07939	-0.1984
1.013	-0.08171	-0.2031
1.008	-0.08251	-0.2005
1.007	-0.08618	-0.1942
1.014	-0.08291	-0.1906
1.016	-0.07488	-0.1879
1.012	-0.07045	-0.1855
1.01	-0.07173	-0.1825
1.01	-0.07326	-0.1803
1.012	-0.07823	-0.1861
1.014	-0.08637	-0.1946
1.008	-0.08498	-0.1968
1.005	-0.08295	-0.1955
1.009	-0.08084	-0.1917
1.007	-0.07488	-0.1874
1.009	-0.0789	-0.1866
1.011	-0.07787	-0.1862
1.01	-0.06899	-0.1863
1.011	-0.06999	-0.1888
1.012	-0.07397	-0.1896
1.016	-0.07804	-0.1892
1.02	-0.07982	-0.1916
1.015	-0.07955	-0.1942
1.011	-0.08263	-0.1961
1.009	-0.08624	-0.1967
1.008	-0.08807	-0.1943
1.009	-0.08213	-0.189
1.01	-0.07752	-0.1852
1.011	-0.07876	-0.187
1.009	-0.07726	-0.19
1.01	-0.07944	-0.1919
1.015	-0.07879	-0.1944
1.015	-0.07623	-0.1964
1.008	-0.08003	-0.1934
1.011	-0.07727	-0.1851
1.012	-0.07782	-0.1754
1.021	-0.07415	-0.1931
1.009	-0.07358	-0.1938
1.001	-0.07191	-0.1816
1.005	-0.07022	-0.1883
1.003	-0.07374	-0.1958
1.011	-0.08435	-0.1964
1.016	-0.09355	-0.1904
1.012	-0.09173	-0.1853
1.016	-0.0813	-0.196
1.016	-0.07454	-0.2002
1.018	-0.08079	-0.1973
1.022	-0.08726	-0.196
1.015	-0.08615	-0.1869
1.008	-0.08463	-0.1813
1.004	-0.0766	-0.1807
1.007	-0.06587	-0.1834
1.01	-0.06562	-0.1878
1.005	-0.06848	-0.1881
1.005	-0.06722	-0.1914
1.005	-0.07056	-0.1931
1.006	-0.08024	-0.193
1.014	-0.08508	-0.1978
1.018	-0.08424	-0.1976
1.015	-0.08375	-0.1879
1.009	-0.08565	-0.1775
1.008	-0.0862	-0.1791
1.015	-0.07787	-0.1889
1.017	-0.07316	-0.194
1.015	-0.07968	-0.1986
1.012	-0.08191	-0.2034
1.007	-0.08263	-0.2009
1.007	-0.08622	-0.1947
1.014	-0.08288	-0.191
1.016	-0.0748	-0.1883
1.012	-0.07033	-0.1858
1.01	-0.07159	-0.1827
1.01	-0.07311	-0.1804
1.012	-0.07809	-0.1861
1.014	-0.08625	-0.1946
1.008	-0.08489	-0.1967
1.005	-0.08289	-0.1954
1.009	-0.08081	-0.1915
1.007	-0.07487	-0.1873
1.009	-0.07892	-0.1864
1.011	-0.0779	-0.186
1.01	-0.06904	-0.1862
1.011	-0.07004	-0.1888
1.012	-0.07402	-0.1896
1.016	-0.07808	-0.1892
1.02	-0.07986	-0.1916
1.015	-0.07958	-0.1943
1.011	-0.08265	-0.1962
1.009	-0.08625	-0.1968
1.008	-0.08807	-0.1944
1.009	-0.08211	-0.189
1.01	-0.0775	-0.1852
1.011	-0.07874	-0.187
1.009	-0.07724	-0.19
1.01	-0.07942	-0.1919
1.015	-0.07877	-0.1944
1.015	-0.07622	-0.1964
1.008	-0.08003	-0.1934
1.007	-0.07814	-0.1869
1.012	-0.07605	-0.1858
1.013	-0.07602	-0.1856
1.007	-0.07158	-0.1812
1.009	-0.07256	-0.1814
1.016	-0.07626	-0.1868
1.019	-0.07768	-0.1951
1.018	-0.08043	-0.202
1.017	-0.08324	-0.2033
1.013	-0.08692	-0.2012
1.005	-0.08883	-0.1934
0.9999	-0.08403	-0.1867
0.9974	-0.07798	-0.1848
0.9994	-0.07597	-0.1789
1.005	-0.07483	-0.178
1.011	-0.07537	-0.1862
1.02	-0.07794	-0.1927
1.022	-0.07817	-0.1955
1.016	-0.07851	-0.1937
1.018	-0.08033	-0.1915
1.02	-0.08125	-0.192
1.022	-0.07962	-0.1957
1.024	-0.07616	-0.2055
1.021	-0.07518	-0.2053
1.006	-0.07448	-0.1862
0.9852	-0.07405	-0.1727
0.9868	-0.07681	-0.1764
0.9942	-0.07958	-0.1821
0.9972	-0.08255	-0.1855
1.01	-0.08082	-0.1892
1.016	-0.07448	-0.1891
1.018	-0.07681	-0.1907
1.031	-0.08418	-0.1967
1.038	-0.08698	-0.2004
1.034	-0.08611	-0.201
1.023	-0.08338	-0.1997
1.006	-0.08055	-0.1995
0.993	-0.07614	-0.197
0.9912	-0.07412	-0.1841
0.9906	-0.07507	-0.1684
0.9969	-0.07319	-0.1677
1.01	-0.07353	-0.1829
1.011	-0.07457	-0.1937
1.016	-0.07504	-0.1954
1.024	-0.08034	-0.1999
1.023	-0.08462	-0.2069
1.027	-0.08488	-0.2056
1.026	-0.07905	-0.1924
1.011	-0.07149	-0.1791
0.998	-0.07422	-0.1786
0.998	-0.08117	-0.188
1.003	-0.08563	-0.1903
1.002	-0.08565	-0.181
1.002	-0.08002	-0.1757
1.011	-0.07753	-0.1864
1.022	-0.07761	-0.2097
1.026	-0.07753	-0.2211
1.021	-0.07911	-0.2048
1.018	-0.07982	-0.1824
1.013	-0.07953	-0.1772
1.004	-0.07474	-0.1859
0.9982	-0.07019	-0.1864
0.9977	-0.0741	-0.172
1.002	-0.07935	-0.1691
1.014	-0.08609	-0.1956
1.019	-0.0848	-0.1994
1.018	-0.08349	-0.2002
1.012	-0.0767	-0.1942
1.013	-0.075	-0.1914
1.018	-0.0762	-0.1933
1.02	-0.07562	-0.198
1.018	-0.07702	-0.2017
1.016	-0.07915	-0.2005
1.012	-0.08276	-0.1967
1.004	-0.08509	-0.188
0.9983	-0.08106	-0.1812
0.996	-0.07598	-0.1798
0.9982	-0.07501	-0.1749
1.004	-0.07483	-0.1752
1.01	-0.07619	-0.1846
1.019	-0.07937	-0.1923
1.022	-0.07998	-0.1961
1.017	-0.08047	-0.1951
1.018	-0.08223	-0.1935
1.021	-0.08293	-0.1942
1.023	-0.08095	-0.1979
1.025	-0.07708	-0.2075
1.022	-0.07568	-0.207
1.006	-0.07458	-0.1875
0.9854	-0.0738	-0.1734
0.9869	-0.07629	-0.1767
0.9942	-0.07888	-0.1819
0.997	-0.08177	-0.185
1.01	-0.08004	-0.1885
1.016	-0.07376	-0.1882
1.018	-0.07621	-0.1898
1.031	-0.08373	-0.1958
1.038	-0.0867	-0.1996
1.033	-0.08599	-0.2004
1.023	-0.0834	-0.1993
1.006	-0.08068	-0.1993
0.993	-0.07636	-0.1969
0.9912	-0.07439	-0.1842
0.9906	-0.07535	-0.1686
0.997	-0.07346	-0.168
1.01	-0.07377	-0.1832
1.011	-0.07476	-0.194
1.016	-0.07518	-0.1957
1.024	-0.08041	-0.2001
1.023	-0.08464	-0.2071
1.027	-0.08485	-0.2057
1.026	-0.07898	-0.1925
1.011	-0.0714	-0.179
0.998	-0.07412	-0.1785
0.998	-0.08107	-0.1879
1.003	-0.08554	-0.1902
1.002	-0.08557	-0.1809
1.002	-0.07996	-0.1756
1.011	-0.0775	-0.1863
1.022	-0.0776	-0.2096
1.026	-0.07754	-0.2211
1.021	-0.07913	-0.2048
1.018	-0.07985	-0.1824
1.013	-0.07957	-0.1772
1.004	-0.07478	-0.1859
0.9982	-0.07023	-0.1864
0.9977	-0.07413	-0.1721
1.002	-0.07937	-0.1691
1.008	-0.08208	-0.1854
1.017	-0.08263	-0.2015
1.027	-0.08228	-0.2088
1.026	-0.08243	-0.2051
1.013	-0.08025	-0.192
1.006	-0.07986	-0.1874
1.013	-0.08036	-0.2041
1.012	-0.07878	-0.2106
1.006	-0.07884	-0.1886
1.007	-0.0767	-0.1733
1.006	-0.07401	-0.1724
1.011	-0.07356	-0.175
1.014	-0.07111	-0.1808
1.007	-0.07283	-0.184
1.006	-0.08197	-0.1974
1.011	-0.09035	-0.2114
1.016	-0.09184	-0.2102
1.018	-0.08457	-0.2052
1.009	-0.0717	-0.1886
1.005	-0.0653	-0.1774
1.009	-0.07039	-0.1834
1.012	-0.07617	-0.1781
1.015	-0.07834	-0.1752
1.016	-0.08024	-0.182
1.01	-0.08686	-0.1858
1.008	-0.09275	-0.1955
1.014	-0.08491	-0.2046
1.017	-0.07633	-0.211
1.018	-0.07493	-0.2069
1.014	-0.07572	-0.1909
1.008	-0.08047	-0.1846
1.004	-0.07868	-0.1816
1.001	-0.07323	-0.1817
0.9989	-0.07164	-0.1867
1.005	-0.07336	-0.1867
1.013	-0.08099	-0.1879
1.014	-0.08278	-0.1862
1.018	-0.08101	-0.1885
1.021	-0.0825	-0.196
1.019	-0.08008	-0.1946
1.016	-0.07802	-0.1955
1.011	-0.07757	-0.1959
1.008	-0.07731	-0.1912
1.011	-0.07711	-0.1906
1.011	-0.07666	-0.1906
1.009	-0.07933	-0.1909
1.003	-0.08136	-0.1896
1	-0.08217	-0.1867
1.008	-0.08298	-0.1872
1.016	-0.08023	-0.1924
1.017	-0.07556	-0.1943
1.014	-0.07323	-0.1847
1.011	-0.07281	-0.1795
1.012	-0.07383	-0.1849
1.014	-0.08226	-0.1909
1.016	-0.09008	-0.1956
1.014	-0.08576	-0.1941
1.012	-0.07838	-0.1953
1.008	-0.07167	-0.1998
1.006	-0.07013	-0.1945
1.009	-0.07748	-0.1912
1.01	-0.07922	-0.1913
1.007	-0.07689	-0.1884
1.008	-0.07788	-0.188
0.9998	-0.08005	-0.189
1.012	-0.08072	-0.1895
1.024	-0.08118	-0.1903
1.025	-0.08232	-0.1863
1.013	-0.08102	-0.1765
1.007	-0.08125	-0.1771
1.014	-0.08204	-0.1994
1.013	-0.08044	-0.211
1.008	-0.08023	-0.1931
1.008	-0.07766	-0.1806
1.007	-0.07446	-0.1811
1.011	-0.07349	-0.1838
1.014	-0.07059	-0.1888
1.007	-0.07196	-0.1904
1.006	-0.08088	-0.2018
1.011	-0.08917	-0.2137
1.016	-0.0907	-0.2104
1.018	-0.08356	-0.2038
1.009	-0.0709	-0.1858
1.004	-0.06476	-0.1738
1.009	-0.07011	-0.1795
1.011	-0.07614	-0.1742
1.015	-0.07852	-0.1718
1.016	-0.0806	-0.1792
1.01	-0.08733	-0.1838
1.009	-0.09327	-0.1944
1.014	-0.08543	-0.2043
1.017	-0.0768	-0.2114
1.018	-0.07533	-0.2078
1.015	-0.07602	-0.1922
1.008	-0.08066	-0.1862
1.004	-0.07877	-0.1832
1.001	-0.07322	-0.1831
0.9989	-0.07155	-0.1879
1.005	-0.07322	-0.1876
1.013	-0.08082	-0.1885
1.014	-0.0826	-0.1865
1.018	-0.08082	-0.1885
1.021	-0.08234	-0.1958
1.019	-0.07995	-0.1942
1.016	-0.07793	-0.195
1.011	-0.07752	-0.1953
1.008	-0.0773	-0.1907
1.011	-0.07713	-0.1901
1.011	-0.0767	-0.1902
1.009	-0.07939	-0.1906
1.003	-0.08142	-0.1895
1	-0.08224	-0.1866
1.008	-0.08305	-0.1873
1.016	-0.08028	-0.1925
1.017	-0.07559	-0.1945
1.015	-0.07326	-0.1849
1.011	-0.07282	-0.1797
1.012	-0.07383	-0.1851
1.014	-0.08225	-0.1911
1.016	-0.09006	-0.1957
1.014	-0.08574	-0.1941
1.012	-0.07836	-0.1954
1.008	-0.07165	-0.1998
1.006	-0.07011	-0.1945
1.009	-0.07746	-0.1911
1.01	-0.07921	-0.1912
1.007	-0.07688	-0.1884
1.008	-0.07788	-0.1879
1.009	-0.07831	-0.1869
1.012	-0.08089	-0.188
1.015	-0.08317	-0.189
1.013	-0.08196	-0.1834
1.015	-0.07991	-0.184
1.019	-0.07941	-0.1931
1.017	-0.08368	-0.1985
1.004	-0.08652	-0.196
1	-0.08252	-0.1896
1.015	-0.07647	-0.1895
1.019	-0.07414	-0.1921
1.012	-0.07838	-0.1855
1.011	-0.0778	-0.1834
1.006	-0.06556	-0.1894
1.002	-0.06092	-0.1859
1.011	-0.07002	-0.1861
1.014	-0.07862	-0.195
1.012	-0.0852	-0.1938
1.014	-0.08845	-0.1956
1.019	-0.0864	-0.2077
1.018	-0.08699	-0.2066
1.008	-0.08786	-0.1897
1.003	-0.0843	-0.181
1.008	-0.07953	-0.1846
1.006	-0.07467	-0.1841
1.004	-0.07093	-0.1852
1.007	-0.0686	-0.1879
1.012	-0.06949	-0.1859
1.018	-0.07615	-0.189
1.018	-0.08633	-0.1893
1.016	-0.09018	-0.1877
1.018	-0.08185	-0.1904
1.016	-0.07764	-0.1898
1.015	-0.0787	-0.192
1.008	-0.0746	-0.1947
0.9991	-0.07741	-0.1943
1.002	-0.07842	-0.1939
1.009	-0.0717	-0.1926
1.012	-0.07649	-0.1946
1.014	-0.08451	-0.1939
1.013	-0.08538	-0.1912
1.01	-0.0833	-0.1899
1.004	-0.07903	-0.1868
1.007	-0.07655	-0.1874
1.014	-0.0766	-0.1864
1.015	-0.07901	-0.1828
1.015	-0.08048	-0.1845
1.014	-0.08048	-0.1894
1.014	-0.08211	-0.1951
1.02	-0.0796	-0.2007
1.019	-0.07361	-0.2018
1.01	-0.06693	-0.1902
1.004	-0.06069	-0.1817
1.005	-0.06312	-0.188
1.007	-0.07641	-0.1869
1.01	-0.09129	-0.1872
1.013	-0.09401	-0.1914
1.007	-0.08594	-0.1865
1.007	-0.08157	-0.1921
1.014	-0.08333	-0.1993
1.014	-0.08541	-0.1973
1.012	-0.08604	-0.1935
1.012	-0.08526	-0.1813
1.012	-0.08251	-0.1799
1.01	-0.0862	-0.1911
1.011	-0.0776	-0.194
1.012	-0.07292	-0.1951
1.01	-0.06835	-0.1884
1.012	-0.0658	-0.1873
1.017	-0.06688	-0.1947
1.015	-0.07406	-0.1985
1.004	-0.08046	-0.1947
1	-0.08012	-0.1874
1.015	-0.07739	-0.1869
1.02	-0.07775	-0.1894
1.013	-0.08388	-0.1831
1.013	-0.08432	-0.1815
1.007	-0.07232	-0.188
1.003	-0.06723	-0.1852
1.012	-0.07536	-0.1859
1.014	-0.08264	-0.1954
1.012	-0.08774	-0.1946
1.014	-0.08953	-0.1967
1.018	-0.08615	-0.2089
1.018	-0.08566	-0.2078
1.008	-0.08575	-0.1908
1.003	-0.08172	-0.1818
1.007	-0.07679	-0.1852
1.006	-0.07205	-0.1844
1.004	-0.06863	-0.1853
1.007	-0.06678	-0.1878
1.012	-0.06823	-0.1856
1.018	-0.07545	-0.1886
1.019	-0.08617	-0.1889
1.016	-0.09048	-0.1872
1.018	-0.0825	-0.19
1.017	-0.07852	-0.1894
1.015	-0.07969	-0.1917
1.008	-0.0756	-0.1946
0.9993	-0.07833	-0.1942
1.003	-0.07919	-0.1939
1.009	-0.07227	-0.1927
1.012	-0.07686	-0.1947
1.014	-0.08466	-0.194
1.013	-0.08535	-0.1914
1.01	-0.08312	-0.1901
1.004	-0.07874	-0.1869
1.007	-0.0762	-0.1875
1.014	-0.07623	-0.1865
1.015	-0.07865	-0.1829
1.015	-0.08017	-0.1846
1.014	-0.08023	-0.1893
1.014	-0.08194	-0.1951
1.02	-0.07951	-0.2006
1.019	-0.07359	-0.2018
1.01	-0.06697	-0.1902
1.004	-0.06077	-0.1817
1.005	-0.06324	-0.188
1.007	-0.07654	-0.1869
1.01	-0.09143	-0.1871
1.013	-0.09413	-0.1914
1.007	-0.08604	-0.1865
1.007	-0.08164	-0.1921
1.014	-0.08338	-0.1994
1.014	-0.08543	-0.1973
1.012	-0.08603	-0.1935
1.012	-0.08523	-0.1814
1.012	-0.08247	-0.1799
1.012	-0.07873	-0.1937
1.01	-0.07285	-0.1992
1.01	-0.06843	-0.1945
1.01	-0.0745	-0.1844
1.013	-0.08514	-0.1806
1.014	-0.0895	-0.1889
1.01	-0.08424	-0.1943
1.01	-0.07288	-0.1919
1.014	-0.0645	-0.1889
1.014	-0.05971	-0.1882
1.011	-0.05998	-0.1892
1.011	-0.06655	-0.1928
1.013	-0.07073	-0.1981
1.012	-0.0767	-0.1993
1.01	-0.08939	-0.1938
1.011	-0.09582	-0.1906
1.012	-0.09463	-0.1907
1.007	-0.09367	-0.1861
1.005	-0.091	-0.1849
1.006	-0.08744	-0.1858
1.004	-0.08228	-0.183
1.01	-0.07694	-0.1852
1.019	-0.07762	-0.1881
1.019	-0.07645	-0.1905
1.018	-0.07049	-0.194
1.018	-0.06744	-0.1924
1.015	-0.06807	-0.1959
1.013	-0.07117	-0.2012
1.008	-0.07347	-0.1959
1.005	-0.07505	-0.1885
1.007	-0.07789	-0.187
1.005	-0.0819	-0.1915
1.002	-0.08716	-0.1925
1.005	-0.08724	-0.1864
1.012	-0.0832	-0.1855
1.017	-0.08118	-0.1874
1.015	-0.07954	-0.1859
1.015	-0.07958	-0.186
1.018	-0.07979	-0.1895
1.017	-0.0775	-0.1953
1.016	-0.07689	-0.1971
1.011	-0.07895	-0.1918
1.008	-0.07958	-0.1896
1.011	-0.07795	-0.1922
1.009	-0.0773	-0.1921
1.005	-0.07534	-0.1922
1.004	-0.07322	-0.1914
1.007	-0.0766	-0.187
1.009	-0.07973	-0.1878
1.011	-0.07941	-0.1907
1.015	-0.07809	-0.1898
1.015	-0.07704	-0.1913
1.014	-0.08049	-0.1894
1.014	-0.08346	-0.1841
1.011	-0.08192	-0.1874
1.013	-0.08137	-0.1932
1.014	-0.08056	-0.1937
1.009	-0.07886	-0.193
1.009	-0.07855	-0.1918
1.007	-0.07743	-0.1922
1.009	-0.07649	-0.1953
1.013	-0.07704	-0.1936
1.014	-0.07694	-0.1874
1.013	-0.07675	-0.1856
