0.9009	0.001722	-0.2591
0.9469	-0.01589	-0.3097
0.966	-0.031	-0.32
0.9585	-0.0426	-0.2777
0.9777	-0.04641	-0.2681
0.9738	-0.04438	-0.2786
0.9213	-0.04759	-0.2731
0.8729	-0.0385	-0.2738
0.7654	-0.02478	-0.2694
0.6621	-0.01837	-0.2605
0.6714	-0.001541	-0.2455
0.7379	0.002476	-0.2258
0.8409	-0.009461	-0.2288
0.9115	-0.01001	-0.2356
0.9088	-0.01126	-0.236
0.9277	-0.0184	-0.2406
0.9889	-0.03109	-0.254
1.055	-0.04978	-0.2855
1.065	-0.05481	-0.2924
1.02	-0.04347	-0.242
0.9946	-0.03538	-0.1755
0.9742	-0.04149	-0.1532
0.9619	-0.04317	-0.1787
0.9707	-0.02708	-0.1938
0.9703	-0.01539	-0.2086
0.9752	-0.03014	-0.2857
1.016	-0.09231	-0.3998
1.106	-0.1939	-0.4828
1.186	-0.2538	-0.5049
1.195	-0.2412	-0.458
1.211	-0.2339	-0.3717
1.277	-0.2442	-0.3219
1.316	-0.2304	-0.3205
1.298	-0.2184	-0.3325
1.273	-0.2018	-0.3809
1.246	-0.1675	-0.4303
1.157	-0.1554	-0.4001
1.003	-0.1419	-0.3321
0.8623	-0.1118	-0.2787
0.792	-0.1044	-0.2338
0.761	-0.1074	-0.2306
0.7371	-0.1053	-0.2391
0.7417	-0.1103	-0.2024
0.751	-0.1119	-0.1831
0.7356	-0.0992	-0.1734
0.72	-0.08233	-0.1443
0.6821	-0.08216	-0.154
0.6444	-0.105	-0.1719
0.6958	-0.1336	-0.1879
0.8116	-0.155	-0.21
0.9189	-0.1633	-0.2392
0.9724	-0.1498	-0.2988
1.003	-0.1282	-0.2923
1.085	-0.1173	-0.2615
1.118	-0.1012	-0.2828
1.083	-0.07736	-0.2615
1.097	-0.07427	-0.2567
1.086	-0.08466	-0.2771
1.025	-0.09333	-0.2553
0.9688	-0.1118	-0.2527
0.8707	-0.1239	-0.2381
0.8164	-0.1161	-0.2354
0.8685	-0.1078	-0.3378
0.954	-0.1049	-0.506
1.127	-0.1036	-0.6587
1.528	-0.1029	-0.7901
1.874	-0.08573	-0.8737
1.566	-0.03161	-0.5985
1.088	0.01522	-0.1547
1.143	-0.03196	-0.1442
1.012	-0.1145	-0.1386
0.7681	-0.1078	-0.03615
0.9998	-0.06184	-0.3135
0.9587	-0.02893	-0.3878
0.8205	-0.001003	-0.2823
0.9212	-0.02131	-0.3588
0.8022	-0.04928	-0.2408
0.8831	-0.06679	-0.2275
0.9861	-0.08955	-0.3059
0.8608	-0.06804	-0.2463
0.8735	-0.05328	-0.2889
0.7628	-0.04861	-0.2116
0.7271	-0.01724	-0.1293
0.8516	-0.0151	-0.1654
0.8846	-0.01231	-0.1802
0.9555	-0.004499	-0.2833
0.8989	-0.01819	-0.3032
0.8507	-0.02667	-0.27
0.9199	-0.05762	-0.2758
0.9068	-0.08909	-0.2558
0.9057	-0.08059	-0.2592
0.8813	-0.04178	-0.1955
0.8523	0.01472	-0.1456
0.8592	0.02854	-0.1502
0.8484	-0.01483	-0.1657
0.8901	-0.08237	-0.2689
0.9919	-0.1956	-0.4161
1.187	-0.3362	-0.5491
1.406	-0.4241	-0.5678
1.52	-0.4349	-0.5405
1.566	-0.4005	-0.5008
1.571	-0.3102	-0.3375
1.479	-0.1463	-0.274
1.248	-0.0164	-0.319
1.019	-0.008572	-0.2752
0.8936	-0.03203	-0.2258
0.8001	-0.05271	-0.2075
0.7416	-0.1139	-0.2021
0.7412	-0.1633	-0.1956
0.7776	-0.1976	-0.1954
0.8273	-0.2292	-0.2229
0.8795	-0.2131	-0.2257
0.9005	-0.1702	-0.2143
0.8504	-0.1052	-0.1936
0.8035	-0.03806	-0.1534
0.793	-0.03354	-0.1261
0.783	-0.05532	-0.1174
0.7653	-0.0737	-0.1305
0.7522	-0.1161	-0.138
0.8109	-0.1618	-0.1408
0.9161	-0.1804	-0.1887
0.9663	-0.1684	-0.2547
0.9519	-0.1434	-0.2673
0.9576	-0.1255	-0.2331
1.016	-0.1224	-0.2173
1.016	-0.1198	-0.209
0.971	-0.1021	-0.1848
0.9522	-0.1061	-0.1776
1.127	-0.1036	-0.6587
1.528	-0.1029	-0.7901
1.874	-0.08573	-0.8737
1.566	-0.03161	-0.5985
1.088	0.01522	-0.1547
1.143	-0.03196	-0.1442
1.012	-0.1145	-0.1386
0.7681	-0.1078	-0.03615
0.9998	-0.06184	-0.3135
0.9587	-0.02893	-0.3878
0.8205	-0.001003	-0.2823
0.9212	-0.02131	-0.3588
0.8022	-0.04928	-0.2408
0.8831	-0.06679	-0.2275
0.9861	-0.08955	-0.3059
0.8608	-0.06804	-0.2463
0.8735	-0.05328	-0.2889
0.7628	-0.04861	-0.2116
0.7271	-0.01724	-0.1293
0.8516	-0.0151	-0.1654
0.8846	-0.01231	-0.1802
0.9555	-0.004499	-0.2833
0.8989	-0.01819	-0.3032
0.8507	-0.02667	-0.27
0.9199	-0.05762	-0.2758
0.9068	-0.08909	-0.2558
0.9057	-0.08059	-0.2592
0.8813	-0.04178	-0.1955
0.8523	0.01472	-0.1456
0.8592	0.02854	-0.1502
0.8484	-0.01483	-0.1657
0.8901	-0.08237	-0.2689
0.9919	-0.1956	-0.4161
1.187	-0.3362	-0.5491
1.406	-0.4241	-0.5678
1.52	-0.4349	-0.5405
1.566	-0.4005	-0.5008
1.571	-0.3102	-0.3375
1.479	-0.1463	-0.274
1.248	-0.0164	-0.319
1.019	-0.008572	-0.2752
0.8936	-0.03203	-0.2258
0.8001	-0.05271	-0.2075
0.7416	-0.1139	-0.2021
0.7412	-0.1633	-0.1956
0.7776	-0.1976	-0.1954
0.8273	-0.2292	-0.2229
0.8795	-0.2131	-0.2257
0.9005	-0.1702	-0.2143
0.8504	-0.1052	-0.1936
0.8035	-0.03806	-0.1534
0.793	-0.03354	-0.1261
0.783	-0.05532	-0.1174
0.7653	-0.0737	-0.1305
0.7522	-0.1161	-0.138
0.8109	-0.1618	-0.1408
0.9161	-0.1804	-0.1887
0.9663	-0.1684	-0.2547
0.9519	-0.1434	-0.2673
0.9576	-0.1255	-0.2331
1.016	-0.1224	-0.2173
1.016	-0.1198	-0.209
0.971	-0.1021	-0.1848
0.9522	-0.1061	-0.1776
0.9281	-0.1197	-0.2026
0.9721	-0.09661	-0.3007
1.137	-0.07075	-0.4781
1.38	-0.05071	-0.6557
1.553	-0.04012	-0.7279
1.498	-0.0395	-0.6026
1.326	-0.02326	-0.3755
1.176	-0.0486	-0.2332
1.154	-0.1079	-0.2262
1.221	-0.138	-0.3317
1.127	-0.1376	-0.4046
0.9696	-0.09299	-0.3126
0.8341	-0.04968	-0.1946
0.7005	-0.04172	-0.177
0.7344	-0.0462	-0.2092
0.8038	-0.06099	-0.2589
0.8493	-0.0625	-0.3003
0.8958	-0.0554	-0.2946
0.8208	-0.0346	-0.243
0.7933	-0.009398	-0.1904
0.8009	-0.01816	-0.1705
0.7568	-0.01931	-0.1493
0.7771	-0.01718	-0.1497
0.7826	-0.02861	-0.1902
0.7872	-0.01739	-0.1924
0.8442	-0.005056	-0.1939
0.9193	-0.008865	-0.2448
0.9973	-0.02657	-0.2767
1.003	-0.0471	-0.2705
0.9563	-0.04429	-0.2339
0.8985	-0.04256	-0.2083
0.8777	-0.07373	-0.2454
0.9171	-0.1242	-0.3301
0.9732	-0.1848	-0.4551
1.116	-0.2679	-0.5571
1.309	-0.3447	-0.5834
1.439	-0.3683	-0.5895
1.487	-0.3535	-0.5644
1.446	-0.3135	-0.4515
1.372	-0.2278	-0.3114
1.269	-0.1433	-0.2788
1.134	-0.09173	-0.3368
1.028	-0.03205	-0.3444
0.9532	-0.02452	-0.3188
0.9105	-0.08791	-0.3046
0.8505	-0.1142	-0.2585
0.8006	-0.1253	-0.224
0.8049	-0.142	-0.2075
0.7792	-0.1285	-0.1791
0.7943	-0.1226	-0.1822
0.8283	-0.1109	-0.1776
0.7876	-0.09682	-0.1516
0.7824	-0.09942	-0.1431
0.7698	-0.1033	-0.1298
0.7454	-0.1261	-0.1453
0.7838	-0.1335	-0.1758
0.8268	-0.1417	-0.1889
0.8992	-0.1783	-0.2373
0.9572	-0.1844	-0.2699
0.9593	-0.1778	-0.253
0.9574	-0.1538	-0.2389
0.9446	-0.1036	-0.2101
0.9445	-0.08867	-0.1778
0.9304	-0.08325	-0.1845
0.9281	-0.1197	-0.2026
0.9721	-0.09661	-0.3007
1.137	-0.07075	-0.4781
1.38	-0.05071	-0.6557
1.553	-0.04012	-0.7279
1.498	-0.0395	-0.6026
1.326	-0.02326	-0.3755
1.176	-0.0486	-0.2332
1.154	-0.1079	-0.2262
1.221	-0.138	-0.3317
1.127	-0.1376	-0.4046
0.9696	-0.09299	-0.3126
0.8341	-0.04968	-0.1946
0.7005	-0.04172	-0.177
0.7344	-0.0462	-0.2092
0.8038	-0.06099	-0.2589
0.8493	-0.0625	-0.3003
0.8958	-0.0554	-0.2946
0.8208	-0.0346	-0.243
0.7933	-0.009398	-0.1904
0.8009	-0.01816	-0.1705
0.7568	-0.01931	-0.1493
0.7771	-0.01718	-0.1497
0.7826	-0.02861	-0.1902
0.7872	-0.01739	-0.1924
0.8442	-0.005056	-0.1939
0.9193	-0.008865	-0.2448
0.9973	-0.02657	-0.2767
1.003	-0.0471	-0.2705
0.9563	-0.04429	-0.2339
0.8985	-0.04256	-0.2083
0.8777	-0.07373	-0.2454
0.9171	-0.1242	-0.3301
0.9732	-0.1848	-0.4551
1.116	-0.2679	-0.5571
1.309	-0.3447	-0.5834
1.439	-0.3683	-0.5895
1.487	-0.3535	-0.5644
1.446	-0.3135	-0.4515
1.372	-0.2278	-0.3114
1.269	-0.1433	-0.2788
1.134	-0.09173	-0.3368
1.028	-0.03205	-0.3444
0.9532	-0.02452	-0.3188
0.9105	-0.08791	-0.3046
0.8505	-0.1142	-0.2585
0.8006	-0.1253	-0.224
0.8049	-0.142	-0.2075
0.7792	-0.1285	-0.1791
0.7943	-0.1226	-0.1822
0.8283	-0.1109	-0.1776
0.7876	-0.09682	-0.1516
0.7824	-0.09942	-0.1431
0.7698	-0.1033	-0.1298
0.7454	-0.1261	-0.1453
0.7838	-0.1335	-0.1758
0.8268	-0.1417	-0.1889
0.8992	-0.1783	-0.2373
0.9572	-0.1844	-0.2699
0.9593	-0.1778	-0.253
0.9574	-0.1538	-0.2389
0.9446	-0.1036	-0.2101
0.9445	-0.08867	-0.1778
0.9304	-0.08325	-0.1845
0.8898	-0.07068	-0.2018
0.8932	-0.07249	-0.2294
0.9952	-0.06525	-0.347
1.209	-0.06428	-0.5461
1.418	-0.1043	-0.6801
1.553	-0.1261	-0.6582
1.609	-0.03403	-0.5578
1.516	0.07673	-0.4908
1.356	0.04889	-0.4469
1.211	-0.03902	-0.3696
1.017	-0.106	-0.2288
0.8391	-0.1556	-0.09506
0.7983	-0.1043	-0.1237
0.8096	-0.01638	-0.2384
0.7863	-0.00259	-0.2907
0.859	-0.0008656	-0.3064
0.9882	-0.004985	-0.2919
0.9685	0.002334	-0.2746
0.8799	0.02647	-0.2479
0.8341	0.0147	-0.1819
0.8311	0.03275	-0.163
0.8828	0.07002	-0.1986
0.8836	0.09573	-0.2579
0.7973	0.1322	-0.2894
0.6906	0.1196	-0.2079
0.6402	0.07177	-0.1079
0.6965	0.01537	-0.09966
0.7761	-0.05198	-0.1488
0.8652	-0.1041	-0.1746
0.9089	-0.1122	-0.1569
0.889	-0.09319	-0.1488
0.9481	-0.1399	-0.148
0.9426	-0.1637	-0.1499
0.8459	-0.1189	-0.1949
0.8357	-0.1208	-0.294
0.8962	-0.1179	-0.4048
1.216	-0.1991	-0.5241
1.711	-0.3954	-0.7219
1.835	-0.4477	-0.8098
1.622	-0.3361	-0.6289
1.489	-0.2044	-0.4677
1.368	-0.1075	-0.3694
1.117	-0.02628	-0.22
1.015	-0.005531	-0.2248
1.043	-0.07613	-0.2838
0.9863	-0.09212	-0.2412
0.9684	-0.09968	-0.2574
0.9336	-0.1513	-0.2686
0.8542	-0.1469	-0.2323
0.8305	-0.1373	-0.226
0.7784	-0.1072	-0.192
0.756	-0.05976	-0.1762
0.7729	-0.05713	-0.1894
0.7788	-0.06937	-0.1872
0.8209	-0.1023	-0.2061
0.8261	-0.1207	-0.1982
0.7957	-0.1356	-0.1634
0.7931	-0.1728	-0.1407
0.8416	-0.201	-0.1237
0.9436	-0.2379	-0.1445
1.005	-0.2426	-0.1763
1.006	-0.2176	-0.2001
0.9989	-0.1986	-0.209
0.9915	-0.1662	-0.1688
0.8898	-0.07068	-0.2018
0.8932	-0.07249	-0.2294
0.9952	-0.06525	-0.347
1.209	-0.06428	-0.5461
1.418	-0.1043	-0.6801
1.553	-0.1261	-0.6582
1.609	-0.03403	-0.5578
1.516	0.07673	-0.4908
1.356	0.04889	-0.4469
1.211	-0.03902	-0.3696
1.017	-0.106	-0.2288
0.8391	-0.1556	-0.09506
0.7983	-0.1043	-0.1237
0.8096	-0.01638	-0.2384
0.7863	-0.00259	-0.2907
0.859	-0.0008656	-0.3064
0.9882	-0.004985	-0.2919
0.9685	0.002334	-0.2746
0.8799	0.02647	-0.2479
0.8341	0.0147	-0.1819
0.8311	0.03275	-0.163
0.8828	0.07002	-0.1986
0.8836	0.09573	-0.2579
0.7973	0.1322	-0.2894
0.6906	0.1196	-0.2079
0.6402	0.07177	-0.1079
0.6965	0.01537	-0.09966
0.7761	-0.05198	-0.1488
0.8652	-0.1041	-0.1746
0.9089	-0.1122	-0.1569
0.889	-0.09319	-0.1488
0.9481	-0.1399	-0.148
0.9426	-0.1637	-0.1499
0.8459	-0.1189	-0.1949
0.8357	-0.1208	-0.294
0.8962	-0.1179	-0.4048
1.216	-0.1991	-0.5241
1.711	-0.3954	-0.7219
1.835	-0.4477	-0.8098
1.622	-0.3361	-0.6289
1.489	-0.2044	-0.4677
1.368	-0.1075	-0.3694
1.117	-0.02628	-0.22
1.015	-0.005531	-0.2248
1.043	-0.07613	-0.2838
0.9863	-0.09212	-0.2412
0.9684	-0.09968	-0.2574
0.9336	-0.1513	-0.2686
0.8542	-0.1469	-0.2323
0.8305	-0.1373	-0.226
0.7784	-0.1072	-0.192
0.756	-0.05976	-0.1762
0.7729	-0.05713	-0.1894
0.7788	-0.06937	-0.1872
0.8209	-0.1023	-0.2061
0.8261	-0.1207	-0.1982
0.7957	-0.1356	-0.1634
0.7931	-0.1728	-0.1407
0.8416	-0.201	-0.1237
0.9436	-0.2379	-0.1445
1.005	-0.2426	-0.1763
1.006	-0.2176	-0.2001
0.9989	-0.1986	-0.209
0.9915	-0.1662	-0.1688
0.9645	-0.137	-0.137
0.8917	-0.1051	-0.1317
0.7866	-0.07666	-0.1402
0.6696	-0.03226	-0.1859
0.6253	0.02748	-0.2897
0.7899	0.02113	-0.5038
1.261	-0.05335	-0.7523
1.867	-0.2026	-0.9411
2.009	-0.3119	-1.007
1.652	-0.1615	-0.7713
1.343	0.05593	-0.3637
1.007	0.04207	-0.1584
0.7952	-0.1076	-0.1848
0.9644	-0.2205	-0.2254
0.9475	-0.1963	-0.1937
0.8368	-0.05043	-0.1931
0.8644	0.06856	-0.2179
0.7395	0.118	-0.2062
0.7622	0.06213	-0.2344
0.8844	-0.03788	-0.2592
0.8968	-0.05467	-0.2474
0.9792	-0.07438	-0.2483
0.9593	-0.07155	-0.233
0.9242	-0.04698	-0.2295
0.9274	-0.07487	-0.2094
0.8311	-0.05314	-0.1573
0.8257	-0.03675	-0.1447
0.8428	-0.01735	-0.149
0.8203	0.04268	-0.1862
0.805	0.02804	-0.2417
0.7462	0.01503	-0.2406
0.7629	0.01366	-0.2151
0.8515	-0.01773	-0.1796
0.9326	-0.03602	-0.1331
0.9504	-0.05052	-0.1346
0.9194	-0.03095	-0.1413
0.9541	-0.008966	-0.07366
0.9545	0.01748	-0.03335
0.9072	0.05267	-0.06694
0.8737	0.02583	-0.1335
0.8216	-0.005499	-0.336
0.9352	-0.0825	-0.635
1.293	-0.3101	-0.8436
1.65	-0.5526	-0.9126
1.695	-0.5907	-0.8478
1.476	-0.4017	-0.6762
1.41	-0.2061	-0.5317
1.439	-0.1491	-0.5573
1.31	-0.1555	-0.5869
1.112	-0.1249	-0.4033
0.8774	-0.06142	-0.196
0.6934	-0.04661	-0.1151
0.6031	-0.08561	-0.107
0.5674	-0.1309	-0.1489
0.6611	-0.1693	-0.1757
0.8259	-0.1854	-0.2376
0.9834	-0.1878	-0.3433
1.015	-0.1703	-0.3464
0.9169	-0.1162	-0.2716
0.9107	-0.07298	-0.2061
0.9324	-0.0768	-0.1882
0.9193	-0.08687	-0.1988
0.9254	-0.07048	-0.1875
0.8611	-0.06242	-0.1751
0.9645	-0.137	-0.137
0.8917	-0.1051	-0.1317
0.7866	-0.07666	-0.1402
0.6696	-0.03226	-0.1859
0.6253	0.02748	-0.2897
0.7899	0.02113	-0.5038
1.261	-0.05335	-0.7523
1.867	-0.2026	-0.9411
2.009	-0.3119	-1.007
1.652	-0.1615	-0.7713
1.343	0.05593	-0.3637
1.007	0.04207	-0.1584
0.7952	-0.1076	-0.1848
0.9644	-0.2205	-0.2254
0.9475	-0.1963	-0.1937
0.8368	-0.05043	-0.1931
0.8644	0.06856	-0.2179
0.7395	0.118	-0.2062
0.7622	0.06213	-0.2344
0.8844	-0.03788	-0.2592
0.8968	-0.05467	-0.2474
0.9792	-0.07438	-0.2483
0.9593	-0.07155	-0.233
0.9242	-0.04698	-0.2295
0.9274	-0.07487	-0.2094
0.8311	-0.05314	-0.1573
0.8257	-0.03675	-0.1447
0.8428	-0.01735	-0.149
0.8203	0.04268	-0.1862
0.805	0.02804	-0.2417
0.7462	0.01503	-0.2406
0.7629	0.01366	-0.2151
0.8515	-0.01773	-0.1796
0.9326	-0.03602	-0.1331
0.9504	-0.05052	-0.1346
0.9194	-0.03095	-0.1413
0.9541	-0.008966	-0.07366
0.9545	0.01748	-0.03335
0.9072	0.05267	-0.06694
0.8737	0.02583	-0.1335
0.8216	-0.005499	-0.336
0.9352	-0.0825	-0.635
1.293	-0.3101	-0.8436
1.65	-0.5526	-0.9126
1.695	-0.5907	-0.8478
1.476	-0.4017	-0.6762
1.41	-0.2061	-0.5317
1.439	-0.1491	-0.5573
1.31	-0.1555	-0.5869
1.112	-0.1249	-0.4033
0.8774	-0.06142	-0.196
0.6934	-0.04661	-0.1151
0.6031	-0.08561	-0.107
0.5674	-0.1309	-0.1489
0.6611	-0.1693	-0.1757
0.8259	-0.1854	-0.2376
0.9834	-0.1878	-0.3433
1.015	-0.1703	-0.3464
0.9169	-0.1162	-0.2716
0.9107	-0.07298	-0.2061
0.9324	-0.0768	-0.1882
0.9193	-0.08687	-0.1988
0.9254	-0.07048	-0.1875
0.8611	-0.06242	-0.1751
0.7492	-0.07973	-0.1227
0.6578	-0.124	-0.06428
0.6405	-0.1887	-0.09575
0.689	-0.2007	-0.1482
0.7609	-0.1752	-0.195
0.9095	-0.1774	-0.2628
0.9852	-0.1532	-0.2827
0.912	-0.1067	-0.2333
0.8975	-0.08263	-0.1815
0.9275	-0.05766	-0.1706
0.9089	-0.05458	-0.1977
0.8973	-0.06902	-0.2339
0.9122	-0.06591	-0.2822
1.033	-0.06005	-0.43
1.355	-0.063	-0.7013
1.727	-0.1109	-0.9235
1.858	-0.1495	-0.8975
1.65	-0.05758	-0.6454
1.303	0.0414	-0.3178
1.025	-0.003367	-0.07698
0.8906	-0.0741	-0.06985
0.9098	-0.1235	-0.1707
0.9109	-0.1845	-0.2148
0.835	-0.1356	-0.2563
0.8167	-0.03076	-0.2645
0.7938	0.004048	-0.2559
0.8046	0.02982	-0.285
0.9012	0.02681	-0.2978
0.9391	0.01407	-0.3153
0.9683	0.01657	-0.2982
0.9932	-0.01323	-0.2541
0.9274	0.003757	-0.2367
0.8266	0.02057	-0.1801
0.7693	-0.004826	-0.1611
0.7785	0.000257	-0.1888
0.765	-0.005045	-0.1622
0.742	0.005926	-0.1526
0.7398	0.03191	-0.1656
0.7278	0.02397	-0.1636
0.7565	0.01007	-0.1775
0.7874	-0.02113	-0.1847
0.8516	-0.04115	-0.1832
0.9221	-0.03822	-0.1952
0.8905	-0.03853	-0.2149
0.9104	-0.04032	-0.2539
1.051	-0.08104	-0.3476
1.276	-0.1805	-0.4951
1.551	-0.3268	-0.6495
1.683	-0.4206	-0.735
1.572	-0.361	-0.6099
1.421	-0.2622	-0.3712
1.424	-0.2098	-0.333
1.367	-0.144	-0.3969
1.177	-0.1039	-0.3675
1.073	-0.1092	-0.3348
0.946	-0.1034	-0.2739
0.8087	-0.1103	-0.2045
0.7816	-0.1201	-0.197
0.7731	-0.1202	-0.1971
0.8198	-0.1335	-0.2303
0.8543	-0.131	-0.262
0.8317	-0.123	-0.2458
0.8313	-0.1032	-0.2271
0.811	-0.06773	-0.1889
0.7492	-0.07973	-0.1227
0.6578	-0.124	-0.06428
0.6405	-0.1887	-0.09575
0.689	-0.2007	-0.1482
0.7609	-0.1752	-0.195
0.9095	-0.1774	-0.2628
0.9852	-0.1532	-0.2827
0.912	-0.1067	-0.2333
0.8975	-0.08263	-0.1815
0.9275	-0.05766	-0.1706
0.9089	-0.05458	-0.1977
0.8973	-0.06902	-0.2339
0.9122	-0.06591	-0.2822
1.033	-0.06005	-0.43
1.355	-0.063	-0.7013
1.727	-0.1109	-0.9235
1.858	-0.1495	-0.8975
1.65	-0.05758	-0.6454
1.303	0.0414	-0.3178
1.025	-0.003367	-0.07698
0.8906	-0.0741	-0.06985
0.9098	-0.1235	-0.1707
0.9109	-0.1845	-0.2148
0.835	-0.1356	-0.2563
0.8167	-0.03076	-0.2645
0.7938	0.004048	-0.2559
0.8046	0.02982	-0.285
0.9012	0.02681	-0.2978
0.9391	0.01407	-0.3153
0.9683	0.01657	-0.2982
0.9932	-0.01323	-0.2541
0.9274	0.003757	-0.2367
0.8266	0.02057	-0.1801
0.7693	-0.004826	-0.1611
0.7785	0.000257	-0.1888
0.765	-0.005045	-0.1622
0.742	0.005926	-0.1526
0.7398	0.03191	-0.1656
0.7278	0.02397	-0.1636
0.7565	0.01007	-0.1775
0.7874	-0.02113	-0.1847
0.8516	-0.04115	-0.1832
0.9221	-0.03822	-0.1952
0.8905	-0.03853	-0.2149
0.9104	-0.04032	-0.2539
1.051	-0.08104	-0.3476
1.276	-0.1805	-0.4951
1.551	-0.3268	-0.6495
1.683	-0.4206	-0.735
1.572	-0.361	-0.6099
1.421	-0.2622	-0.3712
1.424	-0.2098	-0.333
1.367	-0.144	-0.3969
1.177	-0.1039	-0.3675
1.073	-0.1092	-0.3348
0.946	-0.1034	-0.2739
0.8087	-0.1103	-0.2045
0.7816	-0.1201	-0.197
0.7731	-0.1202	-0.1971
0.8198	-0.1335	-0.2303
0.8543	-0.131	-0.262
0.8317	-0.123	-0.2458
0.8313	-0.1032	-0.2271
0.811	-0.06773	-0.1889
0.798	-0.06142	-0.1367
0.8085	-0.06675	-0.1183
0.8191	-0.07588	-0.1305
0.8089	-0.09564	-0.1162
0.7709	-0.1194	-0.09497
0.7609	-0.1381	-0.1228
0.7855	-0.1424	-0.1612
0.8777	-0.1692	-0.2054
0.9855	-0.2206	-0.2314
1.004	-0.2458	-0.2072
0.9907	-0.2014	-0.1981
0.9907	-0.1218	-0.2061
0.9667	-0.08582	-0.2026
0.8922	-0.07075	-0.204
0.8357	-0.06247	-0.2099
0.8506	-0.05687	-0.2476
0.9335	-0.02026	-0.3632
1.135	-0.02008	-0.5416
1.449	-0.08683	-0.7346
1.775	-0.1413	-0.8599
1.809	-0.1103	-0.7655
1.467	-0.01404	-0.5131
1.203	0.02742	-0.3455
1.141	-0.03862	-0.2687
1.07	-0.1106	-0.2409
1.016	-0.06268	-0.2781
0.9955	0.001239	-0.3009
0.945	-0.02253	-0.2849
0.8589	-0.005437	-0.2416
0.8051	0.006875	-0.1993
0.804	-0.02075	-0.1872
0.807	-3.791e-05	-0.2014
0.8212	-0.01453	-0.2332
0.855	-0.02925	-0.2294
0.9154	-0.01553	-0.2221
0.9371	-0.01881	-0.2152
0.8937	0.02711	-0.1743
0.8559	0.0673	-0.163
0.7797	0.08415	-0.1452
0.704	0.104	-0.1046
0.6911	0.09655	-0.08436
0.6818	0.09657	-0.08345
0.7388	0.07606	-0.1038
0.9334	0.02624	-0.1083
1.146	-0.01959	-0.1161
1.156	-0.04085	-0.1009
0.9902	-0.03461	-0.01286
0.8748	-0.07054	0.0483
0.8102	-0.1162	-0.01297
0.7772	-0.14	-0.2226
0.8635	-0.2071	-0.4896
1.148	-0.3715	-0.7203
1.55	-0.5692	-0.8713
1.644	-0.5504	-0.8494
1.511	-0.3974	-0.758
1.598	-0.2177	-0.6818
1.624	0.1481	-0.5481
1.47	0.2417	-0.5435
1.338	0.004933	-0.6069
1.122	-0.01734	-0.417
0.944	-0.146	-0.211
0.8613	-0.333	-0.1632
0.8187	-0.2498	-0.1606
0.8585	-0.274	-0.2286
0.798	-0.06142	-0.1367
0.8085	-0.06675	-0.1183
0.8191	-0.07588	-0.1305
0.8089	-0.09564	-0.1162
0.7709	-0.1194	-0.09497
0.7609	-0.1381	-0.1228
0.7855	-0.1424	-0.1612
0.8777	-0.1692	-0.2054
0.9855	-0.2206	-0.2314
1.004	-0.2458	-0.2072
0.9907	-0.2014	-0.1981
0.9907	-0.1218	-0.2061
0.9667	-0.08582	-0.2026
0.8922	-0.07075	-0.204
0.8357	-0.06247	-0.2099
0.8506	-0.05687	-0.2476
0.9335	-0.02026	-0.3632
1.135	-0.02008	-0.5416
1.449	-0.08683	-0.7346
1.775	-0.1413	-0.8599
1.809	-0.1103	-0.7655
1.467	-0.01404	-0.5131
1.203	0.02742	-0.3455
1.141	-0.03862	-0.2687
1.07	-0.1106	-0.2409
1.016	-0.06268	-0.2781
0.9955	0.001239	-0.3009
0.945	-0.02253	-0.2849
0.8589	-0.005437	-0.2416
0.8051	0.006875	-0.1993
0.804	-0.02075	-0.1872
0.807	-3.791e-05	-0.2014
0.8212	-0.01453	-0.2332
0.855	-0.02925	-0.2294
0.9154	-0.01553	-0.2221
0.9371	-0.01881	-0.2152
0.8937	0.02711	-0.1743
0.8559	0.0673	-0.163
0.7797	0.08415	-0.1452
0.704	0.104	-0.1046
0.6911	0.09655	-0.08436
0.6818	0.09657	-0.08345
0.7388	0.07606	-0.1038
0.9334	0.02624	-0.1083
1.146	-0.01959	-0.1161
1.156	-0.04085	-0.1009
0.9902	-0.03461	-0.01286
0.8748	-0.07054	0.0483
0.8102	-0.1162	-0.01297
0.7772	-0.14	-0.2226
0.8635	-0.2071	-0.4896
1.148	-0.3715	-0.7203
1.55	-0.5692	-0.8713
1.644	-0.5504	-0.8494
1.511	-0.3974	-0.758
1.598	-0.2177	-0.6818
1.624	0.1481	-0.5481
1.47	0.2417	-0.5435
1.338	0.004933	-0.6069
1.122	-0.01734	-0.417
0.944	-0.146	-0.211
0.8613	-0.333	-0.1632
0.8187	-0.2498	-0.1606
0.8585	-0.274	-0.2286
0.8381	-0.2506	-0.2389
0.8403	-0.1141	-0.2327
0.8674	-0.1336	-0.2617
0.8174	-0.1361	-0.2234
0.8286	-0.1393	-0.2279
0.8207	-0.1375	-0.2039
0.8166	-0.1007	-0.1707
0.8672	-0.1108	-0.2051
0.86	-0.08482	-0.1807
0.8741	-0.08542	-0.1723
0.8601	-0.1006	-0.1472
0.8141	-0.09839	-0.1021
0.8157	-0.1239	-0.1229
0.8181	-0.1195	-0.1304
0.8564	-0.134	-0.1557
0.8814	-0.1453	-0.1685
0.8884	-0.1332	-0.1527
0.9114	-0.1413	-0.142
0.9052	-0.133	-0.09868
0.9135	-0.1561	-0.08249
0.9082	-0.1985	-0.05588
0.8887	-0.2029	-0.02271
0.8506	-0.1745	-0.06645
0.7598	-0.1272	-0.1087
0.805	-0.1165	-0.1799
1.075	-0.1107	-0.3957
1.383	-0.1059	-0.6736
1.6	-0.1896	-0.8894
1.789	-0.2502	-1.015
1.787	-0.1029	-0.8086
1.473	0.06458	-0.3426
1.277	-0.01284	-0.3039
1.225	-0.1379	-0.4429
1.096	-0.1776	-0.2653
0.9899	-0.2181	-0.2343
0.8125	-0.1571	-0.2374
0.7304	-0.07598	-0.132
0.7645	-0.04445	-0.1928
0.7273	0.02424	-0.1963
0.7951	0.01993	-0.2203
0.8215	0.008121	-0.2587
0.8273	0.03284	-0.176
0.8819	0.00275	-0.1648
0.8195	0.003715	-0.1071
0.8299	-0.002404	-0.06953
0.8324	-0.01139	-0.1075
0.7991	0.0201	-0.09361
0.8301	0.034	-0.1281
0.8082	0.08969	-0.1394
0.8401	0.1218	-0.1575
0.8823	0.07007	-0.2114
0.9261	0.02749	-0.201
0.987	0.02103	-0.1895
0.9445	0.03198	-0.1637
0.9334	0.004934	-0.1674
0.8904	-0.04857	-0.2097
0.7642	-0.1009	-0.2397
0.7522	-0.1574	-0.311
0.9167	-0.201	-0.3855
1.255	-0.2703	-0.504
1.596	-0.3402	-0.6703
1.767	-0.3658	-0.7145
1.753	-0.3353	-0.6079
1.596	-0.2326	-0.4374
0.8381	-0.2506	-0.2389
0.8403	-0.1141	-0.2327
0.8674	-0.1336	-0.2617
0.8174	-0.1361	-0.2234
0.8286	-0.1393	-0.2279
0.8207	-0.1375	-0.2039
0.8166	-0.1007	-0.1707
0.8672	-0.1108	-0.2051
0.86	-0.08482	-0.1807
0.8741	-0.08542	-0.1723
0.8601	-0.1006	-0.1472
0.8141	-0.09839	-0.1021
0.8157	-0.1239	-0.1229
0.8181	-0.1195	-0.1304
0.8564	-0.134	-0.1557
0.8814	-0.1453	-0.1685
0.8884	-0.1332	-0.1527
0.9114	-0.1413	-0.142
0.9052	-0.133	-0.09868
0.9135	-0.1561	-0.08249
0.9082	-0.1985	-0.05588
0.8887	-0.2029	-0.02271
0.8506	-0.1745	-0.06645
0.7598	-0.1272	-0.1087
0.805	-0.1165	-0.1799
1.075	-0.1107	-0.3957
1.383	-0.1059	-0.6736
1.6	-0.1896	-0.8894
1.789	-0.2502	-1.015
1.787	-0.1029	-0.8086
1.473	0.06458	-0.3426
1.277	-0.01284	-0.3039
1.225	-0.1379	-0.4429
1.096	-0.1776	-0.2653
0.9899	-0.2181	-0.2343
0.8125	-0.1571	-0.2374
0.7304	-0.07598	-0.132
0.7645	-0.04445	-0.1928
0.7273	0.02424	-0.1963
0.7951	0.01993	-0.2203
0.8215	0.008121	-0.2587
0.8273	0.03284	-0.176
0.8819	0.00275	-0.1648
0.8195	0.003715	-0.1071
0.8299	-0.002404	-0.06953
0.8324	-0.01139	-0.1075
0.7991	0.0201	-0.09361
0.8301	0.034	-0.1281
0.8082	0.08969	-0.1394
0.8401	0.1218	-0.1575
0.8823	0.07007	-0.2114
0.9261	0.02749	-0.201
0.987	0.02103	-0.1895
0.9445	0.03198	-0.1637
0.9334	0.004934	-0.1674
0.8904	-0.04857	-0.2097
0.7642	-0.1009	-0.2397
0.7522	-0.1574	-0.311
0.9167	-0.201	-0.3855
1.255	-0.2703	-0.504
1.596	-0.3402	-0.6703
1.767	-0.3658	-0.7145
1.753	-0.3353	-0.6079
1.596	-0.2326	-0.4374
1.387	-0.1119	-0.282
1.162	-0.007315	-0.2155
1.022	0.01427	-0.2377
0.9685	-0.04593	-0.2308
0.8505	-0.07962	-0.1938
0.7359	-0.1173	-0.1979
0.7304	-0.1435	-0.1721
0.7767	-0.1479	-0.183
0.7867	-0.1871	-0.238
0.7764	-0.1732	-0.2077
0.7873	-0.1287	-0.1815
0.7788	-0.1124	-0.1628
0.7941	-0.0898	-0.1298
0.8274	-0.1038	-0.1303
0.8316	-0.1172	-0.0986
0.8646	-0.1186	-0.0993
0.9039	-0.1472	-0.1448
0.9334	-0.1479	-0.1726
0.9433	-0.1542	-0.2094
0.9124	-0.1711	-0.1853
0.8907	-0.1575	-0.1415
0.8598	-0.1549	-0.1491
0.8327	-0.1338	-0.1523
0.8394	-0.09699	-0.167
0.8337	-0.09521	-0.1672
0.8035	-0.08771	-0.16
0.7502	-0.06352	-0.1971
0.7747	-0.05693	-0.2454
1.085	-0.07443	-0.4058
1.61	-0.111	-0.7123
1.885	-0.1353	-0.8401
1.775	-0.06421	-0.6017
1.638	0.07855	-0.3754
1.502	0.1035	-0.4166
1.308	-0.02739	-0.4149
1.173	-0.1424	-0.2624
0.9855	-0.1304	-0.1499
0.8427	-0.06391	-0.1376
0.8101	-0.03821	-0.1879
0.7295	-0.0163	-0.1898
0.7729	-0.0141	-0.1993
0.8469	-0.03213	-0.2446
0.8371	-0.009276	-0.2044
0.9182	-0.0151	-0.1914
0.9261	-0.02704	-0.2104
0.9065	-0.02284	-0.1889
0.9142	-0.06052	-0.187
0.8173	-0.0624	-0.1443
0.7905	-0.03715	-0.1092
0.7798	-0.01434	-0.1345
0.7594	0.02342	-0.153
0.8217	0.03068	-0.171
0.8491	0.04281	-0.1575
0.8777	0.05999	-0.1363
0.8911	0.06569	-0.1453
0.8958	0.07459	-0.1442
0.9272	0.02693	-0.1533
0.9173	-0.05043	-0.1721
0.9243	-0.07262	-0.1673
0.8515	-0.06541	-0.1663
0.7067	-0.1083	-0.2156
0.7163	-0.1851	-0.3125
0.9372	-0.2475	-0.4121
1.364	-0.317	-0.5063
1.387	-0.1119	-0.282
1.162	-0.007315	-0.2155
1.022	0.01427	-0.2377
0.9685	-0.04593	-0.2308
0.8505	-0.07962	-0.1938
0.7359	-0.1173	-0.1979
0.7304	-0.1435	-0.1721
0.7767	-0.1479	-0.183
0.7867	-0.1871	-0.238
0.7764	-0.1732	-0.2077
0.7873	-0.1287	-0.1815
0.7788	-0.1124	-0.1628
0.7941	-0.0898	-0.1298
0.8274	-0.1038	-0.1303
0.8316	-0.1172	-0.0986
0.8646	-0.1186	-0.0993
0.9039	-0.1472	-0.1448
0.9334	-0.1479	-0.1726
0.9433	-0.1542	-0.2094
0.9124	-0.1711	-0.1853
0.8907	-0.1575	-0.1415
0.8598	-0.1549	-0.1491
0.8327	-0.1338	-0.1523
0.8394	-0.09699	-0.167
0.8337	-0.09521	-0.1672
0.8035	-0.08771	-0.16
0.7502	-0.06352	-0.1971
0.7747	-0.05693	-0.2454
1.085	-0.07443	-0.4058
1.61	-0.111	-0.7123
1.885	-0.1353	-0.8401
1.775	-0.06421	-0.6017
1.638	0.07855	-0.3754
1.502	0.1035	-0.4166
1.308	-0.02739	-0.4149
1.173	-0.1424	-0.2624
0.9855	-0.1304	-0.1499
0.8427	-0.06391	-0.1376
0.8101	-0.03821	-0.1879
0.7295	-0.0163	-0.1898
0.7729	-0.0141	-0.1993
0.8469	-0.03213	-0.2446
0.8371	-0.009276	-0.2044
0.9182	-0.0151	-0.1914
0.9261	-0.02704	-0.2104
0.9065	-0.02284	-0.1889
0.9142	-0.06052	-0.187
0.8173	-0.0624	-0.1443
0.7905	-0.03715	-0.1092
0.7798	-0.01434	-0.1345
0.7594	0.02342	-0.153
0.8217	0.03068	-0.171
0.8491	0.04281	-0.1575
0.8777	0.05999	-0.1363
0.8911	0.06569	-0.1453
0.8958	0.07459	-0.1442
0.9272	0.02693	-0.1533
0.9173	-0.05043	-0.1721
0.9243	-0.07262	-0.1673
0.8515	-0.06541	-0.1663
0.7067	-0.1083	-0.2156
0.7163	-0.1851	-0.3125
0.9372	-0.2475	-0.4121
1.364	-0.317	-0.5063
1.738	-0.3334	-0.6408
1.787	-0.2565	-0.7043
1.69	-0.1863	-0.5265
1.623	-0.1497	-0.3233
1.46	-0.08346	-0.284
1.221	-0.01308	-0.2483
1.112	-0.02152	-0.2072
1.004	-0.04007	-0.1973
0.8466	-0.01138	-0.1799
0.8245	-0.03343	-0.1827
0.7761	-0.08045	-0.161
0.7251	-0.117	-0.1423
0.7915	-0.156	-0.1729
0.776	-0.1329	-0.1806
0.7752	-0.106	-0.1674
0.8096	-0.08392	-0.156
0.767	-0.03002	-0.1396
0.7709	-0.04302	-0.1212
0.7406	-0.08478	-0.09688
0.6972	-0.1168	-0.08853
0.7512	-0.1627	-0.09528
0.8312	-0.168	-0.1308
0.9479	-0.1694	-0.2212
0.983	-0.1716	-0.2831
0.9074	-0.1432	-0.2373
0.8702	-0.1219	-0.1735
0.84	-0.1098	-0.1769
0.8224	-0.1164	-0.1832
0.8506	-0.1071	-0.2069
0.9662	-0.04921	-0.3495
1.273	-0.01771	-0.5997
1.589	-0.06235	-0.8207
1.673	-0.1169	-0.83
1.64	-0.0728	-0.6528
1.539	0.03107	-0.4489
1.368	0.07914	-0.3361
1.354	0.0014	-0.4001
1.332	-0.1499	-0.4236
1.066	-0.1583	-0.2594
0.8668	-0.07621	-0.1359
0.7566	-0.04786	-0.12
0.6556	0.006669	-0.1558
0.687	0.01427	-0.1863
0.7179	-0.01057	-0.1787
0.7783	0.01534	-0.2174
0.9007	0.01064	-0.25
0.9739	0.01688	-0.2672
1.028	0.006412	-0.3033
1.001	-0.03773	-0.2818
0.9836	-0.03431	-0.2372
1.011	-0.0403	-0.1782
0.9531	-0.05342	-0.1382
0.9022	-0.05327	-0.1541
0.8243	-0.0327	-0.1207
0.6989	0.03652	-0.07755
0.6502	0.07694	-0.08845
0.7087	0.05668	-0.1356
0.8226	0.0365	-0.2084
0.8348	0.05029	-0.2177
0.8184	0.04277	-0.1834
0.8499	-0.004221	-0.1888
0.8098	-0.04772	-0.2246
0.8011	-0.126	-0.3259
0.8977	-0.2303	-0.4509
1.738	-0.3334	-0.6408
1.787	-0.2565	-0.7043
1.69	-0.1863	-0.5265
1.623	-0.1497	-0.3233
1.46	-0.08346	-0.284
1.221	-0.01308	-0.2483
1.112	-0.02152	-0.2072
1.004	-0.04007	-0.1973
0.8466	-0.01138	-0.1799
0.8245	-0.03343	-0.1827
0.7761	-0.08045	-0.161
0.7251	-0.117	-0.1423
0.7915	-0.156	-0.1729
0.776	-0.1329	-0.1806
0.7752	-0.106	-0.1674
0.8096	-0.08392	-0.156
0.767	-0.03002	-0.1396
0.7709	-0.04302	-0.1212
0.7406	-0.08478	-0.09688
0.6972	-0.1168	-0.08853
0.7512	-0.1627	-0.09528
0.8312	-0.168	-0.1308
0.9479	-0.1694	-0.2212
0.983	-0.1716	-0.2831
0.9074	-0.1432	-0.2373
0.8702	-0.1219	-0.1735
0.84	-0.1098	-0.1769
0.8224	-0.1164	-0.1832
0.8506	-0.1071	-0.2069
0.9662	-0.04921	-0.3495
1.273	-0.01771	-0.5997
1.589	-0.06235	-0.8207
1.673	-0.1169	-0.83
1.64	-0.0728	-0.6528
1.539	0.03107	-0.4489
1.368	0.07914	-0.3361
1.354	0.0014	-0.4001
1.332	-0.1499	-0.4236
1.066	-0.1583	-0.2594
0.8668	-0.07621	-0.1359
0.7566	-0.04786	-0.12
0.6556	0.006669	-0.1558
0.687	0.01427	-0.1863
0.7179	-0.01057	-0.1787
0.7783	0.01534	-0.2174
0.9007	0.01064	-0.25
0.9739	0.01688	-0.2672
1.028	0.006412	-0.3033
1.001	-0.03773	-0.2818
0.9836	-0.03431	-0.2372
1.011	-0.0403	-0.1782
0.9531	-0.05342	-0.1382
0.9022	-0.05327	-0.1541
0.8243	-0.0327	-0.1207
0.6989	0.03652	-0.07755
0.6502	0.07694	-0.08845
0.7087	0.05668	-0.1356
0.8226	0.0365	-0.2084
0.8348	0.05029	-0.2177
0.8184	0.04277	-0.1834
0.8499	-0.004221	-0.1888
0.8098	-0.04772	-0.2246
0.8011	-0.126	-0.3259
0.8977	-0.2303	-0.4509
1.178	-0.3447	-0.5021
1.637	-0.429	-0.6041
1.83	-0.3762	-0.7321
1.673	-0.2819	-0.5946
1.556	-0.216	-0.3567
1.448	-0.127	-0.3044
1.208	-0.08698	-0.2722
1.067	-0.08837	-0.2453
1.004	-0.06823	-0.2552
0.8699	-0.05221	-0.1915
0.7905	-0.04988	-0.1704
0.7372	-0.08641	-0.1626
0.7061	-0.1451	-0.1134
0.7506	-0.1653	-0.1375
0.7708	-0.1564	-0.162
0.8175	-0.1359	-0.1761
0.845	-0.114	-0.1868
0.8187	-0.09214	-0.1274
0.8404	-0.06757	-0.0862
0.8342	-0.07178	-0.0917
0.8103	-0.09607	-0.1101
0.8076	-0.1236	-0.137
0.809	-0.1592	-0.1589
0.854	-0.1734	-0.1761
0.8914	-0.1777	-0.1791
0.8932	-0.1863	-0.1803
0.8832	-0.1587	-0.1601
0.8789	-0.1267	-0.1376
0.8695	-0.1186	-0.1527
0.8158	-0.09431	-0.1565
0.7927	-0.05077	-0.1843
0.928	0.0168	-0.2989
1.276	0.03721	-0.5279
1.685	-0.09855	-0.8219
1.856	-0.2227	-0.9062
1.726	-0.1192	-0.6559
1.474	0.01043	-0.3516
1.214	-0.03702	-0.2233
1.055	-0.06674	-0.16
1.027	-0.04618	-0.1067
0.9353	-0.06102	-0.1525
0.876	-0.02154	-0.2191
0.9702	-0.01662	-0.281
0.9427	-0.03792	-0.3288
0.8754	-0.01206	-0.2673
0.8443	-0.04457	-0.2084
0.7692	-0.06205	-0.195
0.8227	-0.04723	-0.173
0.8509	-0.03585	-0.1981
0.8259	0.01337	-0.2089
0.8514	0.01904	-0.1882
0.7865	0.006098	-0.186
0.7729	0.01178	-0.1665
0.82	0.01135	-0.1583
0.8368	0.03293	-0.1695
0.8574	0.04432	-0.1803
0.8365	0.02817	-0.1926
0.8651	-0.01036	-0.1836
0.9132	-0.0384	-0.1649
0.9358	-0.03083	-0.1289
0.9603	-0.02129	-0.09375
0.9134	0.003654	-0.1133
0.8802	0.03178	-0.1453
0.8775	0.02607	-0.1763
0.6908	-0.1186	-0.1984
0.6687	-0.07699	-0.2076
0.7563	-0.01544	-0.1965
0.7932	0.04196	-0.2039
0.8255	0.053	-0.2149
0.8596	0.0426	-0.2241
0.8399	0.03114	-0.2411
0.833	-0.001157	-0.2233
0.8415	-0.01867	-0.2108
0.8654	-0.004576	-0.2086
0.8974	-0.002673	-0.2022
0.8878	0.001642	-0.2265
0.8858	-0.004498	-0.2884
0.9736	-0.07487	-0.4277
1.162	-0.1921	-0.5977
1.356	-0.3123	-0.6591
1.426	-0.3765	-0.6402
1.399	-0.399	-0.6078
1.336	-0.3987	-0.4428
1.227	-0.3422	-0.2158
1.226	-0.3034	-0.263
1.347	-0.2616	-0.5103
1.386	-0.1928	-0.6359
1.351	-0.2095	-0.6044
1.218	-0.2292	-0.4579
0.933	-0.1892	-0.2906
0.7415	-0.1742	-0.2163
0.7905	-0.14	-0.2414
0.8393	-0.07372	-0.2866
0.77	-0.06489	-0.2553
0.8142	-0.1138	-0.2488
0.8718	-0.1564	-0.2534
0.8211	-0.1769	-0.205
0.8665	-0.1705	-0.2247
0.8962	-0.1402	-0.2138
0.9007	-0.113	-0.1851
0.9207	-0.08476	-0.2114
0.8456	-0.07235	-0.1785
0.8271	-0.08074	-0.1601
0.8052	-0.09217	-0.1516
0.7755	-0.1221	-0.1542
0.8334	-0.1419	-0.2067
0.8464	-0.1549	-0.2081
0.8717	-0.1827	-0.2131
0.8824	-0.1805	-0.2194
0.8839	-0.1535	-0.1983
0.9351	-0.1154	-0.1971
0.9055	-0.07746	-0.1905
0.8775	-0.0771	-0.1987
0.8615	-0.08838	-0.195
0.7962	-0.08695	-0.1905
0.7564	-0.08125	-0.2374
0.7786	-0.06894	-0.3467
1.04	-0.06464	-0.5765
1.511	-0.07869	-0.8295
1.768	-0.08464	-0.9132
1.668	-0.04944	-0.7434
1.485	-0.005563	-0.4673
1.278	-0.006846	-0.2905
1.069	-0.01876	-0.182
1.138	-0.006619	-0.2258
1.21	0.002961	-0.3583
1.058	0.009026	-0.3074
1.018	0.008202	-0.2692
0.9528	-0.01244	-0.2875
0.832	-0.03533	-0.2344
0.816	-0.05916	-0.2481
0.7308	-0.06756	-0.2251
0.7265	-0.05338	-0.1996
0.7614	-0.05442	-0.2425
0.7134	-0.05435	-0.2073
0.7347	-0.03332	-0.1878
0.714	-0.005019	-0.152
0.7451	0.03146	-0.107
0.8641	0.0579	-0.1457
0.8977	0.0624	-0.1569
0.9092	0.04419	-0.1942
0.8772	0.01554	-0.2189
0.857	-0.001504	-0.2008
0.8723	-0.01183	-0.2362
0.8548	-0.01544	-0.2298
0.8572	-0.03137	-0.2346
0.8014	-0.07293	-0.2837
0.771	-0.1403	-0.3223
0.9621	-0.2525	-0.4464
1.319	-0.3306	-0.5809
1.596	-0.3118	-0.6412
1.607	-0.2929	-0.6666
1.535	-0.3067	-0.5747
1.485	-0.2849	-0.3728
1.337	-0.2285	-0.2708
1.19	-0.1501	-0.3189
1.11	-0.0717	-0.3382
0.9981	-0.05625	-0.3012
0.8764	-0.07107	-0.2908
0.8129	-0.09226	-0.2483
0.7841	-0.1438	-0.1972
0.7659	-0.1614	-0.2139
0.7589	-0.1478	-0.2151
0.7573	-0.1471	-0.1993
0.7717	-0.1278	-0.2035
0.7973	-0.09002	-0.1652
0.8317	-0.06513	-0.1255
0.8458	-0.06744	-0.1177
0.8253	-0.07619	-0.1137
0.8203	-0.1064	-0.1137
0.8124	-0.1668	-0.09777
0.8226	-0.1833	-0.117
0.9043	-0.1767	-0.2059
0.9726	-0.1963	-0.2861
0.9635	-0.1948	-0.274
0.9428	-0.1785	-0.204
0.9582	-0.1793	-0.1927
0.9107	-0.1724	-0.2064
0.7802	-0.1483	-0.2164
0.7332	-0.1134	-0.2747
0.865	-0.06006	-0.3782
1.175	-0.02774	-0.5896
1.528	-0.07283	-0.8448
1.693	-0.1208	-0.9237
1.626	-0.06752	-0.7485
1.441	-0.02484	-0.493
1.236	-0.09316	-0.3716
1.091	-0.1546	-0.2895
1.062	-0.1564	-0.2151
1.013	-0.1002	-0.2394
0.8907	0.004897	-0.2362
0.8224	0.04799	-0.2271
0.9528	-0.01244	-0.2875
0.832	-0.03533	-0.2344
0.816	-0.05916	-0.2481
0.7308	-0.06756	-0.2251
0.7265	-0.05338	-0.1996
0.7614	-0.05442	-0.2425
0.7134	-0.05435	-0.2073
0.7347	-0.03332	-0.1878
0.714	-0.005019	-0.152
0.7451	0.03146	-0.107
0.8641	0.0579	-0.1457
0.8977	0.0624	-0.1569
0.9092	0.04419	-0.1942
0.8772	0.01554	-0.2189
0.857	-0.001504	-0.2008
0.8723	-0.01183	-0.2362
0.8548	-0.01544	-0.2298
0.8572	-0.03137	-0.2346
0.8014	-0.07293	-0.2837
0.771	-0.1403	-0.3223
0.9621	-0.2525	-0.4464
1.319	-0.3306	-0.5809
1.596	-0.3118	-0.6412
1.607	-0.2929	-0.6666
1.535	-0.3067	-0.5747
1.485	-0.2849	-0.3728
1.337	-0.2285	-0.2708
1.19	-0.1501	-0.3189
1.11	-0.0717	-0.3382
0.9981	-0.05625	-0.3012
0.8764	-0.07107	-0.2908
0.8129	-0.09226	-0.2483
0.7841	-0.1438	-0.1972
0.7659	-0.1614	-0.2139
0.7589	-0.1478	-0.2151
0.7573	-0.1471	-0.1993
0.7717	-0.1278	-0.2035
0.7973	-0.09002	-0.1652
0.8317	-0.06513	-0.1255
0.8458	-0.06744	-0.1177
0.8253	-0.07619	-0.1137
0.8203	-0.1064	-0.1137
0.8124	-0.1668	-0.09777
0.8226	-0.1833	-0.117
0.9043	-0.1767	-0.2059
0.9726	-0.1963	-0.2861
0.9635	-0.1948	-0.274
0.9428	-0.1785	-0.204
0.9582	-0.1793	-0.1927
0.9107	-0.1724	-0.2064
0.7802	-0.1483	-0.2164
0.7332	-0.1134	-0.2747
0.865	-0.06006	-0.3782
1.175	-0.02774	-0.5896
1.528	-0.07283	-0.8448
1.693	-0.1208	-0.9237
1.626	-0.06752	-0.7485
1.441	-0.02484	-0.493
1.236	-0.09316	-0.3716
1.091	-0.1546	-0.2895
1.062	-0.1564	-0.2151
1.013	-0.1002	-0.2394
0.8907	0.004897	-0.2362
0.8224	0.04799	-0.2271
0.7717	0.04332	-0.2449
0.772	0.04035	-0.2312
0.8242	-0.002863	-0.2639
0.8415	-0.05265	-0.2997
0.8761	-0.07343	-0.2973
0.8549	-0.07064	-0.2656
0.825	-0.06013	-0.1971
0.86	-0.03995	-0.1753
0.8462	0.003099	-0.182
0.8358	0.02659	-0.1871
0.8238	0.04153	-0.199
0.7986	0.08024	-0.1857
0.8264	0.1058	-0.1823
0.8633	0.09315	-0.2051
0.909	0.0477	-0.2535
0.9025	0.001276	-0.2975
0.8026	-0.04263	-0.2869
0.6874	-0.1272	-0.2898
0.6467	-0.2485	-0.3657
0.8294	-0.3408	-0.4767
1.204	-0.3774	-0.5591
1.533	-0.3781	-0.5952
1.637	-0.3408	-0.6255
1.563	-0.3098	-0.6024
1.531	-0.2936	-0.4852
1.459	-0.2361	-0.4036
1.248	-0.1696	-0.408
1.1	-0.113	-0.3925
0.9836	-0.06466	-0.3215
0.8352	-0.05745	-0.2445
0.7678	-0.07869	-0.2175
0.7511	-0.1078	-0.2307
0.756	-0.1287	-0.2289
0.7486	-0.1289	-0.2158
0.7083	-0.112	-0.1937
0.7057	-0.09845	-0.1437
0.7247	-0.09591	-0.09774
0.7491	-0.09471	-0.09309
0.7676	-0.1148	-0.1232
0.7811	-0.1443	-0.1567
0.8532	-0.166	-0.1681
0.9588	-0.1921	-0.1917
1.034	-0.2236	-0.2505
1.043	-0.2464	-0.2695
0.9989	-0.2274	-0.2307
0.9456	-0.2016	-0.1995
0.8912	-0.1944	-0.1939
0.8475	-0.1541	-0.2176
0.7938	-0.08205	-0.2874
0.7925	-0.03062	-0.3873
0.9769	-0.05476	-0.4894
1.335	-0.1014	-0.5899
1.682	-0.1035	-0.6095
1.726	-0.08063	-0.546
1.561	0.03554	-0.5474
1.505	0.1603	-0.5374
1.411	0.093	-0.468
1.193	-0.06667	-0.375
0.9934	-0.1696	-0.1823
0.8806	-0.1736	-0.1531
0.8748	-0.09603	-0.2829
0.8118	-0.05322	-0.2587
0.787	-0.01535	-0.2668
0.8445	0.04903	-0.2877
0.7717	0.04332	-0.2449
0.772	0.04035	-0.2312
0.8242	-0.002863	-0.2639
0.8415	-0.05265	-0.2997
0.8761	-0.07343	-0.2973
0.8549	-0.07064	-0.2656
0.825	-0.06013	-0.1971
0.86	-0.03995	-0.1753
0.8462	0.003099	-0.182
0.8358	0.02659	-0.1871
0.8238	0.04153	-0.199
0.7986	0.08024	-0.1857
0.8264	0.1058	-0.1823
0.8633	0.09315	-0.2051
0.909	0.0477	-0.2535
0.9025	0.001276	-0.2975
0.8026	-0.04263	-0.2869
0.6874	-0.1272	-0.2898
0.6467	-0.2485	-0.3657
0.8294	-0.3408	-0.4767
1.204	-0.3774	-0.5591
1.533	-0.3781	-0.5952
1.637	-0.3408	-0.6255
1.563	-0.3098	-0.6024
1.531	-0.2936	-0.4852
1.459	-0.2361	-0.4036
1.248	-0.1696	-0.408
1.1	-0.113	-0.3925
0.9836	-0.06466	-0.3215
0.8352	-0.05745	-0.2445
0.7678	-0.07869	-0.2175
0.7511	-0.1078	-0.2307
0.756	-0.1287	-0.2289
0.7486	-0.1289	-0.2158
0.7083	-0.112	-0.1937
0.7057	-0.09845	-0.1437
0.7247	-0.09591	-0.09774
0.7491	-0.09471	-0.09309
0.7676	-0.1148	-0.1232
0.7811	-0.1443	-0.1567
0.8532	-0.166	-0.1681
0.9588	-0.1921	-0.1917
1.034	-0.2236	-0.2505
1.043	-0.2464	-0.2695
0.9989	-0.2274	-0.2307
0.9456	-0.2016	-0.1995
0.8912	-0.1944	-0.1939
0.8475	-0.1541	-0.2176
0.7938	-0.08205	-0.2874
0.7925	-0.03062	-0.3873
0.9769	-0.05476	-0.4894
1.335	-0.1014	-0.5899
1.682	-0.1035	-0.6095
1.726	-0.08063	-0.546
1.561	0.03554	-0.5474
1.505	0.1603	-0.5374
1.411	0.093	-0.468
1.193	-0.06667	-0.375
0.9934	-0.1696	-0.1823
0.8806	-0.1736	-0.1531
0.8748	-0.09603	-0.2829
0.8118	-0.05322	-0.2587
0.787	-0.01535	-0.2668
0.8445	0.04903	-0.2877
0.8025	0.04063	-0.2411
0.8495	0.01249	-0.2755
0.8848	-0.002483	-0.248
0.8623	-0.03158	-0.1971
0.9472	-0.02356	-0.1727
0.8959	-0.00759	-0.1177
0.8063	0.01706	-0.13
0.7637	0.05431	-0.1169
0.7031	0.05536	-0.08661
0.7308	0.06547	-0.0886
0.7393	0.06887	-0.06282
0.8333	0.04791	-0.08484
0.9417	0.05179	-0.1259
0.8877	0.03515	-0.1886
0.8554	-0.01374	-0.2764
0.8006	-0.05753	-0.325
0.8145	-0.1259	-0.4543
1.039	-0.2457	-0.6239
1.348	-0.3798	-0.7075
1.555	-0.4322	-0.7349
1.472	-0.3616	-0.6109
1.411	-0.2216	-0.3627
1.502	-0.0842	-0.2892
1.495	-0.06647	-0.4252
1.522	-0.1372	-0.4957
1.419	-0.1193	-0.4087
1.088	-0.07319	-0.2941
0.8748	-0.04573	-0.23
0.7384	0.009218	-0.2235
0.6679	-0.01307	-0.2371
0.6948	-0.0483	-0.2097
0.6625	-0.0579	-0.1727
0.6312	-0.1192	-0.1474
0.6146	-0.1382	-0.1152
0.6239	-0.1515	-0.1216
0.7117	-0.1917	-0.1278
0.7802	-0.2019	-0.1302
0.8056	-0.2208	-0.1756
0.8113	-0.2226	-0.1762
0.8786	-0.2362	-0.1739
1	-0.257	-0.2306
1.025	-0.2328	-0.2676
1.001	-0.2243	-0.2563
0.964	-0.2122	-0.1908
0.8726	-0.1844	-0.1434
0.7756	-0.1264	-0.178
0.7286	-0.02066	-0.2943
0.8761	-0.0161	-0.5121
1.28	-0.1609	-0.796
1.645	-0.313	-1.02
1.667	-0.3429	-0.9642
1.574	-0.2639	-0.7232
1.608	-0.1247	-0.594
1.451	0.05046	-0.5101
1.133	0.05873	-0.4064
1.015	-0.05847	-0.2453
0.9692	-0.0523	-0.1127
0.8956	-0.06702	-0.2548
0.8589	-0.08829	-0.3482
0.8233	-0.00857	-0.2668
0.8153	-0.002195	-0.3018
0.8237	-0.0005917	-0.3063
0.835	-0.01301	-0.2819
0.8406	-0.08599	-0.294
0.8025	0.04063	-0.2411
0.8495	0.01249	-0.2755
0.8848	-0.002483	-0.248
0.8623	-0.03158	-0.1971
0.9472	-0.02356	-0.1727
0.8959	-0.00759	-0.1177
0.8063	0.01706	-0.13
0.7637	0.05431	-0.1169
0.7031	0.05536	-0.08661
0.7308	0.06547	-0.0886
0.7393	0.06887	-0.06282
0.8333	0.04791	-0.08484
0.9417	0.05179	-0.1259
0.8877	0.03515	-0.1886
0.8554	-0.01374	-0.2764
0.8006	-0.05753	-0.325
0.8145	-0.1259	-0.4543
1.039	-0.2457	-0.6239
1.348	-0.3798	-0.7075
1.555	-0.4322	-0.7349
1.472	-0.3616	-0.6109
1.411	-0.2216	-0.3627
1.502	-0.0842	-0.2892
1.495	-0.06647	-0.4252
1.522	-0.1372	-0.4957
1.419	-0.1193	-0.4087
1.088	-0.07319	-0.2941
0.8748	-0.04573	-0.23
0.7384	0.009218	-0.2235
0.6679	-0.01307	-0.2371
0.6948	-0.0483	-0.2097
0.6625	-0.0579	-0.1727
0.6312	-0.1192	-0.1474
0.6146	-0.1382	-0.1152
0.6239	-0.1515	-0.1216
0.7117	-0.1917	-0.1278
0.7802	-0.2019	-0.1302
0.8056	-0.2208	-0.1756
0.8113	-0.2226	-0.1762
0.8786	-0.2362	-0.1739
1	-0.257	-0.2306
1.025	-0.2328	-0.2676
1.001	-0.2243	-0.2563
0.964	-0.2122	-0.1908
0.8726	-0.1844	-0.1434
0.7756	-0.1264	-0.178
0.7286	-0.02066	-0.2943
0.8761	-0.0161	-0.5121
1.28	-0.1609	-0.796
1.645	-0.313	-1.02
1.667	-0.3429	-0.9642
1.574	-0.2639	-0.7232
1.608	-0.1247	-0.594
1.451	0.05046	-0.5101
1.133	0.05873	-0.4064
1.015	-0.05847	-0.2453
0.9692	-0.0523	-0.1127
0.8956	-0.06702	-0.2548
0.8589	-0.08829	-0.3482
0.8233	-0.00857	-0.2668
0.8153	-0.002195	-0.3018
0.8237	-0.0005917	-0.3063
0.835	-0.01301	-0.2819
0.8406	-0.08599	-0.294
0.8567	-0.07826	-0.2508
0.9146	-0.08258	-0.2532
0.9266	-0.07527	-0.2459
0.9044	-0.0282	-0.1997
0.8776	-0.0344	-0.1749
0.8208	-0.0007526	-0.144
0.7947	0.05236	-0.1438
0.7971	0.09613	-0.1512
0.8147	0.1178	-0.1524
0.8664	0.07217	-0.1453
0.9268	0.03388	-0.1296
0.9616	-0.01669	-0.1621
0.9597	-0.07929	-0.2024
0.9145	-0.1026	-0.2069
0.7872	-0.1134	-0.1618
0.6609	-0.1302	-0.1302
0.6787	-0.1587	-0.265
0.8364	-0.1948	-0.5188
1.128	-0.2672	-0.7193
1.517	-0.3384	-0.866
1.726	-0.3475	-0.9728
1.597	-0.2942	-0.8275
1.447	-0.1956	-0.5063
1.441	-0.1811	-0.4249
1.355	-0.2242	-0.436
1.2	-0.2175	-0.322
1.099	-0.2302	-0.3193
1.02	-0.1976	-0.3153
0.8678	-0.1118	-0.1887
0.693	-0.09794	-0.1614
0.7352	-0.1128	-0.1975
0.768	-0.1152	-0.1935
0.6546	-0.1076	-0.2035
0.7036	-0.1003	-0.2163
0.7419	-0.1074	-0.1892
0.7602	-0.1107	-0.1501
0.8511	-0.1306	-0.1312
0.7853	-0.145	-0.1061
0.7617	-0.1432	-0.07401
0.7841	-0.1552	-0.06861
0.7556	-0.1608	-0.1186
0.8444	-0.1681	-0.2047
0.938	-0.1873	-0.2564
1.02	-0.2205	-0.2584
1.036	-0.247	-0.2291
0.9515	-0.2203	-0.191
0.9199	-0.177	-0.1809
0.8653	-0.1204	-0.2216
0.8345	-0.04186	-0.3132
0.9117	-0.02506	-0.4352
1.118	-0.05129	-0.6263
1.483	-0.07927	-0.879
1.687	-0.1345	-0.9585
1.606	-0.1226	-0.7219
1.495	-0.02548	-0.4416
1.359	0.01867	-0.371
1.141	-0.01833	-0.365
0.9764	-0.08571	-0.2735
0.8716	-0.1251	-0.2078
0.788	-0.1309	-0.2552
0.8019	-0.1273	-0.3127
0.8199	-0.08619	-0.3294
0.8067	-0.05272	-0.3514
0.8392	-0.03152	-0.3083
0.8567	-0.07826	-0.2508
0.9146	-0.08258	-0.2532
0.9266	-0.07527	-0.2459
0.9044	-0.0282	-0.1997
0.8776	-0.0344	-0.1749
0.8208	-0.0007526	-0.144
0.7947	0.05236	-0.1438
0.7971	0.09613	-0.1512
0.8147	0.1178	-0.1524
0.8664	0.07217	-0.1453
0.9268	0.03388	-0.1296
0.9616	-0.01669	-0.1621
0.9597	-0.07929	-0.2024
0.9145	-0.1026	-0.2069
0.7872	-0.1134	-0.1618
0.6609	-0.1302	-0.1302
0.6787	-0.1587	-0.265
0.8364	-0.1948	-0.5188
1.128	-0.2672	-0.7193
1.517	-0.3384	-0.866
1.726	-0.3475	-0.9728
1.597	-0.2942	-0.8275
1.447	-0.1956	-0.5063
1.441	-0.1811	-0.4249
1.355	-0.2242	-0.436
1.2	-0.2175	-0.322
1.099	-0.2302	-0.3193
1.02	-0.1976	-0.3153
0.8678	-0.1118	-0.1887
0.693	-0.09794	-0.1614
0.7352	-0.1128	-0.1975
0.768	-0.1152	-0.1935
0.6546	-0.1076	-0.2035
0.7036	-0.1003	-0.2163
0.7419	-0.1074	-0.1892
0.7602	-0.1107	-0.1501
0.8511	-0.1306	-0.1312
0.7853	-0.145	-0.1061
0.7617	-0.1432	-0.07401
0.7841	-0.1552	-0.06861
0.7556	-0.1608	-0.1186
0.8444	-0.1681	-0.2047
0.938	-0.1873	-0.2564
1.02	-0.2205	-0.2584
1.036	-0.247	-0.2291
0.9515	-0.2203	-0.191
0.9199	-0.177	-0.1809
0.8653	-0.1204	-0.2216
0.8345	-0.04186	-0.3132
0.9117	-0.02506	-0.4352
1.118	-0.05129	-0.6263
1.483	-0.07927	-0.879
1.687	-0.1345	-0.9585
1.606	-0.1226	-0.7219
1.495	-0.02548	-0.4416
1.359	0.01867	-0.371
1.141	-0.01833	-0.365
0.9764	-0.08571	-0.2735
0.8716	-0.1251	-0.2078
0.788	-0.1309	-0.2552
0.8019	-0.1273	-0.3127
0.8199	-0.08619	-0.3294
0.8067	-0.05272	-0.3514
0.8392	-0.03152	-0.3083
0.8375	-0.003597	-0.206
0.8141	-0.001943	-0.1383
0.7835	0.029	-0.1101
0.7149	0.05287	-0.1456
0.6556	0.03361	-0.1683
0.6314	0.03443	-0.1318
0.7017	0.02717	-0.1197
0.8173	0.02005	-0.1184
0.8885	0.04395	-0.1682
0.9142	0.06316	-0.2415
0.8845	0.03126	-0.216
0.8677	-0.04033	-0.1737
0.8648	-0.08304	-0.1793
0.8498	-0.1165	-0.2492
0.8854	-0.178	-0.4311
1.02	-0.2461	-0.5855
1.364	-0.2997	-0.623
1.701	-0.3345	-0.6716
1.64	-0.3383	-0.6643
1.48	-0.2808	-0.4621
1.496	-0.222	-0.2835
1.4	-0.1936	-0.3041
1.268	-0.1575	-0.3765
1.202	-0.138	-0.3725
1.007	-0.1036	-0.3001
0.8406	-0.0424	-0.2109
0.7627	-0.01793	-0.1591
0.697	-0.02448	-0.1621
0.7091	-0.03982	-0.1518
0.7169	-0.06815	-0.1228
0.7312	-0.09432	-0.1284
0.7583	-0.09154	-0.1132
0.7692	-0.08594	-0.1028
0.8027	-0.1041	-0.1321
0.7671	-0.1251	-0.1509
0.7478	-0.1496	-0.171
0.8362	-0.1678	-0.1797
0.9296	-0.1925	-0.2078
0.9557	-0.2419	-0.2444
0.8639	-0.2611	-0.2015
0.7619	-0.2159	-0.1624
0.7237	-0.1114	-0.1865
0.725	0.006214	-0.2365
0.8352	0.08117	-0.3491
1.049	0.1011	-0.5239
1.435	-0.01669	-0.7591
1.925	-0.2365	-1.003
1.965	-0.2651	-0.9307
1.578	-0.05248	-0.5438
1.372	0.08982	-0.327
1.243	0.03078	-0.3053
1.046	-0.04639	-0.2397
0.8499	-0.05863	-0.07527
0.6326	-0.1	0.03733
0.756	-0.0958	-0.1206
0.9279	-0.02379	-0.2663
0.8748	-0.01855	-0.298
0.9491	-0.01056	-0.3247
0.8601	0.002292	-0.2165
0.7681	-0.01476	-0.1645
0.8299	0.002962	-0.1122
0.766	-0.001893	-0.04918
0.8371	0.02315	-0.1204
0.8272	0.08783	-0.05652
0.8375	-0.003597	-0.206
0.8141	-0.001943	-0.1383
0.7835	0.029	-0.1101
0.7149	0.05287	-0.1456
0.6556	0.03361	-0.1683
0.6314	0.03443	-0.1318
0.7017	0.02717	-0.1197
0.8173	0.02005	-0.1184
0.8885	0.04395	-0.1682
0.9142	0.06316	-0.2415
0.8845	0.03126	-0.216
0.8677	-0.04033	-0.1737
0.8648	-0.08304	-0.1793
0.8498	-0.1165	-0.2492
0.8854	-0.178	-0.4311
1.02	-0.2461	-0.5855
1.364	-0.2997	-0.623
1.701	-0.3345	-0.6716
1.64	-0.3383	-0.6643
1.48	-0.2808	-0.4621
1.496	-0.222	-0.2835
1.4	-0.1936	-0.3041
1.268	-0.1575	-0.3765
1.202	-0.138	-0.3725
1.007	-0.1036	-0.3001
0.8406	-0.0424	-0.2109
0.7627	-0.01793	-0.1591
0.697	-0.02448	-0.1621
0.7091	-0.03982	-0.1518
0.7169	-0.06815	-0.1228
0.7312	-0.09432	-0.1284
0.7583	-0.09154	-0.1132
0.7692	-0.08594	-0.1028
0.8027	-0.1041	-0.1321
0.7671	-0.1251	-0.1509
0.7478	-0.1496	-0.171
0.8362	-0.1678	-0.1797
0.9296	-0.1925	-0.2078
0.9557	-0.2419	-0.2444
0.8639	-0.2611	-0.2015
0.7619	-0.2159	-0.1624
0.7237	-0.1114	-0.1865
0.725	0.006214	-0.2365
0.8352	0.08117	-0.3491
1.049	0.1011	-0.5239
1.435	-0.01669	-0.7591
1.925	-0.2365	-1.003
1.965	-0.2651	-0.9307
1.578	-0.05248	-0.5438
1.372	0.08982	-0.327
1.243	0.03078	-0.3053
1.046	-0.04639	-0.2397
0.8499	-0.05863	-0.07527
0.6326	-0.1	0.03733
0.756	-0.0958	-0.1206
0.9279	-0.02379	-0.2663
0.8748	-0.01855	-0.298
0.9491	-0.01056	-0.3247
0.8601	0.002292	-0.2165
0.7681	-0.01476	-0.1645
0.8299	0.002962	-0.1122
0.766	-0.001893	-0.04918
0.8371	0.02315	-0.1204
0.8272	0.08783	-0.05652
0.7373	0.131	-0.01534
0.7993	0.1706	-0.03416
0.8904	0.1311	0.005555
1.137	0.08258	-0.09946
1.15	0.08081	-0.1688
0.8888	0.0595	-0.1641
0.6938	0.01948	-0.1738
0.4699	-0.09698	-0.2323
0.4749	-0.2203	-0.5002
0.7019	-0.3005	-0.7803
1.122	-0.4435	-0.9005
1.693	-0.5464	-0.9187
1.775	-0.4275	-0.8703
1.546	-0.1458	-0.7358
1.523	0.07636	-0.6052
1.507	0.09911	-0.6276
1.384	-0.03809	-0.5932
1.226	-0.1534	-0.4701
1.05	-0.1654	-0.3892
0.8826	-0.1608	-0.2665
0.738	-0.1459	-0.217
0.6407	-0.147	-0.2319
0.6174	-0.1745	-0.2131
0.6439	-0.1947	-0.2143
0.661	-0.2372	-0.1837
0.6663	-0.2384	-0.1443
0.6904	-0.2139	-0.1151
0.7366	-0.1947	-0.07785
0.775	-0.1481	-0.08586
0.7833	-0.1438	-0.1033
0.7975	-0.1492	-0.1073
0.8463	-0.1555	-0.1137
0.8994	-0.1811	-0.121
0.941	-0.166	-0.1505
0.988	-0.1621	-0.1741
0.9851	-0.1771	-0.1625
0.8939	-0.1772	-0.1575
0.797	-0.167	-0.1776
0.747	-0.1195	-0.2038
0.7441	-0.05165	-0.2691
0.8577	-0.01531	-0.4264
1.23	-0.07923	-0.6663
1.746	-0.2679	-0.8804
1.913	-0.4117	-0.8768
1.662	-0.2284	-0.5875
1.491	0.1288	-0.3337
1.468	0.1728	-0.4371
1.358	-0.05251	-0.5463
1.174	-0.2416	-0.3628
0.8694	-0.2827	-0.2099
0.5633	-0.1758	-0.09952
0.5217	-0.107	-0.01774
0.5594	-0.0652	-0.135
0.5613	-0.01664	-0.1654
0.6708	-0.05502	-0.1623
0.8023	-0.03427	-0.2503
0.8386	0.00231	-0.1704
0.8103	0.003547	-0.09915
0.8042	0.06489	-0.1124
0.7924	0.07908	-0.09011
0.7673	0.07598	-0.0911
0.815	0.08146	-0.05307
0.8466	0.06473	-0.03014
0.862	0.08599	-0.08053
0.7373	0.131	-0.01534
0.7993	0.1706	-0.03416
0.8904	0.1311	0.005555
1.137	0.08258	-0.09946
1.15	0.08081	-0.1688
0.8888	0.0595	-0.1641
0.6938	0.01948	-0.1738
0.4699	-0.09698	-0.2323
0.4749	-0.2203	-0.5002
0.7019	-0.3005	-0.7803
1.122	-0.4435	-0.9005
1.693	-0.5464	-0.9187
1.775	-0.4275	-0.8703
1.546	-0.1458	-0.7358
1.523	0.07636	-0.6052
1.507	0.09911	-0.6276
1.384	-0.03809	-0.5932
1.226	-0.1534	-0.4701
1.05	-0.1654	-0.3892
0.8826	-0.1608	-0.2665
0.738	-0.1459	-0.217
0.6407	-0.147	-0.2319
0.6174	-0.1745	-0.2131
0.6439	-0.1947	-0.2143
0.661	-0.2372	-0.1837
0.6663	-0.2384	-0.1443
0.6904	-0.2139	-0.1151
0.7366	-0.1947	-0.07785
0.775	-0.1481	-0.08586
0.7833	-0.1438	-0.1033
0.7975	-0.1492	-0.1073
0.8463	-0.1555	-0.1137
0.8994	-0.1811	-0.121
0.941	-0.166	-0.1505
0.988	-0.1621	-0.1741
0.9851	-0.1771	-0.1625
0.8939	-0.1772	-0.1575
0.797	-0.167	-0.1776
0.747	-0.1195	-0.2038
0.7441	-0.05165	-0.2691
0.8577	-0.01531	-0.4264
1.23	-0.07923	-0.6663
1.746	-0.2679	-0.8804
1.913	-0.4117	-0.8768
1.662	-0.2284	-0.5875
1.491	0.1288	-0.3337
1.468	0.1728	-0.4371
1.358	-0.05251	-0.5463
1.174	-0.2416	-0.3628
0.8694	-0.2827	-0.2099
0.5633	-0.1758	-0.09952
0.5217	-0.107	-0.01774
0.5594	-0.0652	-0.135
0.5613	-0.01664	-0.1654
0.6708	-0.05502	-0.1623
0.8023	-0.03427	-0.2503
0.8386	0.00231	-0.1704
0.8103	0.003547	-0.09915
0.8042	0.06489	-0.1124
0.7924	0.07908	-0.09011
0.7673	0.07598	-0.0911
0.815	0.08146	-0.05307
0.8466	0.06473	-0.03014
0.862	0.08599	-0.08053
0.8985	0.08643	-0.1551
0.8763	0.05873	-0.2154
0.8203	-0.008786	-0.2459
0.7602	-0.1407	-0.3429
0.8705	-0.2773	-0.4536
1.284	-0.4004	-0.4941
1.756	-0.4201	-0.5711
1.912	-0.3317	-0.6684
1.728	-0.277	-0.5572
1.589	-0.2544	-0.2973
1.466	-0.1989	-0.2344
1.265	-0.1516	-0.2995
1.173	-0.1396	-0.2937
0.9328	-0.09213	-0.2346
0.6761	-0.02431	-0.1224
0.6033	-0.001412	-0.06347
0.4983	-0.006522	-0.08822
0.6211	-0.05625	-0.1442
0.7439	-0.1069	-0.1894
0.6302	-0.11	-0.1295
0.652	-0.1352	-0.05559
0.6054	-0.1666	-0.04064
0.5466	-0.1899	-0.0297
0.7195	-0.2307	-0.03717
0.8963	-0.2302	-0.1026
0.997	-0.1997	-0.2334
0.9653	-0.1783	-0.3155
0.901	-0.1392	-0.2627
0.8348	-0.08786	-0.2157
0.7347	-0.02921	-0.2831
0.8787	0.03863	-0.3703
1.274	0.05915	-0.4973
1.755	-0.03022	-0.6714
2.025	-0.1326	-0.6791
1.924	-0.07706	-0.5576
1.817	0.04852	-0.4837
1.666	0.07891	-0.4666
1.316	-0.02007	-0.3964
0.9607	-0.2419	-0.157
0.6773	-0.389	-0.001876
0.6048	-0.3731	-0.07914
0.611	-0.298	-0.1299
0.5772	-0.1325	-0.1551
0.7048	0.004549	-0.2335
0.7356	0.05099	-0.25
0.6189	0.1071	-0.2135
0.5734	0.11	-0.183
0.5372	0.09953	-0.1302
0.6649	0.09175	-0.09767
0.8608	0.04903	-0.134
0.8946	0.04778	-0.1577
0.8189	0.05631	-0.1575
0.6737	0.05565	-0.1699
0.6389	0.03791	-0.1871
0.6788	-0.04291	-0.254
0.6885	-0.1314	-0.3454
0.8845	-0.1913	-0.4362
1.434	-0.3054	-0.5701
1.981	-0.4304	-0.6468
1.936	-0.3866	-0.6573
1.8	-0.3349	-0.7082
1.831	-0.3459	-0.5666
1.403	-0.2058	-0.2466
1.16	-0.1219	-0.2007
0.8985	0.08643	-0.1551
0.8763	0.05873	-0.2154
0.8203	-0.008786	-0.2459
0.7602	-0.1407	-0.3429
0.8705	-0.2773	-0.4536
1.284	-0.4004	-0.4941
1.756	-0.4201	-0.5711
1.912	-0.3317	-0.6684
1.728	-0.277	-0.5572
1.589	-0.2544	-0.2973
1.466	-0.1989	-0.2344
1.265	-0.1516	-0.2995
1.173	-0.1396	-0.2937
0.9328	-0.09213	-0.2346
0.6761	-0.02431	-0.1224
0.6033	-0.001412	-0.06347
0.4983	-0.006522	-0.08822
0.6211	-0.05625	-0.1442
0.7439	-0.1069	-0.1894
0.6302	-0.11	-0.1295
0.652	-0.1352	-0.05559
0.6054	-0.1666	-0.04064
0.5466	-0.1899	-0.0297
0.7195	-0.2307	-0.03717
0.8963	-0.2302	-0.1026
0.997	-0.1997	-0.2334
0.9653	-0.1783	-0.3155
0.901	-0.1392	-0.2627
0.8348	-0.08786	-0.2157
0.7347	-0.02921	-0.2831
0.8787	0.03863	-0.3703
1.274	0.05915	-0.4973
1.755	-0.03022	-0.6714
2.025	-0.1326	-0.6791
1.924	-0.07706	-0.5576
1.817	0.04852	-0.4837
1.666	0.07891	-0.4666
1.316	-0.02007	-0.3964
0.9607	-0.2419	-0.157
0.6773	-0.389	-0.001876
0.6048	-0.3731	-0.07914
0.611	-0.298	-0.1299
0.5772	-0.1325	-0.1551
0.7048	0.004549	-0.2335
0.7356	0.05099	-0.25
0.6189	0.1071	-0.2135
0.5734	0.11	-0.183
0.5372	0.09953	-0.1302
0.6649	0.09175	-0.09767
0.8608	0.04903	-0.134
0.8946	0.04778	-0.1577
0.8189	0.05631	-0.1575
0.6737	0.05565	-0.1699
0.6389	0.03791	-0.1871
0.6788	-0.04291	-0.254
0.6885	-0.1314	-0.3454
0.8845	-0.1913	-0.4362
1.434	-0.3054	-0.5701
1.981	-0.4304	-0.6468
1.936	-0.3866	-0.6573
1.8	-0.3349	-0.7082
1.831	-0.3459	-0.5666
1.403	-0.2058	-0.2466
1.16	-0.1219	-0.2007
1.255	-0.156	-0.2855
1.005	-0.1287	-0.2377
0.871	-0.1385	-0.2125
0.7753	-0.1247	-0.1699
0.5974	-0.09398	-0.1342
0.662	-0.1268	-0.1828
0.6214	-0.1147	-0.1941
0.6341	-0.08976	-0.173
0.7154	-0.06101	-0.1524
0.6378	-0.04	-0.1262
0.6611	-0.05502	-0.0844
0.6428	-0.0586	-0.04324
0.6386	-0.1161	-0.05422
0.7426	-0.1771	-0.07757
0.8477	-0.1828	-0.1482
1.027	-0.2075	-0.2645
1.012	-0.217	-0.2826
0.8312	-0.1816	-0.2529
0.7089	-0.1243	-0.249
0.679	-0.06158	-0.2339
1.011	0.0004838	-0.3798
1.594	0.02154	-0.7268
1.963	-0.08939	-0.898
1.926	-0.1847	-0.7288
1.679	-0.03059	-0.4602
1.462	0.1204	-0.3223
1.244	-0.02456	-0.3633
1.11	-0.171	-0.4074
1.032	-0.1527	-0.2977
0.8267	-0.1426	-0.1822
0.6463	-0.09474	-0.1688
0.617	-0.04356	-0.1779
0.7	-0.06061	-0.2245
0.7568	-0.06082	-0.2666
0.7402	-0.06184	-0.2466
0.7523	-0.02855	-0.1932
0.7038	0.03914	-0.1079
0.6341	0.07377	-0.09478
0.62	0.1037	-0.114
0.6254	0.1002	-0.08772
0.7202	0.08329	-0.1077
0.8117	0.09209	-0.1134
0.8367	0.0789	-0.1292
0.7977	0.02694	-0.2068
0.7325	-0.07812	-0.2628
0.772	-0.1946	-0.3361
0.8569	-0.274	-0.4289
1.064	-0.3237	-0.5111
1.56	-0.3088	-0.6202
2.076	-0.2745	-0.7603
2.056	-0.2799	-0.7759
1.668	-0.2416	-0.543
1.491	-0.1591	-0.2553
1.265	-0.1217	-0.1113
1.136	-0.1372	-0.2017
1.209	-0.1544	-0.3322
0.9251	-0.1158	-0.245
0.7904	-0.05529	-0.1895
0.7308	-0.01784	-0.1721
0.5181	-0.01934	-0.1164
0.662	-0.06644	-0.1873
0.6068	-0.0766	-0.1679
0.5502	-0.07005	-0.1185
0.7137	-0.08128	-0.127
0.7051	-0.008403	-0.1512
0.7839	0.01069	-0.1791
0.8453	0.001416	-0.2769
0.9791	0.001909	-0.3194
0.9951	-0.0182	-0.3158
0.9377	-0.06409	-0.2847
0.9201	-0.08414	-0.2388
0.8635	-0.08007	-0.2094
0.7996	-0.05937	-0.1495
0.7582	-0.02835	-0.1243
0.7637	0.0292	-0.1323
0.7702	0.1109	-0.1187
0.7255	0.179	-0.1267
0.7006	0.196	-0.1573
0.7104	0.1487	-0.1873
0.8053	0.1012	-0.1786
0.9847	0.0923	-0.1673
1.064	0.09225	-0.1964
0.9519	0.07181	-0.205
0.8105	0.003914	-0.2188
0.8123	-0.1236	-0.3269
0.937	-0.3056	-0.5306
1.218	-0.4826	-0.681
1.585	-0.5814	-0.6644
1.682	-0.583	-0.5772
1.502	-0.4742	-0.4976
1.417	-0.3292	-0.4727
1.511	-0.294	-0.5095
1.539	-0.3258	-0.5053
1.376	-0.254	-0.4644
1.075	-0.08028	-0.3555
0.7624	0.04543	-0.1723
0.6566	0.02711	-0.1206
0.6093	-0.06012	-0.1401
0.4902	-0.102	-0.098
0.5674	-0.1423	-0.1283
0.6459	-0.1708	-0.1738
0.6087	-0.1212	-0.1642
0.6662	-0.06277	-0.1658
0.6083	-0.02069	-0.1124
0.5175	-0.007678	-0.04517
0.5655	-0.05292	-0.02802
0.6543	-0.1444	-0.03462
0.8602	-0.2863	-0.08399
0.9678	-0.3539	-0.1528
0.9315	-0.2888	-0.3018
0.9658	-0.218	-0.4641
0.8473	-0.1467	-0.4053
0.6135	-0.07513	-0.298
0.6026	-0.0801	-0.3495
0.8703	-0.1004	-0.4509
1.395	-0.09084	-0.7034
1.836	-0.1058	-0.9861
1.716	-0.09236	-0.8663
1.513	-0.01144	-0.614
1.553	0.05696	-0.4569
1.217	0.05555	-0.1668
0.9508	0.002135	-0.06265
1.118	-0.03233	-0.2237
0.9908	-0.06157	-0.3139
0.8648	-0.08457	-0.3508
0.8872	-0.06186	-0.3109
0.7288	-0.07449	-0.2536
0.7072	-0.09955	-0.219
0.7044	-0.09786	-0.1327
0.6591	-0.09513	-0.1087
0.6826	-0.03409	-0.1132
0.6688	0.04264	-0.1276
0.7504	0.08753	-0.1708
0.828	0.09316	-0.2069
0.8649	0.04631	-0.2641
0.8991	0.01556	-0.2519
0.8175	0.003298	-0.237
0.7313	-0.01959	-0.2808
0.6739	-0.07521	-0.3086
0.7238	-0.1734	-0.4114
0.9588	-0.2805	-0.5431
1.326	-0.3638	-0.6113
1.712	-0.362	-0.68
1.779	-0.3542	-0.7296
1.624	-0.3654	-0.6165
1.507	-0.2557	-0.376
1.294	-0.1092	-0.2908
1.132	-0.0374	-0.341
1.089	-0.02936	-0.3365
0.9404	-0.05429	-0.3082
0.781	-0.05604	-0.2583
0.7166	-0.07549	-0.1977
0.6843	-0.1237	-0.1804
0.6763	-0.1653	-0.1859
0.7045	-0.1691	-0.1834
0.7657	-0.1216	-0.1816
0.7961	-0.0984	-0.1744
0.7568	-0.07565	-0.1202
0.7071	-0.05628	-0.07278
0.6953	-0.1116	-0.07082
0.7573	-0.1873	-0.09579
0.8508	-0.2396	-0.1531
0.8592	-0.2385	-0.2143
0.8085	-0.2173	-0.2547
0.7617	-0.2172	-0.2114
0.6999	-0.1914	-0.1511
0.6766	-0.1729	-0.209
0.7278	-0.09285	-0.3397
0.9277	0.08572	-0.597
1.439	0.1111	-0.9192
1.901	-0.08103	-1.001
1.775	-0.2015	-0.7711
1.401	-0.0647	-0.3702
1.242	0.1073	-0.09933
1.213	0.08919	-0.1894
1.27	0.04577	-0.3953
1.239	0.04663	-0.4455
1.044	0.01813	-0.3449
0.8569	0.03717	-0.1859
0.654	0.04752	-0.15
0.6061	0.001509	-0.2006
0.6627	-0.03424	-0.1809
0.6381	-0.07075	-0.1989
0.7316	-0.0693	-0.2161
0.7898	-0.04661	-0.1781
0.7612	-0.02142	-0.1823
0.7877	0.05839	-0.1356
0.7838	0.1086	-0.1056
0.8385	0.09487	-0.1495
0.8829	0.07516	-0.1575
0.844	0.053	-0.2115
0.7332	0.01957	-0.2686
0.7044	-0.09786	-0.1327
0.6591	-0.09513	-0.1087
0.6826	-0.03409	-0.1132
0.6688	0.04264	-0.1276
0.7504	0.08753	-0.1708
0.828	0.09316	-0.2069
0.8649	0.04631	-0.2641
0.8991	0.01556	-0.2519
0.8175	0.003298	-0.237
0.7313	-0.01959	-0.2808
0.6739	-0.07521	-0.3086
0.7238	-0.1734	-0.4114
0.9588	-0.2805	-0.5431
1.326	-0.3638	-0.6113
1.712	-0.362	-0.68
1.779	-0.3542	-0.7296
1.624	-0.3654	-0.6165
1.507	-0.2557	-0.376
1.294	-0.1092	-0.2908
1.132	-0.0374	-0.341
1.089	-0.02936	-0.3365
0.9404	-0.05429	-0.3082
0.781	-0.05604	-0.2583
0.7166	-0.07549	-0.1977
0.6843	-0.1237	-0.1804
0.6763	-0.1653	-0.1859
0.7045	-0.1691	-0.1834
0.7657	-0.1216	-0.1816
0.7961	-0.0984	-0.1744
0.7568	-0.07565	-0.1202
0.7071	-0.05628	-0.07278
0.6953	-0.1116	-0.07082
0.7573	-0.1873	-0.09579
0.8508	-0.2396	-0.1531
0.8592	-0.2385	-0.2143
0.8085	-0.2173	-0.2547
0.7617	-0.2172	-0.2114
0.6999	-0.1914	-0.1511
0.6766	-0.1729	-0.209
0.7278	-0.09285	-0.3397
0.9277	0.08572	-0.597
1.439	0.1111	-0.9192
1.901	-0.08103	-1.001
1.775	-0.2015	-0.7711
1.401	-0.0647	-0.3702
1.242	0.1073	-0.09933
1.213	0.08919	-0.1894
1.27	0.04577	-0.3953
1.239	0.04663	-0.4455
1.044	0.01813	-0.3449
0.8569	0.03717	-0.1859
0.654	0.04752	-0.15
0.6061	0.001509	-0.2006
0.6627	-0.03424	-0.1809
0.6381	-0.07075	-0.1989
0.7316	-0.0693	-0.2161
0.7898	-0.04661	-0.1781
0.7612	-0.02142	-0.1823
0.7877	0.05839	-0.1356
0.7838	0.1086	-0.1056
0.8385	0.09487	-0.1495
0.8829	0.07516	-0.1575
0.844	0.053	-0.2115
0.7332	0.01957	-0.2686
0.5364	-0.046	-0.2697
0.5009	-0.1559	-0.3193
0.7588	-0.3058	-0.4466
1.346	-0.4417	-0.6161
1.956	-0.4819	-0.7174
1.965	-0.3961	-0.6923
1.591	-0.2304	-0.5223
1.349	-0.0869	-0.2726
1.149	-0.03193	-0.1842
1.053	-0.07382	-0.2411
1.078	-0.1188	-0.2404
0.9445	-0.1128	-0.2171
0.8589	-0.1214	-0.2087
0.8418	-0.1146	-0.1655
0.7076	-0.1115	-0.1637
0.6552	-0.1339	-0.1836
0.636	-0.1085	-0.1512
0.6664	-0.07872	-0.1317
0.7308	-0.04879	-0.0882
0.7047	-0.04606	-0.04975
0.7473	-0.1177	-0.08588
0.7739	-0.1901	-0.08161
0.8253	-0.2507	-0.07889
0.9292	-0.2389	-0.1517
0.9512	-0.2002	-0.2514
0.9711	-0.2185	-0.3207
0.8575	-0.1577	-0.278
0.7384	-0.07446	-0.2613
0.7833	-0.02187	-0.3981
0.9817	0.03714	-0.6134
1.433	-0.02431	-0.8561
1.71	-0.1551	-0.9247
1.648	-0.241	-0.7222
1.523	-0.1972	-0.4806
1.289	-0.04767	-0.2872
1.037	0.001665	-0.1263
0.9445	0.02144	-0.122
0.9729	0.01908	-0.2521
0.9629	-0.07266	-0.3196
0.8824	-0.07771	-0.2961
0.7756	-0.05783	-0.2379
0.6354	-0.05115	-0.1635
0.6174	-0.02046	-0.1553
0.679	-0.04784	-0.1867
0.7189	-0.04194	-0.2076
0.7651	-0.02061	-0.2397
0.6969	0.005467	-0.1984
0.6249	0.09358	-0.1087
0.6829	0.1416	-0.08377
0.7822	0.1462	-0.1078
0.8644	0.09055	-0.1925
0.8289	0.0001967	-0.3175
0.7366	-0.04634	-0.3866
0.7779	-0.1392	-0.4734
1.047	-0.2999	-0.6298
1.531	-0.4447	-0.7032
1.855	-0.4927	-0.7147
1.763	-0.4647	-0.7013
1.593	-0.3911	-0.5202
1.451	-0.2252	-0.3261
1.228	-0.09941	-0.3197
1.089	-0.07222	-0.3602
0.9515	-0.05192	-0.324
0.8164	-0.08296	-0.2686
0.5364	-0.046	-0.2697
0.5009	-0.1559	-0.3193
0.7588	-0.3058	-0.4466
1.346	-0.4417	-0.6161
1.956	-0.4819	-0.7174
1.965	-0.3961	-0.6923
1.591	-0.2304	-0.5223
1.349	-0.0869	-0.2726
1.149	-0.03193	-0.1842
1.053	-0.07382	-0.2411
1.078	-0.1188	-0.2404
0.9445	-0.1128	-0.2171
0.8589	-0.1214	-0.2087
0.8418	-0.1146	-0.1655
0.7076	-0.1115	-0.1637
0.6552	-0.1339	-0.1836
0.636	-0.1085	-0.1512
0.6664	-0.07872	-0.1317
0.7308	-0.04879	-0.0882
0.7047	-0.04606	-0.04975
0.7473	-0.1177	-0.08588
0.7739	-0.1901	-0.08161
0.8253	-0.2507	-0.07889
0.9292	-0.2389	-0.1517
0.9512	-0.2002	-0.2514
0.9711	-0.2185	-0.3207
0.8575	-0.1577	-0.278
0.7384	-0.07446	-0.2613
0.7833	-0.02187	-0.3981
0.9817	0.03714	-0.6134
1.433	-0.02431	-0.8561
1.71	-0.1551	-0.9247
1.648	-0.241	-0.7222
1.523	-0.1972	-0.4806
1.289	-0.04767	-0.2872
1.037	0.001665	-0.1263
0.9445	0.02144	-0.122
0.9729	0.01908	-0.2521
0.9629	-0.07266	-0.3196
0.8824	-0.07771	-0.2961
0.7756	-0.05783	-0.2379
0.6354	-0.05115	-0.1635
0.6174	-0.02046	-0.1553
0.679	-0.04784	-0.1867
0.7189	-0.04194	-0.2076
0.7651	-0.02061	-0.2397
0.6969	0.005467	-0.1984
0.6249	0.09358	-0.1087
0.6829	0.1416	-0.08377
0.7822	0.1462	-0.1078
0.8644	0.09055	-0.1925
0.8289	0.0001967	-0.3175
0.7366	-0.04634	-0.3866
0.7779	-0.1392	-0.4734
1.047	-0.2999	-0.6298
1.531	-0.4447	-0.7032
1.855	-0.4927	-0.7147
1.763	-0.4647	-0.7013
1.593	-0.3911	-0.5202
1.451	-0.2252	-0.3261
1.228	-0.09941	-0.3197
1.089	-0.07222	-0.3602
0.9515	-0.05192	-0.324
0.8164	-0.08296	-0.2686
0.8048	-0.139	-0.2593
0.7565	-0.1582	-0.2569
0.7161	-0.1664	-0.2528
0.6981	-0.1547	-0.2414
0.6543	-0.1367	-0.1796
0.6728	-0.1195	-0.1234
0.6659	-0.0928	-0.0872
0.6755	-0.07497	-0.08265
0.7107	-0.06885	-0.1078
0.6865	-0.1063	-0.1188
0.7024	-0.184	-0.1673
0.733	-0.231	-0.1957
0.8067	-0.2414	-0.205
0.9388	-0.2604	-0.2933
0.9502	-0.2756	-0.3333
0.8639	-0.2443	-0.2614
0.7878	-0.2025	-0.2046
0.7441	-0.1734	-0.2465
0.8315	-0.1652	-0.401
1.23	-0.2705	-0.7038
1.803	-0.4318	-1.079
1.958	-0.4403	-1.169
1.63	-0.1867	-0.7941
1.41	0.1495	-0.3759
1.326	0.2033	-0.3663
1.187	0.04734	-0.4826
1.139	-0.02664	-0.3889
1.028	-0.09546	-0.3466
0.8551	-0.1625	-0.3293
0.8018	-0.1215	-0.2345
0.7003	-0.08033	-0.2659
0.6424	-0.07484	-0.2762
0.7335	-0.07817	-0.2507
0.8174	-0.1065	-0.2826
0.8522	-0.102	-0.2291
0.8101	-0.07741	-0.1716
0.7591	-0.04702	-0.1202
0.747	0.0268	-0.06496
0.7876	0.06232	-0.09072
0.8802	0.05788	-0.09647
0.8716	0.05745	-0.08239
0.792	0.03083	-0.08238
0.7333	0.04513	-0.04928
0.7103	0.06109	-0.03263
0.7332	-0.01083	-0.1285
0.6989	-0.1117	-0.322
0.676	-0.2372	-0.4847
0.8356	-0.3727	-0.6022
1.252	-0.4723	-0.6883
1.787	-0.5121	-0.761
1.949	-0.4782	-0.8213
1.706	-0.4254	-0.6541
1.518	-0.3326	-0.3555
1.367	-0.2418	-0.2876
1.181	-0.2113	-0.3164
1.054	-0.0827	-0.2365
0.8815	0.056	-0.1825
0.7784	0.01129	-0.1942
0.7273	-0.05992	-0.1892
0.5936	-0.08426	-0.1596
0.6133	-0.1224	-0.1387
0.6432	-0.117	-0.1202
0.5962	-0.08328	-0.08278
0.6791	-0.0627	-0.05173
0.8048	-0.139	-0.2593
0.7565	-0.1582	-0.2569
0.7161	-0.1664	-0.2528
0.6981	-0.1547	-0.2414
0.6543	-0.1367	-0.1796
0.6728	-0.1195	-0.1234
0.6659	-0.0928	-0.0872
0.6755	-0.07497	-0.08265
0.7107	-0.06885	-0.1078
0.6865	-0.1063	-0.1188
0.7024	-0.184	-0.1673
0.733	-0.231	-0.1957
0.8067	-0.2414	-0.205
0.9388	-0.2604	-0.2933
0.9502	-0.2756	-0.3333
0.8639	-0.2443	-0.2614
0.7878	-0.2025	-0.2046
0.7441	-0.1734	-0.2465
0.8315	-0.1652	-0.401
1.23	-0.2705	-0.7038
1.803	-0.4318	-1.079
1.958	-0.4403	-1.169
1.63	-0.1867	-0.7941
1.41	0.1495	-0.3759
1.326	0.2033	-0.3663
1.187	0.04734	-0.4826
1.139	-0.02664	-0.3889
1.028	-0.09546	-0.3466
0.8551	-0.1625	-0.3293
0.8018	-0.1215	-0.2345
0.7003	-0.08033	-0.2659
0.6424	-0.07484	-0.2762
0.7335	-0.07817	-0.2507
0.8174	-0.1065	-0.2826
0.8522	-0.102	-0.2291
0.8101	-0.07741	-0.1716
0.7591	-0.04702	-0.1202
0.747	0.0268	-0.06496
0.7876	0.06232	-0.09072
0.8802	0.05788	-0.09647
0.8716	0.05745	-0.08239
0.792	0.03083	-0.08238
0.7333	0.04513	-0.04928
0.7103	0.06109	-0.03263
0.7332	-0.01083	-0.1285
0.6989	-0.1117	-0.322
0.676	-0.2372	-0.4847
0.8356	-0.3727	-0.6022
1.252	-0.4723	-0.6883
1.787	-0.5121	-0.761
1.949	-0.4782	-0.8213
1.706	-0.4254	-0.6541
1.518	-0.3326	-0.3555
1.367	-0.2418	-0.2876
1.181	-0.2113	-0.3164
1.054	-0.0827	-0.2365
0.8815	0.056	-0.1825
0.7784	0.01129	-0.1942
0.7273	-0.05992	-0.1892
0.5936	-0.08426	-0.1596
0.6133	-0.1224	-0.1387
0.6432	-0.117	-0.1202
0.5962	-0.08328	-0.08278
0.6791	-0.0627	-0.05173
0.671	-0.04919	-0.03736
0.6234	-0.06831	-0.03707
0.6427	-0.09591	-0.0256
0.617	-0.1258	-0.01411
0.7292	-0.1838	-0.08272
0.9232	-0.2479	-0.2229
0.9984	-0.2803	-0.3472
0.8477	-0.2179	-0.3632
0.5809	-0.1094	-0.3744
0.6165	-0.02012	-0.5038
1.049	0.02886	-0.6404
1.676	-0.08981	-0.8618
1.963	-0.2642	-1.014
1.703	-0.2661	-0.709
1.485	-0.1193	-0.2994
1.259	0.03228	-0.2044
0.9587	0.008147	-0.2686
0.967	-0.0867	-0.266
0.9192	-0.09553	-0.1786
0.7569	-0.1225	-0.1516
0.7513	-0.1034	-0.157
0.7164	-0.0523	-0.1542
0.7333	-0.06681	-0.189
0.7478	-0.03769	-0.1888
0.6665	-0.008032	-0.1555
0.634	0.0126	-0.0918
0.5768	0.0832	-0.05406
0.6022	0.1265	-0.105
0.7144	0.1463	-0.1668
0.753	0.1049	-0.286
0.7131	0.001898	-0.4094
0.5854	-0.0853	-0.4321
0.6398	-0.2101	-0.4931
1.058	-0.3658	-0.618
1.664	-0.4926	-0.6887
1.976	-0.5218	-0.7316
1.734	-0.4146	-0.7581
1.515	-0.2804	-0.5781
1.367	-0.1817	-0.3045
1.139	-0.1561	-0.2973
1.157	-0.1779	-0.3675
1.02	-0.1278	-0.3045
0.7738	-0.08033	-0.2736
0.7682	-0.08536	-0.2235
0.6621	-0.07622	-0.1549
0.6261	-0.07553	-0.173
0.6477	-0.06435	-0.15
0.5466	-0.05109	-0.09016
0.5534	-0.06333	-0.07919
0.5168	-0.07075	-0.06947
0.5315	-0.1029	-0.08077
0.7268	-0.1709	-0.136
0.8773	-0.2646	-0.2353
0.8983	-0.3124	-0.3435
0.7664	-0.2698	-0.3609
0.7244	-0.2706	-0.3366
0.7774	-0.2568	-0.3725
0.8295	-0.08824	-0.513
1.181	0.03825	-0.7415
1.707	-0.07581	-0.8615
1.973	-0.2291	-0.808
1.87	-0.1631	-0.7046
1.679	-0.03215	-0.4857
1.472	0.03465	-0.216
0.671	-0.04919	-0.03736
0.6234	-0.06831	-0.03707
0.6427	-0.09591	-0.0256
0.617	-0.1258	-0.01411
0.7292	-0.1838	-0.08272
0.9232	-0.2479	-0.2229
0.9984	-0.2803	-0.3472
0.8477	-0.2179	-0.3632
0.5809	-0.1094	-0.3744
0.6165	-0.02012	-0.5038
1.049	0.02886	-0.6404
1.676	-0.08981	-0.8618
1.963	-0.2642	-1.014
1.703	-0.2661	-0.709
1.485	-0.1193	-0.2994
1.259	0.03228	-0.2044
0.9587	0.008147	-0.2686
0.967	-0.0867	-0.266
0.9192	-0.09553	-0.1786
0.7569	-0.1225	-0.1516
0.7513	-0.1034	-0.157
0.7164	-0.0523	-0.1542
0.7333	-0.06681	-0.189
0.7478	-0.03769	-0.1888
0.6665	-0.008032	-0.1555
0.634	0.0126	-0.0918
0.5768	0.0832	-0.05406
0.6022	0.1265	-0.105
0.7144	0.1463	-0.1668
0.753	0.1049	-0.286
0.7131	0.001898	-0.4094
0.5854	-0.0853	-0.4321
0.6398	-0.2101	-0.4931
1.058	-0.3658	-0.618
1.664	-0.4926	-0.6887
1.976	-0.5218	-0.7316
1.734	-0.4146	-0.7581
1.515	-0.2804	-0.5781
1.367	-0.1817	-0.3045
1.139	-0.1561	-0.2973
1.157	-0.1779	-0.3675
1.02	-0.1278	-0.3045
0.7738	-0.08033	-0.2736
0.7682	-0.08536	-0.2235
0.6621	-0.07622	-0.1549
0.6261	-0.07553	-0.173
0.6477	-0.06435	-0.15
0.5466	-0.05109	-0.09016
0.5534	-0.06333	-0.07919
0.5168	-0.07075	-0.06947
0.5315	-0.1029	-0.08077
0.7268	-0.1709	-0.136
0.8773	-0.2646	-0.2353
0.8983	-0.3124	-0.3435
0.7664	-0.2698	-0.3609
0.7244	-0.2706	-0.3366
0.7774	-0.2568	-0.3725
0.8295	-0.08824	-0.513
1.181	0.03825	-0.7415
1.707	-0.07581	-0.8615
1.973	-0.2291	-0.808
1.87	-0.1631	-0.7046
1.679	-0.03215	-0.4857
1.472	0.03465	-0.216
1.21	0.06795	-0.1679
1.236	-0.0108	-0.2587
1.249	-0.07075	-0.3155
1.036	-0.08478	-0.369
0.9607	-0.1135	-0.3375
0.7637	-0.07204	-0.2231
0.5437	-0.1035	-0.145
0.5574	-0.1282	-0.06632
0.5244	-0.05554	-0.02097
0.5566	-0.001414	-0.04239
0.6405	0.141	-0.06065
0.6572	0.2388	-0.1123
0.7032	0.2264	-0.157
0.7283	0.2237	-0.134
0.8205	0.1627	-0.1127
0.8956	0.1247	-0.1007
0.8345	0.1048	-0.1372
0.7655	0.03074	-0.2386
0.6264	-0.08235	-0.365
0.562	-0.2605	-0.5931
0.9169	-0.4553	-0.8418
1.538	-0.6125	-0.9517
1.84	-0.5739	-0.9544
1.655	-0.2944	-0.805
1.558	-0.007898	-0.6013
1.669	0.0501	-0.6229
1.585	-0.141	-0.6531
1.45	-0.2372	-0.5092
1.296	-0.1598	-0.4426
0.9701	-0.1277	-0.3508
0.7489	-0.0915	-0.2163
0.5948	-0.09911	-0.2055
0.4826	-0.1781	-0.1362
0.5615	-0.217	-0.1038
0.6156	-0.2341	-0.1587
0.6863	-0.2061	-0.142
0.7451	-0.16	-0.1641
0.6829	-0.1013	-0.1465
0.7134	-0.02355	-0.09459
0.7243	-0.04184	-0.1062
0.7336	-0.08126	-0.05491
0.8419	-0.0906	-0.02504
0.8706	-0.1514	-0.07281
0.8976	-0.1955	-0.1095
0.9119	-0.2099	-0.111
0.8705	-0.2308	-0.1011
0.8162	-0.2274	-0.1429
0.6482	-0.2126	-0.1971
0.504	-0.1509	-0.2693
0.5526	-0.01803	-0.4166
0.9012	0.03783	-0.6529
1.553	-0.1308	-0.9552
1.959	-0.4449	-1.089
1.821	-0.5951	-0.8522
1.588	-0.3361	-0.4246
1.424	0.07482	-0.1974
1.263	0.1839	-0.2658
1.243	0.09018	-0.354
1.116	0.05505	-0.3255
0.8096	-0.0535	-0.2217
0.6573	-0.2106	-0.06906
0.5859	-0.1534	-0.01288
0.5903	-0.01048	-0.1085
0.679	-0.01276	-0.1596
1.21	0.06795	-0.1679
1.236	-0.0108	-0.2587
1.249	-0.07075	-0.3155
1.036	-0.08478	-0.369
0.9607	-0.1135	-0.3375
0.7637	-0.07204	-0.2231
0.5437	-0.1035	-0.145
0.5574	-0.1282	-0.06632
0.5244	-0.05554	-0.02097
0.5566	-0.001414	-0.04239
0.6405	0.141	-0.06065
0.6572	0.2388	-0.1123
0.7032	0.2264	-0.157
0.7283	0.2237	-0.134
0.8205	0.1627	-0.1127
0.8956	0.1247	-0.1007
0.8345	0.1048	-0.1372
0.7655	0.03074	-0.2386
0.6264	-0.08235	-0.365
0.562	-0.2605	-0.5931
0.9169	-0.4553	-0.8418
1.538	-0.6125	-0.9517
1.84	-0.5739	-0.9544
1.655	-0.2944	-0.805
1.558	-0.007898	-0.6013
1.669	0.0501	-0.6229
1.585	-0.141	-0.6531
1.45	-0.2372	-0.5092
1.296	-0.1598	-0.4426
0.9701	-0.1277	-0.3508
0.7489	-0.0915	-0.2163
0.5948	-0.09911	-0.2055
0.4826	-0.1781	-0.1362
0.5615	-0.217	-0.1038
0.6156	-0.2341	-0.1587
0.6863	-0.2061	-0.142
0.7451	-0.16	-0.1641
0.6829	-0.1013	-0.1465
0.7134	-0.02355	-0.09459
0.7243	-0.04184	-0.1062
0.7336	-0.08126	-0.05491
0.8419	-0.0906	-0.02504
0.8706	-0.1514	-0.07281
0.8976	-0.1955	-0.1095
0.9119	-0.2099	-0.111
0.8705	-0.2308	-0.1011
0.8162	-0.2274	-0.1429
0.6482	-0.2126	-0.1971
0.504	-0.1509	-0.2693
0.5526	-0.01803	-0.4166
0.9012	0.03783	-0.6529
1.553	-0.1308	-0.9552
1.959	-0.4449	-1.089
1.821	-0.5951	-0.8522
1.588	-0.3361	-0.4246
1.424	0.07482	-0.1974
1.263	0.1839	-0.2658
1.243	0.09018	-0.354
1.116	0.05505	-0.3255
0.8096	-0.0535	-0.2217
0.6573	-0.2106	-0.06906
0.5859	-0.1534	-0.01288
0.5903	-0.01048	-0.1085
0.679	-0.01276	-0.1596
0.6852	-0.01423	-0.1637
0.7024	0.003113	-0.1957
0.6536	-0.03017	-0.1456
0.5562	0.01686	-0.08042
0.5818	0.07174	-0.05629
0.6797	0.1203	-0.06097
0.838	0.1802	-0.1643
0.8703	0.1404	-0.2585
0.7792	0.122	-0.2693
0.7765	0.08986	-0.2629
0.7382	-0.05556	-0.3462
0.7367	-0.2513	-0.5349
1.03	-0.4526	-0.6397
1.576	-0.504	-0.6491
1.964	-0.4198	-0.702
1.904	-0.2967	-0.736
1.685	-0.1804	-0.5716
1.469	-0.1457	-0.3298
1.261	-0.135	-0.2882
1.159	-0.1448	-0.3068
0.9759	-0.1286	-0.2596
0.7409	-0.06493	-0.225
0.6584	-0.04818	-0.1437
0.6303	-0.0526	-0.09066
0.6301	-0.09573	-0.1312
0.6428	-0.1295	-0.1476
0.6299	-0.1104	-0.1343
0.6516	-0.1115	-0.1261
0.6876	-0.1108	-0.07597
0.7239	-0.1342	-0.03385
0.7408	-0.1689	-0.09684
0.7887	-0.1754	-0.1653
0.9355	-0.1957	-0.1804
0.9904	-0.2229	-0.2574
0.8987	-0.2324	-0.3316
0.7952	-0.1827	-0.2747
0.6704	-0.1056	-0.2363
0.6811	-0.03759	-0.3633
1.122	0.01911	-0.5986
1.759	0.01007	-0.8868
1.925	-0.003222	-0.9821
1.652	0.00897	-0.6566
1.443	-0.009938	-0.2905
1.206	-0.04039	-0.2373
1.02	-0.08792	-0.2779
1.067	-0.1296	-0.2508
0.9378	-0.1119	-0.2398
0.7542	-0.08067	-0.2126
0.7559	-0.07235	-0.1549
0.6805	-0.03698	-0.1447
0.6471	0.001005	-0.1326
0.7157	-0.02829	-0.1459
0.789	-0.05436	-0.212
0.8267	-0.02546	-0.1919
0.7229	0.006486	-0.1409
0.6429	0.04767	-0.1085
0.6298	0.09187	-0.05311
0.6894	0.07866	-0.07171
0.8308	0.04049	-0.1287
0.8204	0.02488	-0.1966
0.7044	-0.004263	-0.2994
0.6227	-0.06319	-0.3607
0.7481	-0.1978	-0.4579
1.214	-0.3927	-0.6025
0.6852	-0.01423	-0.1637
0.7024	0.003113	-0.1957
0.6536	-0.03017	-0.1456
0.5562	0.01686	-0.08042
0.5818	0.07174	-0.05629
0.6797	0.1203	-0.06097
0.838	0.1802	-0.1643
0.8703	0.1404	-0.2585
0.7792	0.122	-0.2693
0.7765	0.08986	-0.2629
0.7382	-0.05556	-0.3462
0.7367	-0.2513	-0.5349
1.03	-0.4526	-0.6397
1.576	-0.504	-0.6491
1.964	-0.4198	-0.702
1.904	-0.2967	-0.736
1.685	-0.1804	-0.5716
1.469	-0.1457	-0.3298
1.261	-0.135	-0.2882
1.159	-0.1448	-0.3068
0.9759	-0.1286	-0.2596
0.7409	-0.06493	-0.225
0.6584	-0.04818	-0.1437
0.6303	-0.0526	-0.09066
0.6301	-0.09573	-0.1312
0.6428	-0.1295	-0.1476
0.6299	-0.1104	-0.1343
0.6516	-0.1115	-0.1261
0.6876	-0.1108	-0.07597
0.7239	-0.1342	-0.03385
0.7408	-0.1689	-0.09684
0.7887	-0.1754	-0.1653
0.9355	-0.1957	-0.1804
0.9904	-0.2229	-0.2574
0.8987	-0.2324	-0.3316
0.7952	-0.1827	-0.2747
0.6704	-0.1056	-0.2363
0.6811	-0.03759	-0.3633
1.122	0.01911	-0.5986
1.759	0.01007	-0.8868
1.925	-0.003222	-0.9821
1.652	0.00897	-0.6566
1.443	-0.009938	-0.2905
1.206	-0.04039	-0.2373
1.02	-0.08792	-0.2779
1.067	-0.1296	-0.2508
0.9378	-0.1119	-0.2398
0.7542	-0.08067	-0.2126
0.7559	-0.07235	-0.1549
0.6805	-0.03698	-0.1447
0.6471	0.001005	-0.1326
0.7157	-0.02829	-0.1459
0.789	-0.05436	-0.212
0.8267	-0.02546	-0.1919
0.7229	0.006486	-0.1409
0.6429	0.04767	-0.1085
0.6298	0.09187	-0.05311
0.6894	0.07866	-0.07171
0.8308	0.04049	-0.1287
0.8204	0.02488	-0.1966
0.7044	-0.004263	-0.2994
0.6227	-0.06319	-0.3607
0.7481	-0.1978	-0.4579
1.214	-0.3927	-0.6025
1.746	-0.47	-0.7279
1.948	-0.4047	-0.8217
1.678	-0.2916	-0.6594
1.356	-0.1396	-0.3089
1.222	-0.05365	-0.1899
1.162	-0.1114	-0.2682
1.196	-0.1469	-0.311
1.026	-0.1098	-0.3086
0.7874	-0.09906	-0.2508
0.7285	-0.05497	-0.1608
0.5782	-0.03038	-0.1418
0.5604	-0.07063	-0.1732
0.6363	-0.04658	-0.1433
0.6279	-0.03054	-0.09394
0.7002	-0.03819	-0.06549
0.6525	-0.04278	-0.01523
0.5908	-0.1203	-0.009339
0.6149	-0.1679	-0.03541
0.6322	-0.1895	-0.06416
0.7531	-0.2234	-0.1643
0.7859	-0.2059	-0.3088
0.7262	-0.1817	-0.4504
0.797	-0.1361	-0.5833
1.187	-0.1023	-0.7852
1.806	-0.1468	-1.014
1.953	-0.1481	-0.9868
1.586	-0.002317	-0.6013
1.286	0.1415	-0.1058
1.138	0.07631	0.03239
1.183	-0.05634	-0.2026
1.28	-0.1145	-0.3445
1.103	-0.164	-0.3759
0.8435	-0.1223	-0.2862
0.6322	-0.0714	-0.06248
0.552	-0.1184	-0.09584
0.7363	-0.1006	-0.1822
0.7901	-0.05491	-0.1338
0.7044	-0.01364	-0.2137
0.6811	0.07255	-0.2052
0.542	0.1121	-0.1238
0.5181	0.1414	-0.1377
0.7037	0.1414	-0.1196
0.8714	0.09615	-0.1589
0.8643	0.09807	-0.1935
0.6034	0.0569	-0.2247
0.4159	-0.03483	-0.3428
0.478	-0.1119	-0.3808
0.7286	-0.2416	-0.4654
1.23	-0.4561	-0.6869
1.799	-0.588	-0.8821
1.95	-0.465	-0.9571
1.632	-0.3166	-0.7328
1.408	-0.2256	-0.3202
1.286	-0.09599	-0.1715
1.13	-0.1314	-0.2813
1.13	-0.1897	-0.3029
1.028	-0.1517	-0.2735
0.8449	-0.1782	-0.2669
0.7304	-0.1392	-0.1903
0.6108	-0.09009	-0.1627
0.6374	-0.07096	-0.1657
0.6868	-0.01504	-0.123
0.6988	-0.04963	-0.1343
0.6989	-0.07746	-0.1348
