1.139	-0.07118	-0.003327
0.9713	-0.1001	0.02445
0.943	-0.1095	0.04213
0.9143	-0.1447	0.094
0.8395	-0.1631	0.09945
0.8814	-0.1424	0.07751
0.9062	-0.1256	0.08877
0.9238	-0.1117	0.09631
0.966	-0.08765	0.1179
0.9116	-0.0791	0.143
0.8771	-0.06894	0.1349
0.8553	-0.04608	0.1454
0.801	-0.04149	0.167
0.8189	-0.02816	0.1466
0.8586	0.01429	0.1149
0.9275	0.04114	0.09687
1.04	-0.04647	0.08329
1.132	-0.2601	0.08534
1.232	-0.3589	0.08455
1.363	-0.1504	0.09136
1.454	0.1845	0.1847
1.452	0.2714	0.2583
1.544	-0.03671	0.121
1.66	-0.4716	-0.01728
1.296	-0.6746	0.09769
0.6777	-0.6147	0.1912
0.418	-0.463	0.1194
0.4106	-0.3111	0.1177
0.4379	-0.2187	0.09064
0.5605	-0.1569	-0.02718
0.8173	-0.1537	-0.03
1.116	-0.3114	-0.007309
1.145	-0.4176	-0.02332
0.9008	-0.4181	0.02135
0.7581	-0.4698	0.04938
0.7868	-0.4664	0.009749
0.8747	-0.4199	-0.0341
0.9594	-0.3386	-0.04108
1.007	-0.2047	-0.05121
1.022	-0.1258	-0.06462
0.9876	-0.07238	-0.04
0.9826	-0.07762	-0.04896
1.014	-0.09004	-0.08819
1.022	-0.05281	-0.1083
1.033	-0.06933	-0.1101
1.023	-0.08323	-0.07318
1.038	-0.1213	-0.06205
1.075	-0.1839	-0.07836
1.079	-0.1782	-0.07654
1.097	-0.1753	-0.07635
1.143	-0.1879	-0.02827
1.2	-0.2402	0.07834
1.155	-0.3379	0.1435
1.033	-0.3829	0.03728
0.9859	-0.3868	-0.1183
0.9269	-0.4085	-0.09614
0.8871	-0.4638	-0.05001
0.9745	-0.5121	-0.009279
1.129	-0.5014	0.1371
1.283	-0.3919	0.1624
1.314	-0.1935	0.05157
1.218	-0.06853	-0.0191
1.105	-0.09293	-0.05026
0.975	-0.1247	-0.02634
0.8447	-0.107	0.02532
0.7575	-0.1082	0.08005
0.7304	-0.09834	0.1295
0.7498	-0.04035	0.1284
0.768	0.01339	0.1527
0.7716	0.02928	0.1931
0.7682	0.008446	0.1846
0.751	0.005127	0.2211
0.7328	0.01619	0.2649
0.7528	0.01236	0.2479
0.8259	0.04932	0.2468
0.9537	0.05897	0.2108
1.098	-0.05709	0.1425
1.266	-0.3065	0.1572
1.575	-0.4555	0.1727
1.782	-0.1357	0.1585
1.505	0.2048	0.2233
1.205	-0.0445	0.24
1.323	-0.4829	0.03621
1.243	-0.7622	-0.1477
0.8578	-0.7899	-0.01359
0.732	-0.4071	0.1346
0.7135	-0.1244	0.02047
0.8175	-0.1706	-0.02622
1.096	-0.1777	0.01053
1.097	-0.205	-0.03856
1.021	-0.2639	-0.004993
0.9719	-0.2686	0.009408
0.7453	-0.2614	-0.01735
0.6833	-0.2398	0.008672
0.7589	-0.2462	-0.04526
0.7816	-0.2025	-0.06244
0.8705	-0.1664	-0.04917
0.9206	-0.1797	-0.08633
0.9085	-0.1547	-0.0629
0.9738	-0.1573	-0.06649
1.098	-0.1236	-0.08911
1.146	-0.08139	-0.0871
1.093	-0.1056	-0.08656
1.059	-0.1419	-0.0546
1.063	-0.2004	-0.06066
1.093	-0.1765	-0.07273
1.168	-0.03445	-0.06357
1.227	0.04677	-0.03502
1.213	-0.1354	0.09749
1.154	-0.3645	0.1841
1.084	-0.2819	0.03747
1.031	-0.2542	-0.1669
1.025	-0.4543	-0.1645
1.085	-0.538	-0.06022
1.214	-0.5512	0.02104
1.315	-0.4867	0.1503
1.303	-0.3278	0.1708
1.216	-0.2151	0.04529
1.045	-0.1165	-0.02968
0.8427	-0.1421	-0.01973
0.7462	-0.2003	0.03085
0.6989	-0.1538	0.05032
0.6629	-0.1798	0.07726
0.6909	-0.1639	0.141
0.7051	-0.09259	0.166
0.7354	-0.07881	0.1928
0.8158	-0.01381	0.2058
0.8265	0.001084	0.2009
0.8447	-0.107	0.02532
0.7575	-0.1082	0.08005
0.7304	-0.09834	0.1295
0.7498	-0.04035	0.1284
0.768	0.01339	0.1527
0.7716	0.02928	0.1931
0.7682	0.008446	0.1846
0.751	0.005127	0.2211
0.7328	0.01619	0.2649
0.7528	0.01236	0.2479
0.8259	0.04932	0.2468
0.9537	0.05897	0.2108
1.098	-0.05709	0.1425
1.266	-0.3065	0.1572
1.575	-0.4555	0.1727
1.782	-0.1357	0.1585
1.505	0.2048	0.2233
1.205	-0.0445	0.24
1.323	-0.4829	0.03621
1.243	-0.7622	-0.1477
0.8578	-0.7899	-0.01359
0.732	-0.4071	0.1346
0.7135	-0.1244	0.02047
0.8175	-0.1706	-0.02622
1.096	-0.1777	0.01053
1.097	-0.205	-0.03856
1.021	-0.2639	-0.004993
0.9719	-0.2686	0.009408
0.7453	-0.2614	-0.01735
0.6833	-0.2398	0.008672
0.7589	-0.2462	-0.04526
0.7816	-0.2025	-0.06244
0.8705	-0.1664	-0.04917
0.9206	-0.1797	-0.08633
0.9085	-0.1547	-0.0629
0.9738	-0.1573	-0.06649
1.098	-0.1236	-0.08911
1.146	-0.08139	-0.0871
1.093	-0.1056	-0.08656
1.059	-0.1419	-0.0546
1.063	-0.2004	-0.06066
1.093	-0.1765	-0.07273
1.168	-0.03445	-0.06357
1.227	0.04677	-0.03502
1.213	-0.1354	0.09749
1.154	-0.3645	0.1841
1.084	-0.2819	0.03747
1.031	-0.2542	-0.1669
1.025	-0.4543	-0.1645
1.085	-0.538	-0.06022
1.214	-0.5512	0.02104
1.315	-0.4867	0.1503
1.303	-0.3278	0.1708
1.216	-0.2151	0.04529
1.045	-0.1165	-0.02968
0.8427	-0.1421	-0.01973
0.7462	-0.2003	0.03085
0.6989	-0.1538	0.05032
0.6629	-0.1798	0.07726
0.6909	-0.1639	0.141
0.7051	-0.09259	0.166
0.7354	-0.07881	0.1928
0.8158	-0.01381	0.2058
0.8265	0.001084	0.2009
0.8106	-0.02284	0.2132
0.8256	0.01368	0.2052
0.8849	0.02397	0.2015
1.047	-0.01562	0.1885
1.258	-0.1798	0.1703
1.531	-0.3222	0.1496
1.785	-0.1496	0.1095
1.786	0.04945	0.1225
1.613	-0.09459	0.1173
1.438	-0.389	0.02732
1.251	-0.703	-0.02647
0.9602	-0.8497	0.0394
0.5815	-0.4718	0.13
0.5421	-0.0702	0.08809
0.9643	-0.09274	-0.02853
1.284	-0.1774	-0.1237
1.314	-0.2622	-0.1436
1.115	-0.3328	-0.02253
0.7873	-0.313	0.05867
0.686	-0.29	0.02118
0.6505	-0.2309	-0.01362
0.6329	-0.22	-0.05236
0.7957	-0.2143	-0.0612
0.872	-0.1609	-0.05714
0.9582	-0.1408	-0.09006
1.012	-0.08729	-0.0971
0.9686	-0.04286	-0.08685
1.073	-0.02501	-0.08068
1.067	-0.01959	-0.07852
1.02	-0.04319	-0.06694
1.07	-0.08854	-0.02884
1.025	-0.2284	-0.006887
1.074	-0.2704	-0.02281
1.173	-0.06684	-0.09318
1.222	0.06903	-0.1285
1.234	-0.1095	0.03173
1.119	-0.3617	0.2281
1.038	-0.3753	0.1824
0.987	-0.3484	0.01636
0.9328	-0.4396	-0.07776
1.066	-0.5174	-0.1215
1.319	-0.5879	-0.06043
1.419	-0.5686	0.04033
1.322	-0.4182	0.07067
1.248	-0.2314	0.08175
1.155	-0.08606	0.035
0.9407	-0.07471	0.01245
0.7773	-0.08199	0.0442
0.6994	-0.07602	0.03946
0.6697	-0.1202	0.08162
0.6633	-0.1153	0.1081
0.6684	-0.1024	0.1116
0.7305	-0.09063	0.1544
0.7743	-0.05818	0.1632
0.7873	-0.07929	0.189
0.7973	-0.08744	0.1994
0.8041	-0.06529	0.1827
0.8769	-0.05188	0.1909
1.025	-0.03999	0.1619
1.199	-0.08227	0.1408
1.323	-0.2093	0.133
1.506	-0.2979	0.09883
1.726	-0.1442	0.07611
1.639	-0.007776	0.07033
0.8106	-0.02284	0.2132
0.8256	0.01368	0.2052
0.8849	0.02397	0.2015
1.047	-0.01562	0.1885
1.258	-0.1798	0.1703
1.531	-0.3222	0.1496
1.785	-0.1496	0.1095
1.786	0.04945	0.1225
1.613	-0.09459	0.1173
1.438	-0.389	0.02732
1.251	-0.703	-0.02647
0.9602	-0.8497	0.0394
0.5815	-0.4718	0.13
0.5421	-0.0702	0.08809
0.9643	-0.09274	-0.02853
1.284	-0.1774	-0.1237
1.314	-0.2622	-0.1436
1.115	-0.3328	-0.02253
0.7873	-0.313	0.05867
0.686	-0.29	0.02118
0.6505	-0.2309	-0.01362
0.6329	-0.22	-0.05236
0.7957	-0.2143	-0.0612
0.872	-0.1609	-0.05714
0.9582	-0.1408	-0.09006
1.012	-0.08729	-0.0971
0.9686	-0.04286	-0.08685
1.073	-0.02501	-0.08068
1.067	-0.01959	-0.07852
1.02	-0.04319	-0.06694
1.07	-0.08854	-0.02884
1.025	-0.2284	-0.006887
1.074	-0.2704	-0.02281
1.173	-0.06684	-0.09318
1.222	0.06903	-0.1285
1.234	-0.1095	0.03173
1.119	-0.3617	0.2281
1.038	-0.3753	0.1824
0.987	-0.3484	0.01636
0.9328	-0.4396	-0.07776
1.066	-0.5174	-0.1215
1.319	-0.5879	-0.06043
1.419	-0.5686	0.04033
1.322	-0.4182	0.07067
1.248	-0.2314	0.08175
1.155	-0.08606	0.035
0.9407	-0.07471	0.01245
0.7773	-0.08199	0.0442
0.6994	-0.07602	0.03946
0.6697	-0.1202	0.08162
0.6633	-0.1153	0.1081
0.6684	-0.1024	0.1116
0.7305	-0.09063	0.1544
0.7743	-0.05818	0.1632
0.7873	-0.07929	0.189
0.7973	-0.08744	0.1994
0.8041	-0.06529	0.1827
0.8769	-0.05188	0.1909
1.025	-0.03999	0.1619
1.199	-0.08227	0.1408
1.323	-0.2093	0.133
1.506	-0.2979	0.09883
1.726	-0.1442	0.07611
1.639	-0.007776	0.07033
1.489	-0.3074	0.04395
1.387	-0.6284	0.01109
0.8672	-0.5612	0.109
0.4712	-0.4525	0.214
0.7189	-0.3171	0.08974
0.9598	-0.06576	-0.06079
0.9914	-0.1203	-0.06764
1.017	-0.3153	-0.04511
0.9588	-0.3051	-0.02006
0.9299	-0.3456	0.006555
0.8455	-0.3272	-0.002064
0.6467	-0.2182	-0.02171
0.6659	-0.2472	-0.03698
0.7817	-0.176	-0.06414
0.823	-0.1023	-0.08348
0.9216	-0.1389	-0.08604
0.9385	-0.09006	-0.1026
0.9746	-0.08666	-0.121
1.15	-0.05484	-0.1209
1.182	0.01951	-0.1054
1.079	-0.01011	-0.07109
1.018	-0.03125	-0.05762
1.044	-0.1086	-0.08015
1.122	-0.2005	-0.09793
1.187	-0.1479	-0.1226
1.248	-0.03353	-0.1416
1.233	0.01715	-0.08001
1.132	-0.1179	0.05766
0.9651	-0.3227	0.1387
0.7849	-0.3738	0.06026
0.783	-0.3868	-0.055
0.9125	-0.46	-0.0635
1.196	-0.4684	0.002392
1.552	-0.4758	0.1249
1.466	-0.4626	0.2183
1.219	-0.2371	0.1566
1.241	-0.0229	0.07792
1.091	-0.02867	0.07725
0.8504	-0.06274	0.06019
0.7792	-0.02908	0.03673
0.6956	-0.03496	0.01463
0.7042	-0.08355	0.009488
0.6913	-0.09417	0.06669
0.6477	-0.1229	0.1036
0.7174	-0.1321	0.1038
0.6961	-0.1125	0.1288
0.7158	-0.1402	0.1751
0.7897	-0.09928	0.2064
0.8529	-0.05392	0.1779
1.043	-0.06364	0.1416
1.193	-0.09986	0.1374
1.372	-0.2773	0.1301
1.605	-0.3685	0.1336
1.64	-0.1062	0.1601
1.412	0.167	0.2422
1.152	-0.03572	0.2767
1.246	-0.4991	0.05181
1.308	-0.7601	-0.1718
1.014	-0.7168	-0.03206
0.818	-0.3606	0.1089
0.765	-0.05934	-0.009531
0.8228	-0.04806	-0.03221
0.9678	-0.1439	-0.01667
0.9864	-0.2835	-0.09078
1.489	-0.3074	0.04395
1.387	-0.6284	0.01109
0.8672	-0.5612	0.109
0.4712	-0.4525	0.214
0.7189	-0.3171	0.08974
0.9598	-0.06576	-0.06079
0.9914	-0.1203	-0.06764
1.017	-0.3153	-0.04511
0.9588	-0.3051	-0.02006
0.9299	-0.3456	0.006555
0.8455	-0.3272	-0.002064
0.6467	-0.2182	-0.02171
0.6659	-0.2472	-0.03698
0.7817	-0.176	-0.06414
0.823	-0.1023	-0.08348
0.9216	-0.1389	-0.08604
0.9385	-0.09006	-0.1026
0.9746	-0.08666	-0.121
1.15	-0.05484	-0.1209
1.182	0.01951	-0.1054
1.079	-0.01011	-0.07109
1.018	-0.03125	-0.05762
1.044	-0.1086	-0.08015
1.122	-0.2005	-0.09793
1.187	-0.1479	-0.1226
1.248	-0.03353	-0.1416
1.233	0.01715	-0.08001
1.132	-0.1179	0.05766
0.9651	-0.3227	0.1387
0.7849	-0.3738	0.06026
0.783	-0.3868	-0.055
0.9125	-0.46	-0.0635
1.196	-0.4684	0.002392
1.552	-0.4758	0.1249
1.466	-0.4626	0.2183
1.219	-0.2371	0.1566
1.241	-0.0229	0.07792
1.091	-0.02867	0.07725
0.8504	-0.06274	0.06019
0.7792	-0.02908	0.03673
0.6956	-0.03496	0.01463
0.7042	-0.08355	0.009488
0.6913	-0.09417	0.06669
0.6477	-0.1229	0.1036
0.7174	-0.1321	0.1038
0.6961	-0.1125	0.1288
0.7158	-0.1402	0.1751
0.7897	-0.09928	0.2064
0.8529	-0.05392	0.1779
1.043	-0.06364	0.1416
1.193	-0.09986	0.1374
1.372	-0.2773	0.1301
1.605	-0.3685	0.1336
1.64	-0.1062	0.1601
1.412	0.167	0.2422
1.152	-0.03572	0.2767
1.246	-0.4991	0.05181
1.308	-0.7601	-0.1718
1.014	-0.7168	-0.03206
0.818	-0.3606	0.1089
0.765	-0.05934	-0.009531
0.8228	-0.04806	-0.03221
0.9678	-0.1439	-0.01667
0.9864	-0.2835	-0.09078
0.9471	-0.2745	-0.03145
0.8019	-0.2379	0.005769
0.6747	-0.2773	-0.01259
0.7136	-0.2218	0.02268
0.7353	-0.2174	-0.01776
0.8238	-0.1737	-0.04641
0.9425	-0.1214	-0.07568
0.9943	-0.1212	-0.1178
1.08	-0.01276	-0.09737
1.096	-0.01423	-0.1204
1.05	-0.02343	-0.1047
1.043	0.05288	-0.08298
1.025	0.0043	-0.1105
0.9944	-0.07793	-0.07154
1.005	-0.2025	-0.06583
1.065	-0.2704	-0.07571
1.191	-0.1154	-0.05773
1.312	-0.002956	-0.02558
1.271	-0.1244	0.09074
1.122	-0.2827	0.1476
0.9512	-0.3163	0.06487
0.829	-0.3199	-0.0504
0.8753	-0.4048	-0.1265
1.057	-0.5991	-0.1447
1.375	-0.7456	-0.09756
1.536	-0.6873	0.01767
1.311	-0.4803	0.09645
1.133	-0.1602	0.1103
1.076	0.03397	0.07465
0.9137	-0.002554	0.006088
0.7854	0.02681	0.01203
0.7228	0.04919	0.03555
0.6703	-0.02094	0.06088
0.6547	-0.03974	0.1384
0.6795	-0.07971	0.1852
0.7369	-0.1075	0.2048
0.7968	-0.1102	0.1943
0.832	-0.1395	0.1747
0.8303	-0.106	0.193
0.8527	-0.05473	0.186
0.9242	-0.01505	0.1702
0.9899	0.02135	0.1585
1.096	0.0103	0.124
1.319	-0.05321	0.06338
1.542	-0.113	0.02994
1.499	0.05073	0.2072
1.37	0.1816	0.3838
1.468	-0.2647	0.1169
1.468	-0.8177	-0.2513
1.278	-0.7798	-0.2142
0.9452	-0.4202	0.02112
0.4997	-0.2113	0.1631
0.6054	-0.1544	0.09192
0.9199	-0.08849	-0.07659
0.8606	-0.09148	-0.08073
1.013	-0.2253	-0.07395
1.073	-0.2522	-0.09803
0.8404	-0.2007	-0.03507
0.7954	-0.2499	-0.01424
0.7115	-0.2485	0.01278
0.7454	-0.2044	0.006781
0.9103	-0.1724	-0.07244
1.01	-0.08733	-0.105
1.16	-0.03831	-0.1277
0.9471	-0.2745	-0.03145
0.8019	-0.2379	0.005769
0.6747	-0.2773	-0.01259
0.7136	-0.2218	0.02268
0.7353	-0.2174	-0.01776
0.8238	-0.1737	-0.04641
0.9425	-0.1214	-0.07568
0.9943	-0.1212	-0.1178
1.08	-0.01276	-0.09737
1.096	-0.01423	-0.1204
1.05	-0.02343	-0.1047
1.043	0.05288	-0.08298
1.025	0.0043	-0.1105
0.9944	-0.07793	-0.07154
1.005	-0.2025	-0.06583
1.065	-0.2704	-0.07571
1.191	-0.1154	-0.05773
1.312	-0.002956	-0.02558
1.271	-0.1244	0.09074
1.122	-0.2827	0.1476
0.9512	-0.3163	0.06487
0.829	-0.3199	-0.0504
0.8753	-0.4048	-0.1265
1.057	-0.5991	-0.1447
1.375	-0.7456	-0.09756
1.536	-0.6873	0.01767
1.311	-0.4803	0.09645
1.133	-0.1602	0.1103
1.076	0.03397	0.07465
0.9137	-0.002554	0.006088
0.7854	0.02681	0.01203
0.7228	0.04919	0.03555
0.6703	-0.02094	0.06088
0.6547	-0.03974	0.1384
0.6795	-0.07971	0.1852
0.7369	-0.1075	0.2048
0.7968	-0.1102	0.1943
0.832	-0.1395	0.1747
0.8303	-0.106	0.193
0.8527	-0.05473	0.186
0.9242	-0.01505	0.1702
0.9899	0.02135	0.1585
1.096	0.0103	0.124
1.319	-0.05321	0.06338
1.542	-0.113	0.02994
1.499	0.05073	0.2072
1.37	0.1816	0.3838
1.468	-0.2647	0.1169
1.468	-0.8177	-0.2513
1.278	-0.7798	-0.2142
0.9452	-0.4202	0.02112
0.4997	-0.2113	0.1631
0.6054	-0.1544	0.09192
0.9199	-0.08849	-0.07659
0.8606	-0.09148	-0.08073
1.013	-0.2253	-0.07395
1.073	-0.2522	-0.09803
0.8404	-0.2007	-0.03507
0.7954	-0.2499	-0.01424
0.7115	-0.2485	0.01278
0.7454	-0.2044	0.006781
0.9103	-0.1724	-0.07244
1.01	-0.08733	-0.105
1.16	-0.03831	-0.1277
1.09	0.01449	-0.06477
1.025	0.05587	0.000854
1.043	0.02953	-0.03145
0.933	-0.00948	-0.02324
1.002	-0.1498	-0.03141
1.073	-0.2966	-0.04271
1.117	-0.3158	-0.02471
1.219	-0.2449	-0.01485
1.179	-0.1207	0.03275
1.214	-0.09579	0.08142
1.193	-0.2172	0.121
0.9961	-0.3847	0.06417
0.8733	-0.4559	-0.05295
0.8814	-0.3982	-0.05831
1.094	-0.4011	-0.08178
1.325	-0.4514	-0.1115
1.382	-0.4255	-0.04926
1.327	-0.2947	-0.006998
1.149	-0.1078	0.04705
0.9394	-0.0812	0.06693
0.8326	-0.1397	0.02121
0.8267	-0.09116	0.03275
0.7664	-0.0816	0.01168
0.6987	-0.09058	0.006505
0.7102	-0.04703	0.08995
0.6577	-0.07036	0.1264
0.7006	-0.09148	0.1833
0.8136	-0.08333	0.223
0.8236	-0.09013	0.1915
0.8694	-0.06078	0.1966
0.8962	-0.06857	0.1737
0.9916	-0.1452	0.1625
1.24	-0.2845	0.1729
1.538	-0.366	0.15
1.701	-0.09909	0.2172
1.34	0.2571	0.3347
1.015	0.1858	0.3412
1.302	-0.2673	0.1038
1.444	-0.7498	-0.1764
1.152	-0.8193	-0.1081
0.8895	-0.3934	0.04474
0.7215	-0.04881	0.0413
0.6651	-0.03883	0.1006
0.7289	-0.09541	0.1147
0.7612	-0.113	0.0546
0.8907	-0.1514	0.0108
1.113	-0.2444	-0.1365
1.06	-0.2468	-0.1751
0.8271	-0.1573	-0.04848
0.6658	-0.1369	-0.01553
0.6	-0.0969	-0.03023
0.7458	-0.09924	-0.06398
0.9345	-0.1901	-0.1124
1.002	-0.2296	-0.1207
1.045	-0.2256	-0.1131
1.043	-0.1136	-0.08872
1.069	0.02262	-0.1143
1.105	0.0318	-0.1386
1.075	-0.05627	-0.1138
1.102	-0.2142	-0.1032
1.122	-0.2732	-0.06775
1.132	-0.1894	-0.05987
1.222	-0.1428	-0.06118
1.3	-0.2259	-0.003538
1.09	0.01449	-0.06477
1.025	0.05587	0.000854
1.043	0.02953	-0.03145
0.933	-0.00948	-0.02324
1.002	-0.1498	-0.03141
1.073	-0.2966	-0.04271
1.117	-0.3158	-0.02471
1.219	-0.2449	-0.01485
1.179	-0.1207	0.03275
1.214	-0.09579	0.08142
1.193	-0.2172	0.121
0.9961	-0.3847	0.06417
0.8733	-0.4559	-0.05295
0.8814	-0.3982	-0.05831
1.094	-0.4011	-0.08178
1.325	-0.4514	-0.1115
1.382	-0.4255	-0.04926
1.327	-0.2947	-0.006998
1.149	-0.1078	0.04705
0.9394	-0.0812	0.06693
0.8326	-0.1397	0.02121
0.8267	-0.09116	0.03275
0.7664	-0.0816	0.01168
0.6987	-0.09058	0.006505
0.7102	-0.04703	0.08995
0.6577	-0.07036	0.1264
0.7006	-0.09148	0.1833
0.8136	-0.08333	0.223
0.8236	-0.09013	0.1915
0.8694	-0.06078	0.1966
0.8962	-0.06857	0.1737
0.9916	-0.1452	0.1625
1.24	-0.2845	0.1729
1.538	-0.366	0.15
1.701	-0.09909	0.2172
1.34	0.2571	0.3347
1.015	0.1858	0.3412
1.302	-0.2673	0.1038
1.444	-0.7498	-0.1764
1.152	-0.8193	-0.1081
0.8895	-0.3934	0.04474
0.7215	-0.04881	0.0413
0.6651	-0.03883	0.1006
0.7289	-0.09541	0.1147
0.7612	-0.113	0.0546
0.8907	-0.1514	0.0108
1.113	-0.2444	-0.1365
1.06	-0.2468	-0.1751
0.8271	-0.1573	-0.04848
0.6658	-0.1369	-0.01553
0.6	-0.0969	-0.03023
0.7458	-0.09924	-0.06398
0.9345	-0.1901	-0.1124
1.002	-0.2296	-0.1207
1.045	-0.2256	-0.1131
1.043	-0.1136	-0.08872
1.069	0.02262	-0.1143
1.105	0.0318	-0.1386
1.075	-0.05627	-0.1138
1.102	-0.2142	-0.1032
1.122	-0.2732	-0.06775
1.132	-0.1894	-0.05987
1.222	-0.1428	-0.06118
1.3	-0.2259	-0.003538
1.26	-0.3252	0.01537
1.062	-0.313	-0.02702
0.8875	-0.3475	-0.08189
0.9022	-0.4536	-0.07676
0.9865	-0.5099	-0.01888
1.08	-0.5366	0.03394
1.226	-0.4937	0.1047
1.296	-0.3763	0.1198
1.207	-0.2021	0.07372
1.108	-0.09551	0.03668
0.9372	-0.1084	0.001968
0.7571	-0.04373	0.02717
0.7772	-0.01201	0.0902
0.7134	-0.06204	0.1295
0.6288	-0.02216	0.1492
0.7462	-0.004017	0.1411
0.7987	-0.002636	0.1589
0.8127	0.008636	0.1855
0.8238	-0.02962	0.1861
0.793	0.0003775	0.1934
0.854	0.03165	0.1695
0.9335	0.0007707	0.1564
1.063	-0.07949	0.1918
1.276	-0.3162	0.2036
1.475	-0.4295	0.1815
1.571	-0.1118	0.1709
1.389	0.1713	0.2414
1.213	-0.1066	0.2732
1.369	-0.5863	0.06045
1.425	-0.7568	-0.1561
1.108	-0.6171	-0.07562
0.7481	-0.2678	0.05921
0.6239	-0.002849	0.04551
0.7139	-0.006911	0.02835
0.8148	-0.1099	-0.01286
0.9457	-0.2658	-0.05455
1.105	-0.3571	-0.01699
0.9678	-0.296	-0.02516
0.7132	-0.2052	-0.006369
0.6745	-0.1804	0.0331
0.6883	-0.1916	-0.0009702
0.7441	-0.1487	-0.006542
0.8668	-0.1544	-0.06378
1.012	-0.1555	-0.1293
1.113	-0.06529	-0.09742
1.052	0.01736	-0.0793
1.041	0.1344	-0.07188
1.05	0.1558	-0.07581
0.9862	0.02797	-0.08118
1.013	-0.1222	-0.05549
1.013	-0.2622	-0.04541
1.087	-0.2658	-0.07261
1.244	-0.1983	-0.126
1.232	-0.1824	-0.09976
1.202	-0.2048	0.06314
1.182	-0.2609	0.2082
1.088	-0.2819	0.1303
1.009	-0.3226	-0.04469
0.9818	-0.4578	-0.08595
1.036	-0.6258	-0.1102
1.132	-0.6958	-0.06872
1.202	-0.6013	0.08178
1.176	-0.4444	0.1292
1.13	-0.2285	0.1371
1.26	-0.3252	0.01537
1.062	-0.313	-0.02702
0.8875	-0.3475	-0.08189
0.9022	-0.4536	-0.07676
0.9865	-0.5099	-0.01888
1.08	-0.5366	0.03394
1.226	-0.4937	0.1047
1.296	-0.3763	0.1198
1.207	-0.2021	0.07372
1.108	-0.09551	0.03668
0.9372	-0.1084	0.001968
0.7571	-0.04373	0.02717
0.7772	-0.01201	0.0902
0.7134	-0.06204	0.1295
0.6288	-0.02216	0.1492
0.7462	-0.004017	0.1411
0.7987	-0.002636	0.1589
0.8127	0.008636	0.1855
0.8238	-0.02962	0.1861
0.793	0.0003775	0.1934
0.854	0.03165	0.1695
0.9335	0.0007707	0.1564
1.063	-0.07949	0.1918
1.276	-0.3162	0.2036
1.475	-0.4295	0.1815
1.571	-0.1118	0.1709
1.389	0.1713	0.2414
1.213	-0.1066	0.2732
1.369	-0.5863	0.06045
1.425	-0.7568	-0.1561
1.108	-0.6171	-0.07562
0.7481	-0.2678	0.05921
0.6239	-0.002849	0.04551
0.7139	-0.006911	0.02835
0.8148	-0.1099	-0.01286
0.9457	-0.2658	-0.05455
1.105	-0.3571	-0.01699
0.9678	-0.296	-0.02516
0.7132	-0.2052	-0.006369
0.6745	-0.1804	0.0331
0.6883	-0.1916	-0.0009702
0.7441	-0.1487	-0.006542
0.8668	-0.1544	-0.06378
1.012	-0.1555	-0.1293
1.113	-0.06529	-0.09742
1.052	0.01736	-0.0793
1.041	0.1344	-0.07188
1.05	0.1558	-0.07581
0.9862	0.02797	-0.08118
1.013	-0.1222	-0.05549
1.013	-0.2622	-0.04541
1.087	-0.2658	-0.07261
1.244	-0.1983	-0.126
1.232	-0.1824	-0.09976
1.202	-0.2048	0.06314
1.182	-0.2609	0.2082
1.088	-0.2819	0.1303
1.009	-0.3226	-0.04469
0.9818	-0.4578	-0.08595
1.036	-0.6258	-0.1102
1.132	-0.6958	-0.06872
1.202	-0.6013	0.08178
1.176	-0.4444	0.1292
1.13	-0.2285	0.1371
1.159	-0.05835	0.07993
1.097	-0.08969	-0.02145
0.9522	-0.1202	0.02193
0.8506	-0.1042	0.03875
0.7851	-0.138	0.0311
0.7615	-0.1368	0.1021
0.7258	-0.1353	0.1219
0.6845	-0.1278	0.1267
0.6934	-0.08674	0.1359
0.7083	-0.08531	0.1344
0.7333	-0.09425	0.1652
0.7854	-0.09604	0.1804
0.875	-0.06468	0.1675
1.012	-0.01179	0.1515
1.139	-0.04703	0.137
1.271	-0.1762	0.1155
1.454	-0.2797	0.08809
1.586	-0.1532	0.1237
1.593	0.1171	0.2949
1.55	0.1203	0.403
1.447	-0.2938	0.09258
1.26	-0.8033	-0.2527
0.949	-0.8329	-0.03511
0.5293	-0.447	0.2164
0.474	-0.2283	0.1072
0.8482	-0.1803	0.01354
1.089	-0.2123	-0.1275
1.209	-0.2767	-0.1924
1.215	-0.2249	-0.03017
0.9492	-0.2063	-0.005417
0.695	-0.1665	0.01818
0.5503	-0.1451	0.05501
0.581	-0.2265	-0.02142
0.7726	-0.2168	-0.003817
0.8771	-0.2548	-0.05696
0.9043	-0.225	-0.1025
0.9039	-0.08228	-0.06557
0.956	-0.1199	-0.117
0.9741	-0.1113	-0.08379
0.9513	-0.05421	-0.07972
1.052	-0.05097	-0.1144
1.021	0.005606	-0.05941
0.9837	-0.03512	-0.04581
1.089	-0.08846	0.005964
1.159	-0.08884	-0.007812
1.325	-0.1138	-0.07479
1.339	-0.1512	0.0006834
1.175	-0.3139	0.09272
1.088	-0.4508	0.174
0.9494	-0.4059	0.1124
0.9381	-0.4062	-0.06476
1.058	-0.5253	-0.07852
1.182	-0.6268	-0.08448
1.339	-0.6353	-0.05558
1.29	-0.4949	0.1087
1.165	-0.246	0.1371
1.112	-0.0773	0.05435
0.9715	-0.05081	0.007125
0.8515	-0.0814	0.0151
0.7678	-0.1168	0.05401
0.7141	-0.1463	0.05578
0.7565	-0.1739	0.1096
0.7547	-0.136	0.169
0.7563	-0.05806	0.1666
1.159	-0.05835	0.07993
1.097	-0.08969	-0.02145
0.9522	-0.1202	0.02193
0.8506	-0.1042	0.03875
0.7851	-0.138	0.0311
0.7615	-0.1368	0.1021
0.7258	-0.1353	0.1219
0.6845	-0.1278	0.1267
0.6934	-0.08674	0.1359
0.7083	-0.08531	0.1344
0.7333	-0.09425	0.1652
0.7854	-0.09604	0.1804
0.875	-0.06468	0.1675
1.012	-0.01179	0.1515
1.139	-0.04703	0.137
1.271	-0.1762	0.1155
1.454	-0.2797	0.08809
1.586	-0.1532	0.1237
1.593	0.1171	0.2949
1.55	0.1203	0.403
1.447	-0.2938	0.09258
1.26	-0.8033	-0.2527
0.949	-0.8329	-0.03511
0.5293	-0.447	0.2164
0.474	-0.2283	0.1072
0.8482	-0.1803	0.01354
1.089	-0.2123	-0.1275
1.209	-0.2767	-0.1924
1.215	-0.2249	-0.03017
0.9492	-0.2063	-0.005417
0.695	-0.1665	0.01818
0.5503	-0.1451	0.05501
0.581	-0.2265	-0.02142
0.7726	-0.2168	-0.003817
0.8771	-0.2548	-0.05696
0.9043	-0.225	-0.1025
0.9039	-0.08228	-0.06557
0.956	-0.1199	-0.117
0.9741	-0.1113	-0.08379
0.9513	-0.05421	-0.07972
1.052	-0.05097	-0.1144
1.021	0.005606	-0.05941
0.9837	-0.03512	-0.04581
1.089	-0.08846	0.005964
1.159	-0.08884	-0.007812
1.325	-0.1138	-0.07479
1.339	-0.1512	0.0006834
1.175	-0.3139	0.09272
1.088	-0.4508	0.174
0.9494	-0.4059	0.1124
0.9381	-0.4062	-0.06476
1.058	-0.5253	-0.07852
1.182	-0.6268	-0.08448
1.339	-0.6353	-0.05558
1.29	-0.4949	0.1087
1.165	-0.246	0.1371
1.112	-0.0773	0.05435
0.9715	-0.05081	0.007125
0.8515	-0.0814	0.0151
0.7678	-0.1168	0.05401
0.7141	-0.1463	0.05578
0.7565	-0.1739	0.1096
0.7547	-0.136	0.169
0.7563	-0.05806	0.1666
0.7928	-0.02458	0.194
0.7598	0.0001246	0.1987
0.7552	-0.004549	0.2037
0.7785	-0.003389	0.2102
0.8354	0.05605	0.162
0.9563	0.09074	0.1443
1.016	0.03792	0.1414
1.179	-0.1949	0.1209
1.537	-0.4767	0.05011
1.678	-0.4375	-0.007287
1.472	-0.1059	0.1518
1.225	0.1056	0.3943
1.118	-0.04939	0.4116
1.311	-0.4782	0.1202
1.551	-0.8653	-0.1668
1.231	-0.8362	-0.08451
0.7733	-0.4229	0.08879
0.7223	-0.1015	0.07632
0.7334	-0.06363	0.0424
0.8166	-0.1654	-0.01544
0.979	-0.2676	-0.03949
0.9901	-0.2939	0.007873
0.9231	-0.2724	-0.02473
0.7809	-0.1992	-0.01436
0.713	-0.1455	0.01832
0.7681	-0.1369	-0.02744
0.8586	-0.08582	-0.04628
0.9995	-0.08357	-0.1009
0.9852	-0.07241	-0.1112
0.9387	-0.02896	-0.06611
1.02	-0.0626	-0.09699
1.049	-0.05703	-0.08757
1.063	-0.05927	-0.08038
1.055	-0.1191	-0.07593
1.021	-0.1848	-0.03195
1.061	-0.2677	-0.07394
1.151	-0.2411	-0.1189
1.274	-0.1195	-0.1184
1.306	-0.05859	-0.05889
1.192	-0.1984	0.0994
1.086	-0.3781	0.1635
0.9973	-0.267	0.0177
0.9321	-0.1928	-0.1515
0.9349	-0.3713	-0.136
1.004	-0.48	-0.04699
1.189	-0.5258	0.001878
1.348	-0.4969	0.09084
1.337	-0.2977	0.1116
1.272	-0.07385	0.03888
1.169	0.02648	0.005869
1	-0.04775	0.008604
0.865	-0.07687	0.03588
0.7744	-0.05244	0.06775
0.6884	-0.15	0.1047
0.6564	-0.1691	0.1212
0.6756	-0.1597	0.1029
0.6684	-0.2133	0.1406
0.7046	-0.1892	0.1702
0.7749	-0.1664	0.1607
0.7811	-0.1045	0.1787
0.7927	-0.03625	0.1837
0.8319	-0.02737	0.1839
0.9354	0.03787	0.1693
1.09	0.02092	0.1475
0.7928	-0.02458	0.194
0.7598	0.0001246	0.1987
0.7552	-0.004549	0.2037
0.7785	-0.003389	0.2102
0.8354	0.05605	0.162
0.9563	0.09074	0.1443
1.016	0.03792	0.1414
1.179	-0.1949	0.1209
1.537	-0.4767	0.05011
1.678	-0.4375	-0.007287
1.472	-0.1059	0.1518
1.225	0.1056	0.3943
1.118	-0.04939	0.4116
1.311	-0.4782	0.1202
1.551	-0.8653	-0.1668
1.231	-0.8362	-0.08451
0.7733	-0.4229	0.08879
0.7223	-0.1015	0.07632
0.7334	-0.06363	0.0424
0.8166	-0.1654	-0.01544
0.979	-0.2676	-0.03949
0.9901	-0.2939	0.007873
0.9231	-0.2724	-0.02473
0.7809	-0.1992	-0.01436
0.713	-0.1455	0.01832
0.7681	-0.1369	-0.02744
0.8586	-0.08582	-0.04628
0.9995	-0.08357	-0.1009
0.9852	-0.07241	-0.1112
0.9387	-0.02896	-0.06611
1.02	-0.0626	-0.09699
1.049	-0.05703	-0.08757
1.063	-0.05927	-0.08038
1.055	-0.1191	-0.07593
1.021	-0.1848	-0.03195
1.061	-0.2677	-0.07394
1.151	-0.2411	-0.1189
1.274	-0.1195	-0.1184
1.306	-0.05859	-0.05889
1.192	-0.1984	0.0994
1.086	-0.3781	0.1635
0.9973	-0.267	0.0177
0.9321	-0.1928	-0.1515
0.9349	-0.3713	-0.136
1.004	-0.48	-0.04699
1.189	-0.5258	0.001878
1.348	-0.4969	0.09084
1.337	-0.2977	0.1116
1.272	-0.07385	0.03888
1.169	0.02648	0.005869
1	-0.04775	0.008604
0.865	-0.07687	0.03588
0.7744	-0.05244	0.06775
0.6884	-0.15	0.1047
0.6564	-0.1691	0.1212
0.6756	-0.1597	0.1029
0.6684	-0.2133	0.1406
0.7046	-0.1892	0.1702
0.7749	-0.1664	0.1607
0.7811	-0.1045	0.1787
0.7927	-0.03625	0.1837
0.8319	-0.02737	0.1839
0.9354	0.03787	0.1693
1.09	0.02092	0.1475
1.201	-0.1258	0.1519
1.361	-0.2776	0.1509
1.545	-0.2769	0.1852
1.617	-0.02216	0.2496
1.57	0.1575	0.2922
1.506	-0.002065	0.2602
1.414	-0.4271	0.1127
1.012	-0.7499	0.01158
0.5102	-0.4959	0.08403
0.4794	-0.06397	0.1416
0.8055	-0.07261	-0.00105
1.088	-0.1863	-0.128
1.169	-0.2072	-0.06852
1.076	-0.3	-0.04091
0.9478	-0.241	-0.02689
0.7996	-0.1581	0.05511
0.69	-0.2217	0.02075
0.7401	-0.1973	-0.04588
0.8111	-0.1946	-0.04251
0.8446	-0.2197	-0.08093
0.8919	-0.173	-0.112
0.8919	-0.1701	-0.1014
0.9546	-0.1561	-0.1005
1.062	-0.1425	-0.09166
1.088	-0.1125	-0.09176
1.108	-0.04954	-0.09379
1.066	-0.07092	-0.06628
1.024	-0.1293	-0.03947
1.085	-0.1911	-0.03112
1.149	-0.2056	-0.05984
1.217	-0.1338	-0.08203
1.234	-0.1191	-0.005616
1.173	-0.2406	0.122
1.132	-0.3577	0.1507
1.108	-0.2932	-0.02514
1.084	-0.2367	-0.2374
1.018	-0.379	-0.2093
0.9645	-0.5176	-0.04804
1.014	-0.5845	0.06715
1.099	-0.5862	0.1742
1.186	-0.4445	0.2067
1.216	-0.2498	0.1052
1.146	-0.1183	-0.01521
1.059	-0.118	-0.03028
0.9386	-0.1668	0.03398
0.7952	-0.1665	0.06206
0.745	-0.1953	0.0926
0.7315	-0.1857	0.1332
0.6957	-0.1334	0.1325
0.7119	-0.1421	0.1598
0.7371	-0.1291	0.1799
0.7441	-0.1061	0.1807
0.7735	-0.07808	0.2158
0.7979	-0.01437	0.2507
0.8567	0.01072	0.2713
0.9717	0.02825	0.2293
1.127	-0.004478	0.1584
1.343	-0.1801	0.1307
1.499	-0.31	0.124
1.536	-0.1383	0.1562
1.579	0.07971	0.1774
1.495	-0.1207	0.1223
1.225	-0.5881	-0.03902
1.1	-0.9317	-0.215
1.201	-0.1258	0.1519
1.361	-0.2776	0.1509
1.545	-0.2769	0.1852
1.617	-0.02216	0.2496
1.57	0.1575	0.2922
1.506	-0.002065	0.2602
1.414	-0.4271	0.1127
1.012	-0.7499	0.01158
0.5102	-0.4959	0.08403
0.4794	-0.06397	0.1416
0.8055	-0.07261	-0.00105
1.088	-0.1863	-0.128
1.169	-0.2072	-0.06852
1.076	-0.3	-0.04091
0.9478	-0.241	-0.02689
0.7996	-0.1581	0.05511
0.69	-0.2217	0.02075
0.7401	-0.1973	-0.04588
0.8111	-0.1946	-0.04251
0.8446	-0.2197	-0.08093
0.8919	-0.173	-0.112
0.8919	-0.1701	-0.1014
0.9546	-0.1561	-0.1005
1.062	-0.1425	-0.09166
1.088	-0.1125	-0.09176
1.108	-0.04954	-0.09379
1.066	-0.07092	-0.06628
1.024	-0.1293	-0.03947
1.085	-0.1911	-0.03112
1.149	-0.2056	-0.05984
1.217	-0.1338	-0.08203
1.234	-0.1191	-0.005616
1.173	-0.2406	0.122
1.132	-0.3577	0.1507
1.108	-0.2932	-0.02514
1.084	-0.2367	-0.2374
1.018	-0.379	-0.2093
0.9645	-0.5176	-0.04804
1.014	-0.5845	0.06715
1.099	-0.5862	0.1742
1.186	-0.4445	0.2067
1.216	-0.2498	0.1052
1.146	-0.1183	-0.01521
1.059	-0.118	-0.03028
0.9386	-0.1668	0.03398
0.7952	-0.1665	0.06206
0.745	-0.1953	0.0926
0.7315	-0.1857	0.1332
0.6957	-0.1334	0.1325
0.7119	-0.1421	0.1598
0.7371	-0.1291	0.1799
0.7441	-0.1061	0.1807
0.7735	-0.07808	0.2158
0.7979	-0.01437	0.2507
0.8567	0.01072	0.2713
0.9717	0.02825	0.2293
1.127	-0.004478	0.1584
1.343	-0.1801	0.1307
1.499	-0.31	0.124
1.536	-0.1383	0.1562
1.579	0.07971	0.1774
1.495	-0.1207	0.1223
1.225	-0.5881	-0.03902
1.1	-0.9317	-0.215
1.065	-0.8063	-0.1515
0.8835	-0.2457	0.02612
0.7545	0.02301	0.0647
0.8075	-0.08257	0.04458
0.9768	-0.1407	-0.0255
1.117	-0.1851	-0.08982
1.104	-0.2638	-0.05162
0.9691	-0.3185	-0.02796
0.757	-0.2307	-0.009607
0.6449	-0.1895	0.01773
0.6725	-0.2451	-0.001757
0.7473	-0.185	-0.02369
0.9097	-0.2161	-0.07517
1.009	-0.1959	-0.1298
1.001	-0.08865	-0.126
1.013	-0.07176	-0.09346
1.047	0.02265	-0.06243
1.072	0.0246	-0.05783
1.014	-0.003879	-0.04289
0.9553	-0.0112	-0.01473
0.9783	-0.1345	-0.006327
1.077	-0.1914	-0.005519
1.234	-0.2491	-0.01953
1.284	-0.2755	-0.02377
1.205	-0.3211	0.006107
1.113	-0.4976	0.05103
0.9831	-0.501	0.061
0.8359	-0.3643	-0.001016
0.8483	-0.2615	-0.09933
1.101	-0.2467	-0.1741
1.445	-0.3192	-0.1534
1.581	-0.3065	-0.04603
1.399	-0.2324	0.05442
1.212	-0.1527	0.08303
1.105	-0.1218	0.04686
0.8976	-0.1822	0.04636
0.7754	-0.2005	0.06641
0.7537	-0.2162	0.04858
0.6778	-0.2305	0.068
0.6416	-0.1665	0.1005
0.6352	-0.1192	0.1228
0.6637	-0.09491	0.1527
0.7193	-0.08504	0.1447
0.7232	-0.08525	0.1493
0.7652	-0.05757	0.1671
0.8642	-0.04166	0.1618
0.9694	-0.02795	0.1656
1.077	-0.0672	0.1466
1.249	-0.2137	0.1214
1.562	-0.2967	0.1252
1.797	-0.1275	0.1358
1.727	0.08003	0.1544
1.502	0.002226	0.1908
1.334	-0.1478	0.2233
1.192	-0.4091	0.1764
0.8514	-0.7959	0.1176
0.4578	-0.5252	0.1711
0.5102	-0.08463	0.1766
0.881	-0.2647	0.003865
1.137	-0.2118	-0.1486
1.213	-0.06016	-0.1057
1.051	-0.2451	0.004493
0.8569	-0.1409	0.03986
0.7897	-0.1005	0.06157
1.065	-0.8063	-0.1515
0.8835	-0.2457	0.02612
0.7545	0.02301	0.0647
0.8075	-0.08257	0.04458
0.9768	-0.1407	-0.0255
1.117	-0.1851	-0.08982
1.104	-0.2638	-0.05162
0.9691	-0.3185	-0.02796
0.757	-0.2307	-0.009607
0.6449	-0.1895	0.01773
0.6725	-0.2451	-0.001757
0.7473	-0.185	-0.02369
0.9097	-0.2161	-0.07517
1.009	-0.1959	-0.1298
1.001	-0.08865	-0.126
1.013	-0.07176	-0.09346
1.047	0.02265	-0.06243
1.072	0.0246	-0.05783
1.014	-0.003879	-0.04289
0.9553	-0.0112	-0.01473
0.9783	-0.1345	-0.006327
1.077	-0.1914	-0.005519
1.234	-0.2491	-0.01953
1.284	-0.2755	-0.02377
1.205	-0.3211	0.006107
1.113	-0.4976	0.05103
0.9831	-0.501	0.061
0.8359	-0.3643	-0.001016
0.8483	-0.2615	-0.09933
1.101	-0.2467	-0.1741
1.445	-0.3192	-0.1534
1.581	-0.3065	-0.04603
1.399	-0.2324	0.05442
1.212	-0.1527	0.08303
1.105	-0.1218	0.04686
0.8976	-0.1822	0.04636
0.7754	-0.2005	0.06641
0.7537	-0.2162	0.04858
0.6778	-0.2305	0.068
0.6416	-0.1665	0.1005
0.6352	-0.1192	0.1228
0.6637	-0.09491	0.1527
0.7193	-0.08504	0.1447
0.7232	-0.08525	0.1493
0.7652	-0.05757	0.1671
0.8642	-0.04166	0.1618
0.9694	-0.02795	0.1656
1.077	-0.0672	0.1466
1.249	-0.2137	0.1214
1.562	-0.2967	0.1252
1.797	-0.1275	0.1358
1.727	0.08003	0.1544
1.502	0.002226	0.1908
1.334	-0.1478	0.2233
1.192	-0.4091	0.1764
0.8514	-0.7959	0.1176
0.4578	-0.5252	0.1711
0.5102	-0.08463	0.1766
0.881	-0.2647	0.003865
1.137	-0.2118	-0.1486
1.213	-0.06016	-0.1057
1.051	-0.2451	0.004493
0.8569	-0.1409	0.03986
0.7897	-0.1005	0.06157
0.6967	-0.2101	0.06077
0.689	-0.1189	0.03259
0.7554	-0.1924	0.01387
0.8747	-0.23	-0.06482
0.9621	-0.1803	-0.09467
0.8901	-0.1987	-0.05478
0.9576	-0.1155	-0.08192
1.024	-0.1424	-0.08175
1.006	-0.1574	-0.07581
1.098	-0.0916	-0.1044
1.069	-0.1344	-0.08368
1.05	-0.1454	-0.07099
1.114	-0.1877	-0.06139
1.116	-0.1964	-0.05565
1.176	-0.0789	-0.07131
1.236	-0.02049	-0.04602
1.245	-0.09085	0.01845
1.168	-0.2962	0.1153
1.027	-0.4313	0.1309
0.9537	-0.3837	-0.01176
0.9437	-0.3775	-0.1424
1.053	-0.5111	-0.1437
1.225	-0.6465	-0.0391
1.318	-0.6341	0.07924
1.288	-0.4935	0.1209
1.191	-0.2816	0.08629
1.119	-0.1237	0.005175
0.989	-0.1151	-0.05048
0.8446	-0.1264	-0.01696
0.7599	-0.1345	0.03888
0.7005	-0.1581	0.04969
0.7091	-0.1534	0.08572
0.7155	-0.1313	0.1332
0.7373	-0.09254	0.1179
0.7992	-0.08588	0.1342
0.7941	-0.1042	0.1652
0.7851	-0.1044	0.1599
0.7981	-0.09685	0.1816
0.8461	-0.06781	0.1738
0.9598	-0.03922	0.1659
1.076	-0.04982	0.1739
1.206	-0.1229	0.1358
1.323	-0.1725	0.1275
1.464	-0.0488	0.146
1.62	0.1306	0.1877
1.592	0.1204	0.2291
1.515	-0.1179	0.1504
1.51	-0.49	-0.01653
1.24	-0.7216	-0.1005
0.8001	-0.5652	0.05727
0.6347	-0.299	0.2176
0.7158	-0.1609	0.06911
0.8816	-0.1008	-0.08433
1.069	-0.2288	-0.05307
1.141	-0.3389	-0.04313
1.012	-0.2839	-0.01434
0.8096	-0.2799	0.04362
0.6944	-0.2336	0.03499
0.6598	-0.1968	0.01025
0.7498	-0.217	-0.03191
0.8974	-0.1718	-0.06152
0.9585	-0.1876	-0.07105
0.972	-0.1669	-0.09694
0.9458	-0.1091	-0.07607
0.6967	-0.2101	0.06077
0.689	-0.1189	0.03259
0.7554	-0.1924	0.01387
0.8747	-0.23	-0.06482
0.9621	-0.1803	-0.09467
0.8901	-0.1987	-0.05478
0.9576	-0.1155	-0.08192
1.024	-0.1424	-0.08175
1.006	-0.1574	-0.07581
1.098	-0.0916	-0.1044
1.069	-0.1344	-0.08368
1.05	-0.1454	-0.07099
1.114	-0.1877	-0.06139
1.116	-0.1964	-0.05565
1.176	-0.0789	-0.07131
1.236	-0.02049	-0.04602
1.245	-0.09085	0.01845
1.168	-0.2962	0.1153
1.027	-0.4313	0.1309
0.9537	-0.3837	-0.01176
0.9437	-0.3775	-0.1424
1.053	-0.5111	-0.1437
1.225	-0.6465	-0.0391
1.318	-0.6341	0.07924
1.288	-0.4935	0.1209
1.191	-0.2816	0.08629
1.119	-0.1237	0.005175
0.989	-0.1151	-0.05048
0.8446	-0.1264	-0.01696
0.7599	-0.1345	0.03888
0.7005	-0.1581	0.04969
0.7091	-0.1534	0.08572
0.7155	-0.1313	0.1332
0.7373	-0.09254	0.1179
0.7992	-0.08588	0.1342
0.7941	-0.1042	0.1652
0.7851	-0.1044	0.1599
0.7981	-0.09685	0.1816
0.8461	-0.06781	0.1738
0.9598	-0.03922	0.1659
1.076	-0.04982	0.1739
1.206	-0.1229	0.1358
1.323	-0.1725	0.1275
1.464	-0.0488	0.146
1.62	0.1306	0.1877
1.592	0.1204	0.2291
1.515	-0.1179	0.1504
1.51	-0.49	-0.01653
1.24	-0.7216	-0.1005
0.8001	-0.5652	0.05727
0.6347	-0.299	0.2176
0.7158	-0.1609	0.06911
0.8816	-0.1008	-0.08433
1.069	-0.2288	-0.05307
1.141	-0.3389	-0.04313
1.012	-0.2839	-0.01434
0.8096	-0.2799	0.04362
0.6944	-0.2336	0.03499
0.6598	-0.1968	0.01025
0.7498	-0.217	-0.03191
0.8974	-0.1718	-0.06152
0.9585	-0.1876	-0.07105
0.972	-0.1669	-0.09694
0.9458	-0.1091	-0.07607
0.9866	-0.1033	-0.06802
1.061	-0.02564	-0.09189
1.043	-0.008802	-0.0832
1.042	-0.08187	-0.08092
1.029	-0.1759	-0.05872
1.051	-0.2967	-0.03462
1.13	-0.2958	-0.0487
1.172	-0.1274	-0.07204
1.249	0.03654	-0.08925
1.239	-0.05237	-0.006473
1.142	-0.2631	0.155
1.092	-0.3247	0.2055
1.003	-0.3255	0.08228
0.9227	-0.3447	-0.0687
0.947	-0.4795	-0.1001
1.089	-0.6513	-0.07281
1.251	-0.6541	-0.01367
1.29	-0.5967	0.1199
1.223	-0.4271	0.1876
1.134	-0.156	0.1284
1.072	-0.01686	0.03131
0.9751	0.003365	-0.05164
0.872	-0.0348	-0.03593
0.8222	-0.06486	0.03499
0.772	-0.07332	0.04923
0.7603	-0.05693	0.09641
0.7438	0.001626	0.1573
0.7395	-0.01501	0.1517
0.7876	-0.04692	0.1847
0.7656	-0.05362	0.2128
0.7581	-0.081	0.1937
0.7828	-0.06288	0.2075
0.8232	-0.05093	0.1885
0.9794	-0.05964	0.1536
1.148	-0.1164	0.1611
1.343	-0.2619	0.1367
1.523	-0.2801	0.1074
1.497	-0.05272	0.1474
1.371	0.1167	0.1862
1.302	-0.09823	0.1468
1.319	-0.4196	0.0993
1.311	-0.6413	0.04729
1.092	-0.9137	-0.02495
0.7786	-0.6656	0.0359
0.6712	-0.04046	0.1265
0.8218	-0.06455	0.04152
0.9907	-0.1994	-0.03664
1.056	-0.1249	-0.02537
1.047	-0.329	-0.02312
0.9077	-0.3055	0.00767
0.746	-0.1992	0.01183
0.7135	-0.2885	-0.02097
0.7678	-0.2039	-0.02605
0.8692	-0.2016	-0.05817
0.9718	-0.1762	-0.09488
1.015	-0.02697	-0.1088
0.9683	-0.007192	-0.0808
0.9381	0.01447	-0.02815
1.014	-0.02301	-0.06683
1.053	-0.04888	-0.09468
1.038	-0.06352	-0.05188
1.007	-0.1872	-0.05315
0.968	-0.2167	-0.05887
1.041	-0.2147	-0.06194
0.9866	-0.1033	-0.06802
1.061	-0.02564	-0.09189
1.043	-0.008802	-0.0832
1.042	-0.08187	-0.08092
1.029	-0.1759	-0.05872
1.051	-0.2967	-0.03462
1.13	-0.2958	-0.0487
1.172	-0.1274	-0.07204
1.249	0.03654	-0.08925
1.239	-0.05237	-0.006473
1.142	-0.2631	0.155
1.092	-0.3247	0.2055
1.003	-0.3255	0.08228
0.9227	-0.3447	-0.0687
0.947	-0.4795	-0.1001
1.089	-0.6513	-0.07281
1.251	-0.6541	-0.01367
1.29	-0.5967	0.1199
1.223	-0.4271	0.1876
1.134	-0.156	0.1284
1.072	-0.01686	0.03131
0.9751	0.003365	-0.05164
0.872	-0.0348	-0.03593
0.8222	-0.06486	0.03499
0.772	-0.07332	0.04923
0.7603	-0.05693	0.09641
0.7438	0.001626	0.1573
0.7395	-0.01501	0.1517
0.7876	-0.04692	0.1847
0.7656	-0.05362	0.2128
0.7581	-0.081	0.1937
0.7828	-0.06288	0.2075
0.8232	-0.05093	0.1885
0.9794	-0.05964	0.1536
1.148	-0.1164	0.1611
1.343	-0.2619	0.1367
1.523	-0.2801	0.1074
1.497	-0.05272	0.1474
1.371	0.1167	0.1862
1.302	-0.09823	0.1468
1.319	-0.4196	0.0993
1.311	-0.6413	0.04729
1.092	-0.9137	-0.02495
0.7786	-0.6656	0.0359
0.6712	-0.04046	0.1265
0.8218	-0.06455	0.04152
0.9907	-0.1994	-0.03664
1.056	-0.1249	-0.02537
1.047	-0.329	-0.02312
0.9077	-0.3055	0.00767
0.746	-0.1992	0.01183
0.7135	-0.2885	-0.02097
0.7678	-0.2039	-0.02605
0.8692	-0.2016	-0.05817
0.9718	-0.1762	-0.09488
1.015	-0.02697	-0.1088
0.9683	-0.007192	-0.0808
0.9381	0.01447	-0.02815
1.014	-0.02301	-0.06683
1.053	-0.04888	-0.09468
1.038	-0.06352	-0.05188
1.007	-0.1872	-0.05315
0.968	-0.2167	-0.05887
1.041	-0.2147	-0.06194
1.162	-0.1469	-0.08545
1.248	0.02326	-0.07908
1.27	0.04867	-0.004993
1.165	-0.09408	0.131
1.023	-0.2526	0.161
0.9284	-0.2459	7.707e-05
0.9341	-0.318	-0.1492
1.094	-0.6071	-0.1295
1.349	-0.6767	-0.03406
1.473	-0.5573	0.0419
1.343	-0.3989	0.1169
1.221	-0.1181	0.1205
1.209	0.0101	0.07403
1.124	-0.08711	0.05814
0.9439	-0.1203	-0.01191
0.7911	-0.09965	-0.03693
0.7794	-0.1451	0.03195
0.7448	-0.1556	0.05844
0.6092	-0.1492	0.1075
0.6352	-0.1636	0.1476
0.7044	-0.1242	0.1476
0.7144	-0.1168	0.1835
0.8017	-0.1243	0.1734
0.8136	-0.09703	0.1641
0.7939	-0.08408	0.188
0.831	-0.05266	0.1748
0.891	-0.06036	0.18
1.06	-0.1077	0.1769
1.228	-0.1964	0.1518
1.404	-0.2517	0.1519
1.529	0.03497	0.1845
1.393	0.3854	0.2934
1.306	0.2269	0.3271
1.456	-0.3313	0.05829
1.503	-0.8268	-0.2232
1.248	-0.8589	-0.09713
0.8784	-0.519	0.0973
0.7033	-0.2905	0.04949
0.7583	-0.1478	0.04668
0.8702	-0.1031	0.02323
0.9914	-0.2618	-0.0436
1.065	-0.2473	0.01309
0.9863	-0.2024	-0.006173
0.8601	-0.246	-0.01171
0.767	-0.1619	0.02474
0.714	-0.1749	-0.0286
0.815	-0.1481	-0.01915
0.9416	-0.0679	-0.04719
0.9646	-0.07962	-0.09017
0.9548	0.002107	-0.05788
0.9316	-0.01235	-0.0795
0.9857	-0.04645	-0.08137
1.041	-0.01922	-0.08463
1.01	-0.1084	-0.09273
1.01	-0.1646	-0.06344
1.009	-0.2171	-0.06268
1.038	-0.2317	-0.03723
1.151	-0.1499	-0.0404
1.247	-0.07103	-0.05262
1.281	-0.00113	0.02087
1.27	-0.03276	0.06754
1.276	-0.05186	0.05243
1.243	-0.03881	0.02095
1.082	-0.2011	-0.04008
1.162	-0.1469	-0.08545
1.248	0.02326	-0.07908
1.27	0.04867	-0.004993
1.165	-0.09408	0.131
1.023	-0.2526	0.161
0.9284	-0.2459	7.707e-05
0.9341	-0.318	-0.1492
1.094	-0.6071	-0.1295
1.349	-0.6767	-0.03406
1.473	-0.5573	0.0419
1.343	-0.3989	0.1169
1.221	-0.1181	0.1205
1.209	0.0101	0.07403
1.124	-0.08711	0.05814
0.9439	-0.1203	-0.01191
0.7911	-0.09965	-0.03693
0.7794	-0.1451	0.03195
0.7448	-0.1556	0.05844
0.6092	-0.1492	0.1075
0.6352	-0.1636	0.1476
0.7044	-0.1242	0.1476
0.7144	-0.1168	0.1835
0.8017	-0.1243	0.1734
0.8136	-0.09703	0.1641
0.7939	-0.08408	0.188
0.831	-0.05266	0.1748
0.891	-0.06036	0.18
1.06	-0.1077	0.1769
1.228	-0.1964	0.1518
1.404	-0.2517	0.1519
1.529	0.03497	0.1845
1.393	0.3854	0.2934
1.306	0.2269	0.3271
1.456	-0.3313	0.05829
1.503	-0.8268	-0.2232
1.248	-0.8589	-0.09713
0.8784	-0.519	0.0973
0.7033	-0.2905	0.04949
0.7583	-0.1478	0.04668
0.8702	-0.1031	0.02323
0.9914	-0.2618	-0.0436
1.065	-0.2473	0.01309
0.9863	-0.2024	-0.006173
0.8601	-0.246	-0.01171
0.767	-0.1619	0.02474
0.714	-0.1749	-0.0286
0.815	-0.1481	-0.01915
0.9416	-0.0679	-0.04719
0.9646	-0.07962	-0.09017
0.9548	0.002107	-0.05788
0.9316	-0.01235	-0.0795
0.9857	-0.04645	-0.08137
1.041	-0.01922	-0.08463
1.01	-0.1084	-0.09273
1.01	-0.1646	-0.06344
1.009	-0.2171	-0.06268
1.038	-0.2317	-0.03723
1.151	-0.1499	-0.0404
1.247	-0.07103	-0.05262
1.281	-0.00113	0.02087
1.27	-0.03276	0.06754
1.276	-0.05186	0.05243
1.243	-0.03881	0.02095
1.082	-0.2011	-0.04008
0.9487	-0.4642	-0.1261
1.042	-0.6476	-0.1245
1.259	-0.6313	-0.02576
1.307	-0.5425	0.03337
1.251	-0.4446	0.08455
1.221	-0.2036	0.08954
1.126	-0.09444	0.02675
1.007	-0.1866	0.02477
0.8662	-0.1696	0.02295
0.7596	-0.1412	0.03515
0.7297	-0.1701	0.06975
0.6811	-0.1422	0.07319
0.6796	-0.1283	0.1327
0.7069	-0.1139	0.1634
0.7338	-0.08475	0.1599
0.7903	-0.1032	0.1975
0.8075	-0.1004	0.2068
0.8388	-0.05647	0.216
0.92	-0.01197	0.1966
1.035	0.02922	0.1627
1.149	-0.003641	0.1692
1.237	-0.1693	0.1475
1.358	-0.3197	0.1185
1.388	-0.1823	0.1304
1.288	0.1161	0.2698
1.266	0.1351	0.392
1.346	-0.2359	0.1329
1.406	-0.7462	-0.2274
1.302	-0.8843	-0.1938
0.9427	-0.5689	0.04423
0.6089	-0.3313	0.1594
0.6893	-0.162	0.112
0.9057	-0.02362	-0.005162
0.9489	-0.1853	-0.03861
1.114	-0.3612	-0.02601
1.172	-0.3874	-0.03164
0.9172	-0.3547	-0.00892
0.8011	-0.2694	-0.01324
0.7379	-0.2509	-0.01721
0.7154	-0.2192	-0.01702
0.8385	-0.1646	-0.04945
0.8825	-0.1597	-0.06468
0.9727	-0.1148	-0.09182
0.9898	-0.08741	-0.07916
0.955	-0.07329	-0.0566
1.054	-0.0223	-0.08657
1.029	-0.004741	-0.07226
1.021	-0.02094	-0.0598
1.054	-0.06999	-0.05368
1.028	-0.1526	-0.04321
1.08	-0.2216	-0.06938
1.072	-0.2252	-0.07374
1.08	-0.1904	-0.059
1.147	-0.196	0.04628
1.162	-0.2229	0.1685
1.155	-0.2463	0.07095
1.097	-0.2691	-0.09179
1.076	-0.3678	-0.1315
1.081	-0.5785	-0.1155
1.111	-0.6707	-0.02789
1.192	-0.5995	0.09335
1.17	-0.4658	0.1096
1.163	-0.1625	0.07424
1.201	0.07405	0.06113
0.8604	-0.1104	0.04825
0.7866	-0.1428	0.07
0.7805	-0.1692	0.1194
0.8242	-0.1828	0.1537
0.833	-0.179	0.1441
0.8534	-0.1572	0.1553
0.8705	-0.1277	0.1887
0.8341	-0.0848	0.1915
0.8406	-0.02387	0.1716
0.8825	0.04387	0.1621
0.9534	0.1331	0.1577
1.055	0.1635	0.1591
1.094	0.06678	0.1673
1.119	-0.06909	0.1583
1.179	-0.1491	0.133
1.281	-0.08016	0.1337
1.377	0.07767	0.2266
1.355	0.1073	0.3004
1.367	-0.09563	0.155
1.413	-0.4626	0.004357
1.179	-0.6706	0.09001
0.7868	-0.5767	0.1392
0.5961	-0.4052	0.03994
0.6125	-0.2001	-0.001247
0.752	-0.09291	-0.02563
0.979	-0.1991	-0.03982
1.101	-0.2389	0.001995
1.017	-0.2211	0.00222
0.8698	-0.2574	0.02284
0.7415	-0.2456	0.03591
0.6989	-0.2723	-0.01195
0.7999	-0.3046	-0.01463
0.9179	-0.2924	-0.04839
1.025	-0.3267	-0.09674
1.076	-0.2827	-0.08176
1.016	-0.144	-0.07758
1.032	-0.03767	-0.06933
1.038	0.03101	-0.06437
0.9807	0.08478	-0.06272
1.026	0.09451	-0.05524
1.033	-0.03537	-0.0664
1.016	-0.1881	-0.05703
1.073	-0.2292	-0.05616
1.14	-0.2113	-0.06229
1.245	-0.09889	-0.05098
1.25	-0.01543	-0.03141
1.186	-0.0901	0.04116
1.156	-0.2022	0.09548
1.024	-0.2667	0.06072
0.9275	-0.2892	0.007341
0.9724	-0.3694	-0.05922
1.067	-0.5079	-0.1489
1.208	-0.583	-0.1444
1.253	-0.5678	-0.03077
1.159	-0.4852	0.06596
1.097	-0.3159	0.1159
1.087	-0.09905	0.08867
1.078	-0.05701	0.02949
1.044	-0.132	0.02606
0.9417	-0.1112	0.01139
0.8384	-0.1278	0.04125
0.7645	-0.1657	0.1108
0.717	-0.1333	0.1282
0.7543	-0.1185	0.1701
0.7836	-0.09161	0.1865
0.7642	-0.06145	0.1645
0.7657	-0.06351	0.1647
0.7516	-0.04034	0.1511
0.7797	0.01446	0.1583
0.9036	0.04985	0.1626
1.068	0.01333	0.1538
1.23	-0.1016	0.1491
1.295	-0.2019	0.1259
1.292	-0.1284	0.1499
1.315	0.06131	0.2218
1.339	0.08755	0.257
1.402	-0.181	0.132
1.553	-0.5612	-0.09624
1.584	-0.6601	-0.1449
1.256	-0.5041	-0.03526
0.7571	-0.4223	0.08939
0.5461	-0.3027	0.1978
0.6939	-0.1657	0.1385
0.8224	-0.1487	0.01199
0.8947	-0.1531	0.0007165
1.078	-0.2798	-0.03403
1.067	-0.3526	-0.04997
0.8643	-0.2884	0.005598
0.752	-0.3206	-0.01635
0.6747	-0.282	-0.02245
0.7707	-0.222	-0.007263
0.9575	-0.1802	-0.05733
1.04	-0.0226	-0.0825
1.103	0.06605	-0.09651
1.021	0.1075	-0.06954
0.9697	0.09129	-0.02756
1.053	0.006894	-0.0637
1.037	-0.04001	-0.06835
1.029	-0.1313	-0.05073
1.028	-0.1641	-0.05623
1.058	-0.153	-0.04803
1.173	-0.147	-0.0538
1.23	-0.08621	-0.04088
1.258	-0.1377	0.01329
1.192	-0.2645	0.08575
1.05	-0.3634	0.09995
0.9482	-0.3803	0.01896
0.873	-0.3237	-0.04749
0.9162	-0.3947	-0.07224
1.097	-0.4664	-0.07903
1.357	-0.4471	-0.05206
1.474	-0.3841	0.01232
1.308	-0.1707	0.09779
1.188	-0.01966	0.1198
1.132	-0.04023	0.06516
0.9873	-0.07924	0.02747
0.9162	-0.1365	0.04703
0.8396	-0.1915	0.07668
0.7205	-0.2399	0.09198
0.7172	-0.2438	0.1299
0.7214	-0.2024	0.1616
0.7244	-0.1769	0.1624
0.7896	-0.1136	0.1519
0.7816	-0.07051	0.1284
0.7655	-0.05104	0.1279
0.8063	0.01861	0.1434
0.8379	0.06433	0.149
0.9583	0.06691	0.1547
0.7836	-0.09161	0.1865
0.7642	-0.06145	0.1645
0.7657	-0.06351	0.1647
0.7516	-0.04034	0.1511
0.7797	0.01446	0.1583
0.9036	0.04985	0.1626
1.068	0.01333	0.1538
1.23	-0.1016	0.1491
1.295	-0.2019	0.1259
1.292	-0.1284	0.1499
1.315	0.06131	0.2218
1.339	0.08755	0.257
1.402	-0.181	0.132
1.553	-0.5612	-0.09624
1.584	-0.6601	-0.1449
1.256	-0.5041	-0.03526
0.7571	-0.4223	0.08939
0.5461	-0.3027	0.1978
0.6939	-0.1657	0.1385
0.8224	-0.1487	0.01199
0.8947	-0.1531	0.0007165
1.078	-0.2798	-0.03403
1.067	-0.3526	-0.04997
0.8643	-0.2884	0.005598
0.752	-0.3206	-0.01635
0.6747	-0.282	-0.02245
0.7707	-0.222	-0.007263
0.9575	-0.1802	-0.05733
1.04	-0.0226	-0.0825
1.103	0.06605	-0.09651
1.021	0.1075	-0.06954
0.9697	0.09129	-0.02756
1.053	0.006894	-0.0637
1.037	-0.04001	-0.06835
1.029	-0.1313	-0.05073
1.028	-0.1641	-0.05623
1.058	-0.153	-0.04803
1.173	-0.147	-0.0538
1.23	-0.08621	-0.04088
1.258	-0.1377	0.01329
1.192	-0.2645	0.08575
1.05	-0.3634	0.09995
0.9482	-0.3803	0.01896
0.873	-0.3237	-0.04749
0.9162	-0.3947	-0.07224
1.097	-0.4664	-0.07903
1.357	-0.4471	-0.05206
1.474	-0.3841	0.01232
1.308	-0.1707	0.09779
1.188	-0.01966	0.1198
1.132	-0.04023	0.06516
0.9873	-0.07924	0.02747
0.9162	-0.1365	0.04703
0.8396	-0.1915	0.07668
0.7205	-0.2399	0.09198
0.7172	-0.2438	0.1299
0.7214	-0.2024	0.1616
0.7244	-0.1769	0.1624
0.7896	-0.1136	0.1519
0.7816	-0.07051	0.1284
0.7655	-0.05104	0.1279
0.8063	0.01861	0.1434
0.8379	0.06433	0.149
0.9583	0.06691	0.1547
1.112	0.02757	0.1508
1.172	-0.03553	0.1415
1.247	-0.1046	0.09549
1.395	-0.1489	0.05112
1.49	0.0265	0.1111
1.467	0.2045	0.1645
1.501	-0.1241	0.07644
1.514	-0.6311	-0.04149
1.21	-0.724	-0.05489
0.7808	-0.5707	0.02723
0.5767	-0.3953	0.1105
0.6399	-0.2086	0.08996
0.8021	-0.1851	0.01409
0.9605	-0.2876	-0.01623
1.086	-0.3126	-0.02827
1.004	-0.2904	-0.01892
0.8296	-0.2789	0.007967
0.7167	-0.2339	0.02036
0.6676	-0.1876	0.01412
0.8619	-0.1484	-0.05318
1.057	-0.0777	-0.1261
1.046	-0.04491	-0.1395
0.9945	-0.0428	-0.09102
0.9235	-0.02436	-0.02881
0.9779	-0.02101	-0.05209
1.068	0.008805	-0.06758
1.059	0.04227	-0.04757
1.049	-0.008819	-0.07343
0.9962	-0.1075	-0.06622
1.061	-0.1453	-0.05552
1.189	-0.07985	-0.06337
1.217	-0.03434	-0.01901
1.251	-0.1219	0.07475
1.164	-0.2294	0.1588
1.005	-0.2395	0.06095
0.922	-0.2515	-0.1014
0.8868	-0.3697	-0.08802
0.9918	-0.5387	-0.09666
1.136	-0.6136	-0.1195
1.255	-0.553	0.03181
1.396	-0.4519	0.1453
1.336	-0.2454	0.1429
1.162	-0.01053	0.1212
1.115	-0.01614	0.05405
0.9706	-0.02819	-0.01071
0.8363	0.0434	-0.004092
0.8671	-0.07715	0.05841
0.6975	-0.1641	0.09624
0.599	-0.1437	0.1201
0.7374	-0.1616	0.1453
0.7303	-0.09583	0.1319
0.7816	-0.07663	0.1514
0.8141	-0.1058	0.1653
0.7202	-0.07211	0.1807
0.7806	-0.05908	0.2234
0.8391	0.008529	0.1909
0.9739	0.0342	0.1842
1.196	-0.05671	0.1739
1.31	-0.1804	0.1018
1.471	-0.2547	0.1002
1.494	-0.03459	0.1522
1.269	0.2072	0.2828
1.152	0.0353	0.343
1.388	-0.3626	0.07585
1.112	0.02757	0.1508
1.172	-0.03553	0.1415
1.247	-0.1046	0.09549
1.395	-0.1489	0.05112
1.49	0.0265	0.1111
1.467	0.2045	0.1645
1.501	-0.1241	0.07644
1.514	-0.6311	-0.04149
1.21	-0.724	-0.05489
0.7808	-0.5707	0.02723
0.5767	-0.3953	0.1105
0.6399	-0.2086	0.08996
0.8021	-0.1851	0.01409
0.9605	-0.2876	-0.01623
1.086	-0.3126	-0.02827
1.004	-0.2904	-0.01892
0.8296	-0.2789	0.007967
0.7167	-0.2339	0.02036
0.6676	-0.1876	0.01412
0.8619	-0.1484	-0.05318
1.057	-0.0777	-0.1261
1.046	-0.04491	-0.1395
0.9945	-0.0428	-0.09102
0.9235	-0.02436	-0.02881
0.9779	-0.02101	-0.05209
1.068	0.008805	-0.06758
1.059	0.04227	-0.04757
1.049	-0.008819	-0.07343
0.9962	-0.1075	-0.06622
1.061	-0.1453	-0.05552
1.189	-0.07985	-0.06337
1.217	-0.03434	-0.01901
1.251	-0.1219	0.07475
1.164	-0.2294	0.1588
1.005	-0.2395	0.06095
0.922	-0.2515	-0.1014
0.8868	-0.3697	-0.08802
0.9918	-0.5387	-0.09666
1.136	-0.6136	-0.1195
1.255	-0.553	0.03181
1.396	-0.4519	0.1453
1.336	-0.2454	0.1429
1.162	-0.01053	0.1212
1.115	-0.01614	0.05405
0.9706	-0.02819	-0.01071
0.8363	0.0434	-0.004092
0.8671	-0.07715	0.05841
0.6975	-0.1641	0.09624
0.599	-0.1437	0.1201
0.7374	-0.1616	0.1453
0.7303	-0.09583	0.1319
0.7816	-0.07663	0.1514
0.8141	-0.1058	0.1653
0.7202	-0.07211	0.1807
0.7806	-0.05908	0.2234
0.8391	0.008529	0.1909
0.9739	0.0342	0.1842
1.196	-0.05671	0.1739
1.31	-0.1804	0.1018
1.471	-0.2547	0.1002
1.494	-0.03459	0.1522
1.269	0.2072	0.2828
1.152	0.0353	0.343
1.388	-0.3626	0.07585
1.603	-0.7629	-0.1931
1.19	-0.8573	-0.07845
0.6458	-0.4568	0.1098
0.605	-0.1101	0.09576
0.7254	-0.1098	0.07046
0.8698	-0.1995	-0.0005471
1.088	-0.315	-0.05967
1.14	-0.355	-0.007252
0.9436	-0.3052	-0.05297
0.7334	-0.2749	-0.02936
0.7184	-0.2115	0.03837
0.7885	-0.1664	-0.03924
0.8933	-0.139	-0.07238
1.023	-0.1119	-0.1265
1.035	-0.09994	-0.1468
1.003	-0.05395	-0.08939
1.036	-0.01075	-0.1106
1.077	0.0629	-0.09065
1.07	0.08111	-0.07978
1.025	0.0008466	-0.07922
0.9805	-0.05247	-0.026
1.001	-0.1529	-0.04516
1.121	-0.2224	-0.05226
1.212	-0.1674	-0.03588
1.215	-0.09863	-0.04025
1.212	-0.07891	0.01486
1.197	-0.2319	0.08753
1.089	-0.4162	0.09933
0.9504	-0.3648	0.01818
0.9435	-0.3331	-0.08783
1.058	-0.5087	-0.1254
1.255	-0.6258	-0.0966
1.398	-0.6092	-0.01966
1.289	-0.4573	0.08188
1.138	-0.1547	0.1286
1.091	0.007689	0.04451
0.9959	-0.03396	-0.02756
0.8987	-0.07857	0.02464
0.8462	-0.1016	0.05559
0.7901	-0.1281	0.07651
0.7567	-0.1471	0.1331
0.7432	-0.1122	0.1326
0.7464	-0.06355	0.125
0.7501	-0.04965	0.1439
0.7227	-0.03934	0.1653
0.7159	-0.04204	0.1988
0.7378	-0.01876	0.1932
0.8013	0.02293	0.1733
0.9284	0.04197	0.1855
1.079	-0.003365	0.1741
1.342	-0.1781	0.1316
1.57	-0.2752	0.121
1.482	-0.03951	0.2126
1.414	0.1672	0.2956
1.586	-0.2376	0.1385
1.573	-0.8355	-0.06078
1.225	-0.8722	-0.00478
0.7438	-0.5087	0.11
0.4972	-0.1211	0.1353
0.6661	0.01824	0.09376
0.8601	-0.1209	-0.0355
1.058	-0.2023	-0.1054
1.225	-0.2717	-0.09961
0.9925	-0.3137	-0.07382
1.603	-0.7629	-0.1931
1.19	-0.8573	-0.07845
0.6458	-0.4568	0.1098
0.605	-0.1101	0.09576
0.7254	-0.1098	0.07046
0.8698	-0.1995	-0.0005471
1.088	-0.315	-0.05967
1.14	-0.355	-0.007252
0.9436	-0.3052	-0.05297
0.7334	-0.2749	-0.02936
0.7184	-0.2115	0.03837
0.7885	-0.1664	-0.03924
0.8933	-0.139	-0.07238
1.023	-0.1119	-0.1265
1.035	-0.09994	-0.1468
1.003	-0.05395	-0.08939
1.036	-0.01075	-0.1106
1.077	0.0629	-0.09065
1.07	0.08111	-0.07978
1.025	0.0008466	-0.07922
0.9805	-0.05247	-0.026
1.001	-0.1529	-0.04516
1.121	-0.2224	-0.05226
1.212	-0.1674	-0.03588
1.215	-0.09863	-0.04025
1.212	-0.07891	0.01486
1.197	-0.2319	0.08753
1.089	-0.4162	0.09933
0.9504	-0.3648	0.01818
0.9435	-0.3331	-0.08783
1.058	-0.5087	-0.1254
1.255	-0.6258	-0.0966
1.398	-0.6092	-0.01966
1.289	-0.4573	0.08188
1.138	-0.1547	0.1286
1.091	0.007689	0.04451
0.9959	-0.03396	-0.02756
0.8987	-0.07857	0.02464
0.8462	-0.1016	0.05559
0.7901	-0.1281	0.07651
0.7567	-0.1471	0.1331
0.7432	-0.1122	0.1326
0.7464	-0.06355	0.125
0.7501	-0.04965	0.1439
0.7227	-0.03934	0.1653
0.7159	-0.04204	0.1988
0.7378	-0.01876	0.1932
0.8013	0.02293	0.1733
0.9284	0.04197	0.1855
1.079	-0.003365	0.1741
1.342	-0.1781	0.1316
1.57	-0.2752	0.121
1.482	-0.03951	0.2126
1.414	0.1672	0.2956
1.586	-0.2376	0.1385
1.573	-0.8355	-0.06078
1.225	-0.8722	-0.00478
0.7438	-0.5087	0.11
0.4972	-0.1211	0.1353
0.6661	0.01824	0.09376
0.8601	-0.1209	-0.0355
1.058	-0.2023	-0.1054
1.225	-0.2717	-0.09961
0.9925	-0.3137	-0.07382
0.7663	-0.2537	0.0153
0.7424	-0.2964	0.04006
0.7235	-0.2822	0.008451
0.802	-0.2258	0.005313
0.8115	-0.2652	-0.03123
0.884	-0.2366	-0.08221
1.063	-0.2252	-0.1346
1.049	-0.2022	-0.1294
1.037	-0.07518	-0.06877
1.045	0.03537	-0.063
0.9955	0.09124	-0.05168
0.9796	0.04374	-0.03023
0.9553	-0.02091	-0.03147
1.008	-0.1042	-0.03283
1.105	-0.2336	-0.05964
1.164	-0.184	-0.05669
1.194	-0.06865	-0.05002
1.166	-0.07004	-0.05208
1.116	-0.2037	0.02834
1.018	-0.3965	0.08721
0.9366	-0.3514	0.02141
0.9476	-0.3052	-0.09847
1.06	-0.4775	-0.1608
1.332	-0.5283	-0.13
1.508	-0.5316	-0.05844
1.398	-0.4402	0.03954
1.269	-0.1236	0.09392
1.182	0.01411	0.05885
0.9898	-0.01976	0.03608
0.8355	-0.04805	0.03371
0.7869	-0.1239	0.01861
0.7264	-0.1613	0.04631
0.6783	-0.1757	0.09363
0.642	-0.1475	0.1102
0.6428	-0.09172	0.1267
0.7143	-0.0936	0.1419
0.7695	-0.0854	0.1521
0.821	-0.08055	0.1641
0.8525	-0.05787	0.1559
0.9144	-0.02461	0.1637
1.075	-0.06816	0.1808
1.219	-0.1643	0.1704
1.397	-0.2418	0.1554
1.56	-0.1528	0.1371
1.572	-0.03123	0.139
1.541	-0.1319	0.129
1.5	-0.3594	0.02681
1.431	-0.6783	-0.08612
1.19	-0.8298	-0.06883
0.7517	-0.4754	0.0611
0.5816	-0.1592	0.1415
0.7507	-0.1901	0.09695
0.8699	-0.09854	0.009948
0.9636	-0.05436	-0.0395
1.107	-0.2612	-0.0378
1.142	-0.3078	-0.02909
1.032	-0.2438	-0.02722
0.8027	-0.2218	-0.007011
0.673	-0.1631	-0.003752
0.7418	-0.1707	-0.02597
0.7915	-0.1712	-0.0444
0.8794	-0.1403	-0.08019
0.9407	-0.1578	-0.1028
0.9009	-0.14	-0.08511
0.7663	-0.2537	0.0153
0.7424	-0.2964	0.04006
0.7235	-0.2822	0.008451
0.802	-0.2258	0.005313
0.8115	-0.2652	-0.03123
0.884	-0.2366	-0.08221
1.063	-0.2252	-0.1346
1.049	-0.2022	-0.1294
1.037	-0.07518	-0.06877
1.045	0.03537	-0.063
0.9955	0.09124	-0.05168
0.9796	0.04374	-0.03023
0.9553	-0.02091	-0.03147
1.008	-0.1042	-0.03283
1.105	-0.2336	-0.05964
1.164	-0.184	-0.05669
1.194	-0.06865	-0.05002
1.166	-0.07004	-0.05208
1.116	-0.2037	0.02834
1.018	-0.3965	0.08721
0.9366	-0.3514	0.02141
0.9476	-0.3052	-0.09847
1.06	-0.4775	-0.1608
1.332	-0.5283	-0.13
1.508	-0.5316	-0.05844
1.398	-0.4402	0.03954
1.269	-0.1236	0.09392
1.182	0.01411	0.05885
0.9898	-0.01976	0.03608
0.8355	-0.04805	0.03371
0.7869	-0.1239	0.01861
0.7264	-0.1613	0.04631
0.6783	-0.1757	0.09363
0.642	-0.1475	0.1102
0.6428	-0.09172	0.1267
0.7143	-0.0936	0.1419
0.7695	-0.0854	0.1521
0.821	-0.08055	0.1641
0.8525	-0.05787	0.1559
0.9144	-0.02461	0.1637
1.075	-0.06816	0.1808
1.219	-0.1643	0.1704
1.397	-0.2418	0.1554
1.56	-0.1528	0.1371
1.572	-0.03123	0.139
1.541	-0.1319	0.129
1.5	-0.3594	0.02681
1.431	-0.6783	-0.08612
1.19	-0.8298	-0.06883
0.7517	-0.4754	0.0611
0.5816	-0.1592	0.1415
0.7507	-0.1901	0.09695
0.8699	-0.09854	0.009948
0.9636	-0.05436	-0.0395
1.107	-0.2612	-0.0378
1.142	-0.3078	-0.02909
1.032	-0.2438	-0.02722
0.8027	-0.2218	-0.007011
0.673	-0.1631	-0.003752
0.7418	-0.1707	-0.02597
0.7915	-0.1712	-0.0444
0.8794	-0.1403	-0.08019
0.9407	-0.1578	-0.1028
0.9009	-0.14	-0.08511
0.9997	-0.1256	-0.08358
1.102	-0.09267	-0.08427
1.117	-0.03982	-0.08193
1.095	-0.06988	-0.09217
1.032	-0.1192	-0.0592
1.083	-0.1677	-0.02786
1.133	-0.1633	-0.04406
1.173	-0.04869	-0.05308
1.248	0.0005587	-0.03169
1.164	-0.1602	0.04838
1.032	-0.3526	0.1322
0.9569	-0.3184	0.08681
0.9367	-0.2727	-0.02696
1.002	-0.4213	-0.1023
1.126	-0.5519	-0.1541
1.338	-0.6298	-0.07863
1.394	-0.6098	0.08873
1.214	-0.4025	0.1144
1.135	-0.1543	0.07415
1.115	0.01013	0.04932
1.004	-0.02349	0.005637
0.8824	-0.09983	0.02106
0.7996	-0.08189	0.03621
0.7674	-0.14	0.0412
0.7073	-0.1484	0.0924
0.6655	-0.1078	0.1269
0.7038	-0.1322	0.1475
0.712	-0.1002	0.1632
0.7349	-0.1063	0.1749
0.7752	-0.1107	0.1932
0.7863	-0.04554	0.1939
0.8839	-0.01643	0.1636
1.066	-0.004934	0.1251
1.242	-0.1007	0.1338
1.361	-0.2386	0.1423
1.416	-0.1956	0.1379
1.437	0.06066	0.2211
1.402	0.2377	0.2798
1.359	-0.1623	0.1364
1.356	-0.7572	-0.07161
1.255	-0.8306	-0.1071
1.002	-0.7026	-0.02244
0.7563	-0.5008	0.05021
0.6542	-0.03794	0.1118
0.7589	0.07095	0.08634
0.9606	-0.1998	0.007513
1.054	-0.2791	-0.0004171
1.055	-0.3181	-0.02085
0.9336	-0.2886	-0.03616
0.7199	-0.154	-0.003059
0.6872	-0.2	0.002229
0.7796	-0.2146	0.01701
0.8766	-0.1735	-0.02312
0.9954	-0.1754	-0.1006
0.9952	-0.07201	-0.0633
0.955	0.004917	-0.0428
1.004	0.05349	-0.07448
1.041	0.0891	-0.06309
1.056	0.004947	-0.07174
1.064	-0.09446	-0.05901
1.07	-0.1967	-0.02556
1.138	-0.2212	-0.0529
1.212	-0.05807	-0.07274
1.227	0.07714	-0.05805
0.9997	-0.1256	-0.08358
1.102	-0.09267	-0.08427
1.117	-0.03982	-0.08193
1.095	-0.06988	-0.09217
1.032	-0.1192	-0.0592
1.083	-0.1677	-0.02786
1.133	-0.1633	-0.04406
1.173	-0.04869	-0.05308
1.248	0.0005587	-0.03169
1.164	-0.1602	0.04838
1.032	-0.3526	0.1322
0.9569	-0.3184	0.08681
0.9367	-0.2727	-0.02696
1.002	-0.4213	-0.1023
1.126	-0.5519	-0.1541
1.338	-0.6298	-0.07863
1.394	-0.6098	0.08873
1.214	-0.4025	0.1144
1.135	-0.1543	0.07415
1.115	0.01013	0.04932
1.004	-0.02349	0.005637
0.8824	-0.09983	0.02106
0.7996	-0.08189	0.03621
0.7674	-0.14	0.0412
0.7073	-0.1484	0.0924
0.6655	-0.1078	0.1269
0.7038	-0.1322	0.1475
0.712	-0.1002	0.1632
0.7349	-0.1063	0.1749
0.7752	-0.1107	0.1932
0.7863	-0.04554	0.1939
0.8839	-0.01643	0.1636
1.066	-0.004934	0.1251
1.242	-0.1007	0.1338
1.361	-0.2386	0.1423
1.416	-0.1956	0.1379
1.437	0.06066	0.2211
1.402	0.2377	0.2798
1.359	-0.1623	0.1364
1.356	-0.7572	-0.07161
1.255	-0.8306	-0.1071
1.002	-0.7026	-0.02244
0.7563	-0.5008	0.05021
0.6542	-0.03794	0.1118
0.7589	0.07095	0.08634
0.9606	-0.1998	0.007513
1.054	-0.2791	-0.0004171
1.055	-0.3181	-0.02085
0.9336	-0.2886	-0.03616
0.7199	-0.154	-0.003059
0.6872	-0.2	0.002229
0.7796	-0.2146	0.01701
0.8766	-0.1735	-0.02312
0.9954	-0.1754	-0.1006
0.9952	-0.07201	-0.0633
0.955	0.004917	-0.0428
1.004	0.05349	-0.07448
1.041	0.0891	-0.06309
1.056	0.004947	-0.07174
1.064	-0.09446	-0.05901
1.07	-0.1967	-0.02556
1.138	-0.2212	-0.0529
1.212	-0.05807	-0.07274
1.227	0.07714	-0.05805
1.216	0.007869	-0.01293
1.169	-0.1531	0.09754
1.045	-0.2733	0.1682
0.9076	-0.3373	0.1023
0.9024	-0.3323	-0.001832
1.017	-0.4133	-0.07925
1.202	-0.6202	-0.1342
1.483	-0.6768	-0.08493
1.519	-0.6013	0.03893
1.239	-0.4264	0.1017
1.084	-0.1273	0.06535
0.9971	-0.006522	-0.006004
0.8611	-0.06833	0.004218
0.7652	-0.09138	0.03837
0.6863	-0.1145	0.03775
0.6875	-0.1538	0.09361
0.6627	-0.1347	0.1305
0.6592	-0.09746	0.1454
0.7552	-0.08632	0.1941
0.7765	-0.06475	0.1982
0.7996	-0.07487	0.2004
0.8014	-0.0816	0.2072
0.8067	-0.02858	0.196
0.9568	0.03072	0.1849
1.099	0.07626	0.1578
1.217	-0.01205	0.16
1.363	-0.1673	0.1439
1.526	-0.1638	0.1209
1.593	-0.06694	0.2054
1.503	-0.07411	0.255
1.414	-0.4153	0.09376
1.197	-0.7907	-0.06588
0.8578	-0.5935	0.02751
0.6536	-0.1899	0.1239
0.649	-0.0447	0.05749
0.8286	-0.01071	0.02319
0.9667	-0.1597	-0.02568
1.028	-0.3288	-0.07075
1.053	-0.3121	-0.04165
0.9531	-0.315	-0.06346
0.8029	-0.2598	-0.02906
0.5942	-0.1971	0.03077
0.5912	-0.2222	-0.009183
0.7785	-0.1813	-0.003821
0.7751	-0.1553	-0.001015
0.8964	-0.09057	-0.04954
1.064	0.007072	-0.06821
0.9883	0.006857	-0.07013
1.013	-0.002521	-0.05607
1.072	-0.02346	-0.06608
1.021	-0.06416	-0.06426
1.005	-0.1358	-0.03346
1.07	-0.1746	-0.04417
1.184	-0.1091	-0.06533
1.237	-0.01804	-0.08756
1.239	0.03598	-0.04442
1.17	-0.159	0.0779
1.036	-0.4337	0.1294
0.9338	-0.4059	0.08358
0.9208	-0.3763	-0.005656
1.097	-0.5127	-0.07788
1.373	-0.5452	-0.1031
1.503	-0.4773	-0.0707
1.34	-0.3355	0.04091
1.216	0.007869	-0.01293
1.169	-0.1531	0.09754
1.045	-0.2733	0.1682
0.9076	-0.3373	0.1023
0.9024	-0.3323	-0.001832
1.017	-0.4133	-0.07925
1.202	-0.6202	-0.1342
1.483	-0.6768	-0.08493
1.519	-0.6013	0.03893
1.239	-0.4264	0.1017
1.084	-0.1273	0.06535
0.9971	-0.006522	-0.006004
0.8611	-0.06833	0.004218
0.7652	-0.09138	0.03837
0.6863	-0.1145	0.03775
0.6875	-0.1538	0.09361
0.6627	-0.1347	0.1305
0.6592	-0.09746	0.1454
0.7552	-0.08632	0.1941
0.7765	-0.06475	0.1982
0.7996	-0.07487	0.2004
0.8014	-0.0816	0.2072
0.8067	-0.02858	0.196
0.9568	0.03072	0.1849
1.099	0.07626	0.1578
1.217	-0.01205	0.16
1.363	-0.1673	0.1439
1.526	-0.1638	0.1209
1.593	-0.06694	0.2054
1.503	-0.07411	0.255
1.414	-0.4153	0.09376
1.197	-0.7907	-0.06588
0.8578	-0.5935	0.02751
0.6536	-0.1899	0.1239
0.649	-0.0447	0.05749
0.8286	-0.01071	0.02319
0.9667	-0.1597	-0.02568
1.028	-0.3288	-0.07075
1.053	-0.3121	-0.04165
0.9531	-0.315	-0.06346
0.8029	-0.2598	-0.02906
0.5942	-0.1971	0.03077
0.5912	-0.2222	-0.009183
0.7785	-0.1813	-0.003821
0.7751	-0.1553	-0.001015
0.8964	-0.09057	-0.04954
1.064	0.007072	-0.06821
0.9883	0.006857	-0.07013
1.013	-0.002521	-0.05607
1.072	-0.02346	-0.06608
1.021	-0.06416	-0.06426
1.005	-0.1358	-0.03346
1.07	-0.1746	-0.04417
1.184	-0.1091	-0.06533
1.237	-0.01804	-0.08756
1.239	0.03598	-0.04442
1.17	-0.159	0.0779
1.036	-0.4337	0.1294
0.9338	-0.4059	0.08358
0.9208	-0.3763	-0.005656
1.097	-0.5127	-0.07788
1.373	-0.5452	-0.1031
1.503	-0.4773	-0.0707
1.34	-0.3355	0.04091
1.114	-0.0936	0.119
1.091	0.02118	0.07537
1.016	-0.04433	0.0114
0.8616	-0.06981	0.03286
0.7951	-0.06247	0.04686
0.7019	-0.1105	0.02747
0.6489	-0.1521	0.09431
0.6581	-0.172	0.1418
0.6826	-0.1701	0.1476
0.7705	-0.1255	0.1718
0.8339	-0.09333	0.143
0.8379	-0.09684	0.1449
0.8251	-0.08382	0.161
0.853	-0.03	0.1485
0.9473	0.04026	0.1575
1.093	0.04041	0.1383
1.255	-0.1028	0.1295
1.341	-0.2468	0.0884
1.441	-0.1681	0.03945
1.549	0.006292	0.149
1.492	-0.009931	0.2282
1.404	-0.3271	0.07581
1.32	-0.7984	-0.05766
1.077	-0.9094	0.04467
0.8287	-0.6551	0.1196
0.7924	-0.4063	0.04316
0.8037	-0.0744	0.03203
0.7635	-0.04771	0.01444
0.9054	-0.3027	-0.04452
1.037	-0.1973	-0.0439
0.9293	-0.1869	-0.05159
0.8218	-0.281	-0.02991
0.7043	-0.1751	-0.007879
0.6681	-0.2661	-0.03362
0.8297	-0.2818	-0.0459
0.9478	-0.2352	-0.1075
1.05	-0.2803	-0.1564
1.11	-0.1565	-0.1246
1.08	-0.1111	-0.09311
1.078	0.0133	-0.05994
1.013	0.2035	-0.04581
0.9609	0.04683	-0.04677
0.9967	-0.15	-0.02204
1.069	-0.1906	-0.01756
1.193	-0.1557	-0.04724
1.21	-0.06863	-0.05683
1.14	-0.03861	0.01222
1.12	-0.1931	0.134
1.065	-0.3981	0.1821
0.9494	-0.3364	0.08814
0.8731	-0.2791	-0.03813
0.928	-0.3888	-0.09115
1.051	-0.3893	-0.1102
1.242	-0.4428	-0.08352
1.495	-0.5443	0.01623
1.428	-0.4544	0.09585
1.131	-0.2486	0.07835
1.036	-0.05841	0.03439
0.9854	-0.06468	0.05203
0.8908	-0.1517	0.05049
0.7735	-0.08374	0.01962
0.6669	-0.08608	0.03325
0.7275	-0.1432	0.05729
0.6802	-0.1173	0.1214
1.114	-0.0936	0.119
1.091	0.02118	0.07537
1.016	-0.04433	0.0114
0.8616	-0.06981	0.03286
0.7951	-0.06247	0.04686
0.7019	-0.1105	0.02747
0.6489	-0.1521	0.09431
0.6581	-0.172	0.1418
0.6826	-0.1701	0.1476
0.7705	-0.1255	0.1718
0.8339	-0.09333	0.143
0.8379	-0.09684	0.1449
0.8251	-0.08382	0.161
0.853	-0.03	0.1485
0.9473	0.04026	0.1575
1.093	0.04041	0.1383
1.255	-0.1028	0.1295
1.341	-0.2468	0.0884
1.441	-0.1681	0.03945
1.549	0.006292	0.149
1.492	-0.009931	0.2282
1.404	-0.3271	0.07581
1.32	-0.7984	-0.05766
1.077	-0.9094	0.04467
0.8287	-0.6551	0.1196
0.7924	-0.4063	0.04316
0.8037	-0.0744	0.03203
0.7635	-0.04771	0.01444
0.9054	-0.3027	-0.04452
1.037	-0.1973	-0.0439
0.9293	-0.1869	-0.05159
0.8218	-0.281	-0.02991
0.7043	-0.1751	-0.007879
0.6681	-0.2661	-0.03362
0.8297	-0.2818	-0.0459
0.9478	-0.2352	-0.1075
1.05	-0.2803	-0.1564
1.11	-0.1565	-0.1246
1.08	-0.1111	-0.09311
1.078	0.0133	-0.05994
1.013	0.2035	-0.04581
0.9609	0.04683	-0.04677
0.9967	-0.15	-0.02204
1.069	-0.1906	-0.01756
1.193	-0.1557	-0.04724
1.21	-0.06863	-0.05683
1.14	-0.03861	0.01222
1.12	-0.1931	0.134
1.065	-0.3981	0.1821
0.9494	-0.3364	0.08814
0.8731	-0.2791	-0.03813
0.928	-0.3888	-0.09115
1.051	-0.3893	-0.1102
1.242	-0.4428	-0.08352
1.495	-0.5443	0.01623
1.428	-0.4544	0.09585
1.131	-0.2486	0.07835
1.036	-0.05841	0.03439
0.9854	-0.06468	0.05203
0.8908	-0.1517	0.05049
0.7735	-0.08374	0.01962
0.6669	-0.08608	0.03325
0.7275	-0.1432	0.05729
0.6802	-0.1173	0.1214
0.6308	-0.1661	0.1711
0.7585	-0.1648	0.15
0.7643	-0.1213	0.1722
0.8167	-0.1457	0.1879
0.8602	-0.07792	0.1612
0.8432	-0.01104	0.1444
1.009	0.02175	0.1168
1.12	0.03066	0.1371
1.246	-0.1048	0.1665
1.44	-0.1957	0.122
1.503	-0.1423	0.1
1.494	-0.08412	0.1444
1.435	-0.1487	0.1474
1.407	-0.3995	0.02699
1.186	-0.6415	-0.08084
0.747	-0.5756	0.01462
0.5634	-0.2921	0.1659
0.568	-0.1598	0.166
0.6817	-0.1605	0.09274
0.9964	-0.1816	-0.02153
1.239	-0.2291	-0.1174
1.184	-0.2119	-0.05579
0.9549	-0.2058	0.00399
0.7835	-0.175	-0.009636
0.6713	-0.1562	0.0164
0.6963	-0.2238	-0.005694
0.8448	-0.2258	-0.06082
0.9031	-0.2751	-0.07218
0.9502	-0.2776	-0.09381
0.9567	-0.186	-0.08836
0.9891	-0.1566	-0.06701
1.125	-0.02834	-0.08674
1.117	0.0146	-0.09053
1.084	-0.06198	-0.07947
1.089	-0.06499	-0.07206
1.092	-0.1215	-0.05036
1.186	-0.1058	-0.05353
1.211	-0.06855	-0.04046
1.19	-0.1955	0.06602
1.108	-0.3484	0.1738
0.9308	-0.434	0.1543
0.8768	-0.4081	0.04992
0.9351	-0.4201	-0.05708
1.078	-0.5494	-0.1491
1.318	-0.5946	-0.1134
1.475	-0.5798	0.05835
1.331	-0.5076	0.1881
1.084	-0.2743	0.1992
1.051	-0.057	0.0877
1.016	-0.02533	0.008667
0.9116	-0.09904	0.05006
0.8294	-0.1166	0.04821
0.7291	-0.0745	0.05449
0.7199	-0.0588	0.1104
0.7154	-0.03144	0.1244
0.7182	-0.005626	0.1426
0.7701	-0.008153	0.1642
0.7575	-0.008881	0.1842
0.7687	-0.03856	0.1995
0.7706	-0.0468	0.1989
0.807	-0.0146	0.1995
0.9717	-0.01787	0.1746
1.161	-0.1084	0.1482
1.368	-0.2929	0.1006
0.6308	-0.1661	0.1711
0.7585	-0.1648	0.15
0.7643	-0.1213	0.1722
0.8167	-0.1457	0.1879
0.8602	-0.07792	0.1612
0.8432	-0.01104	0.1444
1.009	0.02175	0.1168
1.12	0.03066	0.1371
1.246	-0.1048	0.1665
1.44	-0.1957	0.122
1.503	-0.1423	0.1
1.494	-0.08412	0.1444
1.435	-0.1487	0.1474
1.407	-0.3995	0.02699
1.186	-0.6415	-0.08084
0.747	-0.5756	0.01462
0.5634	-0.2921	0.1659
0.568	-0.1598	0.166
0.6817	-0.1605	0.09274
0.9964	-0.1816	-0.02153
1.239	-0.2291	-0.1174
1.184	-0.2119	-0.05579
0.9549	-0.2058	0.00399
0.7835	-0.175	-0.009636
0.6713	-0.1562	0.0164
0.6963	-0.2238	-0.005694
0.8448	-0.2258	-0.06082
0.9031	-0.2751	-0.07218
0.9502	-0.2776	-0.09381
0.9567	-0.186	-0.08836
0.9891	-0.1566	-0.06701
1.125	-0.02834	-0.08674
1.117	0.0146	-0.09053
1.084	-0.06198	-0.07947
1.089	-0.06499	-0.07206
1.092	-0.1215	-0.05036
1.186	-0.1058	-0.05353
1.211	-0.06855	-0.04046
1.19	-0.1955	0.06602
1.108	-0.3484	0.1738
0.9308	-0.434	0.1543
0.8768	-0.4081	0.04992
0.9351	-0.4201	-0.05708
1.078	-0.5494	-0.1491
1.318	-0.5946	-0.1134
1.475	-0.5798	0.05835
1.331	-0.5076	0.1881
1.084	-0.2743	0.1992
1.051	-0.057	0.0877
1.016	-0.02533	0.008667
0.9116	-0.09904	0.05006
0.8294	-0.1166	0.04821
0.7291	-0.0745	0.05449
0.7199	-0.0588	0.1104
0.7154	-0.03144	0.1244
0.7182	-0.005626	0.1426
0.7701	-0.008153	0.1642
0.7575	-0.008881	0.1842
0.7687	-0.03856	0.1995
0.7706	-0.0468	0.1989
0.807	-0.0146	0.1995
0.9717	-0.01787	0.1746
1.161	-0.1084	0.1482
1.368	-0.2929	0.1006
1.538	-0.3624	0.05872
1.65	-0.1937	0.1469
1.628	-0.1155	0.2135
1.463	-0.3977	0.05241
1.286	-0.6728	-0.08916
0.9016	-0.525	0.0442
0.5691	-0.2391	0.1447
0.6541	-0.08984	0.03943
0.7756	-0.07606	-0.008183
0.9455	-0.2694	-0.06051
1.24	-0.3884	-0.1753
1.174	-0.3479	-0.1024
0.9272	-0.3938	0.02439
0.8483	-0.3642	0.008592
0.6803	-0.2667	0.005521
0.6182	-0.2403	0.009744
0.7813	-0.1937	-0.03488
0.8399	-0.1546	-0.04866
0.9506	-0.117	-0.07993
1.009	-0.09378	-0.1049
0.9565	-0.111	-0.07973
1.091	-0.1053	-0.08684
1.12	-0.06754	-0.08685
1.053	-0.004728	-0.06828
1.047	0.008235	-0.06741
0.9874	-0.0444	-0.05425
1.052	-0.1246	-0.06328
1.145	-0.1891	-0.08207
1.181	-0.1248	-0.06712
1.21	-0.06617	0.006616
1.153	-0.1662	0.1463
1.047	-0.232	0.1844
0.8738	-0.1708	0.02845
0.8045	-0.1675	-0.123
0.9295	-0.3215	-0.1469
1.096	-0.5392	-0.1383
1.378	-0.6409	-0.05099
1.573	-0.5776	0.1598
1.467	-0.4797	0.2085
1.298	-0.2208	0.05121
1.131	0.1344	-0.01466
1.014	0.06041	0.02057
0.9898	-0.1271	0.03423
0.8257	-0.01735	0.02896
0.6776	-0.08922	0.05152
0.689	-0.176	0.1068
0.6213	-0.07597	0.1394
0.6391	-0.1109	0.1618
0.7495	-0.0521	0.1513
0.7595	-0.008425	0.116
0.8075	-0.0954	0.1159
0.8229	-0.04215	0.1011
0.861	-0.04105	0.1019
1.022	-0.09039	0.1129
1.168	-0.2779	0.08469
1.348	-0.5647	0.07752
1.522	-0.4085	0.06581
1.646	-0.04786	0.05691
1.562	0.08613	0.09678
1.322	-0.153	0.1141
1.374	-0.677	0.04026
1.206	-0.8095	-0.03009
0.6398	-0.5558	0.06662
0.5329	-0.3368	0.1443
1.538	-0.3624	0.05872
1.65	-0.1937	0.1469
1.628	-0.1155	0.2135
1.463	-0.3977	0.05241
1.286	-0.6728	-0.08916
0.9016	-0.525	0.0442
0.5691	-0.2391	0.1447
0.6541	-0.08984	0.03943
0.7756	-0.07606	-0.008183
0.9455	-0.2694	-0.06051
1.24	-0.3884	-0.1753
1.174	-0.3479	-0.1024
0.9272	-0.3938	0.02439
0.8483	-0.3642	0.008592
0.6803	-0.2667	0.005521
0.6182	-0.2403	0.009744
0.7813	-0.1937	-0.03488
0.8399	-0.1546	-0.04866
0.9506	-0.117	-0.07993
1.009	-0.09378	-0.1049
0.9565	-0.111	-0.07973
1.091	-0.1053	-0.08684
1.12	-0.06754	-0.08685
1.053	-0.004728	-0.06828
1.047	0.008235	-0.06741
0.9874	-0.0444	-0.05425
1.052	-0.1246	-0.06328
1.145	-0.1891	-0.08207
1.181	-0.1248	-0.06712
1.21	-0.06617	0.006616
1.153	-0.1662	0.1463
1.047	-0.232	0.1844
0.8738	-0.1708	0.02845
0.8045	-0.1675	-0.123
0.9295	-0.3215	-0.1469
1.096	-0.5392	-0.1383
1.378	-0.6409	-0.05099
1.573	-0.5776	0.1598
1.467	-0.4797	0.2085
1.298	-0.2208	0.05121
1.131	0.1344	-0.01466
1.014	0.06041	0.02057
0.9898	-0.1271	0.03423
0.8257	-0.01735	0.02896
0.6776	-0.08922	0.05152
0.689	-0.176	0.1068
0.6213	-0.07597	0.1394
0.6391	-0.1109	0.1618
0.7495	-0.0521	0.1513
0.7595	-0.008425	0.116
0.8075	-0.0954	0.1159
0.8229	-0.04215	0.1011
0.861	-0.04105	0.1019
1.022	-0.09039	0.1129
1.168	-0.2779	0.08469
1.348	-0.5647	0.07752
1.522	-0.4085	0.06581
1.646	-0.04786	0.05691
1.562	0.08613	0.09678
1.322	-0.153	0.1141
1.374	-0.677	0.04026
1.206	-0.8095	-0.03009
0.6398	-0.5558	0.06662
0.5329	-0.3368	0.1443
0.7628	-0.1295	0.001884
0.9625	-0.1611	-0.09821
1.122	-0.3467	-0.02846
1.07	-0.3582	0.01316
0.9289	-0.3154	-0.002394
0.7757	-0.2443	0.009495
0.6879	-0.2204	0.005572
0.7607	-0.2536	-0.03106
0.8536	-0.1868	-0.06096
0.9713	-0.1507	-0.1062
1.025	-0.104	-0.1261
0.969	-0.03588	-0.08579
0.9949	-0.0645	-0.05609
1.057	-0.03812	-0.06942
1.066	-0.01383	-0.08519
1.038	-0.04034	-0.07411
0.9793	-0.02569	-0.0888
0.9897	-0.03869	-0.1125
1.072	-0.05997	-0.08625
1.15	-0.07601	-0.06105
1.2	-0.07985	-0.04337
1.163	-0.09929	-0.01223
1.12	-0.2611	0.09358
1.132	-0.4133	0.2199
1.091	-0.3628	0.103
1.052	-0.3111	-0.1094
1.065	-0.4353	-0.1359
1.131	-0.5415	-0.1156
1.217	-0.5404	-0.0327
1.178	-0.4796	0.1515
1.129	-0.2903	0.1848
1.149	-0.1052	0.07106
1.114	-0.05375	-0.009933
1.054	-0.08784	-0.01565
0.9423	-0.1304	0.01545
0.797	-0.1185	0.02941
0.7275	-0.16	0.07175
0.6723	-0.1974	0.1372
0.6498	-0.1685	0.1657
0.6956	-0.1833	0.1768
0.7259	-0.1462	0.1719
0.7577	-0.09715	0.1764
0.7775	-0.07539	0.183
0.7886	0.000723	0.1736
0.8901	0.04077	0.1945
1.017	0.01041	0.2036
1.143	-0.1867	0.1634
1.337	-0.4433	0.0948
1.533	-0.3857	0.07003
1.654	-0.08811	0.1937
1.626	0.05069	0.2823
1.487	-0.2234	0.09537
1.241	-0.5935	-0.07219
0.7561	-0.5329	0.08965
0.4621	-0.2769	0.2073
0.6599	-0.1404	0.04488
0.8913	-0.06733	-0.06119
1.169	-0.1753	-0.08283
1.388	-0.2771	-0.1178
1.101	-0.216	-0.01656
0.7627	-0.2112	0.1058
0.5905	-0.1789	0.09551
0.4859	-0.1736	0.03853
0.7084	-0.2511	-0.01044
0.7628	-0.1295	0.001884
0.9625	-0.1611	-0.09821
1.122	-0.3467	-0.02846
1.07	-0.3582	0.01316
0.9289	-0.3154	-0.002394
0.7757	-0.2443	0.009495
0.6879	-0.2204	0.005572
0.7607	-0.2536	-0.03106
0.8536	-0.1868	-0.06096
0.9713	-0.1507	-0.1062
1.025	-0.104	-0.1261
0.969	-0.03588	-0.08579
0.9949	-0.0645	-0.05609
1.057	-0.03812	-0.06942
1.066	-0.01383	-0.08519
1.038	-0.04034	-0.07411
0.9793	-0.02569	-0.0888
0.9897	-0.03869	-0.1125
1.072	-0.05997	-0.08625
1.15	-0.07601	-0.06105
1.2	-0.07985	-0.04337
1.163	-0.09929	-0.01223
1.12	-0.2611	0.09358
1.132	-0.4133	0.2199
1.091	-0.3628	0.103
1.052	-0.3111	-0.1094
1.065	-0.4353	-0.1359
1.131	-0.5415	-0.1156
1.217	-0.5404	-0.0327
1.178	-0.4796	0.1515
1.129	-0.2903	0.1848
1.149	-0.1052	0.07106
1.114	-0.05375	-0.009933
1.054	-0.08784	-0.01565
0.9423	-0.1304	0.01545
0.797	-0.1185	0.02941
0.7275	-0.16	0.07175
0.6723	-0.1974	0.1372
0.6498	-0.1685	0.1657
0.6956	-0.1833	0.1768
0.7259	-0.1462	0.1719
0.7577	-0.09715	0.1764
0.7775	-0.07539	0.183
0.7886	0.000723	0.1736
0.8901	0.04077	0.1945
1.017	0.01041	0.2036
1.143	-0.1867	0.1634
1.337	-0.4433	0.0948
1.533	-0.3857	0.07003
1.654	-0.08811	0.1937
1.626	0.05069	0.2823
1.487	-0.2234	0.09537
1.241	-0.5935	-0.07219
0.7561	-0.5329	0.08965
0.4621	-0.2769	0.2073
0.6599	-0.1404	0.04488
0.8913	-0.06733	-0.06119
1.169	-0.1753	-0.08283
1.388	-0.2771	-0.1178
1.101	-0.216	-0.01656
0.7627	-0.2112	0.1058
0.5905	-0.1789	0.09551
0.4859	-0.1736	0.03853
0.7084	-0.2511	-0.01044
0.9365	-0.2342	-0.05631
0.9638	-0.2179	-0.08897
0.936	-0.1635	-0.08366
0.8772	-0.09724	-0.0696
0.9964	-0.115	-0.07587
1.128	-0.07939	-0.0889
1.108	-0.06767	-0.1072
1.068	-0.0969	-0.09432
0.9856	-0.1288	-0.05816
0.9883	-0.1964	-0.04486
1.059	-0.1976	-0.04733
1.186	-0.1513	-0.03007
1.381	-0.1172	0.06941
1.298	-0.1441	0.1664
1.048	-0.2465	0.0934
0.9226	-0.3293	-0.03964
0.8957	-0.3677	-0.06402
1.037	-0.4624	-0.04547
1.279	-0.7171	-0.04023
1.46	-0.8474	-0.01307
1.396	-0.6066	0.07466
1.147	-0.2573	0.1783
1.087	-0.01855	0.1498
1.044	0.006974	0.07421
0.8596	-0.02468	0.08116
0.7578	0.02601	0.06662
0.6918	-0.08498	0.07794
0.6728	-0.1409	0.1251
0.666	-0.05753	0.1239
0.6836	-0.1148	0.1649
0.7999	-0.09116	0.1946
0.8222	-0.06287	0.1814
0.8229	-0.1138	0.2042
0.8328	-0.04456	0.2122
0.8157	-0.01861	0.2131
0.9135	0.003119	0.1806
1.074	-0.02073	0.1185
1.26	-0.1785	0.1264
1.386	-0.2907	0.1401
1.558	-0.3825	0.138
1.793	-0.3472	0.1507
1.707	-0.319	0.1238
1.457	-0.5398	0.07801
1.041	-0.647	0.05743
0.3942	-0.4329	0.07895
0.2904	-0.1323	0.09257
0.7221	-0.07074	-0.006726
1.081	-0.1923	-0.134
1.317	-0.241	-0.1325
1.217	-0.303	-0.02885
0.8929	-0.2855	0.08574
0.7097	-0.1946	0.1281
0.6193	-0.2216	0.06219
0.7415	-0.1937	-0.002454
0.8536	-0.1463	-0.0006915
0.7867	-0.1442	-0.008957
0.8707	-0.07979	-0.03029
0.8758	-0.07361	-0.02216
0.8134	-0.1005	-0.01711
0.8998	-0.08998	-0.02758
0.9357	-0.09709	-0.05225
1.043	-0.06506	-0.08994
1.105	-0.01421	-0.09839
1.037	-0.02734	-0.08349
0.9365	-0.2342	-0.05631
0.9638	-0.2179	-0.08897
0.936	-0.1635	-0.08366
0.8772	-0.09724	-0.0696
0.9964	-0.115	-0.07587
1.128	-0.07939	-0.0889
1.108	-0.06767	-0.1072
1.068	-0.0969	-0.09432
0.9856	-0.1288	-0.05816
0.9883	-0.1964	-0.04486
1.059	-0.1976	-0.04733
1.186	-0.1513	-0.03007
1.381	-0.1172	0.06941
1.298	-0.1441	0.1664
1.048	-0.2465	0.0934
0.9226	-0.3293	-0.03964
0.8957	-0.3677	-0.06402
1.037	-0.4624	-0.04547
1.279	-0.7171	-0.04023
1.46	-0.8474	-0.01307
1.396	-0.6066	0.07466
1.147	-0.2573	0.1783
1.087	-0.01855	0.1498
1.044	0.006974	0.07421
0.8596	-0.02468	0.08116
0.7578	0.02601	0.06662
0.6918	-0.08498	0.07794
0.6728	-0.1409	0.1251
0.666	-0.05753	0.1239
0.6836	-0.1148	0.1649
0.7999	-0.09116	0.1946
0.8222	-0.06287	0.1814
0.8229	-0.1138	0.2042
0.8328	-0.04456	0.2122
0.8157	-0.01861	0.2131
0.9135	0.003119	0.1806
1.074	-0.02073	0.1185
1.26	-0.1785	0.1264
1.386	-0.2907	0.1401
1.558	-0.3825	0.138
1.793	-0.3472	0.1507
1.707	-0.319	0.1238
1.457	-0.5398	0.07801
1.041	-0.647	0.05743
0.3942	-0.4329	0.07895
0.2904	-0.1323	0.09257
0.7221	-0.07074	-0.006726
1.081	-0.1923	-0.134
1.317	-0.241	-0.1325
1.217	-0.303	-0.02885
0.8929	-0.2855	0.08574
0.7097	-0.1946	0.1281
0.6193	-0.2216	0.06219
0.7415	-0.1937	-0.002454
0.8536	-0.1463	-0.0006915
0.7867	-0.1442	-0.008957
0.8707	-0.07979	-0.03029
0.8758	-0.07361	-0.02216
0.8134	-0.1005	-0.01711
0.8998	-0.08998	-0.02758
0.9357	-0.09709	-0.05225
1.043	-0.06506	-0.08994
1.105	-0.01421	-0.09839
1.037	-0.02734	-0.08349
1.089	-0.07836	-0.06459
1.102	-0.1033	-0.01768
1.089	-0.07439	0.01434
1.153	-0.04821	0.006602
1.204	-0.1376	0.02996
1.216	-0.3543	0.06713
1.126	-0.5076	0.05513
1.021	-0.4401	-0.01626
1.011	-0.3654	-0.1431
1.123	-0.4792	-0.1944
1.317	-0.5433	-0.08401
1.371	-0.4914	0.04329
1.236	-0.4163	0.08599
1.085	-0.2202	0.05886
1.022	-0.09587	0.00795
0.9615	-0.1213	-0.008884
0.834	-0.1026	0.009628
0.7638	-0.1202	0.048
0.7333	-0.1625	0.08272
0.7017	-0.1647	0.1171
0.7372	-0.166	0.1578
0.7799	-0.1427	0.1691
0.8065	-0.1339	0.1893
0.8203	-0.1178	0.2038
0.798	-0.06716	0.1735
0.8053	-0.007066	0.1647
0.8988	0.04731	0.1578
1.083	0.04747	0.148
1.239	-0.03806	0.153
1.273	-0.2663	0.1225
1.309	-0.3952	0.1022
1.38	-0.1124	0.1595
1.402	0.1581	0.3205
1.389	-0.05599	0.4187
1.271	-0.5178	0.192
0.9853	-0.8387	-0.05809
0.7673	-0.7526	0.0401
0.8366	-0.3841	0.09608
0.9549	-0.1931	-0.05535
0.9235	-0.1438	-0.0553
1.009	-0.1827	-0.02526
1.11	-0.3396	-0.05359
0.9645	-0.3179	0.01079
0.806	-0.2738	0.02959
0.6865	-0.2518	0.02122
0.6309	-0.1655	0.006385
0.7209	-0.2196	-0.05002
0.8442	-0.2001	-0.06664
1.018	-0.173	-0.1122
1.073	-0.1927	-0.1131
0.9797	-0.0839	-0.04438
0.9952	-0.0406	-0.02081
1.032	0.04997	-0.02751
1.033	0.1006	-0.07375
1.05	-0.02632	-0.08456
1.068	-0.1173	-0.06437
1.135	-0.1958	-0.06677
1.164	-0.1585	-0.05169
1.137	-0.06644	-0.05411
1.143	-0.09271	-0.0006013
1.127	-0.2415	0.1174
1.054	-0.4574	0.1581
0.9734	-0.4215	0.04987
0.9544	-0.348	-0.1257
1.089	-0.07836	-0.06459
1.102	-0.1033	-0.01768
1.089	-0.07439	0.01434
1.153	-0.04821	0.006602
1.204	-0.1376	0.02996
1.216	-0.3543	0.06713
1.126	-0.5076	0.05513
1.021	-0.4401	-0.01626
1.011	-0.3654	-0.1431
1.123	-0.4792	-0.1944
1.317	-0.5433	-0.08401
1.371	-0.4914	0.04329
1.236	-0.4163	0.08599
1.085	-0.2202	0.05886
1.022	-0.09587	0.00795
0.9615	-0.1213	-0.008884
0.834	-0.1026	0.009628
0.7638	-0.1202	0.048
0.7333	-0.1625	0.08272
0.7017	-0.1647	0.1171
0.7372	-0.166	0.1578
0.7799	-0.1427	0.1691
0.8065	-0.1339	0.1893
0.8203	-0.1178	0.2038
0.798	-0.06716	0.1735
0.8053	-0.007066	0.1647
0.8988	0.04731	0.1578
1.083	0.04747	0.148
1.239	-0.03806	0.153
1.273	-0.2663	0.1225
1.309	-0.3952	0.1022
1.38	-0.1124	0.1595
1.402	0.1581	0.3205
1.389	-0.05599	0.4187
1.271	-0.5178	0.192
0.9853	-0.8387	-0.05809
0.7673	-0.7526	0.0401
0.8366	-0.3841	0.09608
0.9549	-0.1931	-0.05535
0.9235	-0.1438	-0.0553
1.009	-0.1827	-0.02526
1.11	-0.3396	-0.05359
0.9645	-0.3179	0.01079
0.806	-0.2738	0.02959
0.6865	-0.2518	0.02122
0.6309	-0.1655	0.006385
0.7209	-0.2196	-0.05002
0.8442	-0.2001	-0.06664
1.018	-0.173	-0.1122
1.073	-0.1927	-0.1131
0.9797	-0.0839	-0.04438
0.9952	-0.0406	-0.02081
1.032	0.04997	-0.02751
1.033	0.1006	-0.07375
1.05	-0.02632	-0.08456
1.068	-0.1173	-0.06437
1.135	-0.1958	-0.06677
1.164	-0.1585	-0.05169
1.137	-0.06644	-0.05411
1.143	-0.09271	-0.0006013
1.127	-0.2415	0.1174
1.054	-0.4574	0.1581
0.9734	-0.4215	0.04987
0.9544	-0.348	-0.1257
1.061	-0.4972	-0.1556
1.271	-0.5676	-0.07322
1.428	-0.6288	0.00987
1.342	-0.5966	0.08165
1.152	-0.3292	0.04501
1.086	-0.1733	-0.01733
1.006	-0.1573	-0.01369
0.869	-0.1812	-0.00612
0.7827	-0.1942	0.01925
0.7244	-0.167	0.04698
0.7096	-0.2034	0.07771
0.6939	-0.1693	0.1237
0.703	-0.1148	0.1337
0.7659	-0.09251	0.1418
0.7957	0.007488	0.1607
0.8231	0.009168	0.1519
0.8345	0.01625	0.1496
0.8647	0.08631	0.1666
0.9234	0.04655	0.1756
1.003	-0.02103	0.1538
1.264	-0.2302	0.1006
1.556	-0.4607	0.04804
1.641	-0.2867	0.05059
1.484	0.03887	0.1727
1.292	0.04128	0.2661
1.368	-0.3198	0.09911
1.361	-0.7954	-0.09424
1.048	-0.8483	-0.02295
0.7813	-0.4199	0.07555
0.7104	-0.1117	0.06298
0.9022	-0.05484	0.04094
1.092	-0.1444	-0.04483
1.049	-0.283	-0.07404
0.9989	-0.2877	-0.002091
0.8649	-0.2949	0.003592
0.695	-0.2789	0.01529
0.6762	-0.2591	0.02452
0.7071	-0.2994	-0.004299
0.8146	-0.2355	-0.02036
0.9607	-0.1885	-0.09242
1.028	-0.09262	-0.1202
1.005	0.03853	-0.06222
0.9866	0.04721	-0.02629
1.027	0.09552	-0.01236
1.006	0.04118	-0.01667
0.9879	-0.112	-0.0088
0.9955	-0.2258	-0.007971
1.016	-0.3499	-0.01919
1.123	-0.2939	-0.01421
1.193	-0.08917	-0.02741
1.23	0.04627	0.001169
1.215	-0.05863	0.07756
1.094	-0.3171	0.1283
1.019	-0.3781	0.1113
0.9647	-0.3908	-0.0005698
0.9091	-0.4911	-0.1313
0.9361	-0.5254	-0.1804
1.132	-0.5708	-0.09997
1.407	-0.5888	0.006208
1.399	-0.4489	0.02723
1.238	-0.2181	0.03189
1.178	-0.1306	0.01785
0.9981	-0.1553	-0.01804
0.7766	-0.05539	-0.03744
