0.7911	-0.191	-0.03907
0.7994	-0.2597	-0.07789
0.8239	-0.2703	-0.05594
0.8629	-0.2317	-0.05718
0.8725	-0.203	-0.08139
0.8874	-0.1704	-0.08231
0.8849	-0.1376	-0.09069
0.9135	-0.1201	-0.08949
0.933	-0.1123	-0.08764
0.8861	-0.1199	-0.07404
0.8691	-0.1164	-0.04414
0.8925	-0.1061	-0.04854
0.9626	-0.1255	-0.09913
1.079	-0.1471	-0.1463
1.15	-0.2184	-0.1172
1.183	-0.3782	-0.0591
1.237	-0.554	-0.01252
1.273	-0.633	0.07215
1.268	-0.5272	0.09843
1.33	-0.3798	0.06006
1.478	-0.2825	0.06958
1.554	-0.2116	0.04331
1.489	-0.2339	0.006092
1.296	-0.2437	0.052
1.01	-0.2388	0.08143
0.8326	-0.284	0.07962
0.8647	-0.2649	0.07241
0.8679	-0.2496	0.04653
0.8222	-0.247	0.03955
0.8656	-0.2123	0.04617
0.8253	-0.2221	0.07538
0.7635	-0.2074	0.1125
0.8052	-0.1472	0.1061
0.7895	-0.06019	0.08799
0.774	0.03357	0.07971
0.7585	0.0266	0.08154
0.6942	-0.06219	0.1212
0.703	-0.1472	0.1572
0.7675	-0.1543	0.09384
0.8828	-0.1279	-0.03464
0.9899	-0.1715	-0.09832
1.001	-0.2074	-0.07376
0.9787	-0.2343	-0.01042
0.9653	-0.2706	0.03327
1.005	-0.232	0.02577
1.05	-0.1911	0.01375
1.049	-0.1951	0.02361
1.069	-0.2208	0.007634
1.112	-0.2602	-0.08447
1.158	-0.2413	-0.2104
1.174	-0.2192	-0.2413
1.161	-0.2625	-0.1581
1.181	-0.3395	-0.1126
1.269	-0.4264	-0.1608
1.536	-0.4087	-0.2277
1.776	-0.3302	-0.256
1.476	-0.2923	-0.1153
0.9831	-0.1153	0.08941
0.9937	0.0716	0.03156
1.118	-0.04509	-0.1634
1.033	-0.194	-0.2365
0.9867	-0.147	-0.1884
0.869	-0.1372	-0.09044
0.7958	-0.1561	-0.07877
0.8433	-0.09248	-0.05187
0.7963	-0.07573	0.02379
0.8297	-0.08667	-0.06305
0.9034	-0.09875	-0.1593
0.9067	-0.1462	-0.1828
0.8837	-0.127	-0.1895
0.7585	-0.1197	-0.1113
0.6834	-0.1942	-0.09432
0.6581	-0.2642	-0.1171
0.6585	-0.3118	-0.1073
0.7538	-0.2813	-0.1174
0.7796	-0.2088	-0.08328
0.7785	-0.1251	-0.06366
0.7537	0.00437	-0.01802
0.7208	0.05852	0.05147
0.9242	-0.03919	0.01852
1.296	-0.3142	0.003731
1.585	-0.6276	0.0251
1.579	-0.664	0.02845
1.404	-0.5278	0.04413
1.384	-0.4994	0.04722
1.484	-0.4473	0.04662
1.583	-0.2683	0.04667
1.542	-0.1699	0.05587
1.349	-0.2166	0.09014
1.164	-0.2908	0.1356
1.022	-0.3203	0.141
0.9992	-0.2428	0.08828
0.9301	-0.1093	0.0457
0.8008	-0.07291	0.03294
0.8039	-0.1393	0.07443
0.7008	-0.2089	0.1385
0.6781	-0.2539	0.1354
0.8292	-0.2383	0.1242
0.8166	-0.1636	0.1321
0.8359	-0.1195	0.1276
0.7702	-0.06495	0.131
0.6106	0.001643	0.1345
0.7066	-0.01493	0.133
0.7746	-0.05262	0.1115
0.8075	-0.07292	0.08279
0.8979	-0.1103	0.08131
0.8882	-0.1222	0.0455
0.927	-0.08844	-0.03522
0.9314	-0.08594	-0.05744
0.8792	-0.1875	-0.01054
0.9013	-0.3646	0.02166
0.9204	-0.4569	0.01043
1.03	-0.3452	-0.04759
1.208	-0.2663	-0.1465
1.306	-0.3868	-0.2262
1.355	-0.4264	-0.2509
1.365	-0.2803	-0.2015
1.348	-0.1781	-0.07691
1.353	-0.2347	-0.008529
1.445	-0.3215	-0.1062
1.597	-0.3171	-0.2386
1.586	-0.2458	-0.2251
1.254	-0.08181	-0.09341
0.7854	0.03593	0.007607
0.5877	-0.07321	-0.01923
0.6637	-0.2099	-0.1116
0.7334	-0.273	-0.1562
0.8743	-0.3048	-0.1911
0.8433	-0.09248	-0.05187
0.7963	-0.07573	0.02379
0.8297	-0.08667	-0.06305
0.9034	-0.09875	-0.1593
0.9067	-0.1462	-0.1828
0.8837	-0.127	-0.1895
0.7585	-0.1197	-0.1113
0.6834	-0.1942	-0.09432
0.6581	-0.2642	-0.1171
0.6585	-0.3118	-0.1073
0.7538	-0.2813	-0.1174
0.7796	-0.2088	-0.08328
0.7785	-0.1251	-0.06366
0.7537	0.00437	-0.01802
0.7208	0.05852	0.05147
0.9242	-0.03919	0.01852
1.296	-0.3142	0.003731
1.585	-0.6276	0.0251
1.579	-0.664	0.02845
1.404	-0.5278	0.04413
1.384	-0.4994	0.04722
1.484	-0.4473	0.04662
1.583	-0.2683	0.04667
1.542	-0.1699	0.05587
1.349	-0.2166	0.09014
1.164	-0.2908	0.1356
1.022	-0.3203	0.141
0.9992	-0.2428	0.08828
0.9301	-0.1093	0.0457
0.8008	-0.07291	0.03294
0.8039	-0.1393	0.07443
0.7008	-0.2089	0.1385
0.6781	-0.2539	0.1354
0.8292	-0.2383	0.1242
0.8166	-0.1636	0.1321
0.8359	-0.1195	0.1276
0.7702	-0.06495	0.131
0.6106	0.001643	0.1345
0.7066	-0.01493	0.133
0.7746	-0.05262	0.1115
0.8075	-0.07292	0.08279
0.8979	-0.1103	0.08131
0.8882	-0.1222	0.0455
0.927	-0.08844	-0.03522
0.9314	-0.08594	-0.05744
0.8792	-0.1875	-0.01054
0.9013	-0.3646	0.02166
0.9204	-0.4569	0.01043
1.03	-0.3452	-0.04759
1.208	-0.2663	-0.1465
1.306	-0.3868	-0.2262
1.355	-0.4264	-0.2509
1.365	-0.2803	-0.2015
1.348	-0.1781	-0.07691
1.353	-0.2347	-0.008529
1.445	-0.3215	-0.1062
1.597	-0.3171	-0.2386
1.586	-0.2458	-0.2251
1.254	-0.08181	-0.09341
0.7854	0.03593	0.007607
0.5877	-0.07321	-0.01923
0.6637	-0.2099	-0.1116
0.7334	-0.273	-0.1562
0.8743	-0.3048	-0.1911
1.042	-0.2562	-0.2117
1.026	-0.1991	-0.1909
0.9359	-0.09048	-0.1821
0.7971	0.0621	-0.1148
0.6287	0.03728	-0.007016
0.5823	-0.08897	0.04213
0.6036	-0.1653	0.02433
0.7043	-0.2191	-0.04604
0.8933	-0.2063	-0.06
0.949	-0.1312	-0.03842
0.8286	-0.02749	-0.02832
0.7295	0.04115	-0.006263
0.7323	-0.05542	-0.07906
0.7826	-0.2201	-0.184
0.9672	-0.3806	-0.188
1.335	-0.5845	-0.05886
1.592	-0.6557	0.1088
1.571	-0.5153	0.1189
1.526	-0.3903	0.09901
1.585	-0.4303	0.1404
1.659	-0.4586	0.1244
1.713	-0.3834	0.1237
1.595	-0.3377	0.1353
1.335	-0.2616	0.1148
1.177	-0.2403	0.1071
1.008	-0.2919	0.08157
0.7712	-0.1664	0.05688
0.6157	-0.07748	0.04527
0.6246	-0.1307	0.04785
0.8046	-0.1791	0.1099
0.8573	-0.2609	0.1648
0.8082	-0.2464	0.1648
0.8143	-0.1947	0.1567
0.6757	-0.1613	0.1597
0.6048	-0.04675	0.1625
0.6843	-0.008668	0.1452
0.7187	0.004449	0.1263
0.7761	0.009949	0.08596
0.823	-0.0953	-0.007288
0.844	-0.118	-0.07057
0.8307	-0.09624	-0.06731
0.8683	-0.1645	-0.04651
0.9725	-0.2194	-0.02454
0.9784	-0.2369	0.01632
1.023	-0.2211	0.0814
1.073	-0.2157	0.1141
1.076	-0.2648	0.0465
1.153	-0.2916	-0.1094
1.21	-0.2893	-0.251
1.269	-0.2807	-0.274
1.319	-0.2555	-0.1609
1.408	-0.1899	-0.04375
1.634	-0.1503	-0.08599
1.778	-0.2453	-0.252
1.558	-0.2528	-0.3299
1.093	-0.1002	-0.1001
0.9629	-0.07588	0.1482
1.176	-0.1625	-0.06928
1.19	-0.2438	-0.2685
0.9295	-0.2709	-0.0711
0.6881	-0.2197	-0.03204
0.7783	-0.1981	-0.1275
0.9084	-0.1318	-0.08289
0.8181	-0.04837	-0.08303
1.042	-0.2562	-0.2117
1.026	-0.1991	-0.1909
0.9359	-0.09048	-0.1821
0.7971	0.0621	-0.1148
0.6287	0.03728	-0.007016
0.5823	-0.08897	0.04213
0.6036	-0.1653	0.02433
0.7043	-0.2191	-0.04604
0.8933	-0.2063	-0.06
0.949	-0.1312	-0.03842
0.8286	-0.02749	-0.02832
0.7295	0.04115	-0.006263
0.7323	-0.05542	-0.07906
0.7826	-0.2201	-0.184
0.9672	-0.3806	-0.188
1.335	-0.5845	-0.05886
1.592	-0.6557	0.1088
1.571	-0.5153	0.1189
1.526	-0.3903	0.09901
1.585	-0.4303	0.1404
1.659	-0.4586	0.1244
1.713	-0.3834	0.1237
1.595	-0.3377	0.1353
1.335	-0.2616	0.1148
1.177	-0.2403	0.1071
1.008	-0.2919	0.08157
0.7712	-0.1664	0.05688
0.6157	-0.07748	0.04527
0.6246	-0.1307	0.04785
0.8046	-0.1791	0.1099
0.8573	-0.2609	0.1648
0.8082	-0.2464	0.1648
0.8143	-0.1947	0.1567
0.6757	-0.1613	0.1597
0.6048	-0.04675	0.1625
0.6843	-0.008668	0.1452
0.7187	0.004449	0.1263
0.7761	0.009949	0.08596
0.823	-0.0953	-0.007288
0.844	-0.118	-0.07057
0.8307	-0.09624	-0.06731
0.8683	-0.1645	-0.04651
0.9725	-0.2194	-0.02454
0.9784	-0.2369	0.01632
1.023	-0.2211	0.0814
1.073	-0.2157	0.1141
1.076	-0.2648	0.0465
1.153	-0.2916	-0.1094
1.21	-0.2893	-0.251
1.269	-0.2807	-0.274
1.319	-0.2555	-0.1609
1.408	-0.1899	-0.04375
1.634	-0.1503	-0.08599
1.778	-0.2453	-0.252
1.558	-0.2528	-0.3299
1.093	-0.1002	-0.1001
0.9629	-0.07588	0.1482
1.176	-0.1625	-0.06928
1.19	-0.2438	-0.2685
0.9295	-0.2709	-0.0711
0.6881	-0.2197	-0.03204
0.7783	-0.1981	-0.1275
0.9084	-0.1318	-0.08289
0.8181	-0.04837	-0.08303
0.8564	-0.05823	-0.07392
0.8763	-0.04033	-0.06717
0.8306	-0.03881	-0.128
0.9115	-0.05061	-0.1408
0.9144	-0.02572	-0.1421
0.9321	-0.07419	-0.1296
0.9282	-0.1434	-0.107
0.8109	-0.192	-0.08896
0.7929	-0.1984	-0.05813
0.7729	-0.1648	-0.08822
0.7605	-0.1622	-0.09772
0.8651	-0.09694	-0.04186
0.972	0.008362	-0.004518
0.9638	0.08765	-0.0007245
0.8039	0.132	-0.05718
0.6912	-0.001417	-0.1475
0.7381	-0.2758	-0.2265
0.9561	-0.5816	-0.2229
1.287	-0.8645	-0.1128
1.455	-0.9109	0.01656
1.496	-0.619	0.1223
1.537	-0.2375	0.1079
1.495	-0.08996	0.05041
1.414	-0.08868	0.06129
1.349	-0.006259	0.01463
1.248	0.0482	0.02724
1.135	0.02877	0.09555
1.07	-0.05665	0.04842
1.012	-0.2186	0.04695
0.9761	-0.2513	0.04311
0.9591	-0.2002	-0.04806
0.875	-0.2022	-0.06697
0.8164	-0.1653	-0.01615
0.8008	-0.1697	0.06069
0.7902	-0.2229	0.07698
0.8142	-0.2127	0.01402
0.7714	-0.1843	-0.02377
0.7292	-0.164	-0.04499
0.7704	-0.2196	-0.02666
0.8279	-0.2932	-0.0006445
0.9026	-0.2174	0.006507
0.8834	-0.1415	0.07897
0.77	-0.1507	0.1536
0.7219	-0.1259	0.1516
0.7568	-0.1148	0.08117
0.8873	-0.1657	-0.0191
1.123	-0.317	-0.1221
1.438	-0.5362	-0.2324
1.603	-0.5449	-0.2628
1.384	-0.3573	-0.1335
1.168	-0.277	0.06039
1.287	-0.3086	0.06183
1.511	-0.3733	-0.1747
1.634	-0.4177	-0.3063
1.398	-0.317	-0.1322
0.925	-0.1552	0.05794
0.8374	-0.09439	-0.04277
0.9812	-0.1554	-0.1772
0.9472	-0.2337	-0.1673
0.9173	-0.2256	-0.156
0.8845	-0.1635	-0.05356
0.8321	-0.09354	-0.0297
0.8547	-0.08525	-0.1309
0.8453	-0.1032	-0.1195
0.8564	-0.05823	-0.07392
0.8763	-0.04033	-0.06717
0.8306	-0.03881	-0.128
0.9115	-0.05061	-0.1408
0.9144	-0.02572	-0.1421
0.9321	-0.07419	-0.1296
0.9282	-0.1434	-0.107
0.8109	-0.192	-0.08896
0.7929	-0.1984	-0.05813
0.7729	-0.1648	-0.08822
0.7605	-0.1622	-0.09772
0.8651	-0.09694	-0.04186
0.972	0.008362	-0.004518
0.9638	0.08765	-0.0007245
0.8039	0.132	-0.05718
0.6912	-0.001417	-0.1475
0.7381	-0.2758	-0.2265
0.9561	-0.5816	-0.2229
1.287	-0.8645	-0.1128
1.455	-0.9109	0.01656
1.496	-0.619	0.1223
1.537	-0.2375	0.1079
1.495	-0.08996	0.05041
1.414	-0.08868	0.06129
1.349	-0.006259	0.01463
1.248	0.0482	0.02724
1.135	0.02877	0.09555
1.07	-0.05665	0.04842
1.012	-0.2186	0.04695
0.9761	-0.2513	0.04311
0.9591	-0.2002	-0.04806
0.875	-0.2022	-0.06697
0.8164	-0.1653	-0.01615
0.8008	-0.1697	0.06069
0.7902	-0.2229	0.07698
0.8142	-0.2127	0.01402
0.7714	-0.1843	-0.02377
0.7292	-0.164	-0.04499
0.7704	-0.2196	-0.02666
0.8279	-0.2932	-0.0006445
0.9026	-0.2174	0.006507
0.8834	-0.1415	0.07897
0.77	-0.1507	0.1536
0.7219	-0.1259	0.1516
0.7568	-0.1148	0.08117
0.8873	-0.1657	-0.0191
1.123	-0.317	-0.1221
1.438	-0.5362	-0.2324
1.603	-0.5449	-0.2628
1.384	-0.3573	-0.1335
1.168	-0.277	0.06039
1.287	-0.3086	0.06183
1.511	-0.3733	-0.1747
1.634	-0.4177	-0.3063
1.398	-0.317	-0.1322
0.925	-0.1552	0.05794
0.8374	-0.09439	-0.04277
0.9812	-0.1554	-0.1772
0.9472	-0.2337	-0.1673
0.9173	-0.2256	-0.156
0.8845	-0.1635	-0.05356
0.8321	-0.09354	-0.0297
0.8547	-0.08525	-0.1309
0.8453	-0.1032	-0.1195
0.8519	-0.07679	-0.1517
0.92	-0.1212	-0.1588
0.9844	-0.1586	-0.1253
0.9837	-0.1209	-0.1702
0.8975	-0.1146	-0.1311
0.8299	-0.1014	-0.1251
0.804	-0.1462	-0.1311
0.8084	-0.2419	-0.07957
0.793	-0.237	-0.06908
0.7173	-0.1614	-0.01089
0.7088	-0.03644	-0.02032
0.8008	0.08299	-0.06921
0.9373	0.1	-0.05824
0.9959	0.04113	-0.1051
0.9006	-0.03266	-0.1042
0.8431	-0.07377	-0.05643
0.8851	-0.1002	-0.04674
0.9097	-0.1362	-0.07165
0.9594	-0.2252	-0.1585
1.139	-0.4876	-0.1931
1.406	-0.8342	-0.1593
1.561	-0.9313	-0.1212
1.566	-0.7495	-0.03518
1.621	-0.6258	0.04278
1.696	-0.5177	-0.002053
1.599	-0.1779	-0.06738
1.419	0.0684	0.02532
1.216	-0.02425	0.124
0.9698	-0.103	0.1068
0.8647	-0.1132	0.0694
0.8274	-0.2388	0.01544
0.6845	-0.2672	0.04405
0.5888	-0.203	0.1271
0.5792	-0.2266	0.1399
0.6435	-0.2169	0.1662
0.7905	-0.2046	0.1644
0.8726	-0.2011	0.1456
0.8796	-0.1192	0.1582
0.829	-0.05282	0.1364
0.6879	0.01539	0.1443
0.5888	0.05606	0.1583
0.6519	-0.04358	0.1402
0.8194	-0.2081	0.08544
0.9481	-0.284	-0.04228
1.003	-0.2193	-0.1314
0.9984	-0.1583	-0.1524
0.9171	-0.1513	-0.0788
0.8526	-0.14	0.08822
0.9026	-0.1458	0.1277
1.032	-0.1143	0.04374
1.125	-0.0854	-0.003101
1.149	-0.1649	-0.04666
1.129	-0.279	-0.1812
1.108	-0.3175	-0.3406
1.2	-0.2544	-0.3081
1.397	-0.1699	-0.1345
1.679	-0.1344	-0.07497
1.86	-0.1584	-0.1882
1.598	-0.2577	-0.2685
1.153	-0.3452	-0.01482
0.9636	-0.3422	0.2246
1.044	-0.3213	-0.0434
1.12	-0.3226	-0.2927
0.9723	-0.2875	-0.1834
0.8519	-0.07679	-0.1517
0.92	-0.1212	-0.1588
0.9844	-0.1586	-0.1253
0.9837	-0.1209	-0.1702
0.8975	-0.1146	-0.1311
0.8299	-0.1014	-0.1251
0.804	-0.1462	-0.1311
0.8084	-0.2419	-0.07957
0.793	-0.237	-0.06908
0.7173	-0.1614	-0.01089
0.7088	-0.03644	-0.02032
0.8008	0.08299	-0.06921
0.9373	0.1	-0.05824
0.9959	0.04113	-0.1051
0.9006	-0.03266	-0.1042
0.8431	-0.07377	-0.05643
0.8851	-0.1002	-0.04674
0.9097	-0.1362	-0.07165
0.9594	-0.2252	-0.1585
1.139	-0.4876	-0.1931
1.406	-0.8342	-0.1593
1.561	-0.9313	-0.1212
1.566	-0.7495	-0.03518
1.621	-0.6258	0.04278
1.696	-0.5177	-0.002053
1.599	-0.1779	-0.06738
1.419	0.0684	0.02532
1.216	-0.02425	0.124
0.9698	-0.103	0.1068
0.8647	-0.1132	0.0694
0.8274	-0.2388	0.01544
0.6845	-0.2672	0.04405
0.5888	-0.203	0.1271
0.5792	-0.2266	0.1399
0.6435	-0.2169	0.1662
0.7905	-0.2046	0.1644
0.8726	-0.2011	0.1456
0.8796	-0.1192	0.1582
0.829	-0.05282	0.1364
0.6879	0.01539	0.1443
0.5888	0.05606	0.1583
0.6519	-0.04358	0.1402
0.8194	-0.2081	0.08544
0.9481	-0.284	-0.04228
1.003	-0.2193	-0.1314
0.9984	-0.1583	-0.1524
0.9171	-0.1513	-0.0788
0.8526	-0.14	0.08822
0.9026	-0.1458	0.1277
1.032	-0.1143	0.04374
1.125	-0.0854	-0.003101
1.149	-0.1649	-0.04666
1.129	-0.279	-0.1812
1.108	-0.3175	-0.3406
1.2	-0.2544	-0.3081
1.397	-0.1699	-0.1345
1.679	-0.1344	-0.07497
1.86	-0.1584	-0.1882
1.598	-0.2577	-0.2685
1.153	-0.3452	-0.01482
0.9636	-0.3422	0.2246
1.044	-0.3213	-0.0434
1.12	-0.3226	-0.2927
0.9723	-0.2875	-0.1834
0.8037	-0.1824	-0.1141
0.7198	-0.06957	-0.1016
0.7452	-0.04983	-0.08915
0.935	-0.1062	-0.1423
0.9727	-0.1227	-0.1114
0.8662	-0.08673	-0.03
0.7863	-0.05026	0.01403
0.7231	-0.01431	0.0122
0.8	-0.00933	-0.1056
0.8534	-0.04108	-0.2026
0.8244	-0.08613	-0.1729
0.7369	-0.1546	-0.08041
0.5513	-0.1838	0.03346
0.5858	-0.1596	0.04412
0.7625	-0.1455	-0.04091
0.8914	-0.112	-0.1175
0.9871	-0.07578	-0.1638
0.8895	-0.1309	-0.122
0.8613	-0.3365	-0.02433
1.121	-0.6507	0.06477
1.506	-0.7555	0.09837
1.827	-0.4914	0.0973
1.85	-0.2753	0.1858
1.84	-0.2727	0.2233
1.987	-0.1719	0.03446
1.866	-0.04792	-0.114
1.364	-0.08719	0.06739
0.8274	-0.09739	0.2928
0.7136	-0.07161	0.2264
0.8467	-0.1659	0.1257
0.6513	-0.2347	0.08588
0.5629	-0.1925	0.003448
0.6896	-0.1585	0.0507
0.5411	-0.1285	0.0988
0.5352	-0.1053	0.09587
0.6184	-0.1212	0.1714
0.5528	-0.1223	0.1436
0.6687	-0.1183	0.1013
0.7716	-0.1345	0.09703
0.8954	-0.1583	-0.04152
1.008	-0.185	-0.135
0.8661	-0.1923	-0.04877
0.811	-0.2026	0.08294
0.804	-0.2475	0.09477
0.7623	-0.2712	0.03965
0.8762	-0.3042	0.003306
1.113	-0.4561	-0.1834
1.452	-0.5812	-0.4304
1.652	-0.4738	-0.433
1.63	-0.2201	-0.1563
1.615	0.0472	0.144
1.625	0.2317	0.1767
1.613	0.1805	-5.154e-05
1.508	-0.03866	-0.1094
1.265	-0.2298	-0.05088
1.068	-0.2914	-0.02762
1.094	-0.1832	-0.1308
1.101	-0.08969	-0.192
0.8916	-0.05862	-0.21
0.728	0.002356	-0.1697
0.7146	-0.05091	-0.1004
0.8163	-0.09567	-0.1331
0.9255	-0.0461	-0.1645
0.8529	-0.0348	-0.1705
0.8037	-0.1824	-0.1141
0.7198	-0.06957	-0.1016
0.7452	-0.04983	-0.08915
0.935	-0.1062	-0.1423
0.9727	-0.1227	-0.1114
0.8662	-0.08673	-0.03
0.7863	-0.05026	0.01403
0.7231	-0.01431	0.0122
0.8	-0.00933	-0.1056
0.8534	-0.04108	-0.2026
0.8244	-0.08613	-0.1729
0.7369	-0.1546	-0.08041
0.5513	-0.1838	0.03346
0.5858	-0.1596	0.04412
0.7625	-0.1455	-0.04091
0.8914	-0.112	-0.1175
0.9871	-0.07578	-0.1638
0.8895	-0.1309	-0.122
0.8613	-0.3365	-0.02433
1.121	-0.6507	0.06477
1.506	-0.7555	0.09837
1.827	-0.4914	0.0973
1.85	-0.2753	0.1858
1.84	-0.2727	0.2233
1.987	-0.1719	0.03446
1.866	-0.04792	-0.114
1.364	-0.08719	0.06739
0.8274	-0.09739	0.2928
0.7136	-0.07161	0.2264
0.8467	-0.1659	0.1257
0.6513	-0.2347	0.08588
0.5629	-0.1925	0.003448
0.6896	-0.1585	0.0507
0.5411	-0.1285	0.0988
0.5352	-0.1053	0.09587
0.6184	-0.1212	0.1714
0.5528	-0.1223	0.1436
0.6687	-0.1183	0.1013
0.7716	-0.1345	0.09703
0.8954	-0.1583	-0.04152
1.008	-0.185	-0.135
0.8661	-0.1923	-0.04877
0.811	-0.2026	0.08294
0.804	-0.2475	0.09477
0.7623	-0.2712	0.03965
0.8762	-0.3042	0.003306
1.113	-0.4561	-0.1834
1.452	-0.5812	-0.4304
1.652	-0.4738	-0.433
1.63	-0.2201	-0.1563
1.615	0.0472	0.144
1.625	0.2317	0.1767
1.613	0.1805	-5.154e-05
1.508	-0.03866	-0.1094
1.265	-0.2298	-0.05088
1.068	-0.2914	-0.02762
1.094	-0.1832	-0.1308
1.101	-0.08969	-0.192
0.8916	-0.05862	-0.21
0.728	0.002356	-0.1697
0.7146	-0.05091	-0.1004
0.8163	-0.09567	-0.1331
0.9255	-0.0461	-0.1645
0.8529	-0.0348	-0.1705
0.7911	0.0192	-0.1621
0.7983	0.01318	-0.1118
0.788	-0.05515	-0.1207
0.8373	-0.06938	-0.1384
0.8274	-0.1164	-0.1474
0.823	-0.1162	-0.1939
0.8958	-0.0968	-0.1914
0.9079	-0.1017	-0.1694
0.9027	-0.03168	-0.131
0.8378	0.01452	0.006863
0.7396	-0.007491	0.1386
0.7234	-0.07614	0.1261
0.6884	-0.2418	-0.01284
0.6619	-0.521	-0.1889
0.8268	-0.7985	-0.2706
1.205	-0.9199	-0.1823
1.519	-0.887	-0.06737
1.599	-0.5956	-0.01809
1.707	-0.1105	-0.009482
1.902	0.05845	-0.1607
1.898	-0.129	-0.3215
1.644	-0.1999	-0.2047
1.328	-0.156	-0.01621
1.097	-0.2134	0.05403
0.9941	-0.2226	0.06627
0.9083	-0.2081	0.03564
0.8133	-0.2599	0.02853
0.7846	-0.1795	-0.007353
0.7592	-0.09863	-0.07572
0.7497	-0.1827	-0.0006633
0.762	-0.2644	0.115
0.755	-0.3033	0.1574
0.8027	-0.2624	0.168
0.8236	-0.1263	0.0882
0.7656	-0.01411	0.02181
0.7069	0.002945	0.07262
0.676	-0.05832	0.118
0.6928	-0.08132	0.1131
0.6982	-0.08241	0.08499
0.7391	-0.1246	0.008245
0.8361	-0.1279	-0.09661
0.8579	-0.1343	-0.1169
0.8347	-0.1869	-0.0488
0.8315	-0.2133	0.005917
0.8505	-0.2255	0.06054
0.8726	-0.2583	0.1009
0.9287	-0.3101	0.05765
1.086	-0.3568	-0.04252
1.24	-0.3542	-0.1496
1.384	-0.3284	-0.2659
1.561	-0.3245	-0.3802
1.506	-0.2985	-0.3271
1.205	-0.2472	-0.05941
1.07	-0.2417	0.1218
1.253	-0.3205	0.02788
1.638	-0.4392	-0.2148
1.838	-0.4261	-0.3459
1.39	-0.2629	-0.1705
0.797	-0.07825	0.09289
0.7835	0.04282	0.08555
0.9728	-0.07684	-0.1112
0.9411	-0.2578	-0.2157
0.8673	-0.235	-0.1581
0.8217	-0.2079	-0.09237
0.7911	0.0192	-0.1621
0.7983	0.01318	-0.1118
0.788	-0.05515	-0.1207
0.8373	-0.06938	-0.1384
0.8274	-0.1164	-0.1474
0.823	-0.1162	-0.1939
0.8958	-0.0968	-0.1914
0.9079	-0.1017	-0.1694
0.9027	-0.03168	-0.131
0.8378	0.01452	0.006863
0.7396	-0.007491	0.1386
0.7234	-0.07614	0.1261
0.6884	-0.2418	-0.01284
0.6619	-0.521	-0.1889
0.8268	-0.7985	-0.2706
1.205	-0.9199	-0.1823
1.519	-0.887	-0.06737
1.599	-0.5956	-0.01809
1.707	-0.1105	-0.009482
1.902	0.05845	-0.1607
1.898	-0.129	-0.3215
1.644	-0.1999	-0.2047
1.328	-0.156	-0.01621
1.097	-0.2134	0.05403
0.9941	-0.2226	0.06627
0.9083	-0.2081	0.03564
0.8133	-0.2599	0.02853
0.7846	-0.1795	-0.007353
0.7592	-0.09863	-0.07572
0.7497	-0.1827	-0.0006633
0.762	-0.2644	0.115
0.755	-0.3033	0.1574
0.8027	-0.2624	0.168
0.8236	-0.1263	0.0882
0.7656	-0.01411	0.02181
0.7069	0.002945	0.07262
0.676	-0.05832	0.118
0.6928	-0.08132	0.1131
0.6982	-0.08241	0.08499
0.7391	-0.1246	0.008245
0.8361	-0.1279	-0.09661
0.8579	-0.1343	-0.1169
0.8347	-0.1869	-0.0488
0.8315	-0.2133	0.005917
0.8505	-0.2255	0.06054
0.8726	-0.2583	0.1009
0.9287	-0.3101	0.05765
1.086	-0.3568	-0.04252
1.24	-0.3542	-0.1496
1.384	-0.3284	-0.2659
1.561	-0.3245	-0.3802
1.506	-0.2985	-0.3271
1.205	-0.2472	-0.05941
1.07	-0.2417	0.1218
1.253	-0.3205	0.02788
1.638	-0.4392	-0.2148
1.838	-0.4261	-0.3459
1.39	-0.2629	-0.1705
0.797	-0.07825	0.09289
0.7835	0.04282	0.08555
0.9728	-0.07684	-0.1112
0.9411	-0.2578	-0.2157
0.8673	-0.235	-0.1581
0.8217	-0.2079	-0.09237
0.8247	-0.1525	-0.1538
0.8814	-0.04148	-0.189
0.866	-0.04962	-0.1268
0.8573	-0.09732	-0.0646
0.8585	-0.1529	0.03366
0.7882	-0.1661	0.01256
0.7871	-0.1139	-0.1281
0.8485	-0.1033	-0.1824
0.8803	-0.1085	-0.235
0.8009	-0.1547	-0.1582
0.6581	-0.2002	0.02017
0.6917	-0.1597	0.02268
0.8209	-0.08869	-0.04204
0.9108	-0.01306	-0.1369
0.9308	-0.009457	-0.179
0.8919	-0.1438	-0.09226
1.008	-0.382	-0.009203
1.251	-0.5614	0.1139
1.494	-0.5028	0.1516
1.621	-0.3745	0.06297
1.547	-0.3499	0.06083
1.577	-0.3388	0.1333
1.661	-0.2994	0.1895
1.527	-0.2212	0.1232
1.314	-0.1784	0.04362
1.048	-0.2112	0.1082
0.8132	-0.174	0.1284
0.7778	-0.1255	0.08877
0.7889	-0.1354	0.0962
0.7758	-0.144	0.08569
0.7768	-0.1974	0.08188
0.7535	-0.2348	0.1167
0.7402	-0.2486	0.1452
0.7879	-0.2182	0.1461
0.8558	-0.1053	0.142
0.8569	-0.1127	0.1505
0.822	-0.1541	0.1357
0.8041	-0.1232	0.0936
0.7651	-0.1457	0.0222
0.7526	-0.1283	-0.05616
0.7968	-0.1091	-0.05877
0.8351	-0.1572	-0.0251
0.8676	-0.193	0.009338
0.9072	-0.2221	0.06086
0.9312	-0.2029	0.04203
0.9269	-0.1654	0.00683
0.9331	-0.1064	0.05028
0.9587	-0.01022	0.07718
0.9617	-0.07448	0.05354
1.024	-0.3063	-0.06744
1.174	-0.499	-0.2928
1.254	-0.5074	-0.372
1.247	-0.3602	-0.2615
1.27	-0.1912	-0.1222
1.294	-0.02832	0.01233
1.359	-0.05606	-0.04953
1.676	-0.2458	-0.3477
1.922	-0.253	-0.4544
1.517	-0.1989	-0.1275
1.005	-0.1101	0.223
1.067	0.02276	0.08592
1.093	-0.0885	-0.1558
0.8051	-0.1951	-0.1085
0.7318	-0.1845	-0.1293
0.8247	-0.1525	-0.1538
0.8814	-0.04148	-0.189
0.866	-0.04962	-0.1268
0.8573	-0.09732	-0.0646
0.8585	-0.1529	0.03366
0.7882	-0.1661	0.01256
0.7871	-0.1139	-0.1281
0.8485	-0.1033	-0.1824
0.8803	-0.1085	-0.235
0.8009	-0.1547	-0.1582
0.6581	-0.2002	0.02017
0.6917	-0.1597	0.02268
0.8209	-0.08869	-0.04204
0.9108	-0.01306	-0.1369
0.9308	-0.009457	-0.179
0.8919	-0.1438	-0.09226
1.008	-0.382	-0.009203
1.251	-0.5614	0.1139
1.494	-0.5028	0.1516
1.621	-0.3745	0.06297
1.547	-0.3499	0.06083
1.577	-0.3388	0.1333
1.661	-0.2994	0.1895
1.527	-0.2212	0.1232
1.314	-0.1784	0.04362
1.048	-0.2112	0.1082
0.8132	-0.174	0.1284
0.7778	-0.1255	0.08877
0.7889	-0.1354	0.0962
0.7758	-0.144	0.08569
0.7768	-0.1974	0.08188
0.7535	-0.2348	0.1167
0.7402	-0.2486	0.1452
0.7879	-0.2182	0.1461
0.8558	-0.1053	0.142
0.8569	-0.1127	0.1505
0.822	-0.1541	0.1357
0.8041	-0.1232	0.0936
0.7651	-0.1457	0.0222
0.7526	-0.1283	-0.05616
0.7968	-0.1091	-0.05877
0.8351	-0.1572	-0.0251
0.8676	-0.193	0.009338
0.9072	-0.2221	0.06086
0.9312	-0.2029	0.04203
0.9269	-0.1654	0.00683
0.9331	-0.1064	0.05028
0.9587	-0.01022	0.07718
0.9617	-0.07448	0.05354
1.024	-0.3063	-0.06744
1.174	-0.499	-0.2928
1.254	-0.5074	-0.372
1.247	-0.3602	-0.2615
1.27	-0.1912	-0.1222
1.294	-0.02832	0.01233
1.359	-0.05606	-0.04953
1.676	-0.2458	-0.3477
1.922	-0.253	-0.4544
1.517	-0.1989	-0.1275
1.005	-0.1101	0.223
1.067	0.02276	0.08592
1.093	-0.0885	-0.1558
0.8051	-0.1951	-0.1085
0.7318	-0.1845	-0.1293
0.7604	-0.2232	-0.1178
0.739	-0.2029	-0.07661
0.8261	-0.21	-0.1919
0.8857	-0.2193	-0.1434
0.8853	-0.1693	-0.1183
0.8323	-0.1216	-0.1379
0.7636	-0.02617	-0.05949
0.7885	0.004751	-0.1029
0.7925	-0.03369	-0.06386
0.788	-0.08113	-0.04535
0.8118	-0.1783	-0.0947
0.8384	-0.2272	-0.03658
0.9128	-0.2025	-0.07336
0.9356	-0.1451	-0.0598
0.9087	-0.07177	-0.01443
0.9047	-0.0464	-0.04322
0.8994	-0.07353	-0.05217
0.9208	-0.1604	-0.1167
1.023	-0.4182	-0.06511
1.223	-0.7131	0.017
1.398	-0.6838	-0.003934
1.439	-0.434	0.05201
1.426	-0.2371	0.07155
1.435	-0.1206	0.06689
1.478	-0.1817	0.155
1.534	-0.2968	0.2048
1.54	-0.3114	0.1118
1.421	-0.3002	-0.01264
1.123	-0.2026	0.008446
0.716	-0.1191	0.03377
0.4809	-0.1116	0.01641
0.5321	-0.09267	0.1025
0.6	-0.1607	0.1522
0.5976	-0.2181	0.1258
0.5828	-0.2134	0.09895
0.5067	-0.2021	0.05674
0.4971	-0.1529	0.06771
0.628	-0.1747	0.06609
0.8142	-0.1868	-0.03684
0.965	-0.163	-0.1445
0.962	-0.1843	-0.1505
0.8504	-0.1425	-0.01623
0.7774	-0.1246	0.1476
0.852	-0.1737	0.1952
1.01	-0.2262	0.1303
1.111	-0.3046	0.02122
1.28	-0.3592	-0.1765
1.508	-0.3635	-0.4018
1.614	-0.2818	-0.3029
1.58	-0.1157	0.008934
1.485	0.05127	0.1161
1.486	0.0641	0.1032
1.519	-0.08514	0.05453
1.498	-0.1311	0.02024
1.4	-0.09697	0.0408
1.054	-0.1002	-0.01664
0.7716	-0.09705	-0.01751
0.8296	-0.163	-0.04686
0.8456	-0.2672	-0.1914
0.7691	-0.3298	-0.197
0.8163	-0.3165	-0.1639
0.8362	-0.277	-0.1356
0.8124	-0.2416	-0.08184
0.8705	-0.09321	-0.1127
0.7604	-0.2232	-0.1178
0.739	-0.2029	-0.07661
0.8261	-0.21	-0.1919
0.8857	-0.2193	-0.1434
0.8853	-0.1693	-0.1183
0.8323	-0.1216	-0.1379
0.7636	-0.02617	-0.05949
0.7885	0.004751	-0.1029
0.7925	-0.03369	-0.06386
0.788	-0.08113	-0.04535
0.8118	-0.1783	-0.0947
0.8384	-0.2272	-0.03658
0.9128	-0.2025	-0.07336
0.9356	-0.1451	-0.0598
0.9087	-0.07177	-0.01443
0.9047	-0.0464	-0.04322
0.8994	-0.07353	-0.05217
0.9208	-0.1604	-0.1167
1.023	-0.4182	-0.06511
1.223	-0.7131	0.017
1.398	-0.6838	-0.003934
1.439	-0.434	0.05201
1.426	-0.2371	0.07155
1.435	-0.1206	0.06689
1.478	-0.1817	0.155
1.534	-0.2968	0.2048
1.54	-0.3114	0.1118
1.421	-0.3002	-0.01264
1.123	-0.2026	0.008446
0.716	-0.1191	0.03377
0.4809	-0.1116	0.01641
0.5321	-0.09267	0.1025
0.6	-0.1607	0.1522
0.5976	-0.2181	0.1258
0.5828	-0.2134	0.09895
0.5067	-0.2021	0.05674
0.4971	-0.1529	0.06771
0.628	-0.1747	0.06609
0.8142	-0.1868	-0.03684
0.965	-0.163	-0.1445
0.962	-0.1843	-0.1505
0.8504	-0.1425	-0.01623
0.7774	-0.1246	0.1476
0.852	-0.1737	0.1952
1.01	-0.2262	0.1303
1.111	-0.3046	0.02122
1.28	-0.3592	-0.1765
1.508	-0.3635	-0.4018
1.614	-0.2818	-0.3029
1.58	-0.1157	0.008934
1.485	0.05127	0.1161
1.486	0.0641	0.1032
1.519	-0.08514	0.05453
1.498	-0.1311	0.02024
1.4	-0.09697	0.0408
1.054	-0.1002	-0.01664
0.7716	-0.09705	-0.01751
0.8296	-0.163	-0.04686
0.8456	-0.2672	-0.1914
0.7691	-0.3298	-0.197
0.8163	-0.3165	-0.1639
0.8362	-0.277	-0.1356
0.8124	-0.2416	-0.08184
0.8705	-0.09321	-0.1127
0.8495	0.005744	-0.1246
0.8048	0.01219	-0.0923
0.8388	0.06088	-0.05744
0.7881	-0.002035	-0.04244
0.7625	-0.1083	-0.06837
0.7782	-0.1549	-0.07803
0.7723	-0.2001	-0.0645
0.8235	-0.1851	-0.03629
0.8301	-0.1467	-0.02185
0.8357	-0.08356	-0.01784
0.8582	-0.05602	-0.02776
0.8948	-0.2247	-0.04991
1.086	-0.4663	-0.0009114
1.338	-0.5917	0.05337
1.517	-0.5558	0.05492
1.529	-0.3822	0.08672
1.469	-0.2131	0.187
1.519	-0.2134	0.2515
1.544	-0.2454	0.1104
1.508	-0.1682	-0.03951
1.357	-0.1809	0.05762
1.021	-0.2247	0.1675
0.81	-0.2066	0.1571
0.7908	-0.2422	0.1381
0.7908	-0.1887	0.08193
0.8064	-0.1228	0.06327
0.786	-0.1504	0.1019
0.741	-0.1381	0.09337
0.714	-0.1473	0.1242
0.6935	-0.1324	0.1433
0.7136	-0.1017	0.0759
0.7345	-0.135	0.04974
0.8007	-0.1689	0.04412
0.9619	-0.2322	-0.009108
1.064	-0.2377	-0.08591
1.017	-0.1677	-0.08592
0.8644	-0.1113	-0.01826
0.7179	-0.03426	-0.007994
0.6434	0.01504	0.04316
0.635	0.01148	0.1342
0.7551	-0.09902	0.1353
1.026	-0.3233	0.01253
1.348	-0.4843	-0.223
1.529	-0.5327	-0.3121
1.455	-0.4222	-0.1533
1.252	-0.1703	0.09489
1.189	-0.05165	0.2366
1.472	-0.1255	-0.05447
1.75	-0.2019	-0.3795
1.46	-0.215	-0.127
1.001	-0.1675	0.09982
0.9594	-0.1082	-0.06976
1.001	-0.153	-0.1512
0.9069	-0.2532	-0.208
0.818	-0.2883	-0.2244
0.7819	-0.2854	-0.09142
0.8661	-0.235	-0.1531
0.8886	-0.1603	-0.1788
0.8541	-0.1252	-0.08798
0.8891	-0.06409	-0.1396
0.8655	-0.04493	-0.102
0.8707	-0.06837	-0.05437
0.8729	-0.01728	-0.04368
0.8419	-0.02243	0.003322
0.6994	-0.07775	0.025
0.6295	-0.05899	-0.00192
0.581	-0.01236	-0.04088
0.5788	-0.009233	-0.03612
0.6214	-0.04609	-0.02241
0.7032	-0.1283	0.0009715
0.7686	-0.2726	0.01128
0.9338	-0.5304	-0.133
1.247	-0.8532	-0.4507
1.463	-0.8708	-0.663
1.623	-0.6437	-0.6378
1.784	-0.5813	-0.5476
1.376	-0.4372	-0.1767
0.8144	-0.1931	0.3228
1.275	-0.2465	0.06648
1.866	-0.2894	-0.4595
1.67	-0.1839	-0.3489
1.34	-0.2044	-0.1088
0.8964	-0.1967	0.05245
0.7194	-0.1678	0.03297
0.9691	-0.211	-0.2043
0.8245	-0.1621	-0.07056
0.7402	-0.1144	-0.04497
0.8267	-0.1383	-0.207
0.6892	-0.132	-0.1105
0.7563	-0.1427	-0.2003
0.7692	-0.1784	-0.1905
0.6913	-0.2175	-0.08067
0.7076	-0.2419	-0.1328
0.5636	-0.1814	-0.03545
0.5187	-0.1065	-0.06789
0.5545	-0.09021	-0.06313
0.6094	-0.1083	0.03078
0.8343	-0.1391	-0.1056
1.009	-0.1439	-0.1761
1.055	-0.1271	-0.2165
0.9645	-0.1297	-0.1873
0.9222	-0.2513	-0.008314
1.143	-0.4946	0.1552
1.463	-0.6083	0.2699
1.723	-0.5249	0.1893
1.807	-0.4787	0.1379
1.763	-0.4783	0.1657
1.675	-0.3135	0.1066
1.479	-0.1213	0.1549
1.241	-0.1534	0.1806
1.024	-0.2458	0.1626
0.8959	-0.2661	0.1562
0.8397	-0.2918	0.05213
0.7309	-0.2716	0.05281
0.6688	-0.1988	0.09815
0.6613	-0.1142	0.1046
0.6018	-0.02274	0.1726
0.5556	-0.01588	0.1722
0.4993	-0.07858	0.1655
0.4511	-0.1098	0.1898
0.5309	-0.1181	0.1172
0.6504	-0.1234	0.006722
0.7374	-0.1293	-0.0501
0.8052	-0.1216	-0.02931
0.846	-0.1032	-0.02135
0.8626	-0.09936	-0.03175
0.8411	-0.1397	0.04592
0.8995	-0.3277	0.1081
1.03	-0.541	0.05243
1.251	-0.5683	-0.1355
1.743	-0.5838	-0.4604
1.976	-0.601	-0.6068
1.61	-0.3669	-0.2714
1.39	-0.06267	0.1128
1.533	0.01684	0.0805
1.526	-0.1026	-0.03985
1.362	-0.2856	-0.02378
1.213	-0.3828	-0.02765
1.045	-0.3692	-0.02651
0.9811	-0.2845	-0.08549
0.9413	-0.1725	-0.1911
0.7891	-0.1264	-0.1843
0.7808	-0.1268	-0.161
0.8232	-0.1556	-0.1456
0.7751	-0.1886	-0.08614
0.7986	-0.1935	-0.05842
0.7595	-0.1892	-0.06949
0.6976	-0.1436	-0.08672
0.7322	-0.1117	-0.1072
0.779	-0.08723	-0.1282
0.8388	-0.07675	-0.1243
0.7834	-0.149	-0.09046
0.6725	-0.1987	-0.03572
0.6754	-0.2404	0.01919
0.7547	-0.2767	-0.007925
0.9347	-0.2566	-0.1043
1.045	-0.2438	-0.1996
0.9216	-0.2115	-0.2374
0.8131	-0.2368	-0.1436
0.9103	-0.4382	0.05546
1.12	-0.7383	0.2725
1.342	-0.8188	0.3294
1.536	-0.4803	0.2432
1.662	-0.2003	0.2864
1.617	-0.271	0.3098
1.445	-0.2817	0.1814
1.429	-0.1895	0.1405
1.347	-0.2708	0.1887
1.007	-0.3365	0.2321
0.84	-0.265	0.1914
0.713	-0.2265	0.1089
0.5925	-0.1449	0.1189
0.7184	-0.06921	0.1172
0.743	-0.1053	0.1303
0.7237	-0.09468	0.1679
0.7189	-0.09345	0.155
0.6064	-0.1244	0.1709
0.638	-0.1288	0.1312
0.7456	-0.1752	0.04643
0.878	-0.1908	-0.01537
0.9715	-0.2193	-0.07153
0.9133	-0.3035	-0.03721
0.8963	-0.3079	-0.009439
0.8166	-0.2158	-0.02272
0.6898	-0.1154	0.02024
0.7697	-0.1262	0.04998
0.8902	-0.1984	0.05445
0.9278	-0.2727	0.06662
1.022	-0.4521	0.07208
1.192	-0.6097	-0.002532
1.438	-0.6358	-0.2953
1.703	-0.641	-0.5845
1.03	-0.541	0.05243
1.251	-0.5683	-0.1355
1.743	-0.5838	-0.4604
1.976	-0.601	-0.6068
1.61	-0.3669	-0.2714
1.39	-0.06267	0.1128
1.533	0.01684	0.0805
1.526	-0.1026	-0.03985
1.362	-0.2856	-0.02378
1.213	-0.3828	-0.02765
1.045	-0.3692	-0.02651
0.9811	-0.2845	-0.08549
0.9413	-0.1725	-0.1911
0.7891	-0.1264	-0.1843
0.7808	-0.1268	-0.161
0.8232	-0.1556	-0.1456
0.7751	-0.1886	-0.08614
0.7986	-0.1935	-0.05842
0.7595	-0.1892	-0.06949
0.6976	-0.1436	-0.08672
0.7322	-0.1117	-0.1072
0.779	-0.08723	-0.1282
0.8388	-0.07675	-0.1243
0.7834	-0.149	-0.09046
0.6725	-0.1987	-0.03572
0.6754	-0.2404	0.01919
0.7547	-0.2767	-0.007925
0.9347	-0.2566	-0.1043
1.045	-0.2438	-0.1996
0.9216	-0.2115	-0.2374
0.8131	-0.2368	-0.1436
0.9103	-0.4382	0.05546
1.12	-0.7383	0.2725
1.342	-0.8188	0.3294
1.536	-0.4803	0.2432
1.662	-0.2003	0.2864
1.617	-0.271	0.3098
1.445	-0.2817	0.1814
1.429	-0.1895	0.1405
1.347	-0.2708	0.1887
1.007	-0.3365	0.2321
0.84	-0.265	0.1914
0.713	-0.2265	0.1089
0.5925	-0.1449	0.1189
0.7184	-0.06921	0.1172
0.743	-0.1053	0.1303
0.7237	-0.09468	0.1679
0.7189	-0.09345	0.155
0.6064	-0.1244	0.1709
0.638	-0.1288	0.1312
0.7456	-0.1752	0.04643
0.878	-0.1908	-0.01537
0.9715	-0.2193	-0.07153
0.9133	-0.3035	-0.03721
0.8963	-0.3079	-0.009439
0.8166	-0.2158	-0.02272
0.6898	-0.1154	0.02024
0.7697	-0.1262	0.04998
0.8902	-0.1984	0.05445
0.9278	-0.2727	0.06662
1.022	-0.4521	0.07208
1.192	-0.6097	-0.002532
1.438	-0.6358	-0.2953
1.703	-0.641	-0.5845
1.653	-0.5006	-0.4112
1.423	-0.2009	-0.04787
1.434	-0.1044	0.0267
1.456	-0.1535	0.03024
1.427	-0.1626	-0.0757
1.417	-0.2644	-0.2663
1.157	-0.2496	-0.1132
0.8134	-0.1638	-0.008373
0.6563	-0.2514	-0.1563
0.7229	-0.238	-0.186
0.828	-0.2131	-0.206
0.7959	-0.2417	-0.2096
0.8468	-0.1501	-0.1422
0.8548	-0.1278	-0.1065
0.7809	-0.09628	-0.07996
0.8173	-0.04966	-0.1127
0.7782	-0.1104	-0.1544
0.7671	-0.1319	-0.1753
0.7208	-0.1542	-0.1452
0.5243	-0.171	-0.01087
0.4764	-0.1877	0.07574
0.5604	-0.2556	0.07427
0.7934	-0.2697	-0.03806
1.065	-0.2671	-0.2171
1.034	-0.2472	-0.2568
0.8162	-0.1927	-0.2302
0.7189	-0.2206	-0.1952
0.9219	-0.42	-0.01128
1.321	-0.6938	0.188
1.713	-0.7004	0.1481
1.896	-0.4261	0.06774
1.724	-0.2388	0.1551
1.541	-0.2295	0.1467
1.536	-0.2131	0.09132
1.397	-0.1114	0.142
1.122	-0.07632	0.1386
0.9123	-0.1502	0.1712
0.7418	-0.193	0.1786
0.6384	-0.2013	0.1118
0.644	-0.1832	0.1379
0.6809	-0.1537	0.1063
0.695	-0.1593	0.0731
0.6338	-0.152	0.1257
0.5373	-0.1568	0.1323
0.5089	-0.1717	0.1169
0.59	-0.1613	0.01096
0.7843	-0.1907	-0.0986
0.9332	-0.2695	-0.06538
0.8766	-0.3352	-0.02832
0.7695	-0.2974	-0.01172
0.7769	-0.25	0.05573
0.7873	-0.3514	0.091
0.8754	-0.4854	-0.02347
1.23	-0.6044	-0.2542
1.612	-0.6788	-0.44
1.724	-0.5474	-0.3446
1.621	-0.3148	-0.02753
1.493	-0.1268	0.1413
1.312	0.02058	0.1557
1.211	0.08869	0.1049
1.448	0.0898	-0.0775
1.598	0.02631	-0.3263
1.361	-0.05028	-0.3839
0.9375	-0.01442	-0.1111
1.653	-0.5006	-0.4112
1.423	-0.2009	-0.04787
1.434	-0.1044	0.0267
1.456	-0.1535	0.03024
1.427	-0.1626	-0.0757
1.417	-0.2644	-0.2663
1.157	-0.2496	-0.1132
0.8134	-0.1638	-0.008373
0.6563	-0.2514	-0.1563
0.7229	-0.238	-0.186
0.828	-0.2131	-0.206
0.7959	-0.2417	-0.2096
0.8468	-0.1501	-0.1422
0.8548	-0.1278	-0.1065
0.7809	-0.09628	-0.07996
0.8173	-0.04966	-0.1127
0.7782	-0.1104	-0.1544
0.7671	-0.1319	-0.1753
0.7208	-0.1542	-0.1452
0.5243	-0.171	-0.01087
0.4764	-0.1877	0.07574
0.5604	-0.2556	0.07427
0.7934	-0.2697	-0.03806
1.065	-0.2671	-0.2171
1.034	-0.2472	-0.2568
0.8162	-0.1927	-0.2302
0.7189	-0.2206	-0.1952
0.9219	-0.42	-0.01128
1.321	-0.6938	0.188
1.713	-0.7004	0.1481
1.896	-0.4261	0.06774
1.724	-0.2388	0.1551
1.541	-0.2295	0.1467
1.536	-0.2131	0.09132
1.397	-0.1114	0.142
1.122	-0.07632	0.1386
0.9123	-0.1502	0.1712
0.7418	-0.193	0.1786
0.6384	-0.2013	0.1118
0.644	-0.1832	0.1379
0.6809	-0.1537	0.1063
0.695	-0.1593	0.0731
0.6338	-0.152	0.1257
0.5373	-0.1568	0.1323
0.5089	-0.1717	0.1169
0.59	-0.1613	0.01096
0.7843	-0.1907	-0.0986
0.9332	-0.2695	-0.06538
0.8766	-0.3352	-0.02832
0.7695	-0.2974	-0.01172
0.7769	-0.25	0.05573
0.7873	-0.3514	0.091
0.8754	-0.4854	-0.02347
1.23	-0.6044	-0.2542
1.612	-0.6788	-0.44
1.724	-0.5474	-0.3446
1.621	-0.3148	-0.02753
1.493	-0.1268	0.1413
1.312	0.02058	0.1557
1.211	0.08869	0.1049
1.448	0.0898	-0.0775
1.598	0.02631	-0.3263
1.361	-0.05028	-0.3839
0.9375	-0.01442	-0.1111
0.5194	0.0066	0.03404
0.5356	-0.1025	-0.08159
0.7491	-0.2077	-0.1532
0.6884	-0.2427	-0.2271
0.6986	-0.2041	-0.2103
0.7417	-0.1169	-0.1473
0.6946	-0.01976	-0.1512
0.8081	0.05936	-0.1097
0.8941	0.02522	-0.1264
0.8899	-0.04025	-0.1439
0.9061	-0.05837	-0.125
0.8776	-0.1247	-0.1789
0.8381	-0.2232	-0.2641
0.7703	-0.4331	-0.3254
0.8025	-0.7735	-0.2074
1.104	-1.077	-0.001104
1.545	-1.265	0.04141
1.805	-1.154	0.004051
1.732	-0.7218	-0.03548
1.73	-0.2318	-0.08646
1.772	-0.01184	-0.09471
1.539	-0.1493	-0.1188
1.406	-0.2056	-0.1758
1.28	-0.1905	-0.1372
0.9784	-0.3005	-0.06068
0.7887	-0.2459	-0.0484
0.5832	-0.2152	-0.02069
0.5138	-0.2614	0.02159
0.7139	-0.2336	0.06641
0.907	-0.3526	0.09921
1.049	-0.407	0.06898
0.975	-0.3524	0.07994
0.7977	-0.3227	0.1272
0.758	-0.2058	0.1287
0.7501	-0.1803	0.1008
0.8082	-0.2217	0.04589
0.8222	-0.2324	0.05359
0.8117	-0.2966	0.07673
0.9769	-0.4032	0.007173
1.202	-0.5639	-0.1075
1.42	-0.6403	-0.2853
1.416	-0.5428	-0.3023
1.039	-0.3067	0.04131
0.7262	-0.001909	0.3105
0.8982	0.1078	0.141
1.245	-0.09176	-0.1442
1.271	-0.3609	-0.1954
1.173	-0.4405	-0.1539
0.9704	-0.3519	-0.08589
0.6873	-0.2383	-0.006837
0.7921	-0.1788	-0.09175
0.9133	-0.1369	-0.1601
0.8434	-0.07222	-0.1244
0.8919	-0.08926	-0.1266
0.8411	-0.12	-0.1038
0.7805	-0.1153	-0.08057
0.8045	-0.1401	-0.09129
0.7587	-0.1344	-0.1143
0.7674	-0.1552	-0.1322
0.7654	-0.1744	-0.109
0.6766	-0.1641	-0.06833
0.6111	-0.1793	-0.008074
0.6188	-0.1295	0.0266
0.6506	-0.08754	0.04583
0.5194	0.0066	0.03404
0.5356	-0.1025	-0.08159
0.7491	-0.2077	-0.1532
0.6884	-0.2427	-0.2271
0.6986	-0.2041	-0.2103
0.7417	-0.1169	-0.1473
0.6946	-0.01976	-0.1512
0.8081	0.05936	-0.1097
0.8941	0.02522	-0.1264
0.8899	-0.04025	-0.1439
0.9061	-0.05837	-0.125
0.8776	-0.1247	-0.1789
0.8381	-0.2232	-0.2641
0.7703	-0.4331	-0.3254
0.8025	-0.7735	-0.2074
1.104	-1.077	-0.001104
1.545	-1.265	0.04141
1.805	-1.154	0.004051
1.732	-0.7218	-0.03548
1.73	-0.2318	-0.08646
1.772	-0.01184	-0.09471
1.539	-0.1493	-0.1188
1.406	-0.2056	-0.1758
1.28	-0.1905	-0.1372
0.9784	-0.3005	-0.06068
0.7887	-0.2459	-0.0484
0.5832	-0.2152	-0.02069
0.5138	-0.2614	0.02159
0.7139	-0.2336	0.06641
0.907	-0.3526	0.09921
1.049	-0.407	0.06898
0.975	-0.3524	0.07994
0.7977	-0.3227	0.1272
0.758	-0.2058	0.1287
0.7501	-0.1803	0.1008
0.8082	-0.2217	0.04589
0.8222	-0.2324	0.05359
0.8117	-0.2966	0.07673
0.9769	-0.4032	0.007173
1.202	-0.5639	-0.1075
1.42	-0.6403	-0.2853
1.416	-0.5428	-0.3023
1.039	-0.3067	0.04131
0.7262	-0.001909	0.3105
0.8982	0.1078	0.141
1.245	-0.09176	-0.1442
1.271	-0.3609	-0.1954
1.173	-0.4405	-0.1539
0.9704	-0.3519	-0.08589
0.6873	-0.2383	-0.006837
0.7921	-0.1788	-0.09175
0.9133	-0.1369	-0.1601
0.8434	-0.07222	-0.1244
0.8919	-0.08926	-0.1266
0.8411	-0.12	-0.1038
0.7805	-0.1153	-0.08057
0.8045	-0.1401	-0.09129
0.7587	-0.1344	-0.1143
0.7674	-0.1552	-0.1322
0.7654	-0.1744	-0.109
0.6766	-0.1641	-0.06833
0.6111	-0.1793	-0.008074
0.6188	-0.1295	0.0266
0.6506	-0.08754	0.04583
0.6896	-0.09682	0.02682
0.877	-0.1581	-0.1132
1.107	-0.376	-0.193
1.184	-0.6038	-0.09836
1.28	-0.6282	0.07806
1.497	-0.4928	0.2024
1.682	-0.4064	0.1714
1.752	-0.3762	0.1217
1.703	-0.3311	0.1164
1.541	-0.3521	0.09258
1.343	-0.3485	0.1587
1.182	-0.2879	0.2357
1.052	-0.2379	0.1378
0.9281	-0.174	0.04592
0.7765	-0.1576	0.07837
0.645	-0.1443	0.09265
0.6072	-0.1295	0.1036
0.6361	-0.1731	0.1462
0.6357	-0.1771	0.1614
0.585	-0.1617	0.1603
0.5903	-0.1715	0.1537
0.6554	-0.2019	0.1309
0.7795	-0.2462	0.0544
0.9395	-0.2091	-0.0818
0.95	-0.1453	-0.1444
0.843	-0.1341	-0.05659
0.7631	-0.1279	0.03752
0.7771	-0.1417	0.03785
0.8842	-0.1723	0.03633
0.9857	-0.2489	0.06427
1.08	-0.4401	0.06546
1.131	-0.6106	-0.01859
1.203	-0.6128	-0.2076
1.397	-0.5288	-0.3402
1.469	-0.405	-0.2977
1.355	-0.2219	-0.1614
1.361	-0.1422	-0.0766
1.672	-0.173	-0.1859
1.901	-0.1624	-0.2824
1.531	-0.2046	-0.06479
1.094	-0.253	0.1063
1.12	-0.2198	-0.1025
1.013	-0.2391	-0.2897
0.7999	-0.2368	-0.237
0.8919	-0.1921	-0.1816
0.8511	-0.1823	-0.1515
0.7876	-0.1564	-0.1102
0.8095	-0.1552	-0.1083
0.617	-0.1418	-0.1007
0.6287	-0.1149	-0.09779
0.7232	-0.1434	-0.12
0.6568	-0.1542	-0.1209
0.6744	-0.1725	-0.09654
0.5653	-0.207	-0.06201
0.4989	-0.1964	-0.06424
0.604	-0.1967	-0.08514
0.7352	-0.2395	-0.08225
0.9362	-0.2687	-0.1334
0.928	-0.2369	-0.2553
0.8802	-0.2322	-0.3406
0.9815	-0.3873	-0.1912
1.057	-0.6237	0.1337
1.402	-0.678	0.2203
1.859	-0.4687	0.08583
0.6896	-0.09682	0.02682
0.877	-0.1581	-0.1132
1.107	-0.376	-0.193
1.184	-0.6038	-0.09836
1.28	-0.6282	0.07806
1.497	-0.4928	0.2024
1.682	-0.4064	0.1714
1.752	-0.3762	0.1217
1.703	-0.3311	0.1164
1.541	-0.3521	0.09258
1.343	-0.3485	0.1587
1.182	-0.2879	0.2357
1.052	-0.2379	0.1378
0.9281	-0.174	0.04592
0.7765	-0.1576	0.07837
0.645	-0.1443	0.09265
0.6072	-0.1295	0.1036
0.6361	-0.1731	0.1462
0.6357	-0.1771	0.1614
0.585	-0.1617	0.1603
0.5903	-0.1715	0.1537
0.6554	-0.2019	0.1309
0.7795	-0.2462	0.0544
0.9395	-0.2091	-0.0818
0.95	-0.1453	-0.1444
0.843	-0.1341	-0.05659
0.7631	-0.1279	0.03752
0.7771	-0.1417	0.03785
0.8842	-0.1723	0.03633
0.9857	-0.2489	0.06427
1.08	-0.4401	0.06546
1.131	-0.6106	-0.01859
1.203	-0.6128	-0.2076
1.397	-0.5288	-0.3402
1.469	-0.405	-0.2977
1.355	-0.2219	-0.1614
1.361	-0.1422	-0.0766
1.672	-0.173	-0.1859
1.901	-0.1624	-0.2824
1.531	-0.2046	-0.06479
1.094	-0.253	0.1063
1.12	-0.2198	-0.1025
1.013	-0.2391	-0.2897
0.7999	-0.2368	-0.237
0.8919	-0.1921	-0.1816
0.8511	-0.1823	-0.1515
0.7876	-0.1564	-0.1102
0.8095	-0.1552	-0.1083
0.617	-0.1418	-0.1007
0.6287	-0.1149	-0.09779
0.7232	-0.1434	-0.12
0.6568	-0.1542	-0.1209
0.6744	-0.1725	-0.09654
0.5653	-0.207	-0.06201
0.4989	-0.1964	-0.06424
0.604	-0.1967	-0.08514
0.7352	-0.2395	-0.08225
0.9362	-0.2687	-0.1334
0.928	-0.2369	-0.2553
0.8802	-0.2322	-0.3406
0.9815	-0.3873	-0.1912
1.057	-0.6237	0.1337
1.402	-0.678	0.2203
1.859	-0.4687	0.08583
1.932	-0.3076	0.04482
1.765	-0.3654	0.1089
1.599	-0.3629	0.1739
1.461	-0.2121	0.1663
1.29	-0.146	0.1362
1.027	-0.1948	0.1251
0.7613	-0.2369	0.1201
0.6375	-0.2227	0.1434
0.593	-0.174	0.1246
0.5615	-0.136	0.09209
0.6248	-0.11	0.08598
0.6498	-0.1253	0.09195
0.5946	-0.1642	0.1337
0.5851	-0.1884	0.1212
0.5397	-0.2045	0.09793
0.5673	-0.1427	0.06924
0.7302	-0.0877	-0.07769
0.8636	-0.1352	-0.1692
0.9178	-0.1891	-0.09553
0.8351	-0.2432	0.01818
0.7926	-0.2766	0.08116
0.854	-0.2908	0.0944
0.9006	-0.3684	0.07036
1.129	-0.4766	-0.06055
1.442	-0.5594	-0.2954
1.608	-0.5381	-0.4232
1.656	-0.3734	-0.2717
1.616	-0.1723	-0.1042
1.603	-0.1001	-0.1344
1.592	-0.2061	-0.1381
1.439	-0.2691	-0.1131
1.198	-0.2026	-0.1312
1.035	-0.1961	-0.1377
0.9698	-0.2262	-0.1934
0.866	-0.2185	-0.2224
0.7859	-0.2267	-0.2231
0.7627	-0.2112	-0.2304
0.707	-0.1916	-0.1579
0.7092	-0.2097	-0.08883
0.7641	-0.2123	-0.08408
0.8291	-0.185	-0.1376
0.9141	-0.117	-0.2231
0.9033	-0.04623	-0.2491
0.8094	-0.04649	-0.189
0.7325	-0.06941	-0.08278
0.7083	-0.05563	-0.05076
0.7487	-0.0438	-0.08097
0.7628	-0.05405	-0.07199
0.7566	-0.0943	-0.06913
0.8474	-0.1721	-0.08091
1.005	-0.2026	-0.1311
1.093	-0.2222	-0.2473
1.043	-0.3649	-0.3105
1.036	-0.579	-0.2403
1.239	-0.7751	-0.1249
1.481	-0.8268	-0.09421
1.533	-0.6466	-0.1421
1.349	-0.442	-0.1406
1.215	-0.397	0.05504
1.386	-0.4088	0.2561
1.577	-0.2757	0.1096
1.578	-0.04656	-0.1443
1.417	0.03233	-0.2427
0.9874	0.01128	-0.2988
1.932	-0.3076	0.04482
1.765	-0.3654	0.1089
1.599	-0.3629	0.1739
1.461	-0.2121	0.1663
1.29	-0.146	0.1362
1.027	-0.1948	0.1251
0.7613	-0.2369	0.1201
0.6375	-0.2227	0.1434
0.593	-0.174	0.1246
0.5615	-0.136	0.09209
0.6248	-0.11	0.08598
0.6498	-0.1253	0.09195
0.5946	-0.1642	0.1337
0.5851	-0.1884	0.1212
0.5397	-0.2045	0.09793
0.5673	-0.1427	0.06924
0.7302	-0.0877	-0.07769
0.8636	-0.1352	-0.1692
0.9178	-0.1891	-0.09553
0.8351	-0.2432	0.01818
0.7926	-0.2766	0.08116
0.854	-0.2908	0.0944
0.9006	-0.3684	0.07036
1.129	-0.4766	-0.06055
1.442	-0.5594	-0.2954
1.608	-0.5381	-0.4232
1.656	-0.3734	-0.2717
1.616	-0.1723	-0.1042
1.603	-0.1001	-0.1344
1.592	-0.2061	-0.1381
1.439	-0.2691	-0.1131
1.198	-0.2026	-0.1312
1.035	-0.1961	-0.1377
0.9698	-0.2262	-0.1934
0.866	-0.2185	-0.2224
0.7859	-0.2267	-0.2231
0.7627	-0.2112	-0.2304
0.707	-0.1916	-0.1579
0.7092	-0.2097	-0.08883
0.7641	-0.2123	-0.08408
0.8291	-0.185	-0.1376
0.9141	-0.117	-0.2231
0.9033	-0.04623	-0.2491
0.8094	-0.04649	-0.189
0.7325	-0.06941	-0.08278
0.7083	-0.05563	-0.05076
0.7487	-0.0438	-0.08097
0.7628	-0.05405	-0.07199
0.7566	-0.0943	-0.06913
0.8474	-0.1721	-0.08091
1.005	-0.2026	-0.1311
1.093	-0.2222	-0.2473
1.043	-0.3649	-0.3105
1.036	-0.579	-0.2403
1.239	-0.7751	-0.1249
1.481	-0.8268	-0.09421
1.533	-0.6466	-0.1421
1.349	-0.442	-0.1406
1.215	-0.397	0.05504
1.386	-0.4088	0.2561
1.577	-0.2757	0.1096
1.578	-0.04656	-0.1443
1.417	0.03233	-0.2427
0.9874	0.01128	-0.2988
0.49	-0.01692	-0.1737
0.3958	-0.1722	0.1071
0.7325	-0.3746	0.2259
1.065	-0.5006	0.1215
1.106	-0.5196	0.002188
0.8747	-0.3914	0.08075
0.6413	-0.2885	0.1497
0.7173	-0.3231	0.1027
0.8732	-0.3598	0.1105
0.9719	-0.3579	-0.0007344
1.22	-0.3589	-0.1266
1.32	-0.3261	-0.07012
1.204	-0.1758	0.01033
1.188	0.01827	0.1166
1.192	0.005179	0.1076
1.154	-0.2353	-0.03665
1.109	-0.4261	-0.09118
1.075	-0.4264	-0.0749
1.032	-0.3792	-0.01288
0.8937	-0.4024	0.01284
0.8314	-0.3794	-0.008421
0.888	-0.194	-0.04065
0.9052	0.02527	-0.1341
0.9172	0.08354	-0.1511
0.9244	0.002716	-0.121
0.9003	-0.05644	-0.1218
0.8621	-0.1335	-0.08314
0.7906	-0.2501	-0.0693
0.7329	-0.2357	-0.08067
0.721	-0.207	-0.08658
0.713	-0.2398	-0.09445
0.7086	-0.2078	-0.1039
0.6937	-0.1973	-0.1128
0.6654	-0.1678	-0.07625
0.7128	-0.1051	-0.04389
0.8164	-0.07876	-0.0449
0.9098	-0.007899	-0.06652
0.9899	-0.0103	-0.1325
1.026	-0.1803	-0.166
1.118	-0.4706	-0.08096
1.337	-0.7132	0.04663
1.516	-0.6664	0.05618
1.533	-0.4907	0.02095
1.498	-0.4087	0.08215
1.574	-0.4104	0.1734
1.7	-0.395	0.2242
1.705	-0.2574	0.1134
1.452	-0.1671	-0.05595
0.9562	-0.1545	-0.009217
0.5799	-0.1028	0.08326
0.5536	-0.1407	0.1245
0.6422	-0.1901	0.2001
0.6588	-0.1895	0.1732
0.6414	-0.2233	0.1186
0.623	-0.1941	0.1171
0.5627	-0.1578	0.101
0.4846	-0.1504	0.1297
0.4738	-0.1475	0.1298
0.5494	-0.1944	0.06312
0.7582	-0.1973	-0.02447
1.044	-0.24	-0.1552
1.137	-0.3348	-0.1921
0.9521	-0.3077	-0.06142
0.7447	-0.2458	0.1055
0.49	-0.01692	-0.1737
0.3958	-0.1722	0.1071
0.7325	-0.3746	0.2259
1.065	-0.5006	0.1215
1.106	-0.5196	0.002188
0.8747	-0.3914	0.08075
0.6413	-0.2885	0.1497
0.7173	-0.3231	0.1027
0.8732	-0.3598	0.1105
0.9719	-0.3579	-0.0007344
1.22	-0.3589	-0.1266
1.32	-0.3261	-0.07012
1.204	-0.1758	0.01033
1.188	0.01827	0.1166
1.192	0.005179	0.1076
1.154	-0.2353	-0.03665
1.109	-0.4261	-0.09118
1.075	-0.4264	-0.0749
1.032	-0.3792	-0.01288
0.8937	-0.4024	0.01284
0.8314	-0.3794	-0.008421
0.888	-0.194	-0.04065
0.9052	0.02527	-0.1341
0.9172	0.08354	-0.1511
0.9244	0.002716	-0.121
0.9003	-0.05644	-0.1218
0.8621	-0.1335	-0.08314
0.7906	-0.2501	-0.0693
0.7329	-0.2357	-0.08067
0.721	-0.207	-0.08658
0.713	-0.2398	-0.09445
0.7086	-0.2078	-0.1039
0.6937	-0.1973	-0.1128
0.6654	-0.1678	-0.07625
0.7128	-0.1051	-0.04389
0.8164	-0.07876	-0.0449
0.9098	-0.007899	-0.06652
0.9899	-0.0103	-0.1325
1.026	-0.1803	-0.166
1.118	-0.4706	-0.08096
1.337	-0.7132	0.04663
1.516	-0.6664	0.05618
1.533	-0.4907	0.02095
1.498	-0.4087	0.08215
1.574	-0.4104	0.1734
1.7	-0.395	0.2242
1.705	-0.2574	0.1134
1.452	-0.1671	-0.05595
0.9562	-0.1545	-0.009217
0.5799	-0.1028	0.08326
0.5536	-0.1407	0.1245
0.6422	-0.1901	0.2001
0.6588	-0.1895	0.1732
0.6414	-0.2233	0.1186
0.623	-0.1941	0.1171
0.5627	-0.1578	0.101
0.4846	-0.1504	0.1297
0.4738	-0.1475	0.1298
0.5494	-0.1944	0.06312
0.7582	-0.1973	-0.02447
1.044	-0.24	-0.1552
1.137	-0.3348	-0.1921
0.9521	-0.3077	-0.06142
0.7447	-0.2458	0.1055
0.7291	-0.2238	0.1403
0.8735	-0.2666	0.003634
1.042	-0.3534	-0.2024
1.168	-0.3538	-0.375
1.536	-0.3335	-0.3445
2.058	-0.3435	-0.2671
1.955	-0.2866	-0.3044
1.495	-0.1075	-0.09169
1.338	0.05815	0.2019
1.163	-0.06573	0.2224
1.079	-0.2503	0.1958
1.152	-0.1753	0.01696
1.022	-0.176	-0.2573
0.9332	-0.2357	-0.1859
0.8228	-0.09885	-0.06401
0.6358	-0.05917	-0.1458
0.6689	-0.109	-0.1098
0.743	-0.1259	-0.06781
0.782	-0.1934	-0.1138
0.8302	-0.17	-0.07475
0.8244	-0.1116	-0.1298
0.7998	-0.08133	-0.1944
0.7494	-0.05038	-0.1401
0.6549	-0.09983	-0.1226
0.5678	-0.1676	-0.05028
0.6088	-0.2453	0.0233
0.7373	-0.2407	0.02661
0.8674	-0.1393	-0.04318
0.897	-0.1587	-0.1756
0.8325	-0.2967	-0.1001
0.9796	-0.5176	0.04192
1.326	-0.5983	0.05727
1.712	-0.3783	0.05838
1.872	-0.2617	0.03992
1.658	-0.3672	0.1723
1.568	-0.42	0.3116
1.568	-0.364	0.1613
1.425	-0.2919	0.0399
1.293	-0.2413	0.09182
1.032	-0.2004	0.1068
0.7958	-0.1778	0.09312
0.6897	-0.1087	0.1097
0.6491	-0.07893	0.09727
0.7505	-0.1555	0.05145
0.7183	-0.1628	0.03442
0.6461	-0.1667	0.04086
0.6131	-0.1773	0.07617
0.4373	-0.137	0.1343
0.4269	-0.1549	0.1528
0.5665	-0.1429	0.06981
0.7875	-0.1462	-0.1069
1.061	-0.2177	-0.1817
1.01	-0.2413	-0.07435
0.8565	-0.2616	0.0867
0.8614	-0.3014	0.1455
0.9606	-0.3862	-0.0901
1.235	-0.4485	-0.4076
1.541	-0.4243	-0.3619
1.711	-0.3915	-0.08379
1.69	-0.3011	0.04591
1.677	-0.2103	-0.04563
1.805	-0.1627	-0.1863
1.626	-0.1568	-0.1549
1.222	-0.2158	-0.02645
0.7291	-0.2238	0.1403
0.8735	-0.2666	0.003634
1.042	-0.3534	-0.2024
1.168	-0.3538	-0.375
1.536	-0.3335	-0.3445
2.058	-0.3435	-0.2671
1.955	-0.2866	-0.3044
1.495	-0.1075	-0.09169
1.338	0.05815	0.2019
1.163	-0.06573	0.2224
1.079	-0.2503	0.1958
1.152	-0.1753	0.01696
1.022	-0.176	-0.2573
0.9332	-0.2357	-0.1859
0.8228	-0.09885	-0.06401
0.6358	-0.05917	-0.1458
0.6689	-0.109	-0.1098
0.743	-0.1259	-0.06781
0.782	-0.1934	-0.1138
0.8302	-0.17	-0.07475
0.8244	-0.1116	-0.1298
0.7998	-0.08133	-0.1944
0.7494	-0.05038	-0.1401
0.6549	-0.09983	-0.1226
0.5678	-0.1676	-0.05028
0.6088	-0.2453	0.0233
0.7373	-0.2407	0.02661
0.8674	-0.1393	-0.04318
0.897	-0.1587	-0.1756
0.8325	-0.2967	-0.1001
0.9796	-0.5176	0.04192
1.326	-0.5983	0.05727
1.712	-0.3783	0.05838
1.872	-0.2617	0.03992
1.658	-0.3672	0.1723
1.568	-0.42	0.3116
1.568	-0.364	0.1613
1.425	-0.2919	0.0399
1.293	-0.2413	0.09182
1.032	-0.2004	0.1068
0.7958	-0.1778	0.09312
0.6897	-0.1087	0.1097
0.6491	-0.07893	0.09727
0.7505	-0.1555	0.05145
0.7183	-0.1628	0.03442
0.6461	-0.1667	0.04086
0.6131	-0.1773	0.07617
0.4373	-0.137	0.1343
0.4269	-0.1549	0.1528
0.5665	-0.1429	0.06981
0.7875	-0.1462	-0.1069
1.061	-0.2177	-0.1817
1.01	-0.2413	-0.07435
0.8565	-0.2616	0.0867
0.8614	-0.3014	0.1455
0.9606	-0.3862	-0.0901
1.235	-0.4485	-0.4076
1.541	-0.4243	-0.3619
1.711	-0.3915	-0.08379
1.69	-0.3011	0.04591
1.677	-0.2103	-0.04563
1.805	-0.1627	-0.1863
1.626	-0.1568	-0.1549
1.222	-0.2158	-0.02645
1.038	-0.1553	0.02012
0.983	-0.09372	-0.0254
1.002	-0.1342	-0.124
0.9026	-0.09027	-0.1193
0.6677	-0.08331	-0.1031
0.6669	-0.1476	-0.1641
0.7221	-0.2122	-0.1262
0.685	-0.2607	-0.1551
0.6454	-0.2155	-0.2015
0.566	-0.1988	-0.1344
0.5571	-0.186	-0.09951
0.5509	-0.1245	0.02615
0.5238	-0.1352	0.08011
0.5859	-0.1277	-0.005459
0.709	-0.09014	-0.01337
0.9088	-0.107	-0.1237
0.9841	-0.1174	-0.3049
0.9166	-0.1473	-0.3582
1.039	-0.3559	-0.1729
1.247	-0.701	0.122
1.392	-0.7985	0.1185
1.593	-0.5483	0.0111
1.696	-0.3315	0.05803
1.564	-0.2966	0.1128
1.46	-0.2918	0.1836
1.543	-0.2668	0.1679
1.561	-0.2265	0.1009
1.383	-0.1967	0.1306
1.105	-0.2211	0.09728
0.7553	-0.2224	0.07328
0.5287	-0.1455	0.1177
0.5373	-0.0747	0.09188
0.5569	-0.06984	0.09649
0.5261	-0.08425	0.1164
0.4663	-0.07717	0.1173
0.3665	-0.107	0.1581
0.3118	-0.1559	0.1279
0.3572	-0.16	0.05198
0.5702	-0.1821	-0.02951
0.8993	-0.2389	-0.1419
1.056	-0.2919	-0.1612
0.9784	-0.3383	-0.05883
0.9957	-0.4218	0.0167
1.158	-0.5285	-0.1303
1.358	-0.4786	-0.4311
1.697	-0.3695	-0.5279
1.843	-0.3937	-0.2998
1.669	-0.37	-0.05078
1.585	-0.3001	-0.08528
1.494	-0.2606	-0.1586
1.35	-0.1691	-0.09275
1.302	-0.1598	-0.1481
1.147	-0.1966	-0.2028
0.9561	-0.1589	-0.177
0.9512	-0.1428	-0.1927
0.9926	-0.1168	-0.1409
0.9135	-0.09413	-0.1184
0.7873	-0.1187	-0.08463
0.6637	-0.1164	-0.0003538
0.5955	-0.1209	-0.06574
0.6872	-0.1501	-0.1259
0.7414	-0.1707	-0.1351
0.7353	-0.1721	-0.1589
0.8099	-0.1271	-0.1276
0.7782	-0.1208	-0.0006991
0.9851	-0.2356	-0.0166
1.149	-0.3618	-0.04144
1.105	-0.4011	-0.02342
1.008	-0.4055	0.003642
1.026	-0.4715	-0.05571
1.07	-0.5018	-0.1645
1.207	-0.479	-0.2848
1.408	-0.3971	-0.3204
1.459	-0.2396	-0.2107
1.358	-0.1872	-0.1354
1.284	-0.2423	-0.1871
1.43	-0.3235	-0.258
1.59	-0.4323	-0.2891
1.475	-0.3894	-0.2413
1.256	-0.2418	-0.1185
1.031	-0.1953	-0.06625
0.8377	-0.1763	-0.1197
0.7167	-0.1603	-0.1493
0.6886	-0.1716	-0.1311
0.8118	-0.1986	-0.102
0.8137	-0.2401	-0.07412
0.7849	-0.2172	-0.08412
0.8961	-0.1881	-0.1283
0.8464	-0.169	-0.1775
0.8071	-0.08495	-0.2013
0.81	-0.04092	-0.1457
0.7167	-0.06053	-0.04464
0.6916	-0.1143	0.02179
0.6241	-0.1996	0.05244
0.6739	-0.2434	0.01032
0.8749	-0.2779	-0.1031
0.9789	-0.3067	-0.1534
1.052	-0.2384	-0.1011
0.9857	-0.0994	-0.02208
0.9189	-0.01145	0.002347
1.004	-0.08529	-0.02206
1.095	-0.3581	-0.02638
1.287	-0.6558	-0.01865
1.425	-0.7068	0.02269
1.456	-0.6271	0.07584
1.508	-0.6247	0.07097
1.479	-0.4964	0.103
1.492	-0.2841	0.1699
1.476	-0.2277	0.1405
1.297	-0.1982	0.09171
1.101	-0.191	0.1032
0.8713	-0.2399	0.09223
0.7044	-0.2425	0.08963
0.6245	-0.2464	0.121
0.5412	-0.216	0.1268
0.5405	-0.1703	0.1613
0.5215	-0.1554	0.1821
0.4477	-0.124	0.1409
0.3793	-0.1293	0.1283
0.3626	-0.1253	0.1064
0.5637	-0.1157	0.01751
0.849	-0.1395	-0.09353
1.051	-0.1572	-0.1321
1.158	-0.2152	-0.08078
1.046	-0.2419	-0.004895
0.9173	-0.2483	0.08705
1.066	-0.3323	0.0405
1.297	-0.4024	-0.1902
1.492	-0.4006	-0.339
1.701	-0.2899	-0.2805
1.655	-0.1456	-0.09005
1.415	-0.166	0.01152
1.354	-0.3153	-0.08736
1.48	-0.496	-0.2015
1.628	-0.6217	-0.2103
1.471	-0.4933	-0.1263
1.102	-0.2056	-0.02125
0.9073	-0.04191	0.02762
0.7659	-0.05245	-0.01187
0.6674	-0.1727	-0.06647
0.6663	-0.2428	-0.04633
0.8042	-0.2523	-0.092
1.02	-0.2894	-0.2089
0.9326	-0.2195	-0.246
0.7137	-0.1049	-0.193
0.5246	-0.06692	-0.07812
0.3945	-0.07449	-0.02048
0.5067	-0.1084	-0.0174
0.5243	-0.09692	-0.01169
0.55	-0.1323	-0.03143
0.7904	-0.1807	-0.02211
0.8825	-0.1217	-0.0352
0.8768	-0.1076	-0.06748
0.8502	-0.1654	-0.09706
0.8374	-0.2954	-0.142
1.037	-0.5236	-0.04788
1.372	-0.6694	0.08426
1.657	-0.5662	0.08213
1.692	-0.3735	0.07514
1.503	-0.3421	0.1332
1.366	-0.318	0.1785
1.379	-0.2516	0.124
1.376	-0.2426	0.07418
1.229	-0.2013	0.1578
1.054	-0.2502	0.2201
0.8731	-0.3284	0.1848
0.755	-0.2785	0.162
0.7877	-0.2388	0.1449
0.7738	-0.1709	0.1084
0.7163	-0.07543	0.1089
0.6232	-0.04273	0.1262
0.4572	-0.01891	0.1337
0.4018	0.006878	0.1557
0.4324	0.01352	0.1378
0.5553	-0.06491	0.06961
0.8389	-0.2056	0.01111
1.129	-0.2723	-0.01069
1.262	-0.2848	0.02293
1.229	-0.3469	0.04342
1.217	-0.4714	-0.01515
1.239	-0.5452	-0.1659
1.219	-0.4031	-0.3244
1.242	-0.1848	-0.2659
1.303	-0.2035	-0.1517
1.426	-0.2855	-0.2054
1.601	-0.2877	-0.1923
1.683	-0.4135	-0.2133
1.578	-0.4317	-0.3125
1.235	-0.2253	-0.1161
0.8256	-0.06587	0.07564
0.6911	-0.01233	-0.02868
0.8021	-0.101	-0.1138
1.492	-0.4006	-0.339
1.701	-0.2899	-0.2805
1.655	-0.1456	-0.09005
1.415	-0.166	0.01152
1.354	-0.3153	-0.08736
1.48	-0.496	-0.2015
1.628	-0.6217	-0.2103
1.471	-0.4933	-0.1263
1.102	-0.2056	-0.02125
0.9073	-0.04191	0.02762
0.7659	-0.05245	-0.01187
0.6674	-0.1727	-0.06647
0.6663	-0.2428	-0.04633
0.8042	-0.2523	-0.092
1.02	-0.2894	-0.2089
0.9326	-0.2195	-0.246
0.7137	-0.1049	-0.193
0.5246	-0.06692	-0.07812
0.3945	-0.07449	-0.02048
0.5067	-0.1084	-0.0174
0.5243	-0.09692	-0.01169
0.55	-0.1323	-0.03143
0.7904	-0.1807	-0.02211
0.8825	-0.1217	-0.0352
0.8768	-0.1076	-0.06748
0.8502	-0.1654	-0.09706
0.8374	-0.2954	-0.142
1.037	-0.5236	-0.04788
1.372	-0.6694	0.08426
1.657	-0.5662	0.08213
1.692	-0.3735	0.07514
1.503	-0.3421	0.1332
1.366	-0.318	0.1785
1.379	-0.2516	0.124
1.376	-0.2426	0.07418
1.229	-0.2013	0.1578
1.054	-0.2502	0.2201
0.8731	-0.3284	0.1848
0.755	-0.2785	0.162
0.7877	-0.2388	0.1449
0.7738	-0.1709	0.1084
0.7163	-0.07543	0.1089
0.6232	-0.04273	0.1262
0.4572	-0.01891	0.1337
0.4018	0.006878	0.1557
0.4324	0.01352	0.1378
0.5553	-0.06491	0.06961
0.8389	-0.2056	0.01111
1.129	-0.2723	-0.01069
1.262	-0.2848	0.02293
1.229	-0.3469	0.04342
1.217	-0.4714	-0.01515
1.239	-0.5452	-0.1659
1.219	-0.4031	-0.3244
1.242	-0.1848	-0.2659
1.303	-0.2035	-0.1517
1.426	-0.2855	-0.2054
1.601	-0.2877	-0.1923
1.683	-0.4135	-0.2133
1.578	-0.4317	-0.3125
1.235	-0.2253	-0.1161
0.8256	-0.06587	0.07564
0.6911	-0.01233	-0.02868
0.8021	-0.101	-0.1138
0.7928	-0.1879	-0.1558
0.7388	-0.1771	-0.1896
0.8307	-0.1901	-0.1364
0.8522	-0.1257	-0.1132
0.8444	-0.06276	-0.1335
0.8256	-0.08788	-0.1168
0.7108	-0.08906	-0.0736
0.7227	-0.1169	-0.01519
0.7743	-0.1608	0.02319
0.7794	-0.197	0.008545
0.8273	-0.2208	-0.0153
0.8666	-0.2135	-0.05634
0.9468	-0.2014	-0.1101
0.9557	-0.1656	-0.1201
0.8993	-0.2003	-0.1072
0.9285	-0.3788	-0.06088
0.9819	-0.5972	-0.002651
1.177	-0.6718	0.01558
1.477	-0.5914	0.04438
1.587	-0.4911	0.07841
1.459	-0.2897	0.09454
1.324	-0.1394	0.1089
1.34	-0.2006	0.1132
1.329	-0.2394	0.136
1.264	-0.3044	0.1819
1.224	-0.3623	0.1867
1.076	-0.3089	0.1449
0.8991	-0.2914	0.108
0.7385	-0.1558	0.06407
0.5802	0.01127	0.03667
0.5381	-0.02913	0.07095
0.493	-0.08463	0.09149
0.401	-0.09698	0.0612
0.4215	-0.1192	0.0246
0.5266	-0.1888	-0.003412
0.7109	-0.3203	-0.03559
0.9999	-0.3618	-0.06929
1.12	-0.3425	-0.05543
0.9783	-0.3498	-0.001363
0.8662	-0.2668	0.04605
0.857	-0.1579	0.06348
0.9769	-0.2429	-0.03414
1.242	-0.3657	-0.2308
1.397	-0.341	-0.3112
1.412	-0.3334	-0.1761
1.348	-0.3459	0.02752
1.308	-0.3131	0.08984
1.593	-0.2638	-0.06038
1.863	-0.1486	-0.199
1.58	-0.04945	-0.1103
1.124	-0.002978	0.01653
0.9438	0.004449	0.02959
0.9435	-0.05767	0.009422
0.9743	-0.1152	-0.1104
0.9071	-0.1907	-0.2298
0.81	-0.1944	-0.1801
0.798	-0.08677	-0.1488
0.7341	-0.07129	-0.1759
0.7119	-0.05961	-0.1632
0.7816	-0.0496	-0.1784
0.7646	-0.09509	-0.1968
0.7777	-0.042	-0.1732
0.8366	0.0002305	-0.1527
0.8467	0.01478	-0.1386
0.7928	-0.1879	-0.1558
0.7388	-0.1771	-0.1896
0.8307	-0.1901	-0.1364
0.8522	-0.1257	-0.1132
0.8444	-0.06276	-0.1335
0.8256	-0.08788	-0.1168
0.7108	-0.08906	-0.0736
0.7227	-0.1169	-0.01519
0.7743	-0.1608	0.02319
0.7794	-0.197	0.008545
0.8273	-0.2208	-0.0153
0.8666	-0.2135	-0.05634
0.9468	-0.2014	-0.1101
0.9557	-0.1656	-0.1201
0.8993	-0.2003	-0.1072
0.9285	-0.3788	-0.06088
0.9819	-0.5972	-0.002651
1.177	-0.6718	0.01558
1.477	-0.5914	0.04438
1.587	-0.4911	0.07841
1.459	-0.2897	0.09454
1.324	-0.1394	0.1089
1.34	-0.2006	0.1132
1.329	-0.2394	0.136
1.264	-0.3044	0.1819
1.224	-0.3623	0.1867
1.076	-0.3089	0.1449
0.8991	-0.2914	0.108
0.7385	-0.1558	0.06407
0.5802	0.01127	0.03667
0.5381	-0.02913	0.07095
0.493	-0.08463	0.09149
0.401	-0.09698	0.0612
0.4215	-0.1192	0.0246
0.5266	-0.1888	-0.003412
0.7109	-0.3203	-0.03559
0.9999	-0.3618	-0.06929
1.12	-0.3425	-0.05543
0.9783	-0.3498	-0.001363
0.8662	-0.2668	0.04605
0.857	-0.1579	0.06348
0.9769	-0.2429	-0.03414
1.242	-0.3657	-0.2308
1.397	-0.341	-0.3112
1.412	-0.3334	-0.1761
1.348	-0.3459	0.02752
1.308	-0.3131	0.08984
1.593	-0.2638	-0.06038
1.863	-0.1486	-0.199
1.58	-0.04945	-0.1103
1.124	-0.002978	0.01653
0.9438	0.004449	0.02959
0.9435	-0.05767	0.009422
0.9743	-0.1152	-0.1104
0.9071	-0.1907	-0.2298
0.81	-0.1944	-0.1801
0.798	-0.08677	-0.1488
0.7341	-0.07129	-0.1759
0.7119	-0.05961	-0.1632
0.7816	-0.0496	-0.1784
0.7646	-0.09509	-0.1968
0.7777	-0.042	-0.1732
0.8366	0.0002305	-0.1527
0.8467	0.01478	-0.1386
0.8274	-0.001761	-0.08721
0.7186	-0.1072	-0.02959
0.6738	-0.1389	-0.03466
0.8374	-0.204	-0.09679
1.082	-0.3027	-0.2132
1.185	-0.2984	-0.3219
1.051	-0.3481	-0.3307
0.9715	-0.5083	-0.2808
1.074	-0.765	-0.2021
1.253	-0.899	-0.1149
1.591	-0.7664	-0.1222
1.782	-0.5939	-0.162
1.45	-0.3064	-0.1084
1.051	-0.01329	-0.0332
1.057	-0.04754	0.02752
1.239	-0.1346	0.03043
1.365	-0.1929	-0.05267
1.36	-0.4339	-0.07348
1.146	-0.5735	-0.06597
0.8883	-0.4915	-0.03492
0.762	-0.399	0.09382
0.8121	-0.2904	0.1365
0.951	-0.2395	0.07972
1.011	-0.3168	0.04712
0.9422	-0.3345	0.07329
0.7655	-0.2675	0.1485
0.6986	-0.2339	0.1793
0.8091	-0.2336	0.1729
0.9005	-0.2415	0.1558
0.9473	-0.2263	0.1732
0.8805	-0.1918	0.2079
0.7758	-0.2018	0.1727
0.7965	-0.3197	0.1158
0.8857	-0.5181	-0.08218
1.053	-0.5988	-0.3514
1.188	-0.5359	-0.3368
1.163	-0.4671	-0.05241
0.9884	-0.3103	0.3036
0.83	-0.1475	0.4304
1.038	-0.1895	0.144
1.325	-0.2898	-0.1552
1.242	-0.3215	-0.1595
1.052	-0.2939	-0.1057
0.8542	-0.1828	-0.08935
0.6505	-0.1137	-0.0268
0.6675	-0.152	-0.06131
0.7457	-0.1972	-0.1346
0.806	-0.23	-0.1035
0.9166	-0.2465	-0.1056
0.8948	-0.1896	-0.1267
0.804	-0.09556	-0.1125
0.7261	-0.07087	-0.1131
0.6358	-0.106	-0.09055
0.6627	-0.1605	-0.06653
0.756	-0.2324	-0.03862
0.823	-0.2129	0.009099
0.7922	-0.09996	0.009008
0.6366	-0.04544	-0.0537
0.5397	-0.1213	-0.1727
0.6038	-0.3701	-0.233
0.907	-0.7191	-0.1101
1.323	-0.8996	0.05856
1.526	-0.7151	0.1714
1.625	-0.2933	0.259
0.8274	-0.001761	-0.08721
0.7186	-0.1072	-0.02959
0.6738	-0.1389	-0.03466
0.8374	-0.204	-0.09679
1.082	-0.3027	-0.2132
1.185	-0.2984	-0.3219
1.051	-0.3481	-0.3307
0.9715	-0.5083	-0.2808
1.074	-0.765	-0.2021
1.253	-0.899	-0.1149
1.591	-0.7664	-0.1222
1.782	-0.5939	-0.162
1.45	-0.3064	-0.1084
1.051	-0.01329	-0.0332
1.057	-0.04754	0.02752
1.239	-0.1346	0.03043
1.365	-0.1929	-0.05267
1.36	-0.4339	-0.07348
1.146	-0.5735	-0.06597
0.8883	-0.4915	-0.03492
0.762	-0.399	0.09382
0.8121	-0.2904	0.1365
0.951	-0.2395	0.07972
1.011	-0.3168	0.04712
0.9422	-0.3345	0.07329
0.7655	-0.2675	0.1485
0.6986	-0.2339	0.1793
0.8091	-0.2336	0.1729
0.9005	-0.2415	0.1558
0.9473	-0.2263	0.1732
0.8805	-0.1918	0.2079
0.7758	-0.2018	0.1727
0.7965	-0.3197	0.1158
0.8857	-0.5181	-0.08218
1.053	-0.5988	-0.3514
1.188	-0.5359	-0.3368
1.163	-0.4671	-0.05241
0.9884	-0.3103	0.3036
0.83	-0.1475	0.4304
1.038	-0.1895	0.144
1.325	-0.2898	-0.1552
1.242	-0.3215	-0.1595
1.052	-0.2939	-0.1057
0.8542	-0.1828	-0.08935
0.6505	-0.1137	-0.0268
0.6675	-0.152	-0.06131
0.7457	-0.1972	-0.1346
0.806	-0.23	-0.1035
0.9166	-0.2465	-0.1056
0.8948	-0.1896	-0.1267
0.804	-0.09556	-0.1125
0.7261	-0.07087	-0.1131
0.6358	-0.106	-0.09055
0.6627	-0.1605	-0.06653
0.756	-0.2324	-0.03862
0.823	-0.2129	0.009099
0.7922	-0.09996	0.009008
0.6366	-0.04544	-0.0537
0.5397	-0.1213	-0.1727
0.6038	-0.3701	-0.233
0.907	-0.7191	-0.1101
1.323	-0.8996	0.05856
1.526	-0.7151	0.1714
1.625	-0.2933	0.259
1.752	0.009186	0.2499
1.791	-0.0686	0.2046
1.798	-0.3151	0.2368
1.66	-0.3364	0.2302
1.271	-0.2955	0.2061
1.007	-0.2672	0.2249
0.8679	-0.08657	0.1566
0.6271	0.002277	0.0764
0.536	0.04582	0.06668
0.5218	0.09828	0.06329
0.4208	0.06436	0.06533
0.4421	0.07815	0.05053
0.5059	-0.08754	0.05416
0.5056	-0.3183	0.05707
0.5484	-0.3443	0.01499
0.7202	-0.3823	-0.03241
0.9515	-0.4106	-0.124
0.9812	-0.4013	-0.1874
0.868	-0.3558	-0.1648
0.8556	-0.2715	-0.0886
0.8728	-0.247	0.04123
0.9219	-0.2809	0.07677
1.041	-0.4207	0.02167
1.044	-0.515	-0.04999
1.064	-0.4489	-0.2252
1.275	-0.3605	-0.3112
1.41	-0.3107	-0.1339
1.422	-0.2595	0.08643
1.556	-0.1642	0.1513
1.692	-0.1372	0.0576
1.4	-0.1185	-0.02404
0.9988	-0.05766	0.03492
1.088	-0.1596	0.03461
1.174	-0.3259	-0.1187
1.023	-0.3861	-0.2032
0.9729	-0.3083	-0.1266
0.8554	-0.1364	-0.04162
0.8294	-0.008879	-0.08447
0.8868	0.05759	-0.114
0.7271	0.0385	-0.07026
0.6753	-0.01173	-0.1005
0.7238	-0.04071	-0.1043
0.7268	-0.15	-0.09036
0.7938	-0.253	-0.1256
0.7589	-0.251	-0.07703
0.7219	-0.1973	-0.03823
0.7745	-0.1579	-0.04867
0.8008	-0.1635	-0.06708
0.8681	-0.1662	-0.1122
0.8676	-0.1721	-0.09453
0.7724	-0.1976	-0.08291
0.7548	-0.3056	-0.08029
0.885	-0.5344	0.01342
1.203	-0.6302	0.105
1.589	-0.488	0.1199
1.826	-0.395	0.1049
1.774	-0.4696	0.1485
1.616	-0.4993	0.1817
1.567	-0.4185	0.1503
1.375	-0.2887	0.1608
1.097	-0.1161	0.1635
1.01	-0.1012	0.1324
0.8641	-0.1628	0.09324
0.6744	-0.06961	0.02925
1.752	0.009186	0.2499
1.791	-0.0686	0.2046
1.798	-0.3151	0.2368
1.66	-0.3364	0.2302
1.271	-0.2955	0.2061
1.007	-0.2672	0.2249
0.8679	-0.08657	0.1566
0.6271	0.002277	0.0764
0.536	0.04582	0.06668
0.5218	0.09828	0.06329
0.4208	0.06436	0.06533
0.4421	0.07815	0.05053
0.5059	-0.08754	0.05416
0.5056	-0.3183	0.05707
0.5484	-0.3443	0.01499
0.7202	-0.3823	-0.03241
0.9515	-0.4106	-0.124
0.9812	-0.4013	-0.1874
0.868	-0.3558	-0.1648
0.8556	-0.2715	-0.0886
0.8728	-0.247	0.04123
0.9219	-0.2809	0.07677
1.041	-0.4207	0.02167
1.044	-0.515	-0.04999
1.064	-0.4489	-0.2252
1.275	-0.3605	-0.3112
1.41	-0.3107	-0.1339
1.422	-0.2595	0.08643
1.556	-0.1642	0.1513
1.692	-0.1372	0.0576
1.4	-0.1185	-0.02404
0.9988	-0.05766	0.03492
1.088	-0.1596	0.03461
1.174	-0.3259	-0.1187
1.023	-0.3861	-0.2032
0.9729	-0.3083	-0.1266
0.8554	-0.1364	-0.04162
0.8294	-0.008879	-0.08447
0.8868	0.05759	-0.114
0.7271	0.0385	-0.07026
0.6753	-0.01173	-0.1005
0.7238	-0.04071	-0.1043
0.7268	-0.15	-0.09036
0.7938	-0.253	-0.1256
0.7589	-0.251	-0.07703
0.7219	-0.1973	-0.03823
0.7745	-0.1579	-0.04867
0.8008	-0.1635	-0.06708
0.8681	-0.1662	-0.1122
0.8676	-0.1721	-0.09453
0.7724	-0.1976	-0.08291
0.7548	-0.3056	-0.08029
0.885	-0.5344	0.01342
1.203	-0.6302	0.105
1.589	-0.488	0.1199
1.826	-0.395	0.1049
1.774	-0.4696	0.1485
1.616	-0.4993	0.1817
1.567	-0.4185	0.1503
1.375	-0.2887	0.1608
1.097	-0.1161	0.1635
1.01	-0.1012	0.1324
0.8641	-0.1628	0.09324
0.6744	-0.06961	0.02925
0.6951	-0.07811	0.03852
0.7237	-0.1425	0.08127
0.6666	-0.1257	0.07569
0.663	-0.2125	0.07894
0.6064	-0.2313	0.08555
0.4531	-0.1756	0.1165
0.345	-0.1713	0.1622
0.3548	-0.1123	0.1282
0.5554	-0.1074	0.01598
0.8927	-0.1166	-0.1413
1.137	-0.1035	-0.2183
1.045	-0.2072	-0.09076
0.8067	-0.2999	0.05656
0.8202	-0.3089	0.07536
0.861	-0.3011	0.03287
0.9667	-0.3549	-0.09997
1.329	-0.4723	-0.2643
1.576	-0.493	-0.2415
1.712	-0.3993	-0.01693
1.728	-0.2654	0.1469
1.627	-0.1221	0.06547
1.616	0.02194	-0.06452
1.475	0.07802	-0.08861
1.211	-0.07125	-0.1188
0.9963	-0.2173	-0.1199
0.9536	-0.2364	-0.1051
0.9974	-0.2687	-0.1694
0.8709	-0.2508	-0.1875
0.8156	-0.1656	-0.1554
0.781	-0.1249	-0.14
0.7143	-0.1251	-0.1135
0.8049	-0.1219	-0.1294
0.8289	-0.06674	-0.1542
0.8916	-0.009644	-0.1662
0.9352	-0.04367	-0.1809
0.8033	-0.1072	-0.1427
0.7946	-0.1352	-0.1021
0.8289	-0.1543	-0.08664
0.8957	-0.1611	-0.1012
0.9935	-0.1898	-0.123
0.9217	-0.2533	-0.05708
0.8546	-0.251	0.03161
0.8523	-0.188	0.05366
0.8998	-0.1277	-0.01411
0.9693	-0.1006	-0.1515
0.9114	-0.1732	-0.2697
0.8788	-0.3292	-0.3216
0.9801	-0.5328	-0.2536
1.147	-0.7163	-0.1647
1.42	-0.7288	-0.1866
1.702	-0.5819	-0.1755
1.724	-0.3917	-0.1017
1.556	-0.2607	-0.07377
1.452	-0.2413	-0.07695
1.323	-0.2328	-0.09735
1.163	-0.212	-0.09058
1.047	-0.221	-0.03425
0.9142	-0.1962	0.03544
0.8818	-0.1632	0.06312
0.8834	-0.159	0.004642
0.8388	-0.1891	-0.02706
0.8526	-0.2938	0.009899
0.8027	-0.3657	0.04678
0.726	-0.3434	0.1036
0.6951	-0.07811	0.03852
0.7237	-0.1425	0.08127
0.6666	-0.1257	0.07569
0.663	-0.2125	0.07894
0.6064	-0.2313	0.08555
0.4531	-0.1756	0.1165
0.345	-0.1713	0.1622
0.3548	-0.1123	0.1282
0.5554	-0.1074	0.01598
0.8927	-0.1166	-0.1413
1.137	-0.1035	-0.2183
1.045	-0.2072	-0.09076
0.8067	-0.2999	0.05656
0.8202	-0.3089	0.07536
0.861	-0.3011	0.03287
0.9667	-0.3549	-0.09997
1.329	-0.4723	-0.2643
1.576	-0.493	-0.2415
1.712	-0.3993	-0.01693
1.728	-0.2654	0.1469
1.627	-0.1221	0.06547
1.616	0.02194	-0.06452
1.475	0.07802	-0.08861
1.211	-0.07125	-0.1188
0.9963	-0.2173	-0.1199
0.9536	-0.2364	-0.1051
0.9974	-0.2687	-0.1694
0.8709	-0.2508	-0.1875
0.8156	-0.1656	-0.1554
0.781	-0.1249	-0.14
0.7143	-0.1251	-0.1135
0.8049	-0.1219	-0.1294
0.8289	-0.06674	-0.1542
0.8916	-0.009644	-0.1662
0.9352	-0.04367	-0.1809
0.8033	-0.1072	-0.1427
0.7946	-0.1352	-0.1021
0.8289	-0.1543	-0.08664
0.8957	-0.1611	-0.1012
0.9935	-0.1898	-0.123
0.9217	-0.2533	-0.05708
0.8546	-0.251	0.03161
0.8523	-0.188	0.05366
0.8998	-0.1277	-0.01411
0.9693	-0.1006	-0.1515
0.9114	-0.1732	-0.2697
0.8788	-0.3292	-0.3216
0.9801	-0.5328	-0.2536
1.147	-0.7163	-0.1647
1.42	-0.7288	-0.1866
1.702	-0.5819	-0.1755
1.724	-0.3917	-0.1017
1.556	-0.2607	-0.07377
1.452	-0.2413	-0.07695
1.323	-0.2328	-0.09735
1.163	-0.212	-0.09058
1.047	-0.221	-0.03425
0.9142	-0.1962	0.03544
0.8818	-0.1632	0.06312
0.8834	-0.159	0.004642
0.8388	-0.1891	-0.02706
0.8526	-0.2938	0.009899
0.8027	-0.3657	0.04678
0.726	-0.3434	0.1036
0.7112	-0.2997	0.1247
0.6587	-0.2316	0.07932
0.5892	-0.1462	0.05324
0.5589	-0.08186	0.06319
0.6451	-0.07561	0.06539
0.7679	-0.1135	0.03064
0.7905	-0.123	-0.01321
0.7853	-0.1304	-0.02781
0.7849	-0.1817	0.001226
0.8444	-0.2687	0.04574
0.9855	-0.3589	0.05385
1.108	-0.4184	0.06433
1.135	-0.4462	0.08925
1.065	-0.4257	0.08741
1.051	-0.3989	0.06135
1.135	-0.4051	-0.04701
1.268	-0.4237	-0.2534
1.421	-0.4493	-0.3582
1.414	-0.3903	-0.174
1.265	-0.2913	0.01819
1.208	-0.3064	-0.1311
1.376	-0.3501	-0.3025
1.558	-0.3541	-0.2654
1.437	-0.3265	-0.1894
1.262	-0.2622	-0.07184
1.08	-0.2105	-0.06929
0.7001	-0.1516	-0.1295
0.6414	-0.1444	-0.06326
0.8505	-0.176	-0.1278
0.8495	-0.09506	-0.2216
0.9617	-0.03623	-0.2061
1.005	-0.06898	-0.1865
0.8235	-0.05792	-0.07932
0.8497	-0.06285	-0.06632
0.7812	-0.1199	-0.1138
0.6603	-0.1576	-0.08456
0.8067	-0.1321	-0.1538
0.9182	-0.099	-0.2
0.9723	-0.1781	-0.1722
0.8711	-0.296	-0.1058
0.6429	-0.3272	0.01827
0.592	-0.2194	0.03888
0.6147	-0.05104	0.007637
0.7657	-0.03642	-0.01295
1.044	-0.09621	-0.07141
1.189	-0.08684	-0.1083
1.135	-0.1051	-0.105
1.031	-0.2046	-0.08924
1.068	-0.4023	-0.0726
1.232	-0.5639	-0.04233
1.556	-0.5479	-0.06232
1.743	-0.5016	-0.1147
1.464	-0.4665	-0.06192
1.211	-0.3879	0.09819
1.216	-0.3393	0.2556
1.312	-0.2902	0.2005
1.412	-0.2281	0.03185
1.269	-0.2337	0.02821
0.9594	-0.2312	0.05247
0.6759	-0.1594	0.07796
0.5667	-0.1145	0.1347
0.7157	-0.1214	0.1047
0.7703	-0.1392	0.1063
0.6522	-0.1498	0.1185
0.7112	-0.2997	0.1247
0.6587	-0.2316	0.07932
0.5892	-0.1462	0.05324
0.5589	-0.08186	0.06319
0.6451	-0.07561	0.06539
0.7679	-0.1135	0.03064
0.7905	-0.123	-0.01321
0.7853	-0.1304	-0.02781
0.7849	-0.1817	0.001226
0.8444	-0.2687	0.04574
0.9855	-0.3589	0.05385
1.108	-0.4184	0.06433
1.135	-0.4462	0.08925
1.065	-0.4257	0.08741
1.051	-0.3989	0.06135
1.135	-0.4051	-0.04701
1.268	-0.4237	-0.2534
1.421	-0.4493	-0.3582
1.414	-0.3903	-0.174
1.265	-0.2913	0.01819
1.208	-0.3064	-0.1311
1.376	-0.3501	-0.3025
1.558	-0.3541	-0.2654
1.437	-0.3265	-0.1894
1.262	-0.2622	-0.07184
1.08	-0.2105	-0.06929
0.7001	-0.1516	-0.1295
0.6414	-0.1444	-0.06326
0.8505	-0.176	-0.1278
0.8495	-0.09506	-0.2216
0.9617	-0.03623	-0.2061
1.005	-0.06898	-0.1865
0.8235	-0.05792	-0.07932
0.8497	-0.06285	-0.06632
0.7812	-0.1199	-0.1138
0.6603	-0.1576	-0.08456
0.8067	-0.1321	-0.1538
0.9182	-0.099	-0.2
0.9723	-0.1781	-0.1722
0.8711	-0.296	-0.1058
0.6429	-0.3272	0.01827
0.592	-0.2194	0.03888
0.6147	-0.05104	0.007637
0.7657	-0.03642	-0.01295
1.044	-0.09621	-0.07141
1.189	-0.08684	-0.1083
1.135	-0.1051	-0.105
1.031	-0.2046	-0.08924
1.068	-0.4023	-0.0726
1.232	-0.5639	-0.04233
1.556	-0.5479	-0.06232
1.743	-0.5016	-0.1147
1.464	-0.4665	-0.06192
1.211	-0.3879	0.09819
1.216	-0.3393	0.2556
1.312	-0.2902	0.2005
1.412	-0.2281	0.03185
1.269	-0.2337	0.02821
0.9594	-0.2312	0.05247
0.6759	-0.1594	0.07796
0.5667	-0.1145	0.1347
0.7157	-0.1214	0.1047
0.7703	-0.1392	0.1063
0.6522	-0.1498	0.1185
0.5485	-0.1549	0.1177
0.4265	-0.1751	0.1593
0.418	-0.2045	0.117
0.5011	-0.2241	0.05431
0.5842	-0.1663	-0.007428
0.8449	-0.06881	-0.09177
1.047	-0.09281	-0.06347
0.9832	-0.1955	0.04268
0.9729	-0.2785	0.1335
1.058	-0.3221	0.1194
1.139	-0.368	0.0004148
1.235	-0.4864	-0.1449
1.249	-0.5111	-0.3225
1.293	-0.4299	-0.3618
1.384	-0.3702	-0.191
1.252	-0.1997	0.02369
1.156	-0.06796	0.1407
1.449	-0.1303	-0.02024
1.688	-0.2319	-0.2293
1.465	-0.3291	-0.1374
1.113	-0.2264	0.01942
0.9767	-0.02343	0.06533
1.021	-0.07031	-0.05038
1.068	-0.1171	-0.2685
0.961	-0.1078	-0.2069
0.8077	-0.211	-0.05723
0.7487	-0.2328	-0.0749
0.7601	-0.1804	-0.0713
0.8083	-0.1231	-0.1428
0.7617	-0.07554	-0.1765
0.6929	-0.09606	-0.1108
0.7074	-0.1073	-0.1345
0.6857	-0.1492	-0.09258
0.7107	-0.225	-0.06751
0.7417	-0.232	-0.07725
0.7599	-0.1682	0.004709
0.862	-0.05331	0.009403
0.8699	0.009702	-0.02352
0.846	-0.04252	-0.1251
0.8761	-0.2286	-0.2577
0.9503	-0.5261	-0.1711
1.186	-0.6621	0.03416
1.47	-0.5289	0.1858
1.682	-0.3732	0.1721
1.729	-0.2979	0.1319
1.64	-0.2911	0.2244
1.566	-0.3338	0.1819
1.426	-0.2853	0.104
1.28	-0.2299	0.173
1.169	-0.2078	0.1629
0.9783	-0.09442	0.1535
0.9039	-0.09589	0.1773
0.8902	-0.1414	0.1055
0.7198	-0.07143	0.07146
0.7113	-0.1088	0.07297
0.8042	-0.163	0.07186
0.6676	-0.1889	0.08313
0.6026	-0.2308	0.07065
0.539	-0.1693	0.09591
0.3312	-0.1497	0.1099
0.3741	-0.1773	0.07695
0.5954	-0.1693	0.02153
0.8391	-0.2023	-0.06313
1.083	-0.2532	-0.08832
0.5485	-0.1549	0.1177
0.4265	-0.1751	0.1593
0.418	-0.2045	0.117
0.5011	-0.2241	0.05431
0.5842	-0.1663	-0.007428
0.8449	-0.06881	-0.09177
1.047	-0.09281	-0.06347
0.9832	-0.1955	0.04268
0.9729	-0.2785	0.1335
1.058	-0.3221	0.1194
1.139	-0.368	0.0004148
1.235	-0.4864	-0.1449
1.249	-0.5111	-0.3225
1.293	-0.4299	-0.3618
1.384	-0.3702	-0.191
1.252	-0.1997	0.02369
1.156	-0.06796	0.1407
1.449	-0.1303	-0.02024
1.688	-0.2319	-0.2293
1.465	-0.3291	-0.1374
1.113	-0.2264	0.01942
0.9767	-0.02343	0.06533
1.021	-0.07031	-0.05038
1.068	-0.1171	-0.2685
0.961	-0.1078	-0.2069
0.8077	-0.211	-0.05723
0.7487	-0.2328	-0.0749
0.7601	-0.1804	-0.0713
0.8083	-0.1231	-0.1428
0.7617	-0.07554	-0.1765
0.6929	-0.09606	-0.1108
0.7074	-0.1073	-0.1345
0.6857	-0.1492	-0.09258
0.7107	-0.225	-0.06751
0.7417	-0.232	-0.07725
0.7599	-0.1682	0.004709
0.862	-0.05331	0.009403
0.8699	0.009702	-0.02352
0.846	-0.04252	-0.1251
0.8761	-0.2286	-0.2577
0.9503	-0.5261	-0.1711
1.186	-0.6621	0.03416
1.47	-0.5289	0.1858
1.682	-0.3732	0.1721
1.729	-0.2979	0.1319
1.64	-0.2911	0.2244
1.566	-0.3338	0.1819
1.426	-0.2853	0.104
1.28	-0.2299	0.173
1.169	-0.2078	0.1629
0.9783	-0.09442	0.1535
0.9039	-0.09589	0.1773
0.8902	-0.1414	0.1055
0.7198	-0.07143	0.07146
0.7113	-0.1088	0.07297
0.8042	-0.163	0.07186
0.6676	-0.1889	0.08313
0.6026	-0.2308	0.07065
0.539	-0.1693	0.09591
0.3312	-0.1497	0.1099
0.3741	-0.1773	0.07695
0.5954	-0.1693	0.02153
0.8391	-0.2023	-0.06313
1.083	-0.2532	-0.08832
1.148	-0.3008	-0.07628
1.063	-0.2708	-0.01449
0.9352	-0.2286	0.1099
0.9491	-0.3353	0.09876
1.05	-0.457	-0.03624
1.093	-0.4769	-0.1771
1.168	-0.4011	-0.2594
1.172	-0.2746	-0.1508
1.224	-0.1963	-0.008995
1.425	-0.1748	-0.03463
1.564	-0.252	-0.126
1.714	-0.3898	-0.2316
1.736	-0.3946	-0.232
1.433	-0.2502	-0.02032
1.099	-0.09733	0.126
0.9893	-0.08243	0.0271
0.9918	-0.1723	-0.1002
0.8708	-0.1979	-0.09777
0.7791	-0.1877	-0.1021
0.8139	-0.1688	-0.1279
0.7706	-0.1186	-0.08828
0.7455	-0.1088	-0.1141
0.7469	-0.1044	-0.1498
0.7162	-0.09481	-0.1391
0.7416	-0.1179	-0.1635
0.7287	-0.1344	-0.1201
0.6978	-0.1647	-0.07981
0.6744	-0.2254	-0.06565
0.6469	-0.2673	0.0007611
0.7418	-0.2266	0.003548
0.8721	-0.1235	-0.03887
0.9062	-0.03641	-0.08597
0.8511	0.003686	-0.1224
0.8203	-0.103	-0.1164
0.9705	-0.3803	-0.04969
1.262	-0.6397	0.07724
1.56	-0.6441	0.08894
1.645	-0.3863	0.06795
1.461	-0.2309	0.1541
1.379	-0.296	0.1976
1.529	-0.3167	0.2299
1.621	-0.2787	0.2122
1.516	-0.2976	0.1272
1.305	-0.3134	0.1613
1.036	-0.2664	0.162
0.8081	-0.1798	0.077
0.7639	-0.06382	0.07029
0.7509	-0.01701	0.06294
0.6767	-0.1015	0.07311
0.6424	-0.1886	0.1205
0.5622	-0.2885	0.1278
0.4918	-0.3501	0.14
0.5129	-0.3029	0.1149
0.5686	-0.2922	0.04782
0.7974	-0.2257	-0.0263
1.074	-0.1376	-0.1159
1.036	-0.1804	-0.09209
0.8158	-0.1716	0.01728
0.7464	-0.1299	0.06676
0.8322	-0.1461	0.067
0.9586	-0.1434	0.05365
1.044	-0.1779	0.06362
1.045	-0.2883	0.05008
1.044	-0.3769	-0.04432
