1.091	-0.3004	-0.07734
1.001	-0.1726	-0.01653
0.8994	-0.0553	-0.03279
0.7574	-0.01489	0.0188
0.5781	-0.01442	0.1586
0.4846	-0.05131	0.1873
0.4941	-0.09677	0.1774
0.5244	-0.1088	0.1935
0.5943	-0.1618	0.2182
0.7343	-0.1942	0.2698
0.8547	-0.162	0.3132
0.8941	-0.122	0.344
0.946	-0.1163	0.3159
1.034	-0.1574	0.2673
1.138	-0.2599	0.263
1.352	-0.5022	0.2545
1.583	-0.7291	0.2117
1.601	-0.6849	0.02825
1.397	-0.4627	-0.1527
1.099	-0.2521	-0.01795
0.857	-0.122	0.1614
0.8561	-0.1433	0.07992
0.994	-0.2367	-0.00545
1.01	-0.2939	-0.01611
0.9315	-0.369	-0.03736
0.7699	-0.3701	0.02351
0.5368	-0.292	0.03684
0.4483	-0.2552	-0.009053
0.5371	-0.2096	-0.02988
0.6808	-0.2279	-0.1333
0.7985	-0.2668	-0.1553
0.8387	-0.2421	-0.08345
0.7899	-0.2389	-0.06771
0.7584	-0.1422	-0.03743
0.8661	0.03048	-0.03884
1.027	0.1325	-0.04008
1.218	0.1152	-0.02842
1.392	0.02358	-0.05835
1.498	-0.09453	-0.08225
1.689	-0.4062	-0.163
1.751	-0.6006	-0.2117
1.577	-0.4401	-0.1581
1.396	-0.4072	-0.0988
1.098	-0.4476	-0.008541
0.9384	-0.4166	0.03185
1.12	-0.5011	-0.01167
1.22	-0.4987	-0.03945
1.328	-0.4068	-0.08815
1.429	-0.3261	-0.1121
1.211	-0.2046	-0.05127
0.9816	-0.1612	-0.01686
0.7979	-0.1715	-0.02283
0.6102	-0.1963	-0.01604
0.5831	-0.225	-0.001068
0.5079	-0.17	0.05743
0.4687	-0.116	0.1238
0.583	-0.09497	0.1175
0.6323	-0.04617	0.09035
0.6339	0.0003499	0.1083
0.589	0.003586	0.1604
0.5494	-0.02396	0.2317
0.6518	-0.06492	0.2784
0.8905	-0.1936	0.278
1.266	-0.3839	0.2718
1.619	-0.503	0.186
1.779	-0.5597	0.05698
1.715	-0.5566	0.1033
1.318	-0.4172	0.2265
0.7598	-0.2759	0.2776
0.6202	-0.3598	0.2787
0.948	-0.4565	0.1504
1.182	-0.3545	-0.02244
1.199	-0.2927	-0.07625
1.053	-0.2642	-0.02992
0.7564	-0.1912	0.01759
0.5907	-0.1854	0.001614
0.5105	-0.1352	0.00772
0.5262	-0.1059	-0.01207
0.7356	-0.1822	-0.1219
0.7942	-0.2249	-0.1528
0.7967	-0.28	-0.1011
0.8742	-0.31	-0.05894
0.8642	-0.2675	-0.06193
0.8974	-0.2001	-0.09081
0.9655	-0.08451	-0.07825
1.18	-0.04392	-0.09224
1.519	-0.03162	-0.1294
1.576	0.01281	-0.1471
1.437	-0.1644	-0.1383
1.355	-0.459	-0.1046
1.357	-0.5464	-0.165
1.355	-0.4954	-0.2142
1.264	-0.4846	-0.1499
1.192	-0.5111	-0.1094
1.173	-0.5565	-0.06269
1.182	-0.6083	0.001409
1.219	-0.5209	-0.008532
1.292	-0.3218	-0.04455
1.302	-0.2337	-0.03804
1.178	-0.2074	-0.03707
1.057	-0.1605	-0.05714
0.9073	-0.1838	-0.05255
0.7691	-0.2332	-0.068
0.6724	-0.2243	-0.05877
0.489	-0.1914	0.02831
0.3832	-0.1697	0.123
0.3833	-0.1542	0.1732
0.4272	-0.142	0.1305
0.5406	-0.1076	0.111
0.6079	-0.06586	0.1677
0.6647	-0.06798	0.2351
0.7689	-0.05622	0.3916
0.9806	-0.02409	0.5002
1.288	-0.01909	0.4473
1.484	-0.02902	0.3425
1.551	-0.1305	0.2274
1.583	-0.3656	0.1959
1.604	-0.6069	0.1492
1.474	-0.641	0.04358
1.157	-0.4489	0.1151
0.9174	-0.2949	0.171
0.8531	-0.2765	0.0534
0.9178	-0.2976	-0.000144
0.9964	-0.3036	-0.0276
0.9961	-0.2867	-0.06222
0.9139	-0.2568	-0.02775
0.7096	-0.1789	-0.0133
0.5899	-0.1183	-0.01606
1.619	-0.503	0.186
1.779	-0.5597	0.05698
1.715	-0.5566	0.1033
1.318	-0.4172	0.2265
0.7598	-0.2759	0.2776
0.6202	-0.3598	0.2787
0.948	-0.4565	0.1504
1.182	-0.3545	-0.02244
1.199	-0.2927	-0.07625
1.053	-0.2642	-0.02992
0.7564	-0.1912	0.01759
0.5907	-0.1854	0.001614
0.5105	-0.1352	0.00772
0.5262	-0.1059	-0.01207
0.7356	-0.1822	-0.1219
0.7942	-0.2249	-0.1528
0.7967	-0.28	-0.1011
0.8742	-0.31	-0.05894
0.8642	-0.2675	-0.06193
0.8974	-0.2001	-0.09081
0.9655	-0.08451	-0.07825
1.18	-0.04392	-0.09224
1.519	-0.03162	-0.1294
1.576	0.01281	-0.1471
1.437	-0.1644	-0.1383
1.355	-0.459	-0.1046
1.357	-0.5464	-0.165
1.355	-0.4954	-0.2142
1.264	-0.4846	-0.1499
1.192	-0.5111	-0.1094
1.173	-0.5565	-0.06269
1.182	-0.6083	0.001409
1.219	-0.5209	-0.008532
1.292	-0.3218	-0.04455
1.302	-0.2337	-0.03804
1.178	-0.2074	-0.03707
1.057	-0.1605	-0.05714
0.9073	-0.1838	-0.05255
0.7691	-0.2332	-0.068
0.6724	-0.2243	-0.05877
0.489	-0.1914	0.02831
0.3832	-0.1697	0.123
0.3833	-0.1542	0.1732
0.4272	-0.142	0.1305
0.5406	-0.1076	0.111
0.6079	-0.06586	0.1677
0.6647	-0.06798	0.2351
0.7689	-0.05622	0.3916
0.9806	-0.02409	0.5002
1.288	-0.01909	0.4473
1.484	-0.02902	0.3425
1.551	-0.1305	0.2274
1.583	-0.3656	0.1959
1.604	-0.6069	0.1492
1.474	-0.641	0.04358
1.157	-0.4489	0.1151
0.9174	-0.2949	0.171
0.8531	-0.2765	0.0534
0.9178	-0.2976	-0.000144
0.9964	-0.3036	-0.0276
0.9961	-0.2867	-0.06222
0.9139	-0.2568	-0.02775
0.7096	-0.1789	-0.0133
0.5899	-0.1183	-0.01606
0.5979	-0.1332	-0.01847
0.5764	-0.1836	-0.03601
0.6157	-0.2663	-0.05514
0.6733	-0.2864	-0.07141
0.7779	-0.2825	-0.0538
0.9074	-0.3269	-0.04724
0.8614	-0.258	-0.06368
0.8169	-0.1107	-0.06872
0.848	0.01676	-0.07794
0.9248	0.1299	-0.08067
1.156	0.1668	-0.09232
1.382	0.1569	-0.1024
1.504	0.04942	-0.09733
1.543	-0.2033	-0.1017
1.5	-0.4471	-0.09895
1.475	-0.622	-0.09803
1.395	-0.7226	-0.09343
1.19	-0.7618	-0.07409
1.041	-0.7879	-0.05789
1.079	-0.7477	-0.03297
1.185	-0.617	-0.02431
1.2	-0.3947	-0.05169
1.154	-0.1442	-0.08282
1.065	-0.02164	-0.09394
0.9292	-0.009955	-0.08086
0.8327	-0.06872	-0.05894
0.7483	-0.1866	-0.02734
0.6692	-0.2391	0.01112
0.6263	-0.2266	0.04281
0.5887	-0.1837	0.08565
0.5949	-0.1093	0.1248
0.6289	-0.08659	0.1366
0.6703	-0.09592	0.1566
0.7384	-0.1262	0.1914
0.8275	-0.204	0.2197
0.9038	-0.2268	0.248
0.88	-0.1716	0.258
0.8589	-0.1026	0.2583
0.9049	-0.09321	0.2877
0.9794	-0.275	0.3083
1.325	-0.5692	0.2582
1.799	-0.662	0.0432
1.86	-0.5563	-0.254
1.584	-0.5089	-0.2405
1.152	-0.4252	0.05481
0.6478	-0.2801	0.1893
0.7153	-0.3699	0.1341
1.099	-0.5003	0.07521
1.062	-0.4099	0.04207
1.155	-0.3666	-0.001135
1.211	-0.3514	-0.01345
0.9271	-0.2418	0.03138
0.8751	-0.172	0.0007766
0.5702	-0.03241	-0.04247
0.3062	0.06572	-0.06328
0.5941	-0.0605	-0.1521
0.7185	-0.1614	-0.2082
0.89	-0.2071	-0.2658
1.006	-0.2268	-0.2383
0.8389	-0.1635	-0.1182
0.8776	-0.1212	-0.1293
0.9114	-0.04553	-0.05895
0.9713	0.02336	0.05061
1.151	0.006177	-0.02467
0.5979	-0.1332	-0.01847
0.5764	-0.1836	-0.03601
0.6157	-0.2663	-0.05514
0.6733	-0.2864	-0.07141
0.7779	-0.2825	-0.0538
0.9074	-0.3269	-0.04724
0.8614	-0.258	-0.06368
0.8169	-0.1107	-0.06872
0.848	0.01676	-0.07794
0.9248	0.1299	-0.08067
1.156	0.1668	-0.09232
1.382	0.1569	-0.1024
1.504	0.04942	-0.09733
1.543	-0.2033	-0.1017
1.5	-0.4471	-0.09895
1.475	-0.622	-0.09803
1.395	-0.7226	-0.09343
1.19	-0.7618	-0.07409
1.041	-0.7879	-0.05789
1.079	-0.7477	-0.03297
1.185	-0.617	-0.02431
1.2	-0.3947	-0.05169
1.154	-0.1442	-0.08282
1.065	-0.02164	-0.09394
0.9292	-0.009955	-0.08086
0.8327	-0.06872	-0.05894
0.7483	-0.1866	-0.02734
0.6692	-0.2391	0.01112
0.6263	-0.2266	0.04281
0.5887	-0.1837	0.08565
0.5949	-0.1093	0.1248
0.6289	-0.08659	0.1366
0.6703	-0.09592	0.1566
0.7384	-0.1262	0.1914
0.8275	-0.204	0.2197
0.9038	-0.2268	0.248
0.88	-0.1716	0.258
0.8589	-0.1026	0.2583
0.9049	-0.09321	0.2877
0.9794	-0.275	0.3083
1.325	-0.5692	0.2582
1.799	-0.662	0.0432
1.86	-0.5563	-0.254
1.584	-0.5089	-0.2405
1.152	-0.4252	0.05481
0.6478	-0.2801	0.1893
0.7153	-0.3699	0.1341
1.099	-0.5003	0.07521
1.062	-0.4099	0.04207
1.155	-0.3666	-0.001135
1.211	-0.3514	-0.01345
0.9271	-0.2418	0.03138
0.8751	-0.172	0.0007766
0.5702	-0.03241	-0.04247
0.3062	0.06572	-0.06328
0.5941	-0.0605	-0.1521
0.7185	-0.1614	-0.2082
0.89	-0.2071	-0.2658
1.006	-0.2268	-0.2383
0.8389	-0.1635	-0.1182
0.8776	-0.1212	-0.1293
0.9114	-0.04553	-0.05895
0.9713	0.02336	0.05061
1.151	0.006177	-0.02467
1.32	-0.02236	-0.08486
1.546	-0.1418	-0.1369
1.59	-0.3174	-0.1902
1.508	-0.4236	-0.1284
1.473	-0.4318	-0.06716
1.403	-0.3098	-0.08309
1.224	-0.235	-0.107
1.013	-0.3913	-0.1059
1.04	-0.6052	-0.1066
1.139	-0.6235	-0.08325
1.123	-0.4988	-0.02639
1.13	-0.365	0.02638
1.114	-0.2061	0.008344
1.105	-0.08192	-0.1251
1.087	-0.02563	-0.2093
0.9542	-0.04947	-0.1345
0.7892	-0.1462	-0.02043
0.6507	-0.1475	0.01724
0.6226	-0.1186	0.006808
0.65	-0.1264	0.05215
0.5775	-0.0866	0.1268
0.4981	-0.108	0.1906
0.4691	-0.1421	0.2453
0.5039	-0.1459	0.2689
0.6441	-0.2017	0.3009
0.805	-0.2113	0.3411
0.9806	-0.1887	0.3743
1.183	-0.1866	0.3779
1.41	-0.2026	0.2978
1.631	-0.3046	0.209
1.646	-0.4706	0.1952
1.47	-0.556	0.1392
1.241	-0.4541	0.02865
0.9875	-0.3495	0.06144
0.8875	-0.3551	0.1198
0.9517	-0.3015	0.06763
1.007	-0.2419	0.03081
1.031	-0.242	-0.02592
0.9364	-0.233	-0.0003809
0.7347	-0.2365	0.09124
0.6243	-0.1971	0.02308
0.5891	-0.1028	-0.0206
0.5562	-0.05015	-0.02478
0.599	-0.07937	-0.08006
0.6868	-0.159	-0.0748
0.7596	-0.2287	-0.1063
0.8003	-0.2956	-0.1107
0.779	-0.304	-0.0588
0.7575	-0.169	-0.07156
0.7854	0.01221	-0.05181
0.9998	0.07071	-0.06648
1.498	-0.01631	-0.1972
1.893	-0.1079	-0.3575
1.882	-0.2145	-0.4057
1.702	-0.4239	-0.252
1.618	-0.5945	-0.1608
1.586	-0.5847	-0.1977
1.338	-0.5348	-0.124
1.001	-0.6221	-0.01741
1.014	-0.6228	0.001053
1.087	-0.4872	0.02792
0.9956	-0.3942	0.06909
1.124	-0.1783	0.01521
1.197	-0.02889	-0.03804
1.32	-0.02236	-0.08486
1.546	-0.1418	-0.1369
1.59	-0.3174	-0.1902
1.508	-0.4236	-0.1284
1.473	-0.4318	-0.06716
1.403	-0.3098	-0.08309
1.224	-0.235	-0.107
1.013	-0.3913	-0.1059
1.04	-0.6052	-0.1066
1.139	-0.6235	-0.08325
1.123	-0.4988	-0.02639
1.13	-0.365	0.02638
1.114	-0.2061	0.008344
1.105	-0.08192	-0.1251
1.087	-0.02563	-0.2093
0.9542	-0.04947	-0.1345
0.7892	-0.1462	-0.02043
0.6507	-0.1475	0.01724
0.6226	-0.1186	0.006808
0.65	-0.1264	0.05215
0.5775	-0.0866	0.1268
0.4981	-0.108	0.1906
0.4691	-0.1421	0.2453
0.5039	-0.1459	0.2689
0.6441	-0.2017	0.3009
0.805	-0.2113	0.3411
0.9806	-0.1887	0.3743
1.183	-0.1866	0.3779
1.41	-0.2026	0.2978
1.631	-0.3046	0.209
1.646	-0.4706	0.1952
1.47	-0.556	0.1392
1.241	-0.4541	0.02865
0.9875	-0.3495	0.06144
0.8875	-0.3551	0.1198
0.9517	-0.3015	0.06763
1.007	-0.2419	0.03081
1.031	-0.242	-0.02592
0.9364	-0.233	-0.0003809
0.7347	-0.2365	0.09124
0.6243	-0.1971	0.02308
0.5891	-0.1028	-0.0206
0.5562	-0.05015	-0.02478
0.599	-0.07937	-0.08006
0.6868	-0.159	-0.0748
0.7596	-0.2287	-0.1063
0.8003	-0.2956	-0.1107
0.779	-0.304	-0.0588
0.7575	-0.169	-0.07156
0.7854	0.01221	-0.05181
0.9998	0.07071	-0.06648
1.498	-0.01631	-0.1972
1.893	-0.1079	-0.3575
1.882	-0.2145	-0.4057
1.702	-0.4239	-0.252
1.618	-0.5945	-0.1608
1.586	-0.5847	-0.1977
1.338	-0.5348	-0.124
1.001	-0.6221	-0.01741
1.014	-0.6228	0.001053
1.087	-0.4872	0.02792
0.9956	-0.3942	0.06909
1.124	-0.1783	0.01521
1.197	-0.02889	-0.03804
1.062	-0.02465	-0.03956
1.018	0.06585	-0.09987
0.8193	0.006206	-0.1198
0.6314	-0.09287	-0.1011
0.583	-0.1437	-0.0825
0.3727	-0.2784	0.02683
0.2767	-0.2724	0.1384
0.3178	-0.2457	0.1941
0.4071	-0.2235	0.1915
0.6605	-0.1242	0.1939
0.8911	-0.1322	0.2569
1.119	-0.135	0.2697
1.308	-0.1042	0.2628
1.345	-0.103	0.2618
1.343	-0.08609	0.2563
1.348	-0.1208	0.3007
1.405	-0.2863	0.3053
1.453	-0.607	0.1906
1.422	-0.7852	0.02719
1.218	-0.6235	0.004211
0.8505	-0.4531	0.09816
0.7363	-0.3844	0.105
0.8901	-0.2589	0.07232
1.016	-0.1637	0.01566
1.151	-0.1567	-0.05847
1.133	-0.1897	-0.04337
0.9122	-0.2419	-0.03586
0.7188	-0.1907	-0.05153
0.512	-0.094	-0.01359
0.4545	-0.08635	0.002871
0.585	-0.09967	-0.01745
0.6004	-0.1317	-0.03293
0.6752	-0.1444	-0.06481
0.8126	-0.1413	-0.1048
0.7884	-0.1559	-0.1068
0.8367	-0.09281	-0.1214
1.017	-0.05738	-0.1732
1.138	-0.08072	-0.163
1.163	-0.07745	-0.1343
1.205	-0.1163	-0.1424
1.254	-0.2429	-0.1055
1.278	-0.4816	-0.06912
1.45	-0.6309	-0.06056
1.539	-0.5471	-0.05615
1.37	-0.5014	-0.0827
1.194	-0.5471	-0.04978
1.012	-0.5033	0.01914
0.9616	-0.4102	0.04324
1.066	-0.3171	0.06261
1.08	-0.2205	0.02709
1.132	-0.2154	-0.01968
1.189	-0.2595	-0.02025
1.117	-0.2695	-0.04438
1.006	-0.3124	-0.08308
0.8771	-0.3526	-0.127
0.8538	-0.3314	-0.1156
0.8358	-0.2489	-0.04677
0.685	-0.1685	-0.02919
0.6908	-0.1912	-0.02009
0.7569	-0.2111	0.03457
0.6871	-0.1812	0.12
0.7102	-0.1716	0.1548
0.7343	-0.09224	0.1354
0.7015	0.04623	0.2071
1.062	-0.02465	-0.03956
1.018	0.06585	-0.09987
0.8193	0.006206	-0.1198
0.6314	-0.09287	-0.1011
0.583	-0.1437	-0.0825
0.3727	-0.2784	0.02683
0.2767	-0.2724	0.1384
0.3178	-0.2457	0.1941
0.4071	-0.2235	0.1915
0.6605	-0.1242	0.1939
0.8911	-0.1322	0.2569
1.119	-0.135	0.2697
1.308	-0.1042	0.2628
1.345	-0.103	0.2618
1.343	-0.08609	0.2563
1.348	-0.1208	0.3007
1.405	-0.2863	0.3053
1.453	-0.607	0.1906
1.422	-0.7852	0.02719
1.218	-0.6235	0.004211
0.8505	-0.4531	0.09816
0.7363	-0.3844	0.105
0.8901	-0.2589	0.07232
1.016	-0.1637	0.01566
1.151	-0.1567	-0.05847
1.133	-0.1897	-0.04337
0.9122	-0.2419	-0.03586
0.7188	-0.1907	-0.05153
0.512	-0.094	-0.01359
0.4545	-0.08635	0.002871
0.585	-0.09967	-0.01745
0.6004	-0.1317	-0.03293
0.6752	-0.1444	-0.06481
0.8126	-0.1413	-0.1048
0.7884	-0.1559	-0.1068
0.8367	-0.09281	-0.1214
1.017	-0.05738	-0.1732
1.138	-0.08072	-0.163
1.163	-0.07745	-0.1343
1.205	-0.1163	-0.1424
1.254	-0.2429	-0.1055
1.278	-0.4816	-0.06912
1.45	-0.6309	-0.06056
1.539	-0.5471	-0.05615
1.37	-0.5014	-0.0827
1.194	-0.5471	-0.04978
1.012	-0.5033	0.01914
0.9616	-0.4102	0.04324
1.066	-0.3171	0.06261
1.08	-0.2205	0.02709
1.132	-0.2154	-0.01968
1.189	-0.2595	-0.02025
1.117	-0.2695	-0.04438
1.006	-0.3124	-0.08308
0.8771	-0.3526	-0.127
0.8538	-0.3314	-0.1156
0.8358	-0.2489	-0.04677
0.685	-0.1685	-0.02919
0.6908	-0.1912	-0.02009
0.7569	-0.2111	0.03457
0.6871	-0.1812	0.12
0.7102	-0.1716	0.1548
0.7343	-0.09224	0.1354
0.7015	0.04623	0.2071
0.7573	0.08111	0.2627
0.8036	0.04504	0.2358
0.9004	0.06177	0.2795
1.016	0.05003	0.337
1.027	-0.01638	0.3527
1.083	-0.04232	0.3558
1.206	-0.1011	0.3201
1.435	-0.2745	0.2875
1.721	-0.4897	0.2665
1.737	-0.5688	0.1584
1.417	-0.5049	0.01405
0.9782	-0.4541	0.04443
0.6963	-0.355	0.1297
0.7191	-0.2849	0.09834
0.9454	-0.3452	0.08501
1.203	-0.3206	-0.03621
1.26	-0.2645	-0.21
1.05	-0.242	-0.1074
0.8274	-0.1885	-0.01681
0.7618	-0.214	-0.09819
0.7837	-0.2292	-0.0921
0.8182	-0.2364	-0.1082
0.8258	-0.3012	-0.1736
0.7854	-0.2937	-0.127
0.702	-0.3035	-0.07143
0.616	-0.3351	-0.05457
0.597	-0.2778	-0.02457
0.6454	-0.1561	-0.0206
0.7712	0.04741	-0.04325
0.9771	0.1967	-0.05845
1.146	0.1759	-0.004133
1.274	0.0943	0.05986
1.5	-0.01934	-0.02476
1.699	-0.175	-0.1101
1.614	-0.3362	-0.06206
1.46	-0.4743	-0.007584
1.382	-0.4842	0.01867
1.156	-0.4322	-0.03834
1.044	-0.4933	-0.168
1.158	-0.4952	-0.19
1.116	-0.4139	-0.1237
1.057	-0.3766	-0.06584
1.076	-0.2407	-0.033
1.068	-0.1686	-0.06086
1.092	-0.2362	-0.0869
0.9534	-0.2629	-0.06278
0.759	-0.3436	-0.05066
0.781	-0.3706	-0.04474
0.8094	-0.3154	-0.02822
0.7514	-0.3188	0.003064
0.7226	-0.2683	0.05811
0.7417	-0.2013	0.06801
0.7948	-0.1175	0.06862
0.8795	-0.01198	0.1294
0.9506	-0.0351	0.184
0.9347	-0.0984	0.2318
0.9392	-0.1613	0.2551
0.9871	-0.2343	0.2568
0.9212	-0.232	0.3467
0.8562	-0.2456	0.4073
0.9876	-0.281	0.3029
1.313	-0.2935	0.1642
1.608	-0.3642	0.1187
1.492	-0.43	0.101
0.7573	0.08111	0.2627
0.8036	0.04504	0.2358
0.9004	0.06177	0.2795
1.016	0.05003	0.337
1.027	-0.01638	0.3527
1.083	-0.04232	0.3558
1.206	-0.1011	0.3201
1.435	-0.2745	0.2875
1.721	-0.4897	0.2665
1.737	-0.5688	0.1584
1.417	-0.5049	0.01405
0.9782	-0.4541	0.04443
0.6963	-0.355	0.1297
0.7191	-0.2849	0.09834
0.9454	-0.3452	0.08501
1.203	-0.3206	-0.03621
1.26	-0.2645	-0.21
1.05	-0.242	-0.1074
0.8274	-0.1885	-0.01681
0.7618	-0.214	-0.09819
0.7837	-0.2292	-0.0921
0.8182	-0.2364	-0.1082
0.8258	-0.3012	-0.1736
0.7854	-0.2937	-0.127
0.702	-0.3035	-0.07143
0.616	-0.3351	-0.05457
0.597	-0.2778	-0.02457
0.6454	-0.1561	-0.0206
0.7712	0.04741	-0.04325
0.9771	0.1967	-0.05845
1.146	0.1759	-0.004133
1.274	0.0943	0.05986
1.5	-0.01934	-0.02476
1.699	-0.175	-0.1101
1.614	-0.3362	-0.06206
1.46	-0.4743	-0.007584
1.382	-0.4842	0.01867
1.156	-0.4322	-0.03834
1.044	-0.4933	-0.168
1.158	-0.4952	-0.19
1.116	-0.4139	-0.1237
1.057	-0.3766	-0.06584
1.076	-0.2407	-0.033
1.068	-0.1686	-0.06086
1.092	-0.2362	-0.0869
0.9534	-0.2629	-0.06278
0.759	-0.3436	-0.05066
0.781	-0.3706	-0.04474
0.8094	-0.3154	-0.02822
0.7514	-0.3188	0.003064
0.7226	-0.2683	0.05811
0.7417	-0.2013	0.06801
0.7948	-0.1175	0.06862
0.8795	-0.01198	0.1294
0.9506	-0.0351	0.184
0.9347	-0.0984	0.2318
0.9392	-0.1613	0.2551
0.9871	-0.2343	0.2568
0.9212	-0.232	0.3467
0.8562	-0.2456	0.4073
0.9876	-0.281	0.3029
1.313	-0.2935	0.1642
1.608	-0.3642	0.1187
1.492	-0.43	0.101
1.108	-0.4404	0.03849
0.8526	-0.3519	0.06437
0.7378	-0.1907	0.1382
0.832	-0.231	0.09395
0.9697	-0.3422	0.04607
0.9388	-0.333	-0.0003885
0.956	-0.3976	-0.06633
0.8958	-0.4057	-0.04285
0.8146	-0.3033	-0.04034
0.8443	-0.213	-0.07312
0.7261	-0.09991	-0.02921
0.6658	-0.1013	0.01029
0.6748	-0.1237	-0.003871
0.6625	-0.09651	-0.03831
0.7846	-0.1726	-0.08251
0.8423	-0.2061	-0.108
0.8507	-0.1698	-0.1178
0.8861	-0.1368	-0.1253
0.9797	-0.1107	-0.1118
1.176	-0.1317	-0.09495
1.32	-0.1333	-0.08727
1.482	-0.1805	-0.07862
1.552	-0.3425	-0.099
1.495	-0.542	-0.1563
1.521	-0.6577	-0.2
1.441	-0.6274	-0.1501
1.229	-0.6115	-0.05637
1.093	-0.6096	-0.05889
1.109	-0.4988	-0.07804
1.161	-0.3211	-0.04074
1.077	-0.1324	-0.007268
1.018	-0.04313	0.02102
0.968	-0.0575	-0.02714
0.8499	-0.1127	-0.09926
0.777	-0.2231	-0.06251
0.6301	-0.2777	-0.01806
0.5278	-0.2449	0.01326
0.5616	-0.1789	0.08891
0.516	-0.08511	0.1434
0.5417	-0.08077	0.139
0.7486	-0.1518	0.1125
0.9123	-0.1791	0.126
0.8976	-0.2034	0.1362
0.8382	-0.227	0.1465
0.8911	-0.2383	0.2523
0.9061	-0.2482	0.3342
0.9349	-0.2236	0.3189
1.103	-0.214	0.3033
1.19	-0.2383	0.2479
1.308	-0.3669	0.1235
1.607	-0.6491	0.02898
1.722	-0.753	-0.008848
1.342	-0.5021	0.01896
0.8052	-0.2321	0.131
0.7557	-0.1995	0.1606
0.9787	-0.2888	0.05985
1.011	-0.3201	-0.0237
1.028	-0.3205	-0.07031
0.9431	-0.3314	-0.03492
0.6983	-0.2975	0.03028
0.5411	-0.2172	0.04002
0.5028	-0.1276	0.04368
0.6363	-0.09594	-0.01051
0.8135	-0.1388	-0.07898
1.108	-0.4404	0.03849
0.8526	-0.3519	0.06437
0.7378	-0.1907	0.1382
0.832	-0.231	0.09395
0.9697	-0.3422	0.04607
0.9388	-0.333	-0.0003885
0.956	-0.3976	-0.06633
0.8958	-0.4057	-0.04285
0.8146	-0.3033	-0.04034
0.8443	-0.213	-0.07312
0.7261	-0.09991	-0.02921
0.6658	-0.1013	0.01029
0.6748	-0.1237	-0.003871
0.6625	-0.09651	-0.03831
0.7846	-0.1726	-0.08251
0.8423	-0.2061	-0.108
0.8507	-0.1698	-0.1178
0.8861	-0.1368	-0.1253
0.9797	-0.1107	-0.1118
1.176	-0.1317	-0.09495
1.32	-0.1333	-0.08727
1.482	-0.1805	-0.07862
1.552	-0.3425	-0.099
1.495	-0.542	-0.1563
1.521	-0.6577	-0.2
1.441	-0.6274	-0.1501
1.229	-0.6115	-0.05637
1.093	-0.6096	-0.05889
1.109	-0.4988	-0.07804
1.161	-0.3211	-0.04074
1.077	-0.1324	-0.007268
1.018	-0.04313	0.02102
0.968	-0.0575	-0.02714
0.8499	-0.1127	-0.09926
0.777	-0.2231	-0.06251
0.6301	-0.2777	-0.01806
0.5278	-0.2449	0.01326
0.5616	-0.1789	0.08891
0.516	-0.08511	0.1434
0.5417	-0.08077	0.139
0.7486	-0.1518	0.1125
0.9123	-0.1791	0.126
0.8976	-0.2034	0.1362
0.8382	-0.227	0.1465
0.8911	-0.2383	0.2523
0.9061	-0.2482	0.3342
0.9349	-0.2236	0.3189
1.103	-0.214	0.3033
1.19	-0.2383	0.2479
1.308	-0.3669	0.1235
1.607	-0.6491	0.02898
1.722	-0.753	-0.008848
1.342	-0.5021	0.01896
0.8052	-0.2321	0.131
0.7557	-0.1995	0.1606
0.9787	-0.2888	0.05985
1.011	-0.3201	-0.0237
1.028	-0.3205	-0.07031
0.9431	-0.3314	-0.03492
0.6983	-0.2975	0.03028
0.5411	-0.2172	0.04002
0.5028	-0.1276	0.04368
0.6363	-0.09594	-0.01051
0.8135	-0.1388	-0.07898
0.8866	-0.1764	-0.1245
0.8962	-0.1776	-0.1314
0.8113	-0.168	-0.06533
0.7658	-0.1585	-0.07814
0.8381	-0.1424	-0.127
0.9699	-0.1077	-0.1807
1.169	-0.07542	-0.2421
1.352	-0.08291	-0.1617
1.422	-0.09855	-0.1047
1.37	-0.1147	-0.1166
1.357	-0.1995	-0.0839
1.454	-0.349	-0.09914
1.529	-0.4902	-0.1123
1.522	-0.5594	-0.09301
1.329	-0.6259	-0.08368
1.095	-0.728	-0.05997
1.122	-0.691	-0.016
1.191	-0.547	0.03539
1.127	-0.4219	0.03249
1.105	-0.2796	0.001715
1.056	-0.1814	-0.01544
0.9563	-0.1598	-0.03354
0.9329	-0.2335	-0.02461
0.8672	-0.3146	-0.01351
0.7334	-0.2299	-0.002693
0.631	-0.1303	0.03593
0.5558	-0.07953	0.0763
0.5609	-0.04016	0.1029
0.5751	-0.07489	0.1132
0.5587	-0.07491	0.1231
0.6141	-0.07609	0.1356
0.6807	-0.1237	0.1492
0.7243	-0.1274	0.1931
0.7794	-0.1235	0.2733
0.8612	-0.09585	0.3617
0.9501	-0.08251	0.3595
1.091	-0.1487	0.2408
1.368	-0.2837	0.1745
1.462	-0.4293	0.1716
1.333	-0.4352	0.05048
1.357	-0.4245	-0.1048
1.303	-0.4567	-0.04447
0.9861	-0.3367	0.1309
0.7093	-0.2498	0.1852
0.7093	-0.3145	0.1635
0.9827	-0.3738	0.09277
1.147	-0.4416	-0.01627
1.088	-0.4494	-0.05141
0.9158	-0.3474	-0.01907
0.6581	-0.2354	0.03446
0.632	-0.1445	0.02402
0.7243	-0.09652	-0.0122
0.7085	-0.07572	-0.01741
0.7758	-0.1048	-0.07863
0.8049	-0.1839	-0.07594
0.7786	-0.2006	-0.04315
0.8046	-0.1912	-0.06578
0.7744	-0.1855	-0.03332
0.7607	-0.148	-0.05774
0.8417	-0.1412	-0.113
0.9842	-0.1321	-0.1142
1.123	-0.1033	-0.1231
1.196	-0.09402	-0.1073
1.211	-0.06377	-0.1084
1.514	-0.1949	-0.1651
1.464	-0.2317	-0.184
1.353	-0.4004	-0.1954
1.114	-0.6602	-0.1487
1.064	-0.8391	-0.04835
1.147	-0.814	0.0252
1.161	-0.6859	0.05247
1.244	-0.5302	0.03113
1.32	-0.3799	-0.04063
1.282	-0.3466	-0.1155
1.162	-0.3272	-0.1436
0.8578	-0.2399	-0.1045
0.5287	-0.1562	-0.04478
0.4895	-0.1106	0.005292
0.5428	-0.1763	0.03237
0.4719	-0.2466	0.026
0.5496	-0.2321	0.05838
0.7418	-0.2238	0.08589
0.7961	-0.1777	0.07118
0.8207	-0.1043	0.1085
0.8294	-0.07959	0.1422
0.8378	-0.1233	0.171
0.9241	-0.2177	0.2675
0.9844	-0.2522	0.329
0.9855	-0.229	0.3087
0.9697	-0.2062	0.3078
1.007	-0.2096	0.3399
1.093	-0.3052	0.2836
1.307	-0.4369	0.1756
1.553	-0.4613	0.07574
1.31	-0.3779	-0.03857
0.9121	-0.3463	0.017
0.9655	-0.3857	0.1259
1.102	-0.3904	0.04163
1.134	-0.3817	0.01743
1.053	-0.3795	0.06464
0.8153	-0.3862	0.03249
0.7134	-0.39	0.05632
0.6585	-0.3518	0.06962
0.5977	-0.2883	0.03776
0.6674	-0.1972	-0.001746
0.703	-0.1196	-0.1002
0.7643	-0.1028	-0.108
0.8315	-0.117	-0.05946
0.754	-0.1553	-0.07794
0.6913	-0.2117	-0.05173
0.6791	-0.2277	-0.02431
0.7253	-0.1392	-0.0318
0.9049	-0.01953	-0.02577
1.197	0.005928	-0.0634
1.534	-0.0724	-0.1216
1.677	-0.2072	-0.1458
1.591	-0.3573	-0.1068
1.516	-0.5171	-0.04932
1.438	-0.598	-0.04996
1.263	-0.558	-0.03202
1.145	-0.5517	0.004747
1.186	-0.5789	-0.001473
1.225	-0.5657	0.005696
1.191	-0.5404	0.01143
1.191	-0.3802	-0.007882
1.153	-0.03707	-0.003752
1.009	0.1788	0.0256
0.9065	0.07848	0.04888
0.827	-0.07792	0.02891
0.7102	-0.136	-0.001574
0.6922	-0.1865	0.008507
0.7017	-0.1969	0.01302
0.6161	-0.1756	0.03667
0.595	-0.1347	0.1188
0.6156	-0.08032	0.1495
0.5769	-0.09541	0.1097
0.6069	-0.1077	0.1054
0.6517	-0.14	0.1653
0.6663	-0.2123	0.2348
0.7641	-0.1991	0.2533
0.8967	-0.1729	0.2431
1.061	-0.1436	0.2138
1.262	-0.07299	0.1475
1.386	-0.06041	0.128
1.405	-0.2115	0.1332
1.524	-0.4813	0.04953
1.709	-0.535	-0.02157
1.366	-0.3525	0.06072
0.7738	-0.2788	0.2062
0.7254	-0.3752	0.2554
0.841	-0.4985	0.191
0.8543	-0.5228	0.08135
0.9579	-0.4813	-0.001872
0.9426	-0.4102	-0.01501
0.8314	-0.2499	-0.003271
0.7099	-0.1129	-0.01055
0.5813	-0.08881	-0.004721
0.5804	-0.1258	0.004671
0.6473	-0.1674	-0.03196
0.704	-0.192	-0.08186
0.7572	-0.21	-0.09611
0.84	-0.2301	-0.1144
0.9742	-0.2885	-0.1512
1.017	-0.2969	-0.1497
0.9678	-0.1931	-0.1163
0.9903	-0.1065	-0.1056
1.02	-0.06756	-0.105
1.057	-0.03408	-0.07684
1.219	0.0183	-0.03124
1.323	0.01884	-0.01368
1.352	-0.1161	-0.05067
1.487	-0.2853	-0.08757
1.56	-0.4143	-0.09883
1.496	-0.4332	-0.1327
1.398	-0.4447	-0.157
1.166	-0.6092	-0.1184
0.948	-0.711	-0.0666
1.016	-0.724	-0.0535
1.133	-0.7226	-0.02477
1.153	-0.5717	0.02475
1.213	-0.3186	0.02023
1.157	-0.07963	0.006351
1.004	-0.007109	-0.007544
0.8795	-0.05907	-0.04265
0.7058	-0.09702	-0.03082
0.655	-0.1985	-0.01882
0.6803	-0.2339	-0.02086
0.6023	-0.1773	0.03071
0.5771	-0.1552	0.1089
0.6149	-0.1004	0.1823
0.6849	-0.07581	0.2019
0.7692	-0.1043	0.1911
0.827	-0.07792	0.02891
0.7102	-0.136	-0.001574
0.6922	-0.1865	0.008507
0.7017	-0.1969	0.01302
0.6161	-0.1756	0.03667
0.595	-0.1347	0.1188
0.6156	-0.08032	0.1495
0.5769	-0.09541	0.1097
0.6069	-0.1077	0.1054
0.6517	-0.14	0.1653
0.6663	-0.2123	0.2348
0.7641	-0.1991	0.2533
0.8967	-0.1729	0.2431
1.061	-0.1436	0.2138
1.262	-0.07299	0.1475
1.386	-0.06041	0.128
1.405	-0.2115	0.1332
1.524	-0.4813	0.04953
1.709	-0.535	-0.02157
1.366	-0.3525	0.06072
0.7738	-0.2788	0.2062
0.7254	-0.3752	0.2554
0.841	-0.4985	0.191
0.8543	-0.5228	0.08135
0.9579	-0.4813	-0.001872
0.9426	-0.4102	-0.01501
0.8314	-0.2499	-0.003271
0.7099	-0.1129	-0.01055
0.5813	-0.08881	-0.004721
0.5804	-0.1258	0.004671
0.6473	-0.1674	-0.03196
0.704	-0.192	-0.08186
0.7572	-0.21	-0.09611
0.84	-0.2301	-0.1144
0.9742	-0.2885	-0.1512
1.017	-0.2969	-0.1497
0.9678	-0.1931	-0.1163
0.9903	-0.1065	-0.1056
1.02	-0.06756	-0.105
1.057	-0.03408	-0.07684
1.219	0.0183	-0.03124
1.323	0.01884	-0.01368
1.352	-0.1161	-0.05067
1.487	-0.2853	-0.08757
1.56	-0.4143	-0.09883
1.496	-0.4332	-0.1327
1.398	-0.4447	-0.157
1.166	-0.6092	-0.1184
0.948	-0.711	-0.0666
1.016	-0.724	-0.0535
1.133	-0.7226	-0.02477
1.153	-0.5717	0.02475
1.213	-0.3186	0.02023
1.157	-0.07963	0.006351
1.004	-0.007109	-0.007544
0.8795	-0.05907	-0.04265
0.7058	-0.09702	-0.03082
0.655	-0.1985	-0.01882
0.6803	-0.2339	-0.02086
0.6023	-0.1773	0.03071
0.5771	-0.1552	0.1089
0.6149	-0.1004	0.1823
0.6849	-0.07581	0.2019
0.7692	-0.1043	0.1911
0.7974	-0.1177	0.2324
0.8283	-0.1345	0.2704
0.8601	-0.1402	0.3022
0.8856	-0.1202	0.3754
0.9384	-0.09101	0.4137
1.058	-0.06156	0.38
1.208	0.03425	0.2972
1.274	0.09027	0.2113
1.389	-0.1488	0.2085
1.611	-0.4838	0.2268
1.712	-0.5743	0.1572
1.543	-0.5161	0.11
1.088	-0.3428	0.1496
0.607	-0.1067	0.1492
0.6267	-0.2101	0.09004
1.002	-0.4247	0.002749
1.111	-0.3505	-0.1101
1.076	-0.3411	-0.1265
0.9427	-0.366	-0.006773
0.6034	-0.2952	0.09639
0.5437	-0.324	0.06933
0.6366	-0.2722	-0.02651
0.6853	-0.2301	-0.1052
0.8576	-0.2572	-0.1646
0.8724	-0.2038	-0.1421
0.7936	-0.2337	-0.05693
0.7521	-0.2261	-0.02147
0.7044	-0.1737	-0.03076
0.7867	-0.1742	-0.06775
0.871	-0.07861	-0.08288
0.9027	-0.0138	-0.08208
0.9849	0.01034	-0.1004
1.175	0.04129	-0.08414
1.398	0.03066	-0.09402
1.436	0.03478	-0.1045
1.419	-0.09216	-0.09195
1.546	-0.3692	-0.1514
1.609	-0.5562	-0.1856
1.517	-0.5353	-0.1679
1.412	-0.5362	-0.1481
1.196	-0.7005	-0.103
1.026	-0.7081	-0.05505
1.135	-0.6302	-0.02496
1.165	-0.5811	-0.04423
1.114	-0.3326	-0.04724
1.131	-0.1473	-0.02001
1.001	-0.1207	-0.02467
0.8607	-0.09654	-0.01726
0.7838	-0.176	-0.02917
0.6987	-0.2515	-0.03656
0.6745	-0.2584	-0.008722
0.6513	-0.2376	-0.006377
0.6538	-0.1955	0.0271
0.6848	-0.1602	0.08437
0.7101	-0.09343	0.1234
0.7874	-0.09805	0.1502
0.8345	-0.1697	0.1441
0.8442	-0.1947	0.1574
0.875	-0.1906	0.1985
0.895	-0.1551	0.2176
0.9598	-0.1408	0.2035
1.058	-0.1395	0.1724
1.094	-0.1414	0.155
1.114	-0.217	0.1383
0.7974	-0.1177	0.2324
0.8283	-0.1345	0.2704
0.8601	-0.1402	0.3022
0.8856	-0.1202	0.3754
0.9384	-0.09101	0.4137
1.058	-0.06156	0.38
1.208	0.03425	0.2972
1.274	0.09027	0.2113
1.389	-0.1488	0.2085
1.611	-0.4838	0.2268
1.712	-0.5743	0.1572
1.543	-0.5161	0.11
1.088	-0.3428	0.1496
0.607	-0.1067	0.1492
0.6267	-0.2101	0.09004
1.002	-0.4247	0.002749
1.111	-0.3505	-0.1101
1.076	-0.3411	-0.1265
0.9427	-0.366	-0.006773
0.6034	-0.2952	0.09639
0.5437	-0.324	0.06933
0.6366	-0.2722	-0.02651
0.6853	-0.2301	-0.1052
0.8576	-0.2572	-0.1646
0.8724	-0.2038	-0.1421
0.7936	-0.2337	-0.05693
0.7521	-0.2261	-0.02147
0.7044	-0.1737	-0.03076
0.7867	-0.1742	-0.06775
0.871	-0.07861	-0.08288
0.9027	-0.0138	-0.08208
0.9849	0.01034	-0.1004
1.175	0.04129	-0.08414
1.398	0.03066	-0.09402
1.436	0.03478	-0.1045
1.419	-0.09216	-0.09195
1.546	-0.3692	-0.1514
1.609	-0.5562	-0.1856
1.517	-0.5353	-0.1679
1.412	-0.5362	-0.1481
1.196	-0.7005	-0.103
1.026	-0.7081	-0.05505
1.135	-0.6302	-0.02496
1.165	-0.5811	-0.04423
1.114	-0.3326	-0.04724
1.131	-0.1473	-0.02001
1.001	-0.1207	-0.02467
0.8607	-0.09654	-0.01726
0.7838	-0.176	-0.02917
0.6987	-0.2515	-0.03656
0.6745	-0.2584	-0.008722
0.6513	-0.2376	-0.006377
0.6538	-0.1955	0.0271
0.6848	-0.1602	0.08437
0.7101	-0.09343	0.1234
0.7874	-0.09805	0.1502
0.8345	-0.1697	0.1441
0.8442	-0.1947	0.1574
0.875	-0.1906	0.1985
0.895	-0.1551	0.2176
0.9598	-0.1408	0.2035
1.058	-0.1395	0.1724
1.094	-0.1414	0.155
1.114	-0.217	0.1383
1.246	-0.3498	0.1363
1.517	-0.5465	0.146
1.621	-0.6627	0.1209
1.236	-0.543	0.1329
0.7197	-0.3954	0.2405
0.6495	-0.3914	0.3192
0.9075	-0.4336	0.1941
1.083	-0.4519	0.002456
1.105	-0.4481	0.01016
1.023	-0.3715	0.0437
0.9233	-0.277	-0.01193
0.9035	-0.2713	0.003985
0.8679	-0.264	-0.01066
0.7737	-0.1772	-0.06991
0.7382	-0.09408	-0.08634
0.7864	-0.08513	-0.1588
0.8286	-0.1362	-0.22
0.8279	-0.225	-0.1794
0.8123	-0.3243	-0.0914
0.7882	-0.3801	0.001324
0.7862	-0.3775	0.0166
0.8052	-0.2893	-0.0642
0.8403	-0.1394	-0.122
0.951	-0.05591	-0.114
1.052	-0.06112	-0.1242
1.066	-0.07035	-0.1507
1.065	-0.05482	-0.1432
1.071	-0.06191	-0.1366
1.089	-0.1251	-0.1402
1.094	-0.188	-0.1307
1.1	-0.1664	-0.1175
1.188	-0.1022	-0.1129
1.325	-0.09654	-0.1055
1.466	-0.1539	-0.1073
1.6	-0.2612	-0.1496
1.642	-0.3487	-0.185
1.545	-0.3984	-0.154
1.385	-0.5354	-0.1137
1.231	-0.6791	-0.1265
1.131	-0.7324	-0.1221
1.11	-0.7338	-0.09413
1.074	-0.5856	-0.1193
1.054	-0.3317	-0.1461
1.081	-0.1692	-0.1552
1.026	-0.1167	-0.1605
0.9395	-0.1146	-0.1163
0.8267	-0.1369	-0.0602
0.7084	-0.1503	-0.02949
0.6641	-0.1257	-0.02014
0.5747	-0.08085	-0.003375
0.5414	-0.03412	0.0526
0.6242	-0.01517	0.09865
0.6772	-0.05569	0.1183
0.7615	-0.08817	0.1255
0.8574	-0.0859	0.1477
0.9112	-0.1017	0.2376
0.9422	-0.1256	0.3452
0.9384	-0.1212	0.3942
0.9646	-0.06642	0.3746
1.024	0.004292	0.3474
1.098	0.001771	0.3429
1.168	-0.08255	0.2961
1.247	-0.1777	0.2681
1.423	-0.3009	0.2984
1.246	-0.3498	0.1363
1.517	-0.5465	0.146
1.621	-0.6627	0.1209
1.236	-0.543	0.1329
0.7197	-0.3954	0.2405
0.6495	-0.3914	0.3192
0.9075	-0.4336	0.1941
1.083	-0.4519	0.002456
1.105	-0.4481	0.01016
1.023	-0.3715	0.0437
0.9233	-0.277	-0.01193
0.9035	-0.2713	0.003985
0.8679	-0.264	-0.01066
0.7737	-0.1772	-0.06991
0.7382	-0.09408	-0.08634
0.7864	-0.08513	-0.1588
0.8286	-0.1362	-0.22
0.8279	-0.225	-0.1794
0.8123	-0.3243	-0.0914
0.7882	-0.3801	0.001324
0.7862	-0.3775	0.0166
0.8052	-0.2893	-0.0642
0.8403	-0.1394	-0.122
0.951	-0.05591	-0.114
1.052	-0.06112	-0.1242
1.066	-0.07035	-0.1507
1.065	-0.05482	-0.1432
1.071	-0.06191	-0.1366
1.089	-0.1251	-0.1402
1.094	-0.188	-0.1307
1.1	-0.1664	-0.1175
1.188	-0.1022	-0.1129
1.325	-0.09654	-0.1055
1.466	-0.1539	-0.1073
1.6	-0.2612	-0.1496
1.642	-0.3487	-0.185
1.545	-0.3984	-0.154
1.385	-0.5354	-0.1137
1.231	-0.6791	-0.1265
1.131	-0.7324	-0.1221
1.11	-0.7338	-0.09413
1.074	-0.5856	-0.1193
1.054	-0.3317	-0.1461
1.081	-0.1692	-0.1552
1.026	-0.1167	-0.1605
0.9395	-0.1146	-0.1163
0.8267	-0.1369	-0.0602
0.7084	-0.1503	-0.02949
0.6641	-0.1257	-0.02014
0.5747	-0.08085	-0.003375
0.5414	-0.03412	0.0526
0.6242	-0.01517	0.09865
0.6772	-0.05569	0.1183
0.7615	-0.08817	0.1255
0.8574	-0.0859	0.1477
0.9112	-0.1017	0.2376
0.9422	-0.1256	0.3452
0.9384	-0.1212	0.3942
0.9646	-0.06642	0.3746
1.024	0.004292	0.3474
1.098	0.001771	0.3429
1.168	-0.08255	0.2961
1.247	-0.1777	0.2681
1.423	-0.3009	0.2984
1.525	-0.4636	0.2839
1.301	-0.4937	0.2272
0.9723	-0.3747	0.1457
0.9202	-0.3079	0.05726
0.9591	-0.277	0.01064
0.8824	-0.2484	-0.006617
0.9284	-0.2765	-0.01375
0.967	-0.2773	-0.05947
0.868	-0.2895	-0.08489
0.8019	-0.3411	-0.0174
0.7029	-0.3347	0.02942
0.6765	-0.3231	0.02201
0.7308	-0.2886	-0.0006256
0.7178	-0.1983	-0.02618
0.7551	-0.1585	-0.03414
0.7768	-0.1825	-0.0404
0.7728	-0.2061	-0.04305
0.8022	-0.2018	-0.05579
0.7817	-0.2085	-0.07447
0.7915	-0.2002	-0.08598
0.8392	-0.142	-0.094
0.9668	-0.101	-0.08919
1.233	-0.0795	-0.138
1.439	-0.08341	-0.2106
1.491	-0.1166	-0.2157
1.44	-0.195	-0.1932
1.392	-0.36	-0.1663
1.375	-0.5102	-0.1214
1.261	-0.6749	-0.07338
1.119	-0.8465	-0.09518
1.081	-0.7929	-0.1358
1.127	-0.6375	-0.05639
1.178	-0.4949	0.01681
1.111	-0.2128	0.001212
1.019	-0.04869	-0.02648
0.9853	-0.1125	-0.07817
0.8758	-0.1281	-0.0976
0.7598	-0.1999	-0.05284
0.683	-0.3269	-0.0002146
0.623	-0.3137	0.02781
0.681	-0.2522	0.01374
0.7338	-0.18	0.01833
0.72	-0.1411	0.06264
0.7426	-0.1527	0.09056
0.7437	-0.1291	0.1001
0.7399	-0.1218	0.1255
0.7672	-0.1253	0.166
0.8168	-0.126	0.1976
0.9637	-0.1392	0.2621
1.098	-0.1392	0.3135
1.087	-0.1397	0.261
1.092	-0.1285	0.2243
1.148	-0.1552	0.2367
1.17	-0.2834	0.2163
1.33	-0.4952	0.1927
1.564	-0.6159	0.1414
1.557	-0.4717	0.06237
1.327	-0.3015	0.0269
0.9804	-0.246	0.08364
0.719	-0.1831	0.1816
0.7583	-0.2378	0.1436
0.8404	-0.348	0.06303
0.8066	-0.3393	0.06225
0.8359	-0.3499	0.02368
1.525	-0.4636	0.2839
1.301	-0.4937	0.2272
0.9723	-0.3747	0.1457
0.9202	-0.3079	0.05726
0.9591	-0.277	0.01064
0.8824	-0.2484	-0.006617
0.9284	-0.2765	-0.01375
0.967	-0.2773	-0.05947
0.868	-0.2895	-0.08489
0.8019	-0.3411	-0.0174
0.7029	-0.3347	0.02942
0.6765	-0.3231	0.02201
0.7308	-0.2886	-0.0006256
0.7178	-0.1983	-0.02618
0.7551	-0.1585	-0.03414
0.7768	-0.1825	-0.0404
0.7728	-0.2061	-0.04305
0.8022	-0.2018	-0.05579
0.7817	-0.2085	-0.07447
0.7915	-0.2002	-0.08598
0.8392	-0.142	-0.094
0.9668	-0.101	-0.08919
1.233	-0.0795	-0.138
1.439	-0.08341	-0.2106
1.491	-0.1166	-0.2157
1.44	-0.195	-0.1932
1.392	-0.36	-0.1663
1.375	-0.5102	-0.1214
1.261	-0.6749	-0.07338
1.119	-0.8465	-0.09518
1.081	-0.7929	-0.1358
1.127	-0.6375	-0.05639
1.178	-0.4949	0.01681
1.111	-0.2128	0.001212
1.019	-0.04869	-0.02648
0.9853	-0.1125	-0.07817
0.8758	-0.1281	-0.0976
0.7598	-0.1999	-0.05284
0.683	-0.3269	-0.0002146
0.623	-0.3137	0.02781
0.681	-0.2522	0.01374
0.7338	-0.18	0.01833
0.72	-0.1411	0.06264
0.7426	-0.1527	0.09056
0.7437	-0.1291	0.1001
0.7399	-0.1218	0.1255
0.7672	-0.1253	0.166
0.8168	-0.126	0.1976
0.9637	-0.1392	0.2621
1.098	-0.1392	0.3135
1.087	-0.1397	0.261
1.092	-0.1285	0.2243
1.148	-0.1552	0.2367
1.17	-0.2834	0.2163
1.33	-0.4952	0.1927
1.564	-0.6159	0.1414
1.557	-0.4717	0.06237
1.327	-0.3015	0.0269
0.9804	-0.246	0.08364
0.719	-0.1831	0.1816
0.7583	-0.2378	0.1436
0.8404	-0.348	0.06303
0.8066	-0.3393	0.06225
0.8359	-0.3499	0.02368
0.8809	-0.3564	-0.004234
0.8814	-0.2624	-0.05567
0.8508	-0.1491	-0.124
0.7463	-0.07376	-0.05583
0.7133	-0.08859	-0.02805
0.789	-0.1423	-0.08101
0.8614	-0.2116	-0.1004
0.937	-0.3294	-0.1225
0.9243	-0.3449	-0.09601
0.8483	-0.261	-0.07344
0.852	-0.1753	-0.09781
0.9327	-0.05166	-0.1136
1.063	0.01407	-0.1577
1.122	-0.02421	-0.1995
1.153	-0.093	-0.1873
1.257	-0.1791	-0.1563
1.278	-0.2397	-0.1447
1.273	-0.2965	-0.1276
1.282	-0.3902	-0.1027
1.214	-0.4213	-0.06301
1.18	-0.3874	0.007695
1.136	-0.399	-0.007241
1.028	-0.4303	-0.0475
1.001	-0.4522	-0.01288
1.097	-0.4722	-0.03898
1.255	-0.4365	-0.07082
1.339	-0.3809	-0.05798
1.295	-0.3638	-0.07832
1.171	-0.3954	-0.07126
0.9812	-0.4516	-0.06412
0.8624	-0.4448	-0.07486
0.8792	-0.3891	-0.06456
0.8895	-0.2917	-0.07658
0.8406	-0.1254	-0.07934
0.79	-0.00284	-0.0495
0.7559	0.02459	0.008169
0.7491	-0.01902	0.09236
0.7645	-0.09552	0.1268
0.7756	-0.1322	0.102
0.7937	-0.1438	0.1006
0.8033	-0.1345	0.1684
0.8228	-0.09392	0.2481
0.9133	-0.04178	0.2662
1.022	0.01226	0.2602
1.074	0.01164	0.2821
1.066	-0.03706	0.2922
1.067	-0.1205	0.2419
1.145	-0.2638	0.192
1.376	-0.4654	0.1885
1.606	-0.6517	0.1575
1.352	-0.5269	0.08381
0.9029	-0.2574	0.03116
0.9078	-0.3133	0.03867
0.9951	-0.3378	0.05401
0.9541	-0.213	-0.0004061
1.019	-0.2889	-0.04048
0.9863	-0.3068	-0.01648
0.8869	-0.2783	-0.01579
0.8226	-0.3227	-0.0208
0.7163	-0.2496	0.0004168
0.6332	-0.2117	0.006175
0.5958	-0.1879	-0.02505
0.6832	-0.1433	-0.08832
0.7836	-0.1782	-0.1344
0.8809	-0.3564	-0.004234
0.8814	-0.2624	-0.05567
0.8508	-0.1491	-0.124
0.7463	-0.07376	-0.05583
0.7133	-0.08859	-0.02805
0.789	-0.1423	-0.08101
0.8614	-0.2116	-0.1004
0.937	-0.3294	-0.1225
0.9243	-0.3449	-0.09601
0.8483	-0.261	-0.07344
0.852	-0.1753	-0.09781
0.9327	-0.05166	-0.1136
1.063	0.01407	-0.1577
1.122	-0.02421	-0.1995
1.153	-0.093	-0.1873
1.257	-0.1791	-0.1563
1.278	-0.2397	-0.1447
1.273	-0.2965	-0.1276
1.282	-0.3902	-0.1027
1.214	-0.4213	-0.06301
1.18	-0.3874	0.007695
1.136	-0.399	-0.007241
1.028	-0.4303	-0.0475
1.001	-0.4522	-0.01288
1.097	-0.4722	-0.03898
1.255	-0.4365	-0.07082
1.339	-0.3809	-0.05798
1.295	-0.3638	-0.07832
1.171	-0.3954	-0.07126
0.9812	-0.4516	-0.06412
0.8624	-0.4448	-0.07486
0.8792	-0.3891	-0.06456
0.8895	-0.2917	-0.07658
0.8406	-0.1254	-0.07934
0.79	-0.00284	-0.0495
0.7559	0.02459	0.008169
0.7491	-0.01902	0.09236
0.7645	-0.09552	0.1268
0.7756	-0.1322	0.102
0.7937	-0.1438	0.1006
0.8033	-0.1345	0.1684
0.8228	-0.09392	0.2481
0.9133	-0.04178	0.2662
1.022	0.01226	0.2602
1.074	0.01164	0.2821
1.066	-0.03706	0.2922
1.067	-0.1205	0.2419
1.145	-0.2638	0.192
1.376	-0.4654	0.1885
1.606	-0.6517	0.1575
1.352	-0.5269	0.08381
0.9029	-0.2574	0.03116
0.9078	-0.3133	0.03867
0.9951	-0.3378	0.05401
0.9541	-0.213	-0.0004061
1.019	-0.2889	-0.04048
0.9863	-0.3068	-0.01648
0.8869	-0.2783	-0.01579
0.8226	-0.3227	-0.0208
0.7163	-0.2496	0.0004168
0.6332	-0.2117	0.006175
0.5958	-0.1879	-0.02505
0.6832	-0.1433	-0.08832
0.7836	-0.1782	-0.1344
0.7862	-0.179	-0.136
0.8125	-0.2029	-0.1057
0.8121	-0.2192	-0.07092
0.8565	-0.1739	-0.08321
0.9624	-0.1168	-0.13
1.037	-0.005364	-0.1556
1.161	0.01271	-0.1289
1.254	-0.03085	-0.09317
1.303	-0.0383	-0.1192
1.365	-0.1868	-0.1367
1.405	-0.3698	-0.1107
1.409	-0.4119	-0.1156
1.386	-0.4474	-0.1246
1.382	-0.5741	-0.1202
1.219	-0.7127	-0.1115
1.007	-0.7518	-0.06936
1.064	-0.683	-0.008951
1.119	-0.5588	0.04944
1.072	-0.3779	0.04598
1.142	-0.1868	-0.0218
1.182	-0.09149	-0.0728
1.055	-0.06704	-0.1044
0.8725	-0.07916	-0.06979
0.7325	-0.1235	-0.002595
0.6446	-0.1241	-0.01174
0.5921	-0.1132	-0.005395
0.5698	-0.09907	0.04233
0.5891	-0.06851	0.07917
0.6438	-0.1028	0.114
0.7133	-0.1326	0.1262
0.7536	-0.1253	0.1822
0.7596	-0.1485	0.2786
0.8251	-0.1912	0.3376
0.9119	-0.2136	0.3675
0.986	-0.1351	0.36
1.145	-0.02135	0.346
1.316	0.02902	0.3034
1.4	0.09117	0.2451
1.384	0.07776	0.2876
1.356	-0.2041	0.3111
1.45	-0.5821	0.2117
1.448	-0.6336	0.1081
1.13	-0.3724	0.05779
0.7611	-0.2227	0.05265
0.6664	-0.2517	0.0805
0.7383	-0.2592	0.09939
0.819	-0.2897	0.03787
0.994	-0.3947	-0.04579
1	-0.4225	-0.02567
0.7958	-0.3394	0.01413
0.7532	-0.2399	0.01009
0.7053	-0.1063	-0.001933
0.6982	-0.009857	-0.04681
0.8001	-0.04469	-0.09089
0.7693	-0.1011	-0.11
0.8179	-0.1802	-0.09449
0.8447	-0.2904	-0.05625
0.8119	-0.2861	-0.07987
0.8889	-0.2008	-0.09402
0.8875	-0.1037	-0.05293
1.014	0.002101	-0.05663
1.246	0.02508	-0.1015
1.361	-0.01585	-0.1641
1.427	-0.06505	-0.1844
0.7862	-0.179	-0.136
0.8125	-0.2029	-0.1057
0.8121	-0.2192	-0.07092
0.8565	-0.1739	-0.08321
0.9624	-0.1168	-0.13
1.037	-0.005364	-0.1556
1.161	0.01271	-0.1289
1.254	-0.03085	-0.09317
1.303	-0.0383	-0.1192
1.365	-0.1868	-0.1367
1.405	-0.3698	-0.1107
1.409	-0.4119	-0.1156
1.386	-0.4474	-0.1246
1.382	-0.5741	-0.1202
1.219	-0.7127	-0.1115
1.007	-0.7518	-0.06936
1.064	-0.683	-0.008951
1.119	-0.5588	0.04944
1.072	-0.3779	0.04598
1.142	-0.1868	-0.0218
1.182	-0.09149	-0.0728
1.055	-0.06704	-0.1044
0.8725	-0.07916	-0.06979
0.7325	-0.1235	-0.002595
0.6446	-0.1241	-0.01174
0.5921	-0.1132	-0.005395
0.5698	-0.09907	0.04233
0.5891	-0.06851	0.07917
0.6438	-0.1028	0.114
0.7133	-0.1326	0.1262
0.7536	-0.1253	0.1822
0.7596	-0.1485	0.2786
0.8251	-0.1912	0.3376
0.9119	-0.2136	0.3675
0.986	-0.1351	0.36
1.145	-0.02135	0.346
1.316	0.02902	0.3034
1.4	0.09117	0.2451
1.384	0.07776	0.2876
1.356	-0.2041	0.3111
1.45	-0.5821	0.2117
1.448	-0.6336	0.1081
1.13	-0.3724	0.05779
0.7611	-0.2227	0.05265
0.6664	-0.2517	0.0805
0.7383	-0.2592	0.09939
0.819	-0.2897	0.03787
0.994	-0.3947	-0.04579
1	-0.4225	-0.02567
0.7958	-0.3394	0.01413
0.7532	-0.2399	0.01009
0.7053	-0.1063	-0.001933
0.6982	-0.009857	-0.04681
0.8001	-0.04469	-0.09089
0.7693	-0.1011	-0.11
0.8179	-0.1802	-0.09449
0.8447	-0.2904	-0.05625
0.8119	-0.2861	-0.07987
0.8889	-0.2008	-0.09402
0.8875	-0.1037	-0.05293
1.014	0.002101	-0.05663
1.246	0.02508	-0.1015
1.361	-0.01585	-0.1641
1.427	-0.06505	-0.1844
1.37	-0.2334	-0.1315
1.336	-0.4565	-0.1053
1.345	-0.4685	-0.09733
1.305	-0.4009	-0.07689
1.288	-0.4809	-0.06006
1.222	-0.5052	-0.04437
1.23	-0.5086	-0.03142
1.283	-0.6127	0.02079
1.248	-0.5568	0.04992
1.24	-0.3827	0.01243
1.191	-0.2087	-0.01321
1.127	-0.07479	-0.03414
1.059	-0.1323	-0.01815
0.8763	-0.1491	0.02287
0.7755	-0.147	0.003046
0.7853	-0.2888	-0.004462
0.7021	-0.2684	0.01429
0.6012	-0.1974	0.02468
0.5874	-0.205	0.0629
0.6324	-0.1294	0.07269
0.7217	-0.118	0.06275
0.7921	-0.1268	0.1056
0.7882	-0.08319	0.1797
0.7726	-0.09046	0.2814
0.816	-0.09831	0.36
0.9234	-0.1211	0.3526
1.065	-0.126	0.3318
1.151	-0.1029	0.3307
1.147	-0.1486	0.3109
1.21	-0.2935	0.2748
1.405	-0.5584	0.2069
1.54	-0.7009	0.05838
1.398	-0.5839	-0.08261
1.038	-0.4201	-0.002762
0.7799	-0.2129	0.1562
0.7477	-0.09562	0.1197
0.8382	-0.1943	0.05303
0.9201	-0.2231	0.02714
0.9308	-0.2316	-0.0158
0.9295	-0.3127	0.01801
0.8552	-0.2733	0.0074
0.711	-0.2062	-0.02854
0.6083	-0.1366	-0.008792
0.5927	-0.0829	-0.04261
0.749	-0.1704	-0.05774
0.9283	-0.2341	-0.104
0.9655	-0.2702	-0.1676
0.8991	-0.2999	-0.108
0.7915	-0.2347	-0.08623
0.778	-0.1917	-0.1167
0.8827	-0.1244	-0.1284
1.102	-0.02708	-0.1632
1.325	0.01833	-0.1788
1.392	0.03481	-0.1818
1.398	-0.1021	-0.1766
1.417	-0.3352	-0.1709
1.502	-0.4562	-0.1848
1.559	-0.4644	-0.204
1.412	-0.5087	-0.2168
1.227	-0.6284	-0.168
1.147	-0.6471	-0.07573
1.165	-0.6064	0.00959
1.173	-0.5255	0.08604
1.134	-0.2953	0.08537
1.37	-0.2334	-0.1315
1.336	-0.4565	-0.1053
1.345	-0.4685	-0.09733
1.305	-0.4009	-0.07689
1.288	-0.4809	-0.06006
1.222	-0.5052	-0.04437
1.23	-0.5086	-0.03142
1.283	-0.6127	0.02079
1.248	-0.5568	0.04992
1.24	-0.3827	0.01243
1.191	-0.2087	-0.01321
1.127	-0.07479	-0.03414
1.059	-0.1323	-0.01815
0.8763	-0.1491	0.02287
0.7755	-0.147	0.003046
0.7853	-0.2888	-0.004462
0.7021	-0.2684	0.01429
0.6012	-0.1974	0.02468
0.5874	-0.205	0.0629
0.6324	-0.1294	0.07269
0.7217	-0.118	0.06275
0.7921	-0.1268	0.1056
0.7882	-0.08319	0.1797
0.7726	-0.09046	0.2814
0.816	-0.09831	0.36
0.9234	-0.1211	0.3526
1.065	-0.126	0.3318
1.151	-0.1029	0.3307
1.147	-0.1486	0.3109
1.21	-0.2935	0.2748
1.405	-0.5584	0.2069
1.54	-0.7009	0.05838
1.398	-0.5839	-0.08261
1.038	-0.4201	-0.002762
0.7799	-0.2129	0.1562
0.7477	-0.09562	0.1197
0.8382	-0.1943	0.05303
0.9201	-0.2231	0.02714
0.9308	-0.2316	-0.0158
0.9295	-0.3127	0.01801
0.8552	-0.2733	0.0074
0.711	-0.2062	-0.02854
0.6083	-0.1366	-0.008792
0.5927	-0.0829	-0.04261
0.749	-0.1704	-0.05774
0.9283	-0.2341	-0.104
0.9655	-0.2702	-0.1676
0.8991	-0.2999	-0.108
0.7915	-0.2347	-0.08623
0.778	-0.1917	-0.1167
0.8827	-0.1244	-0.1284
1.102	-0.02708	-0.1632
1.325	0.01833	-0.1788
1.392	0.03481	-0.1818
1.398	-0.1021	-0.1766
1.417	-0.3352	-0.1709
1.502	-0.4562	-0.1848
1.559	-0.4644	-0.204
1.412	-0.5087	-0.2168
1.227	-0.6284	-0.168
1.147	-0.6471	-0.07573
1.165	-0.6064	0.00959
1.173	-0.5255	0.08604
1.134	-0.2953	0.08537
1.155	-0.1023	-0.04195
1.127	0.01922	-0.1738
1.022	0.04108	-0.1668
0.8721	-0.1169	-0.1163
0.7013	-0.2066	-0.1089
0.6427	-0.2436	-0.03593
0.5517	-0.2961	0.04669
0.4462	-0.2483	0.06441
0.4779	-0.2034	0.137
0.501	-0.158	0.1986
0.5995	-0.09518	0.1613
0.7691	-0.07564	0.1643
0.8422	-0.07505	0.2013
0.9168	-0.1204	0.2015
0.9647	-0.1409	0.2432
1.003	-0.1137	0.3244
1.081	-0.1016	0.3495
1.105	-0.08658	0.2616
1.178	-0.1132	0.1663
1.311	-0.2611	0.1961
1.452	-0.5376	0.1887
1.523	-0.6659	0.06861
1.294	-0.4761	0.03598
0.9679	-0.3033	0.09216
0.865	-0.2752	0.1341
0.8724	-0.2627	0.1446
0.8919	-0.2962	0.1146
0.9638	-0.3821	0.0457
1.035	-0.4784	-0.04122
0.9862	-0.4742	-0.0296
0.8201	-0.3433	0.01593
0.6942	-0.234	-0.03134
0.709	-0.1798	-0.02586
0.7561	-0.1651	-0.02046
0.72	-0.1424	-0.08706
0.7153	-0.1074	-0.08673
0.7544	-0.1682	-0.07014
0.7413	-0.2126	-0.06025
0.7687	-0.1898	-0.06086
0.8168	-0.182	-0.1055
0.8468	-0.1324	-0.1225
0.8917	-0.103	-0.128
0.9292	-0.08779	-0.1112
1.061	-0.04728	-0.09163
1.204	-0.05075	-0.1106
1.242	-0.03379	-0.1016
1.259	-0.07243	-0.09447
1.258	-0.2561	-0.08305
1.309	-0.4819	-0.06146
1.393	-0.6397	-0.08003
1.377	-0.6414	-0.0787
1.237	-0.5977	-0.05051
1.025	-0.5808	-0.03852
1.01	-0.5408	-0.07837
1.169	-0.5215	-0.1432
1.212	-0.441	-0.1374
1.147	-0.2689	-0.09947
1.031	-0.1348	-0.07223
0.9712	-0.09009	-0.05593
0.9995	-0.1192	-0.08953
0.9476	-0.1594	-0.1114
0.7928	-0.2048	-0.06731
0.6259	-0.2418	-0.02194
0.575	-0.2096	-0.01367
0.7102	-0.3631	0.001511
0.7312	-0.3564	0.003943
0.7151	-0.298	0.005323
0.6779	-0.175	0.01158
0.6436	-0.07423	0.05268
0.6365	-0.07326	0.0969
0.6216	-0.098	0.1386
0.6411	-0.1163	0.1661
0.7049	-0.1675	0.1791
0.7786	-0.1938	0.1814
1.028	-0.2247	0.181
1.336	-0.2907	0.2153
1.313	-0.2567	0.2553
1.119	-0.1186	0.286
1.057	0.005869	0.3224
0.9945	0.02191	0.3145
1.017	-0.1778	0.265
1.235	-0.522	0.232
1.342	-0.7277	0.1971
1.283	-0.64	0.1023
1.135	-0.4922	-0.0007848
1.005	-0.4621	0.0001135
1.04	-0.3873	0.01045
1.059	-0.3509	-0.08284
1.029	-0.3877	-0.1104
0.9883	-0.3381	-0.04404
0.8897	-0.35	-0.01732
0.8145	-0.3432	0.004071
0.7173	-0.2412	-0.01416
0.6113	-0.1802	-0.04235
0.552	-0.1021	-0.003704
0.5342	-0.1267	0.005811
0.5935	-0.2156	-0.002905
0.7228	-0.2738	-0.04791
0.9122	-0.3602	-0.1674
1.088	-0.3152	-0.2593
1.175	-0.2262	-0.2847
1.163	-0.1437	-0.2326
1.147	-0.04038	-0.1637
1.223	-0.05256	-0.1368
1.312	-0.04377	-0.1184
1.372	-0.08283	-0.1202
1.373	-0.3072	-0.132
1.345	-0.5809	-0.1749
1.369	-0.7542	-0.2569
1.325	-0.6673	-0.2689
1.146	-0.5949	-0.1765
0.9295	-0.6799	-0.06465
0.8825	-0.6292	-0.02498
1.013	-0.5611	-0.04145
1.068	-0.4591	-0.0418
1.118	-0.2416	-0.0404
1.163	-0.1701	-0.0489
1.073	-0.1065	-0.03593
1.009	-0.03697	-0.01238
0.8976	-0.1515	0.01027
0.7482	-0.1841	0.03036
0.7513	-0.09441	0.03793
0.7321	-0.05347	0.06611
0.6751	-0.05591	0.1075
0.6916	-0.1288	0.1216
0.711	-0.2063	0.152
0.7479	-0.2432	0.1964
0.8077	-0.2408	0.2157
0.8397	-0.1838	0.2435
0.8476	-0.106	0.2912
0.8738	0.01632	0.3343
0.9278	0.09791	0.3309
1.026	0.07632	0.286
1.153	0.003996	0.2677
1.258	-0.2137	0.2781
1.482	-0.546	0.2738
1.671	-0.6834	0.2159
1.326	-0.4684	0.1488
0.859	-0.245	0.1377
0.9679	-0.2783	0.06942
1.092	-0.3209	-0.04444
0.9197	-0.3518	-0.01617
0.9309	-0.4471	0.0373
0.8726	-0.4231	-0.005498
0.7082	-0.3693	-0.007968
0.6748	-0.3671	-0.009583
0.5711	-0.3167	-0.03301
0.633	-0.2583	-0.008927
0.7675	-0.1647	-0.03769
0.7738	-0.08592	-0.06526
0.8442	-0.1253	-0.04514
0.7988	-0.1385	-0.06271
0.772	-0.1567	-0.05257
0.791	-0.2596	-0.0422
0.781	-0.2531	-0.06779
0.948	-0.173	-0.08062
0.9887	-0.1278	-0.09551
0.9746	-0.07688	-0.0946
1.08	-0.08722	-0.111
1.154	-0.1107	-0.1339
1.34	-0.113	-0.1148
1.461	-0.1766	-0.1089
1.466	-0.2684	-0.1161
1.489	-0.3649	-0.1358
1.466	-0.3991	-0.1845
1.409	-0.4234	-0.2044
1.208	-0.5734	-0.1519
1.05	-0.6891	-0.07452
1.129	-0.6869	-0.02574
1.191	-0.5795	0.03021
1.181	-0.3647	0.05367
1.165	-0.2138	-0.002905
1.093	-0.1403	-0.05359
0.9622	-0.1216	-0.0729
0.8289	-0.1884	-0.05683
0.7295	-0.2379	-0.02463
0.6712	-0.2653	-0.03588
0.6332	-0.2532	-0.0009113
0.5981	-0.197	0.09703
0.6201	-0.1678	0.1426
0.6476	-0.1512	0.1484
0.6647	-0.1421	0.1731
0.7121	-0.09642	0.2244
0.7357	-0.04992	0.2499
0.8157	-0.06284	0.251
0.9538	-0.06184	0.311
1.06	-0.0907	0.3625
1.16	-0.1634	0.333
1.268	-0.2137	0.3092
1.468	-0.2999	0.2721
1.772	-0.4879	0.09278
1.903	-0.6401	-0.08485
0.8397	-0.1838	0.2435
0.8476	-0.106	0.2912
0.8738	0.01632	0.3343
0.9278	0.09791	0.3309
1.026	0.07632	0.286
1.153	0.003996	0.2677
1.258	-0.2137	0.2781
1.482	-0.546	0.2738
1.671	-0.6834	0.2159
1.326	-0.4684	0.1488
0.859	-0.245	0.1377
0.9679	-0.2783	0.06942
1.092	-0.3209	-0.04444
0.9197	-0.3518	-0.01617
0.9309	-0.4471	0.0373
0.8726	-0.4231	-0.005498
0.7082	-0.3693	-0.007968
0.6748	-0.3671	-0.009583
0.5711	-0.3167	-0.03301
0.633	-0.2583	-0.008927
0.7675	-0.1647	-0.03769
0.7738	-0.08592	-0.06526
0.8442	-0.1253	-0.04514
0.7988	-0.1385	-0.06271
0.772	-0.1567	-0.05257
0.791	-0.2596	-0.0422
0.781	-0.2531	-0.06779
0.948	-0.173	-0.08062
0.9887	-0.1278	-0.09551
0.9746	-0.07688	-0.0946
1.08	-0.08722	-0.111
1.154	-0.1107	-0.1339
1.34	-0.113	-0.1148
1.461	-0.1766	-0.1089
1.466	-0.2684	-0.1161
1.489	-0.3649	-0.1358
1.466	-0.3991	-0.1845
1.409	-0.4234	-0.2044
1.208	-0.5734	-0.1519
1.05	-0.6891	-0.07452
1.129	-0.6869	-0.02574
1.191	-0.5795	0.03021
1.181	-0.3647	0.05367
1.165	-0.2138	-0.002905
1.093	-0.1403	-0.05359
0.9622	-0.1216	-0.0729
0.8289	-0.1884	-0.05683
0.7295	-0.2379	-0.02463
0.6712	-0.2653	-0.03588
0.6332	-0.2532	-0.0009113
0.5981	-0.197	0.09703
0.6201	-0.1678	0.1426
0.6476	-0.1512	0.1484
0.6647	-0.1421	0.1731
0.7121	-0.09642	0.2244
0.7357	-0.04992	0.2499
0.8157	-0.06284	0.251
0.9538	-0.06184	0.311
1.06	-0.0907	0.3625
1.16	-0.1634	0.333
1.268	-0.2137	0.3092
1.468	-0.2999	0.2721
1.772	-0.4879	0.09278
1.903	-0.6401	-0.08485
1.625	-0.5271	-0.01629
1.115	-0.2756	0.1007
0.7392	-0.1272	0.09018
0.6744	-0.1476	0.106
0.6889	-0.2827	0.1186
0.6166	-0.3216	0.09534
0.8172	-0.3439	0.02301
1.051	-0.3872	-0.1309
0.9562	-0.3254	-0.1287
0.8997	-0.3447	-0.03357
0.7934	-0.3246	-0.04871
0.707	-0.2088	-0.05893
0.7829	-0.166	-0.09086
0.7411	-0.09599	-0.1133
0.7994	-0.1389	-0.07999
0.8726	-0.2568	-0.09923
0.8729	-0.3335	-0.1064
0.9416	-0.4054	-0.1092
0.906	-0.2529	-0.1141
0.9553	-0.04071	-0.08219
1.039	0.03788	-0.09968
1.096	0.02388	-0.1411
1.28	-0.1161	-0.1794
1.364	-0.2544	-0.187
1.427	-0.4525	-0.1677
1.504	-0.6379	-0.1826
1.453	-0.6589	-0.1083
1.261	-0.7182	0.01955
0.9843	-0.7898	0.03972
0.9727	-0.8031	0.0242
1.085	-0.7863	0.03624
1.029	-0.6242	0.04444
1.057	-0.304	0.01564
1.116	-0.08151	-0.03118
1.089	-0.1586	-0.08176
1.042	-0.2308	-0.1266
0.893	-0.195	-0.06696
0.7803	-0.2526	0.008175
0.7593	-0.2267	-0.02605
0.6625	-0.1468	-0.01442
0.5768	-0.1279	0.07278
0.6028	-0.07538	0.1126
0.6797	-0.09011	0.1182
0.7428	-0.1273	0.1123
0.7665	-0.167	0.1163
0.7973	-0.279	0.1636
0.8371	-0.2679	0.214
0.883	-0.1671	0.2253
0.96	-0.0903	0.1948
1.015	0.02594	0.1749
1.051	0.04653	0.1854
1.11	-0.1141	0.1634
1.198	-0.3836	0.1378
1.346	-0.6266	0.147
1.419	-0.6416	0.1425
1.282	-0.5094	0.1353
1.031	-0.4661	0.1697
0.7728	-0.558	0.2117
0.7105	-0.6657	0.1906
0.8663	-0.653	0.1239
0.9725	-0.5824	0.05508
1.066	-0.4991	-0.04799
1.146	-0.3346	-0.1825
1.073	-0.1611	-0.2299
1.625	-0.5271	-0.01629
1.115	-0.2756	0.1007
0.7392	-0.1272	0.09018
0.6744	-0.1476	0.106
0.6889	-0.2827	0.1186
0.6166	-0.3216	0.09534
0.8172	-0.3439	0.02301
1.051	-0.3872	-0.1309
0.9562	-0.3254	-0.1287
0.8997	-0.3447	-0.03357
0.7934	-0.3246	-0.04871
0.707	-0.2088	-0.05893
0.7829	-0.166	-0.09086
0.7411	-0.09599	-0.1133
0.7994	-0.1389	-0.07999
0.8726	-0.2568	-0.09923
0.8729	-0.3335	-0.1064
0.9416	-0.4054	-0.1092
0.906	-0.2529	-0.1141
0.9553	-0.04071	-0.08219
1.039	0.03788	-0.09968
1.096	0.02388	-0.1411
1.28	-0.1161	-0.1794
1.364	-0.2544	-0.187
1.427	-0.4525	-0.1677
1.504	-0.6379	-0.1826
1.453	-0.6589	-0.1083
1.261	-0.7182	0.01955
0.9843	-0.7898	0.03972
0.9727	-0.8031	0.0242
1.085	-0.7863	0.03624
1.029	-0.6242	0.04444
1.057	-0.304	0.01564
1.116	-0.08151	-0.03118
1.089	-0.1586	-0.08176
1.042	-0.2308	-0.1266
0.893	-0.195	-0.06696
0.7803	-0.2526	0.008175
0.7593	-0.2267	-0.02605
0.6625	-0.1468	-0.01442
0.5768	-0.1279	0.07278
0.6028	-0.07538	0.1126
0.6797	-0.09011	0.1182
0.7428	-0.1273	0.1123
0.7665	-0.167	0.1163
0.7973	-0.279	0.1636
0.8371	-0.2679	0.214
0.883	-0.1671	0.2253
0.96	-0.0903	0.1948
1.015	0.02594	0.1749
1.051	0.04653	0.1854
1.11	-0.1141	0.1634
1.198	-0.3836	0.1378
1.346	-0.6266	0.147
1.419	-0.6416	0.1425
1.282	-0.5094	0.1353
1.031	-0.4661	0.1697
0.7728	-0.558	0.2117
0.7105	-0.6657	0.1906
0.8663	-0.653	0.1239
0.9725	-0.5824	0.05508
1.066	-0.4991	-0.04799
1.146	-0.3346	-0.1825
1.073	-0.1611	-0.2299
0.9674	-0.02835	-0.1431
0.8065	0.0184	-0.08846
0.6488	-0.06264	-0.09943
0.6778	-0.1705	-0.08247
0.7326	-0.2899	-0.1013
0.7577	-0.3431	-0.1194
0.8013	-0.254	-0.1163
0.8154	-0.1644	-0.1635
0.8755	-0.07277	-0.1844
0.9439	-0.01259	-0.1793
0.9729	-0.05199	-0.1856
0.9973	-0.08363	-0.182
0.987	-0.1683	-0.164
1.008	-0.2195	-0.1293
1.062	-0.09628	-0.1336
1.136	-0.008929	-0.1387
1.281	-0.017	-0.08748
1.379	-0.1044	-0.02017
1.436	-0.2882	0.01029
1.588	-0.4257	-0.07529
1.684	-0.483	-0.1537
1.504	-0.515	-0.0789
1.192	-0.5469	-0.01745
0.9915	-0.565	-0.04549
0.8842	-0.5682	-0.04488
0.9511	-0.5558	-0.04482
1.129	-0.4663	-0.1067
1.141	-0.3583	-0.1651
1.122	-0.2726	-0.1836
1.096	-0.1928	-0.1746
0.9439	-0.1691	-0.1316
0.8154	-0.1786	-0.05968
0.7318	-0.1647	-0.004757
0.7267	-0.127	0.0154
0.7384	-0.1136	0.06754
0.7067	-0.1032	0.1063
0.7854	-0.08771	0.05627
0.8317	-0.1038	0.04103
0.7771	-0.09759	0.1103
0.7536	-0.1052	0.1715
0.7446	-0.1171	0.1893
0.7488	-0.09235	0.2112
0.7318	-0.1015	0.2695
0.7482	-0.09907	0.2659
0.8481	-0.09331	0.2049
0.965	-0.1055	0.1936
1.102	-0.1055	0.1988
1.254	-0.137	0.2298
1.394	-0.2086	0.3234
1.465	-0.4406	0.3847
1.506	-0.7037	0.2994
1.446	-0.6038	0.1673
1.159	-0.3878	0.1685
0.9519	-0.3777	0.1466
0.8641	-0.3502	0.06135
0.7532	-0.3636	0.08411
0.7329	-0.4413	0.0667
0.7052	-0.3508	0.001296
0.7299	-0.2898	-0.0379
0.78	-0.2684	-0.1027
0.681	-0.1646	-0.04562
0.6291	-0.153	0.0347
0.6417	-0.1521	-0.002982
0.7115	-0.161	-0.04815
0.9674	-0.02835	-0.1431
0.8065	0.0184	-0.08846
0.6488	-0.06264	-0.09943
0.6778	-0.1705	-0.08247
0.7326	-0.2899	-0.1013
0.7577	-0.3431	-0.1194
0.8013	-0.254	-0.1163
0.8154	-0.1644	-0.1635
0.8755	-0.07277	-0.1844
0.9439	-0.01259	-0.1793
0.9729	-0.05199	-0.1856
0.9973	-0.08363	-0.182
0.987	-0.1683	-0.164
1.008	-0.2195	-0.1293
1.062	-0.09628	-0.1336
1.136	-0.008929	-0.1387
1.281	-0.017	-0.08748
1.379	-0.1044	-0.02017
1.436	-0.2882	0.01029
1.588	-0.4257	-0.07529
1.684	-0.483	-0.1537
1.504	-0.515	-0.0789
1.192	-0.5469	-0.01745
0.9915	-0.565	-0.04549
0.8842	-0.5682	-0.04488
0.9511	-0.5558	-0.04482
1.129	-0.4663	-0.1067
1.141	-0.3583	-0.1651
1.122	-0.2726	-0.1836
1.096	-0.1928	-0.1746
0.9439	-0.1691	-0.1316
0.8154	-0.1786	-0.05968
0.7318	-0.1647	-0.004757
0.7267	-0.127	0.0154
0.7384	-0.1136	0.06754
0.7067	-0.1032	0.1063
0.7854	-0.08771	0.05627
0.8317	-0.1038	0.04103
0.7771	-0.09759	0.1103
0.7536	-0.1052	0.1715
0.7446	-0.1171	0.1893
0.7488	-0.09235	0.2112
0.7318	-0.1015	0.2695
0.7482	-0.09907	0.2659
0.8481	-0.09331	0.2049
0.965	-0.1055	0.1936
1.102	-0.1055	0.1988
1.254	-0.137	0.2298
1.394	-0.2086	0.3234
1.465	-0.4406	0.3847
1.506	-0.7037	0.2994
1.446	-0.6038	0.1673
1.159	-0.3878	0.1685
0.9519	-0.3777	0.1466
0.8641	-0.3502	0.06135
0.7532	-0.3636	0.08411
0.7329	-0.4413	0.0667
0.7052	-0.3508	0.001296
0.7299	-0.2898	-0.0379
0.78	-0.2684	-0.1027
0.681	-0.1646	-0.04562
0.6291	-0.153	0.0347
0.6417	-0.1521	-0.002982
0.7115	-0.161	-0.04815
0.8768	-0.2697	-0.1144
0.9666	-0.3694	-0.1291
0.971	-0.391	-0.08696
0.956	-0.2866	-0.1019
0.9697	-0.1291	-0.09431
0.9903	0.03991	-0.06489
1.082	0.1004	-0.04044
1.301	-0.03645	-0.01673
1.382	-0.1281	-0.07092
1.348	-0.2291	-0.117
1.376	-0.394	-0.08056
1.402	-0.4249	-0.06343
1.459	-0.3744	-0.0929
1.534	-0.3235	-0.1402
1.484	-0.3542	-0.1702
1.204	-0.4511	-0.08814
0.9183	-0.5119	0.04438
0.9573	-0.5307	0.04655
1.068	-0.4571	0.001659
1.01	-0.3834	0.02103
1.037	-0.3079	0.01393
1.09	-0.2001	0.01205
1.019	-0.2052	0.02698
1.014	-0.2106	-0.009302
0.9838	-0.202	-0.02655
0.8365	-0.2408	-0.00714
0.7151	-0.2121	0.02148
0.6287	-0.1879	0.05707
0.6245	-0.1844	0.07136
0.6409	-0.1754	0.07516
0.6449	-0.1877	0.09682
0.7074	-0.1579	0.1416
0.7193	-0.1174	0.1613
0.7186	-0.07846	0.1737
0.7313	-0.02956	0.2222
0.7378	-0.0141	0.2605
0.8351	-0.02439	0.2954
1.001	-0.04775	0.2778
1.213	-0.06274	0.2321
1.351	-0.1303	0.2872
1.386	-0.3628	0.3093
1.464	-0.6465	0.2347
1.412	-0.6853	0.1627
1.156	-0.5227	0.1042
0.9921	-0.4903	0.09495
1.026	-0.5016	0.06301
1.097	-0.4329	-0.02045
1.095	-0.3998	-0.03225
1.063	-0.3375	0.01211
1.019	-0.3246	0.04091
0.9351	-0.3515	0.01504
0.8543	-0.2573	-0.04341
0.7795	-0.1514	-0.08538
0.704	-0.06836	-0.1081
0.6807	-0.08342	-0.06973
0.7084	-0.2229	-0.01794
0.757	-0.3483	-0.01856
0.766	-0.4273	-0.0314
0.7218	-0.3762	-0.04836
0.6943	-0.3122	-0.04923
0.7222	-0.2233	-0.06963
0.8226	0.03033	-0.1521
0.9647	0.09493	-0.2054
1.155	-0.008826	-0.2059
0.8768	-0.2697	-0.1144
0.9666	-0.3694	-0.1291
0.971	-0.391	-0.08696
0.956	-0.2866	-0.1019
0.9697	-0.1291	-0.09431
0.9903	0.03991	-0.06489
1.082	0.1004	-0.04044
1.301	-0.03645	-0.01673
1.382	-0.1281	-0.07092
1.348	-0.2291	-0.117
1.376	-0.394	-0.08056
1.402	-0.4249	-0.06343
1.459	-0.3744	-0.0929
1.534	-0.3235	-0.1402
1.484	-0.3542	-0.1702
1.204	-0.4511	-0.08814
0.9183	-0.5119	0.04438
0.9573	-0.5307	0.04655
1.068	-0.4571	0.001659
1.01	-0.3834	0.02103
1.037	-0.3079	0.01393
1.09	-0.2001	0.01205
1.019	-0.2052	0.02698
1.014	-0.2106	-0.009302
0.9838	-0.202	-0.02655
0.8365	-0.2408	-0.00714
0.7151	-0.2121	0.02148
0.6287	-0.1879	0.05707
0.6245	-0.1844	0.07136
0.6409	-0.1754	0.07516
0.6449	-0.1877	0.09682
0.7074	-0.1579	0.1416
0.7193	-0.1174	0.1613
0.7186	-0.07846	0.1737
0.7313	-0.02956	0.2222
0.7378	-0.0141	0.2605
0.8351	-0.02439	0.2954
1.001	-0.04775	0.2778
1.213	-0.06274	0.2321
1.351	-0.1303	0.2872
1.386	-0.3628	0.3093
1.464	-0.6465	0.2347
1.412	-0.6853	0.1627
1.156	-0.5227	0.1042
0.9921	-0.4903	0.09495
1.026	-0.5016	0.06301
1.097	-0.4329	-0.02045
1.095	-0.3998	-0.03225
1.063	-0.3375	0.01211
1.019	-0.3246	0.04091
0.9351	-0.3515	0.01504
0.8543	-0.2573	-0.04341
0.7795	-0.1514	-0.08538
0.704	-0.06836	-0.1081
0.6807	-0.08342	-0.06973
0.7084	-0.2229	-0.01794
0.757	-0.3483	-0.01856
0.766	-0.4273	-0.0314
0.7218	-0.3762	-0.04836
0.6943	-0.3122	-0.04923
0.7222	-0.2233	-0.06963
0.8226	0.03033	-0.1521
0.9647	0.09493	-0.2054
1.155	-0.008826	-0.2059
1.374	-0.02163	-0.1861
1.442	-0.1708	-0.1386
1.359	-0.4502	-0.09263
1.336	-0.627	-0.0935
1.373	-0.6464	-0.09785
1.308	-0.5795	-0.02828
1.129	-0.5431	0.03761
0.9588	-0.4962	0.03919
0.9605	-0.4135	0.02659
1.063	-0.3441	0.01155
1.08	-0.3017	0.01455
1.168	-0.3615	-0.01715
1.22	-0.4326	-0.1223
1.065	-0.3931	-0.1856
0.9563	-0.3401	-0.1397
0.8646	-0.2685	-0.06539
0.8399	-0.1927	-0.06219
0.9185	-0.1831	-0.06238
0.8702	-0.1484	-0.03532
0.8503	-0.1152	-0.0289
0.8207	-0.1025	0.03286
0.746	-0.04054	0.08282
0.808	-0.01317	0.0484
0.8036	-0.02049	0.03671
0.7457	-0.02478	0.07322
0.7297	-0.05986	0.1393
0.7173	-0.07646	0.2075
0.7945	-0.07991	0.2513
0.9083	-0.0713	0.2705
1.063	-0.01853	0.2723
1.203	0.01428	0.2671
1.246	-0.005513	0.2378
1.326	-0.1256	0.2216
1.519	-0.4067	0.2218
1.675	-0.6361	0.1942
1.399	-0.5456	0.1683
0.8189	-0.3768	0.1753
0.5396	-0.3843	0.1924
0.5438	-0.3667	0.173
0.6413	-0.3563	0.1406
0.7731	-0.3772	0.08019
0.8565	-0.2821	-0.01996
0.9163	-0.2407	-0.03999
0.8719	-0.2217	-0.02236
0.8258	-0.1776	-0.05915
0.8369	-0.1798	-0.09396
0.7955	-0.129	-0.1059
0.8406	-0.1367	-0.09934
0.9021	-0.1756	-0.1003
0.9076	-0.1746	-0.1186
0.9473	-0.2127	-0.1303
0.9504	-0.2187	-0.1526
0.9619	-0.2356	-0.1867
0.9778	-0.2072	-0.2035
1.012	-0.1201	-0.1711
1.123	-0.1063	-0.1263
1.158	-0.09191	-0.1103
1.147	-0.08638	-0.08127
1.203	-0.061	-0.06004
1.296	-0.02905	-0.08226
1.353	-0.1407	-0.1086
1.333	-0.293	-0.111
1.346	-0.396	-0.0878
1.368	-0.4825	-0.07148
1.374	-0.02163	-0.1861
1.442	-0.1708	-0.1386
1.359	-0.4502	-0.09263
1.336	-0.627	-0.0935
1.373	-0.6464	-0.09785
1.308	-0.5795	-0.02828
1.129	-0.5431	0.03761
0.9588	-0.4962	0.03919
0.9605	-0.4135	0.02659
1.063	-0.3441	0.01155
1.08	-0.3017	0.01455
1.168	-0.3615	-0.01715
1.22	-0.4326	-0.1223
1.065	-0.3931	-0.1856
0.9563	-0.3401	-0.1397
0.8646	-0.2685	-0.06539
0.8399	-0.1927	-0.06219
0.9185	-0.1831	-0.06238
0.8702	-0.1484	-0.03532
0.8503	-0.1152	-0.0289
0.8207	-0.1025	0.03286
0.746	-0.04054	0.08282
0.808	-0.01317	0.0484
0.8036	-0.02049	0.03671
0.7457	-0.02478	0.07322
0.7297	-0.05986	0.1393
0.7173	-0.07646	0.2075
0.7945	-0.07991	0.2513
0.9083	-0.0713	0.2705
1.063	-0.01853	0.2723
1.203	0.01428	0.2671
1.246	-0.005513	0.2378
1.326	-0.1256	0.2216
1.519	-0.4067	0.2218
1.675	-0.6361	0.1942
1.399	-0.5456	0.1683
0.8189	-0.3768	0.1753
0.5396	-0.3843	0.1924
0.5438	-0.3667	0.173
0.6413	-0.3563	0.1406
0.7731	-0.3772	0.08019
0.8565	-0.2821	-0.01996
0.9163	-0.2407	-0.03999
0.8719	-0.2217	-0.02236
0.8258	-0.1776	-0.05915
0.8369	-0.1798	-0.09396
0.7955	-0.129	-0.1059
0.8406	-0.1367	-0.09934
0.9021	-0.1756	-0.1003
0.9076	-0.1746	-0.1186
0.9473	-0.2127	-0.1303
0.9504	-0.2187	-0.1526
0.9619	-0.2356	-0.1867
0.9778	-0.2072	-0.2035
1.012	-0.1201	-0.1711
1.123	-0.1063	-0.1263
1.158	-0.09191	-0.1103
1.147	-0.08638	-0.08127
1.203	-0.061	-0.06004
1.296	-0.02905	-0.08226
1.353	-0.1407	-0.1086
1.333	-0.293	-0.111
1.346	-0.396	-0.0878
1.368	-0.4825	-0.07148
1.255	-0.5356	-0.08918
1.115	-0.5123	-0.1065
1.111	-0.4392	-0.09364
1.206	-0.3761	-0.08671
1.275	-0.2802	-0.1017
1.258	-0.1905	-0.1095
1.16	-0.1046	-0.1233
1.011	-0.03401	-0.1352
0.8786	-0.1235	-0.1259
0.775	-0.2218	-0.1079
0.6648	-0.2241	-0.04336
0.5998	-0.2343	0.04808
0.6166	-0.2165	0.08744
0.6346	-0.2008	0.1138
0.6395	-0.1814	0.1642
0.6992	-0.1254	0.1797
0.7926	-0.1079	0.1917
0.8693	-0.1017	0.2408
0.9203	-0.08122	0.255
0.9739	-0.0575	0.2561
1.054	-0.02992	0.2804
1.104	-0.03249	0.2818
1.132	-0.0477	0.2833
1.181	-0.07116	0.2814
1.234	-0.1624	0.266
1.389	-0.3262	0.2475
1.524	-0.4784	0.1475
1.303	-0.5081	0.01996
0.9813	-0.3946	0.02463
0.9342	-0.284	0.06918
0.9204	-0.2716	0.05417
0.8551	-0.2845	0.07511
0.9186	-0.3108	0.04391
0.9379	-0.3632	-0.05349
0.8483	-0.3874	-0.03356
0.7679	-0.3674	-0.01375
0.6975	-0.2948	-0.04655
0.7343	-0.1835	-0.0405
0.8144	-0.1295	-0.08582
0.8424	-0.1632	-0.1329
0.8898	-0.171	-0.1283
0.8733	-0.1584	-0.1024
0.8431	-0.2057	-0.05595
0.8477	-0.2256	-0.06874
0.8082	-0.1979	-0.08717
0.8259	-0.1691	-0.07863
0.8727	-0.1342	-0.1069
0.9424	-0.1238	-0.1068
1.086	-0.1029	-0.0876
1.202	-0.05658	-0.07209
1.372	-0.04366	-0.0535
1.542	-0.105	-0.1164
1.525	-0.2197	-0.1885
1.473	-0.2974	-0.1755
1.419	-0.3851	-0.184
1.224	-0.5327	-0.2183
0.9832	-0.6228	-0.1961
0.9067	-0.6303	-0.1397
1.028	-0.5925	-0.04142
1.162	-0.4704	0.04119
1.235	-0.2719	0.01235
1.257	-0.1185	-0.03891
1.13	-0.09185	-0.07793
0.9505	-0.1214	-0.1131
1.255	-0.5356	-0.08918
1.115	-0.5123	-0.1065
1.111	-0.4392	-0.09364
1.206	-0.3761	-0.08671
1.275	-0.2802	-0.1017
1.258	-0.1905	-0.1095
1.16	-0.1046	-0.1233
1.011	-0.03401	-0.1352
0.8786	-0.1235	-0.1259
0.775	-0.2218	-0.1079
0.6648	-0.2241	-0.04336
0.5998	-0.2343	0.04808
0.6166	-0.2165	0.08744
0.6346	-0.2008	0.1138
0.6395	-0.1814	0.1642
0.6992	-0.1254	0.1797
0.7926	-0.1079	0.1917
0.8693	-0.1017	0.2408
0.9203	-0.08122	0.255
0.9739	-0.0575	0.2561
1.054	-0.02992	0.2804
1.104	-0.03249	0.2818
1.132	-0.0477	0.2833
1.181	-0.07116	0.2814
1.234	-0.1624	0.266
1.389	-0.3262	0.2475
1.524	-0.4784	0.1475
1.303	-0.5081	0.01996
0.9813	-0.3946	0.02463
0.9342	-0.284	0.06918
0.9204	-0.2716	0.05417
0.8551	-0.2845	0.07511
0.9186	-0.3108	0.04391
0.9379	-0.3632	-0.05349
0.8483	-0.3874	-0.03356
0.7679	-0.3674	-0.01375
0.6975	-0.2948	-0.04655
0.7343	-0.1835	-0.0405
0.8144	-0.1295	-0.08582
0.8424	-0.1632	-0.1329
0.8898	-0.171	-0.1283
0.8733	-0.1584	-0.1024
0.8431	-0.2057	-0.05595
0.8477	-0.2256	-0.06874
0.8082	-0.1979	-0.08717
0.8259	-0.1691	-0.07863
0.8727	-0.1342	-0.1069
0.9424	-0.1238	-0.1068
1.086	-0.1029	-0.0876
1.202	-0.05658	-0.07209
1.372	-0.04366	-0.0535
1.542	-0.105	-0.1164
1.525	-0.2197	-0.1885
1.473	-0.2974	-0.1755
1.419	-0.3851	-0.184
1.224	-0.5327	-0.2183
0.9832	-0.6228	-0.1961
0.9067	-0.6303	-0.1397
1.028	-0.5925	-0.04142
1.162	-0.4704	0.04119
1.235	-0.2719	0.01235
1.257	-0.1185	-0.03891
1.13	-0.09185	-0.07793
0.9505	-0.1214	-0.1131
0.8472	-0.1579	-0.07736
0.769	-0.2132	-0.03847
0.711	-0.2245	0.006471
0.672	-0.1733	0.1092
0.685	-0.1477	0.1341
0.7859	-0.1628	0.05311
0.8722	-0.1731	0.003986
0.8565	-0.1804	0.07237
0.7836	-0.1861	0.1806
0.7736	-0.1788	0.2107
0.8229	-0.1586	0.2236
0.862	-0.1383	0.2543
0.8907	-0.1282	0.2403
0.9198	-0.1143	0.1894
0.9716	-0.1017	0.1655
1.032	-0.1311	0.2324
1.199	-0.2587	0.2924
1.476	-0.4883	0.1985
1.564	-0.6188	0.04193
1.357	-0.5164	-0.01339
1.046	-0.4154	0.0392
0.8811	-0.381	0.101
0.8796	-0.2885	0.1028
0.9684	-0.2835	0.04639
1.145	-0.3234	-0.04362
1.135	-0.2806	-0.08885
0.9304	-0.2707	-0.027
0.7432	-0.2139	0.03394
0.5786	-0.108	0.02364
0.5883	-0.09894	0.003691
0.6735	-0.1344	-0.04917
0.7319	-0.1911	-0.1241
0.8384	-0.2478	-0.1386
0.8325	-0.27	-0.1143
0.8062	-0.2673	-0.09384
0.8149	-0.2251	-0.07652
0.8019	-0.1655	-0.07927
0.9156	-0.1037	-0.1205
1.063	-0.09525	-0.1551
1.127	-0.119	-0.1627
1.159	-0.09172	-0.171
1.235	-0.07723	-0.1473
1.362	-0.09687	-0.1159
1.41	-0.1804	-0.1315
1.367	-0.312	-0.1633
1.315	-0.3316	-0.1772
1.286	-0.326	-0.1298
1.183	-0.4306	-0.05707
1.024	-0.5645	-0.04414
1.005	-0.6794	-0.02946
1.037	-0.7254	0.004232
1.044	-0.6957	-0.01264
1.126	-0.6185	-0.02593
1.199	-0.3306	-0.03444
1.129	0.02733	-0.08627
0.9763	0.001014	-0.09812
0.9109	-0.1486	-0.06464
0.8749	-0.1061	-0.04762
0.8178	-0.2139	-0.03609
0.806	-0.2647	-0.02659
0.7423	-0.1101	0.003393
0.6895	-0.1508	0.0455
0.7206	-0.1637	0.05596
0.7295	-0.1355	0.05937
0.8472	-0.1579	-0.07736
0.769	-0.2132	-0.03847
0.711	-0.2245	0.006471
0.672	-0.1733	0.1092
0.685	-0.1477	0.1341
0.7859	-0.1628	0.05311
0.8722	-0.1731	0.003986
0.8565	-0.1804	0.07237
0.7836	-0.1861	0.1806
0.7736	-0.1788	0.2107
0.8229	-0.1586	0.2236
0.862	-0.1383	0.2543
0.8907	-0.1282	0.2403
0.9198	-0.1143	0.1894
0.9716	-0.1017	0.1655
1.032	-0.1311	0.2324
1.199	-0.2587	0.2924
1.476	-0.4883	0.1985
1.564	-0.6188	0.04193
1.357	-0.5164	-0.01339
1.046	-0.4154	0.0392
0.8811	-0.381	0.101
0.8796	-0.2885	0.1028
0.9684	-0.2835	0.04639
1.145	-0.3234	-0.04362
1.135	-0.2806	-0.08885
0.9304	-0.2707	-0.027
0.7432	-0.2139	0.03394
0.5786	-0.108	0.02364
0.5883	-0.09894	0.003691
0.6735	-0.1344	-0.04917
0.7319	-0.1911	-0.1241
0.8384	-0.2478	-0.1386
0.8325	-0.27	-0.1143
0.8062	-0.2673	-0.09384
0.8149	-0.2251	-0.07652
0.8019	-0.1655	-0.07927
0.9156	-0.1037	-0.1205
1.063	-0.09525	-0.1551
1.127	-0.119	-0.1627
1.159	-0.09172	-0.171
1.235	-0.07723	-0.1473
1.362	-0.09687	-0.1159
1.41	-0.1804	-0.1315
1.367	-0.312	-0.1633
1.315	-0.3316	-0.1772
1.286	-0.326	-0.1298
1.183	-0.4306	-0.05707
1.024	-0.5645	-0.04414
1.005	-0.6794	-0.02946
1.037	-0.7254	0.004232
1.044	-0.6957	-0.01264
1.126	-0.6185	-0.02593
1.199	-0.3306	-0.03444
1.129	0.02733	-0.08627
0.9763	0.001014	-0.09812
0.9109	-0.1486	-0.06464
0.8749	-0.1061	-0.04762
0.8178	-0.2139	-0.03609
0.806	-0.2647	-0.02659
0.7423	-0.1101	0.003393
0.6895	-0.1508	0.0455
0.7206	-0.1637	0.05596
0.7295	-0.1355	0.05937
0.7331	-0.2197	0.08897
0.737	-0.1733	0.1484
0.7466	-0.1667	0.222
0.8227	-0.1559	0.2765
0.945	-0.04915	0.2829
1.036	-0.01899	0.2686
1.058	0.01684	0.2666
1.073	-0.0624	0.2272
1.137	-0.1807	0.1749
1.256	-0.2416	0.1628
1.331	-0.4781	0.1049
1.284	-0.6501	0.03554
1.203	-0.5196	0.08644
1.094	-0.3444	0.1421
0.9789	-0.3117	0.1131
0.9589	-0.2914	0.1208
0.9666	-0.2889	0.1201
0.9784	-0.3654	0.04088
1.007	-0.354	-0.02289
0.9848	-0.3462	-0.04419
0.9399	-0.3523	-0.02702
0.854	-0.2436	-0.02159
0.7367	-0.1455	-0.04614
0.7476	-0.09732	-0.03657
0.7861	-0.1413	-0.04408
0.7266	-0.1854	-0.05587
0.7373	-0.1655	-0.04278
0.7746	-0.2049	-0.05749
0.7696	-0.2149	-0.06837
0.8247	-0.225	-0.08076
0.8235	-0.2067	-0.08375
0.8061	-0.101	-0.07071
0.8884	-0.08398	-0.08413
0.9639	-0.09017	-0.07651
1.088	-0.08557	-0.05862
1.209	-0.1127	-0.04974
1.244	-0.1612	-0.04467
1.338	-0.2912	-0.08728
1.422	-0.3943	-0.1362
1.428	-0.4528	-0.1498
1.392	-0.5248	-0.1315
1.254	-0.5539	-0.123
1.081	-0.5232	-0.1782
1.025	-0.434	-0.2278
1.106	-0.366	-0.2216
1.161	-0.3139	-0.1977
1.129	-0.2205	-0.1605
1.078	-0.1485	-0.09558
0.9936	-0.1492	-0.05473
0.9754	-0.224	-0.08409
0.9668	-0.2648	-0.09837
0.8267	-0.2571	-0.06521
0.7209	-0.2631	-0.01301
0.6819	-0.2344	0.05751
0.6799	-0.1895	0.04643
0.7481	-0.1301	-0.009484
0.8015	-0.08275	-0.01138
0.8527	-0.06567	-0.03661
0.8674	-0.01779	-0.03978
0.8646	-0.009342	-0.001765
0.928	-0.03479	-0.004172
0.9543	-0.04421	0.008365
0.9845	-0.05165	0.008377
1.023	-0.0252	-0.02551
