0.9881	-0.08187	-0.01281
0.9865	-0.08367	-0.007487
1.007	-0.09883	-0.009346
1.013	-0.1046	0.00966
1.032	-0.1055	0.01143
1.05	-0.102	-0.003547
1.042	-0.1005	-0.001946
1.042	-0.1083	0.02553
1.044	-0.1085	0.04063
1.03	-0.1053	0.03327
1.021	-0.1107	0.03245
1.012	-0.1119	0.0306
1.008	-0.1041	0.03166
1.011	-0.1002	0.03261
1.009	-0.1015	0.02324
1.013	-0.09964	0.02172
1.017	-0.09296	0.01754
1.023	-0.08953	0.005989
1.031	-0.09439	0.0006139
1.026	-0.09508	-0.005572
1.025	-0.09696	0.001479
1.026	-0.1056	0.0336
1.029	-0.1039	0.04358
1.037	-0.1055	0.009824
1.03	-0.1173	-0.007794
1.025	-0.1179	-0.0003334
1.032	-0.1113	-0.0008159
1.026	-0.1086	0.01231
1.012	-0.1064	0.02938
1.004	-0.09717	0.04217
1.011	-0.08349	0.04496
1.026	-0.07968	-0.005297
1.03	-0.09251	-0.02789
1.027	-0.1128	0.02263
1.026	-0.1155	0.04327
1.029	-0.09714	0.03899
1.03	-0.09091	0.0443
1.025	-0.1025	0.03453
1.016	-0.1053	0.02677
1.013	-0.1045	0.01842
1.022	-0.1094	0.002565
1.024	-0.1077	-0.003064
1.021	-0.1085	0.0002453
1.025	-0.1104	0.003241
1.025	-0.1034	0.003776
1.024	-0.09864	0.01127
1.025	-0.09478	0.01989
1.024	-0.09259	0.01889
1.026	-0.09494	0.01614
1.027	-0.0957	0.01596
1.024	-0.1001	0.01882
1.023	-0.1057	0.02099
1.021	-0.109	0.02207
1.023	-0.1087	0.02296
1.024	-0.1021	0.02153
1.024	-0.1004	0.02235
1.023	-0.1054	0.021
1.023	-0.1051	0.01728
1.024	-0.09914	0.01507
1.023	-0.09877	0.01557
1.021	-0.1047	0.02807
1.02	-0.1054	0.03542
1.023	-0.1047	0.01449
1.024	-0.1099	-0.01665
1.024	-0.1081	-0.01657
1.024	-0.09345	0.02185
1.023	-0.0879	0.04055
1.024	-0.09654	0.02571
1.023	-0.09699	0.02428
1.021	-0.09546	0.02136
1.022	-0.101	0.01057
1.022	-0.1031	0.01618
1.023	-0.1063	0.01829
1.023	-0.1085	0.0181
1.027	-0.1061	0.01349
1.033	-0.1065	0.00428
1.027	-0.1076	0.01419
1.026	-0.109	0.0153
1.029	-0.1083	0.01302
1.02	-0.1049	0.02202
1.021	-0.103	0.01673
1.028	-0.09901	0.01493
1.025	-0.09663	0.01791
1.007	-0.09785	0.02679
0.9873	-0.09741	0.03712
1.002	-0.09531	0.02236
1.034	-0.09544	0.01461
1.045	-0.1001	0.01383
1.033	-0.09097	0.02069
1.034	-0.1037	0.01533
1.042	-0.1067	0.003959
1.035	-0.111	0.008679
1.019	-0.1134	0.02001
1.008	-0.1067	0.02965
1.013	-0.09378	0.03152
1.026	-0.08932	-0.01784
1.028	-0.1005	-0.03825
1.023	-0.1186	0.01523
1.022	-0.119	0.03912
1.025	-0.0983	0.03799
1.026	-0.09006	0.04604
1.022	-0.1001	0.0384
1.014	-0.1018	0.03205
1.012	-0.1005	0.02438
1.022	-0.1052	0.008536
1.025	-0.1039	0.002362
1.022	-0.1053	0.004717
1.026	-0.108	0.006505
1.027	-0.1019	0.005736
1.026	-0.09806	0.01197
1.027	-0.09497	0.01946
1.025	-0.09341	0.01758
1.027	-0.09621	0.0142
1.027	-0.09723	0.01366
1.024	-0.1017	0.01644
1.022	-0.1072	0.01875
1.021	-0.1103	0.02015
1.022	-0.1097	0.02147
1.023	-0.1028	0.02052
1.023	-0.1008	0.02184
1.022	-0.1055	0.02094
1.022	-0.1049	0.0176
1.023	-0.09874	0.01568
1.023	-0.09824	0.01636
1.021	-0.1041	0.02894
1.02	-0.1048	0.03628
1.023	-0.1042	0.01526
1.025	-0.1095	-0.01602
1.025	-0.1078	-0.01611
1.024	-0.09325	0.02213
1.023	-0.08782	0.04065
1.025	-0.09656	0.02566
1.023	-0.0971	0.02411
1.022	-0.09563	0.0211
1.022	-0.1012	0.01026
1.023	-0.1034	0.01586
1.023	-0.1065	0.01799
1.022	-0.1086	0.01784
1.027	-0.1062	0.01329
1.033	-0.1066	0.004146
1.027	-0.1076	0.01412
1.026	-0.1091	0.01529
1.029	-0.1083	0.01307
1.02	-0.1049	0.02211
1.021	-0.1029	0.01683
1.028	-0.09894	0.01504
1.025	-0.09655	0.01803
1.007	-0.09778	0.0269
0.9873	-0.09735	0.0372
1.002	-0.09527	0.02242
1.034	-0.09542	0.01464
1.045	-0.1001	0.01385
1.037	-0.1041	0.009154
1.031	-0.1024	0.01699
1.035	-0.09705	0.01539
1.029	-0.09687	0.01086
1.025	-0.1036	0.008159
1.026	-0.1059	0.009614
1.023	-0.1056	0.03498
1.026	-0.1077	0.04163
1.018	-0.1092	0.01613
1.011	-0.1117	0.003491
1.017	-0.1119	-0.001457
1.017	-0.1062	-0.01005
1.024	-0.0972	0.006973
1.028	-0.0921	0.03318
1.025	-0.09341	0.03254
1.024	-0.09455	0.03131
1.018	-0.09785	0.02947
1.023	-0.09942	0.01707
1.024	-0.09954	0.01986
1.019	-0.1093	0.01797
1.025	-0.1113	0.01141
1.025	-0.1036	0.01483
1.027	-0.1038	0.009757
1.027	-0.1029	0.01035
1.024	-0.1011	0.01583
1.026	-0.1016	0.02046
1.025	-0.1035	0.02652
1.025	-0.1122	0.01458
1.025	-0.1134	0.007379
1.022	-0.1042	0.01279
1.024	-0.09598	0.01174
1.023	-0.08949	0.01749
1.022	-0.08847	0.02209
1.022	-0.09257	0.01956
1.019	-0.1007	0.02114
1.021	-0.1024	0.02045
1.023	-0.09458	0.01739
1.024	-0.09847	0.0149
1.023	-0.1053	0.01537
1.021	-0.1048	0.02003
1.024	-0.1067	0.0204
1.023	-0.1007	0.01781
1.023	-0.09679	0.01829
1.024	-0.1048	0.01901
1.022	-0.1081	0.01594
1.022	-0.1122	0.008068
1.026	-0.12	0.005724
1.036	-0.1193	0.02404
1.034	-0.1146	0.04346
1.01	-0.1133	0.02949
1.003	-0.1049	0.005491
1.026	-0.08251	0.006543
1.031	-0.0728	0.01374
1.02	-0.08889	0.01211
1.025	-0.1043	0.007455
1.029	-0.1059	0.004267
1.025	-0.1015	0.01101
1.022	-0.09754	0.01905
1.02	-0.09397	0.02179
1.03	-0.09182	0.02512
1.033	-0.09597	0.0248
1.019	-0.09845	0.02149
1.018	-0.09989	0.01722
1.02	-0.1092	0.01589
1.017	-0.1025	0.02861
1.016	-0.1131	0.02448
1.025	-0.112	0.01615
1.024	-0.1109	0.00842
1.024	-0.1136	0.00475
1.028	-0.1108	0.006523
1.027	-0.1054	0.03282
1.032	-0.1031	0.04055
1.024	-0.1015	0.01602
1.017	-0.1022	0.004091
1.022	-0.102	-0.0004534
1.021	-0.09709	-0.00893
1.027	-0.08967	0.007969
1.029	-0.0867	0.03389
1.025	-0.09036	0.03288
1.023	-0.0938	0.03126
1.016	-0.09911	0.02907
1.021	-0.1023	0.0164
1.021	-0.1034	0.01902
1.017	-0.1137	0.01705
1.023	-0.1158	0.01052
1.023	-0.1077	0.01406
1.026	-0.1072	0.009147
1.026	-0.1055	0.00994
1.023	-0.1027	0.01563
1.027	-0.1023	0.02047
1.026	-0.1033	0.02669
1.026	-0.1113	0.01489
1.026	-0.112	0.00777
1.023	-0.1025	0.01322
1.025	-0.0942	0.01217
1.023	-0.0878	0.01788
1.023	-0.087	0.02242
1.022	-0.09141	0.0198
1.019	-0.09989	0.02129
1.021	-0.102	0.02051
1.023	-0.09449	0.01738
1.024	-0.09867	0.01482
1.022	-0.1057	0.01525
1.021	-0.1054	0.01989
1.024	-0.1074	0.02025
1.023	-0.1014	0.01766
1.023	-0.09737	0.01816
1.024	-0.1053	0.01891
1.022	-0.1085	0.01587
1.022	-0.1125	0.008029
1.026	-0.1201	0.005714
1.036	-0.1193	0.02405
1.034	-0.1144	0.04349
1.01	-0.1131	0.02954
1.003	-0.1047	0.005546
1.026	-0.08227	0.006599
1.031	-0.07258	0.01379
1.02	-0.0887	0.01215
1.025	-0.1042	0.007487
1.029	-0.1058	0.004287
1.025	-0.1014	0.01102
1.022	-0.09753	0.01905
1.02	-0.09399	0.02178
1.03	-0.09188	0.0251
1.033	-0.09605	0.02478
1.019	-0.09853	0.02147
1.018	-0.09998	0.0172
1.019	-0.1093	0.01588
1.017	-0.1136	0.01997
1.022	-0.1117	0.01889
1.025	-0.1107	0.01748
1.023	-0.106	0.02365
1.022	-0.1042	0.02504
1.018	-0.1052	0.01825
1.017	-0.1031	0.01735
1.027	-0.1035	0.01872
1.031	-0.1019	0.009086
1.029	-0.09676	0.0011
1.031	-0.09654	0.0008584
1.027	-0.1032	0.004947
1.022	-0.1066	0.02029
1.025	-0.1006	0.02938
1.023	-0.09797	0.02329
1.021	-0.09993	0.02401
1.022	-0.1013	0.02498
1.019	-0.106	0.01568
1.019	-0.1048	0.01368
1.019	-0.09839	0.01558
1.021	-0.09687	0.01289
1.025	-0.1002	0.01473
1.025	-0.1074	0.01842
1.024	-0.1098	0.02504
1.024	-0.1052	0.02774
1.024	-0.1019	0.01312
1.023	-0.09977	0.007744
1.022	-0.09684	0.01831
1.024	-0.09184	0.01706
1.021	-0.09195	0.01319
1.021	-0.09903	0.01523
1.028	-0.1025	0.01618
1.029	-0.1072	0.02478
1.026	-0.1127	0.03065
1.025	-0.11	0.02227
1.024	-0.1038	0.01232
1.023	-0.09783	0.0065
1.022	-0.09735	0.00779
1.022	-0.1008	0.01355
1.02	-0.1008	0.01476
1.02	-0.1026	0.01456
1.023	-0.1044	0.0157
1.024	-0.1048	0.0177
1.024	-0.1065	0.01878
1.023	-0.1059	0.0183
1.023	-0.1066	0.01705
1.024	-0.1071	0.01118
1.027	-0.104	0.01433
1.027	-0.1013	0.03278
1.021	-0.09583	0.03723
1.016	-0.08986	0.02206
1.018	-0.09062	0.01359
1.022	-0.09846	0.01224
1.025	-0.1072	0.009565
1.025	-0.1094	0.01356
1.026	-0.1094	0.01626
1.027	-0.1094	0.01451
1.026	-0.1045	0.01793
1.025	-0.1016	0.01666
1.025	-0.1003	0.01347
1.024	-0.09457	0.01423
1.023	-0.09422	0.0129
1.022	-0.09808	0.01597
1.021	-0.09808	0.0192
1.022	-0.0892	0.0304
1.024	-0.1042	0.01725
1.025	-0.1123	0.01083
1.021	-0.1112	0.0165
1.02	-0.11	0.0199
1.016	-0.1097	0.01618
1.015	-0.1057	0.01843
1.025	-0.1043	0.02241
1.03	-0.1011	0.01452
1.029	-0.09501	0.007323
1.031	-0.09436	0.006977
1.027	-0.101	0.01024
1.023	-0.1049	0.02426
1.026	-0.09954	0.03178
1.024	-0.09769	0.02407
1.022	-0.1004	0.02331
1.022	-0.1023	0.02308
1.02	-0.1074	0.01292
1.02	-0.1065	0.01045
1.019	-0.1001	0.01226
1.021	-0.09847	0.009782
1.025	-0.1015	0.01209
1.025	-0.1084	0.01641
1.023	-0.1104	0.02375
1.023	-0.1054	0.02716
1.023	-0.1017	0.01319
1.022	-0.09931	0.008363
1.022	-0.09617	0.01933
1.024	-0.09106	0.01833
1.021	-0.09114	0.01455
1.021	-0.09826	0.01654
1.028	-0.1019	0.01734
1.029	-0.1067	0.02572
1.026	-0.1123	0.03132
1.025	-0.1098	0.02266
1.025	-0.1037	0.01244
1.023	-0.09792	0.006394
1.022	-0.09754	0.007502
1.022	-0.1011	0.01314
1.02	-0.1011	0.01428
1.02	-0.1029	0.01407
1.023	-0.1047	0.01524
1.024	-0.105	0.01731
1.023	-0.1067	0.01849
1.023	-0.106	0.01811
1.023	-0.1066	0.01696
1.024	-0.1071	0.01118
1.027	-0.104	0.01441
1.027	-0.1012	0.03291
1.021	-0.09573	0.0374
1.016	-0.08976	0.02224
1.018	-0.09052	0.01376
1.022	-0.09837	0.01239
1.025	-0.1072	0.00969
1.025	-0.1094	0.01365
1.026	-0.1094	0.01631
1.027	-0.1094	0.01453
1.026	-0.1045	0.01792
1.025	-0.1016	0.01663
1.025	-0.1003	0.01341
1.024	-0.09461	0.01417
1.023	-0.09425	0.01284
1.022	-0.09811	0.01591
1.021	-0.09811	0.01915
1.021	-0.1003	0.02075
1.022	-0.1003	0.02325
1.022	-0.09927	0.01782
1.023	-0.1073	0.01438
1.022	-0.1138	0.01659
1.021	-0.1134	0.01586
1.022	-0.1108	0.01843
1.025	-0.1047	0.02223
1.027	-0.09983	0.02166
1.024	-0.09912	0.01807
1.024	-0.09741	0.01292
1.024	-0.09474	0.0106
1.023	-0.09512	0.009764
1.023	-0.0972	0.01327
1.023	-0.09953	0.0209
1.023	-0.1033	0.02217
1.023	-0.1055	0.02154
1.023	-0.1045	0.02086
1.022	-0.1028	0.01891
1.023	-0.103	0.01889
1.025	-0.1053	0.0122
1.024	-0.1052	0.009632
1.022	-0.1029	0.01971
1.023	-0.1022	0.02132
1.023	-0.1034	0.01584
1.022	-0.1049	0.01566
1.023	-0.1033	0.01509
1.024	-0.09975	0.01183
1.025	-0.09885	0.01191
1.025	-0.1	0.01853
1.024	-0.1017	0.02295
1.024	-0.1021	0.02144
1.022	-0.1008	0.02178
1.022	-0.09946	0.02235
1.023	-0.09901	0.0189
1.024	-0.09997	0.01251
1.023	-0.1025	0.009162
1.022	-0.1048	0.01255
1.022	-0.1049	0.01423
1.024	-0.1052	0.01558
1.025	-0.1058	0.02041
1.025	-0.1035	0.02081
1.025	-0.1017	0.01983
1.024	-0.1027	0.02027
1.024	-0.1047	0.0188
1.026	-0.1041	0.0166
1.022	-0.09759	0.01391
1.014	-0.09032	0.01512
1.015	-0.09046	0.01813
1.024	-0.09957	0.01794
1.029	-0.1084	0.02051
1.028	-0.1097	0.02099
1.026	-0.1099	0.01429
1.025	-0.1102	0.01079
1.027	-0.1075	0.01031
1.027	-0.1046	0.0109
1.023	-0.09953	0.01936
1.021	-0.09511	0.02416
1.022	-0.09615	0.01736
1.02	-0.09693	0.01529
1.021	-0.1	0.01835
1.022	-0.1049	0.01918
1.021	-0.1044	0.02085
1.022	-0.1049	0.01781
1.024	-0.1254	0.003875
1.024	-0.09945	0.01989
1.024	-0.085	0.02142
1.025	-0.08842	0.02049
1.023	-0.09604	0.02244
1.022	-0.0999	0.01993
1.023	-0.1031	0.02017
1.025	-0.1028	0.02167
1.027	-0.1028	0.01926
1.024	-0.1058	0.01445
1.023	-0.1063	0.008764
1.024	-0.1044	0.006522
1.022	-0.1043	0.006246
1.022	-0.1049	0.01065
1.023	-0.1052	0.01934
1.022	-0.1067	0.0217
1.023	-0.1066	0.02205
1.023	-0.1036	0.02217
1.022	-0.1002	0.02078
1.024	-0.09924	0.02106
1.025	-0.101	0.01442
1.024	-0.1008	0.0117
1.023	-0.09879	0.02145
1.023	-0.09875	0.02264
1.023	-0.1008	0.01667
1.022	-0.1032	0.01602
1.023	-0.1026	0.01501
1.024	-0.0999	0.01139
1.025	-0.0997	0.01122
1.025	-0.1014	0.01767
1.024	-0.1033	0.02204
1.024	-0.1039	0.02057
1.022	-0.1025	0.02101
1.021	-0.101	0.02173
1.023	-0.1002	0.01846
1.023	-0.1008	0.01226
1.023	-0.1029	0.009091
1.022	-0.1049	0.01263
1.022	-0.1047	0.01443
1.024	-0.1048	0.01586
1.025	-0.1052	0.02073
1.025	-0.1029	0.02114
1.025	-0.101	0.02013
1.024	-0.1021	0.02052
1.024	-0.1042	0.019
1.026	-0.1038	0.01672
1.022	-0.09735	0.01397
1.014	-0.09021	0.01512
1.015	-0.09047	0.01808
1.024	-0.09968	0.01785
1.029	-0.1086	0.0204
1.028	-0.1099	0.02087
1.026	-0.1101	0.01417
1.025	-0.1105	0.01069
1.027	-0.1077	0.01023
1.027	-0.1047	0.01085
1.023	-0.09964	0.01933
1.021	-0.09517	0.02415
1.022	-0.09617	0.01737
1.02	-0.09691	0.01531
1.021	-0.09996	0.01839
1.022	-0.1048	0.01922
1.021	-0.1043	0.0209
1.022	-0.1048	0.01785
1.022	-0.1064	0.01515
1.024	-0.1052	0.01784
1.026	-0.1025	0.01641
1.024	-0.09661	0.01628
1.025	-0.09553	0.01783
1.026	-0.09939	0.01598
1.024	-0.09928	0.01704
1.023	-0.09922	0.01755
1.022	-0.1004	0.01647
1.022	-0.101	0.01789
1.022	-0.1027	0.02106
1.021	-0.1051	0.02198
1.024	-0.1066	0.01521
1.025	-0.1055	0.01108
1.024	-0.1071	0.01136
1.024	-0.109	0.009604
1.024	-0.1059	0.01567
1.024	-0.1047	0.01919
1.021	-0.1029	0.01589
1.022	-0.09962	0.02282
1.023	-0.0995	0.02728
1.022	-0.09794	0.0242
1.023	-0.09752	0.02165
1.025	-0.09835	0.013
1.026	-0.09719	0.009799
1.025	-0.09823	0.0139
1.023	-0.1007	0.01338
1.023	-0.1037	0.01499
1.022	-0.1049	0.01701
1.022	-0.1033	0.01792
1.023	-0.1038	0.0196
1.025	-0.1051	0.01608
1.025	-0.1073	0.01461
1.023	-0.1079	0.01667
1.023	-0.1035	0.0159
1.023	-0.09866	0.01634
1.021	-0.09617	0.01824
1.02	-0.09694	0.02009
1.021	-0.09882	0.02146
1.024	-0.1007	0.02099
1.027	-0.106	0.02038
1.027	-0.1081	0.01901
1.025	-0.1039	0.01638
1.023	-0.102	0.01236
1.022	-0.1017	0.009965
1.022	-0.09991	0.01388
1.023	-0.1003	0.01685
1.023	-0.1026	0.01655
1.023	-0.1051	0.0184
1.023	-0.1051	0.01782
1.023	-0.1009	0.01688
1.024	-0.09973	0.01903
1.024	-0.1008	0.01846
1.023	-0.09729	0.01701
1.024	-0.09597	0.01663
1.023	-0.1005	0.01559
1.023	-0.1068	0.01654
1.023	-0.1097	0.02037
1.023	-0.1081	0.02064
1.023	-0.1083	0.0146
1.023	-0.106	0.01214
1.025	-0.1001	0.01517
1.024	-0.1007	0.01866
1.02	-0.09962	0.02289
1.017	-0.08938	0.02045
1.022	-0.09807	0.01946
1.026	-0.102	0.01555
1.025	-0.1002	0.01401
1.027	-0.101	0.01501
1.027	-0.1053	0.01324
1.026	-0.1046	0.01481
1.024	-0.1032	0.01608
1.022	-0.1028	0.01584
1.022	-0.1018	0.01805
1.021	-0.1022	0.02188
1.02	-0.1035	0.02327
1.023	-0.1043	0.01677
1.025	-0.1029	0.0127
1.024	-0.1044	0.01288
1.023	-0.1066	0.01089
1.024	-0.104	0.01663
1.023	-0.1034	0.01979
1.021	-0.1022	0.01611
1.022	-0.0995	0.02271
1.023	-0.09988	0.02691
1.023	-0.09872	0.02363
1.023	-0.09855	0.02097
1.025	-0.0995	0.01229
1.027	-0.09835	0.009121
1.026	-0.09928	0.01331
1.024	-0.1016	0.01292
1.023	-0.1044	0.01467
1.022	-0.1052	0.01684
1.022	-0.1035	0.01789
1.023	-0.1037	0.01968
1.025	-0.1048	0.01625
1.025	-0.1069	0.01484
1.023	-0.1075	0.01693
1.023	-0.1031	0.01616
1.022	-0.09824	0.01658
1.021	-0.09581	0.01843
1.02	-0.09666	0.02024
1.021	-0.09863	0.02155
1.024	-0.1006	0.02103
1.027	-0.1059	0.02037
1.027	-0.1081	0.01896
1.025	-0.104	0.0163
1.023	-0.1021	0.01227
1.022	-0.1019	0.009869
1.022	-0.1001	0.01379
1.023	-0.1004	0.01677
1.023	-0.1027	0.01648
1.023	-0.1052	0.01836
1.023	-0.1052	0.01779
1.023	-0.101	0.01688
1.024	-0.09972	0.01904
1.024	-0.1007	0.01848
1.023	-0.09724	0.01704
1.023	-0.09591	0.01666
1.023	-0.1005	0.01562
1.023	-0.1067	0.01657
1.023	-0.1096	0.02039
1.023	-0.108	0.02066
1.023	-0.1083	0.01462
1.023	-0.1059	0.01214
1.025	-0.1001	0.01517
1.024	-0.1007	0.01865
1.02	-0.09963	0.02288
1.019	-0.09305	0.02234
1.021	-0.09248	0.01678
1.023	-0.09734	0.0141
1.025	-0.1005	0.01492
1.025	-0.1041	0.01504
1.025	-0.1092	0.01357
1.028	-0.1085	0.01418
1.026	-0.1051	0.01644
1.022	-0.104	0.01849
1.02	-0.1021	0.02131
1.022	-0.1017	0.02125
1.024	-0.1004	0.01722
1.023	-0.09956	0.01564
1.024	-0.1033	0.01717
1.024	-0.1045	0.01653
1.023	-0.1036	0.01542
1.022	-0.1016	0.01616
1.021	-0.09932	0.01592
1.023	-0.1006	0.01546
1.025	-0.1018	0.01596
1.025	-0.1023	0.01624
1.025	-0.1017	0.01688
1.024	-0.1003	0.01887
1.022	-0.1008	0.02007
1.022	-0.101	0.01953
1.02	-0.102	0.02067
1.022	-0.1038	0.02005
1.025	-0.1064	0.01491
1.027	-0.1077	0.01341
1.027	-0.1017	0.01576
1.022	-0.09884	0.01532
1.019	-0.1018	0.01503
1.021	-0.1002	0.01788
1.024	-0.09958	0.01925
1.025	-0.1003	0.01825
1.025	-0.09961	0.01746
1.024	-0.103	0.01696
1.025	-0.1051	0.01685
1.024	-0.1052	0.01476
1.024	-0.1052	0.013
1.023	-0.1028	0.01628
1.021	-0.103	0.01867
1.022	-0.1028	0.01887
1.023	-0.1	0.01973
1.022	-0.0992	0.0183
1.024	-0.09855	0.01694
1.024	-0.1007	0.01788
1.025	-0.1047	0.01799
1.024	-0.1054	0.01759
1.024	-0.105	0.01835
1.023	-0.102	0.01714
1.023	-0.09938	0.01406
1.024	-0.1013	0.01323
1.024	-0.101	0.01332
1.024	-0.1001	0.01492
1.023	-0.1008	0.01657
1.021	-0.09969	0.01654
1.021	-0.1015	0.0196
1.02	-0.1047	0.02084
1.021	-0.1053	0.01923
1.025	-0.1058	0.01929
1.026	-0.1058	0.01716
1.029	-0.1049	0.01714
1.031	-0.101	0.02057
1.02	-0.09095	0.01818
1.02	-0.09509	0.01603
1.021	-0.1017	0.01505
1.023	-0.1046	0.01642
1.022	-0.1069	0.01639
1.023	-0.1104	0.01443
1.026	-0.108	0.01443
1.025	-0.1033	0.01613
1.021	-0.1013	0.01775
1.02	-0.09888	0.02031
1.022	-0.0985	0.02017
1.024	-0.09758	0.01621
1.024	-0.09735	0.01482
1.025	-0.1018	0.01661
1.025	-0.1039	0.01626
1.024	-0.1037	0.01542
1.023	-0.1023	0.01641
1.021	-0.1005	0.01636
1.023	-0.1021	0.01602
1.025	-0.1034	0.01657
1.025	-0.1038	0.01683
1.025	-0.103	0.01741
1.023	-0.1014	0.01929
1.022	-0.1015	0.02037
1.021	-0.1014	0.0197
1.02	-0.1021	0.0207
1.021	-0.1036	0.01998
1.025	-0.106	0.01475
1.027	-0.1071	0.01319
1.027	-0.1011	0.01552
1.022	-0.09822	0.01507
1.019	-0.1013	0.0148
1.021	-0.09976	0.01768
1.024	-0.09923	0.01911
1.026	-0.1001	0.01816
1.025	-0.09951	0.01741
1.024	-0.103	0.01696
1.025	-0.1052	0.01689
1.024	-0.1054	0.01482
1.024	-0.1054	0.01308
1.023	-0.103	0.01637
1.021	-0.1032	0.01876
1.022	-0.103	0.01895
1.022	-0.1001	0.01979
1.022	-0.09931	0.01834
1.024	-0.09861	0.01697
1.024	-0.1007	0.01788
1.025	-0.1047	0.01798
1.024	-0.1053	0.01757
1.024	-0.1049	0.01832
1.023	-0.1019	0.0171
1.023	-0.0993	0.01402
1.024	-0.1012	0.0132
1.024	-0.1009	0.01329
1.024	-0.1001	0.0149
1.023	-0.1007	0.01656
1.021	-0.09968	0.01653
1.021	-0.1015	0.0196
1.02	-0.1047	0.02085
1.021	-0.1053	0.01924
1.025	-0.1059	0.0193
1.026	-0.1059	0.01717
1.029	-0.105	0.01715
1.031	-0.101	0.02058
1.022	-0.09471	0.02047
1.018	-0.09448	0.01748
1.02	-0.09997	0.01435
1.02	-0.104	0.01259
1.022	-0.1038	0.01325
1.024	-0.1039	0.01712
1.024	-0.1084	0.01997
1.026	-0.1093	0.01723
1.026	-0.1037	0.01485
1.024	-0.09945	0.01401
1.025	-0.09679	0.0128
1.023	-0.09597	0.0147
1.023	-0.09951	0.01651
1.022	-0.1037	0.01863
1.021	-0.1062	0.02232
1.024	-0.1081	0.02142
1.025	-0.1083	0.02075
1.024	-0.1038	0.0205
1.023	-0.09775	0.01309
1.021	-0.0963	0.01047
1.019	-0.09574	0.01744
1.02	-0.09532	0.02173
1.022	-0.09867	0.0213
1.024	-0.1003	0.01683
1.026	-0.1004	0.01338
1.026	-0.103	0.01611
1.026	-0.1055	0.0169
1.026	-0.1072	0.0163
1.026	-0.1075	0.01635
1.025	-0.1077	0.01291
1.022	-0.1072	0.01435
1.021	-0.1051	0.02249
1.022	-0.1048	0.02582
1.023	-0.1039	0.02023
1.022	-0.1022	0.01382
1.022	-0.1011	0.01311
1.022	-0.09812	0.01473
1.022	-0.09637	0.01681
1.023	-0.09606	0.01519
1.024	-0.09634	0.01135
1.025	-0.0959	0.0145
1.025	-0.09603	0.01804
1.025	-0.1029	0.01801
1.025	-0.1095	0.01628
1.025	-0.1113	0.01243
1.023	-0.1105	0.01735
1.021	-0.1022	0.02833
1.022	-0.0971	0.02935
1.022	-0.1024	0.02081
1.021	-0.1028	0.01443
1.021	-0.101	0.01317
1.023	-0.1036	0.01408
1.025	-0.101	0.02159
1.026	-0.09972	0.02355
1.026	-0.1022	0.01142
1.025	-0.1011	0.007477
1.025	-0.102	0.0112
1.024	-0.1025	0.0117
1.022	-0.1018	0.01505
1.022	-0.1031	0.01746
1.022	-0.1012	0.02073
1.022	-0.1012	0.02245
1.023	-0.103	0.01461
1.024	-0.1007	0.01256
1.027	-0.1097	0.01868
1.021	-0.1002	0.02296
1.022	-0.1001	0.0227
1.02	-0.1012	0.02093
1.022	-0.09992	0.01987
1.024	-0.1001	0.02121
1.023	-0.1054	0.02139
1.026	-0.1073	0.01628
1.026	-0.1029	0.01207
1.024	-0.09967	0.01008
1.025	-0.09777	0.008385
1.024	-0.09744	0.01039
1.023	-0.1012	0.01276
1.022	-0.1054	0.01575
1.022	-0.1076	0.02048
1.024	-0.1091	0.02064
1.025	-0.109	0.02095
1.024	-0.1041	0.0215
1.023	-0.09764	0.01467
1.021	-0.09589	0.01238
1.019	-0.0951	0.01946
1.02	-0.09456	0.02365
1.022	-0.09788	0.02296
1.024	-0.09956	0.01812
1.026	-0.09982	0.01424
1.026	-0.1025	0.01654
1.026	-0.1052	0.01693
1.026	-0.107	0.01599
1.026	-0.1075	0.01578
1.025	-0.1078	0.01218
1.022	-0.1074	0.01355
1.021	-0.1054	0.0217
1.022	-0.1051	0.02511
1.023	-0.1042	0.01965
1.022	-0.1025	0.01339
1.022	-0.1013	0.01285
1.022	-0.09828	0.01463
1.022	-0.09646	0.01685
1.023	-0.09609	0.01535
1.024	-0.09632	0.01158
1.025	-0.09583	0.01479
1.024	-0.09593	0.01834
1.024	-0.1028	0.01829
1.025	-0.1094	0.01652
1.025	-0.1112	0.01261
1.023	-0.1104	0.01747
1.021	-0.1021	0.0284
1.022	-0.09706	0.02935
1.022	-0.1024	0.02077
1.021	-0.1028	0.01435
1.021	-0.1011	0.01307
1.023	-0.1037	0.01398
1.025	-0.1011	0.02149
1.026	-0.09976	0.02346
1.026	-0.1022	0.01134
1.025	-0.1012	0.007421
1.025	-0.102	0.01116
1.024	-0.1025	0.01169
1.022	-0.1018	0.01505
1.022	-0.1031	0.01748
1.022	-0.1012	0.02076
1.022	-0.1012	0.02249
1.023	-0.103	0.01465
1.024	-0.1007	0.0126
1.023	-0.1011	0.0203
1.024	-0.1039	0.0238
1.023	-0.1048	0.02303
1.024	-0.1042	0.02157
1.024	-0.1032	0.01849
1.02	-0.1032	0.01511
1.019	-0.1015	0.01424
1.023	-0.0994	0.015
1.024	-0.1022	0.01565
1.024	-0.1053	0.01646
1.025	-0.1025	0.01486
1.025	-0.09954	0.01253
1.026	-0.101	0.01402
1.026	-0.1005	0.01766
1.022	-0.09965	0.02118
1.021	-0.1017	0.02132
1.022	-0.1017	0.01651
1.024	-0.1025	0.01346
1.025	-0.1029	0.01416
1.024	-0.1011	0.01457
1.022	-0.1022	0.01644
1.021	-0.1026	0.01769
1.021	-0.1026	0.01732
1.022	-0.1043	0.02149
1.023	-0.1036	0.02328
1.025	-0.1019	0.0198
1.025	-0.1009	0.01953
1.025	-0.1019	0.01823
1.026	-0.1029	0.01712
1.025	-0.1028	0.01959
1.021	-0.1051	0.01562
1.02	-0.1047	0.007885
1.022	-0.09957	0.007136
1.023	-0.09827	0.01255
1.023	-0.1016	0.0176
1.025	-0.1027	0.0189
1.024	-0.1026	0.0195
1.022	-0.1036	0.02088
1.023	-0.1003	0.02165
1.022	-0.09833	0.0202
1.023	-0.102	0.01713
1.026	-0.1029	0.01703
1.026	-0.1027	0.01815
1.024	-0.1041	0.01805
1.021	-0.1042	0.01716
1.021	-0.1042	0.01334
1.023	-0.1014	0.01257
1.023	-0.09898	0.01762
1.024	-0.1005	0.01897
1.025	-0.1017	0.01637
1.023	-0.103	0.01716
1.022	-0.1033	0.01953
1.023	-0.1022	0.0186
1.024	-0.1027	0.01534
1.026	-0.1035	0.01317
1.026	-0.1029	0.01388
1.023	-0.09951	0.01529
1.021	-0.09731	0.01755
1.022	-0.1016	0.02221
1.022	-0.1064	0.02213
1.021	-0.1065	0.01572
1.022	-0.1027	0.01363
1.022	-0.09872	0.01718
1.025	-0.0996	0.01708
1.027	-0.1041	0.01641
1.026	-0.1036	0.01916
1.024	-0.1028	0.01885
1.024	-0.1017	0.01853
1.024	-0.101	0.01685
1.019	-0.1018	0.01484
1.019	-0.1008	0.01512
1.022	-0.09953	0.0167
1.023	-0.103	0.01782
1.024	-0.1065	0.01877
1.025	-0.1039	0.01702
1.025	-0.101	0.01433
1.026	-0.1023	0.01532
1.026	-0.1016	0.01841
1.022	-0.1003	0.02139
1.021	-0.102	0.02106
1.022	-0.1017	0.01588
1.024	-0.1022	0.01256
1.025	-0.1024	0.01314
1.024	-0.1005	0.01354
1.022	-0.1015	0.01549
1.021	-0.1019	0.01689
1.021	-0.102	0.01673
1.022	-0.1038	0.02112
1.023	-0.1033	0.02314
1.025	-0.1017	0.01986
1.025	-0.1008	0.01974
1.025	-0.1019	0.01856
1.026	-0.1031	0.01751
1.025	-0.103	0.02001
1.021	-0.1054	0.01602
1.02	-0.105	0.008231
1.022	-0.09982	0.007409
1.023	-0.09848	0.01274
1.023	-0.1018	0.0177
1.025	-0.1028	0.01892
1.024	-0.1027	0.01945
1.022	-0.1036	0.02078
1.023	-0.1003	0.02152
1.022	-0.09825	0.02005
1.023	-0.1019	0.01698
1.026	-0.1028	0.01689
1.026	-0.1026	0.01804
1.024	-0.104	0.01796
1.021	-0.1041	0.0171
1.021	-0.1041	0.01331
1.023	-0.1014	0.01257
1.023	-0.09898	0.01765
1.024	-0.1005	0.01902
1.025	-0.1017	0.01642
1.023	-0.103	0.01721
1.022	-0.1034	0.01958
1.023	-0.1022	0.01865
1.024	-0.1027	0.01537
1.026	-0.1036	0.01319
1.026	-0.1029	0.01389
1.023	-0.09953	0.0153
1.021	-0.09731	0.01754
1.022	-0.1016	0.0222
1.022	-0.1064	0.02211
1.021	-0.1065	0.0157
1.022	-0.1027	0.01361
1.022	-0.09871	0.01716
1.025	-0.09958	0.01706
1.027	-0.1027	0.01625
1.025	-0.1048	0.02122
1.024	-0.1049	0.02174
1.023	-0.1029	0.01547
1.024	-0.1012	0.013
1.024	-0.09965	0.01407
1.023	-0.09972	0.01423
1.022	-0.1001	0.01515
1.02	-0.09937	0.01998
1.02	-0.1019	0.02325
1.025	-0.1048	0.02125
1.026	-0.1063	0.01836
1.025	-0.1052	0.01384
1.026	-0.1013	0.01087
1.024	-0.1008	0.009762
1.022	-0.09989	0.009303
1.02	-0.09972	0.01717
1.02	-0.1031	0.02416
1.022	-0.1027	0.02492
1.023	-0.1043	0.02791
1.024	-0.1051	0.02379
1.025	-0.09978	0.01389
1.023	-0.09933	0.0121
1.023	-0.102	0.01438
1.025	-0.1027	0.01578
1.025	-0.1044	0.01655
1.024	-0.1047	0.01766
1.024	-0.1008	0.01595
1.025	-0.09766	0.007074
1.024	-0.0993	0.006809
1.022	-0.1005	0.02166
1.021	-0.1025	0.02781
1.021	-0.105	0.02039
1.022	-0.1044	0.01662
1.022	-0.1061	0.01523
1.023	-0.1047	0.01309
1.024	-0.1006	0.01719
1.024	-0.1019	0.0212
1.025	-0.1025	0.01878
1.025	-0.1023	0.01656
1.023	-0.1012	0.01704
1.023	-0.09835	0.01584
1.025	-0.1002	0.01555
1.024	-0.1033	0.02183
1.022	-0.1038	0.02494
1.023	-0.1016	0.01835
1.023	-0.09896	0.01082
1.024	-0.1004	0.008776
1.024	-0.103	0.01404
1.021	-0.1047	0.01826
1.023	-0.1043	0.01735
1.022	-0.1014	0.01818
1.021	-0.09952	0.01747
1.024	-0.0993	0.01654
1.024	-0.1021	0.02
1.024	-0.1034	0.01951
1.026	-0.1016	0.01386
1.026	-0.1042	0.01273
1.024	-0.1064	0.01849
1.022	-0.1053	0.02315
1.023	-0.1047	0.02212
1.025	-0.1023	0.01861
1.024	-0.1006	0.01499
1.02	-0.1014	0.01403
1.019	-0.09702	0.01212
1.023	-0.1016	0.01779
1.024	-0.1034	0.01933
1.024	-0.1025	0.01416
1.026	-0.1013	0.01273
1.026	-0.1	0.01465
1.024	-0.1002	0.01543
1.023	-0.1006	0.01673
1.02	-0.09984	0.02168
1.021	-0.1023	0.02488
1.025	-0.1052	0.02264
1.025	-0.1065	0.01941
1.025	-0.1054	0.01451
1.026	-0.1014	0.01115
1.024	-0.1009	0.009691
1.021	-0.09996	0.008944
1.02	-0.09976	0.0166
1.02	-0.1031	0.02347
1.022	-0.1027	0.02419
1.023	-0.1042	0.02722
1.025	-0.1051	0.02319
1.025	-0.09973	0.01343
1.024	-0.09928	0.01179
1.023	-0.102	0.01422
1.025	-0.1026	0.01577
1.025	-0.1044	0.01665
1.024	-0.1047	0.01785
1.024	-0.1007	0.0162
1.025	-0.09764	0.007351
1.024	-0.09929	0.007084
1.022	-0.1005	0.02191
1.021	-0.1025	0.02801
1.021	-0.105	0.02054
1.022	-0.1044	0.01671
1.022	-0.1061	0.01527
1.023	-0.1047	0.01307
1.024	-0.1006	0.01714
1.024	-0.1019	0.02112
1.025	-0.1025	0.01869
1.025	-0.1023	0.01646
1.023	-0.1012	0.01694
1.023	-0.09835	0.01576
1.025	-0.1002	0.01549
1.024	-0.1033	0.02179
1.022	-0.1038	0.02492
1.023	-0.1016	0.01835
1.023	-0.09895	0.01083
1.024	-0.1004	0.008801
1.024	-0.103	0.01408
1.021	-0.1047	0.0183
1.023	-0.1043	0.01739
1.022	-0.1014	0.01822
1.021	-0.09952	0.0175
1.024	-0.0993	0.01656
1.024	-0.1021	0.02002
1.024	-0.1034	0.01951
1.026	-0.1016	0.01386
1.026	-0.1042	0.01272
1.024	-0.1064	0.01848
1.022	-0.1053	0.02314
1.023	-0.1047	0.02211
1.025	-0.1023	0.0186
1.024	-0.1006	0.01498
1.02	-0.1014	0.01402
1.02	-0.1015	0.01495
1.023	-0.1009	0.01443
1.024	-0.09923	0.01471
1.023	-0.09861	0.01545
1.024	-0.09989	0.01595
1.025	-0.09882	0.01664
1.025	-0.09935	0.01598
1.025	-0.1058	0.01748
1.026	-0.1083	0.02076
1.025	-0.1046	0.02146
1.022	-0.1042	0.02076
1.02	-0.1035	0.01961
1.021	-0.09999	0.01804
1.022	-0.09945	0.01578
1.023	-0.1002	0.01423
1.023	-0.1036	0.01581
1.024	-0.1062	0.01603
1.025	-0.103	0.01397
1.025	-0.103	0.01567
1.023	-0.103	0.01673
1.022	-0.09837	0.01485
1.023	-0.09783	0.01587
1.024	-0.1001	0.01544
1.023	-0.1006	0.01622
1.024	-0.09997	0.02278
1.026	-0.09853	0.02472
1.026	-0.09905	0.02211
1.022	-0.1051	0.01854
1.019	-0.1108	0.01517
1.022	-0.109	0.01542
1.025	-0.1063	0.01277
1.025	-0.1042	0.01121
1.024	-0.1018	0.01568
1.023	-0.1034	0.01671
1.023	-0.1016	0.01707
1.023	-0.09875	0.01832
1.022	-0.09961	0.01634
1.023	-0.09877	0.01596
1.023	-0.09763	0.01684
1.022	-0.09497	0.01878
1.023	-0.09558	0.02133
1.025	-0.1001	0.01987
1.026	-0.1032	0.01814
1.023	-0.1124	0.01707
1.022	-0.1155	0.01646
1.023	-0.1058	0.01809
1.023	-0.103	0.0161
1.023	-0.1027	0.01265
1.023	-0.09841	0.01346
1.024	-0.09974	0.01548
1.025	-0.1023	0.01787
1.024	-0.1012	0.0195
1.024	-0.09903	0.01983
1.024	-0.0977	0.02008
1.021	-0.09876	0.0177
1.021	-0.09878	0.01575
1.022	-0.09957	0.01653
1.023	-0.1046	0.01524
1.023	-0.1074	0.01356
1.024	-0.109	0.01393
1.025	-0.1083	0.01616
1.024	-0.1003	0.01918
1.023	-0.09772	0.01916
1.022	-0.1024	0.0198
1.023	-0.1041	0.02396
1.025	-0.101	0.01935
1.025	-0.09853	0.01642
1.023	-0.09801	0.01485
1.023	-0.0998	0.01384
1.024	-0.0993	0.01371
1.024	-0.1003	0.01283
1.025	-0.107	0.01453
1.025	-0.1096	0.01832
1.025	-0.1057	0.0197
1.022	-0.105	0.01974
1.02	-0.1038	0.0193
1.021	-0.09993	0.01834
1.022	-0.09903	0.01655
1.023	-0.09945	0.01532
1.024	-0.1027	0.01705
1.024	-0.1052	0.01728
1.025	-0.1021	0.0151
1.025	-0.1021	0.0166
1.023	-0.1023	0.01741
1.022	-0.09789	0.01525
1.023	-0.09757	0.01601
1.024	-0.1001	0.01534
1.023	-0.1007	0.01594
1.024	-0.1002	0.02237
1.026	-0.0989	0.02424
1.025	-0.09948	0.02162
1.021	-0.1055	0.01808
1.019	-0.1112	0.01477
1.022	-0.1094	0.01512
1.025	-0.1066	0.01257
1.025	-0.1044	0.01111
1.024	-0.1019	0.01568
1.023	-0.1034	0.01678
1.023	-0.1015	0.0172
1.023	-0.09864	0.01849
1.023	-0.09947	0.01652
1.023	-0.09862	0.01614
1.023	-0.09748	0.017
1.022	-0.09484	0.01891
1.023	-0.09548	0.02142
1.025	-0.1001	0.01993
1.026	-0.1032	0.01816
1.023	-0.1124	0.01706
1.022	-0.1155	0.01642
1.023	-0.1058	0.01804
1.023	-0.1031	0.01604
1.023	-0.1028	0.01258
1.023	-0.09846	0.01339
1.024	-0.09979	0.01543
1.025	-0.1024	0.01783
1.024	-0.1012	0.01947
1.024	-0.09905	0.01981
1.024	-0.09771	0.02008
1.021	-0.09876	0.01771
1.021	-0.09878	0.01577
1.022	-0.09956	0.01655
1.023	-0.1045	0.01526
1.023	-0.1073	0.01359
1.024	-0.109	0.01395
1.025	-0.1082	0.01617
1.024	-0.1003	0.01919
1.023	-0.09771	0.01917
1.022	-0.1024	0.01981
1.024	-0.1021	0.02044
1.024	-0.1002	0.01747
1.023	-0.102	0.01836
1.025	-0.1014	0.01992
1.025	-0.0971	0.01744
1.023	-0.09776	0.01653
1.024	-0.1049	0.01453
1.024	-0.1072	0.01108
1.022	-0.1034	0.0121
1.021	-0.1029	0.01722
1.022	-0.104	0.02064
1.023	-0.1038	0.01894
1.02	-0.1043	0.01567
1.021	-0.1029	0.01366
1.027	-0.1021	0.01427
1.028	-0.1021	0.01763
1.024	-0.09989	0.01903
1.022	-0.09938	0.01819
1.022	-0.09885	0.01879
1.023	-0.0985	0.02029
1.022	-0.1017	0.02039
1.023	-0.1034	0.01886
1.023	-0.1037	0.01737
1.024	-0.105	0.01705
1.025	-0.1054	0.01722
1.023	-0.1033	0.01659
1.023	-0.09881	0.01511
1.023	-0.09763	0.01401
1.024	-0.101	0.01434
1.025	-0.1019	0.01546
1.025	-0.1017	0.01631
1.025	-0.1028	0.01717
1.024	-0.1026	0.01726
1.021	-0.1042	0.01721
1.021	-0.1055	0.01835
1.022	-0.1041	0.01817
1.022	-0.1042	0.0177
1.021	-0.1036	0.01893
1.021	-0.1017	0.01871
1.023	-0.1006	0.01715
1.024	-0.09846	0.01676
1.023	-0.09821	0.0167
1.023	-0.1001	0.01536
1.026	-0.1035	0.01443
1.027	-0.1054	0.01605
1.026	-0.1013	0.01811
1.025	-0.1004	0.0203
1.024	-0.1036	0.02134
1.021	-0.1031	0.01709
1.021	-0.1029	0.0131
1.022	-0.1028	0.01318
1.021	-0.1016	0.01421
1.023	-0.1018	0.01878
1.024	-0.1017	0.02162
1.023	-0.1034	0.01835
1.024	-0.1038	0.01563
1.024	-0.1002	0.01418
1.023	-0.09947	0.01597
1.023	-0.1001	0.01858
1.023	-0.1006	0.01729
1.022	-0.1031	0.01717
1.021	-0.1035	0.01557
1.025	-0.1032	0.01434
1.027	-0.1037	0.01899
1.024	-0.1046	0.02189
1.023	-0.103	0.0183
1.022	-0.1042	0.0189
1.024	-0.1026	0.02033
1.024	-0.09725	0.0178
1.022	-0.09698	0.01687
1.024	-0.1034	0.01483
1.024	-0.1054	0.01131
1.023	-0.1015	0.01225
1.022	-0.1012	0.01726
1.022	-0.1026	0.02059
1.024	-0.1028	0.0188
1.021	-0.1039	0.01547
1.022	-0.1029	0.01342
1.028	-0.1026	0.01401
1.028	-0.1028	0.01737
1.024	-0.1008	0.0188
1.021	-0.1004	0.018
1.021	-0.09979	0.01866
1.022	-0.09934	0.02022
1.022	-0.1023	0.02038
1.023	-0.1039	0.0189
1.023	-0.1039	0.01745
1.024	-0.1051	0.01715
1.025	-0.1052	0.01734
1.023	-0.103	0.01671
1.023	-0.09846	0.01522
1.023	-0.09723	0.01411
1.024	-0.1006	0.01441
1.025	-0.1016	0.01551
1.025	-0.1014	0.01633
1.025	-0.1025	0.01717
1.024	-0.1025	0.01724
1.022	-0.1041	0.01718
1.021	-0.1055	0.01831
1.022	-0.1041	0.01812
1.022	-0.1044	0.01766
1.021	-0.1037	0.0189
1.021	-0.1019	0.01868
1.023	-0.1008	0.01713
1.024	-0.09859	0.01675
1.023	-0.0983	0.01669
1.023	-0.1002	0.01537
1.026	-0.1036	0.01444
1.027	-0.1054	0.01606
1.026	-0.1012	0.01813
1.025	-0.1004	0.02031
1.024	-0.1036	0.02136
1.021	-0.1031	0.0171
1.021	-0.1029	0.01311
1.022	-0.1027	0.01319
1.021	-0.1016	0.01421
1.023	-0.1018	0.01878
1.024	-0.1016	0.02162
1.023	-0.1034	0.01834
1.024	-0.1038	0.01562
1.024	-0.1002	0.01417
1.023	-0.09948	0.01597
1.023	-0.1001	0.01857
1.023	-0.1006	0.01729
1.022	-0.1031	0.01717
1.021	-0.1036	0.01557
1.025	-0.1032	0.01434
1.027	-0.1037	0.01899
1.025	-0.1033	0.02203
1.023	-0.1038	0.021
1.022	-0.1032	0.01885
1.022	-0.1015	0.01689
1.024	-0.1015	0.01579
1.024	-0.1007	0.01473
1.024	-0.1011	0.01509
1.024	-0.1032	0.01765
1.024	-0.103	0.01801
1.023	-0.1021	0.01544
1.023	-0.1012	0.01572
1.022	-0.101	0.01374
1.021	-0.1025	0.009129
1.022	-0.1022	0.01324
1.024	-0.09937	0.02086
1.024	-0.0983	0.02397
1.022	-0.1012	0.02233
1.021	-0.1041	0.01945
1.023	-0.1046	0.01976
1.025	-0.105	0.01772
1.025	-0.1046	0.01547
1.026	-0.1041	0.01579
1.025	-0.1036	0.01352
1.024	-0.1009	0.01432
1.024	-0.09921	0.01968
1.023	-0.09937	0.02292
1.022	-0.1002	0.02144
1.021	-0.1026	0.01626
1.021	-0.1031	0.01268
1.021	-0.101	0.01258
1.022	-0.1002	0.01262
1.024	-0.1009	0.01141
1.026	-0.1037	0.01248
1.026	-0.1056	0.01789
1.024	-0.1041	0.02216
1.021	-0.1017	0.02227
1.021	-0.1007	0.02133
1.024	-0.1038	0.01929
1.026	-0.1055	0.01709
1.026	-0.1028	0.01909
1.025	-0.1041	0.02049
1.024	-0.1048	0.01712
1.022	-0.1005	0.01403
1.021	-0.09768	0.01271
1.022	-0.09563	0.01329
1.019	-0.09603	0.01491
1.019	-0.09898	0.01671
1.026	-0.1007	0.0199
1.028	-0.1029	0.02319
1.025	-0.1052	0.0227
1.025	-0.1057	0.01359
1.025	-0.1047	0.007792
1.023	-0.1068	0.01046
1.024	-0.1117	0.009766
1.024	-0.1091	0.01753
1.021	-0.1002	0.027
1.02	-0.09634	0.021
1.022	-0.09796	0.01736
1.023	-0.09742	0.01774
1.025	-0.09709	0.02184
1.025	-0.09915	0.02821
1.024	-0.0992	0.02138
1.022	-0.1014	0.01442
1.023	-0.1031	0.00804
1.021	-0.09818	0.01246
1.023	-0.1046	0.01356
1.023	-0.1072	0.01393
1.023	-0.1068	0.01448
1.026	-0.1067	0.01559
1.026	-0.105	0.01628
1.025	-0.104	0.01782
1.025	-0.1046	0.02102
1.024	-0.1031	0.02152
1.023	-0.101	0.01868
1.022	-0.09925	0.01839
1.022	-0.09863	0.01567
1.021	-0.1001	0.01025
1.021	-0.09992	0.01357
1.023	-0.09746	0.0205
1.024	-0.09689	0.02308
1.022	-0.1004	0.02107
1.021	-0.1038	0.01801
1.023	-0.1048	0.0183
1.025	-0.1056	0.01638
1.025	-0.1054	0.01434
1.026	-0.1051	0.01495
1.025	-0.1047	0.013
1.024	-0.1019	0.01412
1.024	-0.1	0.01974
1.023	-0.09999	0.02321
1.022	-0.1006	0.02189
1.021	-0.1028	0.01681
1.021	-0.1031	0.01326
1.021	-0.1009	0.01313
1.022	-0.09993	0.0131
1.024	-0.1006	0.01179
1.025	-0.1033	0.01274
1.026	-0.1052	0.01803
1.024	-0.1038	0.02218
1.021	-0.1015	0.0222
1.021	-0.1005	0.02119
1.024	-0.1037	0.01911
1.026	-0.1055	0.01688
1.026	-0.1028	0.01888
1.025	-0.1042	0.0203
1.024	-0.1049	0.01696
1.022	-0.1006	0.01392
1.021	-0.09783	0.01264
1.022	-0.09577	0.01326
1.019	-0.09615	0.01492
1.019	-0.09907	0.01674
1.026	-0.1007	0.01996
1.028	-0.103	0.02326
1.025	-0.1052	0.02278
1.025	-0.1056	0.01367
1.025	-0.1047	0.007856
1.023	-0.1067	0.01051
1.024	-0.1116	0.009801
1.023	-0.1091	0.01755
1.021	-0.1001	0.02701
1.02	-0.09631	0.02099
1.022	-0.09794	0.01734
1.023	-0.09741	0.01772
1.025	-0.09708	0.02181
1.025	-0.09915	0.02818
1.024	-0.09921	0.02136
1.022	-0.1014	0.0144
1.023	-0.1031	0.008025
1.023	-0.1023	0.004744
1.022	-0.1049	0.01905
1.022	-0.1043	0.02217
1.024	-0.1021	0.01135
1.024	-0.1037	0.01288
1.024	-0.1065	0.01824
1.025	-0.1083	0.01904
1.026	-0.1039	0.0196
1.024	-0.1014	0.02016
1.024	-0.1023	0.01725
1.024	-0.09978	0.01496
1.023	-0.09996	0.01686
1.023	-0.09913	0.01508
1.022	-0.09872	0.01423
1.021	-0.1024	0.01771
1.022	-0.1018	0.01952
1.022	-0.1017	0.02162
1.023	-0.1026	0.02109
1.024	-0.1016	0.01692
1.024	-0.1023	0.01505
1.023	-0.1021	0.01639
1.022	-0.102	0.01941
1.024	-0.1026	0.02306
1.024	-0.1025	0.02331
1.024	-0.1032	0.01337
1.024	-0.1029	0.003065
1.024	-0.1024	0.006522
1.024	-0.1012	0.01509
1.025	-0.1006	0.01952
1.025	-0.1038	0.01989
1.024	-0.104	0.01997
1.022	-0.09953	0.02027
1.018	-0.09812	0.01585
1.02	-0.1012	0.01412
1.025	-0.104	0.01647
1.026	-0.1044	0.01823
1.024	-0.1043	0.02175
1.023	-0.1054	0.02119
1.024	-0.1049	0.01938
1.023	-0.1014	0.01806
1.023	-0.09941	0.01406
1.024	-0.1008	0.01576
1.023	-0.1031	0.01982
1.023	-0.1041	0.02029
1.021	-0.1013	0.01541
1.021	-0.09818	0.008632
1.023	-0.09889	0.0113
1.025	-0.09978	0.01704
1.025	-0.1	0.01945
1.025	-0.1013	0.01875
1.023	-0.103	0.01607
1.022	-0.1051	0.01842
1.023	-0.1053	0.01994
1.024	-0.1042	0.01874
1.025	-0.1042	0.01803
1.025	-0.1037	0.01497
1.022	-0.1033	0.01447
1.02	-0.1045	0.01705
1.021	-0.1047	0.01981
1.024	-0.1018	0.02085
1.026	-0.09749	0.01945
1.025	-0.0957	0.01799
1.025	-0.0962	0.01497
1.024	-0.0968	0.01432
1.015	-0.1479	-0.08038
1.026	-0.1084	0.01476
1.042	-0.08956	0.06553
1.04	-0.08431	0.06541
1.025	-0.06995	0.06673
0.9936	-0.06215	0.07159
0.9834	-0.06529	0.04495
1.013	-0.0867	0.01197
1.028	-0.1349	-0.02087
1.028	-0.158	-0.03558
1.036	-0.1508	-0.02405
1.046	-0.1583	-0.02133
1.052	-0.1418	-0.00823
1.038	-0.1009	0.006048
1.022	-0.08055	0.008394
1.017	-0.05557	0.02098
1.013	-0.04818	0.02855
1.012	-0.06907	0.04162
1.011	-0.08227	0.04981
1.016	-0.1031	0.03832
1.021	-0.1176	0.03608
1.021	-0.1193	0.03213
1.026	-0.1184	0.02221
1.023	-0.1116	0.01289
1.019	-0.1133	0.005614
1.022	-0.105	0.007324
1.024	-0.09831	0.006367
1.028	-0.1063	0.01199
1.029	-0.1016	0.01647
1.027	-0.09757	0.007059
1.027	-0.09458	0.007844
1.026	-0.0905	0.01347
1.026	-0.09265	0.01704
1.024	-0.09348	0.02323
1.022	-0.1021	0.02274
1.024	-0.1117	0.01972
1.023	-0.1146	0.01689
1.024	-0.1091	0.01738
1.023	-0.1025	0.02401
1.016	-0.1071	0.02684
1.015	-0.1046	0.02524
1.021	-0.1018	0.02142
1.024	-0.1054	0.01529
1.022	-0.1007	0.01123
1.024	-0.0988	0.00956
1.025	-0.09762	0.00951
1.025	-0.09905	0.01223
1.027	-0.1028	0.01568
1.026	-0.09912	0.01598
1.025	-0.09981	0.01334
1.024	-0.1004	0.0119
1.022	-0.1029	0.01386
1.024	-0.1094	0.01659
1.024	-0.1063	0.01894
1.022	-0.1033	0.02281
1.022	-0.09964	0.02545
1.022	-0.09694	0.02415
1.024	-0.1001	0.01997
1.023	-0.09841	0.01657
1.021	-0.09849	0.0179
1.021	-0.1	0.01938
1.021	-0.1011	0.01607
1.023	-0.1075	0.01172
1.026	-0.1088	0.01205
1.027	-0.1068	0.0166
1.025	-0.105	0.01945
1.021	-0.09956	0.01979
1.021	-0.0983	0.01794
1.022	-0.1032	0.01366
1.023	-0.1041	0.0128
1.025	-0.0982	0.01457
1.026	-0.09674	0.01385
1.026	-0.1015	0.01453
1.025	-0.1053	0.01774
1.023	-0.1081	0.01943
1.023	-0.1076	0.0198
1.024	-0.1041	0.02018
1.023	-0.1015	0.02129
1.023	-0.09962	0.02283
1.023	-0.09817	0.02313
1.021	-0.09663	0.01976
1.021	-0.09866	0.0133
1.022	-0.1025	0.0108
1.023	-0.1031	0.01228
1.023	-0.1033	0.01327
1.023	-0.1044	0.01482
1.025	-0.1047	0.01416
1.025	-0.1027	0.01292
1.024	-0.1004	0.01561
1.024	-0.1008	0.01882
1.025	-0.1021	0.02156
1.024	-0.1008	0.02227
1.022	-0.09742	0.02095
1.02	-0.09804	0.02123
1.022	-0.1044	0.02024
1.026	-0.1062	0.01861
1.027	-0.1033	0.01722
1.021	-0.1064	0.01218
1.019	-0.1094	0.009229
1.024	-0.1071	0.01265
1.025	-0.1046	0.01692
1.024	-0.1003	0.01814
1.025	-0.09762	0.01586
1.023	-0.0984	0.01553
1.022	-0.09699	0.0201
1.023	-0.09716	0.0214
1.022	-0.09738	0.01964
1.023	-0.09796	0.01971
1.022	-0.1032	0.01658
1.022	-0.1053	0.01434
1.025	-0.1053	0.01638
1.025	-0.1067	0.01476
1.023	-0.1055	0.01322
1.023	-0.1044	0.01551
1.024	-0.1039	0.0183
1.025	-0.1026	0.02075
1.025	-0.1025	0.01954
1.023	-0.1012	0.01808
1.02	-0.09911	0.01941
1.019	-0.0999	0.01982
1.022	-0.1012	0.0184
1.023	-0.1009	0.01226
1.024	-0.1021	0.01048
1.025	-0.1027	0.0198
1.026	-0.1016	0.02188
1.026	-0.1024	0.01521
1.024	-0.1023	0.01344
1.023	-0.1024	0.01224
1.024	-0.114	0.005467
1.023	-0.1033	0.01917
1.02	-0.09401	0.02529
1.021	-0.09216	0.0256
1.021	-0.09834	0.02111
1.022	-0.1015	0.01864
1.025	-0.09793	0.01814
1.026	-0.09853	0.01506
1.026	-0.1048	0.01365
1.025	-0.1094	0.01526
1.023	-0.1124	0.01593
1.023	-0.1115	0.01587
1.024	-0.1074	0.01635
1.023	-0.1037	0.01795
1.023	-0.1008	0.02026
1.023	-0.09825	0.02148
1.022	-0.0958	0.01904
1.021	-0.09714	0.01344
1.022	-0.1006	0.01165
1.023	-0.1009	0.01365
1.023	-0.1011	0.01495
1.023	-0.1025	0.01661
1.025	-0.1032	0.01586
1.025	-0.1016	0.0144
1.024	-0.09973	0.01677
1.024	-0.1007	0.01961
1.025	-0.1023	0.02196
1.024	-0.1013	0.02232
1.022	-0.09817	0.0207
1.02	-0.0989	0.02075
1.022	-0.1053	0.0196
1.026	-0.107	0.01791
1.027	-0.104	0.01652
1.021	-0.1069	0.01155
1.019	-0.1098	0.008712
1.024	-0.1072	0.01227
1.025	-0.1046	0.01669
1.024	-0.1002	0.01804
1.025	-0.09739	0.01589
1.023	-0.0981	0.01566
1.022	-0.09667	0.0203
1.023	-0.09685	0.02165
1.022	-0.09711	0.0199
1.023	-0.09774	0.01996
1.022	-0.103	0.0168
1.022	-0.1052	0.0145
1.025	-0.1053	0.01649
1.025	-0.1067	0.01482
1.023	-0.1055	0.01323
1.023	-0.1045	0.01548
1.024	-0.104	0.01823
1.025	-0.1028	0.02067
1.025	-0.1026	0.01945
1.023	-0.1013	0.01799
1.02	-0.09918	0.01932
1.019	-0.09994	0.01975
1.022	-0.1012	0.01835
1.023	-0.1009	0.01223
1.024	-0.1021	0.01047
1.025	-0.1026	0.01981
1.026	-0.1016	0.0219
1.026	-0.1024	0.01523
1.024	-0.1022	0.01347
1.023	-0.1023	0.01227
1.022	-0.1031	0.01243
1.022	-0.1004	0.0168
1.022	-0.1005	0.01903
1.023	-0.1031	0.02449
1.023	-0.1035	0.02699
1.022	-0.1045	0.01492
1.023	-0.1037	0.008861
1.024	-0.1017	0.01389
1.023	-0.1007	0.01606
1.023	-0.1	0.02029
1.024	-0.1032	0.02234
1.024	-0.1051	0.02119
1.024	-0.1021	0.02222
1.023	-0.1015	0.01716
1.024	-0.1008	0.0104
1.024	-0.09827	0.009706
1.024	-0.1007	0.01369
1.025	-0.1041	0.01719
1.023	-0.1046	0.01718
1.02	-0.1043	0.02005
1.018	-0.09999	0.01973
1.019	-0.09764	0.01454
1.023	-0.1035	0.01478
1.025	-0.1052	0.01868
1.025	-0.1025	0.02353
1.026	-0.104	0.02139
1.026	-0.1041	0.01418
1.023	-0.1026	0.01422
1.023	-0.1011	0.01421
1.024	-0.09957	0.01346
1.024	-0.1011	0.01617
1.026	-0.1011	0.01686
1.024	-0.1002	0.01765
1.022	-0.1011	0.01937
1.022	-0.1011	0.01979
1.021	-0.1027	0.01782
1.022	-0.1034	0.01514
1.023	-0.1022	0.01563
1.023	-0.1032	0.01745
1.023	-0.1049	0.01895
1.023	-0.1056	0.01794
1.023	-0.1027	0.01655
1.023	-0.09913	0.01906
1.023	-0.09953	0.01819
1.025	-0.1018	0.01651
1.025	-0.1038	0.01917
1.023	-0.1031	0.01742
1.023	-0.1023	0.01401
1.023	-0.1036	0.01216
1.025	-0.1038	0.01268
1.025	-0.1034	0.02074
1.023	-0.1007	0.02363
1.023	-0.09671	0.0168
1.022	-0.0965	0.01354
1.021	-0.09782	0.01458
1.023	-0.1002	0.01548
1.024	-0.1045	0.01574
1.023	-0.1062	0.01647
1.024	-0.1051	0.01896
1.025	-0.103	0.02008
1.024	-0.1019	0.01847
1.022	-0.106	0.01887
1.022	-0.1081	0.0199
1.023	-0.1044	0.0185
1.024	-0.1059	0.02013
1.023	-0.09973	0.01632
1.022	-0.09761	0.01397
1.023	-0.09914	0.01752
1.023	-0.09929	0.01998
1.022	-0.1007	0.009036
1.023	-0.1006	0.004732
1.024	-0.09959	0.01172
1.024	-0.0997	0.01573
1.024	-0.09998	0.02148
1.025	-0.104	0.02464
1.025	-0.1065	0.02413
1.024	-0.1038	0.02538
1.024	-0.1034	0.02015
1.024	-0.1026	0.01295
1.024	-0.09984	0.01162
1.024	-0.1019	0.01489
1.024	-0.1049	0.01767
1.023	-0.105	0.01702
1.02	-0.1043	0.01936
1.018	-0.09971	0.01867
1.019	-0.09712	0.01326
1.023	-0.1028	0.01344
1.025	-0.1045	0.01741
1.025	-0.1018	0.02243
1.026	-0.1033	0.02054
1.026	-0.1036	0.01361
1.023	-0.1022	0.01394
1.023	-0.1009	0.01419
1.024	-0.09949	0.01366
1.025	-0.1012	0.01654
1.026	-0.1013	0.01734
1.024	-0.1004	0.01816
1.022	-0.1014	0.01988
1.022	-0.1014	0.02024
1.021	-0.103	0.0182
1.022	-0.1037	0.01541
1.023	-0.1024	0.01579
1.023	-0.1033	0.01751
1.023	-0.105	0.01891
1.023	-0.1056	0.01784
1.023	-0.1026	0.01639
1.023	-0.09906	0.01888
1.023	-0.09943	0.018
1.025	-0.1017	0.01633
1.025	-0.1037	0.01902
1.023	-0.103	0.0173
1.023	-0.1023	0.01393
1.023	-0.1036	0.01212
1.025	-0.1038	0.01267
1.025	-0.1034	0.02076
1.024	-0.1007	0.02367
1.023	-0.09673	0.01686
1.022	-0.09653	0.01361
1.021	-0.09786	0.01465
1.023	-0.1002	0.01554
1.024	-0.1045	0.01579
1.023	-0.1062	0.0165
1.024	-0.1051	0.01898
1.025	-0.103	0.02009
1.024	-0.1019	0.01847
1.022	-0.106	0.01886
1.021	-0.1081	0.01988
1.023	-0.1044	0.01848
1.024	-0.1038	0.0195
1.022	-0.1021	0.01979
1.022	-0.09845	0.01518
1.023	-0.09927	0.01145
1.023	-0.09829	0.01051
1.025	-0.09842	0.01038
1.025	-0.1019	0.01093
1.022	-0.1019	0.0155
1.022	-0.1018	0.02345
1.022	-0.1013	0.02884
1.023	-0.09992	0.02643
1.025	-0.1	0.01435
1.025	-0.1001	0.008862
1.024	-0.1047	0.01946
1.024	-0.1098	0.0271
1.023	-0.1074	0.0238
1.022	-0.104	0.01381
1.025	-0.1026	0.002951
1.026	-0.1024	0.002828
1.023	-0.1023	0.008985
1.021	-0.09887	0.01905
1.021	-0.09794	0.02737
1.022	-0.09953	0.02076
1.024	-0.09963	0.01901
1.024	-0.101	0.02178
1.023	-0.1024	0.01582
1.023	-0.1039	0.01922
1.024	-0.1052	0.0214
1.025	-0.1046	0.0185
1.025	-0.104	0.0223
1.025	-0.1028	0.01851
1.023	-0.1028	0.01115
1.022	-0.1028	0.008224
1.023	-0.09914	0.01048
1.021	-0.0964	0.01693
1.019	-0.09754	0.01831
1.023	-0.1018	0.01949
1.025	-0.1065	0.0194
1.024	-0.1068	0.01647
1.024	-0.1033	0.01656
1.025	-0.1019	0.01762
1.025	-0.104	0.01974
1.025	-0.1039	0.01619
1.024	-0.1012	0.01032
1.023	-0.1005	0.01217
1.023	-0.1003	0.01617
1.022	-0.1006	0.02073
1.021	-0.1016	0.02222
1.021	-0.102	0.02019
1.021	-0.1025	0.02087
1.023	-0.1022	0.02119
1.026	-0.1017	0.02061
1.025	-0.1017	0.01752
1.024	-0.1018	0.01295
1.023	-0.1033	0.01352
1.024	-0.1048	0.01541
1.024	-0.1035	0.01581
1.022	-0.09948	0.0163
1.021	-0.09797	0.01645
1.022	-0.1015	0.01677
1.023	-0.1035	0.01662
1.025	-0.1026	0.01632
1.024	-0.104	0.01582
1.024	-0.1066	0.01622
1.024	-0.1008	0.009315
1.024	-0.1021	0.01955
1.023	-0.1004	0.02042
1.023	-0.1022	0.01893
1.024	-0.1014	0.01806
1.025	-0.1012	0.01665
1.024	-0.1041	0.01525
1.021	-0.1033	0.01766
1.02	-0.1024	0.02361
1.021	-0.1012	0.02738
1.022	-0.09918	0.02383
1.024	-0.09884	0.01112
1.025	-0.09871	0.00548
1.024	-0.1032	0.01632
1.024	-0.1084	0.02449
1.023	-0.1063	0.02191
1.023	-0.1032	0.01271
1.026	-0.102	0.002616
1.026	-0.1022	0.003167
1.024	-0.1024	0.009855
1.021	-0.09917	0.02028
1.021	-0.09841	0.02879
1.023	-0.1001	0.02221
1.024	-0.1002	0.02034
1.024	-0.1016	0.02289
1.022	-0.1029	0.01665
1.022	-0.1043	0.01973
1.024	-0.1054	0.02162
1.025	-0.1047	0.01843
1.025	-0.104	0.02201
1.024	-0.1027	0.01806
1.023	-0.1026	0.0106
1.022	-0.1026	0.007652
1.023	-0.09892	0.009933
1.02	-0.09618	0.01646
1.019	-0.09735	0.01793
1.023	-0.1016	0.01923
1.025	-0.1064	0.01926
1.024	-0.1067	0.01644
1.024	-0.1033	0.01662
1.025	-0.1019	0.01775
1.025	-0.104	0.01992
1.025	-0.1039	0.0164
1.024	-0.1013	0.01053
1.023	-0.1006	0.01235
1.023	-0.1004	0.01633
1.022	-0.1007	0.02085
1.021	-0.1017	0.02229
1.021	-0.102	0.02022
1.021	-0.1025	0.02086
1.023	-0.1022	0.02115
1.026	-0.1017	0.02055
1.025	-0.1017	0.01745
1.024	-0.1018	0.01287
1.023	-0.1033	0.01345
1.024	-0.1048	0.01534
1.024	-0.1035	0.01576
1.022	-0.09946	0.01627
1.021	-0.09795	0.01643
1.022	-0.1015	0.01676
1.023	-0.1035	0.01663
1.025	-0.1026	0.01634
1.024	-0.104	0.01585
1.024	-0.1066	0.01624
1.025	-0.1059	0.01698
1.024	-0.1007	0.01342
1.024	-0.09706	0.01218
1.023	-0.0985	0.01889
1.023	-0.09896	0.02329
1.023	-0.1005	0.02297
1.023	-0.1051	0.0236
1.024	-0.1063	0.02226
1.024	-0.1056	0.01528
1.022	-0.103	0.006901
1.022	-0.09921	0.006799
1.022	-0.1001	0.01464
1.023	-0.1029	0.01905
1.023	-0.1053	0.01993
1.024	-0.1051	0.02341
1.023	-0.102	0.0243
1.023	-0.09975	0.01997
1.023	-0.09721	0.01857
1.025	-0.09635	0.01642
1.028	-0.1002	0.009742
1.028	-0.104	0.01102
1.021	-0.1052	0.01514
1.019	-0.1054	0.01471
1.022	-0.1045	0.01757
1.023	-0.1024	0.01819
1.023	-0.1015	0.01841
1.025	-0.1016	0.02159
1.023	-0.1027	0.01905
1.021	-0.1042	0.01645
1.023	-0.1022	0.01573
1.023	-0.1003	0.01573
1.023	-0.1016	0.01797
1.024	-0.1013	0.01772
1.024	-0.09894	0.01765
1.025	-0.1003	0.01542
1.024	-0.1032	0.01236
1.021	-0.1028	0.01399
1.021	-0.1037	0.01544
1.022	-0.1047	0.02023
1.025	-0.1035	0.0238
1.026	-0.1039	0.02095
1.024	-0.104	0.01986
1.023	-0.1028	0.01784
1.023	-0.1028	0.01512
1.024	-0.1023	0.01427
1.024	-0.09718	0.01378
1.024	-0.09437	0.01591
1.023	-0.09966	0.01744
1.024	-0.1005	0.01774
1.024	-0.09868	0.01754
1.025	-0.1004	0.0153
1.023	-0.1022	0.01503
1.021	-0.1091	0.01661
1.021	-0.1115	0.01639
1.02	-0.1064	0.01654
1.02	-0.1074	0.01881
1.021	-0.1065	0.02005
1.025	-0.09996	0.02065
1.027	-0.09634	0.02066
1.027	-0.09637	0.01561
1.026	-0.09867	0.01131
1.024	-0.1	0.01318
1.023	-0.1013	0.01558
1.023	-0.1017	0.01762
1.022	-0.1076	0.02834
1.022	-0.1024	0.01744
1.022	-0.0987	0.01149
1.022	-0.09989	0.01553
1.022	-0.1001	0.01881
1.023	-0.1013	0.01845
1.023	-0.1056	0.01974
1.024	-0.1066	0.01945
1.024	-0.1057	0.01366
1.023	-0.103	0.006425
1.022	-0.09909	0.007299
1.023	-0.09992	0.01587
1.023	-0.1027	0.02074
1.023	-0.1051	0.02183
1.024	-0.105	0.02528
1.023	-0.1019	0.02594
1.023	-0.09968	0.02127
1.023	-0.09718	0.01946
1.025	-0.09635	0.01688
1.028	-0.1002	0.009798
1.027	-0.104	0.01074
1.021	-0.1053	0.01461
1.019	-0.1055	0.01401
1.022	-0.1045	0.0168
1.023	-0.1024	0.01743
1.023	-0.1016	0.01773
1.025	-0.1017	0.02104
1.023	-0.1027	0.01865
1.021	-0.1042	0.01622
1.023	-0.1022	0.01565
1.023	-0.1002	0.0158
1.023	-0.1015	0.01815
1.024	-0.1012	0.01797
1.024	-0.09892	0.01795
1.025	-0.1003	0.01571
1.024	-0.1031	0.01264
1.021	-0.1028	0.01422
1.021	-0.1037	0.01562
1.022	-0.1047	0.02035
1.025	-0.1035	0.02386
1.026	-0.1039	0.02095
1.024	-0.104	0.01982
1.023	-0.1028	0.01777
1.022	-0.1028	0.01502
1.024	-0.1023	0.01416
1.024	-0.09719	0.01367
1.024	-0.09437	0.01582
1.023	-0.09967	0.01736
1.024	-0.1005	0.01769
1.024	-0.09868	0.01751
1.025	-0.1004	0.01529
1.023	-0.1022	0.01504
1.021	-0.1091	0.01663
1.021	-0.1115	0.01642
1.02	-0.1064	0.01658
1.02	-0.1074	0.01885
1.021	-0.1065	0.02009
1.025	-0.09995	0.02069
1.027	-0.09634	0.02069
1.027	-0.09637	0.01562
1.026	-0.09867	0.01132
1.024	-0.1	0.01318
1.023	-0.1013	0.01557
1.023	-0.1017	0.0176
1.022	-0.09981	0.01983
1.021	-0.1005	0.02041
1.022	-0.1064	0.0201
1.026	-0.1148	0.01931
1.028	-0.1119	0.01708
1.021	-0.09524	0.01519
1.018	-0.08882	0.01851
1.019	-0.09614	0.0196
1.018	-0.09658	0.01418
1.024	-0.09676	0.0118
1.03	-0.1094	0.008599
1.026	-0.1147	0.009284
1.027	-0.1094	0.01845
1.026	-0.1063	0.02012
1.023	-0.09756	0.01981
1.025	-0.0924	0.02211
1.023	-0.0975	0.02092
1.021	-0.1014	0.02127
1.022	-0.1074	0.01994
1.021	-0.1105	0.0189
1.021	-0.1051	0.01865
1.022	-0.1014	0.01498
1.022	-0.1004	0.01431
1.022	-0.1003	0.01453
1.024	-0.1005	0.01373
1.027	-0.09901	0.01373
1.028	-0.0983	0.01553
1.025	-0.09751	0.02289
1.021	-0.09701	0.02346
1.019	-0.1002	0.009979
1.019	-0.1034	0.005292
1.021	-0.1073	0.01565
1.025	-0.1123	0.01843
1.027	-0.1106	0.01759
1.027	-0.1058	0.02387
1.023	-0.102	0.02538
1.021	-0.09824	0.02325
1.025	-0.09795	0.01815
1.026	-0.09644	0.01313
1.023	-0.09602	0.01793
1.024	-0.1004	0.01818
1.024	-0.1024	0.01415
1.023	-0.104	0.01435
1.024	-0.1037	0.009567
1.022	-0.1027	0.008682
1.021	-0.1069	0.01612
1.02	-0.1072	0.01976
1.02	-0.1035	0.01897
1.023	-0.1035	0.01951
1.024	-0.103	0.0207
1.024	-0.1007	0.01916
1.025	-0.0987	0.01998
1.025	-0.09669	0.02179
1.024	-0.09654	0.02095
1.024	-0.09882	0.02006
1.024	-0.09955	0.01358
1.025	-0.1006	0.01017
1.026	-0.1044	0.01392
1.024	-0.1058	0.01269
1.023	-0.1043	0.01433
1.022	-0.1046	0.01721
1.02	-0.1083	0.0149
1.022	-0.1095	0.01702
1.024	-0.1048	0.01937
1.023	-0.1005	0.01482
1.022	-0.09737	0.02054
1.023	-0.1014	0.02278
1.027	-0.1094	0.02278
1.029	-0.107	0.02024
1.022	-0.09135	0.01744
1.018	-0.08622	0.01962
1.019	-0.09483	0.01962
1.018	-0.09645	0.0133
1.024	-0.09755	0.01029
1.029	-0.1109	0.006762
1.026	-0.1165	0.007396
1.026	-0.1113	0.01674
1.026	-0.1081	0.01875
1.023	-0.09907	0.01888
1.025	-0.09353	0.02164
1.023	-0.0982	0.0209
1.021	-0.1017	0.02163
1.022	-0.1073	0.02058
1.021	-0.1101	0.01972
1.021	-0.1045	0.01955
1.022	-0.1007	0.01585
1.022	-0.09961	0.01508
1.023	-0.0996	0.01515
1.024	-0.09993	0.01416
1.028	-0.09855	0.01396
1.028	-0.098	0.01558
1.025	-0.09736	0.02278
1.021	-0.09702	0.02322
1.019	-0.1003	0.009664
1.019	-0.1036	0.004935
1.021	-0.1076	0.01529
1.025	-0.1126	0.01809
1.027	-0.1109	0.01731
1.027	-0.106	0.02366
1.023	-0.1022	0.02525
1.021	-0.09838	0.02319
1.025	-0.09804	0.01816
1.026	-0.09647	0.01319
1.023	-0.096	0.01803
1.024	-0.1004	0.0183
1.024	-0.1024	0.01428
1.023	-0.1039	0.01447
1.024	-0.1036	0.009679
1.022	-0.1026	0.008772
1.021	-0.1068	0.01619
1.02	-0.1071	0.01979
1.02	-0.1035	0.01898
1.023	-0.1035	0.0195
1.024	-0.103	0.02067
1.024	-0.1007	0.01912
1.025	-0.09873	0.01993
1.025	-0.09672	0.02174
1.024	-0.09658	0.02091
1.024	-0.09886	0.02002
1.024	-0.09958	0.01356
1.025	-0.1006	0.01015
1.026	-0.1044	0.01391
1.024	-0.1058	0.01269
1.023	-0.1043	0.01434
1.022	-0.1046	0.01722
1.02	-0.1082	0.01491
1.022	-0.1095	0.01703
1.024	-0.1048	0.01939
1.024	-0.1016	0.01987
1.023	-0.09856	0.02101
1.024	-0.09603	0.02004
1.024	-0.1009	0.01882
1.023	-0.1037	0.01735
1.023	-0.1014	0.01747
1.023	-0.1008	0.01682
1.024	-0.1001	0.01286
1.025	-0.1015	0.01201
1.024	-0.1019	0.01558
1.023	-0.09883	0.02122
1.022	-0.09958	0.02217
1.021	-0.1011	0.01662
1.022	-0.1013	0.01433
1.024	-0.1037	0.01487
1.025	-0.1047	0.01424
1.026	-0.1043	0.0159
1.026	-0.1041	0.01727
1.023	-0.1036	0.01509
1.02	-0.1047	0.01576
1.022	-0.1052	0.01911
1.022	-0.1036	0.01871
1.022	-0.1026	0.01938
1.022	-0.1015	0.02394
1.02	-0.09981	0.02434
1.022	-0.09874	0.01871
1.027	-0.099	0.01547
1.028	-0.1012	0.01557
1.027	-0.1038	0.01369
1.026	-0.1034	0.01219
1.026	-0.1014	0.01069
1.022	-0.1019	0.01163
1.021	-0.1026	0.01795
1.022	-0.09784	0.01971
1.021	-0.09609	0.01803
1.021	-0.1019	0.01913
1.022	-0.1029	0.01837
1.022	-0.1037	0.01648
1.023	-0.1094	0.01639
1.025	-0.108	0.01652
1.025	-0.1042	0.0168
1.023	-0.1041	0.01999
1.022	-0.1028	0.02416
1.023	-0.1002	0.02199
1.023	-0.09699	0.01369
1.024	-0.09648	0.01015
1.026	-0.09897	0.01478
1.026	-0.1015	0.01648
1.026	-0.1047	0.01652
1.025	-0.1068	0.01946
1.021	-0.1052	0.01599
1.02	-0.09989	0.01354
1.021	-0.09766	0.01699
1.02	-0.1029	0.01733
1.022	-0.1074	0.01912
1.023	-0.1065	0.01942
1.023	-0.1021	0.01586
1.023	-0.09838	0.01626
1.025	-0.09802	0.01827
1.027	-0.09692	0.02016
1.028	-0.0983	0.02083
1.025	-0.1036	0.02023
1.022	-0.1052	0.01856
1.021	-0.105	0.01489
1.02	-0.1011	0.01172
1.021	-0.1014	0.01388
1.023	-0.1006	0.01458
1.024	-0.106	0.0153
1.024	-0.1084	0.01573
1.024	-0.1052	0.01752
1.024	-0.1034	0.01816
1.024	-0.1015	0.01508
1.026	-0.1016	0.01469
1.024	-0.101	0.01834
1.023	-0.09723	0.02376
1.021	-0.09755	0.02427
1.021	-0.0989	0.01814
1.022	-0.09918	0.01523
1.024	-0.1019	0.01516
1.025	-0.1033	0.01399
1.026	-0.1034	0.01523
1.026	-0.1037	0.01632
1.023	-0.1036	0.01399
1.02	-0.105	0.01463
1.022	-0.1058	0.01807
1.022	-0.1044	0.01783
1.022	-0.1034	0.01873
1.022	-0.1024	0.02353
1.02	-0.1006	0.02417
1.022	-0.09936	0.01875
1.027	-0.09944	0.01568
1.028	-0.1015	0.01591
1.027	-0.1039	0.0141
1.026	-0.1033	0.01263
1.025	-0.1012	0.01111
1.022	-0.1016	0.012
1.021	-0.1023	0.01824
1.022	-0.09752	0.01991
1.021	-0.09578	0.01814
1.021	-0.1016	0.01916
1.022	-0.1027	0.01833
1.022	-0.1036	0.01638
1.023	-0.1093	0.01625
1.025	-0.108	0.01636
1.025	-0.1042	0.01664
1.023	-0.1042	0.01984
1.022	-0.1029	0.02404
1.023	-0.1004	0.02189
1.023	-0.09711	0.01364
1.024	-0.09658	0.01012
1.026	-0.09905	0.01478
1.026	-0.1015	0.01651
1.026	-0.1048	0.01657
1.025	-0.1068	0.01952
1.021	-0.1052	0.01604
1.02	-0.09987	0.01359
1.021	-0.09762	0.01704
1.02	-0.1029	0.01737
1.022	-0.1074	0.01914
1.023	-0.1065	0.01943
1.023	-0.1021	0.01586
1.023	-0.09835	0.01626
1.025	-0.098	0.01825
1.027	-0.09691	0.02014
1.028	-0.0983	0.0208
1.025	-0.1036	0.0202
1.022	-0.1052	0.01854
1.021	-0.105	0.01487
1.022	-0.1043	0.01511
1.021	-0.1007	0.016
1.022	-0.1002	0.01385
1.022	-0.1043	0.01055
1.023	-0.1057	0.008938
1.025	-0.1037	0.01519
1.024	-0.1028	0.01774
1.024	-0.1018	0.0157
1.027	-0.1008	0.02161
1.026	-0.1012	0.02439
1.022	-0.0996	0.02381
1.02	-0.09925	0.0241
1.023	-0.1022	0.01812
1.023	-0.1028	0.01431
1.023	-0.1029	0.01423
1.024	-0.1037	0.01391
1.023	-0.1029	0.01651
1.023	-0.102	0.01753
1.024	-0.1006	0.01717
1.023	-0.1	0.01693
1.023	-0.1029	0.01394
1.023	-0.1043	0.01358
1.023	-0.1026	0.01685
1.024	-0.103	0.0174
1.022	-0.1032	0.01654
1.021	-0.1015	0.01711
1.023	-0.1023	0.01799
1.024	-0.1025	0.01843
1.024	-0.1008	0.0173
1.026	-0.1024	0.01609
1.025	-0.1029	0.01684
1.024	-0.0994	0.01867
1.023	-0.09937	0.02078
1.025	-0.1017	0.01959
1.024	-0.1014	0.01654
1.024	-0.1015	0.01714
1.025	-0.1031	0.01676
1.024	-0.1048	0.01419
1.021	-0.1045	0.01293
1.019	-0.1035	0.01346
1.02	-0.1035	0.01965
1.021	-0.1009	0.02359
1.021	-0.1006	0.01872
1.023	-0.104	0.0161
1.023	-0.1039	0.01572
1.026	-0.1019	0.01345
1.027	-0.09924	0.01313
1.026	-0.09817	0.0145
1.027	-0.1011	0.01944
1.025	-0.1025	0.02427
1.021	-0.1031	0.02183
1.021	-0.1035	0.01671
1.021	-0.1017	0.01364
1.019	-0.1015	0.01343
1.021	-0.1025	0.01494
1.024	-0.1024	0.01672
1.027	-0.1025	0.0201
1.025	-0.1048	0.01998
1.025	-0.1058	0.0144
1.026	-0.1035	0.01308
1.024	-0.1016	0.01763
1.022	-0.09917	0.01849
1.021	-0.09701	0.01573
1.021	-0.09832	0.01701
1.024	-0.1072	0.01944
1.023	-0.1014	0.02256
1.023	-0.09964	0.02034
1.023	-0.1033	0.01563
1.023	-0.1047	0.01196
1.025	-0.103	0.01604
1.024	-0.1025	0.01668
1.024	-0.1019	0.01318
1.027	-0.1013	0.01817
1.026	-0.102	0.02059
1.022	-0.1006	0.02014
1.02	-0.1003	0.02093
1.023	-0.1031	0.01571
1.023	-0.1036	0.01278
1.023	-0.1035	0.01361
1.024	-0.104	0.01411
1.023	-0.103	0.01739
1.023	-0.1019	0.0189
1.024	-0.1003	0.01882
1.023	-0.09962	0.01867
1.023	-0.1024	0.01559
1.023	-0.1038	0.015
1.023	-0.1022	0.01796
1.024	-0.1026	0.01815
1.022	-0.1029	0.01691
1.021	-0.1013	0.01714
1.023	-0.1022	0.01772
1.024	-0.1025	0.01795
1.024	-0.1009	0.01668
1.026	-0.1025	0.01541
1.025	-0.1031	0.01617
1.024	-0.09958	0.01807
1.023	-0.09954	0.02029
1.025	-0.1018	0.01923
1.024	-0.1015	0.01632
1.024	-0.1016	0.01706
1.025	-0.1031	0.0168
1.024	-0.1048	0.01432
1.021	-0.1045	0.01313
1.019	-0.1035	0.0137
1.02	-0.1034	0.01989
1.021	-0.1008	0.02382
1.021	-0.1006	0.01892
1.023	-0.104	0.01626
1.023	-0.1039	0.01582
1.026	-0.1019	0.01351
1.027	-0.09922	0.01314
1.026	-0.09816	0.01447
1.027	-0.1011	0.01938
1.025	-0.1025	0.02418
1.021	-0.1031	0.02174
1.021	-0.1035	0.01662
1.021	-0.1018	0.01356
1.019	-0.1015	0.01336
1.021	-0.1025	0.0149
1.024	-0.1024	0.01669
1.027	-0.1025	0.02009
1.025	-0.1048	0.01999
1.025	-0.1058	0.01441
1.026	-0.1035	0.0131
1.024	-0.1016	0.01766
1.022	-0.09916	0.01852
1.021	-0.097	0.01576
1.021	-0.09831	0.01704
1.022	-0.1029	0.01935
1.023	-0.1062	0.01876
1.023	-0.104	0.01835
1.024	-0.1026	0.01936
1.025	-0.1022	0.02138
1.024	-0.1003	0.02209
1.024	-0.1016	0.01868
1.024	-0.1009	0.01077
1.024	-0.1001	0.006222
1.023	-0.1036	0.008967
1.023	-0.1037	0.01088
1.023	-0.1028	0.0155
1.022	-0.1023	0.02256
1.022	-0.1014	0.02384
1.023	-0.103	0.02496
1.024	-0.103	0.02379
1.024	-0.1025	0.01782
1.024	-0.1029	0.01584
1.025	-0.1017	0.01726
1.023	-0.1014	0.01575
1.021	-0.1018	0.01162
1.021	-0.1019	0.01026
1.023	-0.1022	0.01305
1.024	-0.1034	0.01814
1.025	-0.1045	0.02061
1.022	-0.1024	0.01963
1.021	-0.1008	0.02155
1.023	-0.1009	0.02073
1.024	-0.1003	0.01509
1.024	-0.1007	0.01316
1.025	-0.1012	0.01258
1.024	-0.1017	0.01314
1.025	-0.1025	0.02009
1.024	-0.1017	0.02673
1.022	-0.1013	0.02399
1.022	-0.1017	0.01704
1.023	-0.1026	0.01345
1.023	-0.1044	0.01262
1.022	-0.1044	0.01169
1.022	-0.1033	0.009618
1.025	-0.1036	0.01057
1.025	-0.1035	0.0142
1.024	-0.101	0.01999
1.023	-0.09847	0.02744
1.022	-0.09801	0.02656
1.022	-0.09916	0.02175
1.021	-0.103	0.01966
1.021	-0.1065	0.0161
1.023	-0.1071	0.01459
1.024	-0.1067	0.01403
1.024	-0.1029	0.01329
1.025	-0.09923	0.01424
1.026	-0.1005	0.01503
1.026	-0.09945	0.0178
1.025	-0.09868	0.02008
1.022	-0.1013	0.01952
1.022	-0.1021	0.0164
1.021	-0.1024	0.0131
1.019	-0.1001	0.01389
1.02	-0.09955	0.01576
1.023	-0.1043	0.02155
1.026	-0.1047	0.02505
1.026	-0.1032	0.01627
1.026	-0.1032	0.01163
1.024	-0.1031	0.01695
1.023	-0.1059	0.01548
1.022	-0.1033	0.01541
1.023	-0.1017	0.0174
1.023	-0.1013	0.02063
1.023	-0.09937	0.02251
1.023	-0.1007	0.02005
1.023	-0.1002	0.01276
1.023	-0.09947	0.008497
1.023	-0.1031	0.01122
1.023	-0.1034	0.01285
1.023	-0.1026	0.01702
1.023	-0.1023	0.02352
1.022	-0.1014	0.02425
1.023	-0.1031	0.02484
1.025	-0.1032	0.02323
1.024	-0.1027	0.01694
1.025	-0.1031	0.01477
1.025	-0.1019	0.01613
1.023	-0.1016	0.01467
1.021	-0.102	0.01069
1.021	-0.102	0.009526
1.023	-0.1022	0.01255
1.024	-0.1034	0.01788
1.025	-0.1045	0.02058
1.022	-0.1024	0.0198
1.021	-0.1008	0.02186
1.023	-0.1009	0.02113
1.024	-0.1003	0.01554
1.024	-0.1007	0.0136
1.025	-0.1012	0.01298
1.024	-0.1017	0.01347
1.025	-0.1025	0.02033
1.024	-0.1017	0.02688
1.023	-0.1013	0.02405
1.022	-0.1017	0.01702
1.023	-0.1026	0.01336
1.023	-0.1044	0.01249
1.022	-0.1044	0.01154
1.022	-0.1033	0.009456
1.025	-0.1036	0.01041
1.025	-0.1036	0.01406
1.024	-0.101	0.01988
1.023	-0.09847	0.02737
1.022	-0.09801	0.02653
1.022	-0.09916	0.02174
1.021	-0.103	0.01968
1.021	-0.1065	0.01614
1.023	-0.1071	0.01464
1.024	-0.1067	0.01408
1.024	-0.1029	0.01335
1.025	-0.09922	0.01429
1.026	-0.1005	0.01507
1.026	-0.09945	0.01783
1.025	-0.09868	0.0201
1.022	-0.1013	0.01953
1.022	-0.1021	0.0164
1.021	-0.1024	0.01309
1.019	-0.1001	0.01387
1.02	-0.09955	0.01574
1.023	-0.1043	0.02153
1.026	-0.1047	0.02503
1.026	-0.1032	0.01625
1.026	-0.1033	0.01161
1.025	-0.1017	0.01397
1.021	-0.1016	0.01605
1.022	-0.1033	0.02196
1.023	-0.105	0.02071
1.024	-0.1057	0.01384
1.024	-0.1045	0.01503
1.023	-0.1023	0.01858
1.023	-0.1	0.01878
1.023	-0.09939	0.01468
1.021	-0.09987	0.01089
1.021	-0.1004	0.01372
1.022	-0.09912	0.01862
1.026	-0.09895	0.02065
1.027	-0.1021	0.01973
1.024	-0.1007	0.02174
1.024	-0.09967	0.02415
1.024	-0.1022	0.02064
1.022	-0.1007	0.01797
1.022	-0.1035	0.01345
1.022	-0.1082	0.008639
1.023	-0.1076	0.01151
1.024	-0.1091	0.01422
1.023	-0.1078	0.0161
1.023	-0.1019	0.01655
1.023	-0.09962	0.01609
1.023	-0.09948	0.02028
1.023	-0.09969	0.02119
1.023	-0.1002	0.02159
1.023	-0.1002	0.02218
1.025	-0.09906	0.01565
1.026	-0.09859	0.01304
1.025	-0.1002	0.01501
1.025	-0.1013	0.01377
1.024	-0.1036	0.01456
1.022	-0.1046	0.0171
1.018	-0.09953	0.01774
1.018	-0.09757	0.01867
1.023	-0.1026	0.01836
1.024	-0.1065	0.01551
1.024	-0.1067	0.01648
1.026	-0.1046	0.02071
1.025	-0.1025	0.02176
1.024	-0.103	0.01975
1.025	-0.1036	0.0158
1.024	-0.1029	0.01396
1.024	-0.103	0.01577
1.025	-0.1028	0.01527
1.024	-0.1017	0.01515
1.022	-0.1007	0.01699
1.02	-0.1006	0.01679
1.019	-0.1006	0.01838
1.02	-0.09853	0.01923
1.023	-0.09714	0.01645
1.024	-0.09929	0.01605
1.023	-0.1027	0.01544
1.022	-0.1056	0.01366
1.024	-0.1058	0.01594
1.029	-0.1039	0.02005
1.029	-0.1031	0.02114
1.026	-0.1031	0.01978
1.025	-0.1032	0.01912
1.024	-0.1032	0.01781
1.021	-0.1015	0.01587
1.02	-0.09983	0.01556
