-0.01575	0.9831	0.2037
-0.0113	0.9859	0.198
-0.004813	0.9701	0.2095
0.003024	0.9699	0.228
0.007919	0.9629	0.2315
0.0007125	0.9714	0.23
-0.01094	0.9847	0.2386
-0.02159	0.9797	0.2392
-0.0298	0.9868	0.2334
-0.02841	0.9889	0.2282
-0.02362	0.9914	0.2175
-0.02615	0.9928	0.2096
-0.03782	0.9703	0.2111
-0.04472	0.9516	0.2126
-0.04355	0.9452	0.2114
-0.04351	0.9537	0.2127
-0.03468	0.9789	0.2145
-0.02126	1.004	0.2176
-0.01435	1.023	0.2194
-0.009229	1.026	0.2142
-0.011	1.017	0.2148
-0.0147	1.005	0.2231
-0.01449	0.9745	0.2226
-0.01656	0.9498	0.2162
-0.01945	0.9575	0.2177
-0.02739	0.9511	0.2258
-0.03249	0.9312	0.2274
-0.02636	0.9468	0.2245
-0.02247	0.9742	0.2286
-0.02518	0.9878	0.2288
-0.03611	0.9899	0.2254
-0.03958	0.9912	0.2319
-0.02033	0.9995	0.2306
-0.006432	0.997	0.2206
-0.01053	1	0.221
-0.02692	1.006	0.2195
-0.03748	0.9916	0.2103
-0.02083	0.9806	0.2059
-0.01629	0.9748	0.2074
-0.02648	0.9739	0.2106
-0.01943	0.9693	0.2163
-0.02231	0.9535	0.2285
-0.02493	0.9566	0.2327
-0.01591	0.9748	0.2193
-0.01964	0.985	0.2168
-0.02069	0.985	0.2312
-0.01826	0.9877	0.2275
-0.02223	0.9982	0.2061
-0.02981	0.9915	0.2042
-0.03634	0.9664	0.2248
-0.02727	0.956	0.2322
-0.01966	0.978	0.2234
-0.0295	0.9997	0.2229
-0.03224	1.004	0.2177
-0.01164	1.003	0.2118
0.003497	0.972	0.2239
-0.01003	0.9486	0.228
-0.02634	0.9668	0.2238
-0.03218	0.9681	0.2251
-0.02619	0.9704	0.2217
-0.01445	0.9877	0.2232
-0.02221	0.9913	0.2264
-0.03717	0.9966	0.2241
-0.04631	0.9853	0.2196
-0.04869	0.9747	0.2077
-0.04159	0.9808	0.2046
-0.0368	0.9652	0.2137
-0.02451	0.9633	0.2173
-0.01329	0.9856	0.2207
-0.01452	0.9964	0.2248
-0.01244	0.9983	0.225
-0.01004	0.9862	0.2253
0.0005942	0.9761	0.2242
0.00772	0.9767	0.2249
-0.003084	0.9738	0.2286
-0.008697	0.9763	0.2269
-0.01803	0.9795	0.2208
-0.02967	0.9773	0.2172
-0.02986	0.975	0.2166
-0.03406	0.9732	0.2178
-0.03917	0.9735	0.2192
-0.04184	0.9758	0.22
-0.04295	0.9845	0.2199
-0.03812	0.9902	0.2177
-0.03232	0.9871	0.2148
-0.02748	0.9875	0.2162
-0.02905	0.9834	0.2204
-0.03011	0.9775	0.2239
-0.03572	0.9973	0.2172
-0.01472	0.9841	0.2215
-0.005456	0.9547	0.2211
0.004679	0.9603	0.2177
0.00572	0.9782	0.2226
-0.003792	0.984	0.2242
-0.02322	0.9803	0.2225
-0.03524	0.9781	0.2308
-0.02345	0.985	0.2311
-0.01524	0.9829	0.2224
-0.02299	0.9879	0.2238
-0.04098	0.9961	0.2228
-0.05133	0.9854	0.2138
-0.03304	0.9777	0.2091
-0.02588	0.975	0.2101
-0.0329	0.9766	0.2126
-0.02256	0.9739	0.2176
-0.02238	0.9591	0.229
-0.02243	0.9627	0.2326
-0.01149	0.9806	0.2187
-0.01403	0.9901	0.2158
-0.0146	0.989	0.23
-0.01233	0.9905	0.2262
-0.01697	0.9997	0.2048
-0.0256	0.9918	0.2031
-0.03338	0.9657	0.2239
-0.02561	0.9545	0.2316
-0.01925	0.9759	0.2231
-0.03016	0.9974	0.2228
-0.03373	1.001	0.2179
-0.01369	1.001	0.2121
0.001169	0.9702	0.2244
-0.01238	0.9473	0.2285
-0.02851	0.966	0.2243
-0.03401	0.9678	0.2255
-0.02757	0.9705	0.2221
-0.01534	0.9881	0.2235
-0.02262	0.992	0.2266
-0.03713	0.9974	0.2242
-0.04592	0.9862	0.2196
-0.04804	0.9756	0.2076
-0.04078	0.9815	0.2045
-0.03593	0.9657	0.2136
-0.02368	0.9637	0.2171
-0.01255	0.9858	0.2206
-0.01393	0.9965	0.2247
-0.01203	0.9982	0.2249
-0.009805	0.986	0.2252
0.0006579	0.9758	0.2241
0.007637	0.9764	0.2248
-0.00328	0.9735	0.2286
-0.008969	0.976	0.2269
-0.01834	0.9793	0.2208
-0.02998	0.9772	0.2172
-0.03015	0.9749	0.2167
-0.0343	0.9731	0.2178
-0.03935	0.9735	0.2192
-0.04196	0.9759	0.22
-0.043	0.9846	0.2199
-0.03811	0.9903	0.2177
-0.03227	0.9873	0.2148
-0.02739	0.9876	0.2162
-0.02894	0.9835	0.2204
-0.03	0.9776	0.2239
-0.0211	0.9811	0.2244
-0.01457	0.9814	0.2203
-0.01198	0.9795	0.2178
-0.01052	0.9784	0.2189
-0.01081	0.975	0.2186
-0.01011	0.9748	0.2216
-0.01531	0.9718	0.2263
-0.01943	0.9736	0.2246
-0.01508	0.9873	0.221
-0.01696	0.9907	0.2212
-0.02661	0.9803	0.2268
-0.034	0.9743	0.2284
-0.03479	0.9766	0.2203
-0.02939	0.9804	0.2181
-0.0268	0.9822	0.2183
-0.03032	0.9815	0.21
-0.03094	0.981	0.2116
-0.02749	0.9846	0.2242
-0.02612	0.9842	0.2261
-0.02273	0.98	0.2178
-0.01831	0.9796	0.215
-0.0195	0.9795	0.2191
-0.02141	0.9799	0.2196
-0.02168	0.9801	0.2211
-0.02056	0.9781	0.2238
-0.02003	0.9758	0.2224
-0.02202	0.975	0.2244
-0.02066	0.9774	0.2249
-0.01865	0.9799	0.223
-0.01861	0.9814	0.2231
-0.01989	0.9828	0.2169
-0.02564	0.9829	0.2152
-0.03	0.9827	0.2233
-0.02885	0.9812	0.2244
-0.0237	0.9787	0.2199
-0.02118	0.9769	0.2204
-0.02634	0.9779	0.2206
-0.0261	0.9798	0.2167
-0.01885	0.9807	0.2163
-0.0198	0.9858	0.2197
-0.0281	0.9862	0.2222
-0.03256	0.9753	0.2233
-0.02888	0.972	0.2201
-0.02255	0.9802	0.2169
-0.01927	0.9838	0.2186
-0.01908	0.9829	0.2208
-0.01996	0.9829	0.2214
-0.01904	0.9794	0.2204
-0.01821	0.9756	0.223
-0.01972	0.9753	0.2281
-0.022	0.9776	0.2245
-0.02324	0.9841	0.2187
-0.02414	0.9849	0.22
-0.02681	0.978	0.2203
-0.02741	0.9766	0.2188
-0.02644	0.9793	0.2181
-0.02718	0.9805	0.2158
-0.02576	0.9815	0.2154
-0.02355	0.983	0.2178
-0.02327	0.9841	0.2234
-0.02246	0.9837	0.2294
-0.0188	0.9814	0.2267
-0.01747	0.9765	0.2206
-0.02263	0.9725	0.2166
-0.02304	0.9705	0.2205
-0.02431	0.9783	0.2196
-0.02599	0.9815	0.2182
-0.0259	0.9836	0.2193
-0.02531	0.9816	0.2184
-0.02216	0.9814	0.2206
-0.02401	0.9777	0.2247
-0.02443	0.9781	0.2227
-0.0165	0.9902	0.219
-0.01526	0.9919	0.2195
-0.0225	0.9801	0.2255
-0.02829	0.9729	0.2276
-0.0283	0.9744	0.2201
-0.02285	0.9777	0.2184
-0.02084	0.9794	0.2191
-0.0254	0.9788	0.211
-0.02734	0.9787	0.2129
-0.02532	0.9829	0.2255
-0.02533	0.9831	0.2273
-0.02317	0.9795	0.2188
-0.01972	0.9796	0.2158
-0.0216	0.98	0.2196
-0.02389	0.9807	0.2198
-0.02426	0.9812	0.221
-0.02299	0.9792	0.2236
-0.02211	0.9769	0.222
-0.02363	0.976	0.2239
-0.02174	0.9782	0.2244
-0.01919	0.9805	0.2224
-0.01866	0.9817	0.2226
-0.01953	0.9828	0.2165
-0.02497	0.9828	0.2149
-0.02914	0.9825	0.2232
-0.0279	0.9808	0.2243
-0.02277	0.9783	0.22
-0.02034	0.9765	0.2205
-0.02565	0.9775	0.2207
-0.0256	0.9795	0.2169
-0.01855	0.9804	0.2165
-0.01969	0.9857	0.2199
-0.02816	0.9861	0.2223
-0.03276	0.9753	0.2234
-0.02917	0.9721	0.2202
-0.02289	0.9803	0.217
-0.01962	0.984	0.2186
-0.01941	0.9831	0.2208
-0.02024	0.983	0.2213
-0.01925	0.9795	0.2203
-0.01835	0.9757	0.223
-0.01979	0.9754	0.228
-0.02201	0.9776	0.2245
-0.02319	0.9841	0.2187
-0.02405	0.9849	0.2199
-0.02669	0.978	0.2203
-0.02728	0.9765	0.2188
-0.02631	0.9792	0.2181
-0.02707	0.9804	0.2158
-0.02567	0.9815	0.2154
-0.02348	0.9829	0.2178
-0.02323	0.9841	0.2234
-0.02244	0.9836	0.2294
-0.01881	0.9813	0.2268
-0.0175	0.9766	0.2206
-0.02267	0.9726	0.2166
-0.02319	0.9733	0.2164
-0.01837	0.9774	0.2208
-0.02188	0.9825	0.2223
-0.03423	0.9817	0.2236
-0.03844	0.9728	0.2265
-0.02318	0.9708	0.2211
-0.009277	0.9852	0.2088
-0.01589	0.9971	0.2044
-0.03559	0.993	0.2181
-0.0412	0.985	0.2353
-0.01404	0.9811	0.2344
-0.0008231	0.9812	0.2195
-0.01678	0.9786	0.2152
-0.01759	0.9686	0.2269
-0.02054	0.9652	0.2276
-0.02521	0.9707	0.2172
-0.01981	0.9769	0.2176
-0.03321	0.983	0.2203
-0.03728	0.986	0.2215
-0.02955	0.988	0.2203
-0.03113	0.9902	0.2077
-0.02343	0.9906	0.206
-0.02261	0.9847	0.2211
-0.02463	0.9686	0.2244
-0.01969	0.963	0.2208
-0.02107	0.9767	0.2259
-0.018	0.9866	0.2276
-0.02007	0.9861	0.2214
-0.02384	0.9791	0.2143
-0.01828	0.9724	0.2134
-0.01575	0.9762	0.2227
-0.01372	0.98	0.2298
-0.02507	0.9802	0.2306
-0.04085	0.9825	0.2354
-0.03494	0.9812	0.2356
-0.02708	0.9825	0.2245
-0.02391	0.9806	0.2123
-0.02038	0.9697	0.2015
-0.01849	0.9747	0.1999
-0.01094	0.9975	0.2097
-0.01301	1.003	0.2163
-0.03143	0.9807	0.2226
-0.03995	0.9703	0.2311
-0.02935	0.9743	0.2325
-0.01999	0.9656	0.2308
-0.0175	0.9738	0.2235
-0.01241	0.993	0.212
-0.01457	0.9884	0.2098
-0.01962	0.9782	0.2125
-0.0174	0.9718	0.2215
-0.0203	0.9752	0.2283
-0.0237	0.9824	0.2158
-0.02516	0.9802	0.2142
-0.03185	0.9827	0.2278
-0.03407	0.9809	0.2261
-0.03104	0.9788	0.221
-0.03033	0.9917	0.2189
-0.03129	0.9966	0.2227
-0.03193	0.9791	0.2421
-0.02741	0.9523	0.241
-0.01317	0.9529	0.2055
-0.003978	0.9847	0.1941
-0.01301	0.9968	0.217
-0.02431	0.982	0.2166
-0.04384	0.9715	0.2197
-0.01914	0.9793	0.2236
-0.01272	0.9862	0.2246
-0.02189	0.9857	0.2253
-0.02715	0.9762	0.2277
-0.01521	0.9732	0.2219
-0.005479	0.9864	0.2093
-0.01615	0.9971	0.2047
-0.03915	0.9919	0.2181
-0.04704	0.9832	0.2352
-0.02102	0.9788	0.2342
-0.007915	0.9788	0.2193
-0.02314	0.9763	0.2149
-0.0226	0.9666	0.2267
-0.02387	0.9637	0.2274
-0.02676	0.9697	0.2171
-0.01969	0.9765	0.2176
-0.03168	0.9831	0.2203
-0.03471	0.9864	0.2216
-0.02634	0.9888	0.2204
-0.02769	0.9912	0.2078
-0.0201	0.9916	0.2061
-0.0197	0.9857	0.2212
-0.02233	0.9694	0.2245
-0.01811	0.9637	0.2209
-0.02024	0.9772	0.2259
-0.01788	0.9869	0.2277
-0.02055	0.9862	0.2214
-0.02478	0.979	0.2143
-0.01952	0.9721	0.2134
-0.01713	0.9759	0.2227
-0.0151	0.9797	0.2298
-0.02633	0.9799	0.2306
-0.04189	0.9821	0.2354
-0.03572	0.9809	0.2355
-0.02757	0.9822	0.2245
-0.02412	0.9805	0.2123
-0.02033	0.9696	0.2015
-0.01824	0.9747	0.1999
-0.01055	0.9976	0.2097
-0.01253	1.003	0.2163
-0.03092	0.9809	0.2226
-0.03946	0.9705	0.2311
-0.02892	0.9744	0.2325
-0.01965	0.9657	0.2308
-0.01726	0.9739	0.2235
-0.01228	0.9931	0.212
-0.01454	0.9884	0.2098
-0.01967	0.9782	0.2125
-0.01752	0.9718	0.2215
-0.02046	0.9752	0.2283
-0.02388	0.9824	0.2158
-0.02534	0.9801	0.2142
-0.03202	0.9826	0.2278
-0.03421	0.9808	0.2261
-0.03115	0.9788	0.221
-0.0304	0.9916	0.2189
-0.03132	0.9966	0.2227
-0.03192	0.9791	0.2421
-0.02738	0.9523	0.241
-0.01312	0.9529	0.2055
-0.003914	0.9847	0.1941
-0.01294	0.9968	0.217
-0.02425	0.982	0.2166
-0.02641	0.9774	0.2068
-0.02341	0.9797	0.2223
-0.02157	0.9761	0.2347
-0.02284	0.98	0.2371
-0.0206	0.9815	0.233
-0.02229	0.9771	0.2235
-0.02821	0.9857	0.2157
-0.02636	0.9989	0.2067
-0.02577	0.9992	0.2135
-0.03015	0.9797	0.2202
-0.03542	0.9649	0.2144
-0.03363	0.9698	0.2191
-0.01361	0.9743	0.2172
-0.002221	0.9861	0.2161
-0.009278	0.9923	0.224
-0.008498	0.9771	0.2228
-0.01534	0.972	0.2241
-0.03135	0.9734	0.2212
-0.03081	0.9713	0.222
-0.02723	0.97	0.2351
-0.02829	0.9703	0.2317
-0.03293	0.9827	0.2175
-0.03793	0.9878	0.2144
-0.03089	0.9851	0.2242
-0.02508	0.9937	0.2257
-0.02093	0.9948	0.2131
-0.01482	0.9862	0.2137
-0.01572	0.9782	0.2201
-0.01757	0.9672	0.2173
-0.02356	0.9666	0.2092
-0.02594	0.9822	0.2026
-0.02207	0.9895	0.2161
-0.02627	0.9781	0.2403
-0.02736	0.9687	0.2478
-0.02308	0.9723	0.2316
-0.02025	0.9884	0.2088
-0.01914	0.9964	0.2064
-0.01762	0.9789	0.218
-0.009468	0.9755	0.2203
-0.009739	0.9892	0.2156
-0.02307	0.984	0.2161
-0.03521	0.9763	0.2204
-0.04344	0.9725	0.2248
-0.0456	0.9666	0.2304
-0.0358	0.9678	0.2312
-0.01416	0.9766	0.2262
-0.003539	0.991	0.2216
-0.01254	0.9931	0.2182
-0.02289	0.9848	0.2205
-0.02898	0.9811	0.2202
-0.02344	0.976	0.2101
-0.019	0.9769	0.2094
-0.02524	0.9811	0.219
-0.02216	0.9816	0.2224
-0.02129	0.9823	0.2216
-0.02459	0.9795	0.2213
-0.0239	0.9785	0.2193
-0.0277	0.9794	0.2206
-0.02418	0.9786	0.2255
-0.02197	0.979	0.2241
-0.02469	0.9797	0.2206
-0.02168	0.9824	0.221
-0.0267	0.9827	0.2182
-0.03111	0.9771	0.216
-0.01297	0.9796	0.2168
-0.01806	0.9802	0.2212
-0.02081	0.975	0.2287
-0.02425	0.9777	0.2299
-0.02262	0.9785	0.2271
-0.02401	0.9739	0.2198
-0.02918	0.9828	0.2145
-0.02648	0.9966	0.2077
-0.02513	0.9976	0.2161
-0.02896	0.979	0.2237
-0.03392	0.965	0.2182
-0.03208	0.9707	0.2226
-0.01221	0.9757	0.2199
-0.001122	0.9879	0.2179
-0.008565	0.9942	0.2247
-0.008198	0.9789	0.2226
-0.01542	0.9736	0.223
-0.03176	0.9747	0.2196
-0.03146	0.9722	0.22
-0.02802	0.9705	0.2329
-0.02912	0.9704	0.2296
-0.03372	0.9825	0.2158
-0.03862	0.9873	0.213
-0.03142	0.9845	0.2233
-0.02543	0.9929	0.2253
-0.02109	0.994	0.2131
-0.01481	0.9855	0.2141
-0.01557	0.9776	0.2208
-0.01731	0.9668	0.2181
-0.02324	0.9663	0.2101
-0.02559	0.9821	0.2035
-0.02172	0.9895	0.2169
-0.02596	0.9782	0.241
-0.02711	0.9689	0.2483
-0.02289	0.9726	0.2319
-0.02013	0.9887	0.2089
-0.0191	0.9966	0.2063
-0.01764	0.9792	0.2178
-0.009538	0.9757	0.2201
-0.009843	0.9893	0.2153
-0.02319	0.9841	0.2157
-0.03533	0.9763	0.2201
-0.04356	0.9724	0.2245
-0.04571	0.9665	0.2302
-0.03588	0.9677	0.231
-0.01421	0.9765	0.2261
-0.003566	0.9909	0.2216
-0.01254	0.993	0.2183
-0.02287	0.9848	0.2206
-0.02895	0.981	0.2203
-0.02339	0.976	0.2103
-0.01895	0.9769	0.2095
-0.02519	0.9811	0.2191
-0.02212	0.9816	0.2224
-0.02125	0.9824	0.2217
-0.02456	0.9796	0.2214
-0.02388	0.9786	0.2193
-0.02769	0.9795	0.2206
-0.02419	0.9786	0.2255
-0.02198	0.979	0.2241
-0.0247	0.9797	0.2205
-0.0217	0.9824	0.221
-0.02672	0.9827	0.2182
-0.03113	0.977	0.216
-0.02673	0.9737	0.2188
-0.0194	0.9765	0.223
-0.01222	0.98	0.2298
-0.0164	0.9826	0.2279
-0.02364	0.9895	0.2122
-0.02415	0.9922	0.2081
-0.01816	0.9846	0.2216
-0.01527	0.9787	0.2255
-0.02732	0.9721	0.2213
-0.03321	0.9611	0.224
-0.0294	0.9644	0.2202
-0.02721	0.9811	0.2179
-0.02133	0.9914	0.2298
-0.02178	0.9913	0.23
-0.02167	0.9864	0.2177
-0.01852	0.9841	0.2138
-0.02512	0.9806	0.2152
-0.02557	0.9713	0.2187
-0.02315	0.9711	0.2221
-0.02591	0.9831	0.2196
-0.0242	0.9883	0.2161
-0.02362	0.9821	0.2175
-0.02255	0.9786	0.219
-0.02158	0.9782	0.2192
-0.02406	0.9769	0.2218
-0.02322	0.9788	0.2227
-0.02095	0.9793	0.2208
-0.01875	0.9793	0.2218
-0.02008	0.9814	0.2251
-0.0244	0.9815	0.2256
-0.02482	0.9801	0.2258
-0.02512	0.9768	0.2269
-0.02552	0.9763	0.2239
-0.02476	0.9792	0.2193
-0.0247	0.9819	0.2116
-0.02421	0.984	0.2079
-0.02351	0.9806	0.2157
-0.02131	0.9799	0.2181
-0.02071	0.9849	0.2195
-0.02398	0.9835	0.2254
-0.02504	0.9786	0.2236
-0.02359	0.9765	0.222
-0.0238	0.9785	0.2225
-0.02352	0.9814	0.2231
-0.0206	0.9813	0.2246
-0.02008	0.9808	0.221
-0.02306	0.9789	0.2192
-0.02325	0.9767	0.2179
-0.02068	0.9758	0.2162
-0.02031	0.977	0.2235
-0.02361	0.981	0.2281
-0.02702	0.982	0.2244
-0.02657	0.9818	0.2201
-0.02583	0.983	0.2159
-0.02762	0.9828	0.2156
-0.02683	0.981	0.2175
-0.02335	0.9771	0.2173
-0.02278	0.9762	0.2187
-0.02324	0.9808	0.2198
-0.02156	0.9829	0.2206
-0.02135	0.9832	0.2224
-0.02032	0.9837	0.2224
-0.01384	0.9789	0.2225
-0.01273	0.975	0.221
-0.01937	0.9735	0.221
-0.02626	0.9752	0.2248
-0.02572	0.9784	0.2307
-0.03133	0.9813	0.2278
-0.03667	0.9887	0.2111
-0.0335	0.9921	0.2063
-0.02318	0.985	0.2195
-0.01612	0.9796	0.2234
-0.02469	0.9732	0.2193
-0.02808	0.9623	0.2225
-0.02283	0.9656	0.2192
-0.0202	0.982	0.2174
-0.01474	0.9921	0.2299
-0.01626	0.9917	0.2304
-0.01762	0.9865	0.2185
-0.01612	0.984	0.2149
-0.02434	0.9803	0.2163
-0.02624	0.9708	0.2197
-0.02497	0.9705	0.223
-0.02853	0.9825	0.2204
-0.02723	0.9877	0.2166
-0.02672	0.9817	0.2178
-0.02542	0.9783	0.2191
-0.024	0.978	0.219
-0.02588	0.9768	0.2215
-0.02437	0.9788	0.2223
-0.02145	0.9794	0.2204
-0.01865	0.9795	0.2213
-0.01949	0.9817	0.2247
-0.02345	0.9818	0.2253
-0.02367	0.9804	0.2255
-0.0239	0.977	0.2268
-0.02434	0.9764	0.2238
-0.02372	0.9793	0.2193
-0.02387	0.9819	0.2117
-0.02363	0.984	0.208
-0.02318	0.9806	0.2159
-0.02122	0.9799	0.2183
-0.02083	0.9849	0.2196
-0.02426	0.9834	0.2255
-0.02542	0.9785	0.2237
-0.02403	0.9764	0.222
-0.02424	0.9785	0.2226
-0.02393	0.9813	0.2231
-0.02094	0.9813	0.2245
-0.02034	0.9808	0.2209
-0.02323	0.9789	0.2191
-0.02332	0.9767	0.2178
-0.02067	0.9758	0.2162
-0.02023	0.977	0.2235
-0.02349	0.981	0.2281
-0.02686	0.982	0.2244
-0.02641	0.9818	0.2201
-0.02568	0.983	0.2159
-0.02748	0.9828	0.2156
-0.02672	0.981	0.2175
-0.02327	0.9771	0.2173
-0.02274	0.9762	0.2187
-0.02323	0.9808	0.2198
-0.02158	0.9829	0.2207
-0.02139	0.9832	0.2224
-0.02037	0.9837	0.2224
-0.0139	0.9789	0.2225
-0.01279	0.975	0.221
-0.02261	0.9767	0.2191
-0.02867	0.9754	0.2228
-0.02759	0.9765	0.2271
-0.02669	0.9828	0.2279
-0.02605	0.9832	0.2266
-0.02921	0.9801	0.2196
-0.02985	0.9803	0.2119
-0.02144	0.9843	0.214
-0.01982	0.9869	0.2176
-0.02535	0.9821	0.2157
-0.02474	0.9759	0.2181
-0.02188	0.9743	0.2195
-0.02109	0.9786	0.2186
-0.02168	0.9819	0.2234
-0.0214	0.98	0.225
-0.0184	0.9807	0.2251
-0.0181	0.98	0.2258
-0.02164	0.9765	0.2209
-0.02361	0.9767	0.2195
-0.02484	0.9788	0.2204
-0.02671	0.9826	0.2187
-0.02541	0.9839	0.2193
-0.02457	0.9825	0.2198
-0.02681	0.9817	0.221
-0.02714	0.9797	0.2219
-0.02671	0.9787	0.2183
-0.02401	0.9782	0.218
-0.01931	0.9794	0.2211
-0.01938	0.9813	0.2202
-0.01973	0.9802	0.2203
-0.01819	0.9818	0.2221
-0.01986	0.9831	0.2202
-0.02261	0.9817	0.2185
-0.02455	0.9789	0.2192
-0.02651	0.9742	0.2245
-0.02667	0.9748	0.2283
-0.02555	0.9776	0.2233
-0.02638	0.978	0.2215
-0.02609	0.9802	0.2214
-0.02307	0.9809	0.2166
-0.02257	0.9815	0.2171
-0.02472	0.9826	0.2182
-0.02824	0.98	0.2161
-0.02617	0.9786	0.2167
-0.01174	0.9835	0.2185
-0.006717	0.9904	0.2218
-0.02165	0.99	0.2228
-0.02975	0.9825	0.2186
-0.02717	0.9753	0.2183
-0.02587	0.9721	0.2254
-0.02263	0.9727	0.2292
-0.02316	0.9747	0.2275
-0.02468	0.9779	0.2273
-0.0224	0.9788	0.222
-0.02399	0.9767	0.2144
-0.0222	0.9788	0.2152
-0.02096	0.9828	0.2156
-0.02608	0.9846	0.2158
-0.02612	0.9838	0.2209
-0.02645	0.9814	0.2206
-0.02864	0.9815	0.2154
-0.02621	0.9842	0.2155
-0.0222	0.9843	0.2217
-0.01913	0.9785	0.2247
-0.02031	0.98	0.2168
-0.02113	0.9749	0.2241
-0.01822	0.9739	0.2301
-0.0178	0.9794	0.2313
-0.019	0.9798	0.2295
-0.02465	0.9773	0.2217
-0.02789	0.9784	0.213
-0.02183	0.9833	0.2142
-0.02207	0.9867	0.217
-0.02884	0.9827	0.2145
-0.02886	0.977	0.2167
-0.02607	0.9757	0.218
-0.02489	0.9801	0.2171
-0.02476	0.9832	0.2222
-0.02356	0.9811	0.2241
-0.01958	0.9815	0.2247
-0.01835	0.9805	0.2257
-0.02108	0.9767	0.2211
-0.02243	0.9766	0.22
-0.02325	0.9784	0.221
-0.02492	0.9821	0.2193
-0.02363	0.9833	0.22
-0.02295	0.9819	0.2204
-0.02548	0.9811	0.2215
-0.02616	0.9792	0.2223
-0.02613	0.9783	0.2185
-0.0238	0.9779	0.218
-0.01943	0.9793	0.221
-0.01977	0.9813	0.22
-0.0203	0.9804	0.2201
-0.01887	0.9819	0.2218
-0.02056	0.9833	0.2199
-0.02328	0.9819	0.2182
-0.02512	0.9791	0.219
-0.02695	0.9744	0.2243
-0.02697	0.975	0.2282
-0.02571	0.9778	0.2233
-0.0264	0.9781	0.2215
-0.026	0.9802	0.2215
-0.02289	0.9809	0.2167
-0.02234	0.9814	0.2172
-0.02446	0.9825	0.2183
-0.02798	0.98	0.2162
-0.02594	0.9785	0.2168
-0.01155	0.9834	0.2186
-0.00658	0.9903	0.2219
-0.02156	0.99	0.2228
-0.02972	0.9824	0.2186
-0.02718	0.9753	0.2183
-0.02592	0.9721	0.2254
-0.02271	0.9727	0.2292
-0.02325	0.9747	0.2275
-0.02477	0.9779	0.2273
-0.02249	0.9788	0.222
-0.02407	0.9767	0.2144
-0.02225	0.9788	0.2152
-0.021	0.9828	0.2156
-0.0261	0.9846	0.2158
-0.02612	0.9838	0.2209
-0.02644	0.9814	0.2206
-0.02862	0.9815	0.2154
-0.02618	0.9842	0.2155
-0.02216	0.9843	0.2217
-0.0191	0.9785	0.2247
-0.01985	0.9759	0.2233
-0.02019	0.9795	0.2247
-0.01852	0.9781	0.2257
-0.01937	0.9759	0.2241
-0.02057	0.9775	0.2229
-0.02251	0.9793	0.2209
-0.02505	0.9815	0.219
-0.02585	0.9809	0.218
-0.02611	0.9812	0.2187
-0.02594	0.9817	0.2194
-0.0249	0.9788	0.2191
-0.02435	0.9779	0.2207
-0.02575	0.9784	0.2201
-0.02608	0.9821	0.2185
-0.02393	0.9861	0.219
-0.02327	0.9824	0.2154
-0.02332	0.9761	0.2146
-0.02079	0.9756	0.222
-0.01739	0.986	0.2247
-0.01782	0.9922	0.2242
-0.02247	0.9798	0.2265
-0.02547	0.9696	0.2251
-0.02565	0.9708	0.2235
-0.02514	0.9763	0.2245
-0.02302	0.9819	0.2222
-0.02206	0.981	0.22
-0.02257	0.9822	0.2189
-0.02204	0.9816	0.217
-0.02366	0.9745	0.2163
-0.02516	0.9777	0.2177
-0.02459	0.9854	0.2195
-0.02542	0.9868	0.2172
-0.02472	0.9827	0.2149
-0.02352	0.9789	0.2163
-0.02389	0.9803	0.2179
-0.02299	0.9785	0.2224
-0.02286	0.9781	0.2262
-0.02259	0.9807	0.2257
-0.02189	0.9805	0.2262
-0.02211	0.9851	0.224
-0.02066	0.9853	0.2207
-0.02036	0.9778	0.2221
-0.02202	0.9744	0.2216
-0.02417	0.972	0.2199
-0.02597	0.9707	0.2194
-0.02397	0.9767	0.2192
-0.02289	0.982	0.222
-0.02422	0.9811	0.2221
-0.02387	0.9846	0.2183
-0.02432	0.9867	0.2179
-0.02393	0.9832	0.2189
-0.02287	0.9846	0.2187
-0.02343	0.9838	0.2195
-0.02327	0.9804	0.2216
-0.02483	0.9762	0.2216
-0.02531	0.9737	0.2168
-0.02123	0.9848	0.2126
-0.02066	0.9891	0.2154
-0.02414	0.9766	0.2241
-0.02495	0.9687	0.229
-0.02334	0.9696	0.2273
-0.02185	0.9774	0.229
-0.02132	0.9828	0.2296
-0.02194	0.9825	0.2215
-0.0213	0.9873	0.2137
-0.02371	0.9865	0.2146
-0.02262	0.9819	0.2167
-0.02308	0.9775	0.2171
-0.02334	0.9775	0.2182
-0.0241	0.9784	0.2187
-0.02546	0.9801	0.219
-0.02525	0.9794	0.2198
-0.02475	0.9798	0.2216
-0.02411	0.9805	0.2229
-0.02288	0.9779	0.2228
-0.02239	0.9773	0.2241
-0.02405	0.9781	0.223
-0.02477	0.982	0.2206
-0.02307	0.9863	0.2203
-0.02289	0.9827	0.2158
-0.02336	0.9764	0.2143
-0.02119	0.976	0.2211
-0.01805	0.9863	0.2235
-0.01863	0.9925	0.2227
-0.02334	0.9801	0.225
-0.0263	0.9698	0.2237
-0.02638	0.9708	0.2223
-0.02572	0.9763	0.2235
-0.02341	0.9818	0.2216
-0.02227	0.9808	0.2198
-0.02261	0.9821	0.219
-0.02192	0.9814	0.2173
-0.02343	0.9744	0.2168
-0.02486	0.9776	0.2182
-0.02425	0.9853	0.2201
-0.02509	0.9867	0.2178
-0.02441	0.9827	0.2154
-0.02327	0.9789	0.2167
-0.0237	0.9803	0.2181
-0.02287	0.9785	0.2225
-0.02282	0.9781	0.2263
-0.0226	0.9808	0.2256
-0.02195	0.9805	0.226
-0.02221	0.9851	0.2238
-0.02077	0.9854	0.2205
-0.02049	0.9778	0.2219
-0.02214	0.9744	0.2214
-0.02427	0.972	0.2197
-0.02606	0.9706	0.2193
-0.02403	0.9767	0.2191
-0.02292	0.982	0.2219
-0.02423	0.9811	0.2221
-0.02386	0.9846	0.2183
-0.02429	0.9867	0.218
-0.02389	0.9832	0.2189
-0.02282	0.9846	0.2188
-0.02338	0.9838	0.2196
-0.02323	0.9804	0.2217
-0.0248	0.9762	0.2217
-0.02528	0.9737	0.2169
-0.02121	0.9849	0.2126
-0.02065	0.9891	0.2155
-0.02414	0.9766	0.2241
-0.02496	0.9687	0.2289
-0.02335	0.9696	0.2273
-0.02187	0.9774	0.2289
-0.02134	0.9828	0.2296
-0.02196	0.9825	0.2214
-0.02293	0.9881	0.2135
-0.02291	0.9883	0.2119
-0.02201	0.9775	0.2169
-0.02217	0.9745	0.2204
-0.02364	0.9786	0.2181
-0.02422	0.9807	0.2202
-0.02395	0.9816	0.2217
-0.02451	0.9809	0.2201
-0.02625	0.9807	0.2209
-0.02708	0.9826	0.218
-0.02439	0.9815	0.2178
-0.02243	0.9762	0.2217
-0.02253	0.9739	0.2239
-0.02024	0.9781	0.2251
-0.02	0.9813	0.2213
-0.02281	0.9818	0.2199
-0.02364	0.9828	0.2237
-0.02336	0.981	0.2225
-0.02217	0.9794	0.2196
-0.02186	0.9795	0.2191
-0.02455	0.978	0.2204
-0.02572	0.98	0.2208
-0.02475	0.9842	0.2175
-0.02482	0.9836	0.2141
-0.02369	0.9797	0.2161
-0.02181	0.9773	0.2258
-0.0226	0.9783	0.2297
-0.02362	0.9786	0.2215
-0.02355	0.9769	0.2182
-0.0223	0.9766	0.2184
-0.02086	0.9801	0.2154
-0.02211	0.9893	0.2186
-0.02308	0.9903	0.2239
-0.02357	0.9751	0.2266
-0.0242	0.969	0.2266
-0.02346	0.977	0.219
-0.02469	0.9792	0.2155
-0.02485	0.9805	0.2184
-0.02243	0.9847	0.2178
-0.02217	0.9834	0.2198
-0.02243	0.9796	0.2241
-0.02191	0.9771	0.2251
-0.02221	0.9797	0.2234
-0.02441	0.986	0.2176
-0.02561	0.986	0.2154
-0.02409	0.9811	0.2204
-0.02494	0.9771	0.2213
-0.02548	0.9766	0.2179
-0.02345	0.9767	0.2188
-0.02291	0.9747	0.2214
-0.02188	0.9753	0.2235
-0.02155	0.9771	0.2254
-0.0226	0.9808	0.2261
-0.02238	0.9847	0.2239
-0.02225	0.9833	0.2159
-0.02108	0.9831	0.2126
-0.02087	0.9831	0.2178
-0.02281	0.9808	0.219
-0.02346	0.98	0.2193
-0.02493	0.9795	0.2222
-0.02658	0.981	0.2212
-0.02541	0.981	0.2191
-0.02393	0.9773	0.22
-0.02377	0.978	0.2245
-0.02637	0.9787	0.2227
-0.02349	0.9836	0.2212
-0.02082	0.9759	0.2248
-0.02005	0.9748	0.226
-0.02121	0.9798	0.2213
-0.02192	0.9822	0.221
-0.02205	0.9831	0.2205
-0.02315	0.9821	0.2176
-0.02547	0.9816	0.2175
-0.02685	0.9831	0.2144
-0.02461	0.9816	0.2144
-0.023	0.9761	0.2188
-0.02331	0.9737	0.2217
-0.02112	0.9778	0.2238
-0.02086	0.9809	0.2208
-0.02358	0.9814	0.2201
-0.02425	0.9825	0.2246
-0.02378	0.9809	0.2238
-0.02239	0.9793	0.2211
-0.02191	0.9795	0.2207
-0.02444	0.9781	0.2219
-0.02549	0.9801	0.222
-0.02445	0.9844	0.2184
-0.02448	0.9838	0.2147
-0.02335	0.9798	0.2164
-0.02151	0.9774	0.2257
-0.02235	0.9784	0.2294
-0.02344	0.9787	0.221
-0.02344	0.9769	0.2176
-0.02226	0.9766	0.2178
-0.02088	0.9801	0.2148
-0.02218	0.9892	0.2181
-0.02319	0.9903	0.2234
-0.0237	0.975	0.2263
-0.02433	0.9689	0.2265
-0.02358	0.977	0.219
-0.02479	0.9792	0.2156
-0.02493	0.9805	0.2185
-0.02248	0.9847	0.218
-0.0222	0.9834	0.22
-0.02243	0.9796	0.2244
-0.02189	0.9771	0.2253
-0.02217	0.9798	0.2236
-0.02436	0.986	0.2178
-0.02556	0.9861	0.2155
-0.02404	0.9811	0.2205
-0.02489	0.9771	0.2213
-0.02544	0.9766	0.2179
-0.02342	0.9767	0.2188
-0.0229	0.9747	0.2213
-0.02187	0.9753	0.2234
-0.02155	0.9771	0.2253
-0.02261	0.9808	0.226
-0.0224	0.9847	0.2239
-0.02226	0.9833	0.2159
-0.0211	0.9831	0.2125
-0.02089	0.9831	0.2178
-0.02282	0.9808	0.219
-0.02347	0.98	0.2193
-0.02493	0.9795	0.2222
-0.02658	0.981	0.2212
-0.02542	0.981	0.2191
-0.02393	0.9773	0.2201
-0.02377	0.978	0.2245
-0.02279	0.9814	0.2275
-0.02251	0.9813	0.2253
-0.0263	0.9759	0.2207
-0.02639	0.9736	0.217
-0.01904	0.9801	0.2172
-0.01525	0.9847	0.219
-0.01936	0.9836	0.2196
-0.02657	0.9783	0.2204
-0.03037	0.9747	0.2206
-0.02728	0.9804	0.2203
-0.02327	0.9831	0.2207
-0.02121	0.9817	0.2209
-0.019	0.9848	0.2215
-0.01981	0.9838	0.2226
-0.02222	0.9803	0.2221
-0.02263	0.9784	0.2194
-0.02379	0.9757	0.2179
-0.02453	0.9782	0.218
-0.02469	0.9798	0.2184
-0.02539	0.9781	0.2226
-0.02438	0.9813	0.2253
-0.02468	0.9816	0.2204
-0.02503	0.977	0.2163
-0.02373	0.9759	0.2176
-0.02517	0.9762	0.2214
-0.02487	0.9773	0.2248
-0.0205	0.9835	0.2227
-0.01735	0.9889	0.2174
-0.01697	0.9866	0.217
-0.0205	0.983	0.2238
-0.02723	0.979	0.2291
-0.03141	0.9734	0.2282
-0.02744	0.9748	0.2251
-0.01868	0.9821	0.2151
-0.01663	0.9861	0.2089
-0.02229	0.9823	0.2167
-0.02354	0.978	0.2178
-0.02096	0.9789	0.217
-0.02461	0.9789	0.2206
-0.02969	0.9788	0.2183
-0.02911	0.9757	0.2214
-0.02393	0.9746	0.2234
-0.02078	0.9835	0.2202
-0.02389	0.9847	0.2248
-0.0237	0.9774	0.2289
-0.02114	0.9753	0.2282
-0.0219	0.9783	0.2213
-0.02081	0.9867	0.2162
-0.02161	0.9891	0.2198
-0.02343	0.98	0.2189
-0.02285	0.9765	0.2187
-0.02264	0.9788	0.2215
-0.02091	0.9745	0.2187
-0.02093	0.9755	0.2162
-0.02278	0.986	0.216
-0.02434	0.9867	0.2198
-0.02709	0.979	0.2229
-0.02921	0.9775	0.2215
-0.03032	0.9806	0.2222
-0.02671	0.9798	0.2207
-0.02175	0.9764	0.2184
-0.02034	0.9772	0.2185
-0.01826	0.9809	0.2186
-0.01886	0.9859	0.2239
-0.0157	0.9847	0.2303
-0.02037	0.9822	0.2266
-0.02725	0.9753	0.221
-0.02904	0.9723	0.2167
-0.02236	0.9785	0.2166
-0.01854	0.9832	0.2183
-0.02217	0.9824	0.2189
-0.02866	0.9774	0.22
-0.03166	0.9743	0.2203
-0.02781	0.9803	0.2202
-0.02314	0.9833	0.2208
-0.02058	0.9821	0.221
-0.01805	0.9853	0.2218
-0.01871	0.9843	0.2229
-0.0211	0.9808	0.2224
-0.02163	0.9788	0.2196
-0.02298	0.976	0.2181
-0.02396	0.9784	0.2181
-0.02438	0.9798	0.2185
-0.02531	0.978	0.2227
-0.02451	0.9811	0.2253
-0.02497	0.9814	0.2203
-0.02542	0.9767	0.2162
-0.02417	0.9757	0.2175
-0.02561	0.976	0.2213
-0.02527	0.9771	0.2247
-0.02082	0.9834	0.2226
-0.01758	0.9888	0.2173
-0.01711	0.9866	0.2169
-0.02054	0.983	0.2237
-0.02719	0.979	0.2291
-0.03131	0.9735	0.2282
-0.0273	0.9749	0.2251
-0.01851	0.9821	0.2151
-0.01646	0.9862	0.209
-0.02213	0.9824	0.2168
-0.0234	0.9781	0.2178
-0.02086	0.9789	0.217
-0.02454	0.979	0.2207
-0.02965	0.9789	0.2183
-0.02911	0.9757	0.2214
-0.02396	0.9746	0.2234
-0.02083	0.9835	0.2202
-0.02395	0.9847	0.2247
-0.02377	0.9774	0.2289
-0.0212	0.9752	0.2282
-0.02195	0.9783	0.2213
-0.02085	0.9867	0.2162
-0.02165	0.989	0.2198
-0.02345	0.98	0.2189
-0.02286	0.9765	0.2187
-0.02264	0.9788	0.2215
-0.0209	0.9746	0.2187
-0.02091	0.9755	0.2162
-0.02276	0.986	0.216
-0.02432	0.9867	0.2198
-0.02707	0.979	0.2229
-0.02919	0.9775	0.2215
-0.0303	0.9806	0.2222
-0.0267	0.9798	0.2207
-0.02174	0.9764	0.2184
-0.02034	0.9772	0.2185
-0.01826	0.9809	0.2186
-0.01886	0.9859	0.2239
-0.0204	0.9862	0.2269
-0.02054	0.9794	0.2251
-0.02251	0.9766	0.2267
-0.02234	0.976	0.2237
-0.02323	0.9747	0.2168
-0.02473	0.9772	0.2143
-0.02385	0.9808	0.214
-0.02607	0.983	0.2173
-0.02605	0.9837	0.2212
-0.02296	0.9848	0.22
-0.02444	0.9825	0.2205
-0.02777	0.9753	0.2235
-0.02736	0.9747	0.2221
-0.02252	0.9809	0.2205
-0.02084	0.9824	0.2216
-0.0242	0.9803	0.2226
-0.02331	0.9809	0.2229
-0.01965	0.981	0.2196
-0.02003	0.9797	0.2175
-0.02187	0.9801	0.2201
-0.0209	0.9798	0.2195
-0.01986	0.9793	0.2191
-0.02158	0.9802	0.2208
-0.02197	0.9797	0.2202
-0.02109	0.9787	0.2212
-0.02177	0.9774	0.2229
-0.02405	0.978	0.2221
-0.02876	0.9828	0.2185
-0.03126	0.9846	0.2171
-0.03037	0.9817	0.2215
-0.02964	0.9799	0.2218
-0.02592	0.9784	0.221
-0.02168	0.9754	0.2248
-0.021	0.9754	0.226
-0.01954	0.9799	0.2254
-0.01752	0.9849	0.2204
-0.01797	0.9855	0.2125
-0.01843	0.981	0.2125
-0.01777	0.9787	0.2154
-0.01955	0.9798	0.2186
-0.02408	0.9812	0.224
-0.0272	0.9822	0.2238
-0.02802	0.9782	0.2241
-0.02821	0.9737	0.2268
-0.02749	0.9755	0.2232
-0.02615	0.9801	0.2188
-0.02582	0.9854	0.2166
-0.02505	0.9842	0.2166
-0.02287	0.9745	0.2171
-0.02045	0.9738	0.2163
-0.01747	0.9868	0.2227
-0.01732	0.991	0.2279
-0.02206	0.9797	0.2248
-0.02442	0.9734	0.2229
-0.023	0.9757	0.2212
-0.02393	0.98	0.2204
-0.02476	0.9838	0.2184
-0.02392	0.9787	0.2156
-0.02497	0.977	0.2176
-0.02496	0.9825	0.2181
-0.02288	0.9797	0.2208
-0.02121	0.9772	0.2239
-0.02146	0.9789	0.2197
-0.02446	0.9833	0.2199
-0.02887	0.9907	0.2174
-0.02431	0.9811	0.2219
-0.023	0.9767	0.2275
-0.02073	0.9752	0.2266
-0.02047	0.9735	0.2206
-0.02155	0.9761	0.2181
-0.02078	0.98	0.2171
-0.02347	0.9825	0.2195
-0.02412	0.9836	0.2224
-0.02176	0.9849	0.2202
-0.02395	0.9828	0.2199
-0.02791	0.9758	0.2223
-0.02799	0.9752	0.2206
-0.02347	0.9814	0.2189
-0.02196	0.9828	0.22
-0.02535	0.9806	0.2212
-0.02436	0.981	0.2219
-0.02053	0.981	0.219
-0.02068	0.9796	0.2173
-0.02227	0.9799	0.2202
-0.02105	0.9795	0.2198
-0.01979	0.9791	0.2196
-0.02134	0.98	0.2215
-0.02161	0.9795	0.2209
-0.02066	0.9786	0.2219
-0.02132	0.9773	0.2235
-0.02363	0.978	0.2226
-0.0284	0.9828	0.2188
-0.03098	0.9846	0.2173
-0.03019	0.9817	0.2215
-0.02955	0.98	0.2217
-0.02591	0.9785	0.2208
-0.02175	0.9755	0.2245
-0.02113	0.9755	0.2257
-0.01969	0.98	0.2252
-0.01768	0.9849	0.2202
-0.01813	0.9856	0.2123
-0.01857	0.9811	0.2124
-0.01789	0.9787	0.2153
-0.01963	0.9798	0.2186
-0.02413	0.9812	0.224
-0.02722	0.9822	0.2239
-0.028	0.9782	0.2242
-0.02818	0.9737	0.2269
-0.02743	0.9755	0.2233
-0.02609	0.98	0.2189
-0.02576	0.9854	0.2167
-0.025	0.9842	0.2166
-0.02282	0.9745	0.2171
-0.02041	0.9738	0.2163
-0.01745	0.9868	0.2227
-0.01731	0.991	0.2279
-0.02206	0.9797	0.2248
-0.02443	0.9734	0.2229
-0.02302	0.9757	0.2212
-0.02395	0.98	0.2204
-0.02478	0.9839	0.2184
-0.02394	0.9787	0.2156
-0.02499	0.977	0.2176
-0.02498	0.9825	0.218
-0.02289	0.9797	0.2208
-0.02122	0.9772	0.2239
-0.02146	0.9789	0.2197
-0.02446	0.9833	0.2199
-0.02512	0.987	0.2222
-0.02445	0.9805	0.2206
-0.02626	0.9777	0.221
-0.02584	0.9791	0.2214
-0.02316	0.9757	0.2223
-0.01863	0.9778	0.2242
-0.01669	0.9819	0.2233
-0.02418	0.9832	0.2204
-0.02674	0.9818	0.2185
-0.02038	0.9784	0.219
-0.02077	0.979	0.2187
-0.0226	0.9792	0.2181
-0.02157	0.9801	0.2184
-0.02493	0.9813	0.2183
-0.02649	0.9761	0.2218
-0.02558	0.9731	0.2253
-0.02625	0.9778	0.2235
-0.02436	0.9872	0.22
-0.02338	0.9898	0.2182
-0.02575	0.9799	0.2208
-0.02471	0.9752	0.2203
-0.02008	0.9796	0.2131
-0.01843	0.9836	0.2146
-0.02083	0.9886	0.2273
-0.02303	0.9846	0.2324
-0.0258	0.9697	0.2244
-0.02764	0.9666	0.2199
-0.02349	0.9766	0.221
-0.02004	0.9809	0.218
-0.01955	0.9808	0.2165
-0.01842	0.9838	0.216
-0.02245	0.9838	0.2156
-0.02555	0.9814	0.2203
-0.02315	0.9816	0.2228
-0.02407	0.9817	0.224
-0.02454	0.9822	0.2262
-0.02414	0.9812	0.2231
-0.02629	0.9762	0.2195
-0.02709	0.9755	0.2186
-0.02755	0.9805	0.2162
-0.02424	0.9821	0.2176
-0.0201	0.9798	0.2228
-0.02155	0.9801	0.2219
-0.02229	0.9808	0.2202
-0.02233	0.98	0.2214
-0.02099	0.9807	0.2208
-0.0187	0.9789	0.2237
-0.02124	0.9772	0.2252
-0.02285	0.9791	0.2195
-0.02308	0.9793	0.2186
-0.02441	0.9802	0.2219
-0.02527	0.9807	0.2186
-0.02679	0.9796	0.2106
-0.02583	0.9809	0.2094
-0.0254	0.9832	0.2194
-0.02614	0.9837	0.2278
-0.02297	0.9802	0.2271
-0.01816	0.9794	0.2256
-0.01679	0.9824	0.2253
-0.02448	0.978	0.2252
-0.02915	0.971	0.2249
-0.02331	0.9717	0.2207
-0.02228	0.9792	0.2192
-0.0233	0.9864	0.2218
-0.01615	0.9877	0.2229
-0.02074	0.9829	0.2146
-0.02604	0.9806	0.2123
-0.02772	0.9817	0.2127
-0.02605	0.9776	0.2153
-0.02174	0.9788	0.2197
-0.0195	0.9821	0.2215
-0.02635	0.9826	0.2211
-0.02813	0.9807	0.2212
-0.02098	0.977	0.2231
-0.02068	0.9775	0.2235
-0.02195	0.9778	0.2229
-0.02054	0.9789	0.2228
-0.0237	0.9803	0.2219
-0.02523	0.9756	0.2243
-0.02442	0.9729	0.2266
-0.02529	0.9779	0.2238
-0.02366	0.9876	0.2193
-0.02297	0.9904	0.2167
-0.02561	0.9806	0.2189
-0.02482	0.9759	0.2181
-0.02038	0.9803	0.211
-0.01887	0.9842	0.2127
-0.02134	0.989	0.2257
-0.02355	0.9849	0.2313
-0.02628	0.9698	0.2237
-0.02805	0.9666	0.2196
-0.0238	0.9765	0.2212
-0.02024	0.9807	0.2184
-0.01964	0.9806	0.2172
-0.01841	0.9835	0.2168
-0.02236	0.9835	0.2165
-0.0254	0.9811	0.2211
-0.02296	0.9814	0.2235
-0.02387	0.9816	0.2246
-0.02435	0.9821	0.2265
-0.02397	0.9812	0.2233
-0.02616	0.9763	0.2195
-0.02699	0.9756	0.2185
-0.0275	0.9805	0.216
-0.02423	0.9822	0.2173
-0.02012	0.9799	0.2225
-0.0216	0.9802	0.2216
-0.02235	0.9809	0.2199
-0.0224	0.98	0.2212
-0.02106	0.9807	0.2206
-0.01877	0.9789	0.2236
-0.02129	0.9772	0.2251
-0.02289	0.9791	0.2195
-0.02311	0.9793	0.2187
-0.02442	0.9802	0.2219
-0.02527	0.9807	0.2187
-0.02678	0.9795	0.2107
-0.02581	0.9809	0.2095
-0.02537	0.9832	0.2195
-0.02611	0.9837	0.2278
-0.02294	0.9802	0.2271
-0.01814	0.9794	0.2256
-0.01677	0.9824	0.2253
-0.02447	0.978	0.2252
-0.02914	0.971	0.2248
-0.02331	0.9717	0.2207
-0.02228	0.9792	0.2191
-0.02331	0.9864	0.2218
-0.02161	0.986	0.2203
-0.02028	0.9845	0.2168
-0.01889	0.9838	0.2146
-0.0233	0.9797	0.2148
-0.02538	0.9781	0.2168
-0.02298	0.9785	0.2159
-0.02489	0.9803	0.2146
-0.02424	0.9828	0.2179
-0.02376	0.9798	0.2232
-0.0271	0.9765	0.224
-0.02844	0.9764	0.2234
-0.02828	0.9765	0.2272
-0.02556	0.9774	0.2317
-0.0211	0.9784	0.2297
-0.01737	0.9806	0.22
-0.01701	0.9835	0.2157
-0.02049	0.985	0.2202
-0.02162	0.9843	0.2208
-0.02086	0.9794	0.2192
-0.02133	0.976	0.2187
-0.02246	0.9781	0.2165
-0.02387	0.9792	0.2179
-0.0248	0.9808	0.221
-0.0262	0.9832	0.2203
-0.0288	0.9813	0.2175
-0.02831	0.9812	0.2153
-0.02054	0.9826	0.2157
-0.01793	0.9812	0.218
-0.02682	0.9805	0.2248
-0.02885	0.9776	0.2303
-0.02404	0.973	0.2234
-0.0233	0.9718	0.2197
-0.02151	0.9763	0.2233
-0.02097	0.9832	0.2251
-0.02084	0.9852	0.2266
-0.01701	0.986	0.2191
-0.01955	0.9845	0.2146
-0.02402	0.9784	0.22
-0.02187	0.9762	0.2182
-0.02424	0.9771	0.2176
-0.03004	0.982	0.218
-0.02889	0.9852	0.216
-0.02438	0.9793	0.2203
-0.02205	0.978	0.2197
-0.02233	0.9809	0.2194
-0.02139	0.9783	0.2262
-0.0204	0.9776	0.2266
-0.02281	0.9784	0.2229
-0.02441	0.9805	0.2215
-0.02493	0.983	0.2207
-0.0238	0.9814	0.2215
-0.02117	0.9826	0.224
-0.02173	0.9829	0.2236
-0.02258	0.9777	0.2171
-0.0236	0.9773	0.2124
-0.02513	0.9781	0.2136
-0.02453	0.9757	0.2161
-0.02361	0.9779	0.2186
-0.02165	0.9851	0.2202
-0.02227	0.9852	0.2233
-0.02628	0.9727	0.23
-0.02531	0.9698	0.2294
-0.02018	0.9839	0.2172
-0.01926	0.9874	0.2142
-0.03035	0.9816	0.2229
-0.02393	0.9825	0.2241
-0.01922	0.9834	0.2231
-0.02171	0.9801	0.2223
-0.02289	0.979	0.222
-0.02034	0.9795	0.2184
-0.02258	0.9812	0.2145
-0.02253	0.9834	0.2156
-0.02275	0.9801	0.2194
-0.02679	0.9766	0.2194
-0.02871	0.9762	0.2185
-0.029	0.9761	0.2227
-0.02656	0.9769	0.2281
-0.02223	0.9779	0.2271
-0.01848	0.9801	0.2185
-0.01798	0.9831	0.2153
-0.02125	0.9847	0.2208
-0.02213	0.9841	0.2222
-0.02112	0.9794	0.2211
-0.02134	0.976	0.2208
-0.02226	0.9783	0.2187
-0.02352	0.9794	0.2198
-0.02436	0.981	0.2227
-0.02572	0.9834	0.2215
-0.02834	0.9815	0.2183
-0.0279	0.9814	0.2156
-0.0202	0.9827	0.2156
-0.0177	0.9813	0.2175
-0.02669	0.9806	0.2242
-0.02881	0.9776	0.2295
-0.02408	0.9729	0.2225
-0.02342	0.9717	0.2189
-0.02167	0.9763	0.2226
-0.02115	0.9831	0.2246
-0.02103	0.9852	0.2262
-0.01718	0.986	0.2189
-0.0197	0.9844	0.2145
-0.02413	0.9784	0.2201
-0.02194	0.9762	0.2184
-0.02427	0.9771	0.2179
-0.03004	0.982	0.2183
-0.02886	0.9853	0.2164
-0.02433	0.9793	0.2206
-0.02199	0.9781	0.22
-0.02226	0.9809	0.2195
-0.02132	0.9783	0.2263
-0.02034	0.9776	0.2267
-0.02277	0.9784	0.2229
-0.02437	0.9805	0.2214
-0.02491	0.983	0.2207
-0.0238	0.9814	0.2214
-0.02118	0.9826	0.2239
-0.02174	0.9829	0.2235
-0.02261	0.9777	0.217
-0.02363	0.9773	0.2124
-0.02516	0.9781	0.2135
-0.02456	0.9757	0.216
-0.02363	0.9779	0.2186
-0.02167	0.9851	0.2202
-0.02228	0.9852	0.2233
-0.02628	0.9727	0.2301
-0.02531	0.9698	0.2294
-0.02018	0.9839	0.2173
-0.01925	0.9874	0.2142
-0.02459	0.9823	0.2243
-0.02695	0.9838	0.2258
-0.02398	0.9807	0.2205
-0.02326	0.9779	0.2213
-0.02273	0.9819	0.2194
-0.02266	0.981	0.2155
-0.02357	0.9797	0.2168
-0.02141	0.9808	0.2184
-0.02131	0.9791	0.2223
-0.0224	0.9781	0.2243
-0.02077	0.9779	0.2194
-0.02092	0.9793	0.2193
-0.02385	0.9802	0.2222
-0.02751	0.9778	0.2219
-0.02849	0.978	0.2197
-0.02681	0.9799	0.2167
-0.02521	0.9796	0.221
-0.02388	0.9784	0.2268
-0.0242	0.9796	0.2233
-0.02246	0.9852	0.2194
-0.01905	0.9873	0.2185
-0.01954	0.9828	0.2192
-0.01895	0.9803	0.2209
-0.01737	0.9767	0.2187
-0.01911	0.9727	0.2173
-0.02197	0.9769	0.2205
-0.02637	0.9785	0.2248
-0.02902	0.9774	0.225
-0.02807	0.9859	0.2175
-0.02819	0.99	0.2133
-0.02785	0.984	0.2183
-0.0258	0.977	0.2221
-0.02409	0.9734	0.2235
-0.02278	0.9774	0.2237
-0.0225	0.9782	0.2237
-0.02163	0.9757	0.2239
-0.01905	0.9797	0.2219
-0.01878	0.9829	0.2211
-0.02132	0.9838	0.2209
-0.02114	0.9838	0.2193
-0.0188	0.9834	0.2184
-0.01946	0.9845	0.2166
-0.02223	0.9804	0.2171
-0.02512	0.9737	0.2209
-0.02676	0.9732	0.2215
-0.02643	0.9786	0.2185
-0.02664	0.9823	0.2188
-0.02688	0.9811	0.2245
-0.02578	0.9816	0.2253
-0.02477	0.9809	0.2188
-0.02446	0.9786	0.2172
-0.02423	0.9785	0.2208
-0.02388	0.9738	0.2239
-0.02309	0.9738	0.2243
-0.02012	0.9844	0.2197
-0.01847	0.9887	0.2171
-0.0207	0.9849	0.219
-0.02093	0.9834	0.2173
-0.02096	0.9827	0.2175
-0.02338	0.9792	0.2227
-0.02304	0.9744	0.2233
-0.02288	0.9719	0.2223
-0.02528	0.9775	0.2242
-0.02682	0.9854	0.2251
-0.02758	0.9833	0.2209
-0.0272	0.9823	0.2222
-0.02276	0.9782	0.2175
-0.02147	0.9754	0.219
-0.02094	0.98	0.2181
-0.0212	0.98	0.2151
-0.02261	0.9796	0.2171
-0.02096	0.9816	0.2193
-0.02131	0.9805	0.2235
-0.02275	0.9799	0.2256
-0.02135	0.9798	0.2207
-0.0216	0.9811	0.2203
-0.02452	0.9817	0.223
-0.02809	0.9789	0.2224
-0.02894	0.9787	0.2199
-0.02709	0.9802	0.2166
-0.02531	0.9795	0.2206
-0.02382	0.978	0.2263
-0.02401	0.9789	0.2227
-0.02218	0.9843	0.2188
-0.01872	0.9864	0.218
-0.0192	0.982	0.2187
-0.01864	0.9795	0.2205
-0.0171	0.9762	0.2185
-0.01891	0.9723	0.2172
-0.02184	0.9767	0.2205
-0.02631	0.9784	0.2249
-0.02903	0.9776	0.2252
-0.02814	0.9861	0.2177
-0.0283	0.9903	0.2136
-0.02798	0.9844	0.2185
-0.02594	0.9773	0.2223
-0.02422	0.9737	0.2237
-0.0229	0.9777	0.2238
-0.0226	0.9784	0.2238
-0.02169	0.9758	0.2239
-0.01909	0.9797	0.2219
-0.01879	0.9829	0.2211
-0.02131	0.9837	0.2208
-0.0211	0.9837	0.2192
-0.01876	0.9832	0.2183
-0.01941	0.9844	0.2165
-0.02218	0.9803	0.2171
-0.02508	0.9736	0.2209
-0.02672	0.9732	0.2214
-0.0264	0.9785	0.2185
-0.02662	0.9823	0.2188
-0.02687	0.9811	0.2245
-0.02579	0.9816	0.2253
-0.02478	0.9809	0.2189
-0.02447	0.9786	0.2172
-0.02425	0.9785	0.2208
-0.0239	0.9738	0.224
-0.02311	0.9738	0.2243
-0.02013	0.9845	0.2197
-0.01848	0.9888	0.2171
-0.02071	0.9849	0.219
-0.02093	0.9834	0.2173
-0.02096	0.9827	0.2175
-0.02338	0.9792	0.2227
-0.02304	0.9744	0.2233
-0.02288	0.9719	0.2223
-0.02527	0.9774	0.2241
-0.02681	0.9853	0.2251
-0.028	0.9845	0.2263
-0.02721	0.9793	0.2225
-0.02263	0.9775	0.2117
-0.01963	0.9807	0.2094
-0.01969	0.9824	0.218
-0.01858	0.9789	0.2215
-0.0213	0.9765	0.2206
-0.02805	0.976	0.223
-0.02807	0.9788	0.2227
-0.02452	0.9815	0.2221
-0.02294	0.9808	0.2233
-0.02117	0.9827	0.2221
-0.02101	0.9816	0.2221
-0.02191	0.979	0.2215
-0.02243	0.9813	0.2203
-0.02246	0.9848	0.2222
-0.02249	0.9858	0.2217
-0.02364	0.98	0.2182
-0.02523	0.9756	0.215
-0.02648	0.9771	0.2155
-0.02522	0.977	0.2188
-0.0242	0.9809	0.2199
-0.02475	0.9819	0.2209
-0.02425	0.9731	0.2217
-0.02413	0.9728	0.2211
-0.02139	0.9821	0.2224
-0.01969	0.9851	0.2241
-0.02131	0.9817	0.224
-0.01858	0.9798	0.2225
-0.01821	0.9783	0.222
-0.02188	0.9793	0.2229
-0.02356	0.985	0.2218
-0.02651	0.9862	0.2188
-0.02719	0.9839	0.2175
-0.02602	0.9821	0.2183
-0.02588	0.9803	0.2176
-0.02469	0.9785	0.2174
-0.02641	0.973	0.2184
-0.02653	0.9719	0.2158
-0.02216	0.9775	0.217
-0.02178	0.9773	0.2261
-0.02254	0.9746	0.2287
-0.01982	0.9794	0.2235
-0.01829	0.9943	0.2228
-0.02032	0.9977	0.2254
-0.02483	0.9748	0.2244
-0.02554	0.9661	0.2215
-0.01798	0.9794	0.2165
-0.01785	0.979	0.2143
-0.03247	0.977	0.2167
-0.03295	0.9816	0.2149
-0.01308	0.9817	0.2122
-0.01052	0.9846	0.2138
-0.0289	0.9837	0.2238
-0.03541	0.9798	0.2417
-0.03011	0.9803	0.2405
-0.02571	0.9814	0.2177
-0.0187	0.9831	0.2083
-0.01826	0.9793	0.2118
-0.02354	0.9776	0.2101
-0.02172	0.9834	0.2157
-0.01921	0.9864	0.223
-0.01981	0.9839	0.2203
-0.02468	0.9689	0.229
-0.03728	0.9871	0.2258
-0.05088	0.9555	0.2222
-0.01445	0.9627	0.2011
0.01419	0.9616	0.2077
-0.01226	0.9637	0.2543
-0.03109	0.9888	0.2699
-0.03384	1.01	0.2329
-0.01408	1.024	0.1985
0.01112	1.006	0.1925
-0.02246	0.9734	0.2043
-0.05611	0.9655	0.2262
-0.05348	0.9584	0.2281
-0.03951	0.9592	0.212
-0.01908	0.9762	0.207
-0.02132	0.9908	0.2076
-0.02617	0.9997	0.2214
-0.02593	0.9951	0.2312
-0.02421	0.983	0.2207
-0.006188	0.9724	0.2186
-0.005929	0.9689	0.2221
-0.0116	0.9766	0.2253
-0.01709	0.9781	0.2246
-0.02891	0.9755	0.2168
-0.01845	0.9776	0.2179
-0.01587	0.9764	0.2222
-0.02187	0.9739	0.2253
-0.0167	0.9727	0.2277
-0.02167	0.9751	0.227
-0.03087	0.9843	0.2256
-0.03876	0.9925	0.2228
-0.03983	0.9958	0.2196
-0.03285	0.9966	0.2131
-0.02807	0.9872	0.2125
-0.02495	0.9697	0.2205
-0.02947	0.9604	0.2203
-0.02878	0.9595	0.2179
-0.01869	0.9695	0.2237
-0.01918	0.9859	0.23
-0.02225	0.9908	0.2299
-0.02109	0.9941	0.2271
-0.01962	0.9932	0.2251
-0.01525	0.9792	0.2184
-0.01202	0.9722	0.2159
-0.01078	0.9732	0.218
-0.01389	0.978	0.2095
-0.02097	0.9836	0.2079
-0.02477	0.9797	0.2165
-0.02485	0.9783	0.2092
-0.02173	0.9788	0.2001
-0.02352	0.9771	0.2082
-0.02993	0.9872	0.2213
-0.02926	0.994	0.2324
-0.02929	0.9866	0.2376
-0.03347	0.982	0.2304
-0.03303	0.9818	0.2225
-0.02967	0.979	0.2227
-0.0272	0.9698	0.2247
-0.02393	0.9614	0.233
-0.02006	0.9629	0.2402
-0.01894	0.9656	0.2343
-0.01709	0.9761	0.228
-0.01472	0.9901	0.2201
-0.01742	0.9892	0.2121
-0.0223	0.9898	0.2159
-0.02434	0.989	0.2151
-0.02095	0.983	0.2093
-0.02001	0.9848	0.2118
-0.02402	0.9801	0.2122
-0.02328	0.9791	0.2099
-0.02225	0.9869	0.2123
-0.02352	0.9858	0.2141
-0.02488	0.984	0.2126
-0.02737	0.9792	0.2166
-0.02599	0.9719	0.2248
-0.02521	0.9715	0.2275
-0.02672	0.9747	0.2272
-0.02454	0.9763	0.2281
-0.0213	0.9741	0.2291
-0.01833	0.9785	0.2282
-0.01885	0.986	0.226
-0.02503	0.9883	0.2259
-0.02988	0.9885	0.2255
-0.02832	0.9796	0.2246
-0.0227	0.9703	0.2223
-0.01993	0.9706	0.2159
-0.02047	0.973	0.214
-0.02044	0.9791	0.2156
-0.02043	0.9861	0.2147
-0.02099	0.9874	0.2155
-0.02205	0.9854	0.216
-0.02387	0.9831	0.2165
-0.02683	0.9816	0.2204
-0.02759	0.9794	0.2232
-0.0228	0.9774	0.2254
-0.02147	0.9782	0.2267
-0.0269	0.9814	0.2218
-0.0266	0.9826	0.2175
-0.02094	0.9798	0.2197
-0.02039	0.9783	0.2216
-0.02236	0.9789	0.2193
-0.02159	0.9814	0.2131
-0.02119	0.9837	0.2113
-0.02374	0.9793	0.2213
-0.02591	0.9742	0.2301
-0.02532	0.973	0.2311
-0.02374	0.9741	0.2304
-0.023	0.9836	0.2227
-0.02446	0.9878	0.2156
-0.02556	0.9772	0.2191
-0.02213	0.9742	0.2213
-0.01648	0.9816	0.22
-0.01624	0.9876	0.2172
-0.02308	0.9919	0.2143
-0.02646	0.9867	0.2179
-0.02476	0.9746	0.2198
-0.02655	0.9708	0.2186
-0.02742	0.9738	0.2207
-0.02493	0.9767	0.2218
-0.02331	0.9803	0.2253
-0.02176	0.9827	0.2259
-0.02274	0.9809	0.2186
-0.02431	0.9775	0.2166
-0.02383	0.9775	0.2192
-0.02441	0.9824	0.2193
-0.02309	0.987	0.2219
-0.02143	0.9852	0.2237
-0.02181	0.9794	0.2198
-0.0211	0.9767	0.2177
-0.03087	0.9846	0.2057
-0.02077	0.9759	0.2208
-0.01668	0.9772	0.233
-0.01985	0.9736	0.2354
-0.01961	0.9745	0.2299
-0.01976	0.9845	0.2264
-0.02238	0.9857	0.221
-0.02497	0.9857	0.2127
-0.0284	0.9824	0.2111
-0.0276	0.9759	0.2151
-0.02705	0.9759	0.2155
-0.02848	0.9789	0.2144
-0.02598	0.9799	0.216
-0.02229	0.977	0.2189
-0.01881	0.9803	0.2206
-0.01883	0.9869	0.2213
-0.02458	0.9883	0.2241
-0.02911	0.9877	0.2263
-0.02735	0.9783	0.2276
-0.02165	0.9686	0.2267
-0.01891	0.9688	0.2212
-0.01958	0.9713	0.2195
-0.01974	0.9776	0.2208
-0.01996	0.9848	0.2192
-0.02075	0.9865	0.2189
-0.02204	0.9849	0.2183
-0.02404	0.983	0.2176
-0.02715	0.9817	0.2205
-0.028	0.9798	0.2224
-0.02325	0.978	0.224
-0.02192	0.9789	0.2248
-0.02731	0.9821	0.2197
-0.02694	0.9832	0.2155
-0.02119	0.9803	0.2178
-0.02055	0.9787	0.2201
-0.02242	0.9792	0.2182
-0.02157	0.9815	0.2124
-0.02111	0.9837	0.211
-0.02361	0.9792	0.2215
-0.02576	0.974	0.2306
-0.02515	0.9728	0.2317
-0.02358	0.9738	0.2311
-0.02287	0.9833	0.2235
-0.02436	0.9875	0.2164
-0.02549	0.977	0.2197
-0.02208	0.9741	0.2218
-0.01647	0.9816	0.2203
-0.01626	0.9876	0.2173
-0.02312	0.9919	0.2143
-0.02652	0.9868	0.2178
-0.02482	0.9747	0.2196
-0.02661	0.9708	0.2184
-0.02748	0.9739	0.2204
-0.02498	0.9768	0.2215
-0.02334	0.9804	0.2251
-0.02178	0.9828	0.2257
-0.02275	0.9809	0.2184
-0.02431	0.9775	0.2165
-0.02382	0.9775	0.2192
-0.02439	0.9823	0.2193
-0.02307	0.987	0.2219
-0.02141	0.9851	0.2238
-0.02178	0.9794	0.2199
-0.02109	0.9767	0.2178
-0.02185	0.9777	0.2201
-0.02343	0.9783	0.2215
-0.0243	0.9794	0.2229
-0.02381	0.9821	0.2229
-0.02063	0.9816	0.2215
-0.02033	0.9809	0.2211
-0.02131	0.9803	0.2201
-0.02136	0.9778	0.2221
-0.0247	0.979	0.2231
-0.02687	0.9791	0.2202
-0.0264	0.978	0.2191
-0.02709	0.9807	0.2172
-0.02833	0.9807	0.2189
-0.02871	0.9794	0.2231
-0.02516	0.9777	0.219
-0.01823	0.978	0.2157
-0.01469	0.9843	0.2185
-0.01825	0.9866	0.2199
-0.02508	0.9822	0.2215
-0.02711	0.9768	0.2232
-0.02215	0.9749	0.2227
-0.01896	0.9781	0.2225
-0.02127	0.9814	0.2199
-0.02279	0.9846	0.2183
-0.02441	0.9851	0.2229
-0.02571	0.9792	0.2244
-0.02332	0.9727	0.2226
-0.02215	0.9732	0.2244
-0.02239	0.983	0.222
-0.02424	0.9865	0.2167
-0.02721	0.976	0.2165
-0.02615	0.9755	0.2169
-0.0265	0.9863	0.2169
-0.02759	0.986	0.2169
-0.02339	0.9797	0.217
-0.01977	0.978	0.2241
-0.01888	0.9768	0.2282
-0.01873	0.9751	0.2228
-0.01932	0.9772	0.223
-0.02017	0.9841	0.2235
-0.02164	0.987	0.2194
-0.02356	0.9835	0.22
-0.02608	0.9788	0.2206
-0.02675	0.9741	0.2219
-0.02513	0.975	0.2232
-0.02531	0.9806	0.2185
-0.02663	0.9827	0.2138
-0.02516	0.9809	0.2138
-0.01952	0.9815	0.2184
-0.01807	0.9852	0.2222
-0.02598	0.9837	0.2222
-0.02983	0.9773	0.2205
-0.0265	0.9754	0.2164
-0.02369	0.9795	0.2188
-0.0188	0.9803	0.2292
-0.01708	0.9767	0.2319
-0.02105	0.9774	0.224
-0.02209	0.9781	0.2187
-0.02292	0.9764	0.2192
-0.0231	0.9789	0.2175
-0.02019	0.9834	0.2198
-0.02109	0.9851	0.222
-0.02413	0.9824	0.2154
-0.02588	0.9808	0.2152
-0.02445	0.9823	0.2271
-0.02874	0.981	0.2215
-0.02976	0.9806	0.2196
-0.02795	0.9821	0.2185
-0.02278	0.9808	0.2176
-0.02038	0.9796	0.2186
-0.01956	0.9789	0.2192
-0.01829	0.9763	0.2226
-0.02089	0.9777	0.2248
-0.02288	0.978	0.2227
-0.02271	0.9773	0.2219
-0.02406	0.9802	0.22
-0.02618	0.9806	0.2213
-0.02754	0.9796	0.225
-0.02493	0.978	0.2202
-0.01883	0.9785	0.2161
-0.01593	0.9849	0.2184
-0.01992	0.9871	0.2191
-0.02695	0.9827	0.2204
-0.02899	0.9772	0.2219
-0.02386	0.9752	0.2214
-0.02037	0.9783	0.2212
-0.0223	0.9815	0.2188
-0.02341	0.9846	0.2174
-0.02463	0.9849	0.2223
-0.02558	0.979	0.2241
-0.02291	0.9725	0.2226
-0.02154	0.973	0.2246
-0.02166	0.9828	0.2224
-0.02348	0.9863	0.2172
-0.0265	0.9759	0.2171
-0.02553	0.9754	0.2174
-0.02602	0.9863	0.2174
-0.02726	0.986	0.2173
-0.02322	0.9797	0.2173
-0.01974	0.978	0.2243
-0.01897	0.9769	0.2282
-0.01892	0.9751	0.2228
-0.01956	0.9772	0.2229
-0.02044	0.9842	0.2233
-0.02191	0.9871	0.2192
-0.0238	0.9836	0.2198
-0.02628	0.9788	0.2204
-0.0269	0.9741	0.2217
-0.02522	0.975	0.2231
-0.02535	0.9806	0.2184
-0.02661	0.9827	0.2138
-0.02511	0.9809	0.2138
-0.01944	0.9815	0.2184
-0.01798	0.9851	0.2223
-0.02588	0.9837	0.2222
-0.02974	0.9773	0.2205
-0.02642	0.9754	0.2165
-0.02363	0.9795	0.2189
-0.01876	0.9803	0.2292
-0.01706	0.9767	0.2319
-0.02105	0.9774	0.224
-0.0221	0.9781	0.2187
-0.02295	0.9764	0.2192
-0.02313	0.9789	0.2175
-0.02023	0.9835	0.2198
-0.02112	0.9851	0.2219
-0.02417	0.9824	0.2154
-0.02591	0.9808	0.2152
-0.02705	0.982	0.2206
-0.02832	0.9816	0.2216
-0.02905	0.982	0.2229
-0.02541	0.9814	0.2228
-0.02207	0.9788	0.2205
-0.02065	0.9785	0.221
-0.01917	0.9781	0.2225
-0.02158	0.9783	0.2212
-0.02266	0.9787	0.2208
-0.02185	0.9784	0.2225
-0.02091	0.9798	0.2204
-0.01827	0.9802	0.2186
-0.0221	0.9796	0.2182
-0.02701	0.9793	0.2179
-0.02642	0.9795	0.2196
-0.02586	0.9818	0.2191
-0.02458	0.9804	0.2203
-0.02511	0.9734	0.2244
-0.02394	0.9735	0.2239
-0.01802	0.987	0.2193
-0.01867	0.9943	0.2167
-0.02671	0.9859	0.2189
-0.02992	0.9795	0.2189
-0.02517	0.9759	0.219
-0.0238	0.9731	0.2241
-0.02381	0.9772	0.2239
-0.02032	0.9784	0.2232
-0.02145	0.9786	0.2282
-0.01907	0.9811	0.2264
-0.01706	0.9805	0.2163
-0.02392	0.9809	0.2131
-0.02455	0.9816	0.2201
-0.02309	0.9813	0.2214
-0.0246	0.9811	0.2192
-0.02448	0.9802	0.2238
-0.0271	0.9805	0.2234
-0.02647	0.9804	0.2171
-0.02457	0.9802	0.2135
-0.02567	0.9789	0.2139
-0.02341	0.978	0.2186
-0.02203	0.9793	0.2219
-0.02147	0.9781	0.2222
-0.01897	0.9781	0.2224
-0.01892	0.9809	0.2226
-0.01981	0.9807	0.2244
-0.02215	0.9796	0.2247
-0.02463	0.9795	0.2228
-0.02363	0.9811	0.2234
-0.02472	0.9827	0.2238
-0.02715	0.9819	0.2214
-0.02669	0.9816	0.2199
-0.02525	0.9814	0.2187
-0.02334	0.9809	0.2159
-0.02325	0.9799	0.2146
-0.02506	0.9755	0.2157
-0.0247	0.9736	0.2163
-0.02076	0.9801	0.2173
-0.01721	0.9874	0.2191
-0.01941	0.9882	0.2217
-0.02414	0.9825	0.2263
-0.02608	0.9747	0.2281
-0.02557	0.9718	0.2255
-0.02537	0.9727	0.2219
-0.02467	0.9748	0.2191
-0.02485	0.9792	0.221
-0.02251	0.9821	0.223
-0.02252	0.9847	0.2239
-0.01992	0.9854	0.2227
-0.01853	0.9832	0.2192
-0.01933	0.9828	0.2185
-0.0199	0.9817	0.2194
-0.02393	0.981	0.2179
-0.02608	0.9804	0.2176
-0.02574	0.9791	0.2197
-0.02476	0.9796	0.2184
-0.02165	0.9793	0.2174
-0.02472	0.9782	0.2179
-0.02871	0.9776	0.2184
-0.02717	0.9777	0.2207
-0.02573	0.9802	0.2206
-0.02371	0.979	0.222
-0.0237	0.9723	0.2261
-0.02221	0.9728	0.2255
-0.01618	0.9867	0.2207
-0.01691	0.9944	0.2177
-0.02517	0.9862	0.2195
-0.02871	0.9801	0.2192
-0.02434	0.9765	0.219
-0.02337	0.9738	0.2237
-0.02375	0.9778	0.2233
-0.02058	0.979	0.2225
-0.02194	0.9791	0.2275
-0.01972	0.9814	0.2257
-0.01778	0.9807	0.2157
-0.02464	0.9809	0.2126
-0.02521	0.9815	0.2198
-0.02363	0.9812	0.2212
-0.025	0.9809	0.2192
-0.02473	0.98	0.2239
-0.0272	0.9803	0.2235
-0.02645	0.9802	0.2173
-0.02443	0.98	0.2137
-0.02546	0.9788	0.2141
-0.02316	0.9779	0.2189
-0.02177	0.9792	0.2221
-0.02121	0.9781	0.2223
-0.01875	0.9782	0.2225
-0.01875	0.981	0.2226
-0.01969	0.9808	0.2244
-0.02209	0.9797	0.2246
-0.02462	0.9796	0.2227
-0.02366	0.9812	0.2234
-0.02479	0.9828	0.2237
-0.02724	0.982	0.2213
-0.02679	0.9816	0.2198
-0.02534	0.9814	0.2186
-0.02343	0.9809	0.2158
-0.02332	0.9799	0.2146
-0.02511	0.9755	0.2157
-0.02474	0.9736	0.2163
-0.02078	0.9801	0.2174
-0.0172	0.9874	0.2191
-0.01939	0.9882	0.2217
-0.02411	0.9825	0.2264
-0.02605	0.9747	0.2281
-0.02553	0.9718	0.2256
-0.02534	0.9727	0.2219
-0.02464	0.9748	0.2192
-0.02216	0.9803	0.223
-0.02293	0.983	0.2264
-0.02329	0.9826	0.2227
-0.01968	0.9843	0.2198
-0.01883	0.9837	0.2161
-0.01998	0.9825	0.2141
-0.02262	0.9826	0.2187
-0.02582	0.9809	0.222
-0.02567	0.9808	0.2226
-0.02601	0.9815	0.2184
-0.02689	0.98	0.2125
-0.0261	0.9758	0.2142
-0.02448	0.9729	0.2174
-0.02222	0.9772	0.2214
-0.02099	0.9813	0.2276
-0.02011	0.9823	0.2269
-0.01999	0.9831	0.2231
-0.02239	0.9805	0.2227
-0.02442	0.9789	0.2238
-0.02499	0.9798	0.2248
-0.02541	0.9788	0.2219
-0.02466	0.9792	0.2159
-0.02333	0.9803	0.2145
-0.02301	0.9793	0.2192
-0.02235	0.9799	0.223
-0.02212	0.982	0.2218
-0.02414	0.9811	0.2199
-0.02408	0.9778	0.218
-0.02037	0.9774	0.2163
-0.01975	0.9825	0.2187
-0.023	0.9872	0.2235
-0.02388	0.9856	0.2267
-0.02337	0.9802	0.2247
-0.02496	0.9761	0.2191
-0.02567	0.9761	0.2169
-0.02506	0.9772	0.2189
-0.02471	0.9763	0.2198
-0.02381	0.9765	0.2192
-0.02271	0.9766	0.2231
-0.02062	0.9773	0.2243
-0.01979	0.983	0.2185
-0.02249	0.987	0.2187
-0.0244	0.9851	0.2231
-0.02625	0.9807	0.2223
-0.0277	0.9779	0.2178
-0.02386	0.98	0.2158
-0.02148	0.9833	0.2203
-0.02335	0.983	0.2243
-0.02346	0.9796	0.2239
-0.02359	0.9769	0.2204
-0.02106	0.9772	0.2169
-0.01797	0.979	0.2186
-0.02091	0.9812	0.2204
-0.02109	0.9819	0.2208
-0.0209	0.98	0.2214
-0.02449	0.9776	0.2201
-0.02371	0.9771	0.2219
-0.02297	0.9809	0.2255
-0.02347	0.982	0.2257
-0.02423	0.977	0.2228
-0.02891	0.9772	0.2186
-0.03446	0.9814	0.2172
-0.03488	0.9817	0.2167
-0.02204	0.9813	0.2163
-0.01168	0.9859	0.224
-0.01874	0.9821	0.2233
-0.0225	0.978	0.2189
-0.02035	0.9783	0.2171
-0.01979	0.9777	0.2155
-0.0206	0.9776	0.2157
-0.02265	0.9792	0.222
-0.02525	0.979	0.2264
-0.02466	0.9805	0.2275
-0.02477	0.9824	0.223
-0.02563	0.9819	0.2164
-0.025	0.9782	0.2171
-0.02368	0.9755	0.219
-0.02178	0.9796	0.2218
-0.02094	0.9834	0.2269
-0.02042	0.9839	0.2253
-0.02058	0.9841	0.2209
-0.02318	0.9808	0.2202
-0.02531	0.9787	0.2212
-0.02588	0.9793	0.2224
-0.02622	0.9779	0.22
-0.02533	0.9782	0.2144
-0.02383	0.9792	0.2135
-0.02331	0.9782	0.2189
-0.02246	0.9791	0.2231
-0.02206	0.9813	0.2223
-0.02394	0.9806	0.2207
-0.02378	0.9776	0.219
-0.02001	0.9774	0.2173
-0.01937	0.9827	0.2197
-0.02264	0.9876	0.2244
-0.02356	0.9859	0.2274
-0.02312	0.9806	0.2252
-0.02478	0.9766	0.2194
-0.02558	0.9764	0.2169
-0.02504	0.9775	0.2188
-0.02475	0.9765	0.2196
-0.0239	0.9766	0.2189
-0.02282	0.9766	0.2227
-0.02075	0.9773	0.2239
-0.01993	0.9829	0.2182
-0.02261	0.9869	0.2185
-0.0245	0.985	0.2229
-0.02633	0.9805	0.2221
-0.02775	0.9777	0.2177
-0.02388	0.9799	0.2158
-0.02148	0.9832	0.2204
-0.02333	0.9829	0.2244
-0.02343	0.9796	0.224
-0.02354	0.9769	0.2205
-0.02101	0.9772	0.2171
-0.01792	0.979	0.2187
-0.02086	0.9813	0.2205
-0.02106	0.982	0.2209
-0.02087	0.9801	0.2214
-0.02447	0.9777	0.2201
-0.02371	0.9771	0.2219
-0.02298	0.9809	0.2254
-0.02348	0.982	0.2257
-0.02424	0.977	0.2227
-0.02893	0.9772	0.2186
-0.03448	0.9814	0.2171
-0.0349	0.9816	0.2167
-0.02206	0.9813	0.2162
-0.01069	0.9834	0.2181
-0.0157	0.9832	0.2197
-0.02432	0.9794	0.2216
-0.02988	0.9779	0.2247
-0.02456	0.9793	0.2257
-0.01643	0.9813	0.2223
-0.01957	0.9823	0.2155
-0.01858	0.9777	0.2144
-0.01831	0.9742	0.222
-0.02301	0.9767	0.2261
-0.02268	0.9769	0.2238
-0.02399	0.9781	0.2201
-0.02442	0.9828	0.2152
-0.02642	0.9861	0.2176
-0.02957	0.9864	0.2225
-0.02809	0.9808	0.2204
-0.02783	0.9777	0.2219
-0.02482	0.9819	0.2214
-0.02431	0.981	0.2176
-0.02497	0.9779	0.2238
-0.01961	0.9792	0.2256
-0.01963	0.9808	0.2214
-0.01989	0.9811	0.2232
-0.01749	0.9773	0.2212
-0.01835	0.9746	0.2194
-0.0198	0.9786	0.2197
-0.02311	0.9835	0.216
-0.025	0.9848	0.2169
-0.02625	0.9804	0.2192
-0.02811	0.9765	0.2197
-0.0274	0.9773	0.2214
-0.02652	0.9778	0.2199
-0.02394	0.9815	0.2204
-0.02238	0.9831	0.2227
-0.02403	0.9763	0.2242
-0.02346	0.9769	0.2235
-0.02131	0.986	0.2151
-0.02072	0.9879	0.2133
-0.02197	0.9838	0.2247
-0.02287	0.9815	0.2277
-0.02341	0.9757	0.2227
-0.02432	0.9687	0.2241
-0.02269	0.9736	0.2222
-0.02014	0.9813	0.2149
-0.01948	0.9827	0.2158
-0.02024	0.9842	0.2204
-0.02357	0.9826	0.2206
-0.02668	0.9806	0.2185
-0.02674	0.9809	0.2177
-0.0277	0.9812	0.222
-0.02702	0.9822	0.2244
-0.02351	0.9808	0.2224
-0.02364	0.978	0.2226
-0.025	0.9769	0.2227
-0.02398	0.9779	0.2203
-0.0199	0.9787	0.2181
-0.01637	0.9777	0.2177
-0.01915	0.9802	0.2178
-0.02206	0.9824	0.2194
-0.02331	0.9821	0.2225
-0.02354	0.9819	0.2222
-0.02182	0.9806	0.2218
-0.02417	0.9804	0.2233
-0.02668	0.9799	0.222
-0.02827	0.9732	0.2108
-0.02443	0.9797	0.2183
-0.02762	0.98	0.223
-0.03013	0.9807	0.2271
-0.02336	0.9829	0.228
-0.01479	0.9847	0.2237
-0.01806	0.9851	0.2159
-0.01747	0.9796	0.2138
-0.01767	0.9751	0.2207
-0.02278	0.9766	0.2242
-0.02275	0.9761	0.2218
-0.02425	0.9768	0.2181
-0.02473	0.9813	0.2136
-0.02669	0.9845	0.2164
-0.02974	0.9849	0.2218
-0.02813	0.9796	0.2202
-0.02773	0.9769	0.2222
-0.02459	0.9815	0.2221
-0.024	0.9809	0.2185
-0.02461	0.9781	0.2248
-0.01925	0.9797	0.2266
-0.01929	0.9815	0.2223
-0.01961	0.9818	0.224
-0.01728	0.978	0.2218
-0.01823	0.9752	0.2197
-0.01977	0.9791	0.2198
-0.02316	0.9839	0.216
-0.02511	0.985	0.2167
-0.0264	0.9805	0.2188
-0.02829	0.9765	0.2193
-0.02759	0.9772	0.2209
-0.0267	0.9775	0.2195
-0.0241	0.9812	0.22
-0.0225	0.9828	0.2225
-0.02411	0.976	0.224
-0.02351	0.9767	0.2234
-0.02132	0.9858	0.2151
-0.0207	0.9878	0.2134
-0.02192	0.9837	0.2248
-0.02281	0.9815	0.2278
-0.02335	0.9758	0.2229
-0.02426	0.9688	0.2242
-0.02263	0.9737	0.2224
-0.02008	0.9814	0.215
-0.01944	0.9828	0.2159
-0.02021	0.9843	0.2205
-0.02356	0.9827	0.2206
-0.02668	0.9806	0.2185
-0.02675	0.981	0.2177
-0.02772	0.9812	0.222
-0.02704	0.9822	0.2244
-0.02354	0.9808	0.2223
-0.02367	0.978	0.2226
-0.02502	0.9769	0.2226
-0.024	0.9779	0.2202
-0.01991	0.9787	0.2181
-0.01638	0.9777	0.2177
-0.01915	0.9801	0.2178
-0.02206	0.9824	0.2194
-0.02331	0.9821	0.2225
-0.02354	0.9819	0.2222
-0.02181	0.9806	0.2218
-0.02416	0.9804	0.2233
-0.02668	0.9799	0.222
-0.02662	0.9784	0.2176
-0.02668	0.9778	0.2157
-0.02617	0.9771	0.2215
-0.02547	0.9786	0.2266
-0.02123	0.9809	0.2238
-0.01961	0.9827	0.2175
-0.02389	0.9824	0.214
-0.02328	0.9787	0.2166
-0.01903	0.9785	0.2186
-0.0179	0.9823	0.2217
-0.02103	0.9839	0.2273
-0.02504	0.9829	0.2265
-0.02578	0.9823	0.2281
-0.02536	0.9801	0.2251
-0.02528	0.9779	0.2106
-0.02509	0.9791	0.2101
-0.02391	0.9759	0.2182
-0.02313	0.9737	0.2192
-0.02336	0.9784	0.2213
-0.02133	0.9786	0.2244
-0.02106	0.978	0.2253
-0.02388	0.9811	0.2241
-0.02406	0.984	0.2221
-0.02269	0.9856	0.2207
-0.02274	0.9839	0.2199
-0.02382	0.9814	0.2189
-0.02438	0.9789	0.217
-0.02426	0.9785	0.2173
-0.02398	0.9799	0.2178
-0.02351	0.9787	0.2175
-0.0234	0.9775	0.2195
-0.02198	0.9771	0.2225
-0.02103	0.98	0.2238
-0.02195	0.9836	0.2234
-0.02066	0.9826	0.2242
-0.02039	0.9819	0.2233
-0.02325	0.9788	0.223
-0.02519	0.976	0.2251
-0.02657	0.9778	0.2215
-0.02619	0.9772	0.2172
-0.02483	0.9785	0.2164
-0.02495	0.9809	0.2176
-0.02496	0.9811	0.2194
-0.02551	0.9833	0.2177
-0.02442	0.9816	0.2189
-0.02045	0.98	0.221
-0.01591	0.9843	0.2202
-0.01502	0.9857	0.2198
-0.02404	0.9832	0.2177
-0.02994	0.9783	0.2197
-0.02594	0.9748	0.2243
-0.02645	0.9765	0.2252
-0.02446	0.9759	0.2246
-0.01921	0.9746	0.2214
-0.02108	0.9776	0.2193
-0.02103	0.9798	0.2206
-0.02194	0.98	0.2218
-0.02374	0.9809	0.2215
-0.02162	0.9847	0.2212
-0.02333	0.9864	0.2233
-0.02359	0.982	0.2221
-0.02469	0.9802	0.2151
-0.02884	0.9809	0.2129
-0.02846	0.9815	0.2177
-0.0222	0.9853	0.2198
-0.02418	0.9782	0.2175
-0.02466	0.9738	0.223
-0.02441	0.9739	0.228
-0.02034	0.9761	0.2251
-0.0188	0.9787	0.2188
-0.02315	0.9798	0.2151
-0.02266	0.9774	0.2175
-0.01858	0.9786	0.2193
-0.01766	0.9835	0.2222
-0.02102	0.9857	0.2275
-0.02525	0.9851	0.2265
-0.02618	0.9846	0.2279
-0.02591	0.9822	0.2247
-0.0259	0.9796	0.2101
-0.02573	0.9803	0.2096
-0.02451	0.9766	0.2177
-0.02366	0.9739	0.2188
-0.02377	0.9782	0.221
-0.02161	0.978	0.2242
-0.02121	0.9771	0.2252
-0.02389	0.9801	0.2241
-0.02397	0.983	0.2221
-0.02251	0.9847	0.2208
-0.02251	0.9831	0.22
-0.02356	0.9808	0.2191
-0.02411	0.9786	0.2172
-0.02402	0.9784	0.2174
-0.02378	0.98	0.2179
-0.02336	0.9789	0.2176
-0.0233	0.9778	0.2196
-0.02194	0.9775	0.2225
-0.02103	0.9804	0.2238
-0.02198	0.984	0.2234
-0.02073	0.983	0.2242
-0.02048	0.9821	0.2233
-0.02334	0.9789	0.2229
-0.02528	0.9761	0.225
-0.02665	0.9778	0.2214
-0.02626	0.9771	0.2171
-0.02488	0.9784	0.2164
-0.02497	0.9808	0.2176
-0.02497	0.981	0.2194
-0.02551	0.9832	0.2177
-0.0244	0.9815	0.2189
-0.02042	0.9799	0.221
-0.01587	0.9842	0.2203
-0.01498	0.9857	0.2198
-0.02401	0.9832	0.2177
-0.02991	0.9783	0.2197
-0.02592	0.9748	0.2243
-0.02644	0.9765	0.2252
-0.02445	0.976	0.2246
-0.01921	0.9746	0.2214
-0.02108	0.9777	0.2193
-0.02104	0.9799	0.2206
-0.02195	0.98	0.2218
-0.02375	0.981	0.2215
-0.02163	0.9847	0.2212
-0.02334	0.9864	0.2233
-0.0236	0.982	0.2221
-0.0247	0.9802	0.2151
-0.02884	0.9809	0.2129
-0.02846	0.9815	0.2177
-0.02817	0.983	0.2186
-0.0248	0.9785	0.2179
-0.02067	0.9744	0.2223
-0.01989	0.9762	0.224
-0.01679	0.9768	0.2242
-0.01822	0.9781	0.2258
-0.02107	0.9801	0.2225
-0.02115	0.9816	0.2206
-0.02316	0.983	0.2212
-0.02313	0.9795	0.2183
-0.02407	0.9769	0.2184
-0.02437	0.9797	0.2226
-0.02346	0.9837	0.2236
-0.02907	0.9848	0.2198
-0.03106	0.9782	0.2161
-0.02623	0.9761	0.2149
-0.02259	0.9843	0.2154
-0.01914	0.9853	0.2189
-0.01914	0.9798	0.2232
-0.02184	0.977	0.2252
-0.02294	0.9763	0.2256
-0.02467	0.9807	0.2242
-0.02515	0.9831	0.2234
-0.02185	0.9785	0.2227
-0.01792	0.9779	0.2189
-0.01794	0.9793	0.2153
-0.02234	0.9783	0.2162
-0.02784	0.9792	0.2228
-0.02928	0.9793	0.2275
-0.02513	0.9805	0.2227
-0.02269	0.9821	0.2167
-0.02247	0.9799	0.216
-0.02277	0.9803	0.2168
-0.02563	0.9824	0.217
-0.02552	0.9819	0.2179
-0.02468	0.9804	0.2215
-0.02505	0.9783	0.2234
-0.02142	0.9787	0.2225
-0.01945	0.9803	0.2245
-0.02068	0.9805	0.2251
-0.02157	0.981	0.2234
-0.0217	0.9795	0.2224
-0.01975	0.9779	0.2188
-0.01823	0.979	0.2163
-0.01869	0.9793	0.2169
-0.02361	0.9787	0.2186
-0.02997	0.9789	0.2215
-0.02924	0.9798	0.2219
-0.02846	0.9814	0.221
-0.03158	0.9816	0.2207
-0.02958	0.9795	0.2209
-0.02283	0.9796	0.2206
-0.01775	0.9851	0.2155
-0.01717	0.9871	0.2158
-0.02006	0.9803	0.2268
-0.0236	0.9728	0.2286
-0.02354	0.9729	0.2196
-0.02016	0.9795	0.2187
-0.02004	0.9835	0.2241
-0.0211	0.9826	0.2236
-0.02074	0.9823	0.2198
-0.02181	0.9786	0.218
-0.02288	0.9758	0.2172
-0.02471	0.981	0.2174
-0.03213	0.9837	0.2142
-0.02909	0.981	0.2171
-0.0249	0.9774	0.2232
-0.02371	0.9791	0.2254
-0.01993	0.9789	0.2254
-0.0205	0.9794	0.2265
-0.02244	0.9806	0.2226
-0.02164	0.9814	0.2201
-0.02287	0.9822	0.2203
-0.02222	0.9784	0.2172
-0.02273	0.9756	0.2172
-0.0228	0.9784	0.2216
-0.02184	0.9826	0.2229
-0.02755	0.9839	0.2193
-0.02976	0.9777	0.2159
-0.02524	0.9759	0.215
-0.02195	0.9843	0.2158
-0.01884	0.9856	0.2195
-0.01916	0.9802	0.2239
-0.02212	0.9775	0.2259
-0.02341	0.9769	0.2262
-0.02525	0.9813	0.2247
-0.02578	0.9836	0.2238
-0.02247	0.9788	0.2229
-0.01846	0.9782	0.219
-0.01838	0.9795	0.2152
-0.02265	0.9783	0.216
-0.02803	0.9791	0.2226
-0.02934	0.9792	0.2272
-0.02508	0.9802	0.2224
-0.02255	0.9818	0.2164
-0.02227	0.9797	0.2158
-0.02254	0.9801	0.2166
-0.02541	0.9823	0.2169
-0.02531	0.9818	0.2178
-0.0245	0.9803	0.2215
-0.02491	0.9783	0.2235
-0.02133	0.9787	0.2225
-0.01941	0.9803	0.2246
-0.02068	0.9806	0.2252
-0.0216	0.9811	0.2235
-0.02176	0.9796	0.2225
-0.01982	0.978	0.2189
-0.01832	0.9791	0.2164
-0.01877	0.9793	0.217
-0.02368	0.9788	0.2187
-0.03003	0.979	0.2215
-0.02928	0.9799	0.2219
-0.02849	0.9813	0.221
-0.03158	0.9816	0.2207
-0.02958	0.9794	0.2209
-0.02281	0.9796	0.2206
-0.01772	0.9851	0.2155
-0.01714	0.9871	0.2158
-0.02003	0.9803	0.2268
-0.02357	0.9728	0.2286
-0.02352	0.9729	0.2196
-0.02014	0.9795	0.2187
-0.02003	0.9835	0.2241
-0.0211	0.9826	0.2236
-0.02074	0.9823	0.2198
-0.02182	0.9786	0.218
-0.02289	0.9758	0.2172
-0.02472	0.981	0.2174
-0.02647	0.9821	0.2181
-0.02725	0.9797	0.2199
-0.02848	0.9802	0.2229
-0.02768	0.9792	0.2221
-0.02773	0.9822	0.2174
-0.02687	0.9833	0.2156
-0.02034	0.9763	0.2215
-0.01706	0.9756	0.2264
-0.01833	0.9799	0.2248
-0.01812	0.9804	0.225
-0.01952	0.9804	0.2245
-0.02146	0.981	0.2216
-0.02225	0.9815	0.2205
-0.02411	0.9817	0.2172
-0.0252	0.98	0.2156
-0.02625	0.9779	0.2187
-0.02659	0.977	0.2202
-0.02548	0.9767	0.2201
-0.02703	0.9803	0.219
-0.02628	0.9826	0.2179
-0.02146	0.981	0.2191
-0.02033	0.9853	0.2204
-0.02177	0.9882	0.2224
-0.02198	0.9843	0.2235
-0.02275	0.9799	0.2219
-0.02498	0.9743	0.2213
-0.0247	0.9734	0.2203
-0.02126	0.974	0.2183
-0.02043	0.973	0.2193
-0.02157	0.9793	0.2224
-0.02142	0.9821	0.2236
-0.02253	0.9802	0.2214
-0.02573	0.9817	0.2215
-0.0259	0.9815	0.2241
-0.02099	0.9842	0.2253
-0.0188	0.9871	0.2252
-0.02341	0.9833	0.2175
-0.02785	0.979	0.2117
-0.02836	0.9767	0.2155
-0.02765	0.9779	0.2158
-0.02651	0.979	0.218
-0.02564	0.9781	0.2215
-0.02342	0.9805	0.2205
-0.01757	0.9811	0.2239
-0.01595	0.9795	0.2241
-0.01916	0.9807	0.2204
-0.01867	0.9825	0.2195
-0.01998	0.9818	0.2177
-0.02495	0.9764	0.2202
-0.02619	0.9728	0.2252
-0.02616	0.9772	0.227
-0.02705	0.9814	0.2262
-0.02728	0.983	0.2231
-0.02579	0.9839	0.2184
-0.02083	0.9822	0.2128
-0.01927	0.9816	0.2148
-0.02532	0.9812	0.2222
-0.02743	0.979	0.2208
-0.02356	0.9783	0.2162
-0.02323	0.9786	0.2174
-0.02263	0.9802	0.2232
-0.02065	0.9807	0.2265
-0.02168	0.9779	0.2226
-0.02081	0.9773	0.221
-0.01202	0.9789	0.2293
-0.02078	0.9788	0.2209
-0.02727	0.9809	0.2184
-0.02963	0.9807	0.2155
-0.03126	0.9841	0.2108
-0.03087	0.9852	0.2103
-0.02407	0.9779	0.2181
-0.02008	0.9768	0.225
-0.02042	0.9806	0.2252
-0.01926	0.9806	0.2267
-0.01979	0.9802	0.2271
-0.02103	0.9804	0.2247
-0.02132	0.9807	0.2235
-0.02289	0.9808	0.2199
-0.02388	0.9791	0.2176
-0.02499	0.9772	0.22
-0.02552	0.9764	0.2207
-0.02467	0.9763	0.2199
-0.02652	0.98	0.2182
-0.02607	0.9825	0.2168
-0.02152	0.9811	0.2177
-0.0206	0.9855	0.219
-0.02219	0.9885	0.2211
-0.02249	0.9846	0.2223
-0.02328	0.9802	0.221
-0.02548	0.9746	0.2207
-0.02513	0.9737	0.22
-0.0216	0.9742	0.2183
-0.02065	0.9732	0.2195
-0.02167	0.9794	0.2228
-0.02142	0.9821	0.2241
-0.02244	0.9801	0.222
-0.02558	0.9816	0.2221
-0.02571	0.9814	0.2246
-0.02078	0.9841	0.2257
-0.0186	0.9869	0.2255
-0.02323	0.9832	0.2177
-0.0277	0.9789	0.2118
-0.02825	0.9767	0.2155
-0.02758	0.9779	0.2156
-0.02649	0.979	0.2178
-0.02566	0.9781	0.2213
-0.02346	0.9805	0.2203
-0.01764	0.9812	0.2237
-0.01603	0.9795	0.2239
-0.01924	0.9807	0.2202
-0.01875	0.9825	0.2194
-0.02004	0.9818	0.2177
-0.025	0.9764	0.2202
-0.02623	0.9728	0.2253
-0.02618	0.9772	0.2271
-0.02705	0.9814	0.2262
-0.02727	0.983	0.2231
-0.02577	0.9839	0.2185
-0.0208	0.9822	0.2129
-0.01924	0.9816	0.2149
-0.0253	0.9812	0.2223
-0.02741	0.979	0.2208
-0.02354	0.9783	0.2162
-0.02322	0.9786	0.2174
-0.02263	0.9802	0.2232
-0.02065	0.9807	0.2264
-0.02168	0.9779	0.2226
-0.02082	0.9773	0.2209
-0.02121	0.9789	0.2224
-0.02348	0.9774	0.2207
-0.02081	0.9777	0.2199
-0.01989	0.9847	0.2207
-0.0217	0.9892	0.224
-0.02275	0.9856	0.2235
-0.02757	0.9788	0.2099
-0.02989	0.9753	0.2057
-0.02735	0.9772	0.2199
-0.02801	0.9772	0.2245
-0.02744	0.975	0.2224
-0.02308	0.978	0.2272
-0.02044	0.9837	0.2261
-0.01875	0.9861	0.2225
-0.01846	0.982	0.2222
-0.02007	0.9779	0.2197
-0.02188	0.9792	0.223
-0.02272	0.9783	0.2259
-0.02063	0.9799	0.2214
-0.02199	0.9843	0.218
-0.02983	0.9815	0.2155
-0.02975	0.9769	0.2162
-0.01723	0.9771	0.2169
-0.01468	0.9831	0.2154
-0.02821	0.9843	0.2184
-0.03112	0.9736	0.2232
-0.02468	0.9703	0.2259
-0.02639	0.9792	0.2235
-0.02474	0.9866	0.22
-0.02058	0.9877	0.2199
-0.02053	0.9824	0.2165
-0.01817	0.9793	0.218
-0.02043	0.9802	0.2284
-0.02366	0.9773	0.2307
-0.02174	0.9768	0.2225
-0.0235	0.9807	0.2174
-0.02534	0.9818	0.2184
-0.02516	0.981	0.2176
-0.02561	0.9782	0.2167
-0.02524	0.9766	0.2172
-0.02555	0.9801	0.2156
-0.02367	0.9806	0.218
-0.0218	0.9777	0.2245
-0.02198	0.9792	0.2273
-0.02013	0.9832	0.223
-0.01971	0.9849	0.2184
-0.02085	0.9839	0.2212
-0.02179	0.9835	0.2222
-0.02377	0.9817	0.2198
-0.0244	0.9756	0.2209
-0.02482	0.9713	0.2213
-0.02609	0.9714	0.2224
-0.02615	0.9759	0.2235
-0.02651	0.9824	0.2192
-0.02782	0.9834	0.2166
-0.0257	0.9822	0.2191
-0.02012	0.9817	0.2211
-0.01743	0.9817	0.2208
-0.01943	0.9864	0.2196
-0.02238	0.9897	0.2194
-0.02316	0.9861	0.2187
-0.02329	0.9772	0.2199
-0.02453	0.9693	0.2243
-0.02426	0.9705	0.2231
-0.03025	0.972	0.212
-0.02424	0.9757	0.2195
-0.01724	0.979	0.2237
-0.01471	0.9875	0.2264
-0.01667	0.9923	0.2296
-0.01888	0.9882	0.2279
-0.02529	0.9807	0.2126
-0.02924	0.9764	0.2066
-0.0281	0.9775	0.2192
-0.0298	0.9768	0.2226
-0.02985	0.9741	0.2197
-0.0257	0.9769	0.2242
-0.02292	0.9825	0.2232
-0.02082	0.985	0.2201
-0.01996	0.9811	0.2203
-0.02093	0.9773	0.2185
-0.02209	0.9788	0.2226
-0.02237	0.9783	0.2261
-0.01984	0.9801	0.2222
-0.02091	0.9847	0.2191
-0.02859	0.982	0.2169
-0.0285	0.9775	0.2176
-0.01609	0.9776	0.2182
-0.01373	0.9836	0.2165
-0.02752	0.9847	0.2192
-0.0307	0.9739	0.2238
-0.02452	0.9704	0.2262
-0.02647	0.9792	0.2234
-0.02501	0.9866	0.2197
-0.02099	0.9876	0.2195
-0.02101	0.9822	0.216
-0.01868	0.979	0.2175
-0.02092	0.9799	0.2278
-0.02408	0.977	0.2302
-0.02207	0.9766	0.2221
-0.02372	0.9806	0.2171
-0.02546	0.9817	0.2182
-0.02518	0.9809	0.2175
-0.02555	0.9782	0.2168
-0.02512	0.9766	0.2173
-0.02539	0.9802	0.2157
-0.02349	0.9807	0.2182
-0.02162	0.9778	0.2247
-0.02181	0.9793	0.2275
-0.01999	0.9832	0.2232
-0.01961	0.985	0.2185
-0.02079	0.984	0.2213
-0.02177	0.9835	0.2222
-0.02378	0.9817	0.2198
-0.02444	0.9756	0.2209
-0.02488	0.9713	0.2212
-0.02616	0.9713	0.2224
-0.02622	0.9758	0.2234
-0.02658	0.9823	0.2191
-0.02788	0.9834	0.2166
-0.02575	0.9822	0.219
-0.02015	0.9817	0.2211
-0.01745	0.9817	0.2208
-0.01943	0.9864	0.2196
-0.02237	0.9897	0.2194
-0.02314	0.9861	0.2188
-0.02327	0.9772	0.2199
-0.0245	0.9693	0.2243
-0.02424	0.9705	0.2231
-0.02263	0.9759	0.2197
-0.0224	0.9783	0.2206
-0.02297	0.9799	0.2202
-0.02238	0.9813	0.2187
-0.02184	0.982	0.2169
-0.02208	0.9821	0.2179
-0.02225	0.9828	0.2229
-0.02486	0.983	0.2243
-0.02635	0.9811	0.2232
-0.02374	0.9802	0.2224
-0.02455	0.9805	0.2219
-0.0282	0.9819	0.2229
-0.02748	0.9822	0.2226
-0.02259	0.9787	0.22
-0.02017	0.9766	0.2191
-0.02154	0.9769	0.2201
-0.01991	0.9783	0.2177
-0.01892	0.9809	0.2154
-0.02082	0.9812	0.2157
-0.02148	0.9816	0.2155
-0.02524	0.9807	0.2197
-0.02677	0.9769	0.2252
-0.02347	0.9777	0.2285
-0.02393	0.9798	0.2299
-0.02472	0.9796	0.225
-0.0241	0.9817	0.2197
-0.0248	0.982	0.2172
-0.02612	0.9793	0.2136
-0.02535	0.9782	0.2131
-0.01809	0.9787	0.2132
-0.0142	0.983	0.2161
-0.0209	0.987	0.2252
-0.02733	0.9828	0.2281
-0.0306	0.9744	0.2268
-0.03042	0.973	0.2277
-0.02294	0.9813	0.2231
-0.01906	0.9854	0.2175
-0.02115	0.9803	0.2183
-0.01712	0.9775	0.2244
-0.01699	0.9768	0.2268
-0.02643	0.9764	0.2176
-0.02682	0.9788	0.2134
-0.01955	0.982	0.2151
-0.02003	0.9851	0.212
-0.0274	0.9837	0.2176
-0.03074	0.9817	0.2215
-0.02749	0.9822	0.2176
-0.02545	0.9799	0.223
-0.02383	0.9788	0.2275
-0.02305	0.9782	0.2276
-0.02413	0.9765	0.2272
-0.02055	0.9761	0.2199
-0.0188	0.9768	0.2173
-0.02019	0.9829	0.221
-0.01841	0.9854	0.2217
-0.01798	0.9806	0.2228
-0.01985	0.9798	0.2239
-0.02468	0.9796	0.2207
-0.02925	0.9782	0.2156
-0.02784	0.9793	0.2143
-0.02659	0.98	0.2139
-0.02601	0.9802	0.2143
-0.0238	0.9809	0.2203
-0.02406	0.9808	0.2237
-0.02055	0.9811	0.224
-0.02325	0.979	0.2239
-0.02473	0.978	0.2229
-0.02385	0.9783	0.2209
-0.02242	0.9789	0.2185
-0.02162	0.9794	0.2191
-0.02087	0.9809	0.2237
-0.02282	0.9819	0.2246
-0.024	0.9808	0.2232
-0.0214	0.9805	0.222
-0.0225	0.9813	0.2212
-0.02663	0.983	0.2221
-0.0265	0.9833	0.2217
-0.02224	0.9797	0.2191
-0.02039	0.9775	0.2183
-0.02224	0.9775	0.2194
-0.02096	0.9787	0.2172
-0.02017	0.981	0.2151
-0.02212	0.981	0.2156
-0.02272	0.9812	0.2156
-0.02631	0.9803	0.2199
-0.0276	0.9764	0.2255
-0.02402	0.9772	0.2289
-0.0242	0.9793	0.2303
-0.02473	0.9792	0.2253
-0.02389	0.9814	0.22
-0.02443	0.9818	0.2175
-0.02565	0.9793	0.2138
-0.02483	0.9782	0.2132
-0.01757	0.9788	0.2132
-0.01374	0.9832	0.216
-0.02052	0.9872	0.2251
-0.02705	0.983	0.228
-0.03043	0.9746	0.2266
-0.03035	0.9732	0.2275
-0.02296	0.9814	0.223
-0.01916	0.9855	0.2174
-0.0213	0.9804	0.2182
-0.0173	0.9775	0.2243
-0.01718	0.9767	0.2268
-0.02661	0.9764	0.2176
-0.02697	0.9788	0.2134
-0.01967	0.982	0.2151
-0.02011	0.985	0.2121
-0.02744	0.9836	0.2176
-0.03074	0.9816	0.2216
-0.02746	0.9822	0.2176
-0.0254	0.9798	0.2231
-0.02377	0.9788	0.2275
-0.02298	0.9782	0.2276
-0.02406	0.9765	0.2272
-0.02049	0.9761	0.2199
-0.01875	0.9768	0.2172
-0.02016	0.983	0.2209
-0.01839	0.9855	0.2217
-0.01797	0.9806	0.2228
-0.01985	0.9798	0.2239
-0.0247	0.9796	0.2206
-0.02927	0.9782	0.2156
-0.02787	0.9793	0.2143
-0.02661	0.98	0.2139
-0.02603	0.9802	0.2143
-0.02383	0.9809	0.2203
-0.02408	0.9808	0.2237
-0.02364	0.9775	0.2217
-0.02072	0.9767	0.2213
-0.02108	0.9833	0.2212
-0.02423	0.9855	0.2222
-0.02527	0.9807	0.2271
-0.02435	0.9784	0.2284
-0.02368	0.9775	0.2242
-0.02191	0.9769	0.2223
-0.01962	0.9785	0.2217
-0.02047	0.9803	0.2185
-0.02127	0.9813	0.2136
-0.02121	0.9828	0.212
-0.0226	0.9824	0.2181
-0.02279	0.9789	0.221
-0.02438	0.9786	0.2193
-0.02582	0.9833	0.2234
-0.02345	0.9836	0.2243
-0.02379	0.9778	0.2214
-0.02728	0.9766	0.2218
-0.02912	0.9802	0.2201
-0.02739	0.9795	0.2202
-0.02288	0.9771	0.2216
-0.02012	0.9783	0.2197
-0.01917	0.9819	0.2191
-0.01876	0.9847	0.2178
-0.02113	0.9832	0.2188
-0.02306	0.98	0.2201
-0.02139	0.9776	0.2184
-0.02192	0.9765	0.2221
-0.02456	0.9783	0.226
-0.02463	0.9792	0.2256
-0.02524	0.9799	0.2238
-0.02545	0.9817	0.22
-0.02417	0.981	0.2178
-0.0244	0.981	0.2185
-0.02411	0.9812	0.2208
-0.02391	0.9797	0.2215
-0.02492	0.9781	0.2198
-0.02451	0.9753	0.22
-0.02245	0.976	0.2189
-0.02001	0.9802	0.2183
-0.01916	0.9835	0.2191
-0.01962	0.9881	0.2193
-0.02093	0.9885	0.2249
-0.02422	0.98	0.2253
-0.02565	0.9757	0.2184
-0.02417	0.9786	0.2172
-0.02381	0.9774	0.2159
-0.02411	0.9766	0.2194
-0.02517	0.979	0.2301
-0.02599	0.9771	0.2295
-0.02382	0.9781	0.2188
-0.0227	0.9822	0.2126
-0.02304	0.9833	0.2148
-0.02263	0.9834	0.2204
-0.02284	0.9806	0.226
-0.02154	0.979	0.2266
-0.02121	0.9798	0.2187
-0.02444	0.9786	0.2153
-0.02598	0.9779	0.2177
-0.02489	0.9785	0.2197
-0.02277	0.9808	0.2231
-0.02113	0.9827	0.2226
-0.02146	0.9814	0.2206
-0.02652	0.9806	0.2209
-0.02016	0.9779	0.2197
-0.01938	0.983	0.219
-0.02273	0.9843	0.2197
-0.02465	0.9791	0.2245
-0.02481	0.9766	0.2261
-0.02511	0.9759	0.2224
-0.02402	0.9756	0.2211
-0.02207	0.9777	0.2211
-0.0229	0.9799	0.2185
-0.02339	0.9814	0.2141
-0.02282	0.9831	0.213
-0.02359	0.983	0.2193
-0.02312	0.9797	0.2223
-0.02411	0.9794	0.2206
-0.02505	0.9841	0.2245
-0.02232	0.9843	0.2252
-0.02247	0.9784	0.222
-0.0259	0.977	0.2222
-0.02782	0.9803	0.2202
-0.02628	0.9795	0.2201
-0.02203	0.977	0.2212
-0.01956	0.9781	0.2193
-0.01891	0.9816	0.2186
-0.01877	0.9843	0.2173
-0.02137	0.9829	0.2183
-0.02347	0.9797	0.2197
-0.0219	0.9773	0.2181
-0.02248	0.9763	0.2219
-0.02511	0.9782	0.2259
-0.02512	0.9791	0.2256
-0.02563	0.98	0.2239
-0.02574	0.9818	0.2201
-0.02434	0.9811	0.218
-0.02447	0.9812	0.2187
-0.02407	0.9813	0.2209
-0.0238	0.9798	0.2217
-0.02475	0.9782	0.2199
-0.02432	0.9754	0.2201
-0.02225	0.976	0.219
-0.01982	0.9802	0.2183
-0.019	0.9835	0.219
-0.0195	0.9881	0.2192
-0.02085	0.9884	0.2248
-0.02418	0.98	0.2252
-0.02565	0.9757	0.2183
-0.0242	0.9786	0.2171
-0.02386	0.9774	0.2159
-0.02418	0.9766	0.2194
-0.02525	0.9789	0.2301
-0.02606	0.9771	0.2294
-0.02389	0.9781	0.2188
-0.02275	0.9822	0.2126
-0.02308	0.9833	0.2148
-0.02265	0.9834	0.2204
-0.02285	0.9807	0.226
-0.02154	0.979	0.2266
-0.02119	0.9799	0.2188
-0.02441	0.9786	0.2153
-0.02595	0.978	0.2177
-0.02487	0.9785	0.2197
-0.02274	0.9808	0.2231
-0.02111	0.9827	0.2226
-0.02145	0.9814	0.2206
-0.02166	0.9807	0.2208
-0.02276	0.9805	0.2212
-0.02418	0.9803	0.2224
-0.0231	0.9805	0.2216
-0.02322	0.9782	0.2196
-0.02447	0.9771	0.2191
-0.02377	0.979	0.2203
-0.02305	0.9803	0.2225
-0.02289	0.9797	0.2221
-0.02376	0.9781	0.2194
-0.02478	0.979	0.217
-0.02414	0.9818	0.2174
-0.0239	0.9824	0.2189
-0.02344	0.9818	0.2196
-0.0222	0.9817	0.2215
-0.02149	0.9818	0.222
-0.02202	0.982	0.2212
-0.02517	0.9797	0.2221
-0.02587	0.9742	0.2238
-0.02131	0.9739	0.2251
-0.01897	0.9835	0.224
-0.02155	0.9868	0.2232
-0.02554	0.9789	0.2224
-0.02783	0.9764	0.2184
-0.02574	0.9785	0.2164
-0.02258	0.98	0.2161
-0.02207	0.9818	0.2157
-0.0211	0.978	0.2169
-0.02043	0.9766	0.2185
-0.02208	0.9826	0.2203
-0.02287	0.9828	0.2212
-0.02359	0.9807	0.2231
-0.02428	0.982	0.225
-0.02321	0.9819	0.2213
-0.02399	0.9812	0.2168
-0.02561	0.9791	0.2196
-0.02418	0.978	0.2241
-0.02351	0.9794	0.223
-0.02638	0.9774	0.2212
-0.02773	0.9761	0.2202
-0.02529	0.9777	0.2209
-0.02242	0.9792	0.2245
-0.01924	0.9821	0.2225
-0.01666	0.9842	0.2202
-0.01731	0.9846	0.2209
-0.01888	0.9836	0.218
-0.0213	0.9781	0.2181
-0.02479	0.9756	0.2173
-0.02639	0.9782	0.2163
-0.02664	0.98	0.2206
-0.02504	0.9822	0.2219
-0.02366	0.9819	0.2235
-0.02407	0.9794	0.2238
-0.02352	0.9799	0.2217
-0.02785	0.9819	0.2234
-0.03147	0.9819	0.2215
-0.02438	0.9774	0.218
-0.02026	0.9757	0.2164
-0.0205	0.9797	0.216
-0.01781	0.9794	0.2195
-0.0188	0.9778	0.2207
-0.02117	0.9801	0.2202
-0.02294	0.9841	0.2213
-0.02426	0.9846	0.2228
-0.0185	0.9735	0.2303
-0.02474	0.9777	0.2235
-0.0282	0.9805	0.2208
-0.02721	0.9824	0.2182
-0.02632	0.981	0.2159
-0.02608	0.9799	0.2161
-0.02385	0.9814	0.2183
-0.02186	0.9821	0.2216
-0.0208	0.9807	0.2223
-0.02121	0.9783	0.2203
-0.02215	0.9786	0.2185
-0.02178	0.9809	0.2191
-0.02205	0.9812	0.2206
-0.02223	0.9805	0.221
-0.02167	0.9804	0.2226
-0.0216	0.9806	0.2227
-0.02267	0.9811	0.2215
-0.02621	0.9791	0.222
-0.02715	0.9738	0.2233
-0.02267	0.9739	0.2244
-0.02027	0.9837	0.2231
-0.02268	0.9871	0.2223
-0.02642	0.9794	0.2216
-0.02842	0.9769	0.2177
-0.02604	0.979	0.2159
-0.02261	0.9804	0.2158
-0.02186	0.9822	0.2156
-0.02071	0.9783	0.217
-0.01993	0.9768	0.2187
-0.02153	0.9827	0.2205
-0.02232	0.9828	0.2215
-0.0231	0.9806	0.2234
-0.02387	0.9818	0.2253
-0.02291	0.9817	0.2216
-0.0238	0.981	0.217
-0.02554	0.9789	0.2198
-0.02421	0.9778	0.2242
-0.02361	0.9792	0.223
-0.02654	0.9774	0.2211
-0.02792	0.976	0.2201
-0.02549	0.9777	0.2208
-0.02261	0.9792	0.2244
-0.01941	0.9822	0.2224
-0.01679	0.9843	0.2201
-0.0174	0.9847	0.2208
-0.01893	0.9837	0.2179
-0.02131	0.9782	0.2181
-0.02476	0.9757	0.2173
-0.02634	0.9782	0.2163
-0.02657	0.98	0.2206
-0.02496	0.9822	0.2219
-0.02359	0.9819	0.2235
-0.02401	0.9794	0.2239
-0.02346	0.9798	0.2217
-0.02781	0.9818	0.2234
-0.03144	0.9819	0.2215
-0.02437	0.9773	0.218
-0.02026	0.9757	0.2165
-0.02051	0.9797	0.2161
-0.01784	0.9794	0.2195
-0.01883	0.9778	0.2207
-0.0212	0.9801	0.2202
-0.02296	0.9841	0.2213
-0.02428	0.9846	0.2228
-0.02347	0.9763	0.2228
-0.0246	0.9735	0.2225
-0.0257	0.9814	0.2262
-0.02517	0.9821	0.2267
-0.02301	0.9795	0.2212
-0.0212	0.9819	0.2165
-0.02342	0.9822	0.2144
-0.02362	0.9816	0.2157
-0.02301	0.9805	0.2184
-0.02414	0.979	0.2202
-0.02388	0.9817	0.2199
-0.02544	0.9818	0.2204
-0.0247	0.9782	0.2247
-0.02148	0.9766	0.2239
-0.02101	0.9768	0.2169
-0.01985	0.9808	0.2156
-0.02127	0.9843	0.2216
-0.0239	0.9824	0.2242
-0.02366	0.9796	0.2222
-0.02485	0.9785	0.2226
-0.02289	0.9787	0.2211
-0.02156	0.979	0.2195
-0.02671	0.9781	0.2211
-0.02753	0.977	0.2214
-0.02483	0.9767	0.224
-0.02351	0.9802	0.2235
-0.02186	0.9827	0.2198
-0.02223	0.981	0.2214
-0.02162	0.9828	0.2197
-0.01897	0.9843	0.2178
-0.01986	0.9827	0.2199
-0.02487	0.9829	0.2189
-0.02768	0.9797	0.2173
-0.02617	0.9774	0.2144
-0.02562	0.979	0.2164
-0.02207	0.9774	0.2223
-0.0167	0.9776	0.2209
-0.01902	0.9787	0.2196
-0.02283	0.9772	0.2214
-0.02493	0.9793	0.2254
-0.02682	0.9806	0.2299
-0.02598	0.9801	0.228
-0.02592	0.9826	0.2254
-0.02495	0.9817	0.2206
-0.02344	0.9792	0.2151
-0.02366	0.9809	0.2151
-0.02286	0.9837	0.2126
-0.02265	0.9847	0.2148
-0.02076	0.9799	0.2201
-0.01953	0.9763	0.2186
-0.02208	0.978	0.2217
-0.02224	0.978	0.225
-0.02241	0.9806	0.225
-0.02341	0.9829	0.2259
-0.02286	0.9798	0.223
-0.02309	0.9779	0.2216
-0.023	0.9764	0.2194
-0.02542	0.9776	0.2148
-0.03029	0.9797	0.2151
-0.02938	0.9789	0.2175
-0.02264	0.9802	0.2211
-0.01733	0.9829	0.224
-0.0204	0.9909	0.2238
-0.03218	0.9883	0.2245
-0.01788	0.9603	0.2159
-0.01816	0.9684	0.2205
-0.02008	0.9825	0.2267
-0.02122	0.9862	0.2283
-0.02101	0.9843	0.2228
-0.02104	0.9861	0.2176
-0.02474	0.9849	0.2149
-0.02595	0.9828	0.2155
-0.02586	0.9802	0.2177
-0.02707	0.9776	0.2192
-0.02651	0.9795	0.2187
-0.02753	0.9793	0.2193
-0.02609	0.9757	0.2238
-0.02213	0.9744	0.2233
-0.02096	0.9751	0.2166
-0.01923	0.9797	0.2156
-0.02022	0.9839	0.2219
-0.02257	0.9826	0.2247
-0.02224	0.9803	0.2228
-0.02349	0.9795	0.2232
-0.02169	0.98	0.2218
-0.02062	0.9803	0.2201
-0.02606	0.9793	0.2216
-0.0272	0.978	0.2217
-0.02479	0.9775	0.2242
-0.02372	0.9807	0.2236
-0.02225	0.983	0.2197
-0.02275	0.981	0.2212
-0.0222	0.9826	0.2195
-0.01954	0.9839	0.2175
-0.02038	0.9822	0.2196
-0.0253	0.9823	0.2187
-0.02799	0.9792	0.2171
-0.02637	0.9769	0.2142
-0.0257	0.9786	0.2163
-0.02204	0.9771	0.2222
-0.0166	0.9774	0.2209
-0.01886	0.9786	0.2197
-0.02262	0.9772	0.2215
-0.02472	0.9794	0.2255
-0.02662	0.9807	0.23
-0.02581	0.9803	0.2281
-0.02578	0.9828	0.2255
-0.02486	0.9819	0.2207
-0.02339	0.9794	0.2151
-0.02365	0.981	0.2151
-0.02289	0.9838	0.2126
-0.02271	0.9848	0.2148
-0.02083	0.9799	0.2201
-0.01961	0.9763	0.2186
-0.02215	0.978	0.2216
-0.02231	0.9779	0.225
-0.02246	0.9805	0.2249
-0.02346	0.9828	0.2259
-0.02288	0.9798	0.223
-0.0231	0.9779	0.2215
-0.023	0.9764	0.2194
-0.02541	0.9775	0.2148
-0.03026	0.9797	0.2151
-0.02936	0.9789	0.2175
-0.02261	0.9802	0.2212
-0.0173	0.983	0.224
-0.02037	0.9909	0.2238
-0.03216	0.9883	0.2246
-0.03289	0.9582	0.2238
-0.009608	0.9511	0.219
0.003541	0.9897	0.2133
-0.01402	1.008	0.2159
-0.03213	0.9969	0.2319
-0.03925	0.989	0.2351
-0.03749	0.973	0.2148
-0.02514	0.9666	0.2096
-0.01415	0.9776	0.2225
-0.01237	0.9748	0.2202
-0.02711	0.9757	0.2144
-0.03607	0.9801	0.2155
-0.02478	0.9764	0.2153
-0.02609	0.9801	0.2217
-0.02716	0.9801	0.227
-0.01849	0.9806	0.2268
-0.02084	0.9848	0.2267
-0.01695	0.9834	0.2199
-0.01565	0.9848	0.2166
-0.02497	0.9809	0.2199
-0.02501	0.9755	0.2177
-0.02343	0.974	0.2181
-0.02325	0.9724	0.2203
-0.02249	0.9802	0.2172
-0.02354	0.9847	0.2188
-0.0236	0.9815	0.2247
-0.0217	0.9826	0.2263
-0.01857	0.9804	0.2249
-0.02142	0.9793	0.2248
-0.02598	0.9843	0.2248
-0.02838	0.9845	0.2213
-0.02837	0.9813	0.2171
-0.02032	0.9816	0.216
-0.01964	0.9832	0.219
-0.03051	0.9807	0.222
-0.0315	0.972	0.2187
-0.02105	0.9691	0.2136
-0.01795	0.9786	0.2135
-0.02285	0.9835	0.2187
-0.02205	0.9802	0.2222
-0.02251	0.9789	0.2218
-0.02566	0.9776	0.2241
-0.02323	0.9801	0.2249
-0.02138	0.9827	0.2241
-0.02008	0.9797	0.2246
-0.01931	0.9811	0.2215
-0.02022	0.982	0.2197
-0.02142	0.979	0.2178
-0.02508	0.98	0.2158
-0.02604	0.9822	0.2205
-0.02458	0.9843	0.2258
-0.02395	0.9841	0.2257
-0.02426	0.9832	0.2179
-0.02679	0.9821	0.2135
-0.02657	0.9764	0.2194
-0.02453	0.9726	0.2219
-0.02466	0.9735	0.2224
-0.02575	0.9783	0.2208
-0.02533	0.9816	0.2135
-0.02074	0.9792	0.2169
-0.01875	0.9806	0.2267
-0.02058	0.9817	0.2283
-0.01792	0.9776	0.2266
-0.01629	0.9787	0.2228
