0.9494	-0.04842	0.02265
0.9638	-0.05252	0.05635
0.9796	-0.03169	0.1018
0.9996	-0.01536	0.08725
1.024	-0.01001	0.06767
1.085	-0.02346	0.08564
1.169	-0.03752	0.109
1.182	-0.005005	0.1599
1.162	0.03397	0.2008
1.213	0.02937	0.1894
1.314	0.002627	0.167
1.378	-0.06172	0.1202
1.28	-0.1723	0.05708
1.015	-0.2547	0.03484
0.7994	-0.2774	0.03113
0.8104	-0.2578	0.03781
0.9449	-0.2028	0.06463
1.039	-0.166	0.0771
1.159	-0.1655	0.07633
1.232	-0.1457	0.07969
1.106	-0.09858	0.08654
0.9704	-0.06148	0.08406
0.918	-0.04085	0.07688
0.9013	-0.02526	0.08667
0.9524	-0.0419	0.09675
0.9666	-0.089	0.1087
0.935	-0.1243	0.1366
0.9083	-0.1434	0.1768
0.8793	-0.1314	0.2206
0.8814	-0.1138	0.2243
0.8864	-0.114	0.2096
0.9157	-0.0922	0.2223
0.9568	-0.06848	0.2364
0.9546	-0.04747	0.2615
0.9597	-0.02996	0.2926
0.9812	-0.02255	0.2957
1.04	0.01454	0.2939
1.157	0.03166	0.2943
1.256	0.003059	0.2936
1.278	-0.05387	0.2815
1.219	-0.1726	0.2157
1.113	-0.2789	0.1075
1.017	-0.2865	0.02893
0.9799	-0.256	0.02104
0.9817	-0.2364	0.06392
0.9758	-0.1895	0.1303
0.9787	-0.1578	0.1684
1.001	-0.1888	0.1413
0.9947	-0.2056	0.1099
0.9321	-0.2092	0.09536
0.8619	-0.2046	0.0842
0.8391	-0.155	0.1015
0.857	-0.1346	0.1083
0.8884	-0.1349	0.09121
0.9402	-0.08869	0.08422
0.9699	-0.02727	0.08358
0.9417	0.011	0.1073
0.9452	0.03841	0.1504
0.973	0.08196	0.1768
0.9753	0.09125	0.1782
0.9876	0.06715	0.1566
1.015	0.06975	0.1421
1.143	0.08246	0.1644
1.302	0.1366	0.2119
1.271	0.1983	0.2455
1.189	0.1649	0.244
1.214	0.06994	0.2392
1.236	-0.06673	0.221
1.231	-0.2338	0.1295
1.119	-0.3291	0.004028
0.8557	-0.3124	-0.03892
0.7359	-0.2216	0.03526
0.8586	-0.104	0.1154
1.078	-0.05313	0.1071
1.36	-0.08061	0.09285
1.443	-0.05966	0.1191
1.183	-0.01933	0.1344
0.9207	-0.06069	0.1482
0.8333	-0.08539	0.1298
0.8567	-0.05069	0.09344
0.9198	-0.03865	0.1137
0.9088	-0.04257	0.1429
0.8642	-0.04461	0.1707
0.8409	-0.06566	0.208
0.8549	-0.1021	0.2245
0.9137	-0.127	0.2437
0.9008	-0.1114	0.2456
0.9075	-0.06457	0.246
0.9819	-0.01317	0.2815
0.991	-6.732e-05	0.2956
1.019	-0.03858	0.2819
1.095	-0.05067	0.26
1.223	-0.02432	0.2409
1.337	-0.02309	0.2393
1.284	-0.07786	0.1997
1.196	-0.1965	0.1196
1.077	-0.288	0.08326
0.9381	-0.2781	0.0995
0.9343	-0.2476	0.1145
0.9656	-0.2494	0.1316
1.006	-0.2528	0.157
1.033	-0.2454	0.1593
0.9787	-0.2198	0.1509
0.9225	-0.187	0.139
0.8828	-0.1817	0.1268
0.8898	-0.1506	0.1245
0.9036	-0.07901	0.112
0.8808	-0.07918	0.1099
0.8919	-0.08789	0.1095
0.8795	0.001999	0.08856
0.8573	0.07255	0.09149
0.896	0.07761	0.1124
0.9468	0.09776	0.1358
0.9858	0.1154	0.1569
0.9841	0.1066	0.1493
1.016	0.1346	0.1465
1.157	0.1741	0.1604
1.259	0.1486	0.1743
1.253	0.1242	0.2185
1.25	0.08006	0.2566
1.315	-0.08701	0.2294
1.347	-0.2562	0.174
1.193	-0.3324	0.07286
0.9582	-0.3959	-0.05191
0.8249	-0.3629	-0.009755
0.7682	-0.178	0.116
0.8657	-0.08799	0.1189
1.164	-0.09761	0.1149
1.271	0.1983	0.2455
1.189	0.1649	0.244
1.214	0.06994	0.2392
1.236	-0.06673	0.221
1.231	-0.2338	0.1295
1.119	-0.3291	0.004028
0.8557	-0.3124	-0.03892
0.7359	-0.2216	0.03526
0.8586	-0.104	0.1154
1.078	-0.05313	0.1071
1.36	-0.08061	0.09285
1.443	-0.05966	0.1191
1.183	-0.01933	0.1344
0.9207	-0.06069	0.1482
0.8333	-0.08539	0.1298
0.8567	-0.05069	0.09344
0.9198	-0.03865	0.1137
0.9088	-0.04257	0.1429
0.8642	-0.04461	0.1707
0.8409	-0.06566	0.208
0.8549	-0.1021	0.2245
0.9137	-0.127	0.2437
0.9008	-0.1114	0.2456
0.9075	-0.06457	0.246
0.9819	-0.01317	0.2815
0.991	-6.732e-05	0.2956
1.019	-0.03858	0.2819
1.095	-0.05067	0.26
1.223	-0.02432	0.2409
1.337	-0.02309	0.2393
1.284	-0.07786	0.1997
1.196	-0.1965	0.1196
1.077	-0.288	0.08326
0.9381	-0.2781	0.0995
0.9343	-0.2476	0.1145
0.9656	-0.2494	0.1316
1.006	-0.2528	0.157
1.033	-0.2454	0.1593
0.9787	-0.2198	0.1509
0.9225	-0.187	0.139
0.8828	-0.1817	0.1268
0.8898	-0.1506	0.1245
0.9036	-0.07901	0.112
0.8808	-0.07918	0.1099
0.8919	-0.08789	0.1095
0.8795	0.001999	0.08856
0.8573	0.07255	0.09149
0.896	0.07761	0.1124
0.9468	0.09776	0.1358
0.9858	0.1154	0.1569
0.9841	0.1066	0.1493
1.016	0.1346	0.1465
1.157	0.1741	0.1604
1.259	0.1486	0.1743
1.253	0.1242	0.2185
1.25	0.08006	0.2566
1.315	-0.08701	0.2294
1.347	-0.2562	0.174
1.193	-0.3324	0.07286
0.9582	-0.3959	-0.05191
0.8249	-0.3629	-0.009755
0.7682	-0.178	0.116
0.8657	-0.08799	0.1189
1.164	-0.09761	0.1149
1.357	-0.07333	0.08989
1.302	-0.102	0.02076
1.106	-0.09629	0.06981
0.8546	-0.07307	0.1118
0.7725	-0.09121	0.1196
0.8886	-0.02962	0.182
0.9248	-0.01709	0.1771
0.854	-0.04773	0.1669
0.8184	-0.05365	0.1993
0.8181	-0.09564	0.2153
0.8431	-0.08931	0.2417
0.8958	-0.1007	0.2304
0.9347	-0.1173	0.217
0.9979	-0.05418	0.2599
1.057	-0.02017	0.2893
1.03	-0.04007	0.2808
1.036	-0.06635	0.2473
1.089	-0.04395	0.2183
1.138	-0.01582	0.2193
1.246	-0.04713	0.1936
1.288	-0.1738	0.0932
1.148	-0.3848	-0.001143
0.9966	-0.4112	0.02362
0.982	-0.2796	0.1274
1.003	-0.2401	0.1961
0.9861	-0.2139	0.1951
1.02	-0.2226	0.1554
1.024	-0.2751	0.1354
0.9579	-0.2669	0.1405
0.8963	-0.2589	0.143
0.7962	-0.2083	0.1501
0.7894	-0.1138	0.1299
0.8941	-0.07282	0.09208
0.9442	-0.06432	0.09432
0.9603	-0.06031	0.1195
0.9329	-0.00753	0.1482
0.9203	0.07537	0.1535
0.9599	0.1386	0.1373
0.9664	0.1723	0.1363
1.009	0.1158	0.1262
1.103	0.07053	0.1231
1.207	0.1199	0.147
1.257	0.1826	0.1822
1.223	0.2221	0.231
1.255	0.1481	0.2481
1.289	-0.03465	0.2188
1.197	-0.1926	0.1542
1.031	-0.3036	0.05245
0.8397	-0.3279	0.01413
0.7601	-0.2675	0.0911
0.8492	-0.2206	0.163
0.9671	-0.1921	0.1615
1.146	-0.186	0.1234
1.359	-0.1686	0.08351
1.221	-0.07538	0.07889
0.891	-0.01395	0.08298
0.8633	-0.01114	0.07844
0.8747	0.00708	0.1229
0.8616	0.0029	0.1735
0.9624	-0.009623	0.1889
0.8785	-0.01832	0.2052
0.8108	-0.03378	0.2099
0.8626	-0.0376	0.2139
0.8385	-0.07305	0.2272
1.357	-0.07333	0.08989
1.302	-0.102	0.02076
1.106	-0.09629	0.06981
0.8546	-0.07307	0.1118
0.7725	-0.09121	0.1196
0.8886	-0.02962	0.182
0.9248	-0.01709	0.1771
0.854	-0.04773	0.1669
0.8184	-0.05365	0.1993
0.8181	-0.09564	0.2153
0.8431	-0.08931	0.2417
0.8958	-0.1007	0.2304
0.9347	-0.1173	0.217
0.9979	-0.05418	0.2599
1.057	-0.02017	0.2893
1.03	-0.04007	0.2808
1.036	-0.06635	0.2473
1.089	-0.04395	0.2183
1.138	-0.01582	0.2193
1.246	-0.04713	0.1936
1.288	-0.1738	0.0932
1.148	-0.3848	-0.001143
0.9966	-0.4112	0.02362
0.982	-0.2796	0.1274
1.003	-0.2401	0.1961
0.9861	-0.2139	0.1951
1.02	-0.2226	0.1554
1.024	-0.2751	0.1354
0.9579	-0.2669	0.1405
0.8963	-0.2589	0.143
0.7962	-0.2083	0.1501
0.7894	-0.1138	0.1299
0.8941	-0.07282	0.09208
0.9442	-0.06432	0.09432
0.9603	-0.06031	0.1195
0.9329	-0.00753	0.1482
0.9203	0.07537	0.1535
0.9599	0.1386	0.1373
0.9664	0.1723	0.1363
1.009	0.1158	0.1262
1.103	0.07053	0.1231
1.207	0.1199	0.147
1.257	0.1826	0.1822
1.223	0.2221	0.231
1.255	0.1481	0.2481
1.289	-0.03465	0.2188
1.197	-0.1926	0.1542
1.031	-0.3036	0.05245
0.8397	-0.3279	0.01413
0.7601	-0.2675	0.0911
0.8492	-0.2206	0.163
0.9671	-0.1921	0.1615
1.146	-0.186	0.1234
1.359	-0.1686	0.08351
1.221	-0.07538	0.07889
0.891	-0.01395	0.08298
0.8633	-0.01114	0.07844
0.8747	0.00708	0.1229
0.8616	0.0029	0.1735
0.9624	-0.009623	0.1889
0.8785	-0.01832	0.2052
0.8108	-0.03378	0.2099
0.8626	-0.0376	0.2139
0.8385	-0.07305	0.2272
0.8937	-0.1065	0.2328
0.9623	-0.08791	0.2575
1.038	-0.05527	0.3067
1.112	-0.03518	0.3292
1.072	-0.05287	0.3022
1.146	-0.073	0.2819
1.296	-0.04737	0.2686
1.338	-0.05596	0.1947
1.258	-0.1852	0.09906
1.071	-0.3333	0.05084
0.9407	-0.324	0.03863
0.9107	-0.2203	0.04058
0.9281	-0.1648	0.06282
0.9619	-0.1147	0.09813
0.9901	-0.08627	0.1163
1.03	-0.1273	0.1247
1.034	-0.1687	0.1409
1.003	-0.2171	0.14
0.92	-0.2509	0.125
0.8263	-0.2037	0.1217
0.8205	-0.1478	0.09591
0.848	-0.1204	0.04376
0.8979	-0.07546	0.03017
0.9153	-0.01655	0.05254
0.8918	0.01219	0.07768
0.9152	0.005907	0.1115
0.9301	0.009005	0.1361
0.9849	0.03376	0.1389
1.074	0.076	0.1464
1.102	0.1034	0.1557
1.157	0.08293	0.1442
1.234	0.06962	0.1467
1.246	0.08597	0.1864
1.23	0.0755	0.2388
1.252	-0.0004531	0.2543
1.254	-0.1555	0.1476
1.116	-0.3244	-0.01642
0.8734	-0.3704	-0.05273
0.7437	-0.2916	0.04367
0.8998	-0.2052	0.1155
1.181	-0.1319	0.08603
1.392	-0.033	0.05509
1.45	0.06162	0.06214
1.248	0.06684	0.05882
0.9219	-0.03965	0.08869
0.679	-0.1366	0.1261
0.6842	-0.1198	0.1276
0.8517	-0.05944	0.1343
0.8408	-0.05005	0.1474
0.8149	-0.08134	0.1765
0.8686	-0.1223	0.2039
0.8614	-0.1397	0.2151
0.9278	-0.1284	0.2405
0.9112	-0.1031	0.2559
0.8673	-0.04439	0.2613
0.978	0.0177	0.263
1.043	0.04747	0.2658
1.135	-0.01639	0.3073
1.223	-0.1254	0.3487
1.245	-0.06067	0.3403
1.35	0.01251	0.2948
1.377	-0.07565	0.2378
1.2	-0.1342	0.1759
0.9246	-0.2106	0.09794
0.8937	-0.1065	0.2328
0.9623	-0.08791	0.2575
1.038	-0.05527	0.3067
1.112	-0.03518	0.3292
1.072	-0.05287	0.3022
1.146	-0.073	0.2819
1.296	-0.04737	0.2686
1.338	-0.05596	0.1947
1.258	-0.1852	0.09906
1.071	-0.3333	0.05084
0.9407	-0.324	0.03863
0.9107	-0.2203	0.04058
0.9281	-0.1648	0.06282
0.9619	-0.1147	0.09813
0.9901	-0.08627	0.1163
1.03	-0.1273	0.1247
1.034	-0.1687	0.1409
1.003	-0.2171	0.14
0.92	-0.2509	0.125
0.8263	-0.2037	0.1217
0.8205	-0.1478	0.09591
0.848	-0.1204	0.04376
0.8979	-0.07546	0.03017
0.9153	-0.01655	0.05254
0.8918	0.01219	0.07768
0.9152	0.005907	0.1115
0.9301	0.009005	0.1361
0.9849	0.03376	0.1389
1.074	0.076	0.1464
1.102	0.1034	0.1557
1.157	0.08293	0.1442
1.234	0.06962	0.1467
1.246	0.08597	0.1864
1.23	0.0755	0.2388
1.252	-0.0004531	0.2543
1.254	-0.1555	0.1476
1.116	-0.3244	-0.01642
0.8734	-0.3704	-0.05273
0.7437	-0.2916	0.04367
0.8998	-0.2052	0.1155
1.181	-0.1319	0.08603
1.392	-0.033	0.05509
1.45	0.06162	0.06214
1.248	0.06684	0.05882
0.9219	-0.03965	0.08869
0.679	-0.1366	0.1261
0.6842	-0.1198	0.1276
0.8517	-0.05944	0.1343
0.8408	-0.05005	0.1474
0.8149	-0.08134	0.1765
0.8686	-0.1223	0.2039
0.8614	-0.1397	0.2151
0.9278	-0.1284	0.2405
0.9112	-0.1031	0.2559
0.8673	-0.04439	0.2613
0.978	0.0177	0.263
1.043	0.04747	0.2658
1.135	-0.01639	0.3073
1.223	-0.1254	0.3487
1.245	-0.06067	0.3403
1.35	0.01251	0.2948
1.377	-0.07565	0.2378
1.2	-0.1342	0.1759
0.9246	-0.2106	0.09794
0.8207	-0.2639	0.02393
0.925	-0.2383	-0.01179
0.9901	-0.2863	-0.002323
1.032	-0.2355	0.05402
1.032	-0.1344	0.1393
0.9562	-0.1706	0.1642
0.9228	-0.1907	0.1214
0.893	-0.2084	0.1133
0.8627	-0.2004	0.1102
0.8458	-0.1292	0.09054
0.821	-0.09359	0.09911
0.8546	-0.03927	0.09226
0.9051	-0.01195	0.08381
0.9216	-0.005015	0.0902
0.9507	0.0499	0.09655
0.9824	0.04555	0.1272
1.009	0.02361	0.1406
1.036	0.03577	0.1338
1.078	0.03721	0.1365
1.177	0.08326	0.129
1.265	0.1735	0.1219
1.279	0.214	0.1228
1.266	0.1596	0.1374
1.259	0.05005	0.152
1.223	-0.09482	0.1245
1.074	-0.245	0.06247
0.8523	-0.3099	0.02782
0.7712	-0.308	0.08395
0.9624	-0.2858	0.1464
1.263	-0.2384	0.1065
1.382	-0.1656	0.07139
1.267	-0.04077	0.08846
1.059	0.02677	0.08194
0.8458	-0.02165	0.08474
0.729	-0.0227	0.08488
0.7822	-0.009733	0.06443
0.8572	-0.06824	0.08671
0.8551	-0.1027	0.1357
0.8627	-0.1185	0.1948
0.8472	-0.1214	0.2207
0.8447	-0.08927	0.1906
0.8825	-0.07172	0.1977
0.8797	-0.04458	0.2145
0.9788	0.01047	0.226
1.136	0.02787	0.2717
1.174	-0.05396	0.2696
1.155	-0.1358	0.2581
1.148	-0.07911	0.2983
1.203	-0.02979	0.2946
1.25	-0.09304	0.1896
1.212	-0.1892	0.0501
1.058	-0.2885	0.01894
0.8484	-0.2636	0.05558
0.8847	-0.1679	0.04803
1.025	-0.19	0.08523
1.014	-0.2006	0.1343
1.001	-0.2079	0.1353
0.9449	-0.2864	0.1577
0.8727	-0.2863	0.1179
0.8662	-0.2628	0.03647
0.8193	-0.2327	0.03275
0.8125	-0.1263	0.04382
0.864	-0.0432	0.05073
0.9062	0.01062	0.07571
0.8207	-0.2639	0.02393
0.925	-0.2383	-0.01179
0.9901	-0.2863	-0.002323
1.032	-0.2355	0.05402
1.032	-0.1344	0.1393
0.9562	-0.1706	0.1642
0.9228	-0.1907	0.1214
0.893	-0.2084	0.1133
0.8627	-0.2004	0.1102
0.8458	-0.1292	0.09054
0.821	-0.09359	0.09911
0.8546	-0.03927	0.09226
0.9051	-0.01195	0.08381
0.9216	-0.005015	0.0902
0.9507	0.0499	0.09655
0.9824	0.04555	0.1272
1.009	0.02361	0.1406
1.036	0.03577	0.1338
1.078	0.03721	0.1365
1.177	0.08326	0.129
1.265	0.1735	0.1219
1.279	0.214	0.1228
1.266	0.1596	0.1374
1.259	0.05005	0.152
1.223	-0.09482	0.1245
1.074	-0.245	0.06247
0.8523	-0.3099	0.02782
0.7712	-0.308	0.08395
0.9624	-0.2858	0.1464
1.263	-0.2384	0.1065
1.382	-0.1656	0.07139
1.267	-0.04077	0.08846
1.059	0.02677	0.08194
0.8458	-0.02165	0.08474
0.729	-0.0227	0.08488
0.7822	-0.009733	0.06443
0.8572	-0.06824	0.08671
0.8551	-0.1027	0.1357
0.8627	-0.1185	0.1948
0.8472	-0.1214	0.2207
0.8447	-0.08927	0.1906
0.8825	-0.07172	0.1977
0.8797	-0.04458	0.2145
0.9788	0.01047	0.226
1.136	0.02787	0.2717
1.174	-0.05396	0.2696
1.155	-0.1358	0.2581
1.148	-0.07911	0.2983
1.203	-0.02979	0.2946
1.25	-0.09304	0.1896
1.212	-0.1892	0.0501
1.058	-0.2885	0.01894
0.8484	-0.2636	0.05558
0.8847	-0.1679	0.04803
1.025	-0.19	0.08523
1.014	-0.2006	0.1343
1.001	-0.2079	0.1353
0.9449	-0.2864	0.1577
0.8727	-0.2863	0.1179
0.8662	-0.2628	0.03647
0.8193	-0.2327	0.03275
0.8125	-0.1263	0.04382
0.864	-0.0432	0.05073
0.9062	0.01062	0.07571
0.933	0.04255	0.09706
0.9204	0.06324	0.1161
0.951	0.1079	0.1367
0.9956	0.113	0.1573
0.9908	0.0855	0.1493
1.019	0.07663	0.1308
1.101	0.1177	0.1145
1.224	0.1809	0.08619
1.272	0.1925	0.1153
1.202	0.1737	0.1856
1.187	0.1189	0.2139
1.246	-0.008012	0.197
1.253	-0.1894	0.1308
1.121	-0.3992	0.03835
0.8782	-0.5059	4.27e-05
0.7779	-0.3976	0.074
0.9674	-0.2105	0.1435
1.255	-0.06314	0.08161
1.387	0.03235	0.04629
1.285	0.01509	0.1031
1.039	-0.03039	0.1367
0.8025	-0.05206	0.1548
0.7172	-0.09132	0.1183
0.8294	-0.06384	0.0611
0.896	-0.03527	0.1026
0.8203	-0.03696	0.1511
0.8198	-0.0255	0.1787
0.8223	-0.08209	0.2474
0.7889	-0.1149	0.2773
0.8299	-0.1024	0.2492
0.8472	-0.1006	0.2343
0.9318	-0.05126	0.2565
1.081	-0.004743	0.3078
1.081	0.002565	0.3484
1.009	-0.03625	0.3292
1.024	-0.06197	0.2894
1.227	-0.02377	0.2901
1.509	-0.03811	0.2566
1.527	-0.152	0.1635
1.242	-0.2932	0.09469
0.9338	-0.2927	0.06155
0.8353	-0.1692	0.07243
0.961	-0.1474	0.09364
1.06	-0.2184	0.1094
0.9984	-0.2973	0.1504
0.9535	-0.3033	0.1451
0.9077	-0.2552	0.1162
0.8315	-0.2631	0.09709
0.8379	-0.2246	0.0754
0.8026	-0.1633	0.09764
0.7919	-0.1248	0.1015
0.8985	-0.01593	0.09131
0.952	0.06793	0.09793
0.9563	0.1171	0.08169
0.9235	0.1644	0.09635
0.9094	0.1262	0.13
0.9674	0.05489	0.1627
1.014	0.02637	0.1876
1.088	0.03271	0.1678
1.166	0.06939	0.1561
1.221	0.1423	0.1567
1.261	0.1779	0.1763
1.293	0.08484	0.2173
1.366	-0.1136	0.1882
0.933	0.04255	0.09706
0.9204	0.06324	0.1161
0.951	0.1079	0.1367
0.9956	0.113	0.1573
0.9908	0.0855	0.1493
1.019	0.07663	0.1308
1.101	0.1177	0.1145
1.224	0.1809	0.08619
1.272	0.1925	0.1153
1.202	0.1737	0.1856
1.187	0.1189	0.2139
1.246	-0.008012	0.197
1.253	-0.1894	0.1308
1.121	-0.3992	0.03835
0.8782	-0.5059	4.27e-05
0.7779	-0.3976	0.074
0.9674	-0.2105	0.1435
1.255	-0.06314	0.08161
1.387	0.03235	0.04629
1.285	0.01509	0.1031
1.039	-0.03039	0.1367
0.8025	-0.05206	0.1548
0.7172	-0.09132	0.1183
0.8294	-0.06384	0.0611
0.896	-0.03527	0.1026
0.8203	-0.03696	0.1511
0.8198	-0.0255	0.1787
0.8223	-0.08209	0.2474
0.7889	-0.1149	0.2773
0.8299	-0.1024	0.2492
0.8472	-0.1006	0.2343
0.9318	-0.05126	0.2565
1.081	-0.004743	0.3078
1.081	0.002565	0.3484
1.009	-0.03625	0.3292
1.024	-0.06197	0.2894
1.227	-0.02377	0.2901
1.509	-0.03811	0.2566
1.527	-0.152	0.1635
1.242	-0.2932	0.09469
0.9338	-0.2927	0.06155
0.8353	-0.1692	0.07243
0.961	-0.1474	0.09364
1.06	-0.2184	0.1094
0.9984	-0.2973	0.1504
0.9535	-0.3033	0.1451
0.9077	-0.2552	0.1162
0.8315	-0.2631	0.09709
0.8379	-0.2246	0.0754
0.8026	-0.1633	0.09764
0.7919	-0.1248	0.1015
0.8985	-0.01593	0.09131
0.952	0.06793	0.09793
0.9563	0.1171	0.08169
0.9235	0.1644	0.09635
0.9094	0.1262	0.13
0.9674	0.05489	0.1627
1.014	0.02637	0.1876
1.088	0.03271	0.1678
1.166	0.06939	0.1561
1.221	0.1423	0.1567
1.261	0.1779	0.1763
1.293	0.08484	0.2173
1.366	-0.1136	0.1882
1.343	-0.3336	0.1055
1.218	-0.425	0.0483
0.9655	-0.3359	0.06868
0.6808	-0.2162	0.1418
0.9641	-0.1356	0.146
1.445	-0.09677	0.07891
1.336	-0.09326	0.02495
1.111	-0.0396	0.04041
0.9678	-0.004999	0.08165
0.7632	-0.04071	0.06903
0.8227	-0.02269	0.102
0.8581	-0.009125	0.1523
0.7667	-0.02529	0.1251
0.8032	-0.01481	0.1415
0.7709	-0.05956	0.1877
0.8056	-0.1047	0.2254
0.9047	-0.1004	0.251
0.8938	-0.08884	0.207
0.9605	-0.05325	0.2036
1.023	0.0006094	0.2558
1.05	0.04557	0.2805
1.08	0.007162	0.2697
1.084	-0.06405	0.2363
1.203	-0.07214	0.2414
1.368	-0.09911	0.218
1.407	-0.2078	0.1287
1.19	-0.3475	0.05797
0.9314	-0.3398	0.04178
0.9883	-0.2207	0.08056
1.058	-0.2169	0.08678
1.014	-0.2464	0.1114
1.065	-0.2573	0.1818
0.9886	-0.2608	0.1479
0.8367	-0.2095	0.1125
0.8377	-0.1941	0.1202
0.8108	-0.1591	0.08891
0.7794	-0.09521	0.09433
0.8679	-0.06253	0.09659
0.9237	-0.01188	0.08848
0.918	-0.01275	0.1154
0.9018	0.002329	0.1191
0.8942	0.08182	0.1183
0.9637	0.1219	0.1316
1.046	0.1273	0.1564
1.062	0.0646	0.1774
1.075	0.01069	0.1595
1.149	0.04941	0.153
1.219	0.1134	0.1788
1.219	0.1691	0.2174
1.247	0.1253	0.259
1.306	-0.008744	0.2543
1.286	-0.1517	0.1811
1.15	-0.3141	0.03313
0.9607	-0.4032	-0.08111
0.9228	-0.334	0.02497
1.024	-0.2148	0.1752
1.118	-0.1826	0.133
1.287	-0.1783	0.06904
1.368	-0.1034	0.05553
1.201	-0.0151	0.04677
1.053	0.008934	0.09018
0.9186	-0.01864	0.09997
0.7274	-0.0104	0.1147
0.7992	0.003172	0.1571
1.343	-0.3336	0.1055
1.218	-0.425	0.0483
0.9655	-0.3359	0.06868
0.6808	-0.2162	0.1418
0.9641	-0.1356	0.146
1.445	-0.09677	0.07891
1.336	-0.09326	0.02495
1.111	-0.0396	0.04041
0.9678	-0.004999	0.08165
0.7632	-0.04071	0.06903
0.8227	-0.02269	0.102
0.8581	-0.009125	0.1523
0.7667	-0.02529	0.1251
0.8032	-0.01481	0.1415
0.7709	-0.05956	0.1877
0.8056	-0.1047	0.2254
0.9047	-0.1004	0.251
0.8938	-0.08884	0.207
0.9605	-0.05325	0.2036
1.023	0.0006094	0.2558
1.05	0.04557	0.2805
1.08	0.007162	0.2697
1.084	-0.06405	0.2363
1.203	-0.07214	0.2414
1.368	-0.09911	0.218
1.407	-0.2078	0.1287
1.19	-0.3475	0.05797
0.9314	-0.3398	0.04178
0.9883	-0.2207	0.08056
1.058	-0.2169	0.08678
1.014	-0.2464	0.1114
1.065	-0.2573	0.1818
0.9886	-0.2608	0.1479
0.8367	-0.2095	0.1125
0.8377	-0.1941	0.1202
0.8108	-0.1591	0.08891
0.7794	-0.09521	0.09433
0.8679	-0.06253	0.09659
0.9237	-0.01188	0.08848
0.918	-0.01275	0.1154
0.9018	0.002329	0.1191
0.8942	0.08182	0.1183
0.9637	0.1219	0.1316
1.046	0.1273	0.1564
1.062	0.0646	0.1774
1.075	0.01069	0.1595
1.149	0.04941	0.153
1.219	0.1134	0.1788
1.219	0.1691	0.2174
1.247	0.1253	0.259
1.306	-0.008744	0.2543
1.286	-0.1517	0.1811
1.15	-0.3141	0.03313
0.9607	-0.4032	-0.08111
0.9228	-0.334	0.02497
1.024	-0.2148	0.1752
1.118	-0.1826	0.133
1.287	-0.1783	0.06904
1.368	-0.1034	0.05553
1.201	-0.0151	0.04677
1.053	0.008934	0.09018
0.9186	-0.01864	0.09997
0.7274	-0.0104	0.1147
0.7992	0.003172	0.1571
0.9519	-0.02745	0.1437
0.8306	-0.03058	0.1629
0.7788	-0.04398	0.1704
0.8473	-0.06641	0.1734
0.7956	-0.07307	0.2269
0.8396	-0.109	0.2183
0.9303	-0.0973	0.2273
0.9629	-0.04526	0.2715
1.048	-0.02197	0.306
1.061	-0.05608	0.3475
1.075	-0.1472	0.3024
1.155	-0.1567	0.268
1.235	-0.06629	0.2905
1.345	-0.0242	0.2457
1.332	-0.1531	0.1522
1.15	-0.3446	0.06253
0.9214	-0.3395	0.04262
0.8468	-0.2572	0.07377
0.971	-0.2551	0.09368
1.012	-0.2414	0.1355
1.002	-0.2558	0.1531
1.004	-0.2749	0.1281
0.9077	-0.2559	0.1217
0.8295	-0.2337	0.1109
0.7847	-0.1498	0.09028
0.7903	-0.056	0.09255
0.8655	-0.006541	0.09542
0.9028	0.02604	0.09494
0.9288	0.05551	0.1072
0.9471	0.1125	0.1182
0.9495	0.1162	0.1254
0.9661	0.07097	0.1348
0.9986	0.07838	0.156
1.037	0.08499	0.1708
1.037	0.09868	0.1509
1.085	0.1382	0.1328
1.199	0.1501	0.1366
1.287	0.1876	0.1677
1.34	0.1917	0.2337
1.349	-0.0003006	0.2647
1.372	-0.2813	0.2133
1.296	-0.4295	0.1097
1.018	-0.4695	0.03129
0.7713	-0.4207	0.05505
0.7151	-0.211	0.09445
0.9423	-0.04314	0.06239
1.3	-0.04404	0.05154
1.374	-0.06312	0.0656
1.165	-0.06025	0.08648
0.9052	-0.04271	0.1439
0.7599	-0.03198	0.1251
0.7702	-0.03285	0.08881
0.8083	-0.02911	0.132
0.8254	-0.05563	0.1426
0.8064	-0.06593	0.174
0.7958	-0.08701	0.2258
0.8558	-0.1101	0.2206
0.9296	-0.05098	0.2532
0.991	0.001357	0.2882
1.035	0.01213	0.2836
1.092	0.004979	0.2841
1.127	-0.02161	0.2825
1.066	-0.04942	0.2927
1.046	-0.06724	0.3027
0.9519	-0.02745	0.1437
0.8306	-0.03058	0.1629
0.7788	-0.04398	0.1704
0.8473	-0.06641	0.1734
0.7956	-0.07307	0.2269
0.8396	-0.109	0.2183
0.9303	-0.0973	0.2273
0.9629	-0.04526	0.2715
1.048	-0.02197	0.306
1.061	-0.05608	0.3475
1.075	-0.1472	0.3024
1.155	-0.1567	0.268
1.235	-0.06629	0.2905
1.345	-0.0242	0.2457
1.332	-0.1531	0.1522
1.15	-0.3446	0.06253
0.9214	-0.3395	0.04262
0.8468	-0.2572	0.07377
0.971	-0.2551	0.09368
1.012	-0.2414	0.1355
1.002	-0.2558	0.1531
1.004	-0.2749	0.1281
0.9077	-0.2559	0.1217
0.8295	-0.2337	0.1109
0.7847	-0.1498	0.09028
0.7903	-0.056	0.09255
0.8655	-0.006541	0.09542
0.9028	0.02604	0.09494
0.9288	0.05551	0.1072
0.9471	0.1125	0.1182
0.9495	0.1162	0.1254
0.9661	0.07097	0.1348
0.9986	0.07838	0.156
1.037	0.08499	0.1708
1.037	0.09868	0.1509
1.085	0.1382	0.1328
1.199	0.1501	0.1366
1.287	0.1876	0.1677
1.34	0.1917	0.2337
1.349	-0.0003006	0.2647
1.372	-0.2813	0.2133
1.296	-0.4295	0.1097
1.018	-0.4695	0.03129
0.7713	-0.4207	0.05505
0.7151	-0.211	0.09445
0.9423	-0.04314	0.06239
1.3	-0.04404	0.05154
1.374	-0.06312	0.0656
1.165	-0.06025	0.08648
0.9052	-0.04271	0.1439
0.7599	-0.03198	0.1251
0.7702	-0.03285	0.08881
0.8083	-0.02911	0.132
0.8254	-0.05563	0.1426
0.8064	-0.06593	0.174
0.7958	-0.08701	0.2258
0.8558	-0.1101	0.2206
0.9296	-0.05098	0.2532
0.991	0.001357	0.2882
1.035	0.01213	0.2836
1.092	0.004979	0.2841
1.127	-0.02161	0.2825
1.066	-0.04942	0.2927
1.046	-0.06724	0.3027
1.162	-0.06176	0.29
1.355	-0.1233	0.1961
1.44	-0.2474	0.05764
1.208	-0.2994	0.03838
0.8947	-0.2666	0.06187
0.8586	-0.1995	0.04172
0.9779	-0.1649	0.08474
1.01	-0.1981	0.1426
0.9775	-0.2597	0.145
0.9461	-0.2722	0.1411
0.8984	-0.2319	0.1206
0.8469	-0.1996	0.09341
0.8311	-0.151	0.09284
0.8359	-0.105	0.09757
0.8481	-0.06462	0.09887
0.8849	0.003602	0.1001
0.9063	0.02616	0.1052
0.9109	0.01825	0.1074
0.9483	0.02074	0.1077
0.9971	0.02644	0.1284
1.03	0.05587	0.1591
1.04	0.07873	0.1744
1.086	0.1053	0.159
1.208	0.1959	0.1504
1.27	0.3347	0.1881
1.265	0.348	0.2224
1.338	0.1097	0.2228
1.403	-0.1929	0.1813
1.269	-0.3865	0.05653
1.028	-0.4807	-0.06136
0.8536	-0.4056	-4.576e-05
0.7608	-0.2114	0.1075
0.9271	-0.1378	0.06515
1.303	-0.1305	0.0384
1.408	-0.07334	0.05829
1.223	-0.05253	0.04189
0.9806	-0.02146	0.08087
0.7334	-0.02126	0.0814
0.6717	-0.05646	0.05874
0.806	-0.0291	0.1092
0.9137	-0.05625	0.14
0.9102	-0.07294	0.1944
0.845	-0.06703	0.2301
0.7925	-0.1265	0.2193
0.7929	-0.1159	0.2419
0.8609	-0.07816	0.2182
0.9652	-0.04089	0.2086
1.091	-0.01328	0.2562
1.153	-0.06668	0.2894
1.092	-0.1076	0.3228
1.074	-0.1379	0.3377
1.112	-0.1152	0.3494
1.162	-0.003669	0.3119
1.298	0.02583	0.186
1.361	-0.1589	0.0568
1.212	-0.4238	-0.0277
0.9869	-0.4235	-0.01753
0.8977	-0.2852	0.0176
1.002	-0.2555	0.03142
1.081	-0.1822	0.09975
0.9866	-0.2079	0.1398
0.8985	-0.3257	0.1333
0.9	-0.3108	0.1129
0.8871	-0.3136	0.05076
1.162	-0.06176	0.29
1.355	-0.1233	0.1961
1.44	-0.2474	0.05764
1.208	-0.2994	0.03838
0.8947	-0.2666	0.06187
0.8586	-0.1995	0.04172
0.9779	-0.1649	0.08474
1.01	-0.1981	0.1426
0.9775	-0.2597	0.145
0.9461	-0.2722	0.1411
0.8984	-0.2319	0.1206
0.8469	-0.1996	0.09341
0.8311	-0.151	0.09284
0.8359	-0.105	0.09757
0.8481	-0.06462	0.09887
0.8849	0.003602	0.1001
0.9063	0.02616	0.1052
0.9109	0.01825	0.1074
0.9483	0.02074	0.1077
0.9971	0.02644	0.1284
1.03	0.05587	0.1591
1.04	0.07873	0.1744
1.086	0.1053	0.159
1.208	0.1959	0.1504
1.27	0.3347	0.1881
1.265	0.348	0.2224
1.338	0.1097	0.2228
1.403	-0.1929	0.1813
1.269	-0.3865	0.05653
1.028	-0.4807	-0.06136
0.8536	-0.4056	-4.576e-05
0.7608	-0.2114	0.1075
0.9271	-0.1378	0.06515
1.303	-0.1305	0.0384
1.408	-0.07334	0.05829
1.223	-0.05253	0.04189
0.9806	-0.02146	0.08087
0.7334	-0.02126	0.0814
0.6717	-0.05646	0.05874
0.806	-0.0291	0.1092
0.9137	-0.05625	0.14
0.9102	-0.07294	0.1944
0.845	-0.06703	0.2301
0.7925	-0.1265	0.2193
0.7929	-0.1159	0.2419
0.8609	-0.07816	0.2182
0.9652	-0.04089	0.2086
1.091	-0.01328	0.2562
1.153	-0.06668	0.2894
1.092	-0.1076	0.3228
1.074	-0.1379	0.3377
1.112	-0.1152	0.3494
1.162	-0.003669	0.3119
1.298	0.02583	0.186
1.361	-0.1589	0.0568
1.212	-0.4238	-0.0277
0.9869	-0.4235	-0.01753
0.8977	-0.2852	0.0176
1.002	-0.2555	0.03142
1.081	-0.1822	0.09975
0.9866	-0.2079	0.1398
0.8985	-0.3257	0.1333
0.9	-0.3108	0.1129
0.8871	-0.3136	0.05076
0.8809	-0.2623	0.03743
0.8745	-0.1188	0.05146
0.8671	-0.04948	0.0488
0.908	0.01397	0.08779
0.9219	0.04301	0.1046
0.9229	0.05026	0.09702
0.9407	0.08639	0.1079
0.9563	0.1019	0.1126
0.9866	0.1416	0.149
0.989	0.141	0.1766
1.028	0.09216	0.1421
1.109	0.09122	0.1209
1.15	0.1621	0.1416
1.21	0.2543	0.1576
1.237	0.1937	0.1581
1.224	0.01068	0.1722
1.243	-0.1879	0.1586
1.141	-0.3604	0.06157
0.9196	-0.3525	-0.01751
0.8538	-0.2594	0.03424
1.012	-0.2085	0.1078
1.26	-0.1645	0.08039
1.393	-0.1317	0.06897
1.29	-0.01953	0.09669
1.1	0.04942	0.06871
0.9206	-0.02172	0.05255
0.755	-0.02912	0.03863
0.7415	-0.02799	0.03679
0.824	-0.0774	0.1087
0.8425	-0.09073	0.1562
0.8538	-0.1021	0.1754
0.8595	-0.1032	0.1848
0.858	-0.1127	0.1764
0.8913	-0.1307	0.1886
0.9012	-0.1174	0.1948
0.9501	-0.08327	0.2297
1.047	-0.02566	0.2767
1.072	-0.01757	0.2868
1.055	-0.05954	0.2937
1.068	-0.05974	0.2851
1.145	-0.01767	0.2759
1.276	0.04885	0.2416
1.333	0.03108	0.1543
1.181	-0.1838	0.06954
0.9784	-0.402	0.01586
0.9822	-0.3653	0.007874
1.051	-0.2439	-0.002738
1.069	-0.2443	-0.006923
1.108	-0.2127	0.04652
1.058	-0.2039	0.09681
0.9561	-0.2869	0.1451
0.9002	-0.2996	0.1683
0.8209	-0.3107	0.1291
0.7648	-0.2595	0.1014
0.7803	-0.1041	0.06921
0.8434	-0.008318	0.02901
0.9348	0.08949	0.02479
0.9666	0.1245	0.02749
0.9199	0.08306	0.06799
0.9045	0.09146	0.1333
0.9505	0.0733	0.1498
0.9888	0.06441	0.1567
1.003	0.07699	0.1695
1.027	0.0801	0.1488
0.8809	-0.2623	0.03743
0.8745	-0.1188	0.05146
0.8671	-0.04948	0.0488
0.908	0.01397	0.08779
0.9219	0.04301	0.1046
0.9229	0.05026	0.09702
0.9407	0.08639	0.1079
0.9563	0.1019	0.1126
0.9866	0.1416	0.149
0.989	0.141	0.1766
1.028	0.09216	0.1421
1.109	0.09122	0.1209
1.15	0.1621	0.1416
1.21	0.2543	0.1576
1.237	0.1937	0.1581
1.224	0.01068	0.1722
1.243	-0.1879	0.1586
1.141	-0.3604	0.06157
0.9196	-0.3525	-0.01751
0.8538	-0.2594	0.03424
1.012	-0.2085	0.1078
1.26	-0.1645	0.08039
1.393	-0.1317	0.06897
1.29	-0.01953	0.09669
1.1	0.04942	0.06871
0.9206	-0.02172	0.05255
0.755	-0.02912	0.03863
0.7415	-0.02799	0.03679
0.824	-0.0774	0.1087
0.8425	-0.09073	0.1562
0.8538	-0.1021	0.1754
0.8595	-0.1032	0.1848
0.858	-0.1127	0.1764
0.8913	-0.1307	0.1886
0.9012	-0.1174	0.1948
0.9501	-0.08327	0.2297
1.047	-0.02566	0.2767
1.072	-0.01757	0.2868
1.055	-0.05954	0.2937
1.068	-0.05974	0.2851
1.145	-0.01767	0.2759
1.276	0.04885	0.2416
1.333	0.03108	0.1543
1.181	-0.1838	0.06954
0.9784	-0.402	0.01586
0.9822	-0.3653	0.007874
1.051	-0.2439	-0.002738
1.069	-0.2443	-0.006923
1.108	-0.2127	0.04652
1.058	-0.2039	0.09681
0.9561	-0.2869	0.1451
0.9002	-0.2996	0.1683
0.8209	-0.3107	0.1291
0.7648	-0.2595	0.1014
0.7803	-0.1041	0.06921
0.8434	-0.008318	0.02901
0.9348	0.08949	0.02479
0.9666	0.1245	0.02749
0.9199	0.08306	0.06799
0.9045	0.09146	0.1333
0.9505	0.0733	0.1498
0.9888	0.06441	0.1567
1.003	0.07699	0.1695
1.027	0.0801	0.1488
1.115	0.1124	0.1288
1.25	0.1229	0.1332
1.304	0.1113	0.1474
1.304	0.03912	0.1837
1.352	-0.1193	0.1991
1.317	-0.2739	0.1334
1.113	-0.3698	0.03843
0.8648	-0.3773	0.01062
0.7441	-0.3151	0.06563
0.8794	-0.2301	0.1151
1.15	-0.1775	0.1069
1.352	-0.1553	0.07296
1.386	-0.07768	0.04386
1.193	-0.01244	0.05428
0.919	-0.0623	0.07147
0.6982	-0.1058	0.0555
0.691	-0.08358	0.06485
0.8926	-0.09484	0.1041
0.9117	-0.1013	0.1433
0.845	-0.08182	0.1877
0.8339	-0.09322	0.2307
0.7796	-0.09424	0.257
0.872	-0.1139	0.2222
0.9351	-0.1286	0.1898
0.926	-0.03731	0.2434
1.037	0.0338	0.2715
1.093	-0.06214	0.2337
1.094	-0.2085	0.2101
1.078	-0.1964	0.2136
1.105	-0.02929	0.2418
1.223	0.08601	0.2457
1.289	-0.05556	0.1578
1.212	-0.3531	0.04305
1.019	-0.4564	0.03203
0.9666	-0.3933	0.06649
1.021	-0.3639	0.04346
1.029	-0.291	0.05661
1.097	-0.1685	0.09429
1.083	-0.1481	0.09391
1.014	-0.2331	0.1193
0.9603	-0.2592	0.1402
0.8389	-0.2619	0.1353
0.7909	-0.275	0.1096
0.7873	-0.1747	0.06223
0.8251	-0.05931	0.05087
0.9218	0.02662	0.05348
0.9367	0.05651	0.06269
0.9218	0.01194	0.09018
0.9246	0.03053	0.1001
0.9493	0.0291	0.1049
1.004	0.03438	0.1135
1.042	0.09223	0.1234
1.066	0.08232	0.1174
1.092	0.09941	0.1072
1.135	0.1446	0.1327
1.149	0.1679	0.1577
1.149	0.1462	0.1706
1.221	0.006898	0.1752
1.28	-0.1581	0.1542
1.219	-0.2742	0.1115
1.036	-0.313	0.0297
0.8583	-0.3146	-0.03012
0.8693	-0.3023	0.02014
1.046	-0.2115	0.09781
1.115	0.1124	0.1288
1.25	0.1229	0.1332
1.304	0.1113	0.1474
1.304	0.03912	0.1837
1.352	-0.1193	0.1991
1.317	-0.2739	0.1334
1.113	-0.3698	0.03843
0.8648	-0.3773	0.01062
0.7441	-0.3151	0.06563
0.8794	-0.2301	0.1151
1.15	-0.1775	0.1069
1.352	-0.1553	0.07296
1.386	-0.07768	0.04386
1.193	-0.01244	0.05428
0.919	-0.0623	0.07147
0.6982	-0.1058	0.0555
0.691	-0.08358	0.06485
0.8926	-0.09484	0.1041
0.9117	-0.1013	0.1433
0.845	-0.08182	0.1877
0.8339	-0.09322	0.2307
0.7796	-0.09424	0.257
0.872	-0.1139	0.2222
0.9351	-0.1286	0.1898
0.926	-0.03731	0.2434
1.037	0.0338	0.2715
1.093	-0.06214	0.2337
1.094	-0.2085	0.2101
1.078	-0.1964	0.2136
1.105	-0.02929	0.2418
1.223	0.08601	0.2457
1.289	-0.05556	0.1578
1.212	-0.3531	0.04305
1.019	-0.4564	0.03203
0.9666	-0.3933	0.06649
1.021	-0.3639	0.04346
1.029	-0.291	0.05661
1.097	-0.1685	0.09429
1.083	-0.1481	0.09391
1.014	-0.2331	0.1193
0.9603	-0.2592	0.1402
0.8389	-0.2619	0.1353
0.7909	-0.275	0.1096
0.7873	-0.1747	0.06223
0.8251	-0.05931	0.05087
0.9218	0.02662	0.05348
0.9367	0.05651	0.06269
0.9218	0.01194	0.09018
0.9246	0.03053	0.1001
0.9493	0.0291	0.1049
1.004	0.03438	0.1135
1.042	0.09223	0.1234
1.066	0.08232	0.1174
1.092	0.09941	0.1072
1.135	0.1446	0.1327
1.149	0.1679	0.1577
1.149	0.1462	0.1706
1.221	0.006898	0.1752
1.28	-0.1581	0.1542
1.219	-0.2742	0.1115
1.036	-0.313	0.0297
0.8583	-0.3146	-0.03012
0.8693	-0.3023	0.02014
1.046	-0.2115	0.09781
1.213	-0.1542	0.103
1.278	-0.1298	0.09092
1.267	-0.04826	0.09565
1.176	-0.01513	0.08986
0.9724	-0.05853	0.09829
0.7953	-0.0888	0.1144
0.816	-0.0472	0.1196
0.8961	-0.004578	0.114
0.8744	-0.01016	0.1023
0.8543	-0.006892	0.1297
0.8423	-0.02342	0.175
0.8361	-0.06348	0.2087
0.8936	-0.1196	0.2384
0.9151	-0.1563	0.2374
0.9321	-0.09043	0.2307
0.9924	-0.003246	0.2396
1.063	0.03552	0.2556
1.132	0.02161	0.2884
1.121	-0.01971	0.3303
1.123	0.0007844	0.3744
1.169	0.08302	0.3691
1.195	0.1501	0.295
1.262	0.04495	0.1991
1.222	-0.1879	0.1069
1.049	-0.3213	0.07048
0.9378	-0.3997	0.03191
0.9218	-0.382	-0.04001
0.9918	-0.2323	0.0131
1.027	-0.1602	0.09592
1.006	-0.1562	0.1022
1.024	-0.1939	0.1566
0.9856	-0.2403	0.1656
0.9044	-0.2144	0.1189
0.8416	-0.2005	0.1191
0.8081	-0.1486	0.09118
0.8419	-0.09121	0.07617
0.8751	-0.08237	0.08122
0.9218	-0.02263	0.06904
0.955	0.006727	0.09517
0.9253	0.01252	0.1201
0.9485	0.02664	0.1422
0.992	0.01523	0.1602
1.011	0.03169	0.1529
1.05	0.02924	0.1554
1.106	0.0459	0.1482
1.194	0.1168	0.1679
1.228	0.1499	0.2155
1.234	0.1028	0.2214
1.325	-0.05668	0.2019
1.364	-0.2563	0.1367
1.28	-0.3757	0.04316
1.098	-0.3664	0.02248
0.808	-0.317	0.06735
0.6687	-0.2978	0.09845
0.9208	-0.1931	0.09934
1.254	-0.08258	0.08222
1.316	-0.06623	0.05196
1.214	-0.05375	0.06262
1.058	-0.07656	0.1035
0.8603	-0.09889	0.1196
0.7899	-0.05592	0.1251
0.8607	-0.01662	0.106
0.866	-0.01509	0.09418
0.7906	-0.04694	0.1164
1.213	-0.1542	0.103
1.278	-0.1298	0.09092
1.267	-0.04826	0.09565
1.176	-0.01513	0.08986
0.9724	-0.05853	0.09829
0.7953	-0.0888	0.1144
0.816	-0.0472	0.1196
0.8961	-0.004578	0.114
0.8744	-0.01016	0.1023
0.8543	-0.006892	0.1297
0.8423	-0.02342	0.175
0.8361	-0.06348	0.2087
0.8936	-0.1196	0.2384
0.9151	-0.1563	0.2374
0.9321	-0.09043	0.2307
0.9924	-0.003246	0.2396
1.063	0.03552	0.2556
1.132	0.02161	0.2884
1.121	-0.01971	0.3303
1.123	0.0007844	0.3744
1.169	0.08302	0.3691
1.195	0.1501	0.295
1.262	0.04495	0.1991
1.222	-0.1879	0.1069
1.049	-0.3213	0.07048
0.9378	-0.3997	0.03191
0.9218	-0.382	-0.04001
0.9918	-0.2323	0.0131
1.027	-0.1602	0.09592
1.006	-0.1562	0.1022
1.024	-0.1939	0.1566
0.9856	-0.2403	0.1656
0.9044	-0.2144	0.1189
0.8416	-0.2005	0.1191
0.8081	-0.1486	0.09118
0.8419	-0.09121	0.07617
0.8751	-0.08237	0.08122
0.9218	-0.02263	0.06904
0.955	0.006727	0.09517
0.9253	0.01252	0.1201
0.9485	0.02664	0.1422
0.992	0.01523	0.1602
1.011	0.03169	0.1529
1.05	0.02924	0.1554
1.106	0.0459	0.1482
1.194	0.1168	0.1679
1.228	0.1499	0.2155
1.234	0.1028	0.2214
1.325	-0.05668	0.2019
1.364	-0.2563	0.1367
1.28	-0.3757	0.04316
1.098	-0.3664	0.02248
0.808	-0.317	0.06735
0.6687	-0.2978	0.09845
0.9208	-0.1931	0.09934
1.254	-0.08258	0.08222
1.316	-0.06623	0.05196
1.214	-0.05375	0.06262
1.058	-0.07656	0.1035
0.8603	-0.09889	0.1196
0.7899	-0.05592	0.1251
0.8607	-0.01662	0.106
0.866	-0.01509	0.09418
0.7906	-0.04694	0.1164
0.7731	-0.07984	0.1447
0.815	-0.1028	0.2038
0.8752	-0.1112	0.2434
0.9267	-0.1034	0.2515
0.9499	-0.0959	0.2753
1.016	-0.05817	0.2793
1.087	-0.03247	0.2891
1.091	-0.06382	0.3085
1.088	-0.07445	0.3032
1.117	-0.01374	0.3002
1.227	0.05154	0.2617
1.386	0.04279	0.1598
1.428	-0.01878	0.08776
1.262	-0.1756	0.09314
1.027	-0.3653	0.07738
0.9061	-0.2935	0.03146
0.8791	-0.104	0.03867
0.9438	-0.1052	0.03712
1.055	-0.1545	0.04079
1.062	-0.2097	0.1079
1.025	-0.2656	0.1341
0.9767	-0.2409	0.1309
0.8781	-0.2399	0.1395
0.834	-0.1809	0.1117
0.8275	-0.07769	0.07578
0.822	-0.05672	0.05324
0.8765	-0.03291	0.06004
0.9189	-0.03126	0.07549
0.9122	-0.008763	0.07464
0.9169	0.02644	0.09511
0.9474	0.01351	0.09905
0.9994	0.04938	0.1094
1.02	0.05171	0.149
1.029	0.05161	0.1333
1.122	0.1103	0.1069
1.243	0.1479	0.1176
1.281	0.1788	0.1572
1.265	0.1123	0.2229
1.284	-0.0169	0.2208
1.292	-0.125	0.1543
1.158	-0.2418	0.08493
0.8955	-0.2899	0.01398
0.681	-0.2843	0.02379
0.7233	-0.2357	0.07463
0.9862	-0.1576	0.07516
1.271	-0.1375	0.09175
1.413	-0.1144	0.09059
1.287	-0.05478	0.07266
1.078	-0.02103	0.1051
0.9106	-0.03432	0.1123
0.7639	-0.04584	0.1095
0.8188	-0.04255	0.1218
0.8553	-0.07719	0.1212
0.7721	-0.1147	0.1536
0.8141	-0.135	0.1953
0.8121	-0.1322	0.2204
0.8439	-0.1041	0.2264
0.9534	-0.115	0.2194
0.9177	-0.1016	0.2388
0.9418	-0.01247	0.2824
1.022	0.07173	0.3428
1.049	0.08561	0.3597
1.1	0.04206	0.3379
1.111	0.02358	0.3582
0.7731	-0.07984	0.1447
0.815	-0.1028	0.2038
0.8752	-0.1112	0.2434
0.9267	-0.1034	0.2515
0.9499	-0.0959	0.2753
1.016	-0.05817	0.2793
1.087	-0.03247	0.2891
1.091	-0.06382	0.3085
1.088	-0.07445	0.3032
1.117	-0.01374	0.3002
1.227	0.05154	0.2617
1.386	0.04279	0.1598
1.428	-0.01878	0.08776
1.262	-0.1756	0.09314
1.027	-0.3653	0.07738
0.9061	-0.2935	0.03146
0.8791	-0.104	0.03867
0.9438	-0.1052	0.03712
1.055	-0.1545	0.04079
1.062	-0.2097	0.1079
1.025	-0.2656	0.1341
0.9767	-0.2409	0.1309
0.8781	-0.2399	0.1395
0.834	-0.1809	0.1117
0.8275	-0.07769	0.07578
0.822	-0.05672	0.05324
0.8765	-0.03291	0.06004
0.9189	-0.03126	0.07549
0.9122	-0.008763	0.07464
0.9169	0.02644	0.09511
0.9474	0.01351	0.09905
0.9994	0.04938	0.1094
1.02	0.05171	0.149
1.029	0.05161	0.1333
1.122	0.1103	0.1069
1.243	0.1479	0.1176
1.281	0.1788	0.1572
1.265	0.1123	0.2229
1.284	-0.0169	0.2208
1.292	-0.125	0.1543
1.158	-0.2418	0.08493
0.8955	-0.2899	0.01398
0.681	-0.2843	0.02379
0.7233	-0.2357	0.07463
0.9862	-0.1576	0.07516
1.271	-0.1375	0.09175
1.413	-0.1144	0.09059
1.287	-0.05478	0.07266
1.078	-0.02103	0.1051
0.9106	-0.03432	0.1123
0.7639	-0.04584	0.1095
0.8188	-0.04255	0.1218
0.8553	-0.07719	0.1212
0.7721	-0.1147	0.1536
0.8141	-0.135	0.1953
0.8121	-0.1322	0.2204
0.8439	-0.1041	0.2264
0.9534	-0.115	0.2194
0.9177	-0.1016	0.2388
0.9418	-0.01247	0.2824
1.022	0.07173	0.3428
1.049	0.08561	0.3597
1.1	0.04206	0.3379
1.111	0.02358	0.3582
1.135	0.0003462	0.3783
1.165	-0.01626	0.3814
1.173	0.007734	0.3286
1.219	-0.05076	0.1921
1.2	-0.1467	0.1139
1.104	-0.3036	0.06796
1.045	-0.5123	-0.01966
1.045	-0.4373	-0.002789
1.02	-0.2232	0.1034
0.9516	-0.1762	0.1606
0.9828	-0.1771	0.1917
1.038	-0.2523	0.1863
0.966	-0.342	0.1388
0.88	-0.2972	0.1142
0.8012	-0.2313	0.0907
0.7646	-0.1297	0.08631
0.8665	-0.0348	0.09716
0.9473	-0.03414	0.08295
0.9606	0.00931	0.1014
0.9503	0.06895	0.12
0.9089	0.07422	0.1275
0.9306	0.05152	0.1497
0.9765	0.002111	0.1539
1.025	-0.009008	0.1805
1.075	0.01902	0.1866
1.106	0.07674	0.171
1.202	0.1492	0.1985
1.24	0.1484	0.2209
1.229	0.09147	0.268
1.313	0.01065	0.3057
1.328	-0.1275	0.2327
1.23	-0.2977	0.1029
1.054	-0.3712	-6.038e-05
0.8082	-0.3165	-0.01265
0.7314	-0.2728	0.02483
0.9269	-0.1949	0.0385
1.207	-0.05893	0.06288
1.336	-0.07142	0.0689
1.266	-0.09081	0.05024
1.159	0.01529	0.07292
1.01	-0.01743	0.08272
0.7877	-0.07241	0.06968
0.7497	-0.01445	0.09045
0.8777	-0.0471	0.1213
0.8761	-0.06319	0.1665
0.8309	-0.06463	0.2072
0.8294	-0.1473	0.223
0.8344	-0.147	0.2434
0.8893	-0.1145	0.2298
0.8972	-0.09509	0.2046
0.9246	-0.06893	0.2156
1.036	-0.0708	0.2407
1.085	-0.04892	0.2754
1.084	-0.06726	0.2787
1.09	-0.08307	0.2781
1.125	-0.001232	0.3126
1.155	0.1198	0.2995
1.201	0.1827	0.2286
1.269	-0.003277	0.1271
1.192	-0.3062	0.03898
1.067	-0.405	0.02013
0.9921	-0.354	0.01364
0.9346	-0.2494	0.03714
0.9882	-0.1417	0.1056
1.135	0.0003462	0.3783
1.165	-0.01626	0.3814
1.173	0.007734	0.3286
1.219	-0.05076	0.1921
1.2	-0.1467	0.1139
1.104	-0.3036	0.06796
1.045	-0.5123	-0.01966
1.045	-0.4373	-0.002789
1.02	-0.2232	0.1034
0.9516	-0.1762	0.1606
0.9828	-0.1771	0.1917
1.038	-0.2523	0.1863
0.966	-0.342	0.1388
0.88	-0.2972	0.1142
0.8012	-0.2313	0.0907
0.7646	-0.1297	0.08631
0.8665	-0.0348	0.09716
0.9473	-0.03414	0.08295
0.9606	0.00931	0.1014
0.9503	0.06895	0.12
0.9089	0.07422	0.1275
0.9306	0.05152	0.1497
0.9765	0.002111	0.1539
1.025	-0.009008	0.1805
1.075	0.01902	0.1866
1.106	0.07674	0.171
1.202	0.1492	0.1985
1.24	0.1484	0.2209
1.229	0.09147	0.268
1.313	0.01065	0.3057
1.328	-0.1275	0.2327
1.23	-0.2977	0.1029
1.054	-0.3712	-6.038e-05
0.8082	-0.3165	-0.01265
0.7314	-0.2728	0.02483
0.9269	-0.1949	0.0385
1.207	-0.05893	0.06288
1.336	-0.07142	0.0689
1.266	-0.09081	0.05024
1.159	0.01529	0.07292
1.01	-0.01743	0.08272
0.7877	-0.07241	0.06968
0.7497	-0.01445	0.09045
0.8777	-0.0471	0.1213
0.8761	-0.06319	0.1665
0.8309	-0.06463	0.2072
0.8294	-0.1473	0.223
0.8344	-0.147	0.2434
0.8893	-0.1145	0.2298
0.8972	-0.09509	0.2046
0.9246	-0.06893	0.2156
1.036	-0.0708	0.2407
1.085	-0.04892	0.2754
1.084	-0.06726	0.2787
1.09	-0.08307	0.2781
1.125	-0.001232	0.3126
1.155	0.1198	0.2995
1.201	0.1827	0.2286
1.269	-0.003277	0.1271
1.192	-0.3062	0.03898
1.067	-0.405	0.02013
0.9921	-0.354	0.01364
0.9346	-0.2494	0.03714
0.9882	-0.1417	0.1056
1.019	-0.1626	0.141
0.9813	-0.2591	0.1642
0.9645	-0.3078	0.1625
0.9052	-0.3165	0.1338
0.8529	-0.2546	0.1133
0.8143	-0.1313	0.0583
0.8114	-0.06432	0.03825
0.9019	-0.04332	0.06435
0.9502	-0.02152	0.06515
0.9417	0.02523	0.1002
0.9395	0.08819	0.1217
0.9423	0.0703	0.1094
0.9842	0.01714	0.1542
1.021	-0.01125	0.1905
1.046	-0.01795	0.1782
1.121	0.03291	0.149
1.235	0.1027	0.13
1.289	0.1796	0.1814
1.258	0.1748	0.2441
1.266	-0.004652	0.2309
1.276	-0.2253	0.1593
1.174	-0.3764	0.04849
0.9766	-0.4099	-0.03541
0.7632	-0.3558	-0.002622
0.7756	-0.2562	0.06248
1.055	-0.1036	0.06746
1.335	-0.0492	0.07193
1.419	-0.07722	0.07646
1.22	-0.03342	0.09161
0.9564	-0.01167	0.1238
0.8347	-0.03194	0.102
0.7973	-0.01744	0.08736
0.8555	-0.02211	0.08898
0.8779	-0.0452	0.07791
0.8221	-0.06194	0.1092
0.8107	-0.1117	0.1466
0.781	-0.1486	0.1975
0.8125	-0.1482	0.2393
0.8858	-0.1632	0.2323
0.8883	-0.1535	0.2467
0.956	-0.1008	0.2594
1.066	-0.06366	0.2768
1.121	-0.0759	0.3106
1.114	-0.1029	0.3069
1.103	-0.06285	0.3158
1.165	0.02227	0.3293
1.23	0.08445	0.2672
1.275	0.03061	0.148
1.216	-0.1879	0.0694
1.04	-0.3814	0.0595
0.9598	-0.4003	0.03469
0.949	-0.2835	0.01271
0.9759	-0.1706	0.05325
1.04	-0.1607	0.1017
1.027	-0.1835	0.1312
0.997	-0.232	0.1645
0.9387	-0.2753	0.1857
0.8511	-0.2466	0.1613
0.8236	-0.1984	0.1019
0.8006	-0.1343	0.06232
0.8264	-0.08721	0.05472
0.8904	-0.05936	0.05163
0.8962	-0.01983	0.0594
0.9079	0.01124	0.09043
1.019	-0.1626	0.141
0.9813	-0.2591	0.1642
0.9645	-0.3078	0.1625
0.9052	-0.3165	0.1338
0.8529	-0.2546	0.1133
0.8143	-0.1313	0.0583
0.8114	-0.06432	0.03825
0.9019	-0.04332	0.06435
0.9502	-0.02152	0.06515
0.9417	0.02523	0.1002
0.9395	0.08819	0.1217
0.9423	0.0703	0.1094
0.9842	0.01714	0.1542
1.021	-0.01125	0.1905
1.046	-0.01795	0.1782
1.121	0.03291	0.149
1.235	0.1027	0.13
1.289	0.1796	0.1814
1.258	0.1748	0.2441
1.266	-0.004652	0.2309
1.276	-0.2253	0.1593
1.174	-0.3764	0.04849
0.9766	-0.4099	-0.03541
0.7632	-0.3558	-0.002622
0.7756	-0.2562	0.06248
1.055	-0.1036	0.06746
1.335	-0.0492	0.07193
1.419	-0.07722	0.07646
1.22	-0.03342	0.09161
0.9564	-0.01167	0.1238
0.8347	-0.03194	0.102
0.7973	-0.01744	0.08736
0.8555	-0.02211	0.08898
0.8779	-0.0452	0.07791
0.8221	-0.06194	0.1092
0.8107	-0.1117	0.1466
0.781	-0.1486	0.1975
0.8125	-0.1482	0.2393
0.8858	-0.1632	0.2323
0.8883	-0.1535	0.2467
0.956	-0.1008	0.2594
1.066	-0.06366	0.2768
1.121	-0.0759	0.3106
1.114	-0.1029	0.3069
1.103	-0.06285	0.3158
1.165	0.02227	0.3293
1.23	0.08445	0.2672
1.275	0.03061	0.148
1.216	-0.1879	0.0694
1.04	-0.3814	0.0595
0.9598	-0.4003	0.03469
0.949	-0.2835	0.01271
0.9759	-0.1706	0.05325
1.04	-0.1607	0.1017
1.027	-0.1835	0.1312
0.997	-0.232	0.1645
0.9387	-0.2753	0.1857
0.8511	-0.2466	0.1613
0.8236	-0.1984	0.1019
0.8006	-0.1343	0.06232
0.8264	-0.08721	0.05472
0.8904	-0.05936	0.05163
0.8962	-0.01983	0.0594
0.9079	0.01124	0.09043
0.9449	0.06392	0.1257
0.9851	0.06123	0.1379
1.014	0.01819	0.1446
1.008	0.03469	0.1621
1.029	0.02262	0.1547
1.128	0.03278	0.1485
1.233	0.1301	0.1676
1.251	0.1791	0.1877
1.247	0.119	0.2229
1.288	-0.01702	0.2205
1.276	-0.1337	0.1473
1.151	-0.1839	0.03739
0.9482	-0.2178	-0.05171
0.8078	-0.2502	0.01426
0.8815	-0.2843	0.1307
1.109	-0.2799	0.1246
1.337	-0.2262	0.1071
1.376	-0.129	0.1013
1.166	0.004366	0.09002
0.9476	0.0267	0.09825
0.8124	-0.02151	0.07019
0.7635	-0.01254	0.07564
0.8439	-0.05026	0.1157
0.852	-0.09549	0.1388
0.8179	-0.08614	0.1868
0.8437	-0.1153	0.2078
0.8319	-0.1374	0.2148
0.8679	-0.1207	0.2302
0.9055	-0.1082	0.2345
0.9	-0.04594	0.2689
0.9754	0.04941	0.2887
1.069	0.04345	0.2791
1.091	-0.0573	0.2554
1.061	-0.1018	0.2341
1.083	-0.03134	0.2692
1.146	0.06773	0.2893
1.2	0.05619	0.2354
1.251	-0.1096	0.1392
1.14	-0.2981	0.05585
0.9772	-0.3444	0.0306
0.9864	-0.2824	0.02783
1.044	-0.2643	0.05063
1.067	-0.2396	0.107
1.058	-0.2008	0.1448
1.021	-0.2447	0.1603
0.9696	-0.2468	0.1641
0.8816	-0.2149	0.1489
0.8075	-0.1959	0.1246
0.769	-0.09999	0.111
0.7792	-0.02209	0.1041
0.8533	0.03498	0.0854
0.9105	0.07504	0.0674
0.931	0.04706	0.08448
0.9323	0.06081	0.1217
0.943	0.06259	0.1443
0.9955	0.02692	0.1714
1.012	0.02719	0.1829
1.016	0.01922	0.1637
1.073	0.04719	0.1644
1.148	0.1447	0.1731
1.237	0.238	0.1773
1.249	0.195	0.1936
1.201	0.01353	0.2024
1.23	-0.1377	0.186
0.9449	0.06392	0.1257
0.9851	0.06123	0.1379
1.014	0.01819	0.1446
1.008	0.03469	0.1621
1.029	0.02262	0.1547
1.128	0.03278	0.1485
1.233	0.1301	0.1676
1.251	0.1791	0.1877
1.247	0.119	0.2229
1.288	-0.01702	0.2205
1.276	-0.1337	0.1473
1.151	-0.1839	0.03739
0.9482	-0.2178	-0.05171
0.8078	-0.2502	0.01426
0.8815	-0.2843	0.1307
1.109	-0.2799	0.1246
1.337	-0.2262	0.1071
1.376	-0.129	0.1013
1.166	0.004366	0.09002
0.9476	0.0267	0.09825
0.8124	-0.02151	0.07019
0.7635	-0.01254	0.07564
0.8439	-0.05026	0.1157
0.852	-0.09549	0.1388
0.8179	-0.08614	0.1868
0.8437	-0.1153	0.2078
0.8319	-0.1374	0.2148
0.8679	-0.1207	0.2302
0.9055	-0.1082	0.2345
0.9	-0.04594	0.2689
0.9754	0.04941	0.2887
1.069	0.04345	0.2791
1.091	-0.0573	0.2554
1.061	-0.1018	0.2341
1.083	-0.03134	0.2692
1.146	0.06773	0.2893
1.2	0.05619	0.2354
1.251	-0.1096	0.1392
1.14	-0.2981	0.05585
0.9772	-0.3444	0.0306
0.9864	-0.2824	0.02783
1.044	-0.2643	0.05063
1.067	-0.2396	0.107
1.058	-0.2008	0.1448
1.021	-0.2447	0.1603
0.9696	-0.2468	0.1641
0.8816	-0.2149	0.1489
0.8075	-0.1959	0.1246
0.769	-0.09999	0.111
0.7792	-0.02209	0.1041
0.8533	0.03498	0.0854
0.9105	0.07504	0.0674
0.931	0.04706	0.08448
0.9323	0.06081	0.1217
0.943	0.06259	0.1443
0.9955	0.02692	0.1714
1.012	0.02719	0.1829
1.016	0.01922	0.1637
1.073	0.04719	0.1644
1.148	0.1447	0.1731
1.237	0.238	0.1773
1.249	0.195	0.1936
1.201	0.01353	0.2024
1.23	-0.1377	0.186
1.213	-0.2428	0.1128
1.075	-0.3033	0.01016
0.8755	-0.3214	-0.01164
0.7639	-0.3115	0.06859
0.9916	-0.2285	0.1241
1.329	-0.1806	0.08958
1.41	-0.1019	0.07149
1.32	0.05539	0.09674
1.143	0.08328	0.1092
0.9082	0.04098	0.1322
0.7742	0.006487	0.139
0.809	-0.03455	0.1218
0.843	-0.04522	0.1302
0.7914	-0.05452	0.1366
0.8055	-0.04781	0.1655
0.8145	-0.06701	0.2307
0.7931	-0.1221	0.2454
0.8556	-0.1705	0.228
0.898	-0.1818	0.2349
0.9486	-0.07696	0.2534
1.014	0.04066	0.2879
1.037	0.04907	0.3174
1.065	-0.009085	0.3083
1.051	-0.03492	0.3038
1.08	0.02165	0.3394
1.146	0.06931	0.3549
1.191	0.1012	0.3054
1.314	0.119	0.2211
1.34	-0.04234	0.1512
1.163	-0.3436	0.1193
0.9842	-0.447	0.08945
0.9054	-0.2853	0.06426
0.899	-0.1555	0.07175
0.9713	-0.1326	0.08654
1.11	-0.1707	0.1276
1.125	-0.2634	0.1793
1	-0.2835	0.1823
0.8949	-0.2593	0.161
0.8022	-0.2346	0.1335
0.7905	-0.1595	0.1019
0.8612	-0.1068	0.08186
0.9123	-0.07621	0.06565
0.9583	-0.02479	0.06495
0.9442	0.03092	0.09714
0.9219	0.07362	0.1385
0.9528	0.07812	0.1555
0.9673	0.07462	0.1609
1.006	0.071	0.1719
1.03	0.05945	0.1644
1.06	0.07383	0.1477
1.181	0.1142	0.1527
1.224	0.1538	0.1772
1.189	0.1186	0.2213
1.214	-0.04366	0.2521
1.225	-0.2342	0.2157
1.149	-0.3168	0.1303
1.003	-0.3284	0.04879
0.8497	-0.3349	0.03795
0.8289	-0.2445	0.1111
1.022	-0.1078	0.1413
1.274	-0.05867	0.08364
1.327	-0.04159	0.0512
1.186	-0.02651	0.0963
1.029	-0.01511	0.148
1.035	-0.06472	0.2576
1.081	-0.06336	0.3107
1.15	-0.06789	0.3597
1.238	-0.1105	0.3544
1.29	-0.163	0.3289
1.264	-0.1937	0.2953
1.194	-0.2108	0.2251
1.093	-0.2195	0.1645
1.011	-0.1958	0.1156
0.9775	-0.1842	-0.005078
1.013	-0.2368	-0.1084
1.061	-0.2795	-0.05609
1.02	-0.2504	0.04054
0.9452	-0.1961	0.1033
0.8708	-0.1606	0.1493
0.8113	-0.1503	0.1079
0.8187	-0.1715	0.04774
0.8169	-0.2059	0.01106
0.8082	-0.2362	-0.03653
0.839	-0.2528	0.007528
0.8525	-0.2065	0.05299
0.8916	-0.1225	0.02923
0.9523	-0.07386	0.04402
0.9717	-0.05682	0.04623
1.004	-0.05789	0.06503
1.047	-0.04732	0.1067
1.072	-0.03117	0.08571
1.111	-0.01869	0.08016
1.166	0.07433	0.09023
1.202	0.2316	0.1013
1.21	0.3007	0.1579
1.233	0.1659	0.1936
1.266	-0.1044	0.1566
1.272	-0.3427	0.07761
1.143	-0.4775	0.006422
0.89	-0.4648	-0.01999
0.7913	-0.3322	0.04158
0.9473	-0.1799	0.1058
1.22	-0.09499	0.0603
1.423	-0.09782	0.04008
1.349	-0.0733	0.08544
1.171	-0.04033	0.09149
1.024	-0.02658	0.09856
0.7477	0.02746	0.1136
0.7041	0.01436	0.1086
0.8863	-0.02878	0.1084
0.7846	-0.03117	0.1155
0.7743	-0.04804	0.1288
0.8823	-0.05549	0.1617
0.8076	-0.1162	0.234
0.8717	-0.1826	0.2776
0.8776	-0.1469	0.2269
0.8489	-0.1013	0.1868
0.9847	-0.06107	0.2171
1.007	-0.02572	0.2668
1.08	-0.04679	0.3227
1.131	-0.05135	0.3374
1.122	0.003236	0.2963
1.277	0.02771	0.2714
1.307	-0.04187	0.2282
1.193	-0.1785	0.1375
1.045	-0.2839	0.06317
0.9386	-0.2802	0.01975
1	-0.2473	0.02679
1.034	-0.2496	0.06129
1.032	-0.2401	0.09542
1.038	-0.2304	0.1553
0.9901	-0.23	0.1678
0.9365	-0.2167	0.1317
0.861	-0.1901	0.1145
0.8075	-0.1401	0.08991
0.8209	-0.08823	0.07589
0.8623	-0.04876	0.06423
0.8907	-0.01769	0.04367
0.8751	-0.008115	0.06675
0.8609	0.006221	0.09796
0.891	0.01522	0.1135
0.9628	0.0004086	0.1457
1.054	0.01037	0.166
1.108	0.03746	0.1515
1.13	0.1047	0.1476
1.198	0.226	0.188
1.256	0.2829	0.2465
1.252	0.2437	0.2827
1.313	0.1221	0.2846
1.377	-0.05372	0.2625
1.264	-0.2145	0.1532
1.043	-0.381	-0.02728
0.8453	-0.4008	-0.04138
0.7632	-0.2272	0.08107
0.8631	-0.1487	0.1032
1.105	-0.1093	0.08575
1.361	-0.04918	0.08352
1.422	-0.07548	0.07318
1.187	-0.03465	0.09662
0.8999	-0.02345	0.1186
0.7586	-0.04835	0.1478
0.7336	0.02216	0.1699
0.8096	-0.006149	0.159
0.8466	-0.03445	0.168
0.822	-0.03555	0.1742
0.8545	-0.1202	0.196
0.8764	-0.1348	0.2498
0.8976	-0.1297	0.2764
0.9275	-0.08394	0.2764
0.9806	0.01484	0.2713
1.11	0.01758	0.2791
1.15	-0.03686	0.2835
1.115	-0.1046	0.2828
1.17	-0.1097	0.2899
1.289	-0.07327	0.2728
1.362	-0.1165	0.2101
1.223	-0.258	0.0713
0.9991	-0.4283	-0.0351
0.9849	-0.3929	0.01019
1.048	-0.2487	0.07091
1.045	-0.2372	0.1044
1.065	-0.2264	0.1671
1.019	-0.2221	0.1817
0.9198	-0.2388	0.1641
0.8997	-0.2229	0.1598
0.8598	-0.2566	0.1348
0.8004	-0.2422	0.1059
0.7978	-0.1962	0.06745
0.804	-0.1784	0.03414
0.8459	-0.09813	0.0485
0.8972	-0.03481	0.05835
0.9099	0.02789	0.06841
1.034	-0.2496	0.06129
1.032	-0.2401	0.09542
1.038	-0.2304	0.1553
0.9901	-0.23	0.1678
0.9365	-0.2167	0.1317
0.861	-0.1901	0.1145
0.8075	-0.1401	0.08991
0.8209	-0.08823	0.07589
0.8623	-0.04876	0.06423
0.8907	-0.01769	0.04367
0.8751	-0.008115	0.06675
0.8609	0.006221	0.09796
0.891	0.01522	0.1135
0.9628	0.0004086	0.1457
1.054	0.01037	0.166
1.108	0.03746	0.1515
1.13	0.1047	0.1476
1.198	0.226	0.188
1.256	0.2829	0.2465
1.252	0.2437	0.2827
1.313	0.1221	0.2846
1.377	-0.05372	0.2625
1.264	-0.2145	0.1532
1.043	-0.381	-0.02728
0.8453	-0.4008	-0.04138
0.7632	-0.2272	0.08107
0.8631	-0.1487	0.1032
1.105	-0.1093	0.08575
1.361	-0.04918	0.08352
1.422	-0.07548	0.07318
1.187	-0.03465	0.09662
0.8999	-0.02345	0.1186
0.7586	-0.04835	0.1478
0.7336	0.02216	0.1699
0.8096	-0.006149	0.159
0.8466	-0.03445	0.168
0.822	-0.03555	0.1742
0.8545	-0.1202	0.196
0.8764	-0.1348	0.2498
0.8976	-0.1297	0.2764
0.9275	-0.08394	0.2764
0.9806	0.01484	0.2713
1.11	0.01758	0.2791
1.15	-0.03686	0.2835
1.115	-0.1046	0.2828
1.17	-0.1097	0.2899
1.289	-0.07327	0.2728
1.362	-0.1165	0.2101
1.223	-0.258	0.0713
0.9991	-0.4283	-0.0351
0.9849	-0.3929	0.01019
1.048	-0.2487	0.07091
1.045	-0.2372	0.1044
1.065	-0.2264	0.1671
1.019	-0.2221	0.1817
0.9198	-0.2388	0.1641
0.8997	-0.2229	0.1598
0.8598	-0.2566	0.1348
0.8004	-0.2422	0.1059
0.7978	-0.1962	0.06745
0.804	-0.1784	0.03414
0.8459	-0.09813	0.0485
0.8972	-0.03481	0.05835
0.9099	0.02789	0.06841
0.948	0.0956	0.1173
1.003	0.08667	0.1547
1.029	0.09039	0.1727
1.052	0.09521	0.1896
1.107	0.09235	0.1905
1.18	0.1405	0.1887
1.236	0.2248	0.1986
1.266	0.2785	0.2
1.301	0.1339	0.183
1.33	-0.1676	0.1437
1.22	-0.4128	0.06915
0.9772	-0.4895	0.0222
0.812	-0.3629	0.08162
0.835	-0.187	0.1622
1.068	-0.09418	0.1467
1.332	-0.07631	0.07738
1.326	-0.1021	0.03731
1.093	-0.0875	0.06653
0.8705	-0.08598	0.1317
0.7604	-0.1071	0.1443
0.7867	-0.05226	0.1408
0.8526	-0.008243	0.1459
0.8593	0.01238	0.1245
0.8367	0.03187	0.1376
0.7956	0.004095	0.1621
0.7948	-0.02637	0.1799
0.8605	-0.08247	0.2216
0.9181	-0.1143	0.2414
1.017	-0.04996	0.2786
1.144	-0.01048	0.322
1.193	-0.05637	0.3248
1.145	-0.1047	0.3233
1.108	-0.09229	0.2971
1.233	-0.09515	0.236
1.331	-0.176	0.1188
1.222	-0.3048	0.01492
1.02	-0.3854	0.01836
0.862	-0.2673	0.008487
0.9321	-0.1193	-0.003122
1.067	-0.1461	0.05762
1.018	-0.1995	0.08967
0.9808	-0.2419	0.09173
0.9505	-0.2767	0.09409
0.8606	-0.2315	0.08691
0.8559	-0.1845	0.08424
0.8508	-0.155	0.08
0.8394	-0.1052	0.08535
0.8715	-0.04687	0.08436
0.8655	0.01231	0.08035
0.882	0.03681	0.08895
0.8894	0.03323	0.08545
0.8806	0.01293	0.08827
0.9453	-0.007927	0.09279
1.006	0.001906	0.09756
1.065	-0.001502	0.1271
1.131	0.00881	0.1562
1.171	0.1078	0.1712
1.222	0.2691	0.165
1.272	0.3438	0.1516
1.359	0.1807	0.1475
1.396	-0.1028	0.1307
1.235	-0.3303	0.09204
0.9681	-0.4253	0.04137
0.7632	-0.3398	0.04905
0.948	0.0956	0.1173
1.003	0.08667	0.1547
1.029	0.09039	0.1727
1.052	0.09521	0.1896
1.107	0.09235	0.1905
1.18	0.1405	0.1887
1.236	0.2248	0.1986
1.266	0.2785	0.2
1.301	0.1339	0.183
1.33	-0.1676	0.1437
1.22	-0.4128	0.06915
0.9772	-0.4895	0.0222
0.812	-0.3629	0.08162
0.835	-0.187	0.1622
1.068	-0.09418	0.1467
1.332	-0.07631	0.07738
1.326	-0.1021	0.03731
1.093	-0.0875	0.06653
0.8705	-0.08598	0.1317
0.7604	-0.1071	0.1443
0.7867	-0.05226	0.1408
0.8526	-0.008243	0.1459
0.8593	0.01238	0.1245
0.8367	0.03187	0.1376
0.7956	0.004095	0.1621
0.7948	-0.02637	0.1799
0.8605	-0.08247	0.2216
0.9181	-0.1143	0.2414
1.017	-0.04996	0.2786
1.144	-0.01048	0.322
1.193	-0.05637	0.3248
1.145	-0.1047	0.3233
1.108	-0.09229	0.2971
1.233	-0.09515	0.236
1.331	-0.176	0.1188
1.222	-0.3048	0.01492
1.02	-0.3854	0.01836
0.862	-0.2673	0.008487
0.9321	-0.1193	-0.003122
1.067	-0.1461	0.05762
1.018	-0.1995	0.08967
0.9808	-0.2419	0.09173
0.9505	-0.2767	0.09409
0.8606	-0.2315	0.08691
0.8559	-0.1845	0.08424
0.8508	-0.155	0.08
0.8394	-0.1052	0.08535
0.8715	-0.04687	0.08436
0.8655	0.01231	0.08035
0.882	0.03681	0.08895
0.8894	0.03323	0.08545
0.8806	0.01293	0.08827
0.9453	-0.007927	0.09279
1.006	0.001906	0.09756
1.065	-0.001502	0.1271
1.131	0.00881	0.1562
1.171	0.1078	0.1712
1.222	0.2691	0.165
1.272	0.3438	0.1516
1.359	0.1807	0.1475
1.396	-0.1028	0.1307
1.235	-0.3303	0.09204
0.9681	-0.4253	0.04137
0.7632	-0.3398	0.04905
0.7504	-0.2103	0.1188
0.9827	-0.1022	0.1441
1.301	-0.04762	0.1035
1.381	-0.1156	0.06199
1.16	-0.1123	0.09177
0.9323	-0.05188	0.1348
0.8172	-0.04497	0.1163
0.7936	0.01472	0.109
0.8463	0.01574	0.09746
0.85	-0.02675	0.08953
0.7979	-0.02617	0.1521
0.772	-0.0777	0.2165
0.8077	-0.1007	0.2489
0.8942	-0.1058	0.244
0.9472	-0.1066	0.2355
0.9747	-0.03405	0.2719
1.034	-0.0004124	0.3091
1.09	-0.04062	0.342
1.087	-0.1126	0.3362
1.08	-0.1224	0.2964
1.186	-0.02474	0.2474
1.332	0.02513	0.1516
1.361	-0.08715	0.1206
1.236	-0.3161	0.09685
1.014	-0.4125	-0.006759
0.9011	-0.2845	0.01928
0.9868	-0.1705	0.1009
1.065	-0.1825	0.111
1.014	-0.2593	0.1454
0.9576	-0.316	0.1397
0.9091	-0.3118	0.119
0.8285	-0.2667	0.1033
0.8065	-0.1981	0.04611
0.7876	-0.1032	0.06965
0.7898	-0.01355	0.1034
0.8742	-0.006729	0.08372
0.9016	-0.01827	0.1027
0.9187	-0.004078	0.1099
0.9486	-0.008947	0.1354
0.956	0.01381	0.1955
1.001	0.03037	0.2027
1.045	0.03034	0.1772
1.162	0.09877	0.158
1.277	0.2616	0.1725
1.256	0.4393	0.1975
1.256	0.4426	0.197
1.296	0.2362	0.1802
1.307	-0.0709	0.1352
1.222	-0.3401	0.07736
1.004	-0.408	0.02521
0.8164	-0.3317	0.04477
0.8053	-0.2526	0.1395
1.044	-0.1771	0.156
1.354	-0.116	0.1032
1.387	-0.06165	0.06947
1.165	0.01361	0.06522
0.9288	0.02039	0.07897
0.7919	-0.04003	0.05839
0.7796	-0.03756	0.06266
0.8435	-0.03555	0.1005
0.8708	-0.06925	0.1141
0.8338	-0.06961	0.1367
0.7972	-0.08517	0.1368
0.8001	-0.09578	0.1569
0.7504	-0.2103	0.1188
0.9827	-0.1022	0.1441
1.301	-0.04762	0.1035
1.381	-0.1156	0.06199
1.16	-0.1123	0.09177
0.9323	-0.05188	0.1348
0.8172	-0.04497	0.1163
0.7936	0.01472	0.109
0.8463	0.01574	0.09746
0.85	-0.02675	0.08953
0.7979	-0.02617	0.1521
0.772	-0.0777	0.2165
0.8077	-0.1007	0.2489
0.8942	-0.1058	0.244
0.9472	-0.1066	0.2355
0.9747	-0.03405	0.2719
1.034	-0.0004124	0.3091
1.09	-0.04062	0.342
1.087	-0.1126	0.3362
1.08	-0.1224	0.2964
1.186	-0.02474	0.2474
1.332	0.02513	0.1516
1.361	-0.08715	0.1206
1.236	-0.3161	0.09685
1.014	-0.4125	-0.006759
0.9011	-0.2845	0.01928
0.9868	-0.1705	0.1009
1.065	-0.1825	0.111
1.014	-0.2593	0.1454
0.9576	-0.316	0.1397
0.9091	-0.3118	0.119
0.8285	-0.2667	0.1033
0.8065	-0.1981	0.04611
0.7876	-0.1032	0.06965
0.7898	-0.01355	0.1034
0.8742	-0.006729	0.08372
0.9016	-0.01827	0.1027
0.9187	-0.004078	0.1099
0.9486	-0.008947	0.1354
0.956	0.01381	0.1955
1.001	0.03037	0.2027
1.045	0.03034	0.1772
1.162	0.09877	0.158
1.277	0.2616	0.1725
1.256	0.4393	0.1975
1.256	0.4426	0.197
1.296	0.2362	0.1802
1.307	-0.0709	0.1352
1.222	-0.3401	0.07736
1.004	-0.408	0.02521
0.8164	-0.3317	0.04477
0.8053	-0.2526	0.1395
1.044	-0.1771	0.156
1.354	-0.116	0.1032
1.387	-0.06165	0.06947
1.165	0.01361	0.06522
0.9288	0.02039	0.07897
0.7919	-0.04003	0.05839
0.7796	-0.03756	0.06266
0.8435	-0.03555	0.1005
0.8708	-0.06925	0.1141
0.8338	-0.06961	0.1367
0.7972	-0.08517	0.1368
0.8001	-0.09578	0.1569
0.8559	-0.1109	0.2087
0.9205	-0.1455	0.2189
0.9343	-0.1187	0.2318
0.9682	-0.06114	0.2474
1.088	-0.00101	0.2858
1.161	-0.001144	0.3198
1.136	-0.07932	0.2896
1.181	-0.1073	0.279
1.314	-0.1038	0.2316
1.366	-0.1496	0.1064
1.205	-0.2824	0.02295
0.9596	-0.3834	0.01609
0.9273	-0.2686	0.03549
0.9904	-0.1416	0.02522
0.9775	-0.178	0.0314
1.017	-0.2146	0.07393
0.9908	-0.226	0.1053
0.8909	-0.2514	0.122
0.8836	-0.236	0.09249
0.8476	-0.2048	0.05926
0.8157	-0.1486	0.06038
0.8539	-0.05563	0.06345
0.8701	-0.01258	0.08744
0.8938	-0.01003	0.1038
0.8947	-0.01086	0.09823
0.8922	-0.01992	0.08763
0.9616	-0.009217	0.07844
1.036	0.007183	0.1164
1.07	0.03729	0.1547
1.081	0.08414	0.1405
1.147	0.1391	0.1258
1.229	0.2257	0.1253
1.231	0.245	0.119
1.276	0.1526	0.1261
1.35	0.03843	0.1492
1.279	-0.1181	0.1391
1.078	-0.3289	0.0788
0.8757	-0.4378	0.02148
0.8443	-0.37	0.04397
0.9493	-0.2784	0.1189
1.058	-0.2092	0.1442
1.272	-0.1339	0.1264
1.386	-0.1045	0.08005
1.174	-0.02405	0.03268
0.9636	0.02969	0.04058
0.828	-0.05622	0.05498
0.7337	-0.07983	0.07336
0.8218	-0.08356	0.1093
0.8562	-0.1194	0.1272
0.8187	-0.09925	0.1494
0.8363	-0.1236	0.191
0.8079	-0.1349	0.2295
0.8435	-0.1137	0.2257
0.9232	-0.1007	0.217
0.9729	-0.02767	0.2458
1.068	-0.01519	0.2712
1.103	-0.08046	0.301
1.056	-0.1125	0.3092
1.037	-0.07913	0.2881
1.104	0.01131	0.2831
1.244	0.02482	0.238
1.327	-0.131	0.1402
1.234	-0.3804	0.04694
1.029	-0.4565	0.02472
0.8559	-0.1109	0.2087
0.9205	-0.1455	0.2189
0.9343	-0.1187	0.2318
0.9682	-0.06114	0.2474
1.088	-0.00101	0.2858
1.161	-0.001144	0.3198
1.136	-0.07932	0.2896
1.181	-0.1073	0.279
1.314	-0.1038	0.2316
1.366	-0.1496	0.1064
1.205	-0.2824	0.02295
0.9596	-0.3834	0.01609
0.9273	-0.2686	0.03549
0.9904	-0.1416	0.02522
0.9775	-0.178	0.0314
1.017	-0.2146	0.07393
0.9908	-0.226	0.1053
0.8909	-0.2514	0.122
0.8836	-0.236	0.09249
0.8476	-0.2048	0.05926
0.8157	-0.1486	0.06038
0.8539	-0.05563	0.06345
0.8701	-0.01258	0.08744
0.8938	-0.01003	0.1038
0.8947	-0.01086	0.09823
0.8922	-0.01992	0.08763
0.9616	-0.009217	0.07844
1.036	0.007183	0.1164
1.07	0.03729	0.1547
1.081	0.08414	0.1405
1.147	0.1391	0.1258
1.229	0.2257	0.1253
1.231	0.245	0.119
1.276	0.1526	0.1261
1.35	0.03843	0.1492
1.279	-0.1181	0.1391
1.078	-0.3289	0.0788
0.8757	-0.4378	0.02148
0.8443	-0.37	0.04397
0.9493	-0.2784	0.1189
1.058	-0.2092	0.1442
1.272	-0.1339	0.1264
1.386	-0.1045	0.08005
1.174	-0.02405	0.03268
0.9636	0.02969	0.04058
0.828	-0.05622	0.05498
0.7337	-0.07983	0.07336
0.8218	-0.08356	0.1093
0.8562	-0.1194	0.1272
0.8187	-0.09925	0.1494
0.8363	-0.1236	0.191
0.8079	-0.1349	0.2295
0.8435	-0.1137	0.2257
0.9232	-0.1007	0.217
0.9729	-0.02767	0.2458
1.068	-0.01519	0.2712
1.103	-0.08046	0.301
1.056	-0.1125	0.3092
1.037	-0.07913	0.2881
1.104	0.01131	0.2831
1.244	0.02482	0.238
1.327	-0.131	0.1402
1.234	-0.3804	0.04694
1.029	-0.4565	0.02472
0.9444	-0.2776	0.05938
1.018	-0.1725	0.0561
1.066	-0.2239	0.08307
1.015	-0.2679	0.1468
0.9568	-0.2863	0.1631
0.9442	-0.2788	0.1749
0.8883	-0.2425	0.1334
0.825	-0.1923	0.07216
0.8191	-0.1437	0.09145
0.8167	-0.1038	0.1035
0.8283	-0.0835	0.1013
0.8564	-0.07434	0.1032
0.9113	-0.02229	0.09002
0.9601	0.04474	0.09903
0.9499	0.07442	0.1087
0.956	0.07916	0.1248
0.9949	0.06694	0.1535
1.049	0.04274	0.1661
1.103	0.03861	0.1679
1.136	0.07078	0.1485
1.195	0.1412	0.14
1.262	0.2406	0.1872
1.307	0.2284	0.2509
1.348	0.0247	0.2467
1.348	-0.2703	0.1299
1.205	-0.5266	-0.03055
0.9409	-0.5444	-0.07788
0.7901	-0.3487	0.04491
0.8954	-0.1569	0.1315
1.113	-0.04157	0.05773
1.25	-0.05564	0.01803
1.21	-0.07982	0.06031
1.03	-0.04751	0.06415
0.874	-0.09531	0.0725
0.7809	-0.1334	0.09497
0.7636	-0.1344	0.09145
0.8316	-0.1384	0.1236
0.8268	-0.08559	0.1729
0.7945	-0.04995	0.1765
0.7971	-0.03845	0.1711
0.7971	-0.03785	0.1816
0.8763	-0.05434	0.1963
0.9576	-0.04016	0.2174
1.056	-0.0178	0.2646
1.156	0.01485	0.3298
1.117	0.003456	0.339
1.093	-0.04959	0.2965
1.122	-0.05559	0.2675
1.207	-0.08333	0.2118
1.427	-0.1804	0.1157
1.501	-0.3517	0.05722
1.19	-0.435	0.04881
0.8331	-0.2331	0.04888
0.8679	-0.05099	0.03943
1.042	-0.1232	0.0371
1.037	-0.2156	0.06168
0.9938	-0.2474	0.09509
0.912	-0.2775	0.1103
0.8463	-0.2516	0.09154
0.8513	-0.2116	0.06734
0.7928	-0.1837	0.06989
0.7818	-0.1186	0.06703
0.8352	-0.08971	0.0564
0.867	-0.07197	0.05499
0.9444	-0.2776	0.05938
1.018	-0.1725	0.0561
1.066	-0.2239	0.08307
1.015	-0.2679	0.1468
0.9568	-0.2863	0.1631
0.9442	-0.2788	0.1749
0.8883	-0.2425	0.1334
0.825	-0.1923	0.07216
0.8191	-0.1437	0.09145
0.8167	-0.1038	0.1035
0.8283	-0.0835	0.1013
0.8564	-0.07434	0.1032
0.9113	-0.02229	0.09002
0.9601	0.04474	0.09903
0.9499	0.07442	0.1087
0.956	0.07916	0.1248
0.9949	0.06694	0.1535
1.049	0.04274	0.1661
1.103	0.03861	0.1679
1.136	0.07078	0.1485
1.195	0.1412	0.14
1.262	0.2406	0.1872
1.307	0.2284	0.2509
1.348	0.0247	0.2467
1.348	-0.2703	0.1299
1.205	-0.5266	-0.03055
0.9409	-0.5444	-0.07788
0.7901	-0.3487	0.04491
0.8954	-0.1569	0.1315
1.113	-0.04157	0.05773
1.25	-0.05564	0.01803
1.21	-0.07982	0.06031
1.03	-0.04751	0.06415
0.874	-0.09531	0.0725
0.7809	-0.1334	0.09497
0.7636	-0.1344	0.09145
0.8316	-0.1384	0.1236
0.8268	-0.08559	0.1729
0.7945	-0.04995	0.1765
0.7971	-0.03845	0.1711
0.7971	-0.03785	0.1816
0.8763	-0.05434	0.1963
0.9576	-0.04016	0.2174
1.056	-0.0178	0.2646
1.156	0.01485	0.3298
1.117	0.003456	0.339
1.093	-0.04959	0.2965
1.122	-0.05559	0.2675
1.207	-0.08333	0.2118
1.427	-0.1804	0.1157
1.501	-0.3517	0.05722
1.19	-0.435	0.04881
0.8331	-0.2331	0.04888
0.8679	-0.05099	0.03943
1.042	-0.1232	0.0371
1.037	-0.2156	0.06168
0.9938	-0.2474	0.09509
0.912	-0.2775	0.1103
0.8463	-0.2516	0.09154
0.8513	-0.2116	0.06734
0.7928	-0.1837	0.06989
0.7818	-0.1186	0.06703
0.8352	-0.08971	0.0564
0.867	-0.07197	0.05499
0.9074	-0.01964	0.05923
0.9124	0.02081	0.08213
0.9382	0.08671	0.1021
0.9857	0.08891	0.1019
1.015	0.04207	0.1164
1.066	0.05728	0.1535
1.088	0.0297	0.1674
1.151	0.05843	0.154
1.232	0.1908	0.1594
1.213	0.2298	0.1694
1.227	0.1865	0.1686
1.274	0.07002	0.1462
1.276	-0.1614	0.05532
1.196	-0.3821	-0.02922
0.942	-0.3926	0.003591
0.7656	-0.2626	0.08968
0.9764	-0.2244	0.1174
1.329	-0.1525	0.0798
1.434	-0.02761	0.03911
1.28	0.0295	0.05574
1.043	0.09103	0.07847
0.8389	0.03752	0.05055
0.7424	-0.03229	0.03834
0.7523	0.01452	0.03531
0.7911	-0.003004	0.06577
0.8008	-0.01057	0.1756
0.8176	-0.03953	0.2341
0.8533	-0.1526	0.2419
0.8693	-0.1828	0.2468
0.898	-0.1536	0.216
0.9301	-0.09356	0.2093
0.959	-0.0398	0.2216
1.021	-0.03988	0.256
1.08	-0.03783	0.2993
1.087	-0.0505	0.2833
1.083	-0.07376	0.277
1.182	-0.08011	0.2765
1.272	-0.1372	0.1835
1.194	-0.3278	0.02811
1.074	-0.4708	-0.04532
1.001	-0.355	0.01757
1.025	-0.2115	0.1027
1.074	-0.2136	0.1711
0.9965	-0.2435	0.196
0.9374	-0.2821	0.1473
0.9346	-0.3063	0.1301
0.878	-0.2717	0.1206
0.8301	-0.212	0.09043
0.7993	-0.118	0.101
0.8011	-0.0373	0.07763
0.8546	-0.0288	0.05029
0.8986	-0.01081	0.0668
0.9262	0.03237	0.08127
0.9267	0.06271	0.1323
0.9262	0.09103	0.158
0.9527	0.1153	0.1625
0.9754	0.1483	0.2024
1.019	0.1462	0.1832
1.106	0.1293	0.1618
1.221	0.1718	0.182
1.281	0.2239	0.1926
1.273	0.2351	0.2216
1.325	0.07203	0.2064
1.362	-0.2567	0.1264
0.9074	-0.01964	0.05923
0.9124	0.02081	0.08213
0.9382	0.08671	0.1021
0.9857	0.08891	0.1019
1.015	0.04207	0.1164
1.066	0.05728	0.1535
1.088	0.0297	0.1674
1.151	0.05843	0.154
1.232	0.1908	0.1594
1.213	0.2298	0.1694
1.227	0.1865	0.1686
1.274	0.07002	0.1462
1.276	-0.1614	0.05532
1.196	-0.3821	-0.02922
0.942	-0.3926	0.003591
0.7656	-0.2626	0.08968
0.9764	-0.2244	0.1174
1.329	-0.1525	0.0798
1.434	-0.02761	0.03911
1.28	0.0295	0.05574
1.043	0.09103	0.07847
0.8389	0.03752	0.05055
0.7424	-0.03229	0.03834
0.7523	0.01452	0.03531
0.7911	-0.003004	0.06577
0.8008	-0.01057	0.1756
0.8176	-0.03953	0.2341
0.8533	-0.1526	0.2419
0.8693	-0.1828	0.2468
0.898	-0.1536	0.216
0.9301	-0.09356	0.2093
0.959	-0.0398	0.2216
1.021	-0.03988	0.256
1.08	-0.03783	0.2993
1.087	-0.0505	0.2833
1.083	-0.07376	0.277
1.182	-0.08011	0.2765
1.272	-0.1372	0.1835
1.194	-0.3278	0.02811
1.074	-0.4708	-0.04532
1.001	-0.355	0.01757
1.025	-0.2115	0.1027
1.074	-0.2136	0.1711
0.9965	-0.2435	0.196
0.9374	-0.2821	0.1473
0.9346	-0.3063	0.1301
0.878	-0.2717	0.1206
0.8301	-0.212	0.09043
0.7993	-0.118	0.101
0.8011	-0.0373	0.07763
0.8546	-0.0288	0.05029
0.8986	-0.01081	0.0668
0.9262	0.03237	0.08127
0.9267	0.06271	0.1323
0.9262	0.09103	0.158
0.9527	0.1153	0.1625
0.9754	0.1483	0.2024
1.019	0.1462	0.1832
1.106	0.1293	0.1618
1.221	0.1718	0.182
1.281	0.2239	0.1926
1.273	0.2351	0.2216
1.325	0.07203	0.2064
1.362	-0.2567	0.1264
1.207	-0.4576	0.03206
0.9386	-0.491	-0.02081
0.8218	-0.4299	0.0449
0.9279	-0.2345	0.115
1.078	-0.04364	0.09982
1.243	-0.008739	0.06758
1.337	-0.03953	0.03408
1.158	-0.01581	0.05398
0.8905	-0.03845	0.09693
0.7409	-0.09607	0.07518
0.7137	-0.06243	0.0706
0.8028	-0.06989	0.0828
0.8323	-0.1024	0.09084
0.7863	-0.07447	0.1456
0.8043	-0.08203	0.1774
0.8487	-0.08153	0.1812
0.9229	-0.09734	0.1916
0.9837	-0.1284	0.1954
1.025	-0.06822	0.2532
1.099	-0.02155	0.3407
1.097	-0.04783	0.3623
1.094	-0.083	0.3379
1.156	-0.08367	0.3318
1.191	-0.02071	0.3137
1.22	0.005999	0.2426
1.189	-0.1762	0.1258
1.075	-0.4057	-0.0168
0.9471	-0.3637	-0.04213
0.8983	-0.2735	0.01836
1.001	-0.2715	-0.0133
1.075	-0.1383	0.01295
1.052	-0.1168	0.08902
1.023	-0.24	0.08393
0.9425	-0.2513	0.125
0.8703	-0.2912	0.1312
0.8281	-0.3	0.08864
0.7674	-0.2188	0.08345
0.7577	-0.153	0.02203
0.8002	-0.01606	0.00724
0.8744	0.06947	0.05229
0.9341	0.06381	0.06933
0.9364	0.0646	0.1158
0.9467	0.02753	0.1444
0.9867	0.02581	0.1549
1.045	0.02017	0.1766
1.096	0.004108	0.1848
1.116	0.07279	0.1758
1.155	0.1779	0.1354
1.229	0.319	0.1226
1.278	0.3209	0.135
1.292	0.07375	0.1352
1.301	-0.2171	0.1303
1.211	-0.4309	0.08247
0.9944	-0.482	0.05018
0.8683	-0.4174	0.09026
0.9827	-0.3041	0.1138
1.284	-0.1168	0.06064
1.514	-0.03307	0.02126
1.365	-0.03305	0.077
1.029	0.02111	0.13
0.8565	0.001231	0.1154
0.7453	-0.05848	0.07526
0.7227	-0.04706	0.04132
0.8214	-0.04658	0.06285
1.207	-0.4576	0.03206
0.9386	-0.491	-0.02081
0.8218	-0.4299	0.0449
0.9279	-0.2345	0.115
1.078	-0.04364	0.09982
1.243	-0.008739	0.06758
1.337	-0.03953	0.03408
1.158	-0.01581	0.05398
0.8905	-0.03845	0.09693
0.7409	-0.09607	0.07518
0.7137	-0.06243	0.0706
0.8028	-0.06989	0.0828
0.8323	-0.1024	0.09084
0.7863	-0.07447	0.1456
0.8043	-0.08203	0.1774
0.8487	-0.08153	0.1812
0.9229	-0.09734	0.1916
0.9837	-0.1284	0.1954
1.025	-0.06822	0.2532
1.099	-0.02155	0.3407
1.097	-0.04783	0.3623
1.094	-0.083	0.3379
1.156	-0.08367	0.3318
1.191	-0.02071	0.3137
1.22	0.005999	0.2426
1.189	-0.1762	0.1258
1.075	-0.4057	-0.0168
0.9471	-0.3637	-0.04213
0.8983	-0.2735	0.01836
1.001	-0.2715	-0.0133
1.075	-0.1383	0.01295
1.052	-0.1168	0.08902
1.023	-0.24	0.08393
0.9425	-0.2513	0.125
0.8703	-0.2912	0.1312
0.8281	-0.3	0.08864
0.7674	-0.2188	0.08345
0.7577	-0.153	0.02203
0.8002	-0.01606	0.00724
0.8744	0.06947	0.05229
0.9341	0.06381	0.06933
0.9364	0.0646	0.1158
0.9467	0.02753	0.1444
0.9867	0.02581	0.1549
1.045	0.02017	0.1766
1.096	0.004108	0.1848
1.116	0.07279	0.1758
1.155	0.1779	0.1354
1.229	0.319	0.1226
1.278	0.3209	0.135
1.292	0.07375	0.1352
1.301	-0.2171	0.1303
1.211	-0.4309	0.08247
0.9944	-0.482	0.05018
0.8683	-0.4174	0.09026
0.9827	-0.3041	0.1138
1.284	-0.1168	0.06064
1.514	-0.03307	0.02126
1.365	-0.03305	0.077
1.029	0.02111	0.13
0.8565	0.001231	0.1154
0.7453	-0.05848	0.07526
0.7227	-0.04706	0.04132
0.8214	-0.04658	0.06285
0.7859	-0.06238	0.1187
0.7851	-0.06289	0.1587
0.8436	-0.09307	0.1973
0.8056	-0.1395	0.2278
0.8498	-0.161	0.2472
0.8686	-0.1041	0.2527
0.9455	0.008553	0.2494
1.147	0.0187	0.2732
1.141	-0.06439	0.2847
1.07	-0.1106	0.2806
1.067	-0.07369	0.3131
1.106	0.04094	0.3194
1.29	0.08487	0.2472
1.439	-0.1156	0.09985
1.33	-0.4444	-0.03653
1.1	-0.5318	-0.02352
1.038	-0.3475	0.05167
1.049	-0.2061	0.1008
0.9928	-0.1541	0.171
0.9479	-0.1966	0.1791
0.8647	-0.3004	0.1301
0.8065	-0.3013	0.1228
0.7591	-0.2922	0.1115
0.7086	-0.2562	0.09797
0.7542	-0.1153	0.08918
0.8091	0.001641	0.04958
0.9314	0.08614	0.04195
1.008	0.1292	0.08605
0.9271	0.15	0.1397
0.9405	0.1708	0.1618
0.9978	0.1068	0.1519
1.039	0.02879	0.1604
1.105	0.008581	0.1605
1.147	0.04842	0.1581
1.231	0.1173	0.1704
1.253	0.1207	0.1696
1.205	0.0669	0.2089
1.218	-0.04241	0.2454
1.214	-0.2154	0.1804
1.151	-0.3911	0.05331
1.008	-0.4715	-0.01694
0.8492	-0.3905	0.05
0.912	-0.2457	0.1194
1.19	-0.08578	0.08218
1.435	0.02138	0.05392
1.412	0.01452	0.056
1.127	0.05536	0.06274
0.8557	0.06448	0.1014
0.7526	-0.006865	0.09846
0.771	-0.007611	0.06542
0.772	-0.05813	0.07197
0.7328	-0.08306	0.09073
0.7859	-0.03909	0.153
0.794	-0.09227	0.2288
0.7811	-0.1145	0.2423
0.8896	-0.1541	0.2338
0.9043	-0.2128	0.2259
0.9205	-0.121	0.2361
1.055	-0.01997	0.2623
1.168	0.03	0.2793
1.219	-0.02741	0.2755
1.145	-0.1162	0.2467
1.137	0.002269	0.2499
1.24	0.06486	0.2402
0.7859	-0.06238	0.1187
0.7851	-0.06289	0.1587
0.8436	-0.09307	0.1973
0.8056	-0.1395	0.2278
0.8498	-0.161	0.2472
0.8686	-0.1041	0.2527
0.9455	0.008553	0.2494
1.147	0.0187	0.2732
1.141	-0.06439	0.2847
1.07	-0.1106	0.2806
1.067	-0.07369	0.3131
1.106	0.04094	0.3194
1.29	0.08487	0.2472
1.439	-0.1156	0.09985
1.33	-0.4444	-0.03653
1.1	-0.5318	-0.02352
1.038	-0.3475	0.05167
1.049	-0.2061	0.1008
0.9928	-0.1541	0.171
0.9479	-0.1966	0.1791
0.8647	-0.3004	0.1301
0.8065	-0.3013	0.1228
0.7591	-0.2922	0.1115
0.7086	-0.2562	0.09797
0.7542	-0.1153	0.08918
0.8091	0.001641	0.04958
0.9314	0.08614	0.04195
1.008	0.1292	0.08605
0.9271	0.15	0.1397
0.9405	0.1708	0.1618
0.9978	0.1068	0.1519
1.039	0.02879	0.1604
1.105	0.008581	0.1605
1.147	0.04842	0.1581
1.231	0.1173	0.1704
1.253	0.1207	0.1696
1.205	0.0669	0.2089
1.218	-0.04241	0.2454
1.214	-0.2154	0.1804
1.151	-0.3911	0.05331
1.008	-0.4715	-0.01694
0.8492	-0.3905	0.05
0.912	-0.2457	0.1194
1.19	-0.08578	0.08218
1.435	0.02138	0.05392
1.412	0.01452	0.056
1.127	0.05536	0.06274
0.8557	0.06448	0.1014
0.7526	-0.006865	0.09846
0.771	-0.007611	0.06542
0.772	-0.05813	0.07197
0.7328	-0.08306	0.09073
0.7859	-0.03909	0.153
0.794	-0.09227	0.2288
0.7811	-0.1145	0.2423
0.8896	-0.1541	0.2338
0.9043	-0.2128	0.2259
0.9205	-0.121	0.2361
1.055	-0.01997	0.2623
1.168	0.03	0.2793
1.219	-0.02741	0.2755
1.145	-0.1162	0.2467
1.137	0.002269	0.2499
1.24	0.06486	0.2402
1.266	-0.09856	0.1613
1.224	-0.2874	0.08635
1.084	-0.4331	0.05487
0.9988	-0.477	0.04824
1.031	-0.4125	0.02115
1.012	-0.2822	0.05096
0.997	-0.1468	0.126
0.9836	-0.1397	0.07739
0.9349	-0.2121	0.02457
0.8626	-0.246	0.03314
0.79	-0.2679	0.02261
0.7777	-0.2398	0.04709
0.8063	-0.08367	0.04174
0.8699	0.06835	0.02754
0.9153	0.07697	0.07543
0.929	0.05511	0.1175
0.9404	0.08568	0.1649
0.9339	0.0624	0.1739
0.9723	0.01924	0.1608
1.035	0.04912	0.1698
1.125	0.04738	0.1142
1.242	0.0461	0.09136
1.256	0.1312	0.1645
1.233	0.1806	0.2241
1.287	0.11	0.2215
1.341	-0.113	0.1397
1.317	-0.3708	0.04375
1.114	-0.4804	0.00922
0.7891	-0.4709	0.04787
0.7415	-0.3443	0.0889
1.059	-0.1223	0.06229
1.33	-0.0001184	0.05308
1.35	-0.003994	0.05915
1.156	0.006992	0.06174
0.9033	-0.03544	0.09637
0.7858	-0.1364	0.078
0.7789	-0.1274	0.04512
0.8302	-0.103	0.04933
0.8507	-0.1016	0.06608
0.7893	-0.05213	0.1321
0.7711	-0.05856	0.1763
0.8396	-0.1005	0.1991
0.9246	-0.1217	0.2542
0.9281	-0.1129	0.2654
0.9526	-0.04976	0.2858
1.079	-0.007717	0.3512
1.107	-0.03013	0.3404
1.076	-0.09024	0.3079
1.113	-0.1271	0.3342
1.156	-0.1147	0.315
1.225	-0.1081	0.235
1.3	-0.1223	0.1226
1.263	-0.1611	0.02803
1.11	-0.2808	0.04159
0.9845	-0.4266	0.01723
0.9761	-0.3893	-0.02802
1.004	-0.2257	0.08102
0.9769	-0.1612	0.1665
0.9394	-0.1663	0.1518
0.946	-0.2249	0.1139
0.8925	-0.2952	0.05923
0.8013	-0.278	0.06294
0.7908	-0.209	0.06541
0.801	-0.06379	0.03374
1.266	-0.09856	0.1613
1.224	-0.2874	0.08635
1.084	-0.4331	0.05487
0.9988	-0.477	0.04824
1.031	-0.4125	0.02115
1.012	-0.2822	0.05096
0.997	-0.1468	0.126
0.9836	-0.1397	0.07739
0.9349	-0.2121	0.02457
0.8626	-0.246	0.03314
0.79	-0.2679	0.02261
0.7777	-0.2398	0.04709
0.8063	-0.08367	0.04174
0.8699	0.06835	0.02754
0.9153	0.07697	0.07543
0.929	0.05511	0.1175
0.9404	0.08568	0.1649
0.9339	0.0624	0.1739
0.9723	0.01924	0.1608
1.035	0.04912	0.1698
1.125	0.04738	0.1142
1.242	0.0461	0.09136
1.256	0.1312	0.1645
1.233	0.1806	0.2241
1.287	0.11	0.2215
1.341	-0.113	0.1397
1.317	-0.3708	0.04375
1.114	-0.4804	0.00922
0.7891	-0.4709	0.04787
0.7415	-0.3443	0.0889
1.059	-0.1223	0.06229
1.33	-0.0001184	0.05308
1.35	-0.003994	0.05915
1.156	0.006992	0.06174
0.9033	-0.03544	0.09637
0.7858	-0.1364	0.078
0.7789	-0.1274	0.04512
0.8302	-0.103	0.04933
0.8507	-0.1016	0.06608
0.7893	-0.05213	0.1321
0.7711	-0.05856	0.1763
0.8396	-0.1005	0.1991
0.9246	-0.1217	0.2542
0.9281	-0.1129	0.2654
0.9526	-0.04976	0.2858
1.079	-0.007717	0.3512
1.107	-0.03013	0.3404
1.076	-0.09024	0.3079
1.113	-0.1271	0.3342
1.156	-0.1147	0.315
1.225	-0.1081	0.235
1.3	-0.1223	0.1226
1.263	-0.1611	0.02803
1.11	-0.2808	0.04159
0.9845	-0.4266	0.01723
0.9761	-0.3893	-0.02802
1.004	-0.2257	0.08102
0.9769	-0.1612	0.1665
0.9394	-0.1663	0.1518
0.946	-0.2249	0.1139
0.8925	-0.2952	0.05923
0.8013	-0.278	0.06294
0.7908	-0.209	0.06541
0.801	-0.06379	0.03374
0.8423	0.05333	0.03789
0.9172	0.04702	0.05396
0.9271	0.03045	0.08379
0.9161	0.008237	0.1115
0.9705	0.002024	0.1377
1.045	0.00188	0.1878
1.063	-0.02768	0.2067
1.079	-0.01491	0.1916
1.139	0.04346	0.1744
1.19	0.1657	0.153
1.235	0.2523	0.1476
1.286	0.1646	0.1784
1.316	-0.01886	0.1942
1.282	-0.2476	0.1229
1.139	-0.4285	0.007124
0.9082	-0.447	-0.03038
0.7981	-0.3789	0.05191
0.9997	-0.2784	0.1164
1.3	-0.1871	0.06942
1.393	-0.1479	0.04576
1.213	-0.06811	0.08191
0.909	0.009147	0.07651
0.7697	-0.02006	0.05814
0.7869	-0.04073	0.05916
0.8143	-0.0476	0.07505
0.8588	-0.1009	0.1186
0.8423	-0.1132	0.1435
0.8215	-0.1196	0.1653
0.8446	-0.1533	0.2206
0.8389	-0.1432	0.2419
0.8797	-0.1128	0.2378
0.9305	-0.08171	0.2627
0.9883	-0.05834	0.2801
1.086	-0.07621	0.2752
1.101	-0.1078	0.2617
1.073	-0.1138	0.2451
1.084	-0.04306	0.2563
1.163	0.09942	0.2678
1.299	0.1258	0.2213
1.324	-0.09723	0.1209
1.169	-0.3781	0.004723
0.9771	-0.4381	-0.02924
0.9364	-0.3286	0.04396
1.022	-0.2593	0.09892
1.049	-0.2196	0.1126
1.016	-0.2223	0.1238
0.9929	-0.3015	0.1172
0.9463	-0.3242	0.1136
0.8534	-0.3127	0.09562
0.7786	-0.2515	0.05258
0.7783	-0.07352	0.03349
0.8229	0.02942	0.03385
0.8907	0.04703	0.05174
0.9484	0.06345	0.09367
0.9421	0.01737	0.1165
0.9316	-0.03322	0.1099
0.9622	-0.02108	0.1178
0.9765	0.04889	0.1573
1.005	0.1008	0.1825
1.086	0.09135	0.154
1.17	0.1196	0.1234
1.23	0.2171	0.1555
1.233	0.266	0.2062
1.23	0.1442	0.2214
0.8423	0.05333	0.03789
0.9172	0.04702	0.05396
0.9271	0.03045	0.08379
0.9161	0.008237	0.1115
0.9705	0.002024	0.1377
1.045	0.00188	0.1878
1.063	-0.02768	0.2067
1.079	-0.01491	0.1916
1.139	0.04346	0.1744
1.19	0.1657	0.153
1.235	0.2523	0.1476
1.286	0.1646	0.1784
1.316	-0.01886	0.1942
1.282	-0.2476	0.1229
1.139	-0.4285	0.007124
0.9082	-0.447	-0.03038
0.7981	-0.3789	0.05191
0.9997	-0.2784	0.1164
1.3	-0.1871	0.06942
1.393	-0.1479	0.04576
1.213	-0.06811	0.08191
0.909	0.009147	0.07651
0.7697	-0.02006	0.05814
0.7869	-0.04073	0.05916
0.8143	-0.0476	0.07505
0.8588	-0.1009	0.1186
0.8423	-0.1132	0.1435
0.8215	-0.1196	0.1653
0.8446	-0.1533	0.2206
0.8389	-0.1432	0.2419
0.8797	-0.1128	0.2378
0.9305	-0.08171	0.2627
0.9883	-0.05834	0.2801
1.086	-0.07621	0.2752
1.101	-0.1078	0.2617
1.073	-0.1138	0.2451
1.084	-0.04306	0.2563
1.163	0.09942	0.2678
1.299	0.1258	0.2213
1.324	-0.09723	0.1209
1.169	-0.3781	0.004723
0.9771	-0.4381	-0.02924
0.9364	-0.3286	0.04396
1.022	-0.2593	0.09892
1.049	-0.2196	0.1126
1.016	-0.2223	0.1238
0.9929	-0.3015	0.1172
0.9463	-0.3242	0.1136
0.8534	-0.3127	0.09562
0.7786	-0.2515	0.05258
0.7783	-0.07352	0.03349
0.8229	0.02942	0.03385
0.8907	0.04703	0.05174
0.9484	0.06345	0.09367
0.9421	0.01737	0.1165
0.9316	-0.03322	0.1099
0.9622	-0.02108	0.1178
0.9765	0.04889	0.1573
1.005	0.1008	0.1825
1.086	0.09135	0.154
1.17	0.1196	0.1234
1.23	0.2171	0.1555
1.233	0.266	0.2062
1.23	0.1442	0.2214
1.257	-0.06825	0.2
1.212	-0.2302	0.1191
1.07	-0.326	0.01378
0.8398	-0.3355	-0.01853
0.6956	-0.2755	0.04554
0.8485	-0.2263	0.1005
1.139	-0.2377	0.06864
1.39	-0.2363	0.05407
1.406	-0.1198	0.07292
1.197	0.02886	0.055
1.075	0.07191	0.05578
0.8941	-0.008655	0.05627
0.7482	-0.07896	0.05203
0.8586	-0.06896	0.09857
0.8359	-0.07878	0.1509
0.7871	-0.09052	0.1928
0.8476	-0.09388	0.2124
0.8176	-0.1327	0.2149
0.8779	-0.1321	0.2269
0.9265	-0.1066	0.2266
0.9315	-0.07276	0.2548
1.047	-0.006375	0.308
1.091	-0.0102	0.3191
1.09	-0.1174	0.2792
1.113	-0.1921	0.2377
1.134	-0.0905	0.2639
1.178	0.1023	0.2733
1.271	0.125	0.179
1.367	-0.1215	0.06608
1.228	-0.4501	0.008982
0.9804	-0.5128	0.02666
0.9248	-0.3132	0.0609
0.9592	-0.186	0.07716
1.002	-0.1672	0.1053
1.034	-0.2189	0.11
0.9947	-0.3118	0.1134
0.9029	-0.2999	0.1179
0.8146	-0.2782	0.08652
0.7884	-0.2599	0.0736
0.8135	-0.15	0.06192
0.8587	-0.06457	0.0521
0.9222	-0.0204	0.07184
0.9604	0.01049	0.0785
0.9418	0.03297	0.1034
0.9355	0.06716	0.1356
0.9657	0.0648	0.145
0.9819	0.04351	0.1598
1.019	0.02672	0.1594
1.065	0.03879	0.1583
1.12	0.0967	0.1537
1.23	0.1532	0.1394
1.271	0.1857	0.1641
1.226	0.1664	0.2063
1.219	0.111	0.2273
1.214	-0.0491	0.1867
1.137	-0.3159	0.07877
0.9708	-0.3963	-0.009388
0.7681	-0.3434	-0.02183
0.7242	-0.3507	0.03788
0.9753	-0.2618	0.1003
1.272	-0.1853	0.1062
1.297	-0.1716	0.07714
1.209	-0.018	0.05147
1.144	0.06381	0.07437
1.257	-0.06825	0.2
1.212	-0.2302	0.1191
1.07	-0.326	0.01378
0.8398	-0.3355	-0.01853
0.6956	-0.2755	0.04554
0.8485	-0.2263	0.1005
1.139	-0.2377	0.06864
1.39	-0.2363	0.05407
1.406	-0.1198	0.07292
1.197	0.02886	0.055
1.075	0.07191	0.05578
0.8941	-0.008655	0.05627
0.7482	-0.07896	0.05203
0.8586	-0.06896	0.09857
0.8359	-0.07878	0.1509
0.7871	-0.09052	0.1928
0.8476	-0.09388	0.2124
0.8176	-0.1327	0.2149
0.8779	-0.1321	0.2269
0.9265	-0.1066	0.2266
0.9315	-0.07276	0.2548
1.047	-0.006375	0.308
1.091	-0.0102	0.3191
1.09	-0.1174	0.2792
1.113	-0.1921	0.2377
1.134	-0.0905	0.2639
1.178	0.1023	0.2733
1.271	0.125	0.179
1.367	-0.1215	0.06608
1.228	-0.4501	0.008982
0.9804	-0.5128	0.02666
0.9248	-0.3132	0.0609
0.9592	-0.186	0.07716
1.002	-0.1672	0.1053
1.034	-0.2189	0.11
0.9947	-0.3118	0.1134
0.9029	-0.2999	0.1179
0.8146	-0.2782	0.08652
0.7884	-0.2599	0.0736
0.8135	-0.15	0.06192
0.8587	-0.06457	0.0521
0.9222	-0.0204	0.07184
0.9604	0.01049	0.0785
0.9418	0.03297	0.1034
0.9355	0.06716	0.1356
0.9657	0.0648	0.145
0.9819	0.04351	0.1598
1.019	0.02672	0.1594
1.065	0.03879	0.1583
1.12	0.0967	0.1537
1.23	0.1532	0.1394
1.271	0.1857	0.1641
1.226	0.1664	0.2063
1.219	0.111	0.2273
1.214	-0.0491	0.1867
1.137	-0.3159	0.07877
0.9708	-0.3963	-0.009388
0.7681	-0.3434	-0.02183
0.7242	-0.3507	0.03788
0.9753	-0.2618	0.1003
1.272	-0.1853	0.1062
1.297	-0.1716	0.07714
1.209	-0.018	0.05147
1.144	0.06381	0.07437
0.9374	-0.01485	0.1044
0.7534	-0.0432	0.1011
0.79	-0.05062	0.1169
0.8195	-0.07162	0.1288
0.7872	-0.07809	0.13
0.8116	-0.08765	0.1543
0.8355	-0.09856	0.1869
0.8798	-0.1196	0.2243
0.9347	-0.1403	0.2273
0.9402	-0.1225	0.218
0.9899	-0.04088	0.2603
1.077	0.02756	0.2944
1.121	-0.02973	0.2886
1.119	-0.1749	0.2795
1.115	-0.2335	0.2713
1.165	-0.08741	0.2602
1.211	0.05207	0.2335
1.183	-0.09637	0.1362
1.139	-0.3305	-0.004924
1.095	-0.3751	-0.01771
1.021	-0.3345	0.03657
0.9543	-0.2616	0.001223
0.9761	-0.172	0.024
1.036	-0.1714	0.08721
1.019	-0.2303	0.07813
0.9799	-0.3025	0.1019
0.9195	-0.3198	0.1044
0.8212	-0.259	0.07214
0.8061	-0.1661	0.07996
0.8317	-0.02701	0.06422
0.8416	0.05626	0.05505
0.89	0.06278	0.05869
0.917	0.07025	0.05472
0.9174	0.03441	0.08435
0.9364	-0.007134	0.1031
0.965	0.002623	0.1068
1.017	0.02421	0.1198
1.063	0.03087	0.1337
1.099	0.04371	0.1356
1.183	0.07644	0.1259
1.265	0.1124	0.1573
1.25	0.1202	0.2013
1.238	0.03716	0.2113
1.276	-0.1043	0.1772
1.215	-0.2206	0.08357
1.037	-0.2888	0.007327
0.7985	-0.2827	-0.0007283
0.6354	-0.2268	0.03845
0.7313	-0.1801	0.06915
0.981	-0.1742	0.05689
1.307	-0.1642	0.06659
1.5	-0.09796	0.08121
1.3	-0.02155	0.07126
1.084	0.03939	0.07528
0.9659	0.03012	0.05937
0.7819	-0.02649	0.03654
0.8012	-0.03325	0.04829
0.8687	-0.07815	0.07281
0.8143	-0.1339	0.1226
0.8277	-0.1358	0.202
0.8034	-0.1558	0.245
0.8144	-0.1556	0.2297
0.8913	-0.1638	0.2125
0.8908	-0.153	0.2102
0.9374	-0.01485	0.1044
0.7534	-0.0432	0.1011
0.79	-0.05062	0.1169
0.8195	-0.07162	0.1288
0.7872	-0.07809	0.13
0.8116	-0.08765	0.1543
0.8355	-0.09856	0.1869
0.8798	-0.1196	0.2243
0.9347	-0.1403	0.2273
0.9402	-0.1225	0.218
0.9899	-0.04088	0.2603
1.077	0.02756	0.2944
1.121	-0.02973	0.2886
1.119	-0.1749	0.2795
1.115	-0.2335	0.2713
1.165	-0.08741	0.2602
1.211	0.05207	0.2335
1.183	-0.09637	0.1362
1.139	-0.3305	-0.004924
1.095	-0.3751	-0.01771
1.021	-0.3345	0.03657
0.9543	-0.2616	0.001223
0.9761	-0.172	0.024
1.036	-0.1714	0.08721
1.019	-0.2303	0.07813
0.9799	-0.3025	0.1019
0.9195	-0.3198	0.1044
0.8212	-0.259	0.07214
0.8061	-0.1661	0.07996
0.8317	-0.02701	0.06422
0.8416	0.05626	0.05505
0.89	0.06278	0.05869
0.917	0.07025	0.05472
0.9174	0.03441	0.08435
0.9364	-0.007134	0.1031
0.965	0.002623	0.1068
1.017	0.02421	0.1198
1.063	0.03087	0.1337
1.099	0.04371	0.1356
1.183	0.07644	0.1259
1.265	0.1124	0.1573
1.25	0.1202	0.2013
1.238	0.03716	0.2113
1.276	-0.1043	0.1772
1.215	-0.2206	0.08357
1.037	-0.2888	0.007327
0.7985	-0.2827	-0.0007283
0.6354	-0.2268	0.03845
0.7313	-0.1801	0.06915
0.981	-0.1742	0.05689
1.307	-0.1642	0.06659
1.5	-0.09796	0.08121
1.3	-0.02155	0.07126
1.084	0.03939	0.07528
0.9659	0.03012	0.05937
0.7819	-0.02649	0.03654
0.8012	-0.03325	0.04829
0.8687	-0.07815	0.07281
0.8143	-0.1339	0.1226
0.8277	-0.1358	0.202
0.8034	-0.1558	0.245
0.8144	-0.1556	0.2297
0.8913	-0.1638	0.2125
0.8908	-0.153	0.2102
0.9659	-0.05039	0.2338
1.08	0.02699	0.2889
1.131	0.03747	0.308
1.151	-0.02399	0.2943
1.135	-0.06162	0.302
1.169	0.03728	0.3047
1.239	0.07777	0.256
1.279	-0.09524	0.1489
1.196	-0.3493	0.04242
1.036	-0.4221	0.004935
1.033	-0.3289	0.008207
1.041	-0.2773	0.008602
0.9938	-0.2036	0.03882
1.031	-0.1322	0.1054
1.009	-0.1592	0.1481
0.9753	-0.2091	0.1435
0.9697	-0.2698	0.1298
0.8689	-0.2584	0.1294
0.7912	-0.1711	0.1128
0.7782	-0.1072	0.08675
0.8392	-0.0297	0.07458
0.9372	-0.01277	0.05878
0.93	-0.0426	0.06551
0.9133	5.414e-05	0.09637
0.9359	0.02307	0.122
0.9653	0.02863	0.1538
1.013	0.05476	0.1751
1.01	0.06782	0.1774
1.059	0.1139	0.1388
1.242	0.1505	0.09067
1.372	0.1487	0.1405
1.35	0.1002	0.2173
1.317	-0.0381	0.2214
1.312	-0.2056	0.1628
1.192	-0.342	0.04082
0.9561	-0.3876	-0.02889
0.7104	-0.3626	0.02917
0.654	-0.303	0.0772
0.9562	-0.1356	0.06547
1.279	-0.009498	0.06741
1.272	-0.03264	0.05945
1.149	-0.0239	0.03462
1.063	-0.01234	0.06088
0.8801	-0.08172	0.1007
0.7502	-0.09401	0.107
0.8373	-0.05757	0.105
0.8664	-0.05152	0.09917
0.7884	-0.03544	0.1158
0.7936	-0.04446	0.1579
0.8028	-0.08385	0.202
0.8265	-0.1131	0.232
0.8922	-0.1449	0.2275
0.9341	-0.1239	0.2393
1.032	-0.0523	0.2753
1.128	-0.004444	0.2942
1.12	-0.01941	0.2974
1.119	-0.04954	0.2664
1.204	0.01459	0.2272
1.33	0.04989	0.1791
1.38	-0.07026	0.09886
1.215	-0.234	0.05807
0.9684	-0.3264	0.0519
0.9384	-0.2807	0.02023
1.025	-0.2142	-0.0001506
0.9659	-0.05039	0.2338
1.08	0.02699	0.2889
1.131	0.03747	0.308
1.151	-0.02399	0.2943
1.135	-0.06162	0.302
1.169	0.03728	0.3047
1.239	0.07777	0.256
1.279	-0.09524	0.1489
1.196	-0.3493	0.04242
1.036	-0.4221	0.004935
1.033	-0.3289	0.008207
1.041	-0.2773	0.008602
0.9938	-0.2036	0.03882
1.031	-0.1322	0.1054
1.009	-0.1592	0.1481
0.9753	-0.2091	0.1435
0.9697	-0.2698	0.1298
0.8689	-0.2584	0.1294
0.7912	-0.1711	0.1128
0.7782	-0.1072	0.08675
0.8392	-0.0297	0.07458
0.9372	-0.01277	0.05878
0.93	-0.0426	0.06551
0.9133	5.414e-05	0.09637
0.9359	0.02307	0.122
0.9653	0.02863	0.1538
1.013	0.05476	0.1751
1.01	0.06782	0.1774
1.059	0.1139	0.1388
1.242	0.1505	0.09067
1.372	0.1487	0.1405
1.35	0.1002	0.2173
1.317	-0.0381	0.2214
1.312	-0.2056	0.1628
1.192	-0.342	0.04082
0.9561	-0.3876	-0.02889
0.7104	-0.3626	0.02917
0.654	-0.303	0.0772
0.9562	-0.1356	0.06547
1.279	-0.009498	0.06741
1.272	-0.03264	0.05945
1.149	-0.0239	0.03462
1.063	-0.01234	0.06088
0.8801	-0.08172	0.1007
0.7502	-0.09401	0.107
0.8373	-0.05757	0.105
0.8664	-0.05152	0.09917
0.7884	-0.03544	0.1158
0.7936	-0.04446	0.1579
0.8028	-0.08385	0.202
0.8265	-0.1131	0.232
0.8922	-0.1449	0.2275
0.9341	-0.1239	0.2393
1.032	-0.0523	0.2753
1.128	-0.004444	0.2942
1.12	-0.01941	0.2974
1.119	-0.04954	0.2664
1.204	0.01459	0.2272
1.33	0.04989	0.1791
1.38	-0.07026	0.09886
1.215	-0.234	0.05807
0.9684	-0.3264	0.0519
0.9384	-0.2807	0.02023
1.025	-0.2142	-0.0001506
1.038	-0.2131	0.02414
1.046	-0.2041	0.05994
1.016	-0.2484	0.1026
0.951	-0.2946	0.1395
0.9201	-0.2734	0.1153
0.8524	-0.2583	0.0771
0.7638	-0.2072	0.05421
0.7607	-0.1642	0.0352
0.8161	-0.1567	0.05871
0.8684	-0.04969	0.07086
0.9432	0.07929	0.07453
0.9569	0.05335	0.09487
0.9285	0.01555	0.1048
1.011	0.1031	0.1532
1.045	0.1173	0.1597
1.055	0.08206	0.1
1.195	0.1271	0.07301
1.265	0.1434	0.06048
1.273	0.1665	0.1053
1.307	0.1248	0.1743
1.342	-0.02105	0.1825
1.344	-0.09982	0.1798
1.117	-0.2473	0.1291
0.8329	-0.4363	0.02411
0.8256	-0.398	-0.01669
0.948	-0.2599	0.05964
1.076	-0.2076	0.1495
1.248	-0.1612	0.1333
1.243	-0.09531	0.08449
1.122	-0.01121	0.06039
1.147	0.08099	0.05091
0.9686	0.01467	0.07577
0.685	-0.05048	0.08632
0.7605	0.03459	0.09828
0.8358	0.02663	0.1194
0.8026	0.005087	0.1085
0.8267	0.0001042	0.1263
0.7992	-0.09289	0.1711
0.828	-0.1355	0.2104
0.8678	-0.1489	0.2425
0.873	-0.1013	0.2441
0.9695	0.01673	0.2556
1.093	0.05685	0.2798
1.138	-0.004964	0.2935
1.111	-0.1009	0.3065
1.148	-0.07657	0.2962
1.264	0.009391	0.2745
1.376	0.0173	0.2321
1.375	-0.07299	0.142
1.127	-0.234	0.04841
0.8661	-0.2381	0.005965
0.8671	-0.1849	0.05234
0.9963	-0.2719	0.1342
1.046	-0.3182	0.182
0.9955	-0.3355	0.2052
0.9531	-0.3298	0.18
0.9158	-0.2694	0.1373
0.8657	-0.2643	0.126
0.8272	-0.2298	0.111
0.7783	-0.1529	0.1016
0.7935	-0.06938	0.08347
0.8745	0.03029	0.04876
0.9344	0.09576	0.04307
0.9548	0.1757	0.05779
1.038	-0.2131	0.02414
1.046	-0.2041	0.05994
1.016	-0.2484	0.1026
0.951	-0.2946	0.1395
0.9201	-0.2734	0.1153
0.8524	-0.2583	0.0771
0.7638	-0.2072	0.05421
0.7607	-0.1642	0.0352
0.8161	-0.1567	0.05871
0.8684	-0.04969	0.07086
0.9432	0.07929	0.07453
0.9569	0.05335	0.09487
0.9285	0.01555	0.1048
1.011	0.1031	0.1532
1.045	0.1173	0.1597
1.055	0.08206	0.1
1.195	0.1271	0.07301
1.265	0.1434	0.06048
1.273	0.1665	0.1053
1.307	0.1248	0.1743
1.342	-0.02105	0.1825
1.344	-0.09982	0.1798
1.117	-0.2473	0.1291
0.8329	-0.4363	0.02411
0.8256	-0.398	-0.01669
0.948	-0.2599	0.05964
1.076	-0.2076	0.1495
1.248	-0.1612	0.1333
1.243	-0.09531	0.08449
1.122	-0.01121	0.06039
1.147	0.08099	0.05091
0.9686	0.01467	0.07577
0.685	-0.05048	0.08632
0.7605	0.03459	0.09828
0.8358	0.02663	0.1194
0.8026	0.005087	0.1085
0.8267	0.0001042	0.1263
0.7992	-0.09289	0.1711
0.828	-0.1355	0.2104
0.8678	-0.1489	0.2425
0.873	-0.1013	0.2441
0.9695	0.01673	0.2556
1.093	0.05685	0.2798
1.138	-0.004964	0.2935
1.111	-0.1009	0.3065
1.148	-0.07657	0.2962
1.264	0.009391	0.2745
1.376	0.0173	0.2321
1.375	-0.07299	0.142
1.127	-0.234	0.04841
0.8661	-0.2381	0.005965
0.8671	-0.1849	0.05234
0.9963	-0.2719	0.1342
1.046	-0.3182	0.182
0.9955	-0.3355	0.2052
0.9531	-0.3298	0.18
0.9158	-0.2694	0.1373
0.8657	-0.2643	0.126
0.8272	-0.2298	0.111
0.7783	-0.1529	0.1016
0.7935	-0.06938	0.08347
0.8745	0.03029	0.04876
0.9344	0.09576	0.04307
0.9548	0.1757	0.05779
0.9355	0.1976	0.1013
0.952	0.1175	0.1542
1.009	0.04945	0.1915
1.046	0.001003	0.2139
1.106	0.02097	0.1779
1.195	0.1213	0.1541
1.249	0.2158	0.198
1.228	0.2181	0.2312
1.205	0.05882	0.23
1.229	-0.1647	0.1871
1.175	-0.358	0.07776
1.023	-0.4677	-0.05298
0.8643	-0.439	-0.0693
0.8573	-0.3294	0.04224
1.126	-0.1843	0.1064
1.396	-0.1059	0.09194
1.389	-0.08156	0.08524
1.22	0.06563	0.1023
1.055	0.1648	0.1121
0.8911	0.06909	0.08495
0.7271	0.0131	0.06584
0.7022	0.01696	0.07678
0.7681	-0.04694	0.1091
0.7798	-0.08891	0.1675
0.803	-0.0951	0.1997
0.8228	-0.1163	0.201
0.8263	-0.1067	0.2157
0.8674	-0.09615	0.2357
0.8977	-0.07114	0.238
0.9752	0.02243	0.2413
1.136	0.06244	0.2651
1.212	-0.02987	0.284
1.166	-0.1001	0.2974
1.177	0.008491	0.3003
1.292	0.1771	0.2832
1.342	0.1806	0.251
1.207	-0.04054	0.1411
1.006	-0.3171	-0.009327
0.975	-0.3466	-0.04011
1.038	-0.2422	0.009419
1.022	-0.2501	0.02376
1.024	-0.1929	0.08556
1.035	-0.1605	0.1737
0.9827	-0.2594	0.1672
0.9223	-0.2565	0.1384
0.8369	-0.2315	0.1119
0.7742	-0.1885	0.08873
0.7694	-0.07216	0.0938
0.7855	-0.04868	0.05761
0.8631	-0.05216	0.03388
0.9371	-0.02771	0.04191
0.9357	0.01497	0.05552
0.9261	0.07569	0.1092
0.9553	0.09923	0.1425
0.9821	0.1448	0.1803
0.9851	0.1508	0.1951
1.044	0.1176	0.1324
1.16	0.1527	0.1099
1.233	0.1569	0.1037
1.244	0.1192	0.1119
1.265	0.04463	0.1902
1.287	-0.08605	0.236
1.218	-0.1989	0.1915
1.074	-0.3915	0.0426
