0.02125	0.9144	0.4482
0.02037	0.8435	0.4547
0.04263	0.7683	0.4469
0.04918	0.7915	0.4456
0.03786	0.9045	0.4626
0.03176	0.9595	0.4726
0.03173	0.9123	0.4443
0.03812	0.8587	0.4318
0.03788	0.8695	0.4329
0.002106	0.9441	0.4191
-0.02218	0.9662	0.4325
-0.0003285	0.8913	0.4342
0.02397	0.8778	0.4137
0.0442	0.9399	0.4242
0.04246	0.9472	0.4516
0.01892	0.9195	0.4599
0.01247	0.8704	0.4315
0.007154	0.832	0.4248
0.02442	0.8828	0.4577
0.06161	0.9087	0.4623
0.05869	0.8909	0.4602
0.03795	0.9229	0.4665
0.03121	0.9151	0.4579
0.03426	0.8604	0.4512
0.03366	0.8416	0.4397
0.02528	0.8543	0.4321
0.02354	0.8891	0.4379
0.01677	0.9192	0.4423
0.006952	0.9329	0.4625
0.01201	0.9244	0.474
0.0338	0.8782	0.4345
0.04277	0.8439	0.3941
0.01296	0.8578	0.4018
0.002207	0.9049	0.4364
0.02057	0.9563	0.4626
0.0194	0.9738	0.4629
0.01973	0.9635	0.4568
0.02679	0.9287	0.449
0.0423	0.8582	0.4312
0.06249	0.821	0.4231
0.05159	0.8347	0.4304
0.04271	0.8611	0.4655
0.04338	0.9024	0.4834
0.03241	0.906	0.4386
0.02676	0.8882	0.4231
0.005711	0.8996	0.4394
-0.008861	0.9028	0.4344
0.008259	0.9104	0.4485
0.02127	0.9112	0.4534
0.03171	0.9024	0.4512
0.03302	0.9127	0.4742
0.02424	0.9123	0.4631
0.02843	0.9098	0.4202
0.03769	0.888	0.3938
0.03535	0.8552	0.4015
0.006287	0.8495	0.4345
-0.002315	0.8486	0.4575
0.03837	0.8907	0.4658
0.05374	0.9343	0.4679
0.04102	0.9254	0.4637
0.03935	0.9325	0.4522
0.02833	0.9244	0.4427
0.02543	0.8912	0.4402
0.03832	0.8807	0.4317
0.03271	0.8758	0.4309
0.02203	0.8912	0.435
0.02057	0.9022	0.4338
0.01815	0.8893	0.444
0.01915	0.895	0.4555
0.02081	0.901	0.4627
0.02113	0.8938	0.4618
0.02029	0.8802	0.4525
0.01577	0.8698	0.4465
0.01907	0.8921	0.4372
0.0323	0.9138	0.4344
0.04195	0.9102	0.4344
0.03876	0.9097	0.4291
0.02854	0.9069	0.4327
0.02582	0.9009	0.4345
0.03086	0.8986	0.4354
0.03104	0.8909	0.4373
0.02503	0.8873	0.4325
0.02377	0.8878	0.439
0.02751	0.8869	0.4571
0.03252	0.8918	0.4641
0.03448	0.8944	0.4574
0.02976	0.8884	0.458
0.02877	0.8849	0.4613
0.03998	0.8886	0.4558
0.02511	0.8817	0.4348
0.02144	0.902	0.4331
0.01532	0.9218	0.4343
0.007288	0.9288	0.4541
0.01433	0.9161	0.4671
0.03774	0.8681	0.4302
0.04766	0.8335	0.3926
0.01807	0.8484	0.4028
0.006871	0.8972	0.4394
0.02428	0.9507	0.467
0.02184	0.9703	0.4679
0.02078	0.962	0.4618
0.02651	0.929	0.4534
0.04088	0.8599	0.4347
0.06022	0.8236	0.4254
0.04879	0.8378	0.4316
0.03973	0.8643	0.4655
0.0405	0.9054	0.4824
0.0299	0.9085	0.4369
0.02478	0.8901	0.4209
0.004362	0.9008	0.437
-0.009555	0.9034	0.432
0.00818	0.9104	0.4464
0.02172	0.9107	0.4517
0.03256	0.9015	0.45
0.03414	0.9116	0.4735
0.02548	0.9111	0.4629
0.02967	0.9087	0.4204
0.03882	0.8871	0.3944
0.03629	0.8544	0.4022
0.00699	0.849	0.4353
-0.00187	0.8483	0.4584
0.03856	0.8906	0.4666
0.05371	0.9345	0.4686
0.04081	0.9257	0.4642
0.039	0.9329	0.4525
0.0279	0.9248	0.4428
0.02498	0.8916	0.4402
0.03789	0.8811	0.4316
0.03233	0.8761	0.4307
0.02173	0.8914	0.4347
0.02036	0.9024	0.4335
0.01803	0.8893	0.4437
0.01912	0.895	0.4552
0.02085	0.901	0.4625
0.02123	0.8936	0.4616
0.02043	0.8801	0.4524
0.01593	0.8696	0.4465
0.01923	0.892	0.4372
0.03245	0.9137	0.4345
0.04208	0.9101	0.4345
0.03885	0.9096	0.4292
0.0286	0.9068	0.4328
0.02585	0.9009	0.4346
0.03086	0.8986	0.4355
0.03101	0.8909	0.4373
0.02498	0.8873	0.4326
0.02371	0.8879	0.439
0.02745	0.8869	0.4571
0.03246	0.8918	0.4641
0.03443	0.8944	0.4574
0.02972	0.8884	0.4579
0.02874	0.8849	0.4613
0.02926	0.889	0.4534
0.02442	0.8931	0.4477
0.02019	0.8942	0.4391
0.01823	0.8954	0.4314
0.02211	0.8996	0.433
0.02476	0.9125	0.4311
0.02404	0.9177	0.4352
0.03174	0.9052	0.4368
0.03468	0.9002	0.4326
0.02893	0.8982	0.4386
0.0298	0.8889	0.4412
0.0315	0.8872	0.4423
0.02875	0.888	0.4466
0.02459	0.8905	0.4505
0.02108	0.8959	0.4572
0.02111	0.8943	0.4565
0.02088	0.8921	0.4545
0.02399	0.8923	0.4498
0.03014	0.8925	0.4376
0.02974	0.8907	0.4364
0.0302	0.8903	0.4427
0.03117	0.899	0.4448
0.02796	0.9024	0.4431
0.02958	0.8992	0.4428
0.03166	0.9028	0.4439
0.03156	0.9007	0.439
0.03153	0.8914	0.4356
0.02816	0.89	0.4371
0.02496	0.8968	0.4407
0.02159	0.8996	0.4459
0.0206	0.8953	0.4456
0.02388	0.8942	0.4415
0.02455	0.8944	0.4375
0.02478	0.8937	0.4403
0.02647	0.8952	0.4519
0.02895	0.8927	0.4551
0.03245	0.8904	0.4477
0.03253	0.8927	0.4463
0.0283	0.897	0.4514
0.02404	0.901	0.4479
0.02506	0.9001	0.4372
0.02771	0.8984	0.4327
0.02632	0.8948	0.4362
0.02404	0.8922	0.4416
0.02398	0.899	0.4437
0.02878	0.8995	0.4461
0.03181	0.8907	0.4475
0.02963	0.8886	0.4454
0.03152	0.8911	0.4454
0.03119	0.8944	0.4439
0.02635	0.8966	0.4408
0.02531	0.8972	0.4399
0.02421	0.9005	0.4406
0.02528	0.9007	0.4476
0.02881	0.8961	0.4501
0.02782	0.8945	0.4429
0.02471	0.8949	0.4427
0.02355	0.8934	0.443
0.02523	0.8913	0.433
0.02558	0.8909	0.4334
0.02374	0.8968	0.4501
0.0246	0.9055	0.4577
0.02979	0.9049	0.4501
0.03824	0.8968	0.4421
0.03338	0.8858	0.4352
0.02922	0.8867	0.4444
0.02485	0.886	0.4453
0.0222	0.8867	0.4426
0.02506	0.8913	0.4459
0.02656	0.9055	0.4434
0.02473	0.9124	0.4453
0.03145	0.9018	0.4441
0.03362	0.8987	0.4367
0.02734	0.8984	0.4397
0.02793	0.8905	0.4397
0.02958	0.8899	0.439
0.02697	0.8912	0.4421
0.02309	0.8939	0.4455
0.01995	0.8991	0.4523
0.02039	0.8971	0.4522
0.02056	0.8943	0.451
0.02403	0.8938	0.4474
0.03047	0.8933	0.4364
0.03028	0.8908	0.4362
0.03087	0.8898	0.4433
0.03188	0.8982	0.4461
0.02864	0.9012	0.4449
0.03017	0.8979	0.4448
0.03213	0.9016	0.4459
0.03188	0.8996	0.4408
0.0317	0.8904	0.4371
0.02819	0.8893	0.4381
0.02487	0.8964	0.4414
0.02141	0.8994	0.4462
0.02036	0.8953	0.4455
0.02362	0.8945	0.4411
0.02428	0.8948	0.4368
0.02454	0.8942	0.4396
0.02627	0.8956	0.4511
0.0288	0.8932	0.4544
0.03236	0.8908	0.4471
0.03249	0.893	0.4458
0.02831	0.8972	0.4511
0.02409	0.9011	0.4477
0.02513	0.9001	0.4372
0.0278	0.8983	0.4328
0.02641	0.8947	0.4364
0.02413	0.892	0.4418
0.02406	0.8989	0.444
0.02884	0.8993	0.4464
0.03185	0.8905	0.4477
0.02965	0.8885	0.4456
0.03152	0.891	0.4456
0.03117	0.8944	0.444
0.02633	0.8966	0.4409
0.02527	0.8972	0.4398
0.02418	0.9005	0.4405
0.02524	0.9008	0.4475
0.02878	0.8962	0.45
0.02779	0.8946	0.4428
0.02469	0.895	0.4426
0.02354	0.8934	0.4429
0.02523	0.8913	0.4329
0.02558	0.8909	0.4333
0.02375	0.8968	0.4501
0.02461	0.9055	0.4577
0.0298	0.9049	0.4502
0.03825	0.8968	0.4422
0.03776	0.891	0.4386
0.02612	0.8849	0.4397
0.02213	0.8793	0.4425
0.0262	0.8867	0.4451
0.02675	0.8966	0.4478
0.02613	0.8982	0.4421
0.02557	0.9069	0.4388
0.02323	0.9132	0.4449
0.02416	0.904	0.4452
0.0282	0.8933	0.4483
0.02927	0.8871	0.4506
0.02881	0.8899	0.4371
0.02872	0.8968	0.4302
0.02765	0.8985	0.4351
0.02699	0.8985	0.4413
0.02809	0.894	0.4493
0.02854	0.8914	0.4512
0.02741	0.8935	0.4496
0.02799	0.8902	0.449
0.02782	0.8902	0.4451
0.02533	0.8955	0.4438
0.02487	0.8955	0.4438
0.02472	0.8942	0.4426
0.02448	0.8965	0.4448
0.02661	0.9005	0.4444
0.02814	0.9022	0.4427
0.0285	0.901	0.4409
0.02997	0.8994	0.4355
0.03	0.8954	0.4352
0.02803	0.8913	0.4382
0.02804	0.8918	0.4421
0.02787	0.8926	0.4478
0.02715	0.8938	0.4476
0.02759	0.8951	0.4481
0.02516	0.8927	0.4495
0.02325	0.8921	0.4464
0.02485	0.8941	0.448
0.0268	0.8957	0.4479
0.02862	0.8971	0.4429
0.02835	0.897	0.4412
0.02815	0.897	0.4405
0.02879	0.8975	0.4399
0.02762	0.8981	0.4394
0.02738	0.8998	0.4406
0.02661	0.8985	0.4423
0.02682	0.8953	0.4418
0.02969	0.8936	0.4421
0.0282	0.8931	0.4425
0.02607	0.8955	0.4446
0.02723	0.8953	0.4485
0.02553	0.8908	0.4483
0.02334	0.8902	0.4448
0.02434	0.893	0.4429
0.02624	0.8948	0.4466
0.02928	0.8949	0.4469
0.0319	0.8941	0.4418
0.03115	0.8952	0.442
0.02892	0.9012	0.4419
0.02606	0.9063	0.4406
0.02382	0.9033	0.4418
0.02585	0.8956	0.4425
0.0291	0.8903	0.4437
0.02973	0.89	0.4441
0.02791	0.8922	0.4442
0.03531	0.9054	0.4367
0.02114	0.893	0.4425
0.01717	0.8827	0.4472
0.02267	0.8868	0.4499
0.02525	0.8945	0.4516
0.02667	0.895	0.4446
0.02781	0.9035	0.4397
0.02661	0.91	0.4445
0.02811	0.9015	0.4437
0.03215	0.8916	0.4462
0.03277	0.8863	0.4482
0.03152	0.8899	0.4348
0.03048	0.8975	0.4282
0.02841	0.8996	0.4337
0.02682	0.8999	0.4404
0.02714	0.8956	0.449
0.02702	0.8929	0.4514
0.02555	0.8948	0.4502
0.02601	0.8912	0.45
0.02592	0.8908	0.4462
0.02368	0.8958	0.4449
0.02358	0.8955	0.4448
0.02384	0.894	0.4434
0.02403	0.8961	0.4454
0.02656	0.8999	0.4448
0.02843	0.9016	0.4428
0.02905	0.9004	0.4408
0.03069	0.8989	0.4353
0.0308	0.895	0.4348
0.02882	0.891	0.4378
0.02875	0.8916	0.4417
0.02846	0.8925	0.4474
0.02759	0.8938	0.4472
0.02786	0.8953	0.4478
0.02527	0.8929	0.4493
0.02321	0.8923	0.4463
0.0247	0.8944	0.4479
0.02657	0.8959	0.4479
0.02835	0.8973	0.4431
0.02806	0.8971	0.4413
0.02787	0.8971	0.4407
0.02855	0.8975	0.4401
0.02743	0.8981	0.4396
0.02725	0.8998	0.4407
0.02654	0.8984	0.4424
0.02681	0.8952	0.4418
0.02973	0.8935	0.4422
0.02827	0.893	0.4424
0.02617	0.8954	0.4446
0.02733	0.8952	0.4485
0.02564	0.8908	0.4482
0.02343	0.8901	0.4447
0.02442	0.893	0.4429
0.0263	0.8948	0.4465
0.02932	0.895	0.4468
0.03192	0.8942	0.4418
0.03115	0.8952	0.4419
0.0289	0.9012	0.4419
0.02603	0.9064	0.4406
0.02379	0.9033	0.4418
0.02581	0.8957	0.4425
0.02907	0.8903	0.4437
0.0297	0.89	0.4441
0.02789	0.8922	0.4442
0.02405	0.8949	0.4441
0.02301	0.8977	0.4431
0.02587	0.8961	0.4439
0.02729	0.8918	0.4437
0.02772	0.8912	0.4429
0.02844	0.8943	0.4432
0.02858	0.8978	0.4443
0.0292	0.8986	0.4474
0.02886	0.8978	0.4467
0.02663	0.8932	0.4414
0.02575	0.8912	0.4372
0.02704	0.898	0.4386
0.02727	0.8992	0.4459
0.02693	0.8958	0.449
0.02789	0.897	0.4474
0.02771	0.896	0.4474
0.02674	0.8941	0.4438
0.02663	0.8927	0.4378
0.02605	0.8918	0.4379
0.02525	0.8968	0.4449
0.02655	0.9003	0.4489
0.03081	0.8979	0.4435
0.03296	0.8951	0.4428
0.02947	0.8935	0.4444
0.02515	0.8946	0.4407
0.02321	0.8958	0.4419
0.02344	0.8934	0.4417
0.02553	0.8913	0.4395
0.0283	0.8921	0.4423
0.02846	0.8971	0.4443
0.02349	0.9007	0.4468
0.0224	0.8984	0.4469
0.02961	0.8983	0.4456
0.03237	0.8965	0.4456
0.03069	0.8926	0.4425
0.03123	0.8948	0.4427
0.02799	0.8944	0.4441
0.02562	0.8938	0.4453
0.0281	0.8959	0.448
0.02812	0.8944	0.4441
0.02752	0.8942	0.4414
0.025	0.8939	0.4437
0.02144	0.894	0.4441
0.0236	0.8962	0.4434
0.0266	0.895	0.4391
0.02988	0.8958	0.4358
0.03157	0.8988	0.4408
0.02743	0.8987	0.4468
0.02578	0.896	0.447
0.02594	0.8943	0.4423
0.02473	0.8964	0.4392
0.02732	0.8976	0.4414
0.03036	0.8988	0.4419
0.02849	0.8988	0.4459
0.02527	0.8922	0.4542
0.0268	0.8897	0.4511
0.03052	0.8934	0.4445
0.0305	0.8931	0.443
0.02687	0.892	0.4418
0.02518	0.8936	0.4427
0.02823	0.8943	0.4435
0.02785	0.8945	0.4445
0.02418	0.8953	0.4412
0.02431	0.8982	0.4347
0.02289	0.8983	0.4419
0.02582	0.9019	0.441
0.03004	0.8999	0.4426
0.0312	0.8948	0.4434
0.03051	0.893	0.4437
0.02978	0.8949	0.4448
0.02852	0.8973	0.4465
0.02801	0.8972	0.4498
0.02691	0.8958	0.4489
0.02431	0.891	0.4433
0.02342	0.8889	0.4385
0.02501	0.896	0.4393
0.02572	0.8976	0.4461
0.02597	0.8947	0.4487
0.02754	0.8964	0.4466
0.02793	0.8958	0.4464
0.02741	0.8944	0.4426
0.02763	0.8933	0.4366
0.02723	0.8926	0.4368
0.02646	0.8977	0.444
0.02769	0.9013	0.4482
0.03177	0.8988	0.4431
0.03369	0.8958	0.4426
0.02993	0.894	0.4445
0.02535	0.8949	0.4409
0.02317	0.8959	0.4422
0.0232	0.8933	0.4422
0.02514	0.8911	0.44
0.02783	0.8918	0.4428
0.02795	0.8967	0.4447
0.023	0.9004	0.4471
0.02196	0.8981	0.4471
0.02926	0.898	0.4457
0.03212	0.8963	0.4456
0.03055	0.8925	0.4424
0.03119	0.8947	0.4426
0.02803	0.8944	0.444
0.02573	0.8938	0.4452
0.02826	0.896	0.4479
0.0283	0.8945	0.444
0.0277	0.8943	0.4413
0.02517	0.8941	0.4436
0.02159	0.8942	0.4441
0.02371	0.8963	0.4434
0.02667	0.8951	0.4391
0.02991	0.8958	0.4358
0.03157	0.8988	0.4408
0.0274	0.8987	0.4469
0.02573	0.896	0.4471
0.02588	0.8943	0.4424
0.02466	0.8963	0.4393
0.02725	0.8976	0.4414
0.0303	0.8988	0.4419
0.02845	0.8988	0.4459
0.02524	0.8922	0.4542
0.02678	0.8897	0.4511
0.03051	0.8934	0.4445
0.03051	0.8931	0.443
0.02688	0.892	0.4418
0.0252	0.8936	0.4427
0.02826	0.8943	0.4434
0.02788	0.8945	0.4445
0.0242	0.8953	0.4412
0.02433	0.8982	0.4347
0.02539	0.9016	0.4369
0.02724	0.8997	0.4408
0.02932	0.8959	0.4445
0.02924	0.8961	0.449
0.02892	0.8975	0.4473
0.02761	0.8967	0.4461
0.02557	0.893	0.4465
0.02511	0.8915	0.4454
0.02673	0.8946	0.4449
0.02701	0.8944	0.4443
0.02626	0.8907	0.4432
0.02825	0.8896	0.4428
0.02791	0.8936	0.4434
0.02672	0.9012	0.4427
0.0303	0.9034	0.4422
0.03193	0.9008	0.4412
0.02907	0.8997	0.438
0.02568	0.8969	0.4388
0.02385	0.8932	0.4423
0.02438	0.8917	0.445
0.0244	0.8917	0.4481
0.02466	0.8936	0.4482
0.02697	0.8936	0.4473
0.02759	0.8937	0.4467
0.0271	0.8957	0.4449
0.02803	0.8935	0.4441
0.02944	0.8921	0.4434
0.03065	0.8945	0.4432
0.03036	0.8958	0.4431
0.02836	0.8977	0.4414
0.0246	0.8991	0.4386
0.02331	0.9001	0.437
0.02832	0.9007	0.4397
0.03018	0.8962	0.4443
0.02701	0.8939	0.446
0.02626	0.8952	0.4454
0.02604	0.8922	0.4467
0.02736	0.8922	0.451
0.02878	0.8961	0.45
0.02597	0.896	0.4402
0.02566	0.8946	0.4369
0.02714	0.8939	0.4441
0.02589	0.8934	0.4443
0.02579	0.8945	0.4384
0.02614	0.8972	0.4399
0.02673	0.8985	0.4438
0.02897	0.897	0.4448
0.0303	0.8976	0.445
0.03012	0.8992	0.4454
0.02806	0.8963	0.447
0.02539	0.8882	0.4476
0.02498	0.8857	0.4462
0.02655	0.8971	0.4432
0.02832	0.9036	0.4409
0.02923	0.8986	0.4416
0.02876	0.8963	0.4409
0.02583	0.8934	0.4402
0.02436	0.8931	0.4417
0.02736	0.8952	0.4439
0.02794	0.8924	0.4469
0.02613	0.8949	0.4458
0.02669	0.8974	0.4426
0.0267	0.8955	0.4416
0.02686	0.8963	0.4413
0.03167	0.8967	0.4377
0.02799	0.8958	0.4431
0.02729	0.8932	0.4469
0.02627	0.8946	0.4506
0.02613	0.8971	0.4479
0.02559	0.8973	0.4457
0.02454	0.8943	0.4452
0.02502	0.8932	0.4435
0.02741	0.8964	0.4427
0.0282	0.8961	0.4421
0.02769	0.8922	0.4413
0.02968	0.8907	0.4413
0.02916	0.8943	0.4425
0.02765	0.9015	0.4424
0.03086	0.9034	0.4423
0.0321	0.9004	0.4417
0.02888	0.8991	0.4388
0.02521	0.8962	0.4399
0.02319	0.8924	0.4433
0.02361	0.891	0.446
0.02362	0.8911	0.449
0.02394	0.8931	0.4489
0.02638	0.8933	0.4477
0.02716	0.8935	0.4469
0.02683	0.8957	0.445
0.02794	0.8936	0.4439
0.0295	0.8923	0.4431
0.03083	0.8947	0.4428
0.03063	0.8961	0.4426
0.02868	0.898	0.441
0.02493	0.8993	0.4383
0.02363	0.9003	0.4367
0.0286	0.9008	0.4394
0.0304	0.8963	0.4441
0.02716	0.894	0.4459
0.02634	0.8951	0.4454
0.02605	0.8921	0.4467
0.02732	0.8921	0.4511
0.0287	0.8959	0.4501
0.02586	0.8959	0.4404
0.02554	0.8945	0.4371
0.02703	0.8938	0.4442
0.02578	0.8934	0.4444
0.0257	0.8945	0.4384
0.02607	0.8971	0.44
0.02669	0.8985	0.4438
0.02895	0.8971	0.4448
0.0303	0.8976	0.445
0.03014	0.8992	0.4454
0.0281	0.8963	0.447
0.02543	0.8883	0.4475
0.02503	0.8857	0.4462
0.02659	0.8971	0.4431
0.02835	0.9036	0.4409
0.02925	0.8986	0.4416
0.02878	0.8963	0.4409
0.02584	0.8934	0.4403
0.02436	0.8931	0.4417
0.02735	0.8952	0.444
0.02793	0.8924	0.4469
0.02612	0.8949	0.4459
0.02668	0.8974	0.4426
0.02669	0.8955	0.4417
0.02684	0.8963	0.4413
0.0277	0.8951	0.442
0.02716	0.8945	0.4438
0.02793	0.8949	0.4449
0.02982	0.8954	0.4454
0.0298	0.8983	0.4453
0.02766	0.8984	0.4443
0.0265	0.8963	0.4437
0.02746	0.8932	0.4443
0.02727	0.8914	0.4445
0.0266	0.8942	0.4452
0.02446	0.8971	0.4456
0.02146	0.8985	0.4438
0.02331	0.8977	0.4428
0.02672	0.897	0.4424
0.02975	0.8969	0.441
0.03156	0.8943	0.4414
0.02982	0.8917	0.4421
0.03031	0.8889	0.4415
0.03021	0.8899	0.4422
0.0275	0.8985	0.4436
0.02783	0.9022	0.4438
0.02652	0.897	0.4426
0.02334	0.8943	0.4416
0.0239	0.8941	0.4439
0.02562	0.8936	0.4482
0.02578	0.8984	0.4487
0.02658	0.9021	0.4463
0.02796	0.897	0.4454
0.02786	0.8914	0.444
0.02838	0.8902	0.4407
0.02909	0.895	0.4404
0.0294	0.9003	0.4438
0.02966	0.8979	0.4451
0.02685	0.8942	0.4445
0.02569	0.8928	0.4476
0.02699	0.8934	0.4471
0.02521	0.8942	0.4366
0.02425	0.8917	0.4324
0.02567	0.8934	0.4386
0.02775	0.8987	0.4415
0.02954	0.9	0.4444
0.02877	0.8984	0.4485
0.02853	0.8973	0.4481
0.02905	0.8966	0.45
0.02865	0.8946	0.4487
0.0283	0.8941	0.4366
0.02496	0.8918	0.4344
0.02319	0.8881	0.4482
0.02645	0.8927	0.4514
0.02692	0.898	0.4444
0.02655	0.8996	0.4453
0.02761	0.9014	0.445
0.02688	0.8993	0.4414
0.02753	0.8947	0.4425
0.02762	0.8907	0.4412
0.02687	0.8922	0.4406
0.02815	0.8973	0.4447
0.02743	0.8992	0.4464
0.02815	0.8981	0.444
0.03029	0.8945	0.4365
0.0284	0.8926	0.4337
0.02733	0.8919	0.4406
0.02572	0.8898	0.4458
0.02473	0.893	0.4508
0.02184	0.9026	0.4529
0.02568	0.8984	0.4467
0.02878	0.8963	0.4433
0.03159	0.8952	0.4417
0.03165	0.8972	0.4413
0.0291	0.8969	0.4409
0.02734	0.8949	0.4413
0.02769	0.892	0.4431
0.02698	0.8906	0.4444
0.02595	0.8938	0.4459
0.02362	0.8971	0.447
0.02059	0.8988	0.4454
0.02253	0.8982	0.4444
0.02612	0.8976	0.4439
0.02939	0.8975	0.4422
0.03144	0.8949	0.4421
0.02992	0.8923	0.4423
0.03059	0.8893	0.4414
0.03062	0.8901	0.4418
0.02798	0.8986	0.4429
0.02833	0.9021	0.4431
0.02698	0.8968	0.4418
0.02372	0.894	0.4408
0.02419	0.8939	0.4433
0.02579	0.8933	0.4477
0.02585	0.8981	0.4484
0.02654	0.9018	0.4462
0.02784	0.8968	0.4454
0.02769	0.8913	0.4442
0.02818	0.8902	0.4409
0.02887	0.895	0.4407
0.0292	0.9004	0.4441
0.02948	0.898	0.4454
0.02671	0.8943	0.4448
0.02559	0.8929	0.4478
0.02694	0.8935	0.4473
0.0252	0.8943	0.4367
0.02428	0.8918	0.4325
0.02572	0.8934	0.4386
0.02782	0.8987	0.4414
0.02962	0.9	0.4443
0.02884	0.8984	0.4484
0.0286	0.8973	0.448
0.02911	0.8965	0.4499
0.02869	0.8946	0.4486
0.02833	0.8941	0.4365
0.02497	0.8918	0.4344
0.02319	0.8881	0.4482
0.02643	0.8927	0.4514
0.0269	0.898	0.4444
0.02652	0.8996	0.4453
0.02758	0.9014	0.4451
0.02685	0.8993	0.4414
0.02751	0.8947	0.4425
0.0276	0.8907	0.4412
0.02686	0.8922	0.4407
0.02814	0.8974	0.4448
0.02743	0.8992	0.4464
0.02816	0.8981	0.444
0.0303	0.8945	0.4365
0.02841	0.8926	0.4336
0.02734	0.8919	0.4406
0.02573	0.8898	0.4458
0.02474	0.893	0.4508
0.02949	0.9002	0.4551
0.02948	0.902	0.449
0.02341	0.8974	0.4374
0.02146	0.8966	0.4344
0.02387	0.8976	0.4421
0.02663	0.8896	0.4458
0.02758	0.8881	0.4446
0.02799	0.8966	0.4464
0.03031	0.8982	0.4453
0.03351	0.8987	0.4455
0.03283	0.8999	0.4475
0.02912	0.8925	0.4445
0.02704	0.8874	0.4436
0.0251	0.892	0.4438
0.02455	0.8975	0.4409
0.02599	0.9014	0.4387
0.02596	0.9019	0.4382
0.02452	0.897	0.442
0.02317	0.8938	0.446
0.0247	0.8928	0.445
0.0283	0.8923	0.4429
0.03059	0.8945	0.441
0.02978	0.8955	0.4423
0.02608	0.8961	0.4447
0.02408	0.8966	0.4437
0.02576	0.8955	0.442
0.03032	0.8963	0.4451
0.03222	0.8968	0.4493
0.02871	0.896	0.4449
0.02794	0.8937	0.4443
0.02824	0.8912	0.4504
0.02621	0.8933	0.4468
0.02645	0.8956	0.4416
0.02647	0.897	0.4381
0.02657	0.8986	0.4369
0.02759	0.8965	0.4412
0.02563	0.8945	0.442
0.02383	0.8947	0.4446
0.0239	0.8973	0.4462
0.02514	0.8985	0.4434
0.02849	0.8939	0.4434
0.02982	0.8931	0.4414
0.0293	0.8963	0.4438
0.03048	0.8952	0.448
0.02992	0.8931	0.4464
0.02792	0.8937	0.4463
0.02738	0.8978	0.4424
0.0263	0.8997	0.4387
0.02619	0.8954	0.441
0.02645	0.8943	0.4408
0.02439	0.8968	0.4414
0.02424	0.8962	0.4449
0.02633	0.8926	0.4472
0.02789	0.8884	0.4473
0.02946	0.8902	0.4457
0.03004	0.8973	0.4456
0.02916	0.8996	0.4472
0.02731	0.8996	0.4483
0.02539	0.8997	0.4437
0.02498	0.8981	0.4343
0.02636	0.8976	0.4334
0.02777	0.8954	0.4398
0.02814	0.8941	0.4406
0.02888	0.8951	0.441
0.03362	0.8884	0.4528
0.02935	0.8948	0.4509
0.02129	0.8936	0.4411
0.01883	0.8954	0.4382
0.02161	0.8982	0.4454
0.02516	0.8912	0.448
0.02702	0.8902	0.4457
0.02825	0.8988	0.4464
0.03119	0.9002	0.4445
0.03477	0.9003	0.4442
0.03422	0.901	0.446
0.03043	0.8931	0.443
0.02812	0.8876	0.4422
0.02585	0.8917	0.4428
0.02492	0.8969	0.4402
0.026	0.9007	0.4384
0.02566	0.9011	0.4383
0.02398	0.8962	0.4425
0.02248	0.8932	0.4467
0.02395	0.8922	0.4458
0.02757	0.8919	0.4436
0.02995	0.8943	0.4417
0.02926	0.8954	0.4429
0.02572	0.8962	0.4451
0.02389	0.8968	0.444
0.02573	0.8958	0.4421
0.03043	0.8966	0.4451
0.03243	0.8971	0.4491
0.029	0.8963	0.4446
0.02826	0.8939	0.444
0.02856	0.8913	0.4501
0.0265	0.8934	0.4465
0.0267	0.8956	0.4413
0.02665	0.897	0.4379
0.02669	0.8985	0.4367
0.02764	0.8964	0.4411
0.02562	0.8944	0.442
0.02378	0.8946	0.4447
0.02381	0.8972	0.4463
0.02503	0.8984	0.4435
0.02838	0.8938	0.4435
0.0297	0.893	0.4415
0.0292	0.8963	0.444
0.0304	0.8952	0.4481
0.02986	0.8931	0.4465
0.02789	0.8938	0.4463
0.02738	0.8979	0.4424
0.02631	0.8997	0.4387
0.02621	0.8954	0.4409
0.02648	0.8943	0.4408
0.02443	0.8969	0.4414
0.02428	0.8962	0.4448
0.02637	0.8926	0.4472
0.02792	0.8884	0.4472
0.02948	0.8902	0.4457
0.03005	0.8973	0.4456
0.02916	0.8996	0.4472
0.02731	0.8996	0.4483
0.02538	0.8996	0.4437
0.02497	0.8981	0.4343
0.02635	0.8975	0.4334
0.02776	0.8954	0.4398
0.02813	0.8941	0.4406
0.02887	0.8951	0.441
0.02862	0.8916	0.4476
0.02632	0.8897	0.4515
0.02392	0.8924	0.4487
0.02424	0.8949	0.444
0.02921	0.8985	0.4417
0.03154	0.8985	0.4449
0.02786	0.8946	0.4472
0.02585	0.8944	0.4451
0.02576	0.8975	0.4448
0.02552	0.8975	0.4426
0.02682	0.8929	0.4382
0.02779	0.8926	0.4384
0.02804	0.8984	0.4406
0.02854	0.8992	0.4433
0.02815	0.896	0.4456
0.02738	0.8955	0.4476
0.02669	0.8953	0.4475
0.02612	0.8945	0.4392
0.02712	0.8952	0.4356
0.02771	0.8965	0.4446
0.02673	0.8969	0.449
0.02719	0.8953	0.447
0.02785	0.8926	0.4461
0.02737	0.8922	0.4433
0.02766	0.8911	0.4419
0.029	0.8909	0.4422
0.02914	0.8978	0.4429
0.02614	0.904	0.4464
0.02476	0.9013	0.4466
0.02623	0.8933	0.4432
0.02612	0.8904	0.4396
0.02682	0.8977	0.4378
0.027	0.9001	0.4428
0.02495	0.8946	0.4474
0.02644	0.8947	0.4462
0.03032	0.8934	0.4441
0.03036	0.8883	0.4419
0.02524	0.8902	0.4416
0.02407	0.8958	0.4432
0.03118	0.9006	0.4448
0.0317	0.9012	0.4467
0.02385	0.8984	0.4457
0.02116	0.8973	0.4404
0.02478	0.8955	0.4383
0.03143	0.8948	0.4432
0.03393	0.8948	0.4454
0.02875	0.8941	0.4433
0.02717	0.8946	0.4452
0.02886	0.8929	0.4457
0.02638	0.8929	0.4438
0.02494	0.8965	0.4438
0.0252	0.8972	0.4426
0.02495	0.8953	0.4442
0.0248	0.8931	0.448
0.02309	0.8932	0.4478
0.0244	0.8959	0.4437
0.02934	0.898	0.4384
0.03109	0.8985	0.4382
0.03038	0.8981	0.4403
0.03093	0.8972	0.4412
0.03091	0.8954	0.4439
0.02805	0.8937	0.4428
0.02569	0.8922	0.4394
0.02429	0.8934	0.4418
0.0206	0.8952	0.4511
0.0251	0.8934	0.4523
0.02619	0.8954	0.448
0.02778	0.897	0.4426
0.03263	0.8996	0.4401
0.03408	0.8987	0.4435
0.02922	0.8939	0.4461
0.02604	0.8933	0.4443
0.02499	0.8961	0.4444
0.02408	0.896	0.4425
0.02503	0.8915	0.4383
0.02595	0.8914	0.4387
0.0264	0.8976	0.441
0.02726	0.8988	0.4437
0.02733	0.8959	0.446
0.02704	0.8956	0.4478
0.02681	0.8957	0.4476
0.02661	0.8951	0.4393
0.02788	0.8958	0.4356
0.02863	0.8971	0.4446
0.0277	0.8975	0.4489
0.0281	0.8958	0.4469
0.02864	0.893	0.446
0.02798	0.8924	0.4431
0.02805	0.8911	0.4418
0.02918	0.8908	0.4421
0.02913	0.8977	0.4428
0.02597	0.9038	0.4463
0.02447	0.901	0.4467
0.02586	0.8931	0.4432
0.02572	0.8902	0.4396
0.02643	0.8975	0.4379
0.02665	0.8999	0.4428
0.02466	0.8945	0.4474
0.02623	0.8947	0.4462
0.0302	0.8933	0.4441
0.03032	0.8883	0.442
0.02526	0.8903	0.4417
0.02415	0.8959	0.4432
0.0313	0.9007	0.4447
0.03184	0.9013	0.4467
0.02399	0.8985	0.4456
0.02129	0.8973	0.4403
0.0249	0.8956	0.4383
0.03152	0.8948	0.4432
0.03399	0.8948	0.4454
0.02878	0.8941	0.4433
0.02717	0.8945	0.4452
0.02883	0.8928	0.4457
0.02634	0.8929	0.4438
0.02489	0.8964	0.4438
0.02514	0.8971	0.4426
0.0249	0.8952	0.4442
0.02475	0.8931	0.448
0.02305	0.8932	0.4478
0.02437	0.8959	0.4437
0.02932	0.898	0.4384
0.03109	0.8985	0.4382
0.03039	0.8981	0.4403
0.03094	0.8972	0.4412
0.03093	0.8954	0.4439
0.02807	0.8937	0.4428
0.02571	0.8923	0.4394
0.02431	0.8935	0.4417
0.02318	0.8975	0.4461
0.02465	0.8983	0.4495
0.02503	0.8959	0.4518
0.02617	0.8897	0.4519
0.03047	0.8871	0.4486
0.03068	0.8958	0.4419
0.02951	0.8985	0.439
0.03073	0.8953	0.44
0.02917	0.9017	0.4382
0.02578	0.9027	0.4369
0.02437	0.8974	0.4392
0.02441	0.8975	0.4434
0.02451	0.895	0.4456
0.02537	0.8931	0.4452
0.02623	0.8936	0.4474
0.02662	0.8922	0.4486
0.02971	0.8942	0.4451
0.03103	0.8952	0.4433
0.02719	0.8939	0.4426
0.02572	0.8929	0.4413
0.02644	0.8918	0.4412
0.02689	0.8955	0.4416
0.02888	0.8972	0.4433
0.02877	0.8951	0.4449
0.02768	0.8966	0.4458
0.02745	0.8973	0.4446
0.02648	0.8975	0.4418
0.02768	0.8979	0.4435
0.0284	0.8958	0.4434
0.02708	0.8965	0.4385
0.02809	0.8983	0.4416
0.0281	0.8963	0.4508
0.0254	0.8924	0.4536
0.02334	0.8916	0.4464
0.02327	0.8958	0.4374
0.02637	0.897	0.4372
0.02917	0.893	0.4419
0.02897	0.8938	0.4432
0.02864	0.8987	0.4433
0.02868	0.8983	0.4456
0.02828	0.893	0.4464
0.02735	0.8906	0.4425
0.0267	0.8937	0.4416
0.02734	0.8962	0.444
0.02722	0.8968	0.4448
0.02599	0.8988	0.447
0.02515	0.899	0.4443
0.02563	0.8964	0.4355
0.02849	0.8942	0.4356
0.02962	0.8938	0.4447
0.02712	0.895	0.4482
0.02695	0.8961	0.4463
0.02896	0.8969	0.4478
0.02931	0.8948	0.4459
0.02896	0.8921	0.441
0.02755	0.8927	0.4438
0.02543	0.8936	0.4446
0.02476	0.895	0.442
0.02465	0.8974	0.4445
0.02468	0.8975	0.4437
0.02533	0.8963	0.4416
0.02672	0.896	0.4446
0.02874	0.8959	0.4448
0.02957	0.8946	0.4432
0.03351	0.8977	0.4348
0.02777	0.8998	0.4429
0.02415	0.8975	0.4483
0.02349	0.8909	0.4505
0.02741	0.8875	0.4485
0.02807	0.8955	0.4426
0.02776	0.8976	0.4402
0.02992	0.8939	0.4413
0.02922	0.9001	0.4396
0.02648	0.9011	0.4382
0.02547	0.896	0.4403
0.02568	0.8964	0.4443
0.02574	0.8942	0.4463
0.0264	0.8927	0.4457
0.02696	0.8936	0.4476
0.02701	0.8926	0.4486
0.02976	0.8948	0.445
0.03079	0.8959	0.4431
0.02671	0.8947	0.4423
0.0251	0.8937	0.441
0.02575	0.8925	0.4409
0.02622	0.896	0.4413
0.02828	0.8976	0.443
0.02829	0.8953	0.4447
0.02734	0.8966	0.4457
0.02726	0.8972	0.4445
0.02644	0.8973	0.4418
0.02777	0.8976	0.4435
0.02859	0.8955	0.4434
0.02734	0.8962	0.4386
0.02838	0.898	0.4416
0.0284	0.8961	0.4509
0.02568	0.8922	0.4537
0.02357	0.8915	0.4465
0.02345	0.8957	0.4375
0.02648	0.897	0.4373
0.02923	0.8931	0.4419
0.02897	0.8939	0.4432
0.02859	0.8988	0.4433
0.0286	0.8984	0.4456
0.02818	0.8931	0.4464
0.02724	0.8907	0.4424
0.02659	0.8937	0.4415
0.02724	0.8962	0.444
0.02714	0.8969	0.4448
0.02593	0.8988	0.447
0.02512	0.8989	0.4443
0.02563	0.8964	0.4355
0.0285	0.8942	0.4356
0.02965	0.8938	0.4447
0.02716	0.8949	0.4482
0.02698	0.8961	0.4463
0.029	0.8969	0.4478
0.02935	0.8948	0.4459
0.02899	0.8921	0.441
0.02757	0.8927	0.4438
0.02544	0.8936	0.4446
0.02476	0.895	0.442
0.02465	0.8974	0.4445
0.02467	0.8975	0.4437
0.02532	0.8963	0.4416
0.0267	0.896	0.4446
0.02872	0.8959	0.4448
0.02956	0.8946	0.4432
0.0298	0.8934	0.4413
0.03103	0.896	0.4398
0.0306	0.8992	0.4444
0.02619	0.8986	0.4481
0.02132	0.8969	0.4459
0.02127	0.896	0.4407
0.02476	0.8962	0.4383
0.028	0.8978	0.4442
0.03027	0.8964	0.4468
0.03186	0.8916	0.4448
0.03213	0.8914	0.4466
0.0285	0.8928	0.4436
0.02614	0.8877	0.4404
0.02742	0.8863	0.442
0.02433	0.894	0.441
0.02329	0.9	0.4445
0.02692	0.9034	0.4472
0.02635	0.9047	0.4417
0.02605	0.9002	0.4389
0.02643	0.8962	0.4404
0.02665	0.8946	0.446
0.03051	0.8918	0.4504
0.03097	0.8921	0.4466
0.0271	0.895	0.4465
0.02585	0.8958	0.4479
0.02657	0.8951	0.4448
0.0265	0.8936	0.4421
0.02716	0.8931	0.435
0.02792	0.8952	0.4343
0.02711	0.8974	0.4448
0.02734	0.8973	0.4471
0.02574	0.8972	0.4442
0.02455	0.8993	0.4452
0.02893	0.8981	0.4436
0.02961	0.8906	0.4397
0.02815	0.889	0.4405
0.03112	0.8967	0.4439
0.03023	0.8984	0.444
0.02521	0.8938	0.4443
0.02262	0.8952	0.4455
0.02339	0.8987	0.4475
0.02619	0.8982	0.4489
0.02746	0.8951	0.4452
0.02647	0.8911	0.4428
0.02799	0.8916	0.4425
0.03197	0.894	0.4407
0.03131	0.8935	0.4408
0.02629	0.8949	0.4412
0.02401	0.8981	0.4428
0.02562	0.8993	0.4455
0.02687	0.8972	0.4452
0.02608	0.896	0.4439
0.02589	0.8971	0.4431
0.02607	0.8966	0.4427
0.02519	0.8967	0.4425
0.02636	0.8977	0.4427
0.03029	0.8972	0.4446
0.03158	0.8945	0.445
0.03007	0.8901	0.444
0.02996	0.8883	0.4432
0.02828	0.8896	0.4432
0.02607	0.8957	0.447
0.02637	0.9009	0.4484
0.02517	0.897	0.4426
0.02472	0.894	0.4407
0.02821	0.8955	0.4369
0.02925	0.8984	0.4411
0.02579	0.898	0.4454
0.0215	0.8968	0.4443
0.02177	0.8964	0.4403
0.02543	0.897	0.439
0.02872	0.8988	0.4457
0.03098	0.8975	0.4487
0.0325	0.8926	0.4469
0.03269	0.8922	0.4485
0.02895	0.8934	0.4451
0.02649	0.888	0.4415
0.02766	0.8864	0.4424
0.02447	0.8937	0.441
0.02334	0.8995	0.4441
0.0269	0.9029	0.4464
0.02627	0.9041	0.4406
0.02594	0.8995	0.4378
0.02629	0.8956	0.4394
0.0265	0.8941	0.445
0.03037	0.8915	0.4497
0.03084	0.8919	0.4461
0.027	0.8949	0.4462
0.02577	0.8958	0.4479
0.02652	0.8953	0.4449
0.02648	0.8938	0.4424
0.02716	0.8933	0.4354
0.02794	0.8955	0.4348
0.02714	0.8976	0.4453
0.02738	0.8975	0.4475
0.02578	0.8974	0.4445
0.02458	0.8995	0.4455
0.02897	0.8982	0.4438
0.02964	0.8906	0.4397
0.02817	0.889	0.4405
0.03113	0.8966	0.4438
0.03023	0.8984	0.4439
0.02521	0.8937	0.4441
0.02261	0.8951	0.4453
0.02338	0.8986	0.4473
0.02617	0.8981	0.4488
0.02744	0.895	0.4451
0.02646	0.891	0.4427
0.02798	0.8916	0.4425
0.03197	0.894	0.4407
0.03131	0.8935	0.4409
0.02629	0.8949	0.4413
0.02401	0.8981	0.4428
0.02562	0.8993	0.4456
0.02687	0.8972	0.4453
0.02609	0.896	0.4439
0.02589	0.8971	0.4431
0.02607	0.8966	0.4428
0.02519	0.8967	0.4425
0.02636	0.8977	0.4427
0.03029	0.8972	0.4446
0.03159	0.8945	0.445
0.03007	0.8901	0.444
0.02996	0.8883	0.4432
0.02828	0.8896	0.4432
0.02607	0.8956	0.447
0.02637	0.9009	0.4484
0.02517	0.897	0.4425
0.02505	0.8945	0.4385
0.0263	0.8958	0.4401
0.02512	0.8984	0.4434
0.02499	0.9018	0.4463
0.02658	0.8967	0.443
0.02981	0.891	0.435
0.03228	0.892	0.4355
0.02859	0.8944	0.4448
0.02396	0.8964	0.4497
0.02323	0.8952	0.4481
0.02495	0.8968	0.4484
0.0283	0.8996	0.4504
0.02955	0.8975	0.4497
0.0289	0.8963	0.4468
0.02972	0.8918	0.4404
0.02947	0.8898	0.4375
0.02744	0.8948	0.4418
0.02549	0.8948	0.4415
0.02461	0.8946	0.4373
0.02667	0.8961	0.4376
0.02826	0.8961	0.4409
0.02688	0.8981	0.4446
0.02607	0.8966	0.4469
0.02695	0.8948	0.4473
0.02944	0.8959	0.4453
0.03038	0.8952	0.4429
0.02617	0.8955	0.4435
0.02371	0.896	0.4446
0.02546	0.895	0.4456
0.0254	0.8953	0.4464
0.0265	0.895	0.4459
0.02915	0.895	0.4462
0.02809	0.896	0.4452
0.02736	0.8962	0.4408
0.02825	0.8966	0.4347
0.02813	0.8952	0.4352
0.02849	0.8941	0.4424
0.02817	0.8955	0.4471
0.02783	0.8945	0.4515
0.02802	0.8947	0.4492
0.02684	0.8985	0.4406
0.02635	0.8985	0.4416
0.026	0.8939	0.4426
0.02564	0.8916	0.4398
0.02744	0.8928	0.4382
0.02716	0.8933	0.4382
0.02338	0.8958	0.4505
0.02325	0.899	0.456
0.02871	0.8981	0.4466
0.03159	0.8977	0.4475
0.03018	0.8964	0.4482
0.02956	0.8919	0.4403
0.0278	0.8896	0.4366
0.02591	0.8923	0.4365
0.02633	0.8981	0.4418
0.02654	0.9005	0.445
0.0273	0.899	0.4388
0.02746	0.8961	0.4378
0.0272	0.8939	0.4411
0.02678	0.8966	0.4406
0.02522	0.8973	0.4441
0.02657	0.8946	0.4514
0.02707	0.8961	0.4537
0.02653	0.8962	0.4505
0.02524	0.8903	0.4525
0.02849	0.8916	0.4454
0.02806	0.8948	0.4429
0.02784	0.8992	0.4423
0.02882	0.8953	0.4373
0.03119	0.8907	0.429
0.03274	0.8926	0.43
0.02822	0.8956	0.4405
0.02294	0.8981	0.4468
0.02179	0.897	0.4467
0.02331	0.8986	0.4483
0.02666	0.9012	0.4514
0.02809	0.8987	0.4515
0.02773	0.8971	0.449
0.02893	0.8922	0.4427
0.02906	0.8898	0.4397
0.0274	0.8945	0.4437
0.02576	0.8942	0.4429
0.02512	0.8939	0.4382
0.02733	0.8953	0.438
0.02899	0.8954	0.4409
0.0276	0.8975	0.4442
0.02672	0.8961	0.4461
0.02748	0.8944	0.4464
0.02983	0.8957	0.4443
0.0306	0.8951	0.442
0.02625	0.8956	0.4428
0.02365	0.8962	0.4439
0.0253	0.8953	0.4452
0.02517	0.8955	0.4462
0.02623	0.8953	0.4458
0.02887	0.8953	0.4463
0.02783	0.8963	0.4455
0.02714	0.8964	0.4411
0.02808	0.8967	0.4351
0.02801	0.8952	0.4356
0.02843	0.8941	0.4427
0.02816	0.8954	0.4474
0.02787	0.8944	0.4517
0.02809	0.8946	0.4493
0.02693	0.8984	0.4406
0.02646	0.8984	0.4415
0.0261	0.8938	0.4425
0.02573	0.8915	0.4397
0.02751	0.8927	0.4381
0.02721	0.8933	0.4381
0.02341	0.8958	0.4504
0.02326	0.899	0.4559
0.0287	0.8981	0.4465
0.03157	0.8978	0.4474
0.03015	0.8965	0.4482
0.02953	0.892	0.4403
0.02777	0.8897	0.4366
0.02587	0.8923	0.4365
0.0263	0.8981	0.4418
0.02651	0.9005	0.4451
0.02728	0.899	0.4388
0.02745	0.8961	0.4378
0.0272	0.8939	0.4411
0.02678	0.8966	0.4406
0.02523	0.8973	0.4441
0.02659	0.8945	0.4514
0.02708	0.8961	0.4537
0.02654	0.8962	0.4505
0.02866	0.8929	0.4471
0.02847	0.8918	0.4454
0.02828	0.8922	0.4428
0.02801	0.8932	0.4417
0.02602	0.8955	0.4421
0.02614	0.8967	0.4413
0.02588	0.8949	0.44
0.02595	0.8942	0.4386
0.02724	0.8969	0.4389
0.02813	0.8988	0.4422
0.02943	0.9004	0.4435
0.0305	0.8994	0.4412
0.03014	0.8931	0.4415
0.0255	0.8905	0.4425
0.0218	0.8937	0.4434
0.02463	0.8965	0.4477
0.0291	0.9008	0.4473
0.03078	0.9022	0.4467
0.0278	0.894	0.4521
0.02652	0.8883	0.4517
0.02794	0.891	0.4461
0.02523	0.8913	0.4419
0.02526	0.8928	0.44
0.0281	0.8989	0.4386
0.0274	0.9005	0.4366
0.02616	0.8981	0.4383
0.0245	0.8975	0.4391
0.02515	0.8978	0.4393
0.02891	0.8946	0.4437
0.02993	0.8885	0.4486
0.02874	0.889	0.4526
0.02825	0.8963	0.4506
0.029	0.8994	0.4443
0.0301	0.8966	0.4403
0.02964	0.8938	0.4405
0.02634	0.8921	0.445
0.02386	0.8933	0.4454
0.02497	0.8988	0.4399
0.02448	0.9019	0.4391
0.02427	0.9003	0.4445
0.02665	0.898	0.4462
0.02716	0.8947	0.4432
0.02808	0.8929	0.4423
0.02899	0.8944	0.4416
0.02896	0.8956	0.4406
0.02896	0.8956	0.4415
0.02526	0.8935	0.4427
0.02446	0.8928	0.4464
0.03006	0.895	0.4498
0.03083	0.8953	0.4492
0.02675	0.8956	0.4456
0.02655	0.8961	0.4422
0.02822	0.8943	0.4419
0.02754	0.8937	0.4415
0.02695	0.8944	0.4448
0.0271	0.8949	0.4468
0.02683	0.8974	0.439
0.02673	0.8982	0.4377
0.02586	0.8941	0.4436
0.02502	0.893	0.4437
0.02536	0.8967	0.444
0.02599	0.8978	0.4447
0.02752	0.8971	0.4431
0.02889	0.8954	0.443
0.03404	0.8946	0.4321
0.02928	0.8947	0.4435
0.02661	0.8951	0.4485
0.02536	0.8956	0.4509
0.02335	0.8969	0.452
0.02403	0.8972	0.4498
0.02459	0.8944	0.4464
0.02553	0.8929	0.4423
0.02757	0.8952	0.4399
0.02904	0.8968	0.441
0.03069	0.8984	0.4407
0.03191	0.8977	0.4374
0.03149	0.8917	0.4373
0.02664	0.8896	0.4384
0.02265	0.8933	0.4398
0.02514	0.8965	0.4449
0.02926	0.9011	0.4455
0.03064	0.9028	0.4459
0.02741	0.8948	0.4522
0.02595	0.8892	0.4525
0.02727	0.8918	0.4475
0.02455	0.8921	0.4436
0.02463	0.8934	0.4418
0.02757	0.8993	0.4403
0.027	0.9007	0.4381
0.02591	0.8982	0.4395
0.02439	0.8974	0.4399
0.02517	0.8976	0.4398
0.02904	0.8943	0.4437
0.03014	0.8882	0.4484
0.029	0.8887	0.4521
0.02852	0.896	0.45
0.02926	0.8992	0.4436
0.03033	0.8964	0.4396
0.02983	0.8936	0.4399
0.02647	0.892	0.4445
0.02394	0.8933	0.445
0.02499	0.8988	0.4397
0.02445	0.902	0.439
0.02421	0.9004	0.4445
0.02656	0.8982	0.4463
0.02706	0.8948	0.4434
0.02798	0.893	0.4426
0.0289	0.8945	0.4419
0.02889	0.8956	0.4409
0.0289	0.8956	0.4418
0.02522	0.8935	0.4428
0.02444	0.8928	0.4465
0.03006	0.895	0.4499
0.03085	0.8953	0.4492
0.02678	0.8955	0.4456
0.02659	0.8961	0.4422
0.02825	0.8943	0.4418
0.02757	0.8937	0.4414
0.02698	0.8944	0.4448
0.02713	0.8949	0.4467
0.02684	0.8974	0.439
0.02674	0.8982	0.4377
0.02587	0.8941	0.4436
0.02501	0.893	0.4437
0.02535	0.8967	0.444
0.02598	0.8978	0.4447
0.02751	0.8971	0.4432
0.02887	0.8954	0.443
0.02889	0.8928	0.4424
0.02873	0.8944	0.4422
0.0284	0.8966	0.444
0.028	0.8977	0.4449
0.02791	0.8984	0.4453
0.02748	0.8958	0.4456
0.02634	0.8946	0.4447
0.02548	0.8952	0.4435
0.02587	0.894	0.4432
0.02651	0.8944	0.4452
0.02625	0.895	0.4478
0.02612	0.8947	0.4458
0.028	0.8947	0.4413
0.03045	0.8944	0.4384
0.0301	0.8955	0.4393
0.02811	0.8962	0.4425
0.02671	0.8954	0.4436
0.02578	0.8949	0.4432
0.02522	0.895	0.4431
0.02564	0.8959	0.4438
0.02723	0.8957	0.4451
0.02792	0.8938	0.445
0.02798	0.8937	0.4431
0.02799	0.8965	0.4408
0.02618	0.898	0.4429
0.02553	0.8981	0.4477
0.02702	0.8992	0.4485
0.02737	0.8987	0.4462
0.0265	0.896	0.4448
0.02575	0.894	0.4431
0.02598	0.8923	0.4403
0.02709	0.8925	0.4408
0.02968	0.8925	0.4422
0.03182	0.8919	0.4406
0.03125	0.894	0.4414
0.03029	0.8959	0.4441
0.02822	0.8985	0.4447
0.02565	0.8991	0.4445
0.02413	0.894	0.4439
0.02323	0.8927	0.4444
0.02419	0.8967	0.4456
0.02459	0.8981	0.4444
0.0264	0.8963	0.4415
0.02941	0.8942	0.441
0.02857	0.8944	0.4448
0.02833	0.8983	0.4462
0.02745	0.8997	0.443
0.02649	0.8948	0.4433
0.02986	0.8937	0.445
0.02909	0.8955	0.4443
0.02431	0.8927	0.4439
0.02316	0.892	0.4431
0.02682	0.8939	0.4423
0.03149	0.8949	0.443
0.03079	0.8963	0.4439
0.02663	0.8961	0.4442
0.02465	0.8957	0.4438
0.02665	0.8961	0.4431
0.02824	0.8971	0.443
0.02681	0.8986	0.4434
0.02683	0.8979	0.4439
0.02705	0.8965	0.4434
0.0269	0.894	0.442
0.02629	0.8921	0.4412
0.01828	0.8939	0.4492
0.02745	0.894	0.4422
0.03193	0.8955	0.4408
0.03325	0.8965	0.4408
0.03292	0.8974	0.4417
0.03118	0.8952	0.4434
0.0283	0.8944	0.4439
0.0257	0.8954	0.4441
0.02465	0.8946	0.4448
0.02427	0.8953	0.4475
0.02348	0.896	0.4504
0.02325	0.8957	0.4482
0.02541	0.8955	0.4433
0.02839	0.8951	0.4399
0.02873	0.896	0.4401
0.02747	0.8965	0.4427
0.02677	0.8954	0.4432
0.02643	0.8948	0.4423
0.0263	0.8947	0.442
0.02699	0.8955	0.4425
0.02868	0.8953	0.4438
0.02932	0.8933	0.4438
0.0292	0.8934	0.4421
0.02896	0.8962	0.4401
0.02684	0.8978	0.4425
0.02588	0.8979	0.4476
0.02707	0.8992	0.4486
0.02716	0.8987	0.4465
0.0261	0.8961	0.4453
0.02522	0.8942	0.4436
0.02539	0.8924	0.4409
0.0265	0.8927	0.4413
0.02914	0.8927	0.4426
0.03138	0.8921	0.4409
0.03092	0.8941	0.4417
0.03008	0.896	0.4442
0.02814	0.8985	0.4447
0.02567	0.8991	0.4444
0.02424	0.894	0.4437
0.0234	0.8926	0.4442
0.0244	0.8966	0.4454
0.0248	0.8981	0.4442
0.0266	0.8963	0.4414
0.02959	0.8941	0.4409
0.02871	0.8943	0.4447
0.02842	0.8983	0.4461
0.0275	0.8997	0.443
0.02651	0.8948	0.4433
0.02983	0.8937	0.4451
0.02904	0.8955	0.4444
0.02424	0.8927	0.444
0.02309	0.892	0.4432
0.02674	0.894	0.4424
0.03141	0.8949	0.443
0.03073	0.8963	0.4439
0.02659	0.8961	0.4443
0.02462	0.8957	0.4438
0.02664	0.8961	0.4431
0.02825	0.8971	0.443
0.02682	0.8986	0.4434
0.02685	0.8979	0.4439
0.02708	0.8965	0.4434
0.02693	0.894	0.442
0.02632	0.8921	0.4411
0.02446	0.8939	0.4427
0.0261	0.8944	0.4439
0.02847	0.8945	0.4438
0.02838	0.8962	0.4441
0.02903	0.8966	0.444
0.03255	0.898	0.4461
0.03334	0.8986	0.4476
0.02577	0.8946	0.4437
0.02267	0.89	0.4405
0.02618	0.8901	0.441
0.02562	0.8943	0.4431
0.02594	0.8979	0.4456
0.02622	0.8984	0.4476
0.02525	0.8972	0.4469
0.02724	0.8968	0.444
0.02641	0.8972	0.4431
0.02474	0.8966	0.4404
0.02702	0.8962	0.4376
0.0297	0.8969	0.4414
0.03019	0.8969	0.446
0.02826	0.8936	0.4471
0.02664	0.8888	0.444
0.02628	0.8896	0.4397
0.02682	0.8954	0.4408
0.02785	0.8987	0.4441
0.02781	0.8977	0.4474
0.0284	0.8969	0.4473
0.02851	0.8963	0.4407
0.0269	0.8952	0.4384
0.02696	0.8954	0.443
0.02876	0.8959	0.4444
0.02883	0.8967	0.444
0.02595	0.8964	0.4463
0.02357	0.8936	0.4467
0.02408	0.8933	0.4454
0.02668	0.8953	0.4449
0.02942	0.8957	0.4433
0.02954	0.8947	0.4429
0.02866	0.895	0.4427
0.02688	0.8975	0.4421
0.02476	0.8999	0.4436
0.02665	0.8986	0.4433
0.02777	0.891	0.4426
0.02799	0.8871	0.4432
0.02959	0.8938	0.4422
0.0265	0.8981	0.4409
0.02525	0.8977	0.4406
0.02723	0.8988	0.4433
0.02489	0.8982	0.447
0.02495	0.8972	0.4472
0.02759	0.8963	0.447
0.02875	0.8929	0.4461
0.02939	0.8919	0.4441
0.02635	0.8935	0.4424
0.02575	0.8934	0.4386
0.03114	0.893	0.439
0.03257	0.8939	0.4456
0.02848	0.8945	0.447
0.02522	0.8956	0.443
0.02424	0.8985	0.4423
0.02438	0.9021	0.4434
0.02555	0.9017	0.442
0.02697	0.8964	0.4422
0.02742	0.8941	0.4449
0.0298	0.8939	0.4434
0.02594	0.8938	0.4456
0.02576	0.8935	0.4453
0.02506	0.8948	0.4449
0.02625	0.8951	0.4439
0.03085	0.8966	0.4452
0.03286	0.8974	0.4461
0.02639	0.8936	0.4418
0.02411	0.8894	0.4386
0.0281	0.8898	0.4393
0.02769	0.8944	0.4418
0.02787	0.8981	0.4447
0.0278	0.8988	0.4473
0.02634	0.8977	0.447
0.0278	0.8974	0.4445
0.02645	0.8978	0.4439
0.02432	0.8971	0.4414
0.02625	0.8966	0.4387
0.02871	0.8972	0.4424
0.02911	0.8971	0.4468
0.0272	0.8936	0.4478
0.0257	0.8887	0.4444
0.02552	0.8894	0.4399
0.02629	0.8952	0.4408
0.02755	0.8985	0.4439
0.02775	0.8975	0.4471
0.02853	0.8967	0.4469
0.02879	0.8961	0.4402
0.02729	0.895	0.438
0.0274	0.8953	0.4426
0.02921	0.8959	0.4441
0.02924	0.8967	0.4438
0.0263	0.8965	0.4462
0.02384	0.8937	0.4466
0.02425	0.8934	0.4454
0.02676	0.8954	0.445
0.02942	0.8958	0.4435
0.02947	0.8948	0.4431
0.02854	0.8951	0.4428
0.02673	0.8976	0.4423
0.0246	0.8999	0.4437
0.02649	0.8986	0.4434
0.02763	0.891	0.4427
0.02788	0.8871	0.4432
0.02951	0.8938	0.4422
0.02645	0.8981	0.4409
0.02523	0.8976	0.4405
0.02725	0.8988	0.4433
0.02492	0.8982	0.447
0.025	0.8972	0.4471
0.02765	0.8963	0.4469
0.02881	0.8929	0.446
0.02944	0.8919	0.4441
0.0264	0.8936	0.4423
0.02579	0.8934	0.4386
0.03116	0.893	0.439
0.03258	0.8939	0.4456
0.02848	0.8945	0.447
0.02521	0.8956	0.443
0.02423	0.8986	0.4423
0.02436	0.9021	0.4435
0.02553	0.9017	0.442
0.02695	0.8964	0.4423
0.0274	0.8941	0.4449
0.02753	0.8949	0.445
0.02761	0.8927	0.4444
0.02724	0.8917	0.4435
0.02728	0.8939	0.4427
0.02832	0.896	0.4455
0.02835	0.8974	0.4478
0.0264	0.8978	0.4457
0.02605	0.8962	0.4424
0.02792	0.8927	0.4413
0.02811	0.8917	0.441
0.02729	0.8935	0.4396
0.02804	0.8952	0.4404
0.02818	0.8965	0.4442
0.02648	0.8951	0.4454
0.02623	0.8941	0.4446
0.02686	0.8961	0.4454
0.02535	0.8952	0.4456
0.02559	0.8951	0.4454
0.02923	0.8975	0.4454
0.02977	0.8977	0.4421
0.02689	0.8981	0.4389
0.02634	0.8981	0.4389
0.02705	0.8978	0.4416
0.02594	0.8968	0.4459
0.0252	0.8936	0.4474
0.02689	0.8934	0.4461
0.02999	0.8929	0.4449
0.03119	0.8914	0.4437
0.02943	0.8952	0.4433
0.02766	0.8967	0.443
0.02405	0.8963	0.4437
0.02135	0.8979	0.4442
0.02627	0.8955	0.4423
0.02931	0.8939	0.4424
0.02797	0.894	0.4428
0.02994	0.8918	0.4427
0.02969	0.8934	0.4445
0.02803	0.8958	0.4438
0.02729	0.8953	0.4432
0.02546	0.8969	0.4447
0.02688	0.9015	0.4441
0.02633	0.9018	0.4424
0.02319	0.8933	0.4423
0.02303	0.8895	0.4464
0.02374	0.8956	0.446
0.0283	0.8978	0.4362
0.03145	0.897	0.4347
0.02895	0.8956	0.444
0.02912	0.8932	0.4452
0.02997	0.895	0.4435
0.03078	0.8956	0.4513
0.03126	0.8949	0.4528
0.02694	0.8964	0.4462
0.02566	0.8937	0.4456
0.02656	0.8927	0.4423
0.02346	0.8952	0.4396
0.02271	0.8957	0.4459
0.02253	0.8969	0.4458
0.02253	0.8971	0.4403
0.02879	0.8963	0.4411
0.03233	0.896	0.4424
0.03045	0.8943	0.4381
0.03233	0.8952	0.4371
0.03307	0.901	0.4422
0.02193	0.8884	0.4387
0.02397	0.8916	0.442
0.02497	0.8937	0.4441
0.02596	0.8974	0.4455
0.02764	0.8997	0.4495
0.02811	0.9007	0.4524
0.02643	0.9002	0.4501
0.02625	0.8975	0.4461
0.02821	0.893	0.444
0.02845	0.8911	0.4427
0.02763	0.8923	0.4402
0.02835	0.8936	0.44
0.02844	0.8948	0.443
0.0267	0.8934	0.4437
0.02639	0.8927	0.4426
0.02695	0.895	0.4433
0.0254	0.8945	0.4437
0.02559	0.8949	0.4438
0.0292	0.8976	0.4442
0.02971	0.8981	0.4414
0.02681	0.8987	0.4386
0.02625	0.8988	0.439
0.02696	0.8985	0.442
0.02587	0.8975	0.4466
0.02513	0.8942	0.4481
0.02684	0.8938	0.447
0.02996	0.8932	0.4457
0.03117	0.8916	0.4444
0.02942	0.8952	0.4439
0.02767	0.8966	0.4434
0.02407	0.8961	0.444
0.02137	0.8976	0.4442
0.02629	0.8952	0.4422
0.02933	0.8936	0.4422
0.02799	0.8937	0.4426
0.02996	0.8916	0.4424
0.02971	0.8932	0.4442
0.02804	0.8957	0.4435
0.02729	0.8953	0.443
0.02546	0.8969	0.4445
0.02688	0.9015	0.444
0.02632	0.9019	0.4423
0.02318	0.8934	0.4423
0.02302	0.8896	0.4465
0.02373	0.8957	0.4461
0.02829	0.8979	0.4363
0.03145	0.897	0.4348
0.02894	0.8957	0.4441
0.02912	0.8932	0.4453
0.02997	0.895	0.4436
0.03078	0.8955	0.4513
0.03126	0.8949	0.4528
0.02695	0.8963	0.4462
0.02567	0.8937	0.4456
0.02656	0.8927	0.4423
0.02346	0.8952	0.4396
0.02271	0.8957	0.4459
0.02253	0.8968	0.4458
0.02253	0.8971	0.4402
0.02879	0.8963	0.441
0.03233	0.896	0.4424
0.03045	0.8943	0.4381
0.03233	0.8952	0.4371
0.03307	0.901	0.4422
0.02673	0.9006	0.4438
0.01815	0.8878	0.4441
0.01763	0.8826	0.4429
0.02936	0.8936	0.4407
0.03436	0.8997	0.4453
0.02714	0.8982	0.4453
0.02533	0.8955	0.4397
0.02558	0.8947	0.4446
0.02602	0.906	0.4596
0.02998	0.9058	0.4612
0.02786	0.8804	0.4344
0.02904	0.8767	0.4229
0.03771	0.9042	0.4473
0.03604	0.9188	0.4614
0.02465	0.9155	0.4589
0.02001	0.9039	0.4492
0.02412	0.878	0.4332
0.0225	0.8684	0.4319
0.01736	0.8817	0.432
0.02013	0.883	0.4242
0.02565	0.8898	0.4316
0.03004	0.9038	0.4512
0.0316	0.9042	0.4599
0.03051	0.913	0.4467
0.02673	0.9124	0.4377
0.02395	0.8891	0.4444
0.03206	0.8844	0.4472
0.0377	0.8988	0.4483
0.0353	0.8999	0.44
0.03272	0.8896	0.4321
0.02492	0.8911	0.4457
0.02155	0.8976	0.4528
0.02282	0.8968	0.4501
0.02107	0.8967	0.45
0.02228	0.8949	0.4461
0.02182	0.8951	0.4488
0.02217	0.8964	0.4493
0.0254	0.8917	0.4417
0.0273	0.8894	0.4376
0.03215	0.8883	0.4348
0.0351	0.8925	0.4381
0.03516	0.9052	0.4444
0.03325	0.9072	0.4427
0.02894	0.8968	0.4345
0.0277	0.8969	0.433
0.02634	0.9103	0.4462
0.02761	0.9125	0.4505
0.02859	0.8943	0.4417
0.02271	0.8781	0.4427
0.02023	0.8788	0.4461
0.01833	0.8801	0.4477
0.02105	0.8749	0.4504
0.03944	0.8822	0.4455
0.04119	0.9043	0.4407
0.009211	0.9209	0.4396
-0.002996	0.9126	0.4364
0.02623	0.8856	0.4426
0.04558	0.8803	0.4652
0.0438	0.9073	0.4734
0.04174	0.9176	0.4434
0.04014	0.8977	0.4202
0.04589	0.8867	0.4292
0.0319	0.888	0.4473
-0.01425	0.8995	0.459
0.001005	0.8535	0.4624
0.02219	0.9144	0.4079
0.02775	0.9527	0.3884
0.01866	0.93	0.4252
0.009861	0.8785	0.4675
0.02791	0.8523	0.4885
0.07369	0.8666	0.487
0.08324	0.9027	0.4585
0.04099	0.9277	0.4175
0.02177	0.8953	0.385
0.008315	0.8173	0.3795
-0.04019	0.7872	0.4071
-0.0471	0.8691	0.4685
0.0195	0.9923	0.5114
0.07293	1.041	0.5055
0.08712	1.017	0.5014
0.09382	0.9423	0.4866
0.06157	0.8449	0.4499
0.02002	0.8265	0.4218
0.01445	0.8386	0.3961
-0.002234	0.7941	0.3899
0.002007	0.7621	0.3919
0.0225	0.8011	0.4
-0.02005	0.9605	0.4477
-0.05355	1.089	0.4703
-0.01728	1.02	0.4479
0.05886	0.9335	0.4521
0.1108	0.8696	0.471
0.06027	0.8325	0.4761
-0.009957	0.9004	0.4677
0.000942	0.8974	0.4301
0.07136	0.8406	0.4051
0.1166	0.8292	0.4224
0.06274	0.8471	0.4389
0.007276	0.9414	0.4514
0.004855	0.984	0.4593
0.01695	0.9355	0.4551
0.04493	0.899	0.4599
0.01861	0.8801	0.4592
-0.01973	0.9033	0.4517
-0.007773	0.9016	0.4365
0.01282	0.837	0.4112
0.03576	0.8104	0.4131
0.01169	0.8573	0.4403
-0.001714	0.9367	0.4676
0.03582	0.9608	0.4689
0.06026	0.9034	0.453
0.08615	0.8759	0.4509
0.0519	0.9051	0.4419
-0.004357	0.907	0.4351
0.004638	0.8999	0.4333
0.01755	0.8977	0.4272
0.02879	0.8955	0.4409
0.02407	0.9368	0.4436
0.02208	0.9372	0.4307
0.04172	0.8833	0.4311
0.03297	0.8754	0.4342
0.02864	0.8773	0.4382
0.02825	0.8701	0.4462
0.02874	0.8754	0.4616
0.03937	0.8794	0.4639
0.02942	0.8867	0.4434
0.02469	0.8916	0.4333
0.02218	0.8862	0.4461
0.02106	0.8784	0.4731
0.02671	0.8942	0.4762
0.01568	0.9248	0.4484
0.01223	0.9295	0.4449
0.01702	0.9166	0.4459
0.03092	0.9152	0.4107
0.04743	0.92	0.3844
0.0387	0.903	0.4007
0.0353	0.8793	0.4392
0.03956	0.8722	0.4627
0.03908	0.8621	0.4683
0.036	0.8602	0.4938
0.02038	0.8805	0.5028
0.005325	0.8947	0.4713
-0.01277	0.8981	0.4456
-0.009664	0.9012	0.4085
0.02737	0.8973	0.3929
0.03981	0.9118	0.4189
0.02526	0.9454	0.4202
0.004051	0.9447	0.4238
0.01031	0.9154	0.428
0.08259	0.8776	0.4226
0.1176	0.8416	0.4521
0.06125	0.8511	0.478
0.01507	0.9001	0.4777
0.01259	0.9212	0.4584
0.04741	0.8873	0.4437
0.05908	0.8777	0.4616
-0.02428	0.9053	0.4696
-0.0556	0.9068	0.4532
0.005248	0.9039	0.4167
0.02383	0.8704	0.4011
0.03027	0.854	0.4506
0.01336	0.9374	0.4688
-0.006783	0.9573	0.4412
0.0524	0.8724	0.4464
0.07758	0.8133	0.4388
0.05551	0.8239	0.4263
0.03244	0.9181	0.448
-0.002598	0.9698	0.4495
0.02222	0.936	0.4409
0.04533	0.9467	0.4414
0.02995	0.9442	0.4322
0.03594	0.8971	0.4284
0.02648	0.8761	0.421
0.02799	0.8452	0.4246
0.03696	0.8473	0.4583
0.02372	0.8955	0.4732
0.02947	0.9084	0.4616
0.02581	0.9109	0.4573
0.02416	0.8995	0.448
0.03317	0.866	0.4356
0.0153	0.8534	0.4431
0.007674	0.8528	0.4485
0.01003	0.8829	0.4472
0.008012	0.9376	0.4531
0.01471	0.9568	0.4501
0.02482	0.9366	0.4435
0.03855	0.9042	0.4317
0.04292	0.8812	0.4173
0.04794	0.8703	0.4216
0.0544	0.8587	0.4299
0.04393	0.8615	0.4449
0.03707	0.8921	0.4605
0.02304	0.8811	0.5109
0.03004	0.9161	0.4659
0.01672	0.9503	0.4187
0.009549	0.9495	0.4137
0.01068	0.9268	0.4233
0.02184	0.9148	0.4008
0.03692	0.9104	0.3874
0.02815	0.8868	0.4144
0.02592	0.8596	0.46
0.03224	0.852	0.4867
0.03432	0.8438	0.4919
0.03398	0.8457	0.5143
0.02093	0.8709	0.5181
0.008051	0.8903	0.4805
-0.008435	0.8987	0.4484
-0.004358	0.9059	0.4056
0.03302	0.9052	0.3853
0.04523	0.9216	0.408
0.02999	0.9559	0.4076
0.007774	0.9549	0.4109
0.01285	0.9244	0.416
0.0839	0.8848	0.4125
0.1178	0.8466	0.4445
0.06043	0.8537	0.4732
0.01351	0.9006	0.4757
0.01053	0.9198	0.4589
0.04512	0.8845	0.4463
0.0568	0.8739	0.4657
-0.02636	0.901	0.4746
-0.05732	0.9026	0.4585
0.003961	0.9	0.4219
0.02302	0.8672	0.4056
0.02992	0.8516	0.4543
0.01343	0.9359	0.4713
-0.006379	0.9566	0.4427
0.05304	0.8725	0.4468
0.07837	0.814	0.4383
0.05634	0.8251	0.4251
0.03323	0.9195	0.4464
-0.001903	0.9714	0.4476
0.02277	0.9375	0.439
0.04572	0.948	0.4396
0.03016	0.9453	0.4307
0.03599	0.8978	0.4273
0.02639	0.8765	0.4203
0.02779	0.8453	0.4242
0.03669	0.8471	0.4584
0.02342	0.8951	0.4735
0.02917	0.9079	0.4622
0.02553	0.9103	0.458
0.02394	0.8989	0.4487
0.033	0.8655	0.4363
0.0152	0.853	0.4437
0.007629	0.8525	0.449
0.01004	0.8827	0.4475
0.008067	0.9375	0.4533
0.0148	0.9568	0.4502
0.02492	0.9367	0.4434
0.03866	0.9044	0.4315
0.04302	0.8814	0.4171
0.04803	0.8705	0.4213
0.05447	0.8589	0.4296
0.04398	0.8617	0.4446
0.0371	0.8923	0.4603
0.03218	0.9163	0.4612
0.02499	0.9225	0.464
0.02177	0.9299	0.4507
0.009943	0.9266	0.4331
0.006397	0.9138	0.4371
0.01781	0.8924	0.4311
0.02333	0.8685	0.4268
0.02383	0.8669	0.4384
0.02218	0.8751	0.4482
0.02048	0.8935	0.458
0.02558	0.9105	0.4591
0.03108	0.8962	0.4525
0.03243	0.8859	0.446
0.03026	0.8872	0.4415
0.02412	0.8865	0.4464
0.02444	0.8931	0.4465
0.0362	0.8913	0.4366
0.04724	0.8912	0.4269
0.04541	0.8992	0.4258
0.03355	0.9077	0.4404
0.026	0.9154	0.4515
0.023	0.9062	0.4498
0.019	0.8999	0.4489
0.01687	0.8993	0.4488
0.01494	0.8909	0.4507
0.01685	0.8882	0.4507
0.02558	0.8847	0.4424
0.03155	0.8865	0.4394
0.0311	0.8951	0.4415
0.02854	0.9008	0.4378
0.02672	0.9082	0.4374
0.02729	0.9029	0.4403
0.02914	0.8926	0.4393
0.02941	0.8858	0.4403
0.02916	0.881	0.4424
0.02916	0.8916	0.4453
0.02847	0.8972	0.449
0.02809	0.8965	0.448
0.02752	0.9035	0.4466
0.02721	0.8998	0.4469
0.02765	0.8943	0.448
0.02693	0.8959	0.4488
0.02455	0.8954	0.4452
0.02315	0.8957	0.4427
0.02587	0.895	0.4405
0.02912	0.8979	0.4372
0.02908	0.9002	0.4401
0.02733	0.895	0.4406
0.0252	0.8943	0.4376
0.02572	0.8934	0.4404
0.029	0.8911	0.4451
0.03004	0.8957	0.4475
0.02818	0.8971	0.4459
0.02747	0.8957	0.4452
0.02774	0.8961	0.4469
0.02655	0.8942	0.4451
0.02643	0.8942	0.4439
0.02672	0.8965	0.4428
0.02606	0.8965	0.4417
0.02681	0.8947	0.4446
0.02714	0.8925	0.4446
0.02711	0.8907	0.4434
0.02699	0.8912	0.4446
0.02626	0.8969	0.4442
0.02475	0.894	0.4357
0.02866	0.8971	0.455
0.03258	0.9073	0.4505
0.02442	0.9104	0.4369
0.02173	0.9052	0.4417
0.03186	0.8911	0.4347
0.03468	0.8732	0.4287
0.03169	0.876	0.4386
0.02633	0.8867	0.447
0.02114	0.9058	0.4559
0.02328	0.922	0.4566
0.02656	0.9058	0.45
0.02652	0.8929	0.4439
0.02376	0.8912	0.4401
0.01776	0.8876	0.4458
0.0188	0.8917	0.4467
0.03169	0.8878	0.4375
0.04409	0.8864	0.4283
0.04368	0.8937	0.4275
0.03316	0.9021	0.4422
0.02677	0.9102	0.4532
0.02467	0.9019	0.4513
0.02125	0.8966	0.4501
0.01942	0.8973	0.4495
0.01751	0.8901	0.451
0.01919	0.8885	0.4507
0.02754	0.8858	0.4421
0.03301	0.8883	0.4388
0.03202	0.8972	0.4407
0.02893	0.903	0.437
0.02663	0.9103	0.4366
0.02682	0.9048	0.4396
0.02839	0.8941	0.4387
0.0285	0.8868	0.4399
0.0282	0.8816	0.4422
0.02824	0.8917	0.4452
0.02767	0.8969	0.4491
0.02746	0.896	0.4481
0.02709	0.9028	0.4468
0.02697	0.899	0.4472
0.0276	0.8934	0.4483
0.02704	0.8951	0.4491
0.02478	0.8948	0.4454
0.02346	0.8952	0.4429
0.02622	0.8947	0.4406
0.02947	0.8977	0.4373
0.0294	0.9002	0.4401
0.02759	0.8951	0.4406
0.02539	0.8945	0.4376
0.02584	0.8937	0.4403
0.02905	0.8914	0.445
0.03003	0.896	0.4474
0.02811	0.8974	0.4458
0.02737	0.8959	0.4451
0.02762	0.8963	0.4468
0.02642	0.8943	0.4451
0.02631	0.8942	0.4439
0.02661	0.8964	0.4428
0.02597	0.8964	0.4417
0.02675	0.8946	0.4446
0.02711	0.8923	0.4447
0.0271	0.8906	0.4434
0.02701	0.8911	0.4446
0.02629	0.8968	0.4442
0.02684	0.9019	0.4437
0.0271	0.9	0.4428
0.02832	0.8962	0.4397
0.03003	0.8944	0.4396
0.02838	0.896	0.4457
0.02664	0.8979	0.448
0.02621	0.8957	0.4429
0.02595	0.896	0.4419
0.02665	0.8969	0.4441
0.02841	0.8949	0.4448
0.02923	0.8948	0.4444
0.02663	0.8936	0.4415
0.02552	0.8926	0.4417
0.02708	0.8934	0.4423
0.02656	0.8936	0.4408
0.02752	0.8942	0.4441
0.02944	0.894	0.446
0.0274	0.8946	0.445
0.02338	0.897	0.4459
0.0229	0.8991	0.4449
0.02908	0.9001	0.4439
0.03363	0.8988	0.4424
0.03201	0.8986	0.4411
0.02903	0.8982	0.4452
0.0246	0.893	0.4491
0.02406	0.8884	0.447
0.02589	0.8893	0.4395
0.02306	0.8935	0.4349
0.0241	0.897	0.4401
0.02761	0.8975	0.446
0.02735	0.8982	0.447
0.0273	0.8988	0.4449
0.02716	0.8953	0.4404
0.02898	0.8924	0.4416
0.03092	0.8917	0.4479
0.02956	0.8913	0.4477
0.02905	0.8949	0.4443
0.02841	0.8976	0.4444
0.02813	0.8974	0.4435
0.02795	0.9012	0.4416
0.02509	0.901	0.4415
0.02462	0.8947	0.4417
0.02678	0.8927	0.4426
0.02658	0.8933	0.4456
0.02434	0.8939	0.4463
0.02377	0.8952	0.4405
0.02687	0.8954	0.4355
0.02977	0.8952	0.4391
0.02961	0.8949	0.4471
0.02848	0.8949	0.4503
0.02788	0.8954	0.4456
0.02747	0.8944	0.4426
0.02691	0.8951	0.4453
0.027	0.8981	0.4451
0.02793	0.8998	0.4452
0.02777	0.8988	0.4461
0.02538	0.8937	0.4436
0.02381	0.8907	0.4453
0.02497	0.8931	0.4453
0.02566	0.892	0.4375
0.02613	0.8914	0.4349
0.02901	0.8975	0.4399
0.03157	0.9012	0.4438
0.03123	0.9009	0.4461
0.02964	0.8927	0.4504
0.02859	0.8952	0.4462
0.02844	0.8941	0.4411
0.02895	0.8937	0.4399
0.02644	0.8961	0.4457
0.02421	0.8982	0.4478
0.02367	0.896	0.4428
0.0236	0.8963	0.4418
0.02473	0.897	0.444
0.02707	0.895	0.4447
0.02852	0.8948	0.4443
0.02652	0.8936	0.4414
0.02594	0.8926	0.4415
0.0279	0.8935	0.4421
0.02765	0.8938	0.4406
0.02874	0.8944	0.4438
0.03065	0.8942	0.4456
0.02849	0.8948	0.4447
0.02427	0.8973	0.4457
0.02354	0.8993	0.4448
0.02946	0.9002	0.4438
0.03375	0.8989	0.4424
0.0319	0.8986	0.4411
0.02874	0.8982	0.4452
0.02418	0.893	0.4492
0.02358	0.8884	0.4471
0.0254	0.8892	0.4396
0.0226	0.8934	0.435
0.0237	0.8969	0.4402
0.0273	0.8974	0.4461
0.02714	0.8981	0.447
0.0272	0.8987	0.445
0.02715	0.8953	0.4404
0.02905	0.8924	0.4416
0.03105	0.8917	0.4479
0.02972	0.8913	0.4476
0.02923	0.895	0.4442
0.02859	0.8976	0.4443
0.02829	0.8975	0.4435
0.02808	0.9012	0.4416
0.02519	0.9011	0.4414
0.02467	0.8948	0.4417
0.0268	0.8927	0.4426
0.02657	0.8933	0.4456
0.02431	0.8939	0.4463
0.02372	0.8952	0.4405
0.0268	0.8954	0.4355
0.02971	0.8951	0.4392
0.02955	0.8949	0.4471
0.02843	0.8949	0.4503
0.02784	0.8953	0.4457
0.02745	0.8944	0.4426
0.0269	0.8951	0.4453
0.027	0.8981	0.4452
0.02794	0.8998	0.4452
0.02778	0.8988	0.4461
0.0254	0.8937	0.4436
0.02384	0.8907	0.4453
0.02499	0.8932	0.4453
0.02568	0.892	0.4375
0.02615	0.8914	0.4349
0.02902	0.8975	0.4399
0.03158	0.9012	0.4437
0.03123	0.9009	0.4461
0.03013	0.8965	0.4486
0.03025	0.8891	0.447
0.02944	0.8899	0.4425
0.02626	0.8977	0.441
0.02292	0.9007	0.4429
0.02221	0.8982	0.4457
0.02422	0.8971	0.4472
0.02544	0.8965	0.4467
0.02619	0.894	0.4428
0.02761	0.8933	0.4396
0.02771	0.893	0.4414
0.02894	0.8938	0.4416
0.02974	0.8958	0.4428
0.02754	0.8941	0.4477
0.02733	0.8941	0.4465
0.02837	0.8954	0.4402
0.02837	0.8943	0.4388
0.02882	0.8942	0.445
0.02776	0.8951	0.4465
0.02543	0.8985	0.4399
0.02416	0.9014	0.4384
0.02327	0.8991	0.4408
0.02477	0.895	0.4446
0.03135	0.8925	0.4476
0.03506	0.8937	0.4464
0.02936	0.8952	0.4503
0.02275	0.8954	0.4511
0.02165	0.8981	0.4419
0.02493	0.8984	0.4397
0.02823	0.8946	0.4437
0.02722	0.8914	0.4444
0.02783	0.8907	0.443
0.03174	0.8906	0.4398
0.03145	0.8908	0.4397
0.02783	0.8959	0.4428
0.02619	0.9002	0.4442
0.02675	0.8999	0.4449
0.02684	0.9011	0.444
0.02614	0.8995	0.441
0.02366	0.8959	0.439
0.022	0.8959	0.441
0.02643	0.8946	0.4475
0.02931	0.8946	0.4496
0.02861	0.8955	0.4434
0.0299	0.8929	0.4403
0.02879	0.8913	0.4417
0.0272	0.8925	0.4401
0.02766	0.894	0.4436
0.0269	0.8949	0.4508
0.02688	0.8954	0.4503
0.02804	0.8945	0.4475
0.02798	0.8946	0.446
0.02508	0.8996	0.443
0.02422	0.9009	0.4414
0.02779	0.8956	0.4424
0.02794	0.8947	0.4447
0.02578	0.8966	0.4435
0.02739	0.8965	0.4374
0.03186	0.897	0.4332
0.0324	0.8973	0.4365
0.02514	0.8955	0.4443
0.02238	0.8915	0.4481
0.02658	0.8905	0.4457
0.02576	0.8948	0.4439
0.02203	0.8991	0.4471
0.02875	0.89	0.4467
0.03184	0.89	0.443
0.03053	0.8975	0.4419
0.02764	0.9006	0.4439
0.02644	0.8984	0.4467
0.02743	0.8976	0.448
0.0274	0.8973	0.4473
0.02691	0.8948	0.4431
0.02726	0.8942	0.4395
0.02654	0.8938	0.4412
0.02724	0.8945	0.4412
0.02779	0.8963	0.4423
0.02562	0.8944	0.4472
0.02563	0.8941	0.446
0.02704	0.8953	0.4397
0.02748	0.894	0.4384
0.02838	0.8938	0.4448
0.02775	0.8947	0.4464
0.02578	0.898	0.4399
0.02477	0.901	0.4384
0.02405	0.8988	0.441
0.02561	0.8948	0.4448
0.03218	0.8923	0.4478
0.03579	0.8937	0.4466
0.02995	0.8952	0.4505
0.02316	0.8955	0.4513
0.02189	0.8982	0.442
0.02499	0.8986	0.4398
0.02814	0.8948	0.4437
0.02701	0.8916	0.4444
0.02754	0.8908	0.443
0.03141	0.8907	0.4397
0.03112	0.8909	0.4396
0.02753	0.8959	0.4428
0.02593	0.9002	0.4441
0.02656	0.8999	0.4448
0.02672	0.901	0.4439
0.02608	0.8995	0.441
0.02367	0.8959	0.439
0.02206	0.8958	0.441
0.02652	0.8946	0.4475
0.02942	0.8945	0.4496
0.02873	0.8955	0.4434
0.03002	0.8928	0.4404
0.02889	0.8913	0.4417
0.02729	0.8925	0.4402
0.02772	0.894	0.4436
0.02693	0.8949	0.4508
0.02689	0.8954	0.4503
0.02802	0.8945	0.4475
0.02796	0.8946	0.446
0.02504	0.8996	0.443
0.02418	0.9009	0.4414
0.02775	0.8956	0.4424
0.0279	0.8948	0.4447
0.02574	0.8966	0.4435
0.02737	0.8965	0.4374
0.03185	0.897	0.4332
0.0324	0.8973	0.4365
0.02515	0.8955	0.4443
0.02239	0.8915	0.4481
0.02659	0.8905	0.4457
0.02578	0.8948	0.4439
0.02535	0.898	0.4452
0.02807	0.8975	0.4459
0.02779	0.8933	0.4463
0.0293	0.8888	0.4465
0.03001	0.8914	0.4451
0.02635	0.8962	0.4436
0.02593	0.8975	0.4425
0.02795	0.8995	0.4439
0.02847	0.9006	0.4443
0.02893	0.8988	0.44
0.02803	0.8961	0.4399
0.02482	0.895	0.4437
0.02377	0.8976	0.4459
0.02608	0.8986	0.4464
0.02679	0.8947	0.4448
0.02727	0.8919	0.4433
0.02921	0.8914	0.4415
0.02857	0.8913	0.4407
0.02618	0.8925	0.444
0.02519	0.8932	0.4458
0.0264	0.8931	0.4446
0.02716	0.8948	0.4471
0.02702	0.8967	0.4471
0.02839	0.8988	0.4391
0.0284	0.9004	0.4364
0.0282	0.8982	0.4391
0.0283	0.8968	0.4372
0.02577	0.8984	0.4399
0.02618	0.8973	0.4493
0.03046	0.8957	0.4528
0.031	0.8965	0.4492
0.02628	0.8949	0.4461
0.0249	0.8914	0.4427
0.02878	0.8911	0.4368
0.029	0.8923	0.4384
0.02727	0.8926	0.4484
0.02649	0.8939	0.4515
0.02529	0.895	0.4462
0.02525	0.8959	0.445
0.02238	0.8977	0.445
0.02198	0.8976	0.4391
0.02912	0.8968	0.4372
0.03105	0.8974	0.4388
0.02717	0.8969	0.4391
0.02691	0.8962	0.4422
0.02792	0.8964	0.4427
0.02902	0.896	0.4434
0.02997	0.8954	0.4479
0.02702	0.8935	0.4498
0.02576	0.8932	0.4494
0.02887	0.8974	0.445
0.02977	0.8976	0.4406
0.02829	0.8913	0.4421
0.02399	0.8907	0.4431
0.02113	0.8974	0.4416
0.0267	0.8993	0.4417
0.0304	0.8965	0.4444
0.02921	0.8963	0.447
0.0298	0.8961	0.4454
0.02856	0.8942	0.4426
0.02781	0.8931	0.4429
0.0271	0.8917	0.443
0.02368	0.8916	0.4401
0.02488	0.8964	0.4402
0.02606	0.9067	0.4447
0.02724	0.9014	0.4438
0.02634	0.894	0.4439
0.02783	0.8876	0.4444
0.0289	0.8892	0.4437
0.02576	0.8937	0.4431
0.0259	0.8952	0.4429
0.02839	0.8976	0.445
0.02927	0.8993	0.4458
0.02994	0.8982	0.4417
0.0291	0.896	0.4415
0.02583	0.8954	0.4452
0.02461	0.8983	0.4471
0.02669	0.8994	0.4471
0.02714	0.8956	0.4452
0.02736	0.8928	0.4433
0.02908	0.8921	0.4412
0.02826	0.8918	0.4401
0.02574	0.8928	0.4434
0.02469	0.8933	0.4451
0.02589	0.893	0.4438
0.02668	0.8946	0.4465
0.02662	0.8964	0.4466
0.02809	0.8984	0.4387
0.0282	0.9	0.4362
0.02812	0.8978	0.4391
0.02831	0.8965	0.4373
0.02586	0.8982	0.4401
0.02633	0.8971	0.4496
0.03065	0.8957	0.4531
0.0312	0.8965	0.4495
0.02647	0.895	0.4464
0.02507	0.8915	0.443
0.02891	0.8912	0.437
0.02909	0.8925	0.4385
0.02733	0.8928	0.4484
0.0265	0.894	0.4515
0.02527	0.8951	0.4462
0.02521	0.896	0.4449
0.02232	0.8977	0.4449
0.02191	0.8976	0.439
0.02905	0.8968	0.4371
0.03098	0.8973	0.4387
0.02711	0.8968	0.439
0.02687	0.8962	0.4421
0.02789	0.8963	0.4427
0.029	0.8959	0.4434
0.02997	0.8953	0.4479
0.02703	0.8934	0.4499
0.02578	0.8932	0.4495
0.02889	0.8973	0.4451
0.0298	0.8976	0.4406
0.02831	0.8913	0.4422
0.02401	0.8907	0.4432
0.02115	0.8974	0.4417
0.02671	0.8994	0.4417
0.03041	0.8965	0.4444
0.02921	0.8963	0.447
0.0298	0.8961	0.4454
0.02855	0.8942	0.4426
0.0278	0.8931	0.4429
0.02709	0.8917	0.443
0.02367	0.8916	0.4401
0.02487	0.8964	0.4402
0.02646	0.902	0.4432
0.02574	0.9013	0.4439
0.02743	0.8974	0.4442
0.02733	0.8956	0.4454
0.02738	0.8934	0.447
0.02814	0.8923	0.4467
0.02668	0.8932	0.4426
0.02755	0.8907	0.4402
0.02958	0.8887	0.442
0.02976	0.8935	0.4436
0.02758	0.9007	0.4447
0.02523	0.9045	0.4438
0.02553	0.9035	0.439
0.0266	0.8969	0.4385
0.02968	0.8909	0.4417
0.02994	0.8916	0.4465
0.02468	0.8946	0.4546
0.0246	0.8952	0.4553
0.02917	0.894	0.4497
0.02964	0.8938	0.4454
0.02623	0.8961	0.4393
0.02501	0.8963	0.4355
0.02628	0.8944	0.4338
0.02634	0.8947	0.4343
0.02784	0.8969	0.438
0.02827	0.8993	0.4419
0.02583	0.8988	0.4471
0.02599	0.8949	0.4476
0.02694	0.8926	0.4454
0.02726	0.8927	0.445
0.02793	0.8943	0.4436
0.02727	0.8962	0.4475
0.02684	0.8967	0.4497
0.02891	0.8947	0.4461
0.03112	0.8935	0.444
0.03031	0.895	0.4422
0.02956	0.8946	0.446
0.02791	0.8935	0.4475
0.02322	0.8943	0.4404
0.0225	0.8964	0.4405
0.02509	0.9	0.4431
0.02571	0.9004	0.4391
0.02626	0.898	0.4354
0.02771	0.8964	0.4359
0.02852	0.8949	0.4426
0.02786	0.895	0.4486
0.02702	0.8939	0.4494
0.0268	0.8925	0.4495
0.02684	0.8928	0.4464
0.02677	0.8916	0.4439
0.02595	0.8931	0.4443
0.02785	0.8953	0.4423
0.03292	0.8945	0.4425
0.03317	0.896	0.4429
0.02791	0.8987	0.4413
0.02595	0.9002	0.4439
0.02637	0.8993	0.4449
0.02477	0.897	0.4435
0.02521	0.8973	0.4442
0.02598	0.8969	0.4434
0.02512	0.8937	0.4427
0.02684	0.8898	0.442
0.02729	0.8898	0.4413
0.0242	0.8936	0.442
0.02872	0.8945	0.4393
0.02644	0.8987	0.4442
0.02749	0.898	0.4464
0.02729	0.8978	0.4481
0.02749	0.8962	0.4493
0.02847	0.8951	0.4481
0.02719	0.8955	0.443
0.02815	0.8923	0.4397
0.03017	0.8895	0.4409
0.03025	0.8936	0.442
0.02791	0.9002	0.4431
0.02536	0.9036	0.4422
0.02546	0.9023	0.4377
0.02635	0.8957	0.4375
0.02929	0.8898	0.4412
0.02945	0.8907	0.4463
0.02416	0.8939	0.4548
0.0241	0.8948	0.4558
0.02873	0.8938	0.4504
0.02929	0.8939	0.4462
0.02599	0.8964	0.4402
0.02489	0.8967	0.4362
0.02626	0.8949	0.4345
0.02642	0.8952	0.4347
0.02798	0.8973	0.4382
0.02847	0.8997	0.442
0.02605	0.8991	0.447
0.02621	0.8951	0.4474
0.02715	0.8926	0.4451
0.02744	0.8927	0.4447
0.02806	0.8942	0.4433
0.02735	0.8961	0.4472
0.02688	0.8965	0.4495
0.02891	0.8945	0.4458
0.03109	0.8933	0.4439
0.03025	0.8949	0.4422
0.02948	0.8945	0.4459
0.02783	0.8934	0.4476
0.02314	0.8942	0.4405
0.02243	0.8963	0.4406
0.02503	0.9001	0.4432
0.02567	0.9004	0.4393
0.02624	0.8981	0.4355
0.0277	0.8965	0.436
0.02853	0.895	0.4427
0.02788	0.8951	0.4486
0.02704	0.894	0.4494
0.02683	0.8925	0.4495
0.02687	0.8929	0.4464
0.0268	0.8917	0.4439
0.02598	0.8931	0.4443
0.02786	0.8953	0.4423
0.03293	0.8945	0.4425
0.03317	0.896	0.4429
0.02791	0.8986	0.4412
0.02595	0.9002	0.4439
0.02636	0.8992	0.4449
0.02476	0.897	0.4435
0.0252	0.8972	0.4442
0.02597	0.8969	0.4434
0.02511	0.8937	0.4427
0.02683	0.8898	0.4421
0.02728	0.8898	0.4414
0.0242	0.8936	0.4421
0.02418	0.8958	0.4421
0.02819	0.8973	0.4443
0.03032	0.8982	0.4457
0.03044	0.8976	0.444
0.03054	0.8966	0.4449
0.02753	0.8936	0.4456
0.02574	0.8918	0.4439
0.02729	0.8941	0.4436
0.02634	0.8962	0.4451
0.02669	0.8962	0.4461
0.02888	0.8978	0.4458
0.0293	0.8986	0.4443
0.02787	0.897	0.4403
0.02209	0.898	0.4349
0.02025	0.8992	0.4338
0.02701	0.896	0.4425
0.03236	0.8904	0.4536
0.03339	0.8884	0.4542
0.03028	0.8914	0.4494
0.02576	0.8913	0.4426
0.02528	0.8914	0.4362
0.02549	0.8968	0.4384
0.02478	0.9002	0.441
0.02526	0.9009	0.4422
0.0261	0.8993	0.4439
0.02776	0.896	0.443
0.0287	0.8964	0.4456
0.02816	0.8974	0.4465
0.02855	0.8956	0.4436
0.02834	0.894	0.4436
0.0278	0.8938	0.4429
0.02881	0.8952	0.442
0.02889	0.8958	0.4432
0.0268	0.8948	0.4457
0.02296	0.896	0.4479
0.02189	0.8966	0.4482
0.02641	0.8941	0.4456
0.02898	0.8937	0.4396
0.02846	0.8938	0.438
0.02951	0.8934	0.4416
0.029	0.896	0.4446
0.02714	0.8961	0.4452
0.02726	0.8915	0.4437
0.02734	0.8914	0.4427
0.02734	0.897	0.4414
0.02798	0.9002	0.4419
0.02696	0.8993	0.4438
0.02556	0.8987	0.445
0.02617	0.8981	0.4468
0.0271	0.8973	0.4424
0.02655	0.8942	0.4381
0.02679	0.8902	0.4425
0.02986	0.8924	0.4454
0.03034	0.8945	0.4461
0.02582	0.8941	0.446
0.02337	0.8958	0.4438
0.02419	0.8984	0.4431
0.02617	0.8999	0.444
0.02996	0.8962	0.445
0.03046	0.8939	0.4447
0.02735	0.8952	0.4458
0.02695	0.8924	0.4467
0.02795	0.8936	0.4417
0.02815	0.8971	0.4401
0.02409	0.8966	0.4427
0.02787	0.8966	0.4416
0.02951	0.8966	0.4417
0.02914	0.8957	0.4402
0.02888	0.8947	0.4419
0.02571	0.8921	0.4438
0.02398	0.8907	0.4433
0.02577	0.8936	0.4441
0.0252	0.8961	0.4465
0.02599	0.8965	0.448
0.02865	0.8984	0.4478
0.02949	0.8994	0.4463
0.02841	0.8979	0.442
0.02289	0.8988	0.4362
0.02119	0.8999	0.4346
0.02798	0.8965	0.4428
0.03327	0.8907	0.4535
0.03417	0.8886	0.4537
0.03088	0.8914	0.4487
0.02615	0.8911	0.4417
0.02546	0.8911	0.4353
0.02548	0.8965	0.4376
0.02461	0.8998	0.4402
0.02497	0.9005	0.4416
0.02573	0.899	0.4435
0.02736	0.8958	0.4428
0.02832	0.8963	0.4457
0.02782	0.8973	0.4467
0.02826	0.8956	0.4439
0.02813	0.8941	0.4439
0.02768	0.8939	0.4432
0.02877	0.8953	0.4423
0.02891	0.8959	0.4435
0.02688	0.8949	0.446
0.02308	0.8961	0.4481
0.02203	0.8967	0.4483
0.02655	0.8941	0.4456
0.02911	0.8937	0.4395
0.02857	0.8939	0.438
0.0296	0.8934	0.4415
0.02906	0.896	0.4444
0.02717	0.896	0.4451
0.02726	0.8915	0.4436
0.02732	0.8914	0.4426
0.02731	0.8969	0.4413
0.02793	0.9001	0.4418
0.02691	0.8993	0.4438
0.02551	0.8987	0.445
0.02613	0.8981	0.4468
0.02707	0.8973	0.4424
0.02652	0.8942	0.4381
0.02678	0.8902	0.4425
0.02986	0.8924	0.4455
0.03034	0.8946	0.4461
0.02583	0.8941	0.446
0.02339	0.8959	0.4438
0.02421	0.8984	0.4431
0.02619	0.8999	0.444
0.02998	0.8962	0.445
0.03047	0.8939	0.4446
0.02736	0.8952	0.4458
0.02696	0.8924	0.4467
0.02796	0.8936	0.4417
0.02815	0.897	0.4401
0.02768	0.8975	0.442
0.02718	0.8984	0.4407
0.0281	0.8941	0.4417
0.02688	0.8891	0.4424
0.02371	0.8912	0.4419
0.02344	0.8981	0.4441
0.0257	0.9035	0.4453
0.02813	0.8982	0.446
0.02826	0.8885	0.4477
0.02798	0.888	0.4473
0.02963	0.8967	0.4431
0.02907	0.901	0.4395
0.02799	0.897	0.4397
0.03037	0.8984	0.4393
0.0305	0.8983	0.4413
0.02623	0.8932	0.4462
0.02389	0.8955	0.4472
0.02438	0.8961	0.4482
0.02511	0.8939	0.4468
0.02583	0.8948	0.4399
0.02504	0.8935	0.4395
0.02517	0.8941	0.4465
0.02816	0.8951	0.4501
0.02948	0.8945	0.4468
0.02931	0.8954	0.4406
0.02924	0.8947	0.4351
0.02798	0.8944	0.4351
0.02726	0.8958	0.443
0.02621	0.8972	0.4474
0.02544	0.898	0.4466
0.02798	0.8969	0.4477
0.02863	0.896	0.4451
0.02618	0.896	0.4416
0.02675	0.8955	0.442
0.02907	0.8942	0.4424
0.02906	0.894	0.4442
0.02704	0.8948	0.4443
0.02609	0.8947	0.4433
0.02669	0.8965	0.444
0.02631	0.8973	0.443
0.02676	0.8957	0.4448
0.02778	0.8956	0.4475
0.02647	0.896	0.4457
0.02497	0.8955	0.443
0.02472	0.8933	0.44
0.02662	0.8926	0.4404
0.02936	0.8946	0.4433
0.02925	0.8967	0.4436
0.02945	0.8984	0.4431
0.03147	0.8948	0.4399
0.03093	0.8911	0.4398
0.02669	0.8927	0.445
0.02191	0.8937	0.4471
0.02157	0.8992	0.4471
0.02571	0.9065	0.4467
0.02801	0.9041	0.4454
0.02767	0.8926	0.4437
0.02839	0.8864	0.4419
0.0284	0.8937	0.4428
0.02726	0.8957	0.4424
0.02741	0.8928	0.4403
0.0274	0.8953	0.4437
0.02751	0.8916	0.4492
0.02873	0.8928	0.4476
0.02537	0.9002	0.4431
0.02698	0.9006	0.4403
0.02908	0.8958	0.4404
0.02835	0.8905	0.4407
0.02521	0.8923	0.4401
0.02466	0.8988	0.4425
0.02649	0.9039	0.4441
0.02844	0.8983	0.4452
0.02814	0.8884	0.4474
0.02752	0.8877	0.4474
0.02893	0.8963	0.4436
0.02825	0.9004	0.4402
0.02716	0.8964	0.4405
0.02963	0.8979	0.4401
0.0299	0.8978	0.4421
0.02581	0.8928	0.4469
0.02367	0.8952	0.4476
0.02435	0.896	0.4485
0.02525	0.8939	0.4469
0.02609	0.8949	0.4398
0.02538	0.8937	0.4393
0.02554	0.8943	0.4462
0.02854	0.8953	0.4497
0.02982	0.8947	0.4465
0.02959	0.8955	0.4403
0.02944	0.8949	0.4348
0.0281	0.8946	0.4348
0.02731	0.8959	0.4429
0.02618	0.8973	0.4473
0.02536	0.898	0.4466
0.02786	0.8968	0.4478
0.02849	0.896	0.4452
0.02604	0.8959	0.4418
0.02661	0.8954	0.4421
0.02896	0.8941	0.4425
0.02897	0.8939	0.4444
0.02697	0.8947	0.4444
0.02605	0.8947	0.4433
0.02669	0.8965	0.444
0.02633	0.8973	0.443
0.02679	0.8957	0.4448
0.02783	0.8956	0.4475
0.02652	0.896	0.4456
0.02503	0.8955	0.443
0.02477	0.8933	0.44
0.02666	0.8926	0.4404
0.02939	0.8946	0.4433
0.02927	0.8967	0.4436
0.02945	0.8984	0.443
0.03147	0.8948	0.4399
0.03092	0.8911	0.4398
0.02667	0.8927	0.445
0.02189	0.8937	0.4471
0.02155	0.8992	0.4471
0.02569	0.9065	0.4467
0.028	0.904	0.4455
0.02765	0.8926	0.4437
0.02838	0.8864	0.4419
0.0284	0.8937	0.4428
0.02726	0.8957	0.4424
0.02741	0.8928	0.4403
0.02741	0.8953	0.4437
0.02752	0.8916	0.4492
0.02874	0.8928	0.4476
0.02945	0.8993	0.4422
0.02795	0.8972	0.4402
0.02446	0.8955	0.4403
0.02314	0.8957	0.4412
0.02473	0.9003	0.4415
0.02734	0.9023	0.4416
0.02946	0.8934	0.4449
0.0284	0.8913	0.4471
0.02801	0.8936	0.4456
0.02894	0.8924	0.4439
0.02759	0.8948	0.4419
0.02727	0.8955	0.4415
0.02798	0.8945	0.4439
0.03004	0.8955	0.4467
0.03161	0.8962	0.4478
0.0257	0.8968	0.4466
0.02004	0.896	0.4448
0.02089	0.8953	0.4405
0.02312	0.8957	0.437
0.02714	0.8944	0.4403
0.0295	0.8958	0.4421
0.02806	0.8993	0.442
0.02899	0.898	0.4444
0.03119	0.8949	0.4439
0.03199	0.8942	0.4458
0.03143	0.8955	0.448
0.02824	0.8972	0.4439
0.02582	0.8959	0.4446
0.02573	0.8927	0.4513
0.02469	0.8915	0.4524
0.0231	0.8938	0.4439
0.02326	0.8966	0.4352
0.02573	0.8961	0.434
0.02862	0.8928	0.4342
0.02914	0.8903	0.4381
0.029	0.8933	0.4437
0.02956	0.8981	0.4438
0.02955	0.9012	0.4458
0.02856	0.9024	0.4472
0.02443	0.8967	0.4466
0.02175	0.8926	0.4484
0.02541	0.8939	0.4475
0.02871	0.8938	0.4464
0.02936	0.8979	0.4451
0.02818	0.9006	0.4422
0.02661	0.8971	0.4412
0.02816	0.8951	0.4399
0.02888	0.893	0.4407
0.02795	0.8925	0.443
0.02651	0.893	0.4453
0.0255	0.8912	0.4487
0.02745	0.8925	0.4471
0.02659	0.8936	0.4436
0.02295	0.8937	0.4438
0.02306	0.8961	0.4428
0.02851	0.8978	0.4394
0.03437	0.8981	0.4386
0.03305	0.8973	0.4428
0.02918	0.8994	0.4435
0.02698	0.9017	0.4395
0.02538	0.9006	0.4399
0.02539	0.8995	0.4427
0.02395	0.8915	0.4431
0.02408	0.8859	0.443
0.0317	0.8904	0.445
0.0289	0.8918	0.4475
0.02464	0.8926	0.4491
0.02293	0.8946	0.4494
0.02441	0.9004	0.4478
0.02709	0.9032	0.4454
0.02937	0.8947	0.4462
0.0285	0.8928	0.4461
0.02828	0.8951	0.4429
0.02934	0.8937	0.44
0.02807	0.8958	0.4375
0.02777	0.8963	0.4371
0.02844	0.895	0.4399
0.03041	0.8956	0.4436
0.03188	0.8961	0.4456
0.02586	0.8966	0.4454
0.02008	0.8956	0.4446
0.02082	0.8949	0.4411
0.02297	0.8953	0.4383
0.02694	0.894	0.442
0.02927	0.8955	0.444
0.02782	0.899	0.4439
0.02877	0.8978	0.4461
0.031	0.8948	0.4454
0.03184	0.8942	0.4468
0.03133	0.8955	0.4487
0.0282	0.8973	0.4441
0.02582	0.896	0.4444
0.02577	0.8928	0.4509
0.02475	0.8916	0.4518
0.02318	0.894	0.4432
0.02335	0.8967	0.4344
0.02581	0.8961	0.4333
0.0287	0.8928	0.4336
0.0292	0.8904	0.4376
0.02904	0.8933	0.4434
0.02959	0.8981	0.4436
0.02955	0.9012	0.4458
0.02856	0.9024	0.4473
0.02441	0.8967	0.4467
0.02172	0.8926	0.4486
0.02538	0.8939	0.4478
0.02868	0.8938	0.4467
0.02933	0.8979	0.4453
0.02816	0.9006	0.4424
0.02659	0.8971	0.4414
0.02815	0.8951	0.44
0.02887	0.893	0.4408
0.02795	0.8925	0.443
0.02652	0.893	0.4452
0.02551	0.8913	0.4486
0.02746	0.8925	0.447
0.0266	0.8936	0.4435
0.02296	0.8938	0.4437
0.02307	0.8961	0.4427
0.02852	0.8978	0.4393
0.03437	0.8981	0.4386
0.03305	0.8973	0.4427
0.02918	0.8994	0.4435
0.02698	0.9017	0.4395
0.02538	0.9006	0.4399
0.02539	0.8995	0.4427
0.02394	0.8915	0.4432
0.02408	0.8859	0.443
0.02678	0.8923	0.445
0.02727	0.8922	0.4501
0.02728	0.8903	0.4518
0.02852	0.8947	0.4473
0.03058	0.8958	0.4455
0.02963	0.8973	0.4467
0.02646	0.8983	0.4437
0.02592	0.9	0.4398
0.02593	0.9015	0.4388
0.02635	0.8938	0.4404
0.02658	0.8914	0.4425
0.02567	0.8965	0.4417
0.02566	0.8969	0.4417
0.02654	0.8961	0.4405
0.02826	0.8929	0.4407
0.02917	0.8914	0.4503
0.02928	0.8955	0.4527
0.02907	0.8959	0.4434
0.02821	0.8948	0.4405
0.02775	0.8967	0.4416
0.02632	0.8981	0.4412
0.02587	0.898	0.4429
0.02761	0.8972	0.4428
0.02842	0.8947	0.4414
0.02758	0.8902	0.4423
0.02529	0.8893	0.4442
0.02455	0.894	0.4458
0.02686	0.898	0.4478
0.02829	0.8991	0.4507
0.02772	0.8992	0.4493
0.02678	0.898	0.441
0.0258	0.8961	0.4373
0.02494	0.8954	0.439
0.0256	0.8954	0.4382
0.02912	0.8946	0.4378
0.03165	0.8938	0.4405
0.03021	0.8921	0.4475
0.02945	0.8919	0.4524
0.02797	0.8973	0.4493
0.02393	0.8989	0.4471
0.02326	0.8939	0.4447
0.02454	0.8929	0.4409
0.02745	0.8941	0.4424
0.03017	0.8937	0.4403
0.02689	0.8962	0.4388
0.02632	0.8983	0.4425
0.02853	0.8982	0.4402
0.02666	0.8987	0.4409
0.0266	0.8976	0.4455
0.02736	0.8963	0.4469
0.02763	0.8959	0.4477
0.02886	0.8946	0.4457
0.02806	0.8945	0.4454
0.02778	0.8953	0.4438
0.02798	0.8947	0.4415
0.02708	0.8929	0.4445
0.02796	0.8918	0.4417
0.02838	0.8931	0.4412
0.02581	0.8928	0.4474
0.0241	0.8933	0.4471
0.02365	0.8978	0.4436
0.02329	0.9003	0.442
0.02723	0.8998	0.4424
0.02985	0.897	0.4419
0.02317	0.8936	0.4426
0.02856	0.894	0.4434
0.0308	0.8919	0.444
0.03248	0.8959	0.4403
0.03387	0.8963	0.4405
0.0317	0.8972	0.4441
0.02714	0.8976	0.4436
0.02532	0.8988	0.4418
0.02433	0.9	0.4422
0.0241	0.8922	0.4447
0.02406	0.8899	0.4471
0.02321	0.8952	0.4461
0.02351	0.8959	0.4454
0.02489	0.8954	0.4432
0.02721	0.8925	0.4424
0.02873	0.8914	0.4509
0.0294	0.8957	0.4523
0.02966	0.8964	0.4423
0.02914	0.8954	0.4388
0.02888	0.8973	0.4396
0.02751	0.8987	0.4392
0.027	0.8986	0.441
0.0286	0.8977	0.4412
0.02919	0.8951	0.4401
0.0281	0.8904	0.4415
0.02555	0.8894	0.4438
0.02458	0.894	0.4458
0.02669	0.8978	0.4481
0.02796	0.8989	0.4513
0.0273	0.8989	0.45
0.02631	0.8978	0.4418
0.02534	0.8959	0.4381
0.02452	0.8952	0.4397
0.02525	0.8953	0.4388
0.02887	0.8945	0.4382
0.0315	0.8938	0.4408
0.03015	0.8921	0.4476
0.02947	0.8919	0.4524
0.02806	0.8974	0.4491
0.02406	0.899	0.4469
0.02343	0.894	0.4444
0.02471	0.893	0.4406
0.02762	0.8941	0.4421
0.03031	0.8937	0.44
0.027	0.8962	0.4386
0.0264	0.8984	0.4423
0.02856	0.8982	0.4402
0.02667	0.8987	0.4409
0.02658	0.8976	0.4455
0.02732	0.8963	0.4469
0.02758	0.8959	0.4478
0.0288	0.8946	0.4459
0.028	0.8945	0.4455
0.02772	0.8953	0.4439
0.02793	0.8947	0.4416
0.02704	0.8929	0.4445
0.02794	0.8918	0.4417
0.02837	0.8931	0.4412
0.02581	0.8928	0.4474
0.02411	0.8933	0.447
0.02367	0.8978	0.4435
0.02331	0.9003	0.442
0.02725	0.8998	0.4423
0.02987	0.897	0.4419
0.02673	0.8932	0.442
0.02813	0.8936	0.4432
0.03228	0.8942	0.4404
0.03223	0.8931	0.4407
0.0294	0.8956	0.4435
0.02564	0.9006	0.4421
0.02476	0.901	0.4432
0.02424	0.8957	0.4484
0.0243	0.8937	0.4501
0.02743	0.8952	0.4453
0.02715	0.8936	0.4429
0.02579	0.8931	0.4439
0.02802	0.8942	0.4429
0.03154	0.8952	0.4443
0.03203	0.897	0.4437
0.02668	0.8953	0.4417
0.0243	0.893	0.4426
0.02578	0.8935	0.4418
0.02382	0.893	0.4422
0.02455	0.8941	0.4431
0.02831	0.8987	0.4435
0.02823	0.9001	0.4446
0.02607	0.8961	0.4424
0.02618	0.8944	0.4408
0.03005	0.8959	0.4422
0.03064	0.8955	0.4451
0.0255	0.8952	0.4479
0.02505	0.8938	0.4465
0.02903	0.8934	0.4449
0.02962	0.9001	0.4449
0.02842	0.902	0.4438
0.02763	0.8957	0.4432
0.02605	0.8935	0.4445
0.02554	0.8937	0.4444
0.02718	0.8928	0.4363
0.02754	0.8934	0.4336
0.02681	0.8935	0.4446
0.02715	0.8936	0.4471
0.02694	0.8952	0.4438
0.02655	0.8966	0.448
0.02649	0.8976	0.4481
0.02638	0.8961	0.4448
0.02742	0.8955	0.4431
0.02828	0.898	0.4404
0.02765	0.8972	0.4393
0.02632	0.8939	0.4402
0.02568	0.8937	0.4431
0.02739	0.8963	0.4452
0.02902	0.8971	0.4454
0.02855	0.8929	0.4481
0.02868	0.8893	0.4502
0.02855	0.8911	0.4497
0.02687	0.8968	0.4451
0.02638	0.9004	0.4413
0.02646	0.8989	0.4434
0.02613	0.8989	0.4417
0.02649	0.8979	0.4379
0.02693	0.8949	0.4371
0.02674	0.8965	0.4341
0.02631	0.8972	0.4335
0.02691	0.8952	0.4393
0.02788	0.8923	0.4516
0.0276	0.8895	0.4575
0.02748	0.893	0.4481
0.03195	0.8982	0.4464
0.02699	0.8948	0.4456
0.02816	0.8935	0.4414
0.02738	0.8918	0.4407
0.02521	0.8944	0.4429
0.02283	0.9	0.4411
0.02355	0.9011	0.442
0.02454	0.8964	0.4471
0.0258	0.8949	0.4488
0.02972	0.8966	0.4441
0.0298	0.8952	0.4419
0.02843	0.8945	0.443
0.03035	0.8953	0.4423
0.03334	0.896	0.4439
0.03319	0.8974	0.4435
0.02717	0.8954	0.4417
0.02418	0.8928	0.4427
0.02515	0.893	0.4421
0.02281	0.8923	0.4425
0.02332	0.8933	0.4435
0.02701	0.898	0.4438
0.02699	0.8994	0.4449
0.025	0.8955	0.4426
0.02535	0.894	0.441
0.02949	0.8956	0.4423
0.03036	0.8954	0.4452
0.02548	0.8952	0.4479
0.02525	0.8939	0.4465
0.0294	0.8936	0.4449
0.0301	0.9004	0.4448
0.02894	0.9023	0.4437
0.02815	0.896	0.4431
0.02651	0.8938	0.4444
0.02592	0.8939	0.4443
0.02746	0.893	0.4362
0.02771	0.8935	0.4336
0.02688	0.8935	0.4446
0.02712	0.8936	0.4471
0.02684	0.8951	0.4438
0.0264	0.8965	0.448
0.02631	0.8975	0.4482
0.02619	0.896	0.4448
0.02724	0.8954	0.4432
0.02813	0.8979	0.4405
0.02753	0.8971	0.4393
0.02624	0.8939	0.4402
0.02564	0.8937	0.4431
0.02738	0.8963	0.4452
0.02905	0.8971	0.4454
0.0286	0.893	0.4481
0.02875	0.8894	0.4502
0.02861	0.8911	0.4497
0.02694	0.8968	0.4451
0.02644	0.9004	0.4412
0.02651	0.8989	0.4434
0.02617	0.8989	0.4417
0.02651	0.8979	0.4379
0.02694	0.8949	0.4371
0.02674	0.8965	0.4341
0.0263	0.8972	0.4335
0.02689	0.8951	0.4393
0.02785	0.8923	0.4516
0.02757	0.8895	0.4575
0.02746	0.893	0.4481
0.02715	0.8951	0.4466
0.02706	0.8941	0.4496
0.0297	0.8963	0.4397
0.03078	0.8969	0.4376
0.02882	0.8978	0.4429
0.02707	0.8979	0.4414
0.02197	0.8941	0.4449
0.01923	0.8933	0.4485
0.02647	0.8951	0.4447
0.03024	0.8972	0.4419
0.02833	0.9002	0.4404
0.03071	0.9002	0.4401
0.03015	0.8945	0.4402
0.02703	0.8904	0.4417
0.02721	0.8927	0.4481
0.02675	0.8935	0.4495
0.02767	0.8945	0.4442
0.02857	0.898	0.4413
0.02728	0.8971	0.4418
0.02632	0.8943	0.4452
0.02467	0.8928	0.4472
0.02433	0.8941	0.4452
0.02497	0.8953	0.4452
0.02728	0.8944	0.4452
0.03073	0.8955	0.4422
0.02934	0.8961	0.4415
0.02733	0.8997	0.441
0.02715	0.9009	0.4399
0.02668	0.8914	0.4411
0.02661	0.8907	0.4404
0.02564	0.9006	0.4402
0.02571	0.9015	0.4417
0.02571	0.8954	0.4425
0.02689	0.8936	0.4469
0.03051	0.8946	0.4523
0.03027	0.8948	0.4517
0.02941	0.8959	0.4448
0.02911	0.8935	0.4396
0.02761	0.8918	0.4423
0.02772	0.8945	0.4442
0.02575	0.8926	0.4434
0.02528	0.8929	0.4412
0.02775	0.8964	0.4392
0.02563	0.8963	0.4433
0.0231	0.8977	0.4438
0.02374	0.8972	0.4427
0.02495	0.8948	0.4483
0.0269	0.8958	0.4481
0.02854	0.8976	0.4448
0.02953	0.8987	0.4444
0.03009	0.8968	0.442
0.02965	0.8948	0.4435
0.02862	0.894	0.4439
0.02781	0.8912	0.4389
0.02798	0.8917	0.4377
0.02876	0.8963	0.4396
0.02818	0.8994	0.4424
0.02596	0.8996	0.4456
0.02449	0.8981	0.4458
0.02445	0.8953	0.4443
0.02508	0.893	0.4435
0.0265	0.8937	0.4449
0.02927	0.8938	0.4482
0.0325	0.894	0.4469
0.02396	0.8904	0.4441
0.02609	0.893	0.4482
0.02973	0.8971	0.439
0.0311	0.8986	0.4373
0.02902	0.8995	0.4428
0.02701	0.8991	0.4414
0.02164	0.8948	0.445
0.0187	0.8934	0.4487
0.02585	0.8947	0.4449
0.02964	0.8964	0.4421
0.02784	0.8992	0.4406
0.03039	0.8992	0.4403
0.03004	0.8936	0.4404
0.02712	0.8897	0.4419
0.02748	0.8922	0.4483
0.02715	0.8932	0.4496
0.02815	0.8946	0.4443
0.02907	0.8982	0.4414
0.02776	0.8974	0.4419
0.02674	0.8948	0.4452
0.02499	0.8933	0.4472
0.02454	0.8946	0.4451
0.02508	0.8957	0.4451
0.02728	0.8947	0.4451
0.03064	0.8957	0.4421
0.02918	0.8962	0.4414
0.02713	0.8998	0.441
0.02692	0.9009	0.4398
0.02646	0.8913	0.441
0.02641	0.8905	0.4404
0.02547	0.9004	0.4402
0.02559	0.9013	0.4417
0.02563	0.8952	0.4425
0.02686	0.8935	0.4469
0.03051	0.8945	0.4523
0.03031	0.8947	0.4518
0.02947	0.8959	0.4448
0.02918	0.8936	0.4396
0.02769	0.8919	0.4423
0.02779	0.8945	0.4442
0.02581	0.8927	0.4434
0.02533	0.893	0.4412
0.02779	0.8964	0.4392
0.02565	0.8963	0.4433
0.02311	0.8978	0.4438
0.02373	0.8973	0.4427
0.02493	0.8949	0.4483
0.02687	0.8958	0.4481
0.02851	0.8976	0.4448
0.0295	0.8987	0.4444
0.03006	0.8967	0.442
0.02963	0.8947	0.4435
0.02861	0.894	0.4439
0.0278	0.8912	0.4389
0.02798	0.8917	0.4377
0.02876	0.8962	0.4396
0.02818	0.8993	0.4424
0.02596	0.8996	0.4456
0.0245	0.8981	0.4458
0.02446	0.8953	0.4443
0.02509	0.893	0.4435
0.02651	0.8937	0.4449
0.02928	0.8938	0.4482
0.03251	0.894	0.4469
0.03092	0.8955	0.4434
0.02559	0.8931	0.4423
0.02457	0.8921	0.4401
0.02555	0.8945	0.4412
0.02553	0.8962	0.4465
0.02716	0.8979	0.4482
0.0263	0.8987	0.4468
0.02321	0.8988	0.4399
0.02357	0.8973	0.4359
0.02657	0.8957	0.4435
0.03066	0.8978	0.4453
0.03194	0.8984	0.4426
0.02877	0.8966	0.4456
0.02821	0.8948	0.4445
0.03017	0.8939	0.443
0.02922	0.8913	0.4435
0.02704	0.8824	0.4419
0.02613	0.8826	0.4455
0.02584	0.8974	0.4479
0.0257	0.9036	0.4448
0.02674	0.9013	0.442
0.02764	0.9019	0.4398
0.02664	0.8973	0.441
0.02651	0.8938	0.443
0.0272	0.8981	0.4433
0.02673	0.8981	0.4447
0.0263	0.896	0.4433
0.02686	0.8964	0.4421
0.02785	0.894	0.4441
0.02694	0.8927	0.4427
0.02555	0.8928	0.4418
0.02623	0.8932	0.4459
0.02789	0.8945	0.4491
0.03005	0.8951	0.4487
0.02906	0.8966	0.4459
0.02478	0.8981	0.4437
0.02434	0.898	0.4435
0.02878	0.8957	0.4409
0.03161	0.8926	0.4361
0.02946	0.8928	0.4358
0.02681	0.893	0.4418
0.02517	0.894	0.4464
0.02517	0.8964	0.4455
0.02774	0.8959	0.4455
0.02753	0.8968	0.4435
0.02705	0.8976	0.4422
0.02781	0.8971	0.4476
0.02656	0.8989	0.4488
0.02623	0.899	0.446
0.02638	0.8965	0.444
0.02828	0.8916	0.4414
0.02997	0.8883	0.4417
0.02739	0.8922	0.4416
0.02591	0.8959	0.4426
0.02463	0.8972	0.4437
0.024	0.8982	0.4391
0.02783	0.8966	0.4383
0.02933	0.8949	0.445
0.02778	0.8939	0.4509
0.02782	0.894	0.4511
0.02783	0.8949	0.4446
0.0281	0.8966	0.4382
0.02858	0.8982	0.4391
0.02755	0.8962	0.4428
0.03101	0.9026	0.447
0.02501	0.8953	0.4445
0.024	0.8911	0.4411
0.02531	0.8918	0.4414
0.02572	0.8927	0.4461
0.02772	0.8945	0.4476
0.02711	0.8958	0.4462
0.02412	0.8967	0.4394
0.02444	0.8961	0.4357
0.02729	0.8954	0.4435
0.03115	0.8981	0.4456
0.03217	0.8993	0.443
0.02873	0.8978	0.4462
0.02795	0.8961	0.4451
0.02973	0.8952	0.4436
0.02867	0.8924	0.444
0.02644	0.8833	0.4423
0.02555	0.8832	0.4457
0.02533	0.8977	0.4481
0.02529	0.9036	0.4449
0.02646	0.9011	0.4419
0.02749	0.9015	0.4396
0.02661	0.8968	0.4408
0.02659	0.8932	0.4428
0.02737	0.8976	0.443
0.02696	0.8976	0.4444
0.02655	0.8956	0.443
0.02712	0.8961	0.4419
0.02808	0.8938	0.444
0.02713	0.8926	0.4427
0.0257	0.8929	0.4418
0.02633	0.8933	0.4459
0.02793	0.8947	0.4492
0.03004	0.8953	0.4488
0.02902	0.8968	0.446
0.02471	0.8982	0.4438
0.02426	0.8981	0.4436
0.02869	0.8958	0.4409
0.03153	0.8927	0.4362
0.02938	0.8929	0.4358
0.02675	0.893	0.4419
0.02512	0.8939	0.4464
0.02515	0.8963	0.4455
0.02773	0.8959	0.4455
0.02754	0.8967	0.4434
0.02707	0.8975	0.4422
0.02784	0.897	0.4476
0.02659	0.8989	0.4487
0.02626	0.899	0.446
0.02641	0.8965	0.444
0.02831	0.8916	0.4414
0.02999	0.8883	0.4417
0.0274	0.8922	0.4417
0.02592	0.896	0.4426
0.02463	0.8973	0.4437
0.02399	0.8982	0.4391
0.02782	0.8966	0.4383
0.02932	0.8949	0.445
0.02777	0.8939	0.4509
0.02781	0.894	0.4511
0.02782	0.8949	0.4446
0.02809	0.8966	0.4382
0.02858	0.8981	0.4391
0.02754	0.8962	0.4428
0.02681	0.8959	0.4443
0.02605	0.8985	0.4466
0.02544	0.8975	0.4469
0.02608	0.8949	0.4431
0.02655	0.8929	0.442
0.02814	0.8925	0.4428
0.02873	0.8934	0.4422
0.02776	0.8941	0.4407
0.02838	0.8955	0.4407
0.02781	0.8953	0.4432
0.02743	0.8965	0.4436
0.02753	0.8984	0.4449
0.02619	0.8962	0.4472
0.02689	0.8946	0.4448
0.02668	0.8944	0.4433
0.02501	0.8947	0.4439
0.02509	0.8958	0.4432
0.02609	0.8946	0.4422
0.02914	0.8936	0.4426
0.03046	0.8943	0.4428
0.02824	0.8969	0.4405
0.02822	0.8987	0.4444
0.02893	0.8958	0.4529
0.02813	0.8934	0.4514
0.02734	0.8948	0.4434
0.02585	0.8999	0.4388
0.02536	0.9015	0.439
0.02539	0.8937	0.4423
0.02322	0.8916	0.4449
0.02236	0.8966	0.4445
0.02529	0.8936	0.4405
0.0291	0.8875	0.4368
0.03098	0.8847	0.4367
0.0312	0.8895	0.4429
0.03146	0.9049	0.4522
0.02951	0.9139	0.454
0.02356	0.9087	0.451
0.0226	0.895	0.4449
0.0317	0.88	0.4306
0.03446	0.88	0.4281
0.02653	0.8947	0.4466
0.02599	0.9055	0.4528
0.02977	0.9046	0.4425
0.02876	0.9001	0.4443
0.0255	0.9006	0.4479
0.01759	0.9004	0.4429
0.01666	0.8942	0.4433
0.02606	0.8837	0.445
0.02929	0.8802	0.4474
0.02812	0.8911	0.4514
0.02436	0.8974	0.4466
0.02176	0.8957	0.4358
0.03191	0.8925	0.4289
0.04259	0.8877	0.4348
0.04005	0.8956	0.446
0.02665	0.9056	0.4479
0.01772	0.904	0.4419
0.0242	0.902	0.4414
0.02976	0.9002	0.454
0.02888	0.9005	0.455
0.02664	0.897	0.4386
0.02319	0.8865	0.437
0.0269	0.8868	0.446
0.02958	0.8961	0.4462
