0.955	-0.2327	0.1173
0.9687	-0.2295	0.1204
0.9894	-0.2253	0.1101
0.9985	-0.2034	0.1015
1.016	-0.1863	0.108
1.019	-0.1749	0.1204
0.9675	-0.1846	0.1397
0.9611	-0.2245	0.1409
1.017	-0.24	0.1173
1.031	-0.2334	0.1096
1.009	-0.2254	0.1182
1.01	-0.2144	0.113
1.014	-0.2206	0.1017
1.021	-0.2352	0.1026
1.036	-0.2378	0.1104
1.017	-0.2323	0.1124
0.9961	-0.2207	0.1036
0.9969	-0.2067	0.09737
0.9907	-0.2034	0.0993
0.9946	-0.2071	0.09949
1.004	-0.2101	0.1081
1.012	-0.2151	0.1194
1.013	-0.2141	0.1204
0.9901	-0.2031	0.1245
0.9847	-0.199	0.1258
1.005	-0.2105	0.1197
1.021	-0.2161	0.1148
1.026	-0.2154	0.11
1.018	-0.2232	0.1109
0.9983	-0.2248	0.1113
0.9858	-0.2261	0.1104
0.9963	-0.2288	0.116
1.006	-0.2244	0.1149
1.006	-0.2254	0.1067
1.008	-0.2197	0.102
1.005	-0.2114	0.1027
1.01	-0.2137	0.1057
1.016	-0.2171	0.1046
1.012	-0.2248	0.108
1.005	-0.2276	0.1181
0.9964	-0.2244	0.1244
0.999	-0.2186	0.1231
1.005	-0.2046	0.1158
1.004	-0.2022	0.1128
0.9991	-0.2074	0.1172
0.9967	-0.2066	0.1195
1.01	-0.2116	0.111
1.018	-0.2151	0.09356
1.011	-0.2152	0.08921
1.009	-0.2214	0.1073
1.004	-0.2286	0.1231
1.004	-0.2298	0.1239
1.005	-0.2253	0.1198
0.9983	-0.2238	0.113
0.999	-0.2226	0.1091
1.003	-0.2144	0.1115
1.009	-0.2103	0.1095
1.011	-0.2117	0.109
1.003	-0.2126	0.1134
1.003	-0.2151	0.1119
1.008	-0.2155	0.1071
1.007	-0.2145	0.1065
1.005	-0.2151	0.1143
1.004	-0.2164	0.1197
1.006	-0.2196	0.1158
1.007	-0.2207	0.1135
1.007	-0.2185	0.1113
1.005	-0.2181	0.1093
1	-0.2167	0.1113
1.001	-0.2152	0.1105
1.008	-0.217	0.1088
1.011	-0.2186	0.1079
1.006	-0.22	0.1071
1.004	-0.2231	0.1104
1.006	-0.222	0.1156
1.004	-0.2146	0.1178
1.004	-0.2105	0.1173
1.003	-0.2133	0.1161
1.003	-0.2147	0.114
1.006	-0.2141	0.1115
1.006	-0.2148	0.1094
1.006	-0.2156	0.1082
1.007	-0.2167	0.1094
1.006	-0.217	0.1104
1.005	-0.2183	0.1115
1.005	-0.222	0.1125
1.005	-0.2232	0.1113
1.006	-0.2238	0.1115
0.9976	-0.204	0.11
1.008	-0.2234	0.114
1.018	-0.2285	0.1146
1.02	-0.2227	0.1124
1.011	-0.2236	0.1139
0.9926	-0.2185	0.1141
0.9816	-0.2145	0.1126
0.9939	-0.214	0.1174
1.005	-0.2085	0.1156
1.007	-0.2103	0.107
1.01	-0.207	0.102
1.007	-0.2021	0.1027
1.013	-0.2084	0.1057
1.018	-0.2156	0.1047
1.014	-0.2268	0.1082
1.007	-0.2324	0.1185
0.9973	-0.2312	0.1249
0.9993	-0.2265	0.1237
1.005	-0.2126	0.1164
1.003	-0.2097	0.1133
0.9981	-0.2137	0.1176
0.9956	-0.2114	0.1197
1.009	-0.2147	0.1111
1.017	-0.2165	0.09352
1.01	-0.215	0.08904
1.008	-0.22	0.107
1.004	-0.2262	0.1228
1.004	-0.2269	0.1235
1.005	-0.2221	0.1195
0.9986	-0.2208	0.1127
0.9994	-0.2199	0.1089
1.004	-0.2122	0.1113
1.009	-0.2088	0.1093
1.012	-0.2108	0.109
1.004	-0.2123	0.1133
1.003	-0.2154	0.112
1.008	-0.2161	0.1072
1.008	-0.2154	0.1066
1.005	-0.2163	0.1144
1.004	-0.2175	0.1199
1.006	-0.2207	0.1159
1.007	-0.2216	0.1136
1.007	-0.2192	0.1114
1.005	-0.2185	0.1093
1	-0.2169	0.1113
1.001	-0.2152	0.1105
1.008	-0.2169	0.1088
1.011	-0.2183	0.1079
1.006	-0.2196	0.107
1.004	-0.2227	0.1104
1.006	-0.2216	0.1156
1.004	-0.2142	0.1178
1.004	-0.2102	0.1172
1.004	-0.2131	0.1161
1.003	-0.2146	0.114
1.006	-0.214	0.1115
1.006	-0.2148	0.1094
1.006	-0.2157	0.1082
1.007	-0.2168	0.1094
1.006	-0.2171	0.1104
1.005	-0.2185	0.1115
1.005	-0.2221	0.1125
1.005	-0.2234	0.1113
1.006	-0.2239	0.1115
1.007	-0.2253	0.1124
1.007	-0.2226	0.1113
1.006	-0.2171	0.1104
1.006	-0.2133	0.1145
1.006	-0.2105	0.1204
1.003	-0.2071	0.1184
0.9997	-0.2083	0.1139
0.9996	-0.2136	0.1084
1.004	-0.2153	0.09904
1.011	-0.2167	0.09825
1.011	-0.2219	0.1065
1.005	-0.2265	0.1142
1.002	-0.2263	0.1179
1.004	-0.2197	0.1191
1.004	-0.2133	0.1209
1.005	-0.2126	0.117
1.008	-0.2135	0.1093
1.007	-0.2145	0.1081
1.006	-0.2178	0.1132
1.004	-0.2191	0.1158
1.003	-0.2148	0.1111
1.007	-0.2125	0.1067
1.009	-0.2157	0.107
1.008	-0.2195	0.1119
1.005	-0.2228	0.116
1.004	-0.2224	0.1121
1.004	-0.2183	0.1101
1.003	-0.218	0.1109
1.003	-0.2206	0.1091
1.005	-0.2202	0.111
1.004	-0.219	0.1129
1.004	-0.2202	0.1128
1.005	-0.2191	0.1123
1.005	-0.2134	0.1141
1.005	-0.2092	0.119
1.007	-0.2088	0.1154
1.008	-0.2099	0.1087
1.008	-0.2121	0.108
1.008	-0.215	0.1074
1.005	-0.2174	0.1086
1.004	-0.2183	0.1117
1.008	-0.2195	0.1137
1.01	-0.2216	0.1143
1.007	-0.2222	0.1127
1.003	-0.2217	0.1122
1.001	-0.2207	0.1131
1.001	-0.2199	0.1134
1.001	-0.2208	0.1122
1.003	-0.2197	0.1111
1.007	-0.2165	0.1131
1.007	-0.2153	0.1151
1.004	-0.2129	0.114
1.004	-0.2108	0.1095
1.008	-0.2128	0.1061
1.009	-0.2149	0.108
1.007	-0.2174	0.109
1.008	-0.219	0.1097
1.009	-0.2202	0.1121
1.006	-0.2233	0.1109
1.006	-0.222	0.1094
1.005	-0.2172	0.1118
1.003	-0.2143	0.1191
1.002	-0.2136	0.1247
1.002	-0.2145	0.1197
1.002	-0.2117	0.1175
1.005	-0.2187	0.1072
1.006	-0.2194	0.1023
1.007	-0.219	0.1058
1.008	-0.2176	0.113
1.005	-0.2142	0.1135
1.002	-0.2143	0.1116
1.002	-0.2181	0.1084
1.006	-0.2181	0.1009
1.012	-0.2179	0.1014
1.012	-0.2216	0.1102
1.005	-0.2251	0.1179
1.002	-0.2241	0.1211
1.003	-0.2171	0.1216
1.003	-0.2107	0.1225
1.005	-0.2103	0.1176
1.007	-0.2116	0.1091
1.007	-0.2131	0.1072
1.005	-0.217	0.1118
1.003	-0.2188	0.1141
1.002	-0.215	0.1093
1.007	-0.2131	0.105
1.009	-0.2165	0.1056
1.008	-0.2205	0.1108
1.006	-0.2237	0.1153
1.004	-0.2233	0.1118
1.005	-0.2191	0.1102
1.003	-0.2186	0.1112
1.003	-0.221	0.1096
1.005	-0.2203	0.1117
1.004	-0.219	0.1136
1.004	-0.2201	0.1135
1.005	-0.2188	0.113
1.005	-0.2131	0.1146
1.005	-0.2088	0.1193
1.007	-0.2084	0.1156
1.008	-0.2096	0.1088
1.008	-0.2119	0.1079
1.008	-0.2149	0.1072
1.005	-0.2173	0.1084
1.004	-0.2183	0.1114
1.008	-0.2195	0.1134
1.01	-0.2217	0.114
1.007	-0.2223	0.1125
1.003	-0.2218	0.112
1.001	-0.2208	0.113
1.001	-0.22	0.1134
1.001	-0.2209	0.1122
1.003	-0.2198	0.1112
1.007	-0.2166	0.1132
1.007	-0.2153	0.1152
1.004	-0.2129	0.1141
1.004	-0.2108	0.1096
1.008	-0.2127	0.1062
1.009	-0.2149	0.1081
1.007	-0.2173	0.1091
1.008	-0.219	0.1097
1.009	-0.2202	0.1121
1.006	-0.2233	0.1109
1.006	-0.222	0.1093
1.005	-0.2171	0.1118
1.003	-0.2143	0.1191
1.002	-0.2136	0.1246
1.002	-0.2145	0.1196
1.003	-0.2139	0.115
1.003	-0.2136	0.1129
1.004	-0.2159	0.105
1.006	-0.2176	0.1015
1.006	-0.2179	0.1042
1.006	-0.2201	0.1072
1.008	-0.2246	0.1111
1.009	-0.2245	0.113
1.008	-0.2213	0.1138
1.003	-0.2192	0.1149
1.001	-0.2157	0.1148
1.004	-0.2127	0.1154
1.01	-0.2112	0.1144
1.01	-0.2117	0.1109
1.005	-0.2119	0.112
1.004	-0.2108	0.1159
1.004	-0.2146	0.1138
1.004	-0.2184	0.1104
1.004	-0.2207	0.109
1.005	-0.2214	0.1085
1.005	-0.2185	0.1116
1.006	-0.2204	0.1114
1.006	-0.2209	0.1055
1.005	-0.2197	0.1059
1.004	-0.2231	0.1129
1.003	-0.221	0.1154
1.004	-0.2176	0.1141
1.006	-0.2155	0.1163
1.007	-0.2111	0.1162
1.007	-0.2102	0.1129
1.007	-0.2124	0.1136
1.006	-0.2202	0.1143
1.005	-0.2245	0.1145
1.007	-0.2171	0.1134
1.007	-0.2143	0.1098
1.004	-0.2168	0.1077
1.002	-0.2164	0.1056
1.002	-0.2163	0.1054
1.004	-0.2168	0.1081
1.007	-0.2178	0.1111
1.007	-0.2178	0.1146
1.006	-0.2159	0.1162
1.004	-0.2155	0.1158
1.004	-0.2157	0.112
1.007	-0.2158	0.1108
1.009	-0.2189	0.1159
1.007	-0.2247	0.1155
1.005	-0.2244	0.1137
1.004	-0.2163	0.1132
1.003	-0.2118	0.1075
1.004	-0.213	0.106
1.005	-0.2146	0.1098
1.004	-0.2158	0.1113
1.004	-0.216	0.1118
1.004	-0.2156	0.113
1.006	-0.2182	0.1111
1.01	-0.2225	0.1111
1.009	-0.2226	0.1185
1.005	-0.2203	0.1197
1.003	-0.22	0.1129
1.005	-0.2202	0.1109
1.005	-0.2171	0.1092
1.005	-0.2099	0.1057
1.005	-0.2081	0.1068
1.007	-0.2133	0.1027
1.004	-0.2139	0.1156
1.003	-0.2167	0.1152
1.005	-0.2184	0.1138
1.004	-0.2187	0.1155
1.005	-0.2207	0.1156
1.007	-0.225	0.116
1.008	-0.2248	0.1145
1.008	-0.2213	0.1123
1.003	-0.2191	0.1113
1.001	-0.2155	0.1099
1.005	-0.2125	0.1101
1.01	-0.211	0.1095
1.01	-0.2116	0.1067
1.006	-0.2118	0.109
1.004	-0.2107	0.1142
1.004	-0.2146	0.1134
1.004	-0.2184	0.1111
1.004	-0.2207	0.1105
1.005	-0.2215	0.1106
1.005	-0.2186	0.114
1.005	-0.2205	0.1138
1.006	-0.221	0.1077
1.005	-0.2197	0.1077
1.004	-0.2231	0.1142
1.003	-0.221	0.1162
1.004	-0.2176	0.1144
1.006	-0.2155	0.1161
1.007	-0.211	0.1156
1.008	-0.2101	0.1121
1.007	-0.2124	0.1126
1.006	-0.2202	0.1133
1.005	-0.2244	0.1136
1.007	-0.2171	0.1125
1.007	-0.2143	0.1091
1.004	-0.2167	0.1073
1.002	-0.2163	0.1054
1.002	-0.2163	0.1054
1.004	-0.2168	0.1082
1.007	-0.2178	0.1113
1.007	-0.2178	0.115
1.006	-0.216	0.1166
1.004	-0.2155	0.1162
1.004	-0.2157	0.1123
1.007	-0.2158	0.1111
1.009	-0.2189	0.1161
1.007	-0.2247	0.1156
1.005	-0.2244	0.1138
1.004	-0.2163	0.1132
1.003	-0.2118	0.1075
1.004	-0.213	0.1059
1.005	-0.2146	0.1097
1.004	-0.2158	0.1112
1.004	-0.216	0.1116
1.004	-0.2156	0.1129
1.006	-0.2182	0.111
1.01	-0.2225	0.111
1.009	-0.2226	0.1185
1.005	-0.2203	0.1197
1.003	-0.22	0.113
1.005	-0.2202	0.111
1.005	-0.2171	0.1093
1.005	-0.2099	0.1057
1.005	-0.2081	0.1068
1.005	-0.2137	0.1091
1.004	-0.2159	0.1106
1.004	-0.2173	0.1144
1.004	-0.2209	0.1166
1.006	-0.2191	0.1158
1.007	-0.2169	0.1134
1.007	-0.2183	0.1106
1.008	-0.2195	0.1111
1.007	-0.2203	0.1113
1.003	-0.2172	0.11
1.001	-0.215	0.1089
1.002	-0.2167	0.1079
1.006	-0.2167	0.1136
1.01	-0.2186	0.1211
1.009	-0.2192	0.1199
1.005	-0.2138	0.1121
1.004	-0.2098	0.1067
1.003	-0.2106	0.1077
1.002	-0.2169	0.1079
1.004	-0.2227	0.1087
1.009	-0.2254	0.1121
1.01	-0.2288	0.1114
1.006	-0.2258	0.112
1.004	-0.221	0.1148
1.005	-0.2194	0.1148
1.004	-0.2114	0.1148
1.004	-0.2065	0.1132
1.004	-0.2073	0.1116
1.003	-0.2049	0.1121
1.004	-0.2082	0.1115
1.005	-0.2131	0.11
1.008	-0.2173	0.1073
1.01	-0.2246	0.1083
1.007	-0.2247	0.1168
1.005	-0.2244	0.1195
1.005	-0.2257	0.1102
1.004	-0.2223	0.1066
1.004	-0.2211	0.1102
1.007	-0.2175	0.1108
1.007	-0.2138	0.115
1.003	-0.2149	0.1148
1.003	-0.2122	0.1084
1.008	-0.211	0.1105
1.01	-0.2134	0.1129
1.004	-0.2157	0.1121
1.003	-0.2198	0.1123
1.004	-0.2216	0.1112
1.004	-0.2205	0.1139
1.006	-0.2191	0.1148
1.006	-0.2181	0.1128
1.003	-0.2176	0.1137
1.002	-0.2179	0.1127
1.007	-0.2194	0.1114
1.01	-0.2196	0.1095
1.008	-0.2178	0.1069
1.002	-0.2129	0.109
1	-0.2069	0.1117
1.008	-0.2082	0.1126
1.011	-0.213	0.1115
1.007	-0.2159	0.1095
1.005	-0.2202	0.1127
1.004	-0.2235	0.1164
1.004	-0.2241	0.1141
1.006	-0.2231	0.1122
1.005	-0.2265	0.1134
1.004	-0.2179	0.1116
1.004	-0.2133	0.1132
1.004	-0.2144	0.1143
1.006	-0.2123	0.113
1.007	-0.2111	0.1106
1.006	-0.2141	0.1082
1.007	-0.2171	0.1093
1.006	-0.2197	0.1101
1.003	-0.2179	0.1094
1	-0.2166	0.1089
1.002	-0.2189	0.1084
1.007	-0.219	0.1143
1.01	-0.2207	0.1221
1.009	-0.2209	0.1209
1.006	-0.2149	0.113
1.004	-0.2104	0.1075
1.004	-0.2107	0.1083
1.003	-0.2165	0.1083
1.004	-0.222	0.1088
1.009	-0.2244	0.1121
1.01	-0.2277	0.1112
1.006	-0.2248	0.1117
1.004	-0.2201	0.1145
1.005	-0.2187	0.1144
1.003	-0.2109	0.1145
1.004	-0.2062	0.1129
1.004	-0.2073	0.1113
1.003	-0.2051	0.1119
1.003	-0.2085	0.1114
1.005	-0.2135	0.11
1.008	-0.2177	0.1074
1.01	-0.225	0.1084
1.007	-0.2251	0.117
1.005	-0.2247	0.1197
1.005	-0.2259	0.1103
1.004	-0.2224	0.1067
1.004	-0.2212	0.1103
1.007	-0.2174	0.1109
1.007	-0.2137	0.1151
1.003	-0.2148	0.1149
1.003	-0.212	0.1084
1.008	-0.2109	0.1105
1.01	-0.2133	0.1129
1.004	-0.2156	0.1121
1.003	-0.2197	0.1122
1.004	-0.2216	0.1112
1.004	-0.2204	0.1138
1.006	-0.2191	0.1147
1.006	-0.2181	0.1128
1.003	-0.2177	0.1137
1.002	-0.218	0.1127
1.007	-0.2195	0.1114
1.01	-0.2196	0.1095
1.008	-0.2178	0.1069
1.002	-0.2129	0.109
1	-0.2069	0.1117
1.008	-0.2082	0.1127
1.011	-0.213	0.1115
1.007	-0.2159	0.1095
1.005	-0.2202	0.1127
1.004	-0.2235	0.1164
1.004	-0.2241	0.1141
1.006	-0.223	0.1122
1.003	-0.2204	0.1145
1.004	-0.2191	0.1151
1.006	-0.2192	0.113
1.007	-0.2177	0.1095
1.009	-0.2154	0.1058
1.007	-0.2117	0.1069
1.004	-0.209	0.109
1.003	-0.2128	0.1115
1.004	-0.2149	0.1183
1.004	-0.2144	0.1197
1.002	-0.2176	0.1147
1.003	-0.2182	0.1111
1.008	-0.222	0.11
1.009	-0.229	0.1098
1.008	-0.2279	0.1096
1.007	-0.2233	0.1103
1.006	-0.2175	0.1101
1.006	-0.2145	0.1101
1.006	-0.212	0.1111
1.004	-0.2039	0.1129
1.001	-0.205	0.1175
1.003	-0.2148	0.1161
1.004	-0.2186	0.1106
1.003	-0.2187	0.1101
1.005	-0.2191	0.1083
1.009	-0.2198	0.106
1.009	-0.2199	0.1106
1.007	-0.2187	0.1196
1.008	-0.2176	0.122
1.007	-0.219	0.1123
1.004	-0.2227	0.106
1.004	-0.2221	0.1089
1.003	-0.2165	0.1095
1.004	-0.2139	0.1121
1.005	-0.2156	0.1153
1.004	-0.2143	0.1111
1.004	-0.2108	0.1083
1.003	-0.2117	0.1092
1.005	-0.2174	0.1108
1.004	-0.2233	0.1113
1.004	-0.2232	0.1114
1.008	-0.2216	0.1177
1.008	-0.2212	0.1208
1.008	-0.2176	0.1162
1.008	-0.2156	0.1121
1.007	-0.2128	0.1058
1.005	-0.2098	0.1039
1.004	-0.2136	0.1118
1.004	-0.2198	0.1145
1.003	-0.2222	0.1107
1.005	-0.2164	0.1116
1.007	-0.2134	0.1142
1.006	-0.2174	0.1144
1.004	-0.2151	0.1134
1.003	-0.2154	0.1113
1.003	-0.219	0.1105
1.004	-0.2183	0.1111
1.005	-0.2202	0.1113
1.007	-0.2196	0.1118
1.006	-0.2186	0.1118
1.006	-0.2196	0.1113
1.01	-0.2173	0.11
1.009	-0.2166	0.1091
1.008	-0.2161	0.1103
1.003	-0.216	0.1046
1.002	-0.2175	0.1146
1.004	-0.2194	0.1176
1.005	-0.2188	0.1161
1.007	-0.2168	0.1125
1.005	-0.2132	0.1124
1.003	-0.2103	0.1127
1.003	-0.2138	0.1132
1.004	-0.2156	0.1182
1.004	-0.2148	0.1182
1.003	-0.2178	0.1123
1.004	-0.2182	0.1082
1.008	-0.2218	0.107
1.01	-0.2288	0.1071
1.009	-0.2277	0.1074
1.007	-0.2231	0.1087
1.006	-0.2173	0.1092
1.006	-0.2144	0.11
1.006	-0.2119	0.1115
1.003	-0.2039	0.1138
1.001	-0.205	0.1186
1.003	-0.2149	0.1174
1.004	-0.2187	0.1119
1.003	-0.2188	0.1112
1.005	-0.2192	0.1092
1.009	-0.2199	0.1066
1.009	-0.2199	0.111
1.007	-0.2188	0.1197
1.008	-0.2176	0.1219
1.007	-0.219	0.112
1.004	-0.2227	0.1055
1.004	-0.2221	0.1084
1.003	-0.2164	0.109
1.004	-0.2138	0.1116
1.005	-0.2156	0.1149
1.004	-0.2143	0.1108
1.004	-0.2108	0.1081
1.003	-0.2117	0.1091
1.005	-0.2174	0.1108
1.004	-0.2233	0.1114
1.004	-0.2232	0.1116
1.007	-0.2217	0.1178
1.008	-0.2212	0.121
1.008	-0.2176	0.1164
1.008	-0.2156	0.1123
1.007	-0.2128	0.106
1.005	-0.2099	0.104
1.004	-0.2136	0.1119
1.004	-0.2198	0.1145
1.004	-0.2222	0.1107
1.005	-0.2164	0.1116
1.007	-0.2134	0.1142
1.006	-0.2174	0.1143
1.004	-0.2151	0.1134
1.003	-0.2154	0.1112
1.003	-0.219	0.1105
1.004	-0.2183	0.111
1.005	-0.2202	0.1113
1.007	-0.2196	0.1118
1.006	-0.2186	0.1118
1.006	-0.2196	0.1113
1.01	-0.2173	0.11
1.009	-0.2166	0.1092
1.008	-0.2161	0.1103
1.006	-0.2155	0.1112
1.003	-0.2167	0.112
1	-0.2172	0.1133
1.002	-0.2186	0.1153
1.005	-0.2185	0.1164
1.005	-0.2174	0.1123
1.006	-0.2166	0.1084
1.006	-0.2146	0.1096
1.006	-0.214	0.1125
1.006	-0.2142	0.1156
1.006	-0.2153	0.1155
1.006	-0.2171	0.1107
1.005	-0.2185	0.11
1.005	-0.2204	0.114
1.007	-0.2199	0.1156
1.006	-0.2178	0.1146
1.003	-0.2166	0.1116
1.002	-0.2172	0.1068
1.005	-0.2199	0.1052
1.007	-0.2215	0.1087
1.006	-0.2196	0.1115
1.006	-0.2145	0.113
1.006	-0.2122	0.1156
1.005	-0.2168	0.1139
1.01	-0.2215	0.1056
1.013	-0.2203	0.1004
1.006	-0.2148	0.1073
0.9949	-0.2111	0.12
0.9926	-0.2124	0.1263
1.004	-0.2122	0.1239
1.013	-0.2128	0.1165
1.011	-0.219	0.1113
1.009	-0.2211	0.1099
1.007	-0.2211	0.1071
1.004	-0.2234	0.1064
1.004	-0.2222	0.1105
1.002	-0.2213	0.1107
1.003	-0.2208	0.1045
1.006	-0.2177	0.1025
1.006	-0.2149	0.1099
1.005	-0.2103	0.1193
1.003	-0.2097	0.1205
1.005	-0.2152	0.1141
1.007	-0.2156	0.1107
1.008	-0.2104	0.1109
1.01	-0.2108	0.1087
1.008	-0.2202	0.1097
1.005	-0.2256	0.116
1.004	-0.2233	0.1176
1.004	-0.2234	0.1158
1.005	-0.2229	0.1152
1.002	-0.221	0.1139
1	-0.2205	0.113
1.003	-0.2149	0.1111
1.008	-0.2109	0.1057
1.011	-0.2128	0.102
1.007	-0.2113	0.103
1.005	-0.2096	0.1053
1.005	-0.212	0.111
1.004	-0.2182	0.1175
1.005	-0.222	0.1176
1.004	-0.2177	0.1182
1.004	-0.2177	0.1188
1.005	-0.2225	0.1142
1.006	-0.2152	0.1243
1.005	-0.22	0.1116
1.004	-0.2217	0.1058
1.006	-0.2228	0.1052
1.008	-0.2215	0.1066
1.007	-0.2189	0.1045
1.007	-0.2165	0.1033
1.007	-0.2132	0.1075
1.005	-0.2117	0.1129
1.005	-0.2114	0.1181
1.005	-0.2124	0.1192
1.005	-0.2144	0.1151
1.004	-0.2163	0.1143
1.003	-0.2189	0.1178
1.005	-0.219	0.1186
1.005	-0.2177	0.1165
1.002	-0.2171	0.1125
1.002	-0.2181	0.1068
1.005	-0.2211	0.1044
1.008	-0.2228	0.1072
1.006	-0.2209	0.1096
1.006	-0.2157	0.111
1.007	-0.2131	0.1137
1.006	-0.2175	0.1122
1.01	-0.2219	0.1043
1.013	-0.2205	0.09955
1.007	-0.2147	0.1069
0.995	-0.2108	0.12
0.9926	-0.2119	0.1266
1.004	-0.2117	0.1244
1.013	-0.2123	0.1172
1.011	-0.2185	0.1121
1.009	-0.2207	0.1107
1.006	-0.2208	0.1078
1.004	-0.2232	0.107
1.003	-0.2221	0.111
1.002	-0.2213	0.1109
1.003	-0.2208	0.1046
1.006	-0.2179	0.1025
1.006	-0.2151	0.1098
1.005	-0.2105	0.1191
1.003	-0.2099	0.1202
1.005	-0.2154	0.1138
1.007	-0.2158	0.1104
1.008	-0.2105	0.1107
1.01	-0.2109	0.1085
1.008	-0.2202	0.1096
1.005	-0.2256	0.1159
1.004	-0.2233	0.1176
1.004	-0.2234	0.1158
1.005	-0.2228	0.1152
1.002	-0.2209	0.114
1	-0.2205	0.1131
1.003	-0.2149	0.1112
1.008	-0.2108	0.1058
1.011	-0.2127	0.102
1.007	-0.2113	0.103
1.005	-0.2096	0.1053
1.005	-0.212	0.111
1.004	-0.2182	0.1175
1.005	-0.222	0.1176
1.004	-0.2177	0.1182
1.004	-0.2177	0.1188
1.005	-0.2225	0.1142
1.005	-0.2231	0.112
1.006	-0.2233	0.1113
1.007	-0.2191	0.1115
1.006	-0.2126	0.1159
1.007	-0.2116	0.1159
1.007	-0.2118	0.1091
1.006	-0.2149	0.102
1.005	-0.2182	0.1016
1.003	-0.2166	0.1079
1.004	-0.2183	0.1131
1.007	-0.2221	0.1166
1.007	-0.2226	0.1178
1.006	-0.2222	0.1149
1.004	-0.2194	0.1115
1.003	-0.2137	0.111
1.003	-0.211	0.1117
1.006	-0.2133	0.1116
1.01	-0.2139	0.1121
1.01	-0.2141	0.1108
1.006	-0.2173	0.1089
1.001	-0.217	0.1112
1	-0.2186	0.1148
1	-0.224	0.1187
1.002	-0.2229	0.1193
1.006	-0.2201	0.1116
1.008	-0.2179	0.107
1.007	-0.2146	0.1104
1.006	-0.2124	0.1126
1.008	-0.2104	0.1108
1.011	-0.2125	0.1041
1.013	-0.2153	0.1
1.009	-0.2167	0.1085
1.005	-0.2191	0.116
1.002	-0.2189	0.1177
1.001	-0.2206	0.1209
1.001	-0.2219	0.1194
1	-0.2202	0.1142
1.001	-0.2208	0.1111
1.004	-0.2194	0.1103
1.006	-0.2185	0.1087
1.01	-0.219	0.1065
1.009	-0.2163	0.1086
1.005	-0.2147	0.1098
1.002	-0.2109	0.1105
1.007	-0.2082	0.113
1.009	-0.2136	0.1136
1.007	-0.2167	0.1166
1.008	-0.2175	0.1166
1.007	-0.2195	0.1124
1.006	-0.2159	0.1113
1.005	-0.214	0.1123
0.999	-0.2215	0.1132
0.9975	-0.2298	0.11
1.004	-0.2293	0.1071
1.009	-0.2217	0.1079
1.011	-0.2164	0.1069
1.011	-0.2146	0.1101
1.005	-0.2111	0.1163
1	-0.2088	0.1167
1.004	-0.2117	0.1142
1.004	-0.2144	0.1138
1.004	-0.212	0.1147
1.007	-0.2125	0.1167
1.005	-0.2168	0.1174
1.006	-0.212	0.09399
1.006	-0.2219	0.1071
1.006	-0.2236	0.1146
1.005	-0.2203	0.1218
1.006	-0.2202	0.1219
1.006	-0.2198	0.1137
1.005	-0.2213	0.1045
1.004	-0.2225	0.1022
1.003	-0.2187	0.1068
1.004	-0.2182	0.1108
1.007	-0.2204	0.1137
1.007	-0.2198	0.1148
1.006	-0.2186	0.1122
1.005	-0.2156	0.1095
1.003	-0.2101	0.1098
1.003	-0.208	0.1113
1.006	-0.211	0.112
1.01	-0.2124	0.1131
1.01	-0.2135	0.1122
1.006	-0.2174	0.1106
1.001	-0.2177	0.1129
0.9999	-0.2198	0.1163
0.9999	-0.2254	0.12
1.001	-0.2244	0.1202
1.006	-0.2215	0.1122
1.008	-0.2192	0.1072
1.006	-0.2156	0.1103
1.006	-0.2131	0.1122
1.007	-0.2108	0.1102
1.011	-0.2126	0.1034
1.013	-0.2151	0.09929
1.009	-0.2164	0.1078
1.005	-0.2185	0.1154
1.002	-0.2183	0.1172
1.001	-0.22	0.1205
1.001	-0.2214	0.1192
1	-0.2198	0.1142
1.001	-0.2205	0.1111
1.004	-0.2192	0.1104
1.006	-0.2184	0.1089
1.01	-0.219	0.1067
1.009	-0.2164	0.1088
1.005	-0.2149	0.11
1.002	-0.2111	0.1107
1.007	-0.2085	0.1131
1.009	-0.2138	0.1137
1.007	-0.2168	0.1167
1.008	-0.2176	0.1166
1.007	-0.2196	0.1123
1.006	-0.216	0.1113
1.005	-0.214	0.1122
0.999	-0.2215	0.1131
0.9975	-0.2298	0.1099
1.004	-0.2292	0.1071
1.009	-0.2216	0.1078
1.011	-0.2163	0.1069
1.011	-0.2145	0.1101
1.005	-0.2111	0.1163
1	-0.2088	0.1167
1.004	-0.2117	0.1142
1.004	-0.2144	0.1139
1.004	-0.212	0.1147
1.007	-0.2125	0.1167
1.005	-0.2168	0.1174
1.005	-0.2142	0.1115
1.005	-0.2116	0.1043
1.004	-0.218	0.1041
1.01	-0.2273	0.1074
1.011	-0.233	0.1068
1.005	-0.2309	0.1072
1.003	-0.2241	0.1179
1.001	-0.2175	0.1228
1.001	-0.2136	0.1146
1.005	-0.2142	0.1136
1.009	-0.2127	0.1143
1.007	-0.2091	0.1109
1.004	-0.2078	0.1123
1.004	-0.2086	0.1096
1.007	-0.2147	0.106
1.01	-0.2213	0.1061
1.006	-0.2248	0.1056
1.004	-0.2257	0.1117
1.005	-0.2207	0.1159
1.004	-0.2171	0.1136
1.004	-0.2155	0.1159
1.004	-0.2133	0.1171
1.002	-0.2168	0.1165
1.002	-0.2189	0.1166
1.005	-0.2158	0.1114
1.013	-0.2169	0.107
1.014	-0.2169	0.1071
1.007	-0.2114	0.1095
1.004	-0.2118	0.1119
1.003	-0.2178	0.1117
1.003	-0.2188	0.1128
1.004	-0.216	0.1138
1.004	-0.2174	0.1122
1.005	-0.2228	0.1105
1.005	-0.2243	0.109
1.004	-0.2207	0.1113
1.004	-0.2187	0.1154
1.004	-0.2181	0.1163
1.004	-0.2162	0.1143
1.006	-0.2169	0.1126
1.01	-0.2198	0.112
1.011	-0.2186	0.1073
1.004	-0.2098	0.1045
1.001	-0.2047	0.1072
1.006	-0.2117	0.1098
1.005	-0.2166	0.1152
1.004	-0.2158	0.1173
1.006	-0.2184	0.1156
1.005	-0.2227	0.1151
1.004	-0.2259	0.1126
1.006	-0.2248	0.1125
1.007	-0.2233	0.1128
1.008	-0.2232	0.112
1.006	-0.2176	0.1108
1.003	-0.2123	0.105
1.002	-0.2108	0.1046
1	-0.2113	0.1095
1.002	-0.2126	0.1138
1.008	-0.2116	0.1196
1.01	-0.2128	0.1185
1.01	-0.215	0.1093
1.01	-0.2167	0.1061
1.007	-0.2197	0.1134
1.003	-0.2204	0.1166
0.9986	-0.2309	0.1271
1.001	-0.2145	0.1105
1.001	-0.213	0.1047
1.009	-0.2186	0.105
1.011	-0.2234	0.1032
1.006	-0.2225	0.1036
1.004	-0.2179	0.1151
1.002	-0.2139	0.121
1.002	-0.2126	0.1139
1.007	-0.2154	0.1138
1.01	-0.2155	0.1152
1.008	-0.2129	0.1122
1.004	-0.212	0.1137
1.004	-0.2127	0.111
1.007	-0.2182	0.1072
1.009	-0.2239	0.1069
1.005	-0.2266	0.1061
1.003	-0.2264	0.1118
1.004	-0.2205	0.1157
1.003	-0.2162	0.1131
1.003	-0.2141	0.1153
1.003	-0.2116	0.1164
1.002	-0.215	0.1158
1.002	-0.2172	0.1159
1.005	-0.2142	0.1109
1.013	-0.2157	0.1067
1.014	-0.2161	0.1069
1.008	-0.211	0.1095
1.004	-0.2117	0.112
1.003	-0.2181	0.1119
1.004	-0.2193	0.1131
1.004	-0.2167	0.1141
1.004	-0.2181	0.1125
1.005	-0.2235	0.1108
1.005	-0.225	0.1092
1.004	-0.2213	0.1115
1.004	-0.2191	0.1156
1.004	-0.2183	0.1163
1.004	-0.2163	0.1143
1.006	-0.2168	0.1125
1.01	-0.2197	0.1119
1.01	-0.2184	0.1072
1.004	-0.2096	0.1044
1.001	-0.2044	0.1071
1.006	-0.2114	0.1097
1.005	-0.2163	0.1151
1.004	-0.2156	0.1173
1.006	-0.2183	0.1156
1.005	-0.2226	0.1151
1.004	-0.2259	0.1126
1.006	-0.2248	0.1125
1.007	-0.2233	0.1128
1.008	-0.2233	0.1121
1.006	-0.2177	0.1108
1.003	-0.2123	0.105
1.002	-0.2109	0.1047
1	-0.2114	0.1096
1.002	-0.2126	0.1138
1.008	-0.2116	0.1196
1.01	-0.2129	0.1185
1.01	-0.215	0.1093
1.01	-0.2167	0.1061
1.007	-0.2197	0.1134
1.003	-0.2204	0.1166
1	-0.2214	0.1143
0.9997	-0.2224	0.1156
1.003	-0.2224	0.1122
1.006	-0.2225	0.1092
1.005	-0.2184	0.1108
1.007	-0.2153	0.1095
1.008	-0.2162	0.1117
1.005	-0.2135	0.1116
1.004	-0.2097	0.1085
1.004	-0.2115	0.1094
1.007	-0.2154	0.109
1.01	-0.2182	0.1111
1.008	-0.2191	0.1118
1.005	-0.2175	0.111
1.004	-0.2165	0.1164
1.004	-0.2193	0.1177
1.003	-0.2245	0.1149
1.001	-0.2255	0.1134
1.004	-0.2226	0.1101
1.006	-0.22	0.11
1.006	-0.2145	0.1108
1.007	-0.2098	0.1086
1.006	-0.2089	0.1099
1.007	-0.2083	0.1145
1.008	-0.2118	0.1166
1.007	-0.2186	0.1156
1.005	-0.2211	0.1113
1.003	-0.2199	0.1092
1.003	-0.2191	0.1105
1.004	-0.2183	0.1101
1.004	-0.2165	0.1129
1.005	-0.218	0.1141
1.006	-0.2204	0.1077
1.007	-0.2199	0.105
1.007	-0.2196	0.1086
1.007	-0.2171	0.1138
1.006	-0.2152	0.117
1.003	-0.2178	0.1147
1.002	-0.2182	0.113
1.003	-0.2175	0.1148
1.006	-0.2179	0.1141
1.007	-0.215	0.1119
1.006	-0.2131	0.111
1.008	-0.2139	0.1104
1.009	-0.2139	0.111
1.005	-0.2173	0.1111
1.005	-0.2204	0.1112
1.006	-0.2187	0.1122
1.005	-0.2184	0.1124
1.003	-0.218	0.1121
1.002	-0.2165	0.1104
1.005	-0.2174	0.1099
1.005	-0.2174	0.1123
1.005	-0.218	0.1144
1.006	-0.2188	0.1154
1.006	-0.2175	0.1121
1.006	-0.2182	0.1099
1.006	-0.218	0.1129
1.005	-0.2163	0.1125
1.006	-0.216	0.1111
1.006	-0.215	0.1105
1.003	-0.2138	0.1091
1.004	-0.215	0.1106
1.005	-0.2182	0.1108
1.01	-0.2162	0.1052
1.005	-0.2206	0.1141
1.005	-0.2224	0.1153
1.006	-0.2232	0.1147
1.004	-0.2194	0.1168
1.006	-0.2161	0.1149
1.006	-0.2167	0.1159
1.003	-0.2137	0.1142
1.002	-0.2097	0.1095
1.003	-0.2113	0.1091
1.006	-0.2151	0.1076
1.01	-0.2179	0.1089
1.008	-0.2189	0.1092
1.006	-0.2174	0.1084
1.004	-0.2165	0.114
1.004	-0.2194	0.1157
1.003	-0.2247	0.1135
1.002	-0.2258	0.1126
1.004	-0.2229	0.1099
1.006	-0.2203	0.1102
1.007	-0.2148	0.1115
1.007	-0.21	0.1095
1.006	-0.2091	0.111
1.007	-0.2084	0.1156
1.008	-0.2118	0.1176
1.007	-0.2185	0.1164
1.005	-0.221	0.1119
1.003	-0.2197	0.1096
1.003	-0.219	0.1106
1.004	-0.2182	0.1101
1.004	-0.2164	0.1127
1.005	-0.2179	0.1138
1.006	-0.2203	0.1073
1.007	-0.2198	0.1045
1.007	-0.2195	0.1082
1.008	-0.2171	0.1134
1.006	-0.2152	0.1167
1.004	-0.2178	0.1145
1.002	-0.2182	0.1129
1.003	-0.2175	0.1148
1.006	-0.218	0.1141
1.007	-0.215	0.112
1.006	-0.2131	0.1112
1.008	-0.2139	0.1105
1.008	-0.2139	0.1111
1.005	-0.2173	0.1112
1.005	-0.2204	0.1113
1.006	-0.2186	0.1123
1.005	-0.2183	0.1124
1.003	-0.2179	0.1121
1.002	-0.2165	0.1104
1.004	-0.2174	0.1099
1.005	-0.2174	0.1122
1.005	-0.218	0.1143
1.006	-0.2188	0.1153
1.006	-0.2174	0.1121
1.006	-0.2182	0.1099
1.006	-0.218	0.1129
1.005	-0.2163	0.1125
1.006	-0.216	0.1111
1.006	-0.215	0.1105
1.003	-0.2138	0.1092
1.004	-0.215	0.1106
1.005	-0.2182	0.1108
1.005	-0.2191	0.1111
1.007	-0.2189	0.1132
1.008	-0.2201	0.1124
1.008	-0.2181	0.1127
1.008	-0.2178	0.1128
1.003	-0.2211	0.1117
1.002	-0.2199	0.1146
1.004	-0.2151	0.117
1.004	-0.2122	0.1171
1.004	-0.2131	0.1139
1.005	-0.2145	0.1047
1.005	-0.2158	0.103
1.005	-0.2183	0.1131
1.005	-0.2188	0.1149
1.005	-0.2198	0.1081
1.007	-0.2188	0.108
1.008	-0.2163	0.1106
1.007	-0.2176	0.1111
1.008	-0.2179	0.1118
1.007	-0.2176	0.1124
1.004	-0.2171	0.1162
1.004	-0.2148	0.1189
1.004	-0.2158	0.1158
1.003	-0.2182	0.1143
1.002	-0.2196	0.1132
1.003	-0.2191	0.11
1.004	-0.2163	0.1087
1.005	-0.2153	0.1066
1.008	-0.2164	0.1082
1.007	-0.2199	0.1144
1.007	-0.222	0.1155
1.007	-0.2179	0.114
1.005	-0.2129	0.1135
1.005	-0.2125	0.1105
1.006	-0.2145	0.1083
1.007	-0.215	0.1094
1.007	-0.2151	0.1097
1.005	-0.2157	0.11
1.004	-0.216	0.1117
1.004	-0.2193	0.1105
1.004	-0.2238	0.1108
1.005	-0.2242	0.1136
1.004	-0.2209	0.1138
1.004	-0.2188	0.1141
1.005	-0.2181	0.1151
1.006	-0.2156	0.116
1.006	-0.2146	0.1159
1.005	-0.2153	0.1117
1.005	-0.2154	0.1086
1.007	-0.2164	0.1087
1.008	-0.2153	0.1093
1.007	-0.214	0.1124
1.006	-0.2156	0.1144
1.004	-0.2163	0.1126
1.003	-0.2164	0.1095
1.005	-0.2177	0.1064
1.005	-0.2209	0.1075
1.004	-0.222	0.112
1.006	-0.2168	0.1145
1.005	-0.2138	0.1174
1.004	-0.2159	0.1185
1.008	-0.2171	0.1146
1.009	-0.2186	0.1094
1.005	-0.2184	0.1062
1	-0.2188	0.1143
1.004	-0.2175	0.113
1.007	-0.2183	0.1103
1.008	-0.2163	0.1098
1.007	-0.2164	0.11
1.004	-0.2202	0.1094
1.002	-0.2195	0.113
1.004	-0.2152	0.1162
1.005	-0.2126	0.1171
1.005	-0.2137	0.1145
1.005	-0.2152	0.1057
1.005	-0.2166	0.1043
1.006	-0.219	0.1144
1.006	-0.2194	0.1161
1.005	-0.2202	0.1091
1.007	-0.219	0.1088
1.008	-0.2163	0.1111
1.007	-0.2174	0.1113
1.008	-0.2177	0.1117
1.006	-0.2173	0.1121
1.004	-0.2168	0.1158
1.004	-0.2145	0.1183
1.004	-0.2155	0.1152
1.003	-0.2179	0.1138
1.002	-0.2194	0.1127
1.003	-0.219	0.1097
1.004	-0.2163	0.1085
1.005	-0.2153	0.1065
1.008	-0.2165	0.1082
1.007	-0.22	0.1145
1.007	-0.2222	0.1156
1.007	-0.218	0.1142
1.005	-0.2131	0.1138
1.006	-0.2126	0.1108
1.006	-0.2146	0.1085
1.007	-0.215	0.1096
1.007	-0.2151	0.1098
1.005	-0.2157	0.1101
1.004	-0.216	0.1117
1.004	-0.2193	0.1105
1.004	-0.2238	0.1107
1.005	-0.2241	0.1135
1.004	-0.2209	0.1137
1.004	-0.2188	0.1141
1.005	-0.2181	0.1151
1.006	-0.2156	0.116
1.006	-0.2146	0.1159
1.005	-0.2153	0.1117
1.005	-0.2154	0.1086
1.007	-0.2164	0.1087
1.008	-0.2153	0.1094
1.007	-0.214	0.1124
1.006	-0.2156	0.1144
1.004	-0.2163	0.1126
1.003	-0.2164	0.1096
1.005	-0.2177	0.1064
1.005	-0.2209	0.1075
1.004	-0.222	0.112
1.006	-0.2168	0.1145
1.005	-0.2138	0.1174
1.004	-0.2159	0.1185
1.008	-0.2171	0.1146
1.009	-0.2185	0.1094
1.005	-0.2184	0.1062
1.003	-0.2167	0.1083
1.003	-0.2178	0.114
1.005	-0.2205	0.1145
1.006	-0.2209	0.1121
1.003	-0.2162	0.1129
1.002	-0.2131	0.1128
1.005	-0.216	0.1127
1.006	-0.2172	0.1149
1.006	-0.2176	0.1133
1.007	-0.217	0.1081
1.007	-0.2155	0.105
1.007	-0.2178	0.1073
1.007	-0.2175	0.1103
1.004	-0.2156	0.1109
1.004	-0.2165	0.113
1.004	-0.216	0.1137
1.004	-0.2155	0.1153
1.004	-0.2166	0.117
1.005	-0.2214	0.1136
1.005	-0.2231	0.1126
1.006	-0.216	0.1131
1.006	-0.2144	0.1114
1.005	-0.2177	0.1092
1.005	-0.217	0.1074
1.006	-0.2187	0.11
1.007	-0.2204	0.1126
1.006	-0.2178	0.117
1.005	-0.2161	0.1204
1.006	-0.2153	0.1123
1.007	-0.2144	0.1077
1.006	-0.2148	0.109
1.004	-0.2159	0.1065
1.004	-0.2189	0.11
1.005	-0.2193	0.1129
1.004	-0.2153	0.1091
1.004	-0.2158	0.1099
1.005	-0.2179	0.1121
1.005	-0.2182	0.115
1.005	-0.2193	0.1187
1.005	-0.2188	0.1166
1.008	-0.2171	0.1128
1.009	-0.2157	0.1077
1.006	-0.2163	0.1048
1.006	-0.2169	0.1092
1.005	-0.2174	0.1116
1.004	-0.2191	0.1132
1.005	-0.2179	0.117
1.006	-0.2178	0.1162
1.006	-0.2193	0.114
1.004	-0.2169	0.1131
1.001	-0.2124	0.1119
1.002	-0.2103	0.1116
1.006	-0.217	0.111
1.008	-0.2246	0.1088
1.008	-0.2238	0.1072
1.007	-0.2207	0.1083
1.007	-0.2147	0.112
1.006	-0.2117	0.1162
1.005	-0.2149	0.1156
1.003	-0.2143	0.1083
1.003	-0.2155	0.1054
1.005	-0.2181	0.1107
1.005	-0.2164	0.1136
1.004	-0.2155	0.116
1.007	-0.2157	0.1076
1.006	-0.2188	0.1158
1.007	-0.2226	0.1173
1.007	-0.2234	0.1149
1.004	-0.2186	0.115
1.003	-0.215	0.1139
1.005	-0.2174	0.1129
1.006	-0.218	0.1142
1.006	-0.2177	0.112
1.006	-0.2166	0.1064
1.006	-0.2147	0.1032
1.006	-0.2168	0.1056
1.006	-0.2164	0.1089
1.004	-0.2146	0.1098
1.004	-0.2155	0.1123
1.004	-0.2153	0.1135
1.004	-0.215	0.1154
1.005	-0.2163	0.1175
1.005	-0.2214	0.1143
1.006	-0.2233	0.1134
1.006	-0.2163	0.1139
1.006	-0.2148	0.1122
1.005	-0.2181	0.1098
1.005	-0.2175	0.1079
1.006	-0.2191	0.1104
1.007	-0.2207	0.1128
1.006	-0.218	0.117
1.005	-0.2163	0.1203
1.006	-0.2153	0.1121
1.007	-0.2143	0.1074
1.006	-0.2147	0.1087
1.004	-0.2157	0.1062
1.004	-0.2188	0.1097
1.005	-0.2191	0.1127
1.004	-0.2151	0.1089
1.004	-0.2156	0.1098
1.005	-0.2178	0.1121
1.005	-0.2182	0.1151
1.005	-0.2192	0.1187
1.005	-0.2188	0.1166
1.008	-0.2171	0.1129
1.009	-0.2158	0.1078
1.006	-0.2163	0.1049
1.006	-0.217	0.1093
1.005	-0.2175	0.1117
1.004	-0.2192	0.1132
1.005	-0.218	0.117
1.006	-0.2178	0.1162
1.006	-0.2193	0.114
1.004	-0.2169	0.1131
1.001	-0.2124	0.1119
1.002	-0.2103	0.1116
1.006	-0.217	0.1109
1.008	-0.2246	0.1087
1.008	-0.2238	0.1071
1.007	-0.2207	0.1083
1.007	-0.2146	0.112
1.006	-0.2117	0.1162
1.005	-0.2149	0.1156
1.003	-0.2142	0.1083
1.003	-0.2155	0.1054
1.005	-0.2181	0.1107
1.005	-0.2164	0.1136
1.004	-0.2155	0.116
1.005	-0.2156	0.1189
1.007	-0.219	0.1135
1.01	-0.2223	0.1095
1.008	-0.2213	0.1103
1.005	-0.2215	0.1086
1.003	-0.219	0.1116
1.004	-0.2144	0.114
1.007	-0.2148	0.112
1.007	-0.2164	0.1153
1.004	-0.2169	0.1149
1.002	-0.2167	0.1117
1.003	-0.2166	0.1125
1.004	-0.2178	0.1099
1.006	-0.2172	0.1089
1.008	-0.2157	0.1091
1.007	-0.215	0.1073
1.006	-0.2155	0.1083
1.006	-0.2172	0.1107
1.005	-0.2181	0.1147
1.005	-0.2179	0.1176
1.005	-0.2169	0.1193
1.005	-0.2172	0.1179
1.005	-0.2186	0.1085
1.005	-0.218	0.1073
1.006	-0.2175	0.1139
1.006	-0.2174	0.1127
1.006	-0.2174	0.1099
1.006	-0.2187	0.1092
1.005	-0.22	0.1098
1.005	-0.2196	0.1105
1.005	-0.2176	0.1103
1.005	-0.2165	0.1109
1.005	-0.2143	0.1091
1.003	-0.2124	0.1105
1.003	-0.2148	0.115
1.008	-0.2154	0.1153
1.011	-0.2163	0.1126
1.007	-0.2181	0.1117
1.005	-0.2159	0.1155
1.004	-0.2172	0.1165
1.003	-0.2194	0.1132
1.006	-0.2193	0.1121
1.007	-0.2209	0.1114
1.004	-0.2196	0.1118
1.004	-0.2181	0.1118
1.006	-0.2182	0.1101
1.006	-0.2173	0.1078
1.005	-0.2183	0.107
1.003	-0.218	0.1137
1.003	-0.2166	0.1163
1.004	-0.2154	0.1097
1.006	-0.2121	0.1093
1.008	-0.2096	0.1118
1.008	-0.2113	0.1119
1.006	-0.2177	0.1122
1.005	-0.2227	0.11
1.006	-0.2215	0.1097
1.005	-0.2206	0.1131
1.005	-0.2196	0.1156
1.004	-0.2176	0.1165
1.005	-0.219	0.1156
1.004	-0.2196	0.1148
1.004	-0.2182	0.1127
1.006	-0.2171	0.1101
1.005	-0.2116	0.1179
1.007	-0.2132	0.1084
1.009	-0.2164	0.1031
1.008	-0.2163	0.1045
1.004	-0.218	0.1045
1.003	-0.2172	0.1095
1.003	-0.2142	0.1139
1.007	-0.2159	0.1136
1.007	-0.2185	0.1181
1.004	-0.2196	0.1184
1.002	-0.2195	0.1154
1.003	-0.2193	0.1159
1.004	-0.22	0.1127
1.006	-0.2188	0.1109
1.008	-0.2167	0.1102
1.008	-0.2154	0.1076
1.006	-0.2153	0.1079
1.006	-0.2166	0.1096
1.005	-0.2171	0.1132
1.005	-0.2168	0.116
1.005	-0.2157	0.1176
1.005	-0.216	0.1164
1.005	-0.2176	0.1072
1.004	-0.2172	0.1064
1.006	-0.217	0.1134
1.006	-0.2172	0.1125
1.006	-0.2174	0.11
1.006	-0.2189	0.1095
1.005	-0.2203	0.1103
1.005	-0.22	0.1111
1.005	-0.2181	0.1109
1.005	-0.2169	0.1115
1.005	-0.2147	0.1097
1.003	-0.2127	0.1109
1.003	-0.2151	0.1153
1.008	-0.2156	0.1155
1.011	-0.2163	0.1126
1.007	-0.2181	0.1116
1.005	-0.2158	0.1153
1.004	-0.2171	0.1163
1.003	-0.2193	0.1129
1.006	-0.2191	0.1119
1.007	-0.2208	0.1112
1.004	-0.2195	0.1116
1.004	-0.218	0.1116
1.006	-0.2181	0.11
1.006	-0.2173	0.1078
1.005	-0.2182	0.107
1.003	-0.218	0.1138
1.003	-0.2166	0.1163
1.004	-0.2155	0.1098
1.006	-0.2122	0.1094
1.008	-0.2096	0.1119
1.008	-0.2113	0.1119
1.006	-0.2178	0.1123
1.005	-0.2228	0.11
1.006	-0.2215	0.1098
1.005	-0.2206	0.1131
1.005	-0.2196	0.1156
1.004	-0.2175	0.1165
1.005	-0.219	0.1155
1.004	-0.2195	0.1148
1.004	-0.2182	0.1126
1.006	-0.217	0.1101
1.007	-0.2146	0.1103
1.006	-0.2145	0.1091
1.007	-0.2143	0.1086
1.008	-0.2127	0.1099
1.007	-0.215	0.11
1.005	-0.216	0.1106
1.002	-0.214	0.111
1.002	-0.2155	0.1119
1.006	-0.2205	0.113
1.007	-0.2247	0.113
1.003	-0.2239	0.1141
1.003	-0.2197	0.1136
1.006	-0.2156	0.111
1.006	-0.2153	0.1108
1.004	-0.2182	0.114
1.006	-0.217	0.1168
1.009	-0.2157	0.1143
1.01	-0.2183	0.1117
1.006	-0.2187	0.1113
1.004	-0.2189	0.1105
1.003	-0.2174	0.111
1.001	-0.2119	0.1105
1.004	-0.2097	0.1094
1.006	-0.2127	0.1094
1.004	-0.2179	0.1093
1.006	-0.2208	0.1108
1.006	-0.2187	0.1123
1.005	-0.2179	0.1131
1.007	-0.2179	0.1146
1.007	-0.2147	0.1156
1.007	-0.2163	0.1152
1.007	-0.2248	0.1107
1.006	-0.2303	0.1039
1.006	-0.2281	0.1035
1.004	-0.2171	0.112
1.003	-0.2021	0.1196
1.004	-0.1986	0.1184
1.004	-0.2088	0.1135
1.005	-0.2157	0.113
1.005	-0.2173	0.1176
1.004	-0.2193	0.1198
1.003	-0.2165	0.1176
1.003	-0.2168	0.1148
1.008	-0.2285	0.1044
1.011	-0.2372	0.09565
1.01	-0.2357	0.1023
1.01	-0.2287	0.1024
1.007	-0.2167	0.09667
1.003	-0.2083	0.1049
1.002	-0.2025	0.1191
0.997	-0.1919	0.1278
0.996	-0.1956	0.1253
1.001	-0.2022	0.1261
1.004	-0.1972	0.1275
1.009	-0.2102	0.1133
1.012	-0.2297	0.1092
1.01	-0.2412	0.1096
1.013	-0.2534	0.09893
1.014	-0.2553	0.09603
1.009	-0.25	0.09671
1.002	-0.233	0.103
0.9978	-0.206	0.1174
0.9983	-0.1897	0.1238
0.9977	-0.181	0.1223
0.982	-0.2358	0.1469
0.9969	-0.1994	0.1106
1.012	-0.1889	0.09911
1.026	-0.185	0.09512
1.039	-0.19	0.09496
1.039	-0.1928	0.1013
1.022	-0.196	0.1098
0.9954	-0.2185	0.12
0.9621	-0.2518	0.1267
0.9595	-0.2734	0.1322
0.9791	-0.2693	0.1241
0.9994	-0.2534	0.1023
1.022	-0.2406	0.09663
1.028	-0.2275	0.09677
1.027	-0.2154	0.09233
1.022	-0.2027	0.1034
1.009	-0.1937	0.1209
1.003	-0.1928	0.1299
0.9974	-0.1945	0.132
0.9948	-0.1976	0.1282
0.9929	-0.1985	0.124
0.997	-0.2013	0.1175
1.017	-0.2089	0.1081
1.024	-0.2119	0.1044
1.01	-0.2159	0.1062
0.9951	-0.226	0.107
0.9917	-0.2319	0.1059
0.9989	-0.2353	0.104
1.009	-0.24	0.09777
1.016	-0.2394	0.09147
1.016	-0.2354	0.09745
1.011	-0.2281	0.1107
1.004	-0.2143	0.119
0.995	-0.2049	0.1234
0.993	-0.2037	0.1247
1.001	-0.203	0.1218
1.011	-0.2075	0.1183
1.012	-0.2118	0.1158
1.008	-0.2039	0.1192
1.008	-0.1982	0.1272
1.007	-0.2059	0.122
1.005	-0.2181	0.1064
1.004	-0.2242	0.09975
1.002	-0.22	0.1006
1.004	-0.2231	0.1019
1.008	-0.2393	0.1057
1.013	-0.2439	0.1124
1.009	-0.232	0.114
0.9955	-0.218	0.1059
0.9916	-0.208	0.1032
1	-0.2071	0.1105
1.007	-0.2132	0.1119
1.011	-0.2167	0.111
1.013	-0.2167	0.115
1.006	-0.2164	0.1187
1.001	-0.2151	0.1262
1.005	-0.2115	0.1273
1.007	-0.2117	0.1157
1.01	-0.2154	0.1112
1.013	-0.2101	0.1108
1.012	-0.2067	0.1042
1.011	-0.2135	0.1019
1.006	-0.2148	0.104
0.9995	-0.2162	0.1059
0.995	-0.221	0.1142
0.992	-0.2238	0.1218
0.9974	-0.233	0.115
1.005	-0.2329	0.1052
1.013	-0.22	0.1019
1.018	-0.2134	0.1053
1.006	-0.2143	0.1189
0.9988	-0.2246	0.122
1.005	-0.2353	0.1082
1.005	-0.2401	0.104
1.002	-0.2369	0.1173
0.9945	-0.2045	0.1335
0.9891	-0.1685	0.1365
1.012	-0.1665	0.1258
1.032	-0.1843	0.1086
1.028	-0.211	0.09294
1.018	-0.2314	0.09129
1.001	-0.2317	0.09559
0.9884	-0.2324	0.09957
0.9932	-0.234	0.1061
1.007	-0.2297	0.1038
1.016	-0.2286	0.1048
1.002	-0.2246	0.1175
0.9905	-0.2183	0.1228
0.9984	-0.2117	0.1229
1.002	-0.2097	0.1214
1.01	-0.221	0.1147
1.01	-0.2262	0.1147
0.9962	-0.2276	0.121
0.9972	-0.2343	0.1225
1.004	-0.2242	0.1177
1.01	-0.2111	0.113
1.016	-0.2051	0.1113
1.016	-0.1937	0.112
1.014	-0.1916	0.1106
1.013	-0.1903	0.09909
1.01	-0.1868	0.09238
1.004	-0.2048	0.1015
0.9997	-0.2303	0.1114
1.003	-0.2439	0.1171
1	-0.2444	0.114
0.9968	-0.2373	0.108
0.9998	-0.2272	0.1085
1.008	-0.2184	0.1058
1.016	-0.2241	0.1097
1.014	-0.2285	0.1176
0.9986	-0.2219	0.1167
0.9901	-0.2217	0.1201
0.9968	-0.2172	0.1202
1.004	-0.2089	0.1192
1.005	-0.2068	0.1254
1.005	-0.2054	0.1241
1.003	-0.2081	0.1178
1.011	-0.2108	0.1078
1.017	-0.211	0.09941
1.013	-0.2103	0.1001
1.01	-0.2057	0.1013
1.003	-0.2084	0.103
1.003	-0.2208	0.101
1.01	-0.226	0.1011
1.008	-0.2244	0.1132
1.003	-0.2272	0.121
1.001	-0.2288	0.1184
1.005	-0.2241	0.1152
1.005	-0.2142	0.1309
0.9991	-0.214	0.1261
1.001	-0.2223	0.1121
1.007	-0.223	0.09881
1.012	-0.2118	0.09452
1.016	-0.2075	0.09877
1.003	-0.2109	0.114
0.9956	-0.2235	0.119
1.002	-0.2361	0.1072
1.002	-0.2425	0.1046
0.9999	-0.2402	0.1191
0.9933	-0.2083	0.1361
0.9887	-0.1723	0.1393
1.012	-0.17	0.1284
1.033	-0.1871	0.1109
1.029	-0.213	0.09459
1.02	-0.2325	0.09226
1.002	-0.232	0.09587
0.9896	-0.232	0.09925
0.9943	-0.2331	0.1053
1.008	-0.2284	0.1027
1.017	-0.2271	0.1035
1.002	-0.2231	0.1162
0.9905	-0.2169	0.1215
0.9981	-0.2105	0.1219
1.002	-0.2088	0.1206
1.009	-0.2204	0.1143
1.009	-0.226	0.1146
0.9957	-0.2276	0.1211
0.9967	-0.2346	0.1228
1.004	-0.2247	0.1181
1.009	-0.2117	0.1135
1.016	-0.2057	0.1119
1.016	-0.1942	0.1125
1.014	-0.192	0.111
1.013	-0.1907	0.09944
1.01	-0.1871	0.09262
1.004	-0.205	0.1016
0.9999	-0.2304	0.1114
1.003	-0.2438	0.117
1.001	-0.2443	0.1139
0.997	-0.2371	0.1078
0.9999	-0.227	0.1083
1.008	-0.2182	0.1056
1.016	-0.2239	0.1096
1.014	-0.2283	0.1175
0.9986	-0.2218	0.1166
0.99	-0.2216	0.12
0.9967	-0.2172	0.1201
1.004	-0.2089	0.1192
1.005	-0.2068	0.1255
1.005	-0.2055	0.1242
1.003	-0.2081	0.1178
1.011	-0.2108	0.1078
1.017	-0.211	0.09948
1.013	-0.2104	0.1002
1.01	-0.2057	0.1013
1.003	-0.2085	0.103
1.003	-0.2209	0.101
1.01	-0.226	0.1011
1.008	-0.2244	0.1132
1.003	-0.2272	0.121
1.001	-0.2288	0.1184
1.005	-0.224	0.1151
1.005	-0.2181	0.1163
0.9992	-0.2139	0.1197
1.002	-0.2156	0.1195
1.008	-0.22	0.1147
1.01	-0.2194	0.11
1.008	-0.2187	0.109
1.005	-0.2203	0.1082
1.005	-0.2186	0.1091
1.002	-0.2124	0.1135
1.003	-0.2103	0.1158
1.005	-0.213	0.116
1.001	-0.2104	0.1132
1.002	-0.2087	0.1051
1.005	-0.2126	0.09935
1.006	-0.2163	0.105
1.007	-0.2221	0.1122
1.007	-0.224	0.1127
1.007	-0.2229	0.1153
1.011	-0.2262	0.1174
1.014	-0.2238	0.1154
1.011	-0.216	0.1148
1.003	-0.2122	0.1173
0.998	-0.2132	0.1189
0.9994	-0.2168	0.1157
1.004	-0.218	0.1112
1.007	-0.2147	0.1035
1.01	-0.2101	0.09779
1.01	-0.2097	0.1022
1.006	-0.2156	0.1051
0.9998	-0.2238	0.1109
0.9963	-0.2298	0.1189
0.9989	-0.231	0.1186
1.003	-0.2251	0.12
1.008	-0.2139	0.1161
1.01	-0.208	0.1106
1.008	-0.2093	0.1166
1.007	-0.2087	0.1162
1.006	-0.2082	0.1138
1.006	-0.2073	0.1146
1.007	-0.207	0.1074
1.008	-0.2165	0.1033
1.008	-0.2281	0.1048
1.005	-0.2304	0.1092
1.003	-0.2261	0.1141
1.007	-0.225	0.1135
1.006	-0.2284	0.1153
1.002	-0.2276	0.1149
0.9983	-0.2199	0.1106
0.9975	-0.2104	0.1119
1.004	-0.2051	0.1109
1.012	-0.2059	0.1095
1.015	-0.2118	0.1106
1.008	-0.217	0.11
1.004	-0.2173	0.1137
1.004	-0.2179	0.1171
1.003	-0.2141	0.1153
1.003	-0.2078	0.1127
1.004	-0.2128	0.1106
1.008	-0.22	0.1099
1.012	-0.222	0.108
1.007	-0.2234	0.1084
1.002	-0.2236	0.1121
1.001	-0.2248	0.1123
0.9987	-0.2226	0.1143
1.005	-0.2049	0.11
1	-0.2127	0.1147
1.004	-0.22	0.1161
1.011	-0.2258	0.113
1.014	-0.2243	0.1097
1.011	-0.2216	0.1098
1.007	-0.221	0.1099
1.007	-0.2174	0.1113
1.003	-0.2099	0.1157
1.003	-0.2071	0.1179
1.005	-0.2098	0.1177
1	-0.2076	0.1145
1	-0.2068	0.1059
1.003	-0.2116	0.09961
1.004	-0.2162	0.1049
1.006	-0.2229	0.1117
1.005	-0.2255	0.1119
1.006	-0.2248	0.1144
1.01	-0.2283	0.1165
1.014	-0.2259	0.1145
1.011	-0.2178	0.1141
1.004	-0.2137	0.1168
0.9986	-0.2142	0.1186
1	-0.2174	0.1155
1.005	-0.2181	0.1113
1.008	-0.2144	0.1037
1.011	-0.2095	0.09808
1.011	-0.2089	0.1025
1.007	-0.2147	0.1054
1	-0.2228	0.1112
0.9963	-0.229	0.1192
0.9988	-0.2302	0.1188
1.003	-0.2245	0.1201
1.008	-0.2135	0.1162
1.01	-0.2078	0.1106
1.007	-0.2093	0.1165
1.007	-0.2089	0.1161
1.006	-0.2084	0.1137
1.006	-0.2076	0.1145
1.007	-0.2074	0.1072
1.008	-0.2168	0.1031
1.008	-0.2284	0.1047
1.005	-0.2306	0.1091
1.004	-0.2263	0.1141
1.007	-0.2251	0.1134
1.006	-0.2284	0.1154
1.002	-0.2275	0.1149
0.9984	-0.2198	0.1107
0.9975	-0.2103	0.112
1.004	-0.2049	0.1109
1.013	-0.2058	0.1095
1.015	-0.2117	0.1106
1.008	-0.2169	0.11
1.004	-0.2173	0.1137
1.004	-0.2178	0.1171
1.003	-0.214	0.1153
1.003	-0.2078	0.1127
1.004	-0.2128	0.1106
1.008	-0.22	0.1098
1.012	-0.2221	0.1079
1.007	-0.2235	0.1084
1.002	-0.2236	0.1121
1.001	-0.2248	0.1123
0.9987	-0.2227	0.1143
0.999	-0.2183	0.1164
1.003	-0.2168	0.1151
1.01	-0.2134	0.1145
1.012	-0.2099	0.1078
1.009	-0.2103	0.1049
1.008	-0.2168	0.1117
1.009	-0.2208	0.111
1.01	-0.2191	0.1081
1.012	-0.2232	0.1091
1.008	-0.2232	0.112
0.9989	-0.2147	0.1199
0.9958	-0.2091	0.1237
0.999	-0.2084	0.1206
1.002	-0.2147	0.1122
1.002	-0.2191	0.1026
0.9976	-0.2179	0.1036
0.9975	-0.2194	0.1074
1.012	-0.2192	0.1092
1.018	-0.2179	0.1139
1.008	-0.2158	0.1152
1.008	-0.2115	0.1128
1.01	-0.2123	0.112
1.005	-0.2161	0.1124
1.008	-0.2216	0.1107
1.008	-0.2268	0.1097
1.007	-0.2269	0.1127
1.007	-0.2261	0.1126
1.004	-0.2211	0.1122
1.002	-0.2142	0.1151
1.002	-0.2146	0.1144
1.001	-0.2142	0.112
1.001	-0.2092	0.1111
1.002	-0.2063	0.1111
1.006	-0.2076	0.1099
1.006	-0.2145	0.1078
1.005	-0.2214	0.1095
1.004	-0.2233	0.1126
1.005	-0.2229	0.114
1.008	-0.2209	0.1141
1.011	-0.2189	0.1135
1.01	-0.2174	0.1128
1.005	-0.2164	0.1125
1.003	-0.2186	0.1125
1.007	-0.2187	0.1118
1.008	-0.2164	0.112
1.007	-0.2177	0.1127
1.005	-0.2163	0.1124
1.003	-0.2136	0.1142
1.002	-0.2149	0.1139
1.003	-0.2155	0.1087
1.003	-0.2178	0.1051
1.004	-0.2198	0.1047
1.007	-0.2168	0.1072
1.008	-0.2144	0.1119
1.005	-0.2151	0.1155
1.003	-0.2178	0.1189
1.004	-0.2193	0.1206
1.004	-0.2184	0.1158
1.007	-0.2181	0.1118
1.013	-0.2185	0.1119
1.011	-0.2192	0.1095
1.005	-0.2186	0.1085
1.003	-0.2162	0.1095
1.005	-0.2155	0.1097
1.003	-0.2111	0.1206
1.003	-0.2167	0.1129
1.006	-0.2175	0.1097
1.007	-0.2159	0.1028
1.004	-0.2166	0.1012
1.004	-0.2223	0.1099
1.006	-0.2249	0.1113
1.008	-0.2216	0.11
1.012	-0.2241	0.1121
1.008	-0.2227	0.1156
1	-0.2131	0.1236
0.9977	-0.2068	0.127
1.001	-0.2058	0.1233
1.004	-0.2122	0.1139
1.004	-0.2168	0.1034
0.9991	-0.2161	0.1035
0.9985	-0.2181	0.1066
1.013	-0.2185	0.1078
1.018	-0.2178	0.1122
1.007	-0.2162	0.1133
1.008	-0.2122	0.111
1.009	-0.2133	0.1104
1.004	-0.2172	0.1111
1.007	-0.2226	0.1098
1.008	-0.2278	0.1092
1.007	-0.2277	0.1126
1.007	-0.2266	0.1128
1.003	-0.2215	0.1127
1.002	-0.2143	0.1158
1.002	-0.2145	0.1152
1.001	-0.2139	0.1128
1.001	-0.2089	0.1117
1.003	-0.2059	0.1117
1.006	-0.2072	0.1104
1.007	-0.2141	0.1081
1.005	-0.2211	0.1097
1.005	-0.223	0.1126
1.005	-0.2227	0.1139
1.008	-0.2208	0.1139
1.011	-0.2189	0.1132
1.01	-0.2174	0.1126
1.005	-0.2165	0.1123
1.003	-0.2187	0.1123
1.007	-0.2189	0.1116
1.008	-0.2166	0.1119
1.007	-0.2178	0.1126
1.005	-0.2164	0.1123
1.003	-0.2137	0.1142
1.002	-0.215	0.114
1.003	-0.2156	0.1087
1.003	-0.2178	0.1052
1.004	-0.2198	0.1048
1.007	-0.2168	0.1072
1.008	-0.2143	0.112
1.005	-0.215	0.1156
1.003	-0.2177	0.1189
1.004	-0.2193	0.1206
1.004	-0.2184	0.1158
1.007	-0.2181	0.1118
1.013	-0.2185	0.1119
1.011	-0.2192	0.1095
1.005	-0.2186	0.1085
1.003	-0.2162	0.1094
1.005	-0.2155	0.1097
1.006	-0.2165	0.1123
1.004	-0.2162	0.1123
1.005	-0.215	0.11
1.004	-0.2154	0.1095
1.004	-0.2174	0.1089
1.006	-0.2196	0.1111
1.003	-0.2199	0.117
1.003	-0.2181	0.1199
1.004	-0.2181	0.1149
1.005	-0.2195	0.1101
1.008	-0.2189	0.1104
1.007	-0.216	0.1082
1.007	-0.2146	0.1073
1.006	-0.2157	0.1107
1.003	-0.2149	0.1128
1.004	-0.2142	0.1154
1.005	-0.2171	0.1169
1.006	-0.2193	0.1135
1.008	-0.2199	0.1077
1.007	-0.2189	0.106
1.008	-0.2166	0.1089
1.008	-0.2153	0.1114
1.005	-0.2132	0.116
1.001	-0.2125	0.1186
1	-0.2166	0.1139
1.005	-0.2199	0.1122
1.007	-0.2203	0.1132
1.004	-0.221	0.1166
1.004	-0.2206	0.1191
1.004	-0.2182	0.1087
1.002	-0.2162	0.1036
1.004	-0.2164	0.1072
1.01	-0.2211	0.102
1.013	-0.2243	0.1029
1.008	-0.2203	0.1102
1.004	-0.2137	0.116
1.003	-0.2081	0.1213
0.9992	-0.2077	0.1166
1.002	-0.2114	0.1152
1.009	-0.2142	0.1166
1.009	-0.2189	0.1106
1.005	-0.2212	0.1117
1.003	-0.2177	0.1122
1.005	-0.2157	0.1082
1.005	-0.2172	0.1088
1.007	-0.2226	0.1089
1.008	-0.227	0.1118
1.004	-0.2229	0.1143
1.004	-0.2141	0.1126
1.006	-0.2116	0.1128
1.005	-0.2185	0.1128
1.004	-0.2207	0.1122
1.003	-0.216	0.1116
1.004	-0.2171	0.1113
1.005	-0.2174	0.1132
1.007	-0.2141	0.115
1.008	-0.2149	0.1144
1.007	-0.2139	0.1093
1.006	-0.211	0.1061
1.006	-0.2112	0.1098
1.006	-0.2146	0.1117
1.007	-0.2203	0.1125
1.005	-0.2229	0.1158
1.003	-0.2244	0.115
1.003	-0.232	0.09961
1.004	-0.2215	0.1108
1.005	-0.2139	0.1142
1.005	-0.2108	0.1156
1.005	-0.2115	0.1146
1.007	-0.2137	0.1151
1.004	-0.215	0.1188
1.004	-0.2147	0.1196
1.005	-0.2163	0.1128
1.005	-0.2192	0.107
1.008	-0.2198	0.1067
1.007	-0.2178	0.1045
1.006	-0.2168	0.1041
1.006	-0.2181	0.1082
1.002	-0.2171	0.1112
1.004	-0.2161	0.1147
1.005	-0.2185	0.1171
1.006	-0.2202	0.1144
1.008	-0.2202	0.1092
1.007	-0.2188	0.1078
1.008	-0.216	0.1108
1.008	-0.2144	0.1132
1.005	-0.2122	0.1175
1.002	-0.2115	0.1197
1	-0.2156	0.1147
1.005	-0.2191	0.1125
1.008	-0.2197	0.1132
1.004	-0.2206	0.1163
1.004	-0.2204	0.1185
1.004	-0.2182	0.108
1.002	-0.2164	0.1028
1.004	-0.2167	0.1064
1.01	-0.2215	0.1013
1.013	-0.2247	0.1024
1.008	-0.2207	0.1098
1.004	-0.214	0.1158
1.003	-0.2083	0.1212
0.9991	-0.2079	0.1166
1.002	-0.2115	0.1153
1.009	-0.2142	0.1169
1.009	-0.2189	0.1109
1.005	-0.2211	0.112
1.003	-0.2176	0.1125
1.005	-0.2155	0.1085
1.005	-0.2171	0.1089
1.007	-0.2225	0.109
1.008	-0.2269	0.1119
1.004	-0.2228	0.1143
1.004	-0.2141	0.1126
1.006	-0.2116	0.1128
1.005	-0.2185	0.1127
1.004	-0.2208	0.1121
1.003	-0.2161	0.1115
1.004	-0.2171	0.1112
1.005	-0.2175	0.1131
1.007	-0.2142	0.1149
1.008	-0.2149	0.1143
1.007	-0.2139	0.1093
1.006	-0.2111	0.1061
1.006	-0.2112	0.1098
1.006	-0.2146	0.1118
1.007	-0.2203	0.1125
1.005	-0.2229	0.1158
1.003	-0.2244	0.115
1.004	-0.225	0.1098
1.004	-0.2235	0.1068
1.004	-0.2213	0.1095
1.005	-0.2136	0.1117
1.005	-0.2102	0.1097
1.005	-0.2145	0.1113
1.006	-0.2138	0.1187
1.006	-0.2131	0.1215
1.006	-0.2152	0.1148
1.006	-0.2166	0.1114
1.006	-0.2181	0.1124
1.006	-0.2175	0.1089
1.006	-0.218	0.1087
1.004	-0.2194	0.1103
1.004	-0.2178	0.1088
1.006	-0.2182	0.109
1.008	-0.2203	0.1097
1.007	-0.2195	0.1133
1.005	-0.2169	0.1144
1.003	-0.2136	0.1089
1.003	-0.213	0.1079
1.005	-0.2178	0.1116
1.006	-0.2194	0.1157
1.006	-0.2168	0.1197
1.008	-0.2181	0.1184
1.008	-0.2189	0.1105
1.005	-0.2168	0.1075
1.004	-0.2173	0.1113
1.005	-0.2173	0.1103
1.002	-0.2128	0.1085
1	-0.2099	0.1096
1.003	-0.214	0.111
1.005	-0.2206	0.1163
1.008	-0.2242	0.1167
1.009	-0.2239	0.1123
1.006	-0.221	0.1128
1.006	-0.2189	0.1142
1.006	-0.2176	0.1141
1.006	-0.2154	0.1113
1.006	-0.2142	0.1085
1.006	-0.2128	0.1088
1.006	-0.2128	0.1082
1.007	-0.2168	0.1091
1.006	-0.2203	0.1107
1.006	-0.2198	0.111
1.003	-0.2194	0.1126
1	-0.2193	0.1124
1.003	-0.2177	0.1126
1.005	-0.2156	0.1157
1.006	-0.2121	0.1157
1.007	-0.2107	0.1142
1.007	-0.2129	0.114
1.007	-0.2151	0.1107
1.005	-0.2179	0.1068
1.004	-0.2194	0.1085
1.006	-0.2195	0.1112
1.005	-0.2198	0.1126
1.003	-0.2204	0.1154
1.003	-0.2246	0.1153
1.004	-0.2258	0.1129
1.008	-0.2189	0.1105
1.009	-0.2106	0.1068
1.006	-0.2069	0.1075
1.005	-0.2124	0.1112
1.001	-0.2289	0.1228
1.004	-0.2238	0.1118
1.005	-0.2198	0.1097
1.007	-0.2116	0.1095
1.007	-0.2085	0.1066
1.007	-0.2135	0.1082
1.007	-0.2137	0.1163
1.006	-0.2138	0.12
1.006	-0.2165	0.1143
1.005	-0.2183	0.1117
1.005	-0.2199	0.1133
1.005	-0.2194	0.1101
1.004	-0.2196	0.1101
1.003	-0.2206	0.1116
1.003	-0.2186	0.11
1.006	-0.2185	0.1099
1.008	-0.2203	0.1102
1.007	-0.2191	0.1134
1.005	-0.2163	0.1143
1.003	-0.2128	0.1085
1.003	-0.2121	0.1073
1.006	-0.217	0.111
1.007	-0.2187	0.115
1.007	-0.2162	0.1191
1.009	-0.2177	0.1179
1.009	-0.2187	0.1101
1.005	-0.2168	0.1072
1.004	-0.2174	0.1113
1.004	-0.2175	0.1103
1.002	-0.2131	0.1086
1	-0.2102	0.1098
1.003	-0.2143	0.1113
1.005	-0.2209	0.1166
1.008	-0.2244	0.1169
1.008	-0.2241	0.1125
1.006	-0.2211	0.113
1.006	-0.219	0.1143
1.006	-0.2176	0.1141
1.006	-0.2154	0.1113
1.006	-0.2141	0.1085
1.006	-0.2127	0.1088
1.006	-0.2126	0.1081
1.007	-0.2167	0.109
1.007	-0.2201	0.1106
1.006	-0.2197	0.1109
1.003	-0.2194	0.1126
1	-0.2192	0.1123
1.003	-0.2177	0.1126
1.005	-0.2157	0.1157
1.006	-0.2121	0.1157
1.007	-0.2107	0.1142
1.007	-0.213	0.1141
1.007	-0.2152	0.1108
1.005	-0.2179	0.1068
1.004	-0.2194	0.1085
1.006	-0.2195	0.1113
1.005	-0.2198	0.1126
1.003	-0.2204	0.1154
1.003	-0.2246	0.1153
1.004	-0.2258	0.1129
1.008	-0.2189	0.1105
1.009	-0.2106	0.1068
1.006	-0.2069	0.1075
1.005	-0.2124	0.1112
1.005	-0.2201	0.1112
1.002	-0.2219	0.1142
0.9998	-0.2219	0.1195
1.003	-0.2209	0.1183
1.008	-0.2187	0.1126
1.012	-0.2174	0.1085
1.012	-0.2151	0.1081
1.008	-0.212	0.1088
1.008	-0.2109	0.1088
1.011	-0.2114	0.1108
1.005	-0.2083	0.1152
0.9893	-0.2082	0.1229
0.985	-0.224	0.1215
1.005	-0.2434	0.0997
1.023	-0.2488	0.0843
1.019	-0.2321	0.09844
1.006	-0.2005	0.1236
0.9978	-0.1847	0.1343
1.002	-0.1756	0.1294
1.005	-0.1663	0.1217
1.006	-0.2027	0.1088
1.012	-0.254	0.09684
1.01	-0.2649	0.1021
0.9986	-0.2603	0.1127
0.9842	-0.2407	0.1229
0.9807	-0.2142	0.1251
1.007	-0.2132	0.1023
1.037	-0.2116	0.08912
1.039	-0.2071	0.09745
1.025	-0.2182	0.099
1.004	-0.2199	0.1074
0.9902	-0.2108	0.1213
0.99	-0.2094	0.1222
0.9897	-0.2098	0.1216
0.9953	-0.2098	0.122
1.005	-0.215	0.1183
1.003	-0.2162	0.1159
1.001	-0.2085	0.1151
1.001	-0.2058	0.1148
1.002	-0.2098	0.1167
1.013	-0.2117	0.1153
1.017	-0.2125	0.1089
1.014	-0.2179	0.1041
1.014	-0.2283	0.1048
1.009	-0.2357	0.1106
1.005	-0.2336	0.1126
1.004	-0.2257	0.112
0.9992	-0.2212	0.1164
0.9991	-0.218	0.1146
1.008	-0.2114	0.1067
1.011	-0.2103	0.1044
1.005	-0.2139	0.1036
1.007	-0.2169	0.1015
1.006	-0.2214	0.1057
0.9925	-0.219	0.1194
0.9899	-0.2124	0.1238
1.005	-0.2097	0.1098
1.017	-0.2041	0.1043
1.017	-0.2034	0.1134
1.005	-0.2191	0.1221
0.9966	-0.2412	0.1243
0.9979	-0.254	0.1147
0.9983	-0.2493	0.1087
1.006	-0.2241	0.1125
1.018	-0.1883	0.09509
1.01	-0.1898	0.1099
1.005	-0.1946	0.1214
1.005	-0.201	0.1226
1.008	-0.2072	0.117
1.01	-0.2139	0.1115
1.009	-0.2183	0.1094
1.005	-0.2201	0.1084
1.006	-0.222	0.1069
1.008	-0.2238	0.108
1.003	-0.2202	0.1121
0.9881	-0.2186	0.1198
0.9843	-0.232	0.1189
1.005	-0.2485	0.09779
1.023	-0.251	0.08321
1.02	-0.2317	0.09819
1.007	-0.198	0.1241
0.9987	-0.1806	0.1354
1.003	-0.1706	0.1309
1.006	-0.161	0.1234
1.006	-0.1976	0.1105
1.012	-0.2495	0.09841
1.01	-0.2614	0.1034
0.9987	-0.2579	0.1137
0.9841	-0.2394	0.1235
0.9805	-0.2141	0.1253
1.007	-0.214	0.1022
1.036	-0.213	0.08872
1.039	-0.2089	0.09687
1.025	-0.2202	0.09831
1.004	-0.2219	0.1067
0.99	-0.2127	0.1206
0.9899	-0.2109	0.1216
0.9897	-0.211	0.1212
0.9954	-0.2105	0.1217
1.005	-0.2153	0.1182
1.003	-0.2161	0.1159
1.001	-0.2081	0.1151
1.001	-0.2052	0.1149
1.002	-0.2091	0.1169
1.013	-0.2109	0.1155
1.017	-0.2118	0.1091
1.014	-0.2173	0.1044
1.014	-0.2278	0.105
1.009	-0.2354	0.1108
1.005	-0.2334	0.1127
1.004	-0.2257	0.112
0.9992	-0.2213	0.1164
0.999	-0.2182	0.1146
1.008	-0.2117	0.1067
1.011	-0.2105	0.1043
1.005	-0.2141	0.1035
1.007	-0.2172	0.1014
1.006	-0.2217	0.1056
0.9925	-0.2191	0.1193
0.9899	-0.2125	0.1237
1.005	-0.2097	0.1098
1.017	-0.2041	0.1043
1.017	-0.2034	0.1134
1.005	-0.219	0.1221
0.9967	-0.2411	0.1244
0.9979	-0.2539	0.1148
0.9983	-0.2492	0.1087
1.006	-0.224	0.1125
1.016	-0.1967	0.1066
1.012	-0.1927	0.1029
1.009	-0.1918	0.1114
1.007	-0.1831	0.1188
1.003	-0.186	0.1216
1.006	-0.1989	0.1157
1.003	-0.2332	0.1093
1.004	-0.2635	0.1081
1.009	-0.2594	0.103
1.01	-0.2542	0.1002
1.01	-0.2299	0.1058
0.9946	-0.1924	0.1191
0.9903	-0.1849	0.1249
1.019	-0.1806	0.1178
1.024	-0.1824	0.118
1.001	-0.1942	0.1148
0.9948	-0.2107	0.1038
0.9965	-0.243	0.1068
0.9926	-0.2555	0.1193
0.9953	-0.2531	0.1232
1.006	-0.2479	0.1047
1.013	-0.2302	0.087
1.013	-0.2227	0.09489
1.01	-0.2127	0.1084
1.009	-0.2007	0.118
1.021	-0.2018	0.1211
1.023	-0.2037	0.1226
1.002	-0.209	0.1282
0.9896	-0.21	0.1227
0.9936	-0.2113	0.1127
0.9971	-0.2201	0.1061
0.998	-0.2244	0.107
0.9999	-0.2204	0.1105
1.007	-0.199	0.09781
1.02	-0.1867	0.09559
1.018	-0.2105	0.1078
1.006	-0.2369	0.1098
1.003	-0.2464	0.1137
1.005	-0.2411	0.1189
1.004	-0.2245	0.1216
1	-0.2106	0.1242
1.001	-0.204	0.1214
1.007	-0.2055	0.1186
1.008	-0.2108	0.1162
1.006	-0.2136	0.1146
1.003	-0.2131	0.1142
1.003	-0.2076	0.1089
1.004	-0.2061	0.1023
1.007	-0.2153	0.09707
1.012	-0.2259	0.0947
1.01	-0.2339	0.09996
1.001	-0.2461	0.1077
0.9974	-0.2508	0.1133
1.001	-0.235	0.1222
0.9997	-0.2203	0.1291
0.9954	-0.2132	0.1244
1.007	-0.205	0.1162
1.022	-0.2001	0.1093
1.023	-0.1915	0.1025
1.01	-0.1885	0.1042
1.002	-0.1953	0.1127
1.005	-0.1998	0.1153
1.001	-0.2092	0.1135
1.001	-0.2193	0.1145
1.01	-0.2167	0.118
1.002	-0.2359	0.1049
0.9987	-0.242	0.1085
0.9985	-0.2293	0.1141
0.997	-0.2219	0.117
1.003	-0.2213	0.1122
1.004	-0.242	0.1075
1.006	-0.2601	0.1079
1.014	-0.2465	0.1042
1.015	-0.235	0.1024
1.015	-0.2075	0.1085
0.9994	-0.1699	0.1219
0.9943	-0.1646	0.1275
1.022	-0.1642	0.1198
1.025	-0.171	0.1194
1.002	-0.188	0.1155
0.9943	-0.2094	0.1038
0.9952	-0.2459	0.1062
0.9908	-0.2617	0.1183
0.9932	-0.2615	0.1219
1.004	-0.2573	0.1033
1.011	-0.2396	0.08564
1.011	-0.2312	0.09369
1.008	-0.2198	0.1075
1.009	-0.2059	0.1173
1.021	-0.2049	0.1208
1.023	-0.2049	0.1226
1.003	-0.2084	0.1284
0.9902	-0.208	0.123
0.9944	-0.2083	0.1132
0.998	-0.2166	0.1066
0.9989	-0.2207	0.1076
1.001	-0.2169	0.111
1.008	-0.196	0.09824
1.02	-0.1844	0.09592
1.019	-0.2089	0.108
1.006	-0.2361	0.1099
1.003	-0.2463	0.1137
1.005	-0.2416	0.1188
1.004	-0.2254	0.1214
0.9998	-0.2118	0.124
1.001	-0.2054	0.1212
1.007	-0.2069	0.1184
1.008	-0.212	0.116
1.006	-0.2146	0.1144
1.003	-0.2138	0.1141
1.003	-0.208	0.1089
1.004	-0.2062	0.1022
1.007	-0.2153	0.09709
1.013	-0.2256	0.09474
1.01	-0.2335	0.1
1.001	-0.2456	0.1078
0.9975	-0.2503	0.1134
1.001	-0.2345	0.1223
0.9998	-0.2199	0.1292
0.9955	-0.2129	0.1245
1.007	-0.2048	0.1162
1.022	-0.1999	0.1094
1.023	-0.1915	0.1025
1.01	-0.1886	0.1042
1.002	-0.1954	0.1127
1.005	-0.1999	0.1153
1.001	-0.2094	0.1135
1.001	-0.2195	0.1145
1.003	-0.2273	0.1159
0.9994	-0.2324	0.1154
1.002	-0.2309	0.113
1.007	-0.2348	0.1055
1.007	-0.2367	0.1024
1.005	-0.2323	0.1088
1.002	-0.2294	0.1111
1.004	-0.2219	0.112
1.004	-0.214	0.1158
1.003	-0.2088	0.1139
1.006	-0.2054	0.1127
1.007	-0.2068	0.1142
1.011	-0.2076	0.1101
1.011	-0.2088	0.1085
1.007	-0.2126	0.1129
1.007	-0.2151	0.1145
1.006	-0.2164	0.1142
1.006	-0.2179	0.1138
1.006	-0.2194	0.1118
1.001	-0.22	0.1114
0.9999	-0.2198	0.1112
1.001	-0.221	0.1105
1.002	-0.2229	0.1128
1.005	-0.2222	0.1156
1.007	-0.2177	0.1159
1.009	-0.2136	0.1138
1.011	-0.2136	0.1086
1.01	-0.215	0.1032
1.004	-0.2173	0.1048
1.002	-0.2196	0.1112
1.005	-0.2151	0.1136
1.005	-0.2096	0.1144
1.004	-0.2104	0.1161
1.001	-0.2129	0.1161
1.001	-0.2175	0.1119
1.013	-0.2267	0.09993
1.018	-0.236	0.09458
1.005	-0.2393	0.1106
0.9925	-0.2385	0.127
0.9928	-0.2286	0.1249
1.004	-0.1999	0.1191
1.015	-0.1808	0.1165
1.013	-0.1876	0.1152
1.007	-0.1981	0.1187
1.002	-0.2106	0.1198
1.001	-0.2182	0.1132
1.01	-0.2115	0.09681
1.012	-0.2143	0.08989
1.006	-0.228	0.1114
1.006	-0.2279	0.1231
1.006	-0.2288	0.1094
1.003	-0.2492	0.09943
1.003	-0.2514	0.09695
1	-0.2347	0.1017
0.999	-0.2304	0.1067
1.005	-0.2164	0.1103
1.008	-0.2004	0.1215
1.005	-0.1936	0.126
1.005	-0.1826	0.127
1.005	-0.1913	0.1276
1.003	-0.2053	0.1226
1.004	-0.2084	0.1207
1.011	-0.2173	0.1135
1.013	-0.2224	0.1068
1.004	-0.2362	0.1153
1.003	-0.227	0.1075
1.007	-0.2183	0.1023
1.011	-0.2201	0.09504
1.01	-0.2235	0.09398
1.006	-0.2224	0.1033
1.001	-0.2238	0.1087
1.002	-0.2206	0.1123
1.001	-0.2163	0.1184
0.9998	-0.214	0.118
1.003	-0.2123	0.1176
1.004	-0.2144	0.1191
1.008	-0.215	0.1146
1.009	-0.2152	0.1122
1.006	-0.2175	0.1155
1.007	-0.2183	0.116
1.006	-0.2179	0.1145
1.007	-0.2178	0.1132
1.007	-0.2179	0.1104
1.002	-0.2175	0.1095
1.001	-0.2167	0.1091
1.002	-0.2176	0.1084
1.003	-0.2197	0.1109
1.006	-0.2194	0.114
1.008	-0.2154	0.1148
1.009	-0.2121	0.1131
1.011	-0.2128	0.1084
1.01	-0.2148	0.1033
1.004	-0.2177	0.1053
1.001	-0.2205	0.1119
1.004	-0.2162	0.1144
1.005	-0.2108	0.1153
1.003	-0.2117	0.1168
1.001	-0.214	0.1168
1.001	-0.2184	0.1124
1.013	-0.2274	0.1003
1.018	-0.2365	0.09476
1.005	-0.2395	0.1107
0.9927	-0.2385	0.1269
0.993	-0.2284	0.1247
1.004	-0.1996	0.1188
1.015	-0.1803	0.1161
1.013	-0.1872	0.1149
1.007	-0.1977	0.1184
1.002	-0.2102	0.1196
1.001	-0.2179	0.113
1.01	-0.2113	0.09671
1.012	-0.2142	0.08986
1.006	-0.228	0.1114
1.006	-0.2279	0.1231
1.006	-0.2289	0.1094
1.003	-0.2493	0.09954
1.002	-0.2516	0.09706
1	-0.2349	0.1018
0.9989	-0.2305	0.1067
1.005	-0.2165	0.1104
1.008	-0.2005	0.1216
1.005	-0.1937	0.1261
1.005	-0.1826	0.127
1.005	-0.1913	0.1276
1.003	-0.2052	0.1226
1.004	-0.2083	0.1207
1.011	-0.2172	0.1135
1.013	-0.2223	0.1068
1.007	-0.2289	0.1061
1.005	-0.2326	0.1021
1.007	-0.2261	0.1034
1.005	-0.2216	0.1064
1.006	-0.2167	0.1065
1.002	-0.2188	0.1078
1	-0.223	0.1071
1.007	-0.2245	0.1091
1.009	-0.2309	0.1152
1.006	-0.2255	0.1183
1.002	-0.2046	0.1174
0.9965	-0.1865	0.119
0.9972	-0.1827	0.1198
1.006	-0.1926	0.1116
1.019	-0.2173	0.1049
1.024	-0.2474	0.1029
1.011	-0.2584	0.1038
0.9961	-0.2594	0.1122
0.9943	-0.2506	0.1174
0.9984	-0.2238	0.1149
1.001	-0.2009	0.1129
1.002	-0.1857	0.1109
1.009	-0.1823	0.1086
1.012	-0.1896	0.1105
1.007	-0.1968	0.116
1.006	-0.2077	0.1199
1.005	-0.2126	0.1211
1.006	-0.2177	0.1191
1.011	-0.2291	0.1125
1.01	-0.2308	0.1065
1.004	-0.2305	0.1059
1.001	-0.2325	0.106
1.002	-0.2346	0.1028
1.005	-0.237	0.1018
1.007	-0.2311	0.105
1.005	-0.2193	0.1122
1.003	-0.2072	0.12
1.003	-0.2017	0.1199
1.002	-0.2024	0.1173
1.002	-0.2018	0.1164
1.008	-0.2052	0.1121
1.01	-0.2105	0.1102
1.007	-0.2144	0.1128
1.007	-0.2216	0.1147
1.007	-0.2262	0.1142
1.004	-0.2246	0.1122
1.003	-0.2179	0.1115
1.006	-0.212	0.1121
1.007	-0.218	0.1125
1.006	-0.2251	0.1096
1.003	-0.2239	0.1068
1.003	-0.2225	0.106
1.009	-0.2208	0.1041
1.011	-0.2191	0.1078
1.003	-0.2185	0.114
1.001	-0.2161	0.1147
1.006	-0.2133	0.1138
1.006	-0.2126	0.1113
1.002	-0.214	0.1111
0.9976	-0.2135	0.118
0.9981	-0.2097	0.1246
1.009	-0.2069	0.1227
1.014	-0.2094	0.113
1.013	-0.2194	0.107
1.014	-0.2064	0.1148
1.006	-0.2295	0.1058
1.005	-0.2324	0.1044
1.002	-0.2305	0.1064
1.002	-0.2244	0.1063
0.9994	-0.2233	0.1079
0.9982	-0.2238	0.1076
1.006	-0.2219	0.11
1.009	-0.2259	0.1163
1.007	-0.219	0.1194
1.003	-0.1979	0.1184
0.9982	-0.1804	0.1197
0.999	-0.1778	0.1202
1.007	-0.1894	0.1116
1.02	-0.2159	0.1045
1.025	-0.2478	0.1022
1.011	-0.2602	0.1029
0.996	-0.2623	0.1113
0.9939	-0.2542	0.1165
0.9978	-0.2276	0.1141
1	-0.2045	0.1122
1.002	-0.1889	0.1104
1.008	-0.1848	0.1083
1.011	-0.1913	0.1104
1.007	-0.1976	0.1161
1.005	-0.2078	0.1201
1.005	-0.212	0.1214
1.006	-0.2167	0.1195
1.011	-0.2277	0.1129
1.01	-0.2293	0.1069
1.004	-0.229	0.1063
1.001	-0.2311	0.1063
1.003	-0.2334	0.103
1.006	-0.2361	0.1019
1.007	-0.2306	0.1051
1.006	-0.219	0.1122
1.003	-0.2072	0.1199
1.003	-0.202	0.1198
1.002	-0.2028	0.1172
1.002	-0.2023	0.1163
1.008	-0.2058	0.112
1.01	-0.211	0.1101
1.007	-0.2148	0.1127
1.007	-0.222	0.1146
1.007	-0.2264	0.1142
1.004	-0.2248	0.1122
1.003	-0.2179	0.1115
1.006	-0.212	0.1122
1.007	-0.2179	0.1125
1.006	-0.2249	0.1097
1.003	-0.2237	0.1069
1.003	-0.2223	0.1061
1.009	-0.2206	0.1041
1.011	-0.2189	0.1078
1.003	-0.2184	0.114
1.001	-0.216	0.1147
1.006	-0.2132	0.1138
1.006	-0.2126	0.1113
1.002	-0.2141	0.1111
0.9976	-0.2135	0.1179
0.998	-0.2097	0.1246
1.009	-0.207	0.1227
1.014	-0.2094	0.113
1.013	-0.2195	0.107
1.014	-0.2245	0.1073
1.006	-0.2194	0.1085
0.9998	-0.2211	0.1093
1.005	-0.2285	0.1075
1.005	-0.2297	0.1073
1.005	-0.2241	0.1117
1.007	-0.2149	0.1127
0.9993	-0.2106	0.1115
0.9958	-0.2121	0.1132
1.003	-0.2139	0.1145
1.008	-0.2152	0.1135
1.011	-0.2141	0.1106
1.009	-0.2131	0.1102
1.006	-0.2125	0.1123
1.006	-0.2105	0.1106
1.004	-0.2162	0.1084
1.005	-0.2264	0.1099
1.009	-0.228	0.1126
1.009	-0.2257	0.1163
1.006	-0.222	0.1166
0.9999	-0.2125	0.1142
0.9973	-0.2087	0.114
1.002	-0.2143	0.1132
1.008	-0.2148	0.1113
1.011	-0.2135	0.1108
1.01	-0.2185	0.1131
1.009	-0.2192	0.1156
1.004	-0.2172	0.1132
0.9994	-0.2195	0.1098
1.001	-0.2197	0.1077
1.004	-0.2197	0.1057
1.008	-0.2197	0.1053
1.009	-0.2156	0.1068
1.005	-0.2132	0.1089
1.005	-0.2135	0.1121
1.005	-0.2144	0.1216
1.004	-0.2171	0.1249
1.006	-0.2199	0.11
1.006	-0.2211	0.1041
1.005	-0.2195	0.112
1.005	-0.2185	0.1112
1.005	-0.2201	0.1115
1.005	-0.2179	0.1154
1.005	-0.2112	0.1153
1.006	-0.21	0.1165
1.006	-0.2162	0.1147
1.005	-0.2182	0.1122
1.005	-0.2152	0.1119
1.005	-0.2154	0.1099
1.006	-0.216	0.1092
1.006	-0.2183	0.1089
1.007	-0.2228	0.109
1.007	-0.2233	0.1094
1.005	-0.2225	0.1093
1.004	-0.2217	0.1119
1.004	-0.2192	0.1114
1.004	-0.2174	0.1096
1.004	-0.2153	0.113
1.006	-0.2131	0.1169
1.007	-0.2117	0.1159
1.007	-0.2119	0.1104
1.008	-0.2132	0.1087
1.006	-0.2129	0.1126
1.003	-0.2132	0.1134
1.008	-0.2216	0.1003
1.003	-0.2141	0.1135
0.9991	-0.2158	0.1198
1.006	-0.2245	0.1189
1.006	-0.2275	0.1169
1.007	-0.2239	0.1181
1.01	-0.2164	0.1154
1.001	-0.2132	0.1108
0.9975	-0.2154	0.1098
1.004	-0.2173	0.1093
1.009	-0.2183	0.1074
1.012	-0.2167	0.1046
1.009	-0.2149	0.1048
1.005	-0.2134	0.1081
1.006	-0.2106	0.1077
1.003	-0.2155	0.107
1.004	-0.2252	0.1099
1.008	-0.2264	0.1138
1.008	-0.2241	0.1183
1.006	-0.2204	0.1192
0.9996	-0.211	0.117
0.9972	-0.2076	0.1167
1.002	-0.2135	0.1156
1.008	-0.2143	0.1132
1.011	-0.2134	0.1121
1.011	-0.2187	0.1139
1.009	-0.2196	0.1157
1.005	-0.2178	0.1128
0.9997	-0.2201	0.109
1.001	-0.2204	0.1067
1.004	-0.2204	0.1046
1.008	-0.2202	0.1042
1.009	-0.216	0.1058
1.005	-0.2135	0.108
1.005	-0.2136	0.1115
1.005	-0.2144	0.1211
1.004	-0.217	0.1247
1.006	-0.2197	0.11
1.006	-0.2209	0.1043
1.005	-0.2193	0.1123
1.005	-0.2183	0.1116
1.005	-0.2199	0.1119
1.005	-0.2177	0.1158
1.005	-0.2111	0.1157
1.006	-0.21	0.1168
1.006	-0.2162	0.1149
1.005	-0.2182	0.1123
1.005	-0.2153	0.1119
1.005	-0.2155	0.1099
1.006	-0.2161	0.1092
1.006	-0.2184	0.1087
1.007	-0.2229	0.1089
1.007	-0.2234	0.1093
1.005	-0.2226	0.1092
1.004	-0.2217	0.1117
1.004	-0.2192	0.1113
1.004	-0.2174	0.1095
1.004	-0.2153	0.113
1.006	-0.2131	0.1169
1.007	-0.2117	0.1159
1.007	-0.2119	0.1105
1.008	-0.2131	0.1087
1.006	-0.2128	0.1127
1.003	-0.2132	0.1135
1.003	-0.2145	0.1124
1.006	-0.2179	0.1131
1.007	-0.2216	0.1111
1.006	-0.2215	0.1103
1.005	-0.2238	0.1151
1.004	-0.2251	0.1175
1.003	-0.2207	0.1146
1.004	-0.2172	0.1103
1.005	-0.215	0.1067
1.006	-0.2159	0.1071
1.006	-0.2195	0.11
1.006	-0.2195	0.1134
1.007	-0.2169	0.1165
1.007	-0.2153	0.1154
1.006	-0.2145	0.1095
1.006	-0.2119	0.1043
1.006	-0.2109	0.1067
1.003	-0.2139	0.1138
1.002	-0.2143	0.1159
1.006	-0.2146	0.1131
1.007	-0.2163	0.1122
1.005	-0.217	0.1152
1.006	-0.2227	0.1155
1.006	-0.2256	0.1134
1.005	-0.221	0.1113
1.005	-0.2206	0.1085
1.004	-0.2202	0.1104
1.005	-0.2176	0.1112
1.006	-0.2187	0.1067
1.005	-0.2178	0.1075
1.005	-0.214	0.1125
1.005	-0.2111	0.1137
1.004	-0.2112	0.1126
1.007	-0.2154	0.1148
1.007	-0.2186	0.1161
1.007	-0.2185	0.1144
1.007	-0.2187	0.1159
1.004	-0.2194	0.1157
1	-0.2191	0.1124
1	-0.2163	0.1117
1.005	-0.2139	0.1098
1.007	-0.2155	0.1085
1.008	-0.219	0.1092
1.009	-0.2207	0.1082
1.006	-0.2183	0.1077
1.001	-0.2158	0.1104
1.004	-0.2165	0.1145
1.007	-0.2156	0.1158
1.008	-0.2144	0.1116
1.005	-0.2158	0.1072
1.003	-0.2175	0.1097
1.007	-0.2198	0.114
1.007	-0.2201	0.113
1.005	-0.2181	0.1134
1.005	-0.2177	0.1162
1.003	-0.2165	0.1147
1.004	-0.2153	0.1114
1.004	-0.2173	0.1103
1.004	-0.2207	0.1127
1.005	-0.2211	0.1141
1.005	-0.2187	0.1111
1.007	-0.2176	0.1096
1.008	-0.2164	0.1093
1.007	-0.2138	0.1095
1.003	-0.2116	0.1159
1.007	-0.2117	0.112
1.008	-0.2143	0.1082
1.007	-0.2148	0.1074
1.006	-0.2186	0.1131
1.004	-0.2219	0.1168
1.002	-0.2195	0.1151
1.003	-0.2177	0.1119
1.004	-0.217	0.109
1.004	-0.2188	0.1096
1.005	-0.2228	0.1126
1.005	-0.2228	0.1156
1.006	-0.2199	0.1181
1.006	-0.2177	0.1164
1.006	-0.2161	0.1098
1.006	-0.2128	0.104
1.006	-0.2111	0.106
1.004	-0.2134	0.1127
1.003	-0.2134	0.1146
1.007	-0.2134	0.1117
1.008	-0.2149	0.111
1.006	-0.2156	0.1141
1.006	-0.2215	0.1147
1.006	-0.2245	0.1129
1.005	-0.2203	0.111
1.005	-0.2201	0.1085
1.004	-0.22	0.1106
1.005	-0.2177	0.1116
1.006	-0.219	0.1072
1.005	-0.2182	0.108
1.005	-0.2145	0.113
1.005	-0.2117	0.1142
1.004	-0.2117	0.113
1.006	-0.2158	0.115
1.007	-0.2189	0.1162
1.007	-0.2187	0.1144
1.007	-0.2188	0.1159
1.004	-0.2194	0.1155
1	-0.219	0.1122
1.001	-0.2161	0.1115
1.005	-0.2138	0.1096
1.008	-0.2153	0.1083
1.009	-0.2188	0.109
1.01	-0.2205	0.1081
1.006	-0.2182	0.1076
1.001	-0.2157	0.1103
1.004	-0.2164	0.1145
1.007	-0.2156	0.1158
1.008	-0.2144	0.1117
1.005	-0.2158	0.1073
1.003	-0.2176	0.1098
1.007	-0.2199	0.1141
1.007	-0.2201	0.113
1.005	-0.2181	0.1134
1.005	-0.2177	0.1163
1.003	-0.2166	0.1147
1.004	-0.2153	0.1114
1.004	-0.2173	0.1103
1.004	-0.2207	0.1127
1.005	-0.2211	0.1141
1.005	-0.2187	0.1111
1.007	-0.2176	0.1096
1.008	-0.2164	0.1093
1.007	-0.2137	0.1095
1.007	-0.2126	0.112
1.006	-0.2133	0.1146
1.004	-0.2141	0.1149
1.003	-0.2148	0.1104
1.004	-0.2172	0.1072
1.004	-0.2183	0.1103
1.002	-0.2173	0.1134
1.003	-0.2183	0.1147
1.007	-0.2198	0.1127
1.009	-0.2205	0.1096
1.006	-0.2206	0.1111
1.005	-0.2197	0.113
1.006	-0.2177	0.113
1.007	-0.2164	0.1134
1.009	-0.2192	0.1172
1.008	-0.2197	0.1199
1.002	-0.2163	0.1129
1	-0.2161	0.1074
1.004	-0.216	0.1075
1.006	-0.2157	0.1058
1.005	-0.2159	0.1085
1.004	-0.2124	0.1126
1.002	-0.211	0.1136
1.003	-0.2153	0.1134
1.008	-0.2186	0.1113
1.01	-0.2196	0.1068
1.012	-0.2206	0.09886
1.011	-0.2213	0.102
1.002	-0.2225	0.1208
0.9983	-0.2207	0.1333
1.005	-0.2138	0.1301
1.005	-0.2092	0.1177
1.003	-0.2102	0.109
1.005	-0.2117	0.108
1.007	-0.2165	0.1052
1.007	-0.2252	0.1046
1.008	-0.229	0.1074
1.007	-0.229	0.1053
1.007	-0.2251	0.106
1.003	-0.211	0.112
1.001	-0.2002	0.1154
1.007	-0.2039	0.1164
1.008	-0.213	0.1123
1.005	-0.2226	0.1101
1.004	-0.2259	0.1148
1.002	-0.2217	0.1139
1.004	-0.2177	0.112
1.009	-0.2143	0.1155
1.009	-0.2149	0.1151
1.006	-0.218	0.1139
1.004	-0.218	0.1142
1.005	-0.2165	0.1119
1.004	-0.2141	0.1094
1.005	-0.2161	0.1077
1.005	-0.2228	0.1058
1.006	-0.2253	0.107
1.006	-0.2225	0.1119
1.007	-0.2157	0.1153
1.008	-0.2126	0.1143
1.005	-0.2148	0.1096
1	-0.2139	0.108
1	-0.2116	0.1137
1.003	-0.2112	0.1172
1.006	-0.2126	0.1154
1.012	-0.2212	0.1312
1.01	-0.2216	0.1164
1.007	-0.2209	0.1075
1.005	-0.2196	0.09948
1.005	-0.2198	0.09637
1.004	-0.219	0.1018
1.002	-0.2163	0.108
1.003	-0.2161	0.1127
1.007	-0.2169	0.1137
1.008	-0.2173	0.1128
1.006	-0.2175	0.1157
1.004	-0.2171	0.1182
1.006	-0.2157	0.118
1.007	-0.2151	0.1178
1.009	-0.2187	0.1204
1.008	-0.2198	0.1219
1.002	-0.217	0.1136
1	-0.2171	0.107
1.004	-0.2173	0.1061
1.006	-0.2171	0.1038
1.006	-0.2172	0.1061
1.004	-0.2135	0.1102
1.002	-0.2118	0.1113
1.003	-0.2159	0.1115
1.008	-0.2188	0.1099
1.01	-0.2196	0.1058
1.012	-0.2204	0.09844
1.011	-0.2209	0.102
1.002	-0.222	0.1212
0.9982	-0.2202	0.1341
1.005	-0.2133	0.131
1.005	-0.2088	0.1186
1.002	-0.2098	0.1099
1.005	-0.2115	0.1089
1.007	-0.2163	0.1059
1.007	-0.2251	0.1051
1.008	-0.229	0.1077
1.007	-0.2291	0.1054
1.007	-0.2253	0.1059
1.003	-0.2112	0.1117
1.001	-0.2004	0.1151
1.007	-0.204	0.116
1.008	-0.2132	0.1119
1.005	-0.2227	0.1097
1.004	-0.226	0.1146
1.002	-0.2217	0.1137
1.004	-0.2177	0.1119
1.009	-0.2143	0.1155
1.009	-0.2148	0.1151
1.006	-0.218	0.1139
1.004	-0.2179	0.1143
1.005	-0.2165	0.112
1.004	-0.214	0.1095
1.005	-0.216	0.1079
1.005	-0.2227	0.1059
1.006	-0.2252	0.1071
1.006	-0.2225	0.1119
1.007	-0.2157	0.1153
1.008	-0.2126	0.1143
1.005	-0.2148	0.1096
1	-0.214	0.108
1	-0.2116	0.1136
1.003	-0.2112	0.1172
1.006	-0.2126	0.1154
1.011	-0.2175	0.1138
1.013	-0.2257	0.1136
1.005	-0.2296	0.1158
0.9999	-0.222	0.1149
1.004	-0.2109	0.1102
1.007	-0.2087	0.1068
1.008	-0.2141	0.1052
1.011	-0.2186	0.1105
1.01	-0.2204	0.1149
1.005	-0.2207	0.1103
1.002	-0.2175	0.1084
1.003	-0.2157	0.1082
1.003	-0.2193	0.108
1.002	-0.2217	0.1108
1.002	-0.2214	0.1144
1	-0.2165	0.1188
1.003	-0.2058	0.1198
1.006	-0.2052	0.1186
1.008	-0.2183	0.112
1.014	-0.2243	0.1029
1.012	-0.2222	0.1066
1.005	-0.2221	0.1136
1.001	-0.2195	0.1153
1	-0.2176	0.1142
1.004	-0.2178	0.1116
1.008	-0.211	0.1133
1.012	-0.2086	0.1121
1.013	-0.2162	0.1121
1.006	-0.2185	0.1141
0.9942	-0.2177	0.1097
0.9925	-0.2196	0.1086
1.006	-0.2197	0.1076
1.014	-0.2211	0.106
1.011	-0.2216	0.1112
1.007	-0.218	0.1144
1.002	-0.2175	0.1141
1.002	-0.2193	0.11
1.008	-0.2159	0.1083
1.009	-0.2117	0.114
1.006	-0.2104	0.1159
1.004	-0.2093	0.1146
1.004	-0.2101	0.1145
1.005	-0.2154	0.113
1.004	-0.2227	0.1131
1.003	-0.2251	0.1148
1.001	-0.2235	0.116
1.002	-0.223	0.115
1.008	-0.221	0.1095
1.01	-0.2198	0.1066
1.003	-0.219	0.1079
0.9988	-0.2138	0.1064
1.004	-0.2114	0.1082
1.01	-0.2132	0.1129
1.014	-0.2155	0.1125
1.012	-0.2178	0.1123
1.006	-0.2176	0.1109
1.003	-0.2162	0.1093
1.006	-0.2154	0.1145
1.005	-0.2149	0.1177
1.001	-0.2148	0.1184
0.9997	-0.2157	0.1208
1.004	-0.2215	0.1131
1.009	-0.2267	0.1015
1.009	-0.2246	0.103
1	-0.216	0.09701
1.007	-0.2187	0.1116
1.002	-0.2205	0.1216
0.9996	-0.2132	0.1238
1.005	-0.2037	0.1191
1.008	-0.204	0.1141
1.01	-0.2119	0.11
1.013	-0.2185	0.1125
1.011	-0.2222	0.1145
1.006	-0.2237	0.1081
1.002	-0.2212	0.105
1.004	-0.2195	0.1043
1.003	-0.2227	0.1041
1.001	-0.2245	0.1075
1.001	-0.2233	0.1119
0.9994	-0.2176	0.1172
1.002	-0.206	0.1192
1.005	-0.2047	0.1189
1.007	-0.2172	0.113
1.014	-0.2229	0.1044
1.012	-0.2206	0.1084
1.004	-0.2205	0.1154
1.001	-0.218	0.1171
1	-0.2164	0.1156
1.004	-0.2169	0.1127
1.008	-0.2104	0.114
1.012	-0.2084	0.1125
1.013	-0.2163	0.1121
1.006	-0.2188	0.1138
0.9944	-0.2183	0.1091
0.9926	-0.2202	0.1079
1.006	-0.2203	0.1068
1.014	-0.2217	0.1053
1.011	-0.2222	0.1105
1.007	-0.2184	0.1139
1.002	-0.2178	0.1138
1.002	-0.2194	0.1098
1.008	-0.216	0.1082
1.009	-0.2117	0.1141
1.006	-0.2103	0.1161
1.004	-0.2091	0.1148
1.004	-0.2099	0.1148
1.005	-0.2152	0.1133
1.004	-0.2225	0.1134
1.003	-0.2249	0.1151
1.001	-0.2233	0.1162
1.002	-0.2229	0.1151
1.008	-0.221	0.1096
1.01	-0.2199	0.1066
1.003	-0.219	0.1078
0.9989	-0.2139	0.1063
1.004	-0.2115	0.1081
1.01	-0.2132	0.1128
1.014	-0.2155	0.1124
1.012	-0.2179	0.1122
1.006	-0.2176	0.1108
1.003	-0.2162	0.1092
1.006	-0.2154	0.1145
1.005	-0.2149	0.1177
1.001	-0.2148	0.1184
0.9997	-0.2157	0.1208
1.004	-0.2215	0.1132
1.009	-0.2267	0.1016
1.009	-0.2245	0.103
1.002	-0.219	0.1121
0.9985	-0.2123	0.115
1.005	-0.2101	0.1103
1.009	-0.2133	0.1091
1.008	-0.2137	0.1122
1.008	-0.2153	0.112
1.005	-0.2197	0.1137
1.005	-0.2203	0.1143
1.006	-0.2182	0.1112
1.005	-0.2172	0.1123
1.006	-0.2177	0.1115
1.007	-0.2164	0.1097
1.007	-0.2158	0.1113
1.003	-0.2184	0.1122
1.002	-0.2173	0.1143
1.005	-0.2163	0.1142
1.005	-0.2202	0.1127
1.005	-0.2224	0.1132
1.004	-0.2218	0.1122
1.004	-0.2203	0.1112
1.005	-0.2172	0.1107
1.004	-0.2139	0.1131
1.004	-0.211	0.1164
1.009	-0.2092	0.1129
1.01	-0.2117	0.1063
1.008	-0.2166	0.1049
1.007	-0.2183	0.1101
1.004	-0.2184	0.1133
1.003	-0.2191	0.111
1.006	-0.2195	0.1106
1.008	-0.2195	0.1098
1.005	-0.2191	0.1136
1.001	-0.219	0.1219
1.001	-0.2184	0.1188
1.006	-0.2178	0.1093
1.01	-0.2176	0.1067
1.005	-0.217	0.1115
1.002	-0.2172	0.1139
1.002	-0.2169	0.1107
1.004	-0.216	0.1118
1.007	-0.2162	0.1114
1.006	-0.216	0.1094
1.007	-0.2141	0.1119
1.008	-0.2137	0.1124
1.006	-0.2178	0.1127
1.006	-0.2204	0.1098
1.005	-0.22	0.1079
1.004	-0.2223	0.115
1.004	-0.2232	0.1172
1.005	-0.2181	0.1161
1.005	-0.2111	0.115
1.005	-0.2081	0.1061
1.01	-0.2094	0.1022
1.011	-0.2121	0.1071
1.005	-0.2178	0.1106
1.004	-0.2216	0.1133
1.005	-0.2213	0.1153
1.002	-0.2246	0.1148
1.004	-0.2262	0.1155
1.004	-0.2217	0.119
1.002	-0.2178	0.1185
1.002	-0.2147	0.111
1.005	-0.2131	0.1075
1.006	-0.2116	0.1109
1.008	-0.2185	0.1066
1.003	-0.2128	0.1127
1.008	-0.2113	0.1096
1.01	-0.215	0.1091
1.009	-0.2156	0.1124
1.008	-0.2172	0.112
1.005	-0.2215	0.1134
1.004	-0.2217	0.1138
1.004	-0.2193	0.1105
1.004	-0.2179	0.1115
1.005	-0.218	0.1108
1.006	-0.2164	0.1092
1.007	-0.2155	0.1109
1.003	-0.2179	0.112
1.002	-0.2166	0.1143
1.005	-0.2156	0.1144
1.005	-0.2196	0.1131
1.005	-0.2219	0.1137
1.005	-0.2214	0.1127
1.004	-0.22	0.1117
1.005	-0.2171	0.1112
1.004	-0.2139	0.1134
1.004	-0.2111	0.1167
1.009	-0.2094	0.113
1.01	-0.2119	0.1064
1.008	-0.2168	0.1048
1.007	-0.2185	0.1099
1.004	-0.2187	0.1131
1.002	-0.2193	0.1108
1.006	-0.2196	0.1104
1.008	-0.2195	0.1096
1.005	-0.2191	0.1135
1.001	-0.2189	0.1218
1.001	-0.2183	0.1187
1.006	-0.2178	0.1093
1.01	-0.2175	0.1067
1.005	-0.2169	0.1115
1.002	-0.2172	0.114
1.002	-0.2169	0.1108
1.004	-0.216	0.1118
1.007	-0.2161	0.1115
1.006	-0.216	0.1094
1.007	-0.2141	0.1119
1.008	-0.2137	0.1124
1.006	-0.2178	0.1127
1.006	-0.2205	0.1098
1.005	-0.2201	0.1079
1.004	-0.2223	0.115
1.004	-0.2232	0.1171
1.005	-0.2181	0.1161
1.005	-0.2112	0.1149
1.005	-0.2081	0.1061
1.01	-0.2094	0.1022
1.011	-0.2121	0.1071
1.005	-0.2178	0.1106
1.004	-0.2216	0.1133
1.005	-0.2213	0.1153
1.002	-0.2246	0.1148
1.004	-0.2262	0.1155
1.004	-0.2217	0.119
1.002	-0.2178	0.1185
1.002	-0.2147	0.111
1.005	-0.2131	0.1076
1.006	-0.2116	0.111
1.007	-0.2102	0.1109
1.008	-0.2136	0.1099
1.008	-0.2188	0.1103
1.007	-0.2217	0.1087
1.003	-0.2205	0.1101
1.003	-0.2166	0.1113
1.009	-0.2147	0.1088
1.011	-0.2151	0.1081
1.007	-0.2176	0.1109
1.004	-0.2197	0.116
1.001	-0.2189	0.1177
0.9988	-0.2173	0.1151
1.003	-0.2167	0.1142
1.008	-0.2185	0.1142
1.009	-0.2195	0.1123
1.008	-0.217	0.1094
1.006	-0.2148	0.1093
1.003	-0.2148	0.1133
1.001	-0.2162	0.1155
1.003	-0.2174	0.1127
1.006	-0.2176	0.1099
1.007	-0.218	0.108
1.007	-0.2181	0.1065
1.005	-0.2174	0.1085
1.004	-0.2158	0.1102
1.007	-0.2153	0.1113
1.008	-0.2175	0.1141
1.007	-0.2183	0.1142
1.005	-0.2177	0.116
1.003	-0.2193	0.1186
1.004	-0.2214	0.1158
1.006	-0.2193	0.1099
1.005	-0.2153	0.1053
1.006	-0.2146	0.1088
1.005	-0.2155	0.1133
1.003	-0.2157	0.1118
1.004	-0.2158	0.1128
1.006	-0.2159	0.114
1.007	-0.2179	0.1139
1.007	-0.2202	0.1134
1.006	-0.2193	0.1125
1.004	-0.2171	0.1147
1.003	-0.2146	0.1116
1.009	-0.2136	0.1003
1.012	-0.2155	0.09878
1.008	-0.2183	0.113
1.003	-0.22	0.1191
0.9988	-0.2186	0.1137
0.9987	-0.2184	0.1151
1.003	-0.2191	0.1151
1.008	-0.2164	0.1154
1.01	-0.2148	0.1204
1.007	-0.2145	0.1167
1.005	-0.2156	0.1123
1.005	-0.2187	0.104
1.005	-0.221	0.09852
1.004	-0.2238	0.1111
1.002	-0.2246	0.1133
1	-0.2216	0.1084
1.003	-0.2146	0.1131
1.009	-0.2069	0.1124
1.013	-0.2084	0.1106
1.011	-0.2125	0.1083
1.01	-0.2132	0.1072
1.004	-0.1936	0.1339
1.003	-0.2136	0.1202
1.003	-0.2279	0.1128
1.002	-0.2345	0.1068
0.9992	-0.2334	0.1063
0.9995	-0.2271	0.1072
1.007	-0.2217	0.1052
1.011	-0.2183	0.1055
1.008	-0.2173	0.1094
1.006	-0.2165	0.1156
1.003	-0.2137	0.1181
1.001	-0.2111	0.1161
1.006	-0.2103	0.1155
1.01	-0.2126	0.1155
1.01	-0.2146	0.1136
1.009	-0.2135	0.1103
1.007	-0.2129	0.1099
1.003	-0.2143	0.1136
1	-0.217	0.1154
1.003	-0.2191	0.1124
1.006	-0.22	0.1093
1.006	-0.2208	0.1074
1.007	-0.2209	0.1058
1.004	-0.22	0.1078
1.003	-0.2179	0.1097
1.006	-0.2169	0.1109
1.007	-0.2185	0.1138
1.007	-0.2188	0.1141
1.005	-0.2176	0.1161
1.003	-0.2188	0.1188
1.005	-0.2205	0.116
1.006	-0.2183	0.1102
1.006	-0.2142	0.1056
1.006	-0.2135	0.1091
1.005	-0.2146	0.1135
1.003	-0.2149	0.112
1.004	-0.2153	0.1129
1.006	-0.2156	0.1141
1.007	-0.2179	0.114
1.007	-0.2203	0.1134
1.006	-0.2196	0.1124
1.004	-0.2175	0.1146
1.003	-0.215	0.1115
1.009	-0.214	0.1001
1.012	-0.2158	0.09868
1.008	-0.2186	0.1129
1.002	-0.2202	0.1191
0.9988	-0.2188	0.1137
0.9987	-0.2185	0.1151
1.003	-0.219	0.1151
1.008	-0.2163	0.1155
1.01	-0.2147	0.1205
1.007	-0.2144	0.1167
1.005	-0.2154	0.1123
1.005	-0.2185	0.104
1.005	-0.2209	0.09856
1.004	-0.2237	0.1111
1.002	-0.2246	0.1133
1	-0.2216	0.1084
1.003	-0.2146	0.1131
1.009	-0.2069	0.1124
1.013	-0.2084	0.1106
1.011	-0.2125	0.1082
1.01	-0.2132	0.1072
1.005	-0.2119	0.1202
0.9984	-0.2029	0.135
0.9999	-0.202	0.132
1.005	-0.2214	0.108
1.009	-0.2377	0.09111
1.009	-0.2377	0.09598
1.003	-0.2374	0.09716
1	-0.2377	0.09851
1.001	-0.2275	0.1096
1.001	-0.2201	0.1188
1.002	-0.2149	0.1302
1.003	-0.2042	0.1301
1.009	-0.2002	0.1177
1.015	-0.1965	0.1155
1.015	-0.1953	0.1129
1.008	-0.2028	0.1091
1.004	-0.2129	0.1096
1.002	-0.226	0.1081
1.001	-0.2266	0.1092
1.004	-0.2219	0.1083
1.007	-0.2234	0.1074
1.005	-0.2218	0.1075
1.004	-0.2246	0.1051
1.004	-0.2235	0.1093
1.005	-0.2195	0.1143
1.006	-0.2201	0.1158
1.006	-0.2152	0.1161
1.005	-0.2134	0.1147
1.005	-0.2135	0.1149
1.006	-0.2136	0.1132
1.007	-0.214	0.1136
1.006	-0.2124	0.1172
1.006	-0.2189	0.1151
1.006	-0.2214	0.1124
1.005	-0.2195	0.1101
1.005	-0.2246	0.103
1.004	-0.2242	0.1008
1.003	-0.2194	0.1063
1.004	-0.2169	0.1114
1.004	-0.2159	0.1181
1.006	-0.2145	0.1205
1.006	-0.2109	0.113
1.005	-0.2112	0.1113
1.007	-0.2125	0.117
1.007	-0.2105	0.116
1.007	-0.2118	0.1108
1.006	-0.2166	0.1079
1.006	-0.2204	0.1074
1.006	-0.2254	0.1083
1.005	-0.2294	0.1111
1.003	-0.2239	0.1133
1.003	-0.2149	0.112
1.006	-0.2118	0.1116
1.007	-0.2113	0.1141
1.005	-0.2125	0.1162
1.003	-0.2158	0.117
1.002	-0.2192	0.1138
1.006	-0.2205	0.1087
1.009	-0.2182	0.1059
1.008	-0.2173	0.106
1.01	-0.2207	0.1081
1.011	-0.2225	0.1087
1.006	-0.2204	0.1096
0.9982	-0.2186	0.1138
0.9939	-0.2334	0.1109
0.9955	-0.2036	0.1328
1.002	-0.1907	0.1339
1.01	-0.2048	0.1119
1.016	-0.2203	0.09533
1.016	-0.2227	0.09961
1.008	-0.2266	0.09967
1.004	-0.2317	0.09972
1.003	-0.2261	0.1096
1.002	-0.2227	0.1178
1.001	-0.2205	0.1284
1.002	-0.2116	0.1279
1.006	-0.2083	0.1155
1.012	-0.2043	0.1135
1.012	-0.2022	0.1112
1.006	-0.2081	0.1079
1.002	-0.2164	0.1089
1.001	-0.2277	0.1079
1.001	-0.2265	0.1095
1.004	-0.2205	0.1089
1.007	-0.2209	0.1083
1.006	-0.2186	0.1085
1.005	-0.2212	0.1061
1.005	-0.2202	0.1102
1.006	-0.2166	0.1151
1.007	-0.2177	0.1164
1.006	-0.2136	0.1164
1.005	-0.2125	0.1148
1.006	-0.2133	0.1148
1.006	-0.214	0.1129
1.007	-0.2148	0.1132
1.006	-0.2135	0.1168
1.005	-0.2201	0.1147
1.006	-0.2227	0.112
1.005	-0.2207	0.1097
1.005	-0.2256	0.1027
1.004	-0.225	0.1007
1.003	-0.2199	0.1062
1.004	-0.2171	0.1114
1.004	-0.2159	0.1181
1.006	-0.2143	0.1206
1.006	-0.2105	0.1131
1.005	-0.2107	0.1114
1.007	-0.212	0.1171
1.007	-0.21	0.1162
1.007	-0.2114	0.1109
1.007	-0.2163	0.108
1.006	-0.2202	0.1074
1.006	-0.2253	0.1083
1.005	-0.2293	0.111
1.003	-0.2239	0.1133
1.003	-0.2151	0.112
1.006	-0.2119	0.1116
1.007	-0.2115	0.114
1.005	-0.2127	0.1161
1.002	-0.2159	0.1169
1.002	-0.2193	0.1138
1.006	-0.2206	0.1086
1.009	-0.2183	0.1059
1.008	-0.2173	0.106
1.01	-0.2207	0.1081
1.011	-0.2225	0.1087
1.006	-0.2203	0.1096
0.9982	-0.2185	0.1138
0.9943	-0.2174	0.1179
0.998	-0.2167	0.1188
1.005	-0.2181	0.1154
1.01	-0.2164	0.1137
1.008	-0.2104	0.115
1.005	-0.2092	0.1143
1.005	-0.2107	0.1157
1.005	-0.2089	0.1152
1.012	-0.2106	0.1078
1.014	-0.2149	0.1035
1.009	-0.22	0.1026
1.008	-0.229	0.1014
1.005	-0.2303	0.1095
0.9993	-0.2246	0.1186
1	-0.2224	0.1179
0.9989	-0.2192	0.1181
1.003	-0.2182	0.1143
1.009	-0.2185	0.1053
1.007	-0.2143	0.1067
1.005	-0.2145	0.1119
1.004	-0.2146	0.1132
1.005	-0.2113	0.114
1.005	-0.2101	0.115
1.004	-0.2079	0.1163
1.005	-0.2088	0.1144
1.006	-0.2155	0.1127
1.005	-0.2222	0.1119
1.002	-0.2256	0.1109
1.002	-0.2248	0.1119
1.011	-0.2239	0.1103
1.014	-0.222	0.109
1.008	-0.2199	0.1109
1.006	-0.2189	0.1125
1.005	-0.2153	0.1132
1.003	-0.2142	0.112
1.002	-0.2149	0.1104
1.002	-0.2121	0.1093
1.002	-0.2114	0.1096
1.002	-0.2133	0.1099
1.004	-0.2165	0.1103
1.008	-0.2206	0.1128
1.009	-0.2206	0.113
1.008	-0.2182	0.1131
1.01	-0.2167	0.1154
1.008	-0.2162	0.1164
1.004	-0.2147	0.1156
1.002	-0.2147	0.1097
1.003	-0.2199	0.1063
1.005	-0.223	0.1095
1.006	-0.2218	0.1107
1.003	-0.2201	0.1137
0.9985	-0.2169	0.1177
1.002	-0.2147	0.1158
1.015	-0.2124	0.1157
1.021	-0.2112	0.115
1.008	-0.2164	0.108
0.9987	-0.2182	0.1056
0.9988	-0.2153	0.1078
0.9989	-0.2195	0.1059
1.006	-0.2247	0.1032
1.01	-0.2231	0.1061
1.002	-0.2221	0.1178
1.002	-0.2224	0.1236
1.005	-0.2207	0.1153
