0.9238	-0.1859	-0.1584
0.9066	-0.152	-0.1607
0.8722	-0.1427	-0.1408
0.848	-0.14	-0.1181
0.7928	-0.1234	-0.1186
0.8013	-0.1176	-0.1218
0.8068	-0.1063	-0.1392
0.7954	-0.1144	-0.1413
0.7806	-0.1294	-0.1077
0.74	-0.1285	-0.05444
0.7855	-0.1239	-0.03588
0.8551	-0.08918	-0.07958
0.8875	-0.04076	-0.1234
0.9236	-0.0091	-0.1533
0.9253	-0.008713	-0.1533
0.9698	-0.04103	-0.1325
1.047	-0.06993	-0.1394
1.023	-0.1135	-0.1319
0.9467	-0.1919	-0.1285
0.9289	-0.305	-0.1637
1.082	-0.4489	-0.1799
1.45	-0.513	-0.1434
1.715	-0.4405	-0.07663
1.619	-0.3186	-0.0563
1.507	-0.1965	-0.07509
1.466	-0.08894	-0.0778
1.275	-0.00577	-0.1058
1.278	0.006891	-0.1407
1.359	-0.1078	-0.1074
1.087	-0.2427	-0.002088
0.9118	-0.3126	0.08883
0.9044	-0.2854	0.0733
0.7445	-0.1561	0.03549
0.6685	-0.07668	0.03583
0.7005	-0.0238	-0.0158
0.6998	0.001304	-0.04214
0.6832	-0.06629	0.004425
0.6414	-0.08889	0.0005063
0.5803	-0.1479	0.001325
0.5601	-0.1926	0.01312
0.684	-0.1577	-0.03295
0.8353	-0.2346	-0.04665
0.9241	-0.2772	-0.04334
0.9872	-0.289	-0.05528
0.9887	-0.3375	-0.08651
1.042	-0.3306	-0.1809
1.139	-0.3904	-0.2563
1.167	-0.394	-0.2693
1.19	-0.2775	-0.2695
1.284	-0.2044	-0.2935
1.517	-0.2075	-0.3109
1.692	-0.26	-0.2936
1.459	-0.2264	-0.2491
1.173	-0.1513	-0.1431
1.271	-0.1115	-0.1081
1.268	-0.1083	-0.1732
1.058	-0.168	-0.1845
1.026	-0.1332	-0.211
0.9264	-0.1008	-0.2416
0.8149	-0.1346	-0.2253
0.8398	-0.1194	-0.2088
0.7815	-0.1747	-0.1488
0.8064	-0.1874	-0.1069
0.8684	-0.1403	-0.1089
0.8434	-0.1419	-0.09792
0.8329	-0.06654	-0.09456
0.7559	-0.01666	-0.07989
0.7292	-0.0273	-0.05467
0.7505	-0.03618	-0.04392
0.6933	-0.06659	-0.04876
0.6851	-0.05344	-0.08932
0.7427	-0.08281	-0.1752
0.7935	-0.2048	-0.2512
0.7324	-0.3789	-0.2486
0.6615	-0.5563	-0.2043
0.8811	-0.5785	-0.1392
1.427	-0.4326	-0.07325
1.96	-0.2764	-0.09561
1.918	-0.2864	-0.1236
1.565	-0.4047	-0.05864
1.438	-0.4219	0.03198
1.196	-0.3153	0.08544
1.071	-0.1205	0.00166
1.256	-0.03814	-0.1198
1.175	-0.192	-0.04224
1.035	-0.3045	0.06454
0.9035	-0.2712	0.08991
0.7173	-0.1996	0.1265
0.7564	-0.06791	0.067
0.689	0.07595	0.01096
0.6059	0.07026	0.02059
0.6343	-0.03431	-0.02141
0.5574	-0.08843	-0.01347
0.6475	-0.193	-0.01121
0.7663	-0.3169	-0.05778
0.7841	-0.3178	-0.04938
0.8177	-0.2895	-0.05249
0.7912	-0.2732	-0.06446
0.8964	-0.2967	-0.09598
1.093	-0.3976	-0.1745
1.212	-0.4812	-0.2273
1.234	-0.4357	-0.2648
1.216	-0.2906	-0.2738
1.33	-0.2374	-0.257
1.437	-0.2546	-0.2581
1.485	-0.2087	-0.2226
1.405	-0.1242	-0.1428
1.154	-0.08855	-0.1062
1.125	-0.1753	-0.1394
1.109	-0.2255	-0.1857
0.9212	-0.1725	-0.2176
0.8725	-0.1384	-0.2282
0.7973	-0.1136	-0.2138
0.7384	-0.1444	-0.2093
0.7869	-0.2105	-0.1885
0.7786	-0.2406	-0.138
0.8233	-0.23	-0.1274
0.8187	-0.1115	-0.1262
0.7598	0.037	-0.08654
0.7752	0.06307	-0.06123
0.763	-0.01711	-0.04902
0.7926	-0.07484	-0.02456
0.8314	-0.08023	-0.03339
0.8472	-0.07049	-0.09914
0.9046	-0.01914	-0.1856
0.88	-0.01165	-0.2297
0.7979	-0.1472	-0.1899
0.6875	-0.399	-0.1495
0.8434	-0.1419	-0.09792
0.8329	-0.06654	-0.09456
0.7559	-0.01666	-0.07989
0.7292	-0.0273	-0.05467
0.7505	-0.03618	-0.04392
0.6933	-0.06659	-0.04876
0.6851	-0.05344	-0.08932
0.7427	-0.08281	-0.1752
0.7935	-0.2048	-0.2512
0.7324	-0.3789	-0.2486
0.6615	-0.5563	-0.2043
0.8811	-0.5785	-0.1392
1.427	-0.4326	-0.07325
1.96	-0.2764	-0.09561
1.918	-0.2864	-0.1236
1.565	-0.4047	-0.05864
1.438	-0.4219	0.03198
1.196	-0.3153	0.08544
1.071	-0.1205	0.00166
1.256	-0.03814	-0.1198
1.175	-0.192	-0.04224
1.035	-0.3045	0.06454
0.9035	-0.2712	0.08991
0.7173	-0.1996	0.1265
0.7564	-0.06791	0.067
0.689	0.07595	0.01096
0.6059	0.07026	0.02059
0.6343	-0.03431	-0.02141
0.5574	-0.08843	-0.01347
0.6475	-0.193	-0.01121
0.7663	-0.3169	-0.05778
0.7841	-0.3178	-0.04938
0.8177	-0.2895	-0.05249
0.7912	-0.2732	-0.06446
0.8964	-0.2967	-0.09598
1.093	-0.3976	-0.1745
1.212	-0.4812	-0.2273
1.234	-0.4357	-0.2648
1.216	-0.2906	-0.2738
1.33	-0.2374	-0.257
1.437	-0.2546	-0.2581
1.485	-0.2087	-0.2226
1.405	-0.1242	-0.1428
1.154	-0.08855	-0.1062
1.125	-0.1753	-0.1394
1.109	-0.2255	-0.1857
0.9212	-0.1725	-0.2176
0.8725	-0.1384	-0.2282
0.7973	-0.1136	-0.2138
0.7384	-0.1444	-0.2093
0.7869	-0.2105	-0.1885
0.7786	-0.2406	-0.138
0.8233	-0.23	-0.1274
0.8187	-0.1115	-0.1262
0.7598	0.037	-0.08654
0.7752	0.06307	-0.06123
0.763	-0.01711	-0.04902
0.7926	-0.07484	-0.02456
0.8314	-0.08023	-0.03339
0.8472	-0.07049	-0.09914
0.9046	-0.01914	-0.1856
0.88	-0.01165	-0.2297
0.7979	-0.1472	-0.1899
0.6875	-0.399	-0.1495
0.6185	-0.6038	-0.1642
0.813	-0.6768	-0.1263
1.125	-0.7669	-0.05843
1.389	-0.6405	-0.05952
1.689	-0.2218	-0.09142
1.807	-0.1069	-0.159
1.657	-0.2574	-0.211
1.523	-0.2865	-0.1296
1.291	-0.2727	-0.03975
1.031	-0.18	-0.08033
1.101	-0.08411	-0.1041
1.146	-0.1666	-0.04638
1.028	-0.2388	-0.005685
0.9631	-0.1591	0.06559
0.781	-0.05383	0.09975
0.6464	0.007989	0.0203
0.6588	0.05179	-0.03124
0.6364	0.0142	-0.07032
0.6922	-0.07431	-0.08619
0.7404	-0.146	-0.05354
0.7089	-0.2044	-0.08315
0.7273	-0.1963	-0.1134
0.7803	-0.2436	-0.1334
0.8569	-0.3463	-0.1344
0.8818	-0.3811	-0.05591
0.8727	-0.4502	-0.03698
0.987	-0.5212	-0.118
1.184	-0.5544	-0.2187
1.34	-0.4971	-0.2728
1.436	-0.3409	-0.2842
1.529	-0.3072	-0.2728
1.59	-0.3258	-0.1468
1.547	-0.289	-0.03538
1.375	-0.1996	-0.05068
1.154	-0.0844	-0.1124
1.135	-0.1857	-0.2415
1.214	-0.416	-0.3187
1.12	-0.5241	-0.2724
1.016	-0.482	-0.217
0.9495	-0.3019	-0.1685
0.888	-0.1315	-0.1402
0.9386	-0.07552	-0.1516
0.9449	-0.1355	-0.1696
0.9157	-0.2018	-0.163
0.9431	-0.1846	-0.1649
0.9101	-0.2328	-0.1782
0.8942	-0.2995	-0.1721
0.9255	-0.3002	-0.1736
0.9725	-0.3053	-0.1378
1.046	-0.2907	-0.09304
1.022	-0.2864	-0.09826
0.9399	-0.2298	-0.08702
0.8512	-0.1329	-0.05257
0.7807	-0.1471	-0.03165
0.9072	-0.1819	-0.08018
1.11	-0.186	-0.1592
1.137	-0.1754	-0.1638
1.04	-0.1279	-0.1213
0.9445	-0.09371	-0.06825
0.9047	-0.08237	-0.03493
0.9034	-0.08065	-0.01835
0.8967	-0.06437	-0.008087
0.905	-0.04134	-0.03655
0.906	-0.02402	-0.0514
0.6185	-0.6038	-0.1642
0.813	-0.6768	-0.1263
1.125	-0.7669	-0.05843
1.389	-0.6405	-0.05952
1.689	-0.2218	-0.09142
1.807	-0.1069	-0.159
1.657	-0.2574	-0.211
1.523	-0.2865	-0.1296
1.291	-0.2727	-0.03975
1.031	-0.18	-0.08033
1.101	-0.08411	-0.1041
1.146	-0.1666	-0.04638
1.028	-0.2388	-0.005685
0.9631	-0.1591	0.06559
0.781	-0.05383	0.09975
0.6464	0.007989	0.0203
0.6588	0.05179	-0.03124
0.6364	0.0142	-0.07032
0.6922	-0.07431	-0.08619
0.7404	-0.146	-0.05354
0.7089	-0.2044	-0.08315
0.7273	-0.1963	-0.1134
0.7803	-0.2436	-0.1334
0.8569	-0.3463	-0.1344
0.8818	-0.3811	-0.05591
0.8727	-0.4502	-0.03698
0.987	-0.5212	-0.118
1.184	-0.5544	-0.2187
1.34	-0.4971	-0.2728
1.436	-0.3409	-0.2842
1.529	-0.3072	-0.2728
1.59	-0.3258	-0.1468
1.547	-0.289	-0.03538
1.375	-0.1996	-0.05068
1.154	-0.0844	-0.1124
1.135	-0.1857	-0.2415
1.214	-0.416	-0.3187
1.12	-0.5241	-0.2724
1.016	-0.482	-0.217
0.9495	-0.3019	-0.1685
0.888	-0.1315	-0.1402
0.9386	-0.07552	-0.1516
0.9449	-0.1355	-0.1696
0.9157	-0.2018	-0.163
0.9431	-0.1846	-0.1649
0.9101	-0.2328	-0.1782
0.8942	-0.2995	-0.1721
0.9255	-0.3002	-0.1736
0.9725	-0.3053	-0.1378
1.046	-0.2907	-0.09304
1.022	-0.2864	-0.09826
0.9399	-0.2298	-0.08702
0.8512	-0.1329	-0.05257
0.7807	-0.1471	-0.03165
0.9072	-0.1819	-0.08018
1.11	-0.186	-0.1592
1.137	-0.1754	-0.1638
1.04	-0.1279	-0.1213
0.9445	-0.09371	-0.06825
0.9047	-0.08237	-0.03493
0.9034	-0.08065	-0.01835
0.8967	-0.06437	-0.008087
0.905	-0.04134	-0.03655
0.906	-0.02402	-0.0514
0.9026	-0.01271	-0.04929
0.9254	-0.05176	-0.05663
0.9353	-0.1198	-0.02586
0.9506	-0.19	0.0441
0.9664	-0.2002	0.1153
0.9765	-0.1178	0.1299
1.056	-0.05154	0.08108
1.166	-0.02023	0.01804
1.192	-0.04376	-0.02511
1.098	-0.1574	-0.002963
0.9599	-0.2814	0.02084
0.875	-0.3271	-0.04638
0.8954	-0.2811	-0.1531
1.036	-0.2939	-0.2148
1.261	-0.4125	-0.1436
1.523	-0.5574	0.009574
1.618	-0.6675	0.07932
1.411	-0.5634	0.1027
1.127	-0.3209	0.1215
0.9797	-0.1796	0.106
1.041	-0.1941	0.09108
1.158	-0.2717	0.01101
1.144	-0.2387	-0.07991
1.102	-0.2795	-0.03529
0.983	-0.4072	0.01128
0.821	-0.3668	-0.03041
0.8096	-0.3595	-0.03458
0.843	-0.3687	-0.00988
0.8749	-0.3309	-0.01789
0.8961	-0.3478	-0.004639
0.8812	-0.2637	-0.004078
0.8971	-0.2087	-0.02701
0.8817	-0.221	-0.01346
0.8779	-0.1992	-0.02832
0.9231	-0.2345	-0.04799
0.9358	-0.2285	-0.0238
0.894	-0.1877	-0.0117
0.7945	-0.1421	-0.0001396
0.7644	-0.09922	0.007664
0.8165	-0.1241	0.01044
0.8438	-0.1342	0.008508
0.8535	-0.1912	-0.002164
0.8249	-0.2887	0.03397
0.8154	-0.3402	0.07459
0.885	-0.3739	0.0713
0.975	-0.3358	0.06368
1.014	-0.268	0.04289
1.008	-0.2008	-0.01431
1.093	-0.1602	-0.07652
1.268	-0.2282	-0.1009
1.356	-0.3234	-0.1231
1.213	-0.3836	-0.1953
0.9638	-0.3395	-0.256
0.9035	-0.2549	-0.2382
0.993	-0.3115	-0.2005
1.139	-0.3593	-0.1629
1.324	-0.3363	-0.07579
1.335	-0.3159	-0.01785
1.232	-0.2119	-0.009587
1.147	-0.08576	0.02318
1.017	0.01913	0.02897
1.041	0.009699	-0.02016
1.146	-0.1456	-0.1005
1.043	-0.1954	-0.1541
0.9026	-0.01271	-0.04929
0.9254	-0.05176	-0.05663
0.9353	-0.1198	-0.02586
0.9506	-0.19	0.0441
0.9664	-0.2002	0.1153
0.9765	-0.1178	0.1299
1.056	-0.05154	0.08108
1.166	-0.02023	0.01804
1.192	-0.04376	-0.02511
1.098	-0.1574	-0.002963
0.9599	-0.2814	0.02084
0.875	-0.3271	-0.04638
0.8954	-0.2811	-0.1531
1.036	-0.2939	-0.2148
1.261	-0.4125	-0.1436
1.523	-0.5574	0.009574
1.618	-0.6675	0.07932
1.411	-0.5634	0.1027
1.127	-0.3209	0.1215
0.9797	-0.1796	0.106
1.041	-0.1941	0.09108
1.158	-0.2717	0.01101
1.144	-0.2387	-0.07991
1.102	-0.2795	-0.03529
0.983	-0.4072	0.01128
0.821	-0.3668	-0.03041
0.8096	-0.3595	-0.03458
0.843	-0.3687	-0.00988
0.8749	-0.3309	-0.01789
0.8961	-0.3478	-0.004639
0.8812	-0.2637	-0.004078
0.8971	-0.2087	-0.02701
0.8817	-0.221	-0.01346
0.8779	-0.1992	-0.02832
0.9231	-0.2345	-0.04799
0.9358	-0.2285	-0.0238
0.894	-0.1877	-0.0117
0.7945	-0.1421	-0.0001396
0.7644	-0.09922	0.007664
0.8165	-0.1241	0.01044
0.8438	-0.1342	0.008508
0.8535	-0.1912	-0.002164
0.8249	-0.2887	0.03397
0.8154	-0.3402	0.07459
0.885	-0.3739	0.0713
0.975	-0.3358	0.06368
1.014	-0.268	0.04289
1.008	-0.2008	-0.01431
1.093	-0.1602	-0.07652
1.268	-0.2282	-0.1009
1.356	-0.3234	-0.1231
1.213	-0.3836	-0.1953
0.9638	-0.3395	-0.256
0.9035	-0.2549	-0.2382
0.993	-0.3115	-0.2005
1.139	-0.3593	-0.1629
1.324	-0.3363	-0.07579
1.335	-0.3159	-0.01785
1.232	-0.2119	-0.009587
1.147	-0.08576	0.02318
1.017	0.01913	0.02897
1.041	0.009699	-0.02016
1.146	-0.1456	-0.1005
1.043	-0.1954	-0.1541
0.981	-0.2334	-0.1429
0.9886	-0.2836	-0.134
0.9028	-0.2035	-0.1042
0.9033	-0.1924	-0.06138
0.8847	-0.1743	-0.04264
0.802	-0.09919	0.003999
0.7833	-0.07897	0.01563
0.7477	-0.02275	-0.02098
0.7609	-0.01945	-0.04562
0.768	-0.05372	-0.04922
0.718	-0.07983	0.003863
0.7209	-0.129	0.06016
0.7241	-0.09983	0.04478
0.7624	-0.09332	-0.03112
0.7935	-0.145	-0.1118
0.7463	-0.2028	-0.1348
0.6919	-0.3022	-0.1365
0.6816	-0.3886	-0.1573
0.9678	-0.4699	-0.1235
1.585	-0.5001	-0.005508
1.956	-0.4345	0.08373
1.742	-0.3568	0.07853
1.47	-0.3081	0.05652
1.445	-0.3067	0.061
1.321	-0.254	0.03471
1.231	-0.1187	-0.02193
1.228	-0.09362	-0.02118
1.081	-0.1665	0.0354
0.9879	-0.1882	0.08189
0.8893	-0.181	0.08257
0.7772	-0.1274	0.04804
0.7953	-0.02445	0.01988
0.7764	0.02709	-0.03507
0.7113	0.0379	-0.07655
0.5707	-0.006919	-0.04459
0.5019	-0.1334	-0.03375
0.6546	-0.265	-0.03388
0.8088	-0.4011	-0.00113
0.8921	-0.4618	0.0121
0.8235	-0.3692	0.0004695
0.7663	-0.2892	-0.04673
0.9735	-0.3098	-0.1436
1.248	-0.4176	-0.2496
1.39	-0.5296	-0.2778
1.295	-0.4162	-0.2239
1.232	-0.1788	-0.1543
1.456	-0.103	-0.08313
1.591	-0.1322	-0.1098
1.504	-0.1316	-0.1799
1.369	-0.09121	-0.1277
1.202	-0.09988	-0.1111
1.086	-0.1729	-0.1557
1.045	-0.1908	-0.1532
0.9709	-0.1818	-0.1936
0.8664	-0.1726	-0.199
0.8126	-0.1679	-0.1695
0.7904	-0.197	-0.2003
0.7797	-0.1981	-0.1895
0.8048	-0.2077	-0.1643
0.8148	-0.2031	-0.1366
0.8062	-0.159	-0.08356
0.795	-0.1102	-0.07386
0.7761	-0.01645	-0.04858
0.7619	-0.01275	-0.03429
0.981	-0.2334	-0.1429
0.9886	-0.2836	-0.134
0.9028	-0.2035	-0.1042
0.9033	-0.1924	-0.06138
0.8847	-0.1743	-0.04264
0.802	-0.09919	0.003999
0.7833	-0.07897	0.01563
0.7477	-0.02275	-0.02098
0.7609	-0.01945	-0.04562
0.768	-0.05372	-0.04922
0.718	-0.07983	0.003863
0.7209	-0.129	0.06016
0.7241	-0.09983	0.04478
0.7624	-0.09332	-0.03112
0.7935	-0.145	-0.1118
0.7463	-0.2028	-0.1348
0.6919	-0.3022	-0.1365
0.6816	-0.3886	-0.1573
0.9678	-0.4699	-0.1235
1.585	-0.5001	-0.005508
1.956	-0.4345	0.08373
1.742	-0.3568	0.07853
1.47	-0.3081	0.05652
1.445	-0.3067	0.061
1.321	-0.254	0.03471
1.231	-0.1187	-0.02193
1.228	-0.09362	-0.02118
1.081	-0.1665	0.0354
0.9879	-0.1882	0.08189
0.8893	-0.181	0.08257
0.7772	-0.1274	0.04804
0.7953	-0.02445	0.01988
0.7764	0.02709	-0.03507
0.7113	0.0379	-0.07655
0.5707	-0.006919	-0.04459
0.5019	-0.1334	-0.03375
0.6546	-0.265	-0.03388
0.8088	-0.4011	-0.00113
0.8921	-0.4618	0.0121
0.8235	-0.3692	0.0004695
0.7663	-0.2892	-0.04673
0.9735	-0.3098	-0.1436
1.248	-0.4176	-0.2496
1.39	-0.5296	-0.2778
1.295	-0.4162	-0.2239
1.232	-0.1788	-0.1543
1.456	-0.103	-0.08313
1.591	-0.1322	-0.1098
1.504	-0.1316	-0.1799
1.369	-0.09121	-0.1277
1.202	-0.09988	-0.1111
1.086	-0.1729	-0.1557
1.045	-0.1908	-0.1532
0.9709	-0.1818	-0.1936
0.8664	-0.1726	-0.199
0.8126	-0.1679	-0.1695
0.7904	-0.197	-0.2003
0.7797	-0.1981	-0.1895
0.8048	-0.2077	-0.1643
0.8148	-0.2031	-0.1366
0.8062	-0.159	-0.08356
0.795	-0.1102	-0.07386
0.7761	-0.01645	-0.04858
0.7619	-0.01275	-0.03429
0.7033	-0.06695	-0.0491
0.6373	-0.03805	-0.01702
0.6698	-0.04594	-0.02757
0.7973	-0.05922	-0.09509
0.9491	-0.05625	-0.1804
0.9877	-0.1121	-0.2526
0.7818	-0.2174	-0.1816
0.4972	-0.4029	-0.08603
0.4996	-0.4973	-0.09705
0.9158	-0.4307	-0.06632
1.54	-0.4351	-0.01973
1.865	-0.4383	-0.04566
1.71	-0.3553	-0.07233
1.568	-0.342	-0.08619
1.481	-0.3075	-0.08599
1.245	-0.156	-0.07777
1.193	-0.0124	-0.08414
1.25	-0.0002688	-0.07256
1.163	-0.132	-0.0353
1.07	-0.2201	0.02308
0.9712	-0.1979	0.06532
0.9095	-0.1278	0.01984
0.8629	-0.0159	-0.05923
0.7695	-0.01029	-0.07767
0.7934	-0.08985	-0.06744
0.8248	-0.1087	-0.07807
0.8039	-0.09421	-0.1118
0.8737	-0.05284	-0.1582
0.9488	-0.05003	-0.1907
0.9796	-0.1252	-0.197
0.8998	-0.2383	-0.1715
0.7384	-0.3375	-0.1292
0.6985	-0.3345	-0.09629
0.7227	-0.3115	-0.08736
0.7546	-0.3224	-0.1422
0.8764	-0.3579	-0.2484
1.068	-0.4893	-0.33
1.236	-0.5909	-0.3264
1.346	-0.5341	-0.2711
1.474	-0.4498	-0.2518
1.509	-0.4211	-0.2367
1.356	-0.3129	-0.1915
1.202	-0.1463	-0.1426
1.12	-0.1245	-0.1197
1.085	-0.2106	-0.1437
1.05	-0.2952	-0.1353
1.008	-0.3494	-0.1116
1.007	-0.3341	-0.1306
0.9226	-0.2388	-0.1543
0.8577	-0.1024	-0.2128
0.9259	-0.07292	-0.2406
0.9399	-0.1371	-0.2167
0.9354	-0.1627	-0.2259
0.9158	-0.2093	-0.196
0.8501	-0.2568	-0.1418
0.8626	-0.2454	-0.1183
0.8711	-0.2318	-0.1115
0.8655	-0.2087	-0.145
0.8807	-0.1863	-0.1557
0.8238	-0.1888	-0.1116
0.7688	-0.1836	-0.05524
0.7948	-0.1722	-0.02641
0.8576	-0.1437	-0.0402
0.9202	-0.07454	-0.05406
0.7033	-0.06695	-0.0491
0.6373	-0.03805	-0.01702
0.6698	-0.04594	-0.02757
0.7973	-0.05922	-0.09509
0.9491	-0.05625	-0.1804
0.9877	-0.1121	-0.2526
0.7818	-0.2174	-0.1816
0.4972	-0.4029	-0.08603
0.4996	-0.4973	-0.09705
0.9158	-0.4307	-0.06632
1.54	-0.4351	-0.01973
1.865	-0.4383	-0.04566
1.71	-0.3553	-0.07233
1.568	-0.342	-0.08619
1.481	-0.3075	-0.08599
1.245	-0.156	-0.07777
1.193	-0.0124	-0.08414
1.25	-0.0002688	-0.07256
1.163	-0.132	-0.0353
1.07	-0.2201	0.02308
0.9712	-0.1979	0.06532
0.9095	-0.1278	0.01984
0.8629	-0.0159	-0.05923
0.7695	-0.01029	-0.07767
0.7934	-0.08985	-0.06744
0.8248	-0.1087	-0.07807
0.8039	-0.09421	-0.1118
0.8737	-0.05284	-0.1582
0.9488	-0.05003	-0.1907
0.9796	-0.1252	-0.197
0.8998	-0.2383	-0.1715
0.7384	-0.3375	-0.1292
0.6985	-0.3345	-0.09629
0.7227	-0.3115	-0.08736
0.7546	-0.3224	-0.1422
0.8764	-0.3579	-0.2484
1.068	-0.4893	-0.33
1.236	-0.5909	-0.3264
1.346	-0.5341	-0.2711
1.474	-0.4498	-0.2518
1.509	-0.4211	-0.2367
1.356	-0.3129	-0.1915
1.202	-0.1463	-0.1426
1.12	-0.1245	-0.1197
1.085	-0.2106	-0.1437
1.05	-0.2952	-0.1353
1.008	-0.3494	-0.1116
1.007	-0.3341	-0.1306
0.9226	-0.2388	-0.1543
0.8577	-0.1024	-0.2128
0.9259	-0.07292	-0.2406
0.9399	-0.1371	-0.2167
0.9354	-0.1627	-0.2259
0.9158	-0.2093	-0.196
0.8501	-0.2568	-0.1418
0.8626	-0.2454	-0.1183
0.8711	-0.2318	-0.1115
0.8655	-0.2087	-0.145
0.8807	-0.1863	-0.1557
0.8238	-0.1888	-0.1116
0.7688	-0.1836	-0.05524
0.7948	-0.1722	-0.02641
0.8576	-0.1437	-0.0402
0.9202	-0.07454	-0.05406
0.953	-0.01154	-0.0874
0.9177	-0.009159	-0.1179
0.8559	-0.0657	-0.09448
0.85	-0.1397	-0.08164
0.8985	-0.2028	-0.09993
0.9499	-0.2812	-0.1485
0.9027	-0.4012	-0.1881
0.8874	-0.53	-0.08577
1.17	-0.5793	0.09328
1.541	-0.4691	0.1648
1.679	-0.2376	0.1584
1.662	-0.08504	0.1231
1.618	-0.185	0.04286
1.468	-0.3082	0.003879
1.261	-0.1901	-0.01139
1.196	-0.1058	-0.0632
1.153	-0.1576	-0.06132
0.9966	-0.1785	0.01729
0.8418	-0.2517	0.08904
0.792	-0.2359	0.06911
0.8269	-0.105	0.01549
0.7699	-0.04926	0.01772
0.707	0.004149	-0.005191
0.7335	-0.0304	-0.02479
0.6559	-0.1052	-0.01629
0.6109	-0.1068	-0.03709
0.6641	-0.1304	-0.02618
0.6689	-0.08971	-0.03257
0.7039	-0.08945	-0.05129
0.7299	-0.1766	-0.02433
0.7452	-0.2522	-0.01806
0.8149	-0.3553	0.01195
0.8758	-0.3455	0.03359
0.9809	-0.3214	-0.007509
1.174	-0.3741	-0.08711
1.382	-0.3883	-0.2176
1.486	-0.4923	-0.2923
1.531	-0.5618	-0.3356
1.578	-0.3834	-0.348
1.518	-0.1476	-0.2205
1.513	-0.1352	-0.1034
1.501	-0.2632	-0.01739
1.26	-0.2711	0.007865
1.121	-0.2408	-0.08576
1.142	-0.2124	-0.1033
1.145	-0.178	-0.1604
1.104	-0.2258	-0.2368
0.9661	-0.2433	-0.1635
0.8687	-0.2362	-0.1623
0.8169	-0.2101	-0.172
0.8195	-0.1251	-0.1554
0.8806	-0.07679	-0.203
0.8669	-0.05715	-0.1609
0.8671	-0.07269	-0.1073
0.831	-0.08204	-0.07065
0.7787	-0.05351	-0.04556
0.7964	-0.06118	-0.1001
0.7685	-0.07729	-0.1012
0.762	-0.09523	-0.07932
0.7458	-0.08185	-0.07946
0.698	-0.04473	-0.07947
0.7091	-0.06164	-0.1124
0.7861	-0.08842	-0.1286
0.9408	-0.1474	-0.1651
0.953	-0.01154	-0.0874
0.9177	-0.009159	-0.1179
0.8559	-0.0657	-0.09448
0.85	-0.1397	-0.08164
0.8985	-0.2028	-0.09993
0.9499	-0.2812	-0.1485
0.9027	-0.4012	-0.1881
0.8874	-0.53	-0.08577
1.17	-0.5793	0.09328
1.541	-0.4691	0.1648
1.679	-0.2376	0.1584
1.662	-0.08504	0.1231
1.618	-0.185	0.04286
1.468	-0.3082	0.003879
1.261	-0.1901	-0.01139
1.196	-0.1058	-0.0632
1.153	-0.1576	-0.06132
0.9966	-0.1785	0.01729
0.8418	-0.2517	0.08904
0.792	-0.2359	0.06911
0.8269	-0.105	0.01549
0.7699	-0.04926	0.01772
0.707	0.004149	-0.005191
0.7335	-0.0304	-0.02479
0.6559	-0.1052	-0.01629
0.6109	-0.1068	-0.03709
0.6641	-0.1304	-0.02618
0.6689	-0.08971	-0.03257
0.7039	-0.08945	-0.05129
0.7299	-0.1766	-0.02433
0.7452	-0.2522	-0.01806
0.8149	-0.3553	0.01195
0.8758	-0.3455	0.03359
0.9809	-0.3214	-0.007509
1.174	-0.3741	-0.08711
1.382	-0.3883	-0.2176
1.486	-0.4923	-0.2923
1.531	-0.5618	-0.3356
1.578	-0.3834	-0.348
1.518	-0.1476	-0.2205
1.513	-0.1352	-0.1034
1.501	-0.2632	-0.01739
1.26	-0.2711	0.007865
1.121	-0.2408	-0.08576
1.142	-0.2124	-0.1033
1.145	-0.178	-0.1604
1.104	-0.2258	-0.2368
0.9661	-0.2433	-0.1635
0.8687	-0.2362	-0.1623
0.8169	-0.2101	-0.172
0.8195	-0.1251	-0.1554
0.8806	-0.07679	-0.203
0.8669	-0.05715	-0.1609
0.8671	-0.07269	-0.1073
0.831	-0.08204	-0.07065
0.7787	-0.05351	-0.04556
0.7964	-0.06118	-0.1001
0.7685	-0.07729	-0.1012
0.762	-0.09523	-0.07932
0.7458	-0.08185	-0.07946
0.698	-0.04473	-0.07947
0.7091	-0.06164	-0.1124
0.7861	-0.08842	-0.1286
0.9408	-0.1474	-0.1651
0.9758	-0.267	-0.1974
0.871	-0.4045	-0.1775
0.8231	-0.514	-0.1552
0.8593	-0.5266	-0.08717
1.111	-0.4793	-0.02226
1.627	-0.3756	-0.01024
1.955	-0.2331	0.005956
1.699	-0.213	0.006938
1.395	-0.2642	0.001763
1.439	-0.2418	-0.0111
1.339	-0.197	-0.06311
1.229	-0.186	-0.0891
1.271	-0.2477	-0.03373
1.062	-0.3564	0.05333
0.8995	-0.3549	0.08499
0.8808	-0.2504	0.07462
0.7199	-0.1408	0.08073
0.6538	-0.03897	0.07333
0.7174	-0.02649	0.05022
0.707	-0.0605	0.06065
0.6536	-0.04595	0.0769
0.6259	-0.05582	0.0594
0.6112	-0.08317	0.01209
0.682	-0.1473	-0.05909
0.8355	-0.2866	-0.08379
0.8687	-0.3707	-0.04632
0.8424	-0.353	-0.04647
0.8677	-0.2797	-0.07507
0.9374	-0.2223	-0.1299
1.101	-0.2782	-0.2226
1.195	-0.3494	-0.2525
1.178	-0.3329	-0.272
1.303	-0.3778	-0.3072
1.564	-0.4882	-0.2477
1.618	-0.4602	-0.1447
1.429	-0.2582	-0.06485
1.345	-0.01606	-0.08974
1.364	0.007343	-0.192
1.281	-0.1821	-0.1876
1.106	-0.2854	-0.1846
0.9427	-0.3169	-0.1886
0.8186	-0.2883	-0.09807
0.7103	-0.1877	-0.09947
0.7225	-0.1603	-0.1459
0.8006	-0.1244	-0.1676
0.845	-0.1159	-0.2018
0.8959	-0.158	-0.1533
0.8685	-0.1278	-0.1161
0.8174	-0.1044	-0.09708
0.768	-0.06665	-0.04076
0.6898	-0.06412	-0.01534
0.7228	-0.1245	0.007517
0.7739	-0.1055	-0.009574
0.8049	-0.0734	-0.0633
0.8928	-0.0329	-0.1221
0.934	-0.02522	-0.173
0.9442	-0.1007	-0.1523
0.9459	-0.1713	-0.156
0.8988	-0.3282	-0.1755
0.8707	-0.5	-0.1348
1.02	-0.5669	-0.1002
1.363	-0.5721	-0.04256
1.576	-0.503	0.00993
1.536	-0.4031	0.0005649
0.9758	-0.267	-0.1974
0.871	-0.4045	-0.1775
0.8231	-0.514	-0.1552
0.8593	-0.5266	-0.08717
1.111	-0.4793	-0.02226
1.627	-0.3756	-0.01024
1.955	-0.2331	0.005956
1.699	-0.213	0.006938
1.395	-0.2642	0.001763
1.439	-0.2418	-0.0111
1.339	-0.197	-0.06311
1.229	-0.186	-0.0891
1.271	-0.2477	-0.03373
1.062	-0.3564	0.05333
0.8995	-0.3549	0.08499
0.8808	-0.2504	0.07462
0.7199	-0.1408	0.08073
0.6538	-0.03897	0.07333
0.7174	-0.02649	0.05022
0.707	-0.0605	0.06065
0.6536	-0.04595	0.0769
0.6259	-0.05582	0.0594
0.6112	-0.08317	0.01209
0.682	-0.1473	-0.05909
0.8355	-0.2866	-0.08379
0.8687	-0.3707	-0.04632
0.8424	-0.353	-0.04647
0.8677	-0.2797	-0.07507
0.9374	-0.2223	-0.1299
1.101	-0.2782	-0.2226
1.195	-0.3494	-0.2525
1.178	-0.3329	-0.272
1.303	-0.3778	-0.3072
1.564	-0.4882	-0.2477
1.618	-0.4602	-0.1447
1.429	-0.2582	-0.06485
1.345	-0.01606	-0.08974
1.364	0.007343	-0.192
1.281	-0.1821	-0.1876
1.106	-0.2854	-0.1846
0.9427	-0.3169	-0.1886
0.8186	-0.2883	-0.09807
0.7103	-0.1877	-0.09947
0.7225	-0.1603	-0.1459
0.8006	-0.1244	-0.1676
0.845	-0.1159	-0.2018
0.8959	-0.158	-0.1533
0.8685	-0.1278	-0.1161
0.8174	-0.1044	-0.09708
0.768	-0.06665	-0.04076
0.6898	-0.06412	-0.01534
0.7228	-0.1245	0.007517
0.7739	-0.1055	-0.009574
0.8049	-0.0734	-0.0633
0.8928	-0.0329	-0.1221
0.934	-0.02522	-0.173
0.9442	-0.1007	-0.1523
0.9459	-0.1713	-0.156
0.8988	-0.3282	-0.1755
0.8707	-0.5	-0.1348
1.02	-0.5669	-0.1002
1.363	-0.5721	-0.04256
1.576	-0.503	0.00993
1.536	-0.4031	0.0005649
1.462	-0.237	-0.03204
1.426	-0.1274	-0.07471
1.376	-0.1878	-0.0558
1.343	-0.1895	-0.004877
1.309	-0.2229	0.01259
1.155	-0.32	0.06931
0.9383	-0.2334	0.0875
0.8106	-0.1117	0.02196
0.7873	-0.07439	-0.01269
0.8113	-0.06746	-0.01419
0.7866	-0.1062	0.0112
0.7455	-0.119	0.04108
0.7144	-0.1009	0.04424
0.6418	-0.07644	0.05208
0.6245	-0.03466	0.02349
0.6845	-0.04455	-0.0257
0.779	-0.1361	-0.04113
0.8581	-0.2653	-0.04641
0.8305	-0.3377	-0.01648
0.8058	-0.3008	0.02834
0.8503	-0.234	0.002444
0.8746	-0.1717	-0.07472
0.9199	-0.1583	-0.139
1.027	-0.2949	-0.1722
1.147	-0.4478	-0.2084
1.24	-0.4535	-0.2845
1.354	-0.4121	-0.312
1.551	-0.3922	-0.2563
1.599	-0.2895	-0.196
1.37	-0.09622	-0.1075
1.219	-0.01308	-0.08207
1.237	-0.1159	-0.1557
1.233	-0.2329	-0.167
1.182	-0.2716	-0.1853
1.048	-0.2517	-0.2075
0.9005	-0.212	-0.1673
0.8566	-0.2115	-0.1806
0.871	-0.23	-0.1938
0.8491	-0.239	-0.1872
0.8172	-0.2339	-0.1668
0.8577	-0.1744	-0.08383
0.8652	-0.09825	-0.06831
0.8349	-0.06854	-0.12
0.8214	-0.06963	-0.14
0.784	-0.09414	-0.112
0.8251	-0.1367	-0.07394
0.8927	-0.1553	-0.1031
0.8965	-0.1426	-0.124
0.9015	-0.1402	-0.1217
0.8985	-0.1373	-0.1653
0.919	-0.1323	-0.2032
0.9453	-0.1969	-0.2196
0.9392	-0.2832	-0.2024
0.9644	-0.3276	-0.167
1.037	-0.3814	-0.1509
1.16	-0.3978	-0.1323
1.38	-0.3816	-0.09155
1.623	-0.4287	-0.01419
1.642	-0.445	0.02388
1.545	-0.4102	0.03024
1.499	-0.3779	0.05374
1.232	-0.2742	0.02155
0.9966	-0.2174	0.02022
1.029	-0.2241	0.02415
0.8639	-0.08897	0.03917
0.8508	-0.09535	0.0354
0.806	-0.08985	0.0348
0.7825	-0.09553	0.03123
0.8057	-0.1299	0.02357
0.8248	-0.1554	0.02774
0.8385	-0.1806	0.008432
0.8234	-0.1958	-0.01988
0.7811	-0.19	-0.02338
0.7817	-0.2002	0.0006016
0.8217	-0.2177	0.02622
0.8719	-0.2292	0.01363
0.8955	-0.2314	0.001486
0.8461	-0.2235	0.007119
0.8072	-0.2273	0.001949
0.8727	-0.2642	-0.002875
1.034	-0.3694	-0.03678
1.189	-0.4932	-0.121
1.192	-0.499	-0.2058
1.198	-0.3941	-0.2508
1.397	-0.3264	-0.262
1.564	-0.3339	-0.2517
1.542	-0.3055	-0.1631
1.382	-0.1988	-0.03582
1.229	-0.1124	-0.0439
1.252	-0.1099	-0.1211
1.213	-0.1346	-0.1477
1.049	-0.1354	-0.2055
1.027	-0.1509	-0.2371
0.9528	-0.1894	-0.222
0.7765	-0.2072	-0.2423
0.7223	-0.2303	-0.2072
0.7027	-0.2568	-0.1504
0.7295	-0.2408	-0.1229
0.7991	-0.1908	-0.06594
0.7803	-0.08855	-0.04987
0.7414	0.02245	-0.06684
0.7127	0.04092	-0.07672
0.7275	-0.004998	-0.09179
0.8042	-0.04875	-0.09946
0.8431	-0.06533	-0.134
0.8528	-0.08659	-0.1666
0.7938	-0.1943	-0.1804
0.6808	-0.3645	-0.1974
0.6606	-0.4648	-0.1838
0.7549	-0.5299	-0.112
1.016	-0.6762	0.01474
1.339	-0.6798	0.07128
1.542	-0.4427	-0.01927
1.734	-0.2759	-0.1134
1.733	-0.2441	-0.1085
1.423	-0.2437	-0.07222
1.254	-0.1824	-0.05662
1.241	-0.09309	-0.03387
1.185	-0.2	0.02011
1.095	-0.3125	0.1152
0.8585	-0.2486	0.1537
0.701	-0.1135	0.07798
0.6245	0.09107	-0.00321
0.4625	0.1329	-0.08249
0.4391	0.008663	-0.1177
0.4375	-0.06786	-0.07113
0.5219	-0.2257	-0.07389
0.7185	-0.361	-0.08787
0.7511	-0.4105	-0.06865
0.8476	-0.5543	-0.07807
0.9179	-0.6135	-0.08571
0.8925	-0.5039	-0.1345
1.047	-0.4163	-0.2214
1.195	-0.3503	-0.2484
1.226	-0.2729	-0.261
1.272	-0.2607	-0.3146
1.48	-0.3314	-0.3312
1.652	-0.3512	-0.2766
1.445	-0.1773	-0.2446
1.249	-0.03198	-0.2312
1.319	-0.2288	-0.1688
1.283	-0.4706	-0.1358
1.128	-0.4039	-0.1804
1.068	-0.2751	-0.2144
0.9805	-0.2067	-0.1934
0.8624	-0.1337	-0.1862
0.8162	-0.1616	-0.2016
0.7274	-0.1772	-0.186
0.7024	-0.152	-0.1768
0.7662	-0.1685	-0.1646
0.756	-0.1111	-0.1196
0.7522	-0.06221	-0.07838
0.7155	-0.05525	-0.0406
0.6636	-0.03566	-0.03122
0.7177	-0.05767	-0.05261
0.8299	-0.04758	-0.1038
0.9449	-0.04134	-0.2042
0.9004	-0.08271	-0.2537
0.7238	-0.1866	-0.2607
0.6235	-0.3766	-0.3265
0.638	-0.4419	-0.336
0.8698	-0.4813	-0.1807
1.356	-0.6811	0.07505
1.737	-0.7331	0.242
1.623	-0.5678	0.1408
1.422	-0.4402	0.03085
1.504	-0.3521	0.1103
1.35	-0.188	0.05053
1.143	0.04141	-0.09349
1.224	0.09467	-0.07528
1.101	-0.1277	-0.01262
0.9144	-0.278	0.09109
0.8482	-0.2503	0.134
0.7432	-0.1719	0.08165
0.6801	-0.02676	0.0926
0.5692	0.02433	0.04678
0.5379	-0.04816	-0.02362
0.6295	-0.1655	-0.02928
0.6478	-0.3533	-0.03577
0.6534	-0.4494	-0.01566
0.6768	-0.4597	-0.0383
0.7569	-0.4736	-0.09078
0.8253	-0.4486	-0.1347
0.8837	-0.4769	-0.22
1.072	-0.5344	-0.2766
1.211	-0.5066	-0.2702
1.218	-0.3511	-0.2517
1.308	-0.1572	-0.3144
1.572	-0.1536	-0.3666
1.703	-0.169	-0.2778
1.545	-0.03061	-0.2151
1.433	-0.05229	-0.2142
0.7511	-0.4105	-0.06865
0.8476	-0.5543	-0.07807
0.9179	-0.6135	-0.08571
0.8925	-0.5039	-0.1345
1.047	-0.4163	-0.2214
1.195	-0.3503	-0.2484
1.226	-0.2729	-0.261
1.272	-0.2607	-0.3146
1.48	-0.3314	-0.3312
1.652	-0.3512	-0.2766
1.445	-0.1773	-0.2446
1.249	-0.03198	-0.2312
1.319	-0.2288	-0.1688
1.283	-0.4706	-0.1358
1.128	-0.4039	-0.1804
1.068	-0.2751	-0.2144
0.9805	-0.2067	-0.1934
0.8624	-0.1337	-0.1862
0.8162	-0.1616	-0.2016
0.7274	-0.1772	-0.186
0.7024	-0.152	-0.1768
0.7662	-0.1685	-0.1646
0.756	-0.1111	-0.1196
0.7522	-0.06221	-0.07838
0.7155	-0.05525	-0.0406
0.6636	-0.03566	-0.03122
0.7177	-0.05767	-0.05261
0.8299	-0.04758	-0.1038
0.9449	-0.04134	-0.2042
0.9004	-0.08271	-0.2537
0.7238	-0.1866	-0.2607
0.6235	-0.3766	-0.3265
0.638	-0.4419	-0.336
0.8698	-0.4813	-0.1807
1.356	-0.6811	0.07505
1.737	-0.7331	0.242
1.623	-0.5678	0.1408
1.422	-0.4402	0.03085
1.504	-0.3521	0.1103
1.35	-0.188	0.05053
1.143	0.04141	-0.09349
1.224	0.09467	-0.07528
1.101	-0.1277	-0.01262
0.9144	-0.278	0.09109
0.8482	-0.2503	0.134
0.7432	-0.1719	0.08165
0.6801	-0.02676	0.0926
0.5692	0.02433	0.04678
0.5379	-0.04816	-0.02362
0.6295	-0.1655	-0.02928
0.6478	-0.3533	-0.03577
0.6534	-0.4494	-0.01566
0.6768	-0.4597	-0.0383
0.7569	-0.4736	-0.09078
0.8253	-0.4486	-0.1347
0.8837	-0.4769	-0.22
1.072	-0.5344	-0.2766
1.211	-0.5066	-0.2702
1.218	-0.3511	-0.2517
1.308	-0.1572	-0.3144
1.572	-0.1536	-0.3666
1.703	-0.169	-0.2778
1.545	-0.03061	-0.2151
1.433	-0.05229	-0.2142
1.411	-0.2488	-0.1887
1.351	-0.4155	-0.1651
1.252	-0.4422	-0.1608
1.055	-0.2737	-0.1802
0.8751	-0.1541	-0.1818
0.7774	-0.1005	-0.181
0.6819	-0.06133	-0.1849
0.635	-0.1294	-0.1748
0.6859	-0.1224	-0.1837
0.7506	-0.1118	-0.1813
0.7862	-0.1536	-0.1753
0.8475	-0.1445	-0.1519
0.8651	-0.1832	-0.0857
0.8116	-0.1716	-0.03712
0.7833	-0.1279	-0.01398
0.7808	-0.0626	-0.02826
0.7995	0.0665	-0.07235
0.872	0.02226	-0.1474
0.9556	-0.09362	-0.2497
0.9041	-0.176	-0.2658
0.781	-0.316	-0.2342
0.7852	-0.3801	-0.2469
0.8659	-0.4625	-0.2286
1.127	-0.6538	-0.1245
1.601	-0.7076	0.04853
1.849	-0.5717	0.1481
1.732	-0.4389	0.07412
1.462	-0.3674	0.02206
1.211	-0.2572	0.04014
1.187	-0.1626	-0.03566
1.296	-0.226	-0.1001
1.262	-0.3083	-0.06072
1.177	-0.2957	-0.02137
0.9852	-0.2895	0.04928
0.6417	-0.2514	0.1525
0.6415	-0.1687	0.1357
0.7853	-0.07568	0.02895
0.6765	0.05659	-0.005391
0.7011	0.06683	0.004928
0.7423	-0.02353	-0.001655
0.6721	-0.04199	-0.02351
0.7311	-0.1034	-0.06104
0.7467	-0.2205	-0.03444
0.7765	-0.3771	0.01648
0.8212	-0.5263	0.03541
0.741	-0.4357	0.05373
0.7304	-0.3363	-0.02291
0.7973	-0.3973	-0.171
1.009	-0.396	-0.2726
1.37	-0.448	-0.3163
1.622	-0.5375	-0.3562
1.73	-0.5465	-0.3582
1.543	-0.4636	-0.1106
1.125	-0.1176	0.2076
1.022	0.1922	0.2091
1.19	0.1478	0.01846
1.273	-0.06106	-0.1455
1.29	-0.2415	-0.2213
1.161	-0.2339	-0.1474
0.9287	-0.1339	-0.0528
0.8502	-0.1136	-0.06973
0.8621	-0.123	-0.0926
0.855	-0.1472	-0.08774
0.8503	-0.1642	-0.08747
1.411	-0.2488	-0.1887
1.351	-0.4155	-0.1651
1.252	-0.4422	-0.1608
1.055	-0.2737	-0.1802
0.8751	-0.1541	-0.1818
0.7774	-0.1005	-0.181
0.6819	-0.06133	-0.1849
0.635	-0.1294	-0.1748
0.6859	-0.1224	-0.1837
0.7506	-0.1118	-0.1813
0.7862	-0.1536	-0.1753
0.8475	-0.1445	-0.1519
0.8651	-0.1832	-0.0857
0.8116	-0.1716	-0.03712
0.7833	-0.1279	-0.01398
0.7808	-0.0626	-0.02826
0.7995	0.0665	-0.07235
0.872	0.02226	-0.1474
0.9556	-0.09362	-0.2497
0.9041	-0.176	-0.2658
0.781	-0.316	-0.2342
0.7852	-0.3801	-0.2469
0.8659	-0.4625	-0.2286
1.127	-0.6538	-0.1245
1.601	-0.7076	0.04853
1.849	-0.5717	0.1481
1.732	-0.4389	0.07412
1.462	-0.3674	0.02206
1.211	-0.2572	0.04014
1.187	-0.1626	-0.03566
1.296	-0.226	-0.1001
1.262	-0.3083	-0.06072
1.177	-0.2957	-0.02137
0.9852	-0.2895	0.04928
0.6417	-0.2514	0.1525
0.6415	-0.1687	0.1357
0.7853	-0.07568	0.02895
0.6765	0.05659	-0.005391
0.7011	0.06683	0.004928
0.7423	-0.02353	-0.001655
0.6721	-0.04199	-0.02351
0.7311	-0.1034	-0.06104
0.7467	-0.2205	-0.03444
0.7765	-0.3771	0.01648
0.8212	-0.5263	0.03541
0.741	-0.4357	0.05373
0.7304	-0.3363	-0.02291
0.7973	-0.3973	-0.171
1.009	-0.396	-0.2726
1.37	-0.448	-0.3163
1.622	-0.5375	-0.3562
1.73	-0.5465	-0.3582
1.543	-0.4636	-0.1106
1.125	-0.1176	0.2076
1.022	0.1922	0.2091
1.19	0.1478	0.01846
1.273	-0.06106	-0.1455
1.29	-0.2415	-0.2213
1.161	-0.2339	-0.1474
0.9287	-0.1339	-0.0528
0.8502	-0.1136	-0.06973
0.8621	-0.123	-0.0926
0.855	-0.1472	-0.08774
0.8503	-0.1642	-0.08747
0.8246	-0.173	-0.0464
0.7793	-0.154	-0.03216
0.7443	-0.08749	-0.03018
0.7551	-0.04525	-0.002791
0.7878	-0.042	-0.05136
0.8208	-0.08546	-0.1049
0.8697	-0.1182	-0.1047
0.8963	-0.07253	-0.106
0.9068	-0.0113	-0.08892
0.917	0.02207	-0.03983
0.9273	0.006069	0.003552
0.9729	-0.05068	-0.01062
0.9817	-0.1049	-0.02921
0.9025	-0.1355	-0.04019
0.8572	-0.147	-0.1028
0.9428	-0.2187	-0.12
1.127	-0.3761	-0.05274
1.29	-0.5222	-0.00481
1.436	-0.6605	-0.004231
1.607	-0.8578	0.04616
1.58	-0.8112	0.1051
1.38	-0.2148	-0.0603
1.339	0.3482	-0.2744
1.369	0.2566	-0.2254
1.326	-0.06249	-0.132
1.21	-0.2417	-0.08838
1.032	-0.4361	0.01097
0.9632	-0.4065	-0.01863
0.8913	-0.2076	-0.1003
0.8108	-0.2454	-0.07285
0.928	-0.245	-0.08566
0.9516	-0.2061	-0.08491
0.88	-0.2706	-0.04012
0.8829	-0.1967	-0.04469
0.8033	-0.1816	-0.04603
0.7862	-0.1632	-0.07403
0.8118	-0.08758	-0.0812
0.7795	-0.1276	-0.04136
0.8025	-0.05456	-0.03113
0.7914	-0.03592	0.003079
0.7914	-0.08721	0.004719
0.8271	-0.06444	-0.03633
0.8291	-0.133	-0.04572
0.8511	-0.1253	-0.04642
0.8425	-0.1092	-0.03097
0.8438	-0.1727	-0.06877
0.9145	-0.2232	-0.1655
1.051	-0.3862	-0.2527
1.18	-0.5304	-0.3059
1.1	-0.5192	-0.2941
1.03	-0.3873	-0.2874
1.284	-0.2771	-0.2801
1.667	-0.3341	-0.2665
1.832	-0.3587	-0.2615
1.545	-0.2669	-0.1565
1.211	-0.2145	-0.04955
1.285	-0.2257	-0.05298
1.243	-0.2445	-0.09805
1.037	-0.2435	-0.1484
1.112	-0.229	-0.1827
1.033	-0.2155	-0.2016
0.8367	-0.2363	-0.1802
0.8497	-0.2604	-0.1482
0.7624	-0.2305	-0.1534
0.8246	-0.173	-0.0464
0.7793	-0.154	-0.03216
0.7443	-0.08749	-0.03018
0.7551	-0.04525	-0.002791
0.7878	-0.042	-0.05136
0.8208	-0.08546	-0.1049
0.8697	-0.1182	-0.1047
0.8963	-0.07253	-0.106
0.9068	-0.0113	-0.08892
0.917	0.02207	-0.03983
0.9273	0.006069	0.003552
0.9729	-0.05068	-0.01062
0.9817	-0.1049	-0.02921
0.9025	-0.1355	-0.04019
0.8572	-0.147	-0.1028
0.9428	-0.2187	-0.12
1.127	-0.3761	-0.05274
1.29	-0.5222	-0.00481
1.436	-0.6605	-0.004231
1.607	-0.8578	0.04616
1.58	-0.8112	0.1051
1.38	-0.2148	-0.0603
1.339	0.3482	-0.2744
1.369	0.2566	-0.2254
1.326	-0.06249	-0.132
1.21	-0.2417	-0.08838
1.032	-0.4361	0.01097
0.9632	-0.4065	-0.01863
0.8913	-0.2076	-0.1003
0.8108	-0.2454	-0.07285
0.928	-0.245	-0.08566
0.9516	-0.2061	-0.08491
0.88	-0.2706	-0.04012
0.8829	-0.1967	-0.04469
0.8033	-0.1816	-0.04603
0.7862	-0.1632	-0.07403
0.8118	-0.08758	-0.0812
0.7795	-0.1276	-0.04136
0.8025	-0.05456	-0.03113
0.7914	-0.03592	0.003079
0.7914	-0.08721	0.004719
0.8271	-0.06444	-0.03633
0.8291	-0.133	-0.04572
0.8511	-0.1253	-0.04642
0.8425	-0.1092	-0.03097
0.8438	-0.1727	-0.06877
0.9145	-0.2232	-0.1655
1.051	-0.3862	-0.2527
1.18	-0.5304	-0.3059
1.1	-0.5192	-0.2941
1.03	-0.3873	-0.2874
1.284	-0.2771	-0.2801
1.667	-0.3341	-0.2665
1.832	-0.3587	-0.2615
1.545	-0.2669	-0.1565
1.211	-0.2145	-0.04955
1.285	-0.2257	-0.05298
1.243	-0.2445	-0.09805
1.037	-0.2435	-0.1484
1.112	-0.229	-0.1827
1.033	-0.2155	-0.2016
0.8367	-0.2363	-0.1802
0.8497	-0.2604	-0.1482
0.7624	-0.2305	-0.1534
0.707	-0.178	-0.1626
0.7701	-0.1315	-0.1807
0.7608	-0.09981	-0.1554
0.7968	-0.07556	-0.09161
0.8044	-0.06734	-0.0707
0.7663	-0.09197	-0.06594
0.7508	-0.09937	-0.04942
0.6887	-0.0972	-0.004167
0.6974	-0.07997	0.01235
0.7814	0.00509	-0.05489
0.8352	0.04689	-0.141
0.8515	-0.03278	-0.1935
0.8086	-0.1752	-0.1736
0.7836	-0.365	-0.1555
0.8299	-0.5471	-0.1752
0.9527	-0.6096	-0.1075
1.232	-0.5527	0.01612
1.575	-0.4789	0.08048
1.817	-0.4218	0.03381
1.891	-0.4139	-0.01632
1.695	-0.4181	0.07629
1.336	-0.255	0.1247
1.165	-0.09647	0.03581
1.217	-0.1733	0.00774
1.183	-0.2679	0.08721
1.006	-0.2675	0.1544
0.9086	-0.2212	0.096
0.8529	-0.1318	0.02308
0.7675	-0.1136	0.02766
0.761	-0.1564	-0.003933
0.7395	-0.1779	0.0001641
0.718	-0.247	0.05756
0.7458	-0.2869	0.06106
0.7112	-0.21	0.05165
0.7322	-0.1755	0.01926
0.807	-0.2208	-0.01579
0.8687	-0.2717	-0.01607
0.9122	-0.3228	-0.006698
0.8506	-0.3202	0.02059
0.8489	-0.2548	0.01552
0.9067	-0.1812	0.01985
0.907	-0.1573	0.06733
0.9139	-0.1719	0.06425
0.8951	-0.1539	0.03957
0.9443	-0.1453	0.007374
1.034	-0.1987	-0.05187
1.07	-0.3128	-0.08631
1.145	-0.4537	-0.08316
1.175	-0.4904	-0.06752
1.168	-0.3866	-0.0837
1.202	-0.2471	-0.1141
1.289	-0.09545	-0.1475
1.473	0.02305	-0.1765
1.56	-0.02172	-0.1298
1.427	-0.1098	-0.07283
1.297	-0.1073	-0.06093
1.278	-0.1691	-0.07189
1.189	-0.2459	-0.1243
1.042	-0.2212	-0.1502
0.9724	-0.1908	-0.1287
0.8286	-0.1259	-0.1084
0.7186	-0.05995	-0.1058
0.7934	-0.03806	-0.1267
0.792	0.02017	-0.136
0.707	-0.178	-0.1626
0.7701	-0.1315	-0.1807
0.7608	-0.09981	-0.1554
0.7968	-0.07556	-0.09161
0.8044	-0.06734	-0.0707
0.7663	-0.09197	-0.06594
0.7508	-0.09937	-0.04942
0.6887	-0.0972	-0.004167
0.6974	-0.07997	0.01235
0.7814	0.00509	-0.05489
0.8352	0.04689	-0.141
0.8515	-0.03278	-0.1935
0.8086	-0.1752	-0.1736
0.7836	-0.365	-0.1555
0.8299	-0.5471	-0.1752
0.9527	-0.6096	-0.1075
1.232	-0.5527	0.01612
1.575	-0.4789	0.08048
1.817	-0.4218	0.03381
1.891	-0.4139	-0.01632
1.695	-0.4181	0.07629
1.336	-0.255	0.1247
1.165	-0.09647	0.03581
1.217	-0.1733	0.00774
1.183	-0.2679	0.08721
1.006	-0.2675	0.1544
0.9086	-0.2212	0.096
0.8529	-0.1318	0.02308
0.7675	-0.1136	0.02766
0.761	-0.1564	-0.003933
0.7395	-0.1779	0.0001641
0.718	-0.247	0.05756
0.7458	-0.2869	0.06106
0.7112	-0.21	0.05165
0.7322	-0.1755	0.01926
0.807	-0.2208	-0.01579
0.8687	-0.2717	-0.01607
0.9122	-0.3228	-0.006698
0.8506	-0.3202	0.02059
0.8489	-0.2548	0.01552
0.9067	-0.1812	0.01985
0.907	-0.1573	0.06733
0.9139	-0.1719	0.06425
0.8951	-0.1539	0.03957
0.9443	-0.1453	0.007374
1.034	-0.1987	-0.05187
1.07	-0.3128	-0.08631
1.145	-0.4537	-0.08316
1.175	-0.4904	-0.06752
1.168	-0.3866	-0.0837
1.202	-0.2471	-0.1141
1.289	-0.09545	-0.1475
1.473	0.02305	-0.1765
1.56	-0.02172	-0.1298
1.427	-0.1098	-0.07283
1.297	-0.1073	-0.06093
1.278	-0.1691	-0.07189
1.189	-0.2459	-0.1243
1.042	-0.2212	-0.1502
0.9724	-0.1908	-0.1287
0.8286	-0.1259	-0.1084
0.7186	-0.05995	-0.1058
0.7934	-0.03806	-0.1267
0.792	0.02017	-0.136
0.7681	0.0254	-0.138
0.8079	-0.009436	-0.1247
0.7222	0.01364	-0.08641
0.6035	0.01647	-0.06108
0.5517	0.001908	-0.03567
0.5377	-0.01398	-0.0079
0.5863	-0.05367	-0.006798
0.6691	-0.05821	-0.07902
0.7734	-0.106	-0.1798
0.8693	-0.276	-0.1905
0.9118	-0.4273	-0.1535
1.016	-0.4985	-0.09904
1.362	-0.5191	-0.01196
1.829	-0.4898	-0.006341
2.023	-0.4818	-0.09827
1.888	-0.4555	-0.138
1.639	-0.2645	-0.06781
1.381	0.01645	-0.007483
1.318	0.1005	-0.04108
1.309	-0.04257	-0.08749
1.056	-0.1661	-0.09543
0.9832	-0.2506	-0.0913
1.079	-0.2892	-0.04942
0.9188	-0.2567	-0.006907
0.8719	-0.2659	-0.029
0.9057	-0.1475	-0.06871
0.7595	0.04126	-0.1036
0.694	0.01961	-0.1129
0.6179	-0.04025	-0.09908
0.547	-0.08483	-0.1225
0.6442	-0.1889	-0.1419
0.7701	-0.3102	-0.1457
0.8381	-0.4883	-0.1506
0.8028	-0.6058	-0.1194
0.7928	-0.5783	-0.08223
0.8613	-0.4402	-0.05749
0.8868	-0.1934	-0.02078
0.8933	-0.01378	-0.002117
0.9313	-0.1365	-0.09817
1.137	-0.48	-0.2271
1.391	-0.6909	-0.1709
1.37	-0.5758	-0.06411
1.291	-0.3342	-0.05909
1.405	-0.2828	-0.0772
1.503	-0.3047	-0.1685
1.511	-0.2685	-0.239
1.39	-0.3279	-0.189
1.089	-0.3256	-0.1401
0.922	-0.2761	-0.09439
0.9278	-0.2602	-0.1105
0.9199	-0.1455	-0.2002
0.9464	-0.1205	-0.2634
0.9262	-0.1542	-0.337
0.8939	-0.2197	-0.3444
0.867	-0.3916	-0.2617
0.7575	-0.4184	-0.1826
0.735	-0.3408	-0.1243
0.7912	-0.2562	-0.1434
0.8236	-0.1798	-0.1565
0.8095	-0.1876	-0.1143
0.7522	-0.1863	-0.1128
0.7466	-0.1649	-0.1085
0.7441	-0.1433	-0.1105
0.7643	-0.1323	-0.1371
0.7681	0.0254	-0.138
0.8079	-0.009436	-0.1247
0.7222	0.01364	-0.08641
0.6035	0.01647	-0.06108
0.5517	0.001908	-0.03567
0.5377	-0.01398	-0.0079
0.5863	-0.05367	-0.006798
0.6691	-0.05821	-0.07902
0.7734	-0.106	-0.1798
0.8693	-0.276	-0.1905
0.9118	-0.4273	-0.1535
1.016	-0.4985	-0.09904
1.362	-0.5191	-0.01196
1.829	-0.4898	-0.006341
2.023	-0.4818	-0.09827
1.888	-0.4555	-0.138
1.639	-0.2645	-0.06781
1.381	0.01645	-0.007483
1.318	0.1005	-0.04108
1.309	-0.04257	-0.08749
1.056	-0.1661	-0.09543
0.9832	-0.2506	-0.0913
1.079	-0.2892	-0.04942
0.9188	-0.2567	-0.006907
0.8719	-0.2659	-0.029
0.9057	-0.1475	-0.06871
0.7595	0.04126	-0.1036
0.694	0.01961	-0.1129
0.6179	-0.04025	-0.09908
0.547	-0.08483	-0.1225
0.6442	-0.1889	-0.1419
0.7701	-0.3102	-0.1457
0.8381	-0.4883	-0.1506
0.8028	-0.6058	-0.1194
0.7928	-0.5783	-0.08223
0.8613	-0.4402	-0.05749
0.8868	-0.1934	-0.02078
0.8933	-0.01378	-0.002117
0.9313	-0.1365	-0.09817
1.137	-0.48	-0.2271
1.391	-0.6909	-0.1709
1.37	-0.5758	-0.06411
1.291	-0.3342	-0.05909
1.405	-0.2828	-0.0772
1.503	-0.3047	-0.1685
1.511	-0.2685	-0.239
1.39	-0.3279	-0.189
1.089	-0.3256	-0.1401
0.922	-0.2761	-0.09439
0.9278	-0.2602	-0.1105
0.9199	-0.1455	-0.2002
0.9464	-0.1205	-0.2634
0.9262	-0.1542	-0.337
0.8939	-0.2197	-0.3444
0.867	-0.3916	-0.2617
0.7575	-0.4184	-0.1826
0.735	-0.3408	-0.1243
0.7912	-0.2562	-0.1434
0.8236	-0.1798	-0.1565
0.8095	-0.1876	-0.1143
0.7522	-0.1863	-0.1128
0.7466	-0.1649	-0.1085
0.7441	-0.1433	-0.1105
0.7643	-0.1323	-0.1371
0.8109	-0.1353	-0.1351
0.8308	-0.1161	-0.135
0.8947	-0.1038	-0.1311
0.8898	-0.1371	-0.1339
0.8028	-0.3104	-0.1616
0.729	-0.5471	-0.1749
0.6904	-0.6056	-0.1747
0.9155	-0.5113	-0.1463
1.427	-0.4259	-0.06768
1.767	-0.3473	0.03962
1.626	-0.2976	0.1252
1.455	-0.3177	0.1682
1.575	-0.304	0.1235
1.526	-0.3015	0.003001
1.348	-0.2699	-0.001569
1.236	-0.1191	-0.0035
1.062	-0.0936	-0.09806
1.051	-0.1677	-0.0451
0.9989	-0.21	0.002515
0.7924	-0.2407	0.002234
0.7167	-0.1812	0.08021
0.6234	-0.1196	0.05027
0.6494	-0.06227	0.02529
0.7477	-0.01055	0.03536
0.7034	-0.03948	-0.01551
0.7524	-0.06939	-0.02544
0.7976	-0.1494	-0.07258
0.8331	-0.2258	-0.07099
0.8509	-0.2108	-0.02342
0.7486	-0.1964	-0.07988
0.7585	-0.1857	-0.1043
0.8232	-0.2407	-0.1295
1.026	-0.4557	-0.1897
1.301	-0.6812	-0.2195
1.218	-0.6154	-0.244
1.176	-0.3284	-0.2303
1.447	-0.1106	-0.2772
1.585	-0.02043	-0.3461
1.499	-0.1989	-0.284
1.359	-0.3802	-0.1613
1.223	-0.1792	-0.02
1.159	0.002732	0.01963
1.178	0.02608	-0.07261
1.142	0.01427	-0.1498
1.018	-0.09641	-0.2765
0.9357	-0.1406	-0.3597
0.8869	-0.2178	-0.3041
0.8147	-0.3382	-0.2768
0.7078	-0.3355	-0.1959
0.647	-0.3374	-0.09574
0.751	-0.2614	-0.1385
0.8537	-0.1009	-0.1717
0.8226	0.01372	-0.1856
0.7589	0.0977	-0.2115
0.6957	0.08531	-0.1811
0.6928	0.0109	-0.1501
0.759	-0.07694	-0.1105
0.8031	-0.1338	-0.1255
0.822	-0.1457	-0.2079
0.8282	-0.207	-0.2274
0.877	-0.2249	-0.2374
0.9593	-0.2085	-0.2633
0.9569	-0.2933	-0.2659
0.9252	-0.4491	-0.1851
0.8109	-0.1353	-0.1351
0.8308	-0.1161	-0.135
0.8947	-0.1038	-0.1311
0.8898	-0.1371	-0.1339
0.8028	-0.3104	-0.1616
0.729	-0.5471	-0.1749
0.6904	-0.6056	-0.1747
0.9155	-0.5113	-0.1463
1.427	-0.4259	-0.06768
1.767	-0.3473	0.03962
1.626	-0.2976	0.1252
1.455	-0.3177	0.1682
1.575	-0.304	0.1235
1.526	-0.3015	0.003001
1.348	-0.2699	-0.001569
1.236	-0.1191	-0.0035
1.062	-0.0936	-0.09806
1.051	-0.1677	-0.0451
0.9989	-0.21	0.002515
0.7924	-0.2407	0.002234
0.7167	-0.1812	0.08021
0.6234	-0.1196	0.05027
0.6494	-0.06227	0.02529
0.7477	-0.01055	0.03536
0.7034	-0.03948	-0.01551
0.7524	-0.06939	-0.02544
0.7976	-0.1494	-0.07258
0.8331	-0.2258	-0.07099
0.8509	-0.2108	-0.02342
0.7486	-0.1964	-0.07988
0.7585	-0.1857	-0.1043
0.8232	-0.2407	-0.1295
1.026	-0.4557	-0.1897
1.301	-0.6812	-0.2195
1.218	-0.6154	-0.244
1.176	-0.3284	-0.2303
1.447	-0.1106	-0.2772
1.585	-0.02043	-0.3461
1.499	-0.1989	-0.284
1.359	-0.3802	-0.1613
1.223	-0.1792	-0.02
1.159	0.002732	0.01963
1.178	0.02608	-0.07261
1.142	0.01427	-0.1498
1.018	-0.09641	-0.2765
0.9357	-0.1406	-0.3597
0.8869	-0.2178	-0.3041
0.8147	-0.3382	-0.2768
0.7078	-0.3355	-0.1959
0.647	-0.3374	-0.09574
0.751	-0.2614	-0.1385
0.8537	-0.1009	-0.1717
0.8226	0.01372	-0.1856
0.7589	0.0977	-0.2115
0.6957	0.08531	-0.1811
0.6928	0.0109	-0.1501
0.759	-0.07694	-0.1105
0.8031	-0.1338	-0.1255
0.822	-0.1457	-0.2079
0.8282	-0.207	-0.2274
0.877	-0.2249	-0.2374
0.9593	-0.2085	-0.2633
0.9569	-0.2933	-0.2659
0.9252	-0.4491	-0.1851
0.9791	-0.5656	0.03939
1.212	-0.5011	0.2035
1.651	-0.3473	0.1684
1.878	-0.2479	0.02001
1.633	-0.2003	-0.09912
1.378	-0.238	-0.0596
1.273	-0.2204	-0.01268
1.161	-0.1354	-0.05644
1.174	-0.1393	-0.03151
1.092	-0.1269	0.03019
0.8371	-0.1002	0.05887
0.7859	-0.09144	0.07692
0.7777	-0.03306	0.05632
0.6862	0.006167	0.04001
0.6508	0.02392	0.02149
0.5615	0.002601	-0.01087
0.5902	-0.07158	-0.02174
0.7648	-0.1889	-0.07257
0.8369	-0.3719	-0.08579
0.8688	-0.4777	-0.02843
0.8583	-0.5025	-0.04999
0.8925	-0.541	-0.1822
1.049	-0.5687	-0.3756
1.099	-0.5977	-0.4557
1.119	-0.5379	-0.4252
1.364	-0.3294	-0.4369
1.792	-0.1396	-0.3559
1.928	-0.1425	-0.2564
1.546	-0.1213	-0.2553
1.303	0.07623	-0.2104
1.413	0.004836	-0.202
1.335	-0.2583	-0.2274
1.078	-0.3175	-0.1743
1	-0.3151	-0.1464
0.9847	-0.207	-0.1818
0.8367	-0.08363	-0.2364
0.7935	-0.07688	-0.2779
0.84	-0.07974	-0.266
0.7546	-0.1898	-0.232
0.7228	-0.2121	-0.1892
0.7542	-0.1615	-0.101
0.7338	-0.157	-0.04575
0.7299	-0.02304	-0.07019
0.6959	0.01364	-0.07752
0.6639	0.00758	-0.08655
0.7133	0.0499	-0.1446
0.7642	-0.03773	-0.2271
0.7278	-0.1452	-0.2926
0.6275	-0.3432	-0.2341
0.5639	-0.5344	-0.1319
0.6764	-0.5577	-0.1129
1.115	-0.5555	-0.09636
1.698	-0.5177	-0.08668
1.906	-0.4481	-0.1132
1.67	-0.3938	-0.1264
1.525	-0.4401	-0.1022
1.547	-0.5028	-0.04544
1.387	-0.3706	-0.02218
1.195	-0.2057	-0.02299
1.105	-0.131	-0.004758
1.031	-0.1238	0.03851
0.9618	-0.1246	0.1054
0.7958	-0.004951	0.09023
0.6358	0.1105	0.0231
0.9791	-0.5656	0.03939
1.212	-0.5011	0.2035
1.651	-0.3473	0.1684
1.878	-0.2479	0.02001
1.633	-0.2003	-0.09912
1.378	-0.238	-0.0596
1.273	-0.2204	-0.01268
1.161	-0.1354	-0.05644
1.174	-0.1393	-0.03151
1.092	-0.1269	0.03019
0.8371	-0.1002	0.05887
0.7859	-0.09144	0.07692
0.7777	-0.03306	0.05632
0.6862	0.006167	0.04001
0.6508	0.02392	0.02149
0.5615	0.002601	-0.01087
0.5902	-0.07158	-0.02174
0.7648	-0.1889	-0.07257
0.8369	-0.3719	-0.08579
0.8688	-0.4777	-0.02843
0.8583	-0.5025	-0.04999
0.8925	-0.541	-0.1822
1.049	-0.5687	-0.3756
1.099	-0.5977	-0.4557
1.119	-0.5379	-0.4252
1.364	-0.3294	-0.4369
1.792	-0.1396	-0.3559
1.928	-0.1425	-0.2564
1.546	-0.1213	-0.2553
1.303	0.07623	-0.2104
1.413	0.004836	-0.202
1.335	-0.2583	-0.2274
1.078	-0.3175	-0.1743
1	-0.3151	-0.1464
0.9847	-0.207	-0.1818
0.8367	-0.08363	-0.2364
0.7935	-0.07688	-0.2779
0.84	-0.07974	-0.266
0.7546	-0.1898	-0.232
0.7228	-0.2121	-0.1892
0.7542	-0.1615	-0.101
0.7338	-0.157	-0.04575
0.7299	-0.02304	-0.07019
0.6959	0.01364	-0.07752
0.6639	0.00758	-0.08655
0.7133	0.0499	-0.1446
0.7642	-0.03773	-0.2271
0.7278	-0.1452	-0.2926
0.6275	-0.3432	-0.2341
0.5639	-0.5344	-0.1319
0.6764	-0.5577	-0.1129
1.115	-0.5555	-0.09636
1.698	-0.5177	-0.08668
1.906	-0.4481	-0.1132
1.67	-0.3938	-0.1264
1.525	-0.4401	-0.1022
1.547	-0.5028	-0.04544
1.387	-0.3706	-0.02218
1.195	-0.2057	-0.02299
1.105	-0.131	-0.004758
1.031	-0.1238	0.03851
0.9618	-0.1246	0.1054
0.7958	-0.004951	0.09023
0.6358	0.1105	0.0231
0.521	0.119	0.00574
0.4549	0.04614	-0.02977
0.5764	-0.08541	-0.07907
0.7031	-0.1996	-0.1124
0.7631	-0.3243	-0.1351
0.7626	-0.4493	-0.1395
0.7228	-0.5618	-0.177
0.8265	-0.6516	-0.2274
0.986	-0.554	-0.2617
1.276	-0.3228	-0.3128
1.691	-0.1873	-0.3911
1.8	-0.254	-0.4284
1.514	-0.3253	-0.2832
1.217	-0.09808	-0.09172
1.256	0.07959	-0.1126
1.314	-0.1033	-0.191
1.117	-0.2618	-0.1709
0.9764	-0.2608	-0.1769
0.8754	-0.218	-0.196
0.8062	-0.1516	-0.2059
0.8514	-0.1311	-0.233
0.8319	-0.1151	-0.1717
0.7967	-0.06894	-0.09239
0.7661	0.005072	-0.1034
0.7234	0.1064	-0.1368
0.7344	0.1187	-0.1627
0.7295	0.03734	-0.1473
0.7172	-0.02507	-0.1189
0.6982	-0.08482	-0.1233
0.6546	-0.1752	-0.1265
0.6075	-0.2418	-0.1551
0.5446	-0.3071	-0.1993
0.5468	-0.4137	-0.2243
0.8272	-0.5268	-0.2074
1.446	-0.6654	-0.111
1.882	-0.7607	-0.02658
1.766	-0.6226	-0.04652
1.529	-0.3298	-0.07781
1.413	-0.1243	-0.05445
1.331	-0.05113	-0.07651
1.348	-0.09316	-0.1119
1.305	-0.2386	-0.06778
1.13	-0.4193	-0.02833
0.9971	-0.4823	0.005131
0.8405	-0.3249	0.02261
0.7105	-0.1503	-0.02436
0.6861	-0.05592	-0.04861
0.6234	0.0003686	-0.05312
0.5757	-0.04492	-0.03879
0.537	-0.04582	-0.01027
0.4829	-0.005735	-0.03773
0.5167	-0.08064	-0.07638
0.5983	-0.2918	-0.169
0.6863	-0.5979	-0.2893
0.668	-0.6447	-0.2456
0.589	-0.5106	-0.1305
0.6325	-0.5589	-0.1164
0.7835	-0.5191	-0.1752
1.139	-0.4314	-0.2484
1.55	-0.4588	-0.2571
1.745	-0.4129	-0.251
1.883	-0.5037	-0.3069
1.926	-0.6077	-0.2842
1.743	-0.3442	-0.2007
1.326	-0.4934	-0.262
1.2	-0.3576	-0.2087
1.169	-0.245	-0.2293
1.18	-0.06989	-0.2249
1.157	0.0973	-0.222
1.088	0.03984	-0.2515
0.9647	-0.2132	-0.2244
0.7854	-0.3858	-0.2214
0.7418	-0.4004	-0.2015
0.8475	-0.3293	-0.1357
0.8561	-0.2457	-0.08703
0.8039	-0.1832	-0.06946
0.8187	-0.07645	-0.1369
0.8722	-0.06185	-0.1927
0.9274	-0.1699	-0.2119
0.837	-0.2354	-0.2349
0.6178	-0.2757	-0.1863
0.4359	-0.2187	-0.1009
0.2449	-0.1454	0.005484
0.1146	-0.1633	0.04282
0.1824	-0.08369	-0.04035
0.5819	-0.04131	-0.07541
1.361	-0.2419	-0.08539
1.814	-0.5017	-0.1199
1.546	-0.5898	-0.09194
1.404	-0.5788	0.01668
1.566	-0.6054	0.1465
1.417	-0.4978	0.1733
1.294	-0.2151	0.1284
1.37	0.08982	0.08731
1.259	0.2116	0.003583
1.137	0.0218	-0.02681
0.9554	-0.1622	0.01097
0.7487	-0.2411	-0.01368
0.7498	-0.3003	-0.05037
0.5317	-0.2276	-0.1187
0.1827	-0.2178	-0.254
0.1466	-0.3279	-0.3061
0.4292	-0.5137	-0.3213
1.119	-0.8756	-0.4065
1.816	-1.047	-0.4511
1.795	-0.6961	-0.351
1.395	-0.06837	-0.1845
1.364	0.3303	-0.1451
1.413	0.2329	-0.227
1.309	-0.1242	-0.2696
1.251	-0.46	-0.2216
1.081	-0.5996	-0.1241
1.047	-0.4685	-0.06387
1.088	-0.2632	-0.08255
0.8733	-0.05478	-0.1769
0.737	0.07642	-0.2652
0.5683	-0.09421	-0.2396
0.3069	-0.3113	-0.1073
0.175	-0.3925	0.06393
0.09956	-0.427	0.1116
0.1516	-0.2394	-0.002823
0.3554	-0.1107	-0.1575
0.9576	-0.3184	-0.2774
1.657	-0.5709	-0.2054
1.531	-0.6816	-0.01719
1.178	-0.5128	0.05814
1.341	-0.3199	0.08997
1.497	-0.3258	0.07529
1.583	-0.1651	0.03166
1.428	0.09004	0.06897
0.8807	0.1519	0.05066
0.7413	0.1043	-0.02502
0.7926	0.04165	-0.1048
0.6914	-0.05048	-0.1909
0.8435	-0.2175	-0.1663
0.8779	-0.4242	-0.1714
0.7877	-0.6372	-0.2672
0.7626	-0.7696	-0.3229
0.7099	-0.673	-0.3577
0.8269	-0.4274	-0.3116
0.9822	-0.2702	-0.277
1.259	-0.3186	-0.3353
1.538	-0.4361	-0.322
1.476	-0.4047	-0.2358
1.301	-0.1778	-0.152
1.111	0.05894	-0.1649
1.091	0.009333	-0.219
1.168	-0.2391	-0.1717
1.085	-0.3741	-0.1243
1.076	-0.4056	-0.07423
1.015	-0.2524	-0.04864
0.8449	-0.01736	-0.08827
0.7696	-0.02539	-0.05882
0.6922	-0.001463	-0.07131
0.6633	0.06007	-0.1211
0.6903	-0.09952	-0.128
0.6376	-0.2684	-0.1907
0.5562	-0.409	-0.1864
0.5155	-0.454	-0.1535
0.5681	-0.4096	-0.1634
0.8985	-0.4353	-0.07906
1.515	-0.3986	-0.01175
1.86	-0.402	-0.01223
1.677	-0.4929	-0.005478
1.517	-0.5407	0.01245
1.491	-0.5332	0.03415
1.317	-0.286	0.006115
1.215	0.001744	-0.02727
1.24	-0.03301	-0.02776
1.159	-0.1277	0.0705
0.9533	-0.07964	0.2291
0.7818	-0.0782	0.1965
0.7674	-0.0919	0.08862
0.7087	-0.04236	0.02504
0.6556	-0.06262	-0.07675
0.7308	-0.08622	-0.05504
0.6607	-0.1098	-0.02021
0.6354	-0.2457	-0.09232
0.7394	-0.3632	-0.06852
0.7209	-0.4324	-0.05954
0.6922	-0.4436	-0.1295
0.6721	-0.4488	-0.1849
0.8124	-0.5782	-0.2684
1.128	-0.6134	-0.2712
1.365	-0.4871	-0.242
1.692	-0.3333	-0.2407
1.905	-0.1378	-0.0977
1.727	0.04184	0.01594
1.553	0.121	-0.03303
1.479	0.03804	-0.07382
1.326	-0.1055	-0.1302
1.191	-0.2088	-0.2254
1.583	-0.1651	0.03166
1.428	0.09004	0.06897
0.8807	0.1519	0.05066
0.7413	0.1043	-0.02502
0.7926	0.04165	-0.1048
0.6914	-0.05048	-0.1909
0.8435	-0.2175	-0.1663
0.8779	-0.4242	-0.1714
0.7877	-0.6372	-0.2672
0.7626	-0.7696	-0.3229
0.7099	-0.673	-0.3577
0.8269	-0.4274	-0.3116
0.9822	-0.2702	-0.277
1.259	-0.3186	-0.3353
1.538	-0.4361	-0.322
1.476	-0.4047	-0.2358
1.301	-0.1778	-0.152
1.111	0.05894	-0.1649
1.091	0.009333	-0.219
1.168	-0.2391	-0.1717
1.085	-0.3741	-0.1243
1.076	-0.4056	-0.07423
1.015	-0.2524	-0.04864
0.8449	-0.01736	-0.08827
0.7696	-0.02539	-0.05882
0.6922	-0.001463	-0.07131
0.6633	0.06007	-0.1211
0.6903	-0.09952	-0.128
0.6376	-0.2684	-0.1907
0.5562	-0.409	-0.1864
0.5155	-0.454	-0.1535
0.5681	-0.4096	-0.1634
0.8985	-0.4353	-0.07906
1.515	-0.3986	-0.01175
1.86	-0.402	-0.01223
1.677	-0.4929	-0.005478
1.517	-0.5407	0.01245
1.491	-0.5332	0.03415
1.317	-0.286	0.006115
1.215	0.001744	-0.02727
1.24	-0.03301	-0.02776
1.159	-0.1277	0.0705
0.9533	-0.07964	0.2291
0.7818	-0.0782	0.1965
0.7674	-0.0919	0.08862
0.7087	-0.04236	0.02504
0.6556	-0.06262	-0.07675
0.7308	-0.08622	-0.05504
0.6607	-0.1098	-0.02021
0.6354	-0.2457	-0.09232
0.7394	-0.3632	-0.06852
0.7209	-0.4324	-0.05954
0.6922	-0.4436	-0.1295
0.6721	-0.4488	-0.1849
0.8124	-0.5782	-0.2684
1.128	-0.6134	-0.2712
1.365	-0.4871	-0.242
1.692	-0.3333	-0.2407
1.905	-0.1378	-0.0977
1.727	0.04184	0.01594
1.553	0.121	-0.03303
1.479	0.03804	-0.07382
1.326	-0.1055	-0.1302
1.191	-0.2088	-0.2254
1.045	-0.2998	-0.2207
0.81	-0.2686	-0.1266
0.6677	-0.2105	-0.06825
0.6569	-0.2019	-0.04941
0.6982	-0.114	-0.07294
0.774	-0.05665	-0.1362
0.7783	-0.02605	-0.1517
0.7482	0.02326	-0.1353
0.7369	0.02502	-0.106
0.7171	0.02122	-0.08001
0.7133	-0.01923	-0.07728
0.6881	-0.03765	-0.0658
0.6921	-0.02148	-0.1106
0.7263	-0.07845	-0.1638
0.7539	-0.1817	-0.1547
0.8074	-0.333	-0.1336
0.7757	-0.437	-0.104
0.6979	-0.433	-0.1114
0.8055	-0.4371	-0.122
1.345	-0.4822	-0.1128
2.035	-0.5592	-0.15
2.048	-0.5815	-0.1556
1.7	-0.531	-0.05538
1.541	-0.4664	0.1012
1.206	-0.3178	0.1081
1.303	-0.06389	-0.1511
1.732	0.16	-0.3564
1.432	0.05148	-0.2286
1.214	-0.2557	-0.02346
1.191	-0.2682	-0.02067
0.8596	-0.1826	-0.08362
0.84	-0.1708	-0.1528
0.7356	-0.1125	-0.2415
0.6259	-0.2501	-0.236
0.7872	-0.4797	-0.1868
0.6766	-0.5681	-0.1015
0.6996	-0.5382	-0.04057
0.7196	-0.4156	-0.07196
0.6076	-0.3165	-0.05873
0.7275	-0.1505	-0.06782
0.7232	-0.0003485	-0.08992
0.7527	0.01628	-0.0626
0.8088	0.05238	-0.07459
0.7646	0.002155	-0.05858
0.8593	-0.07944	-0.04744
0.9124	-0.1928	-0.0528
0.9957	-0.4051	-0.02718
1.049	-0.4498	-0.03317
0.9723	-0.3884	-0.02954
0.928	-0.271	-0.04029
0.8571	-0.1078	-0.08165
0.9414	-0.1199	-0.1043
1.107	-0.2066	-0.1153
1.102	-0.2682	-0.1244
1.038	-0.3351	-0.172
0.9336	-0.3627	-0.1914
0.9217	-0.3604	-0.1997
1.221	-0.4036	-0.3111
1.668	-0.4565	-0.4038
1.793	-0.3274	-0.3652
1.517	-0.1021	-0.2358
1.262	-0.03089	-0.1008
1.102	-0.1322	-0.04139
0.9779	-0.2601	-0.1025
1.045	-0.2998	-0.2207
0.81	-0.2686	-0.1266
0.6677	-0.2105	-0.06825
0.6569	-0.2019	-0.04941
0.6982	-0.114	-0.07294
0.774	-0.05665	-0.1362
0.7783	-0.02605	-0.1517
0.7482	0.02326	-0.1353
0.7369	0.02502	-0.106
0.7171	0.02122	-0.08001
0.7133	-0.01923	-0.07728
0.6881	-0.03765	-0.0658
0.6921	-0.02148	-0.1106
0.7263	-0.07845	-0.1638
0.7539	-0.1817	-0.1547
0.8074	-0.333	-0.1336
0.7757	-0.437	-0.104
0.6979	-0.433	-0.1114
0.8055	-0.4371	-0.122
1.345	-0.4822	-0.1128
2.035	-0.5592	-0.15
2.048	-0.5815	-0.1556
1.7	-0.531	-0.05538
1.541	-0.4664	0.1012
1.206	-0.3178	0.1081
1.303	-0.06389	-0.1511
1.732	0.16	-0.3564
1.432	0.05148	-0.2286
1.214	-0.2557	-0.02346
1.191	-0.2682	-0.02067
0.8596	-0.1826	-0.08362
0.84	-0.1708	-0.1528
0.7356	-0.1125	-0.2415
0.6259	-0.2501	-0.236
0.7872	-0.4797	-0.1868
0.6766	-0.5681	-0.1015
0.6996	-0.5382	-0.04057
0.7196	-0.4156	-0.07196
0.6076	-0.3165	-0.05873
0.7275	-0.1505	-0.06782
0.7232	-0.0003485	-0.08992
0.7527	0.01628	-0.0626
0.8088	0.05238	-0.07459
0.7646	0.002155	-0.05858
0.8593	-0.07944	-0.04744
0.9124	-0.1928	-0.0528
0.9957	-0.4051	-0.02718
1.049	-0.4498	-0.03317
0.9723	-0.3884	-0.02954
0.928	-0.271	-0.04029
0.8571	-0.1078	-0.08165
0.9414	-0.1199	-0.1043
1.107	-0.2066	-0.1153
1.102	-0.2682	-0.1244
1.038	-0.3351	-0.172
0.9336	-0.3627	-0.1914
0.9217	-0.3604	-0.1997
1.221	-0.4036	-0.3111
1.668	-0.4565	-0.4038
1.793	-0.3274	-0.3652
1.517	-0.1021	-0.2358
1.262	-0.03089	-0.1008
1.102	-0.1322	-0.04139
0.9779	-0.2601	-0.1025
0.946	-0.2792	-0.209
0.8147	-0.2503	-0.2214
0.6519	-0.2275	-0.2123
0.6661	-0.2049	-0.2233
0.7136	-0.2243	-0.2195
0.7308	-0.2296	-0.237
0.7678	-0.1927	-0.1891
0.7872	-0.1234	-0.1221
0.7762	-0.04286	-0.112
0.7437	-0.02818	-0.08781
0.7354	-0.04376	-0.06206
0.7138	-0.01955	-0.01249
0.6697	0.03721	0.01901
0.7323	0.105	-0.02519
0.8136	0.1382	-0.08089
0.8323	0.07548	-0.1671
0.8859	-0.02699	-0.264
0.893	-0.08553	-0.2523
0.8515	-0.2459	-0.1892
0.8715	-0.4849	-0.2118
0.8695	-0.5026	-0.2189
0.8912	-0.4621	-0.1513
1.07	-0.6127	-0.0179
1.308	-0.6447	0.1708
1.608	-0.4391	0.1089
1.964	-0.2184	-0.1063
1.989	-0.1143	-0.1288
1.681	-0.2381	-0.07303
1.493	-0.3349	0.02098
1.31	-0.1884	0.03471
1.039	-0.1238	-0.01304
0.8652	-0.1707	0.1081
0.6535	-0.151	0.1676
0.5268	-0.09723	0.1436
0.4652	0.01584	0.105
0.361	0.09162	-0.02367
0.4934	0.01882	-0.04464
0.5768	-0.1355	-0.008288
0.5237	-0.3155	-0.002032
0.6608	-0.481	-0.01083
0.8412	-0.5635	-0.0704
0.9661	-0.563	-0.09362
0.9692	-0.5585	-0.1217
0.9673	-0.5586	-0.1584
1.066	-0.5144	-0.2052
1.106	-0.3219	-0.2455
1.312	-0.06861	-0.1999
1.717	-0.08047	-0.2026
1.951	-0.2054	-0.1952
1.786	-0.1595	-0.1304
1.451	-0.09344	-0.1219
1.36	-0.06097	-0.1159
1.243	-0.1297	-0.1211
0.9627	-0.3154	-0.07544
0.7929	-0.3255	-0.01568
0.6883	-0.1999	-0.08649
0.6954	-0.1053	-0.1596
0.739	-0.04119	-0.1748
0.7086	-0.07387	-0.1363
0.6775	-0.08316	-0.06125
0.5978	-0.05975	-0.03996
0.6004	-0.1084	-0.03271
0.6276	-0.1358	-0.04739
0.5782	-0.1833	-0.1158
0.946	-0.2792	-0.209
0.8147	-0.2503	-0.2214
0.6519	-0.2275	-0.2123
0.6661	-0.2049	-0.2233
0.7136	-0.2243	-0.2195
0.7308	-0.2296	-0.237
0.7678	-0.1927	-0.1891
0.7872	-0.1234	-0.1221
0.7762	-0.04286	-0.112
0.7437	-0.02818	-0.08781
0.7354	-0.04376	-0.06206
0.7138	-0.01955	-0.01249
0.6697	0.03721	0.01901
0.7323	0.105	-0.02519
0.8136	0.1382	-0.08089
0.8323	0.07548	-0.1671
0.8859	-0.02699	-0.264
0.893	-0.08553	-0.2523
0.8515	-0.2459	-0.1892
0.8715	-0.4849	-0.2118
0.8695	-0.5026	-0.2189
0.8912	-0.4621	-0.1513
1.07	-0.6127	-0.0179
1.308	-0.6447	0.1708
1.608	-0.4391	0.1089
1.964	-0.2184	-0.1063
1.989	-0.1143	-0.1288
1.681	-0.2381	-0.07303
1.493	-0.3349	0.02098
1.31	-0.1884	0.03471
1.039	-0.1238	-0.01304
0.8652	-0.1707	0.1081
0.6535	-0.151	0.1676
0.5268	-0.09723	0.1436
0.4652	0.01584	0.105
0.361	0.09162	-0.02367
0.4934	0.01882	-0.04464
0.5768	-0.1355	-0.008288
0.5237	-0.3155	-0.002032
0.6608	-0.481	-0.01083
0.8412	-0.5635	-0.0704
0.9661	-0.563	-0.09362
0.9692	-0.5585	-0.1217
0.9673	-0.5586	-0.1584
1.066	-0.5144	-0.2052
1.106	-0.3219	-0.2455
1.312	-0.06861	-0.1999
1.717	-0.08047	-0.2026
1.951	-0.2054	-0.1952
1.786	-0.1595	-0.1304
1.451	-0.09344	-0.1219
1.36	-0.06097	-0.1159
1.243	-0.1297	-0.1211
0.9627	-0.3154	-0.07544
0.7929	-0.3255	-0.01568
0.6883	-0.1999	-0.08649
0.6954	-0.1053	-0.1596
0.739	-0.04119	-0.1748
0.7086	-0.07387	-0.1363
0.6775	-0.08316	-0.06125
0.5978	-0.05975	-0.03996
0.6004	-0.1084	-0.03271
0.6276	-0.1358	-0.04739
0.5782	-0.1833	-0.1158
0.606	-0.2369	-0.1741
0.5946	-0.2745	-0.1841
0.5397	-0.3842	-0.1749
0.5596	-0.4299	-0.156
0.7848	-0.396	-0.05548
1.396	-0.4169	0.03803
1.946	-0.4705	0.02983
1.957	-0.5474	0.02923
1.735	-0.5943	0.06383
1.539	-0.4722	0.1226
1.241	-0.2079	0.151
1.075	0.08256	0.07203
1.172	0.2525	0.01708
1.107	0.0748	0.07051
0.9618	-0.2148	0.1365
0.9136	-0.2251	0.1391
0.7626	-0.1713	0.0861
0.6986	-0.1726	0.02107
0.7426	-0.1276	-0.02594
0.7288	-0.09683	-0.07827
0.7335	-0.07855	-0.1726
0.7543	-0.196	-0.2021
0.7878	-0.4004	-0.1193
0.7551	-0.4495	-0.05651
0.6811	-0.413	-0.0651
0.723	-0.4011	-0.143
0.9339	-0.4256	-0.2222
1.321	-0.4681	-0.234
1.69	-0.5981	-0.2513
1.894	-0.74	-0.2379
1.772	-0.5321	-0.1049
1.39	-0.09511	0.02544
1.236	0.1904	0.006072
1.148	0.2263	-0.1008
1.014	0.06029	-0.1797
1.035	-0.09871	-0.2209
0.8858	-0.1895	-0.223
0.7324	-0.1877	-0.2194
0.7558	-0.08501	-0.2623
0.7154	-0.09079	-0.3221
0.7798	-0.1523	-0.353
0.9066	-0.2227	-0.3356
0.977	-0.3163	-0.3176
1.001	-0.2922	-0.3272
0.9645	-0.2894	-0.3214
0.9948	-0.3353	-0.3284
0.9711	-0.3735	-0.3338
0.8744	-0.4956	-0.2897
0.8234	-0.5504	-0.231
0.807	-0.509	-0.1265
0.837	-0.4689	-0.009552
0.8719	-0.401	-0.02475
1.101	-0.2704	-0.099
1.379	-0.1242	-0.09011
1.285	-0.157	-0.08768
1.131	-0.249	-0.1272
1.039	-0.2159	-0.1459
0.8202	-0.211	-0.1567
0.7908	-0.1691	-0.07859
0.8456	-0.07504	0.03105
0.7464	-0.0993	0.0208
0.7613	-0.113	0.009352
0.6913	-0.06018	0.04663
0.5102	-0.01089	0.05803
0.606	-0.2369	-0.1741
0.5946	-0.2745	-0.1841
0.5397	-0.3842	-0.1749
0.5596	-0.4299	-0.156
0.7848	-0.396	-0.05548
1.396	-0.4169	0.03803
1.946	-0.4705	0.02983
1.957	-0.5474	0.02923
1.735	-0.5943	0.06383
1.539	-0.4722	0.1226
1.241	-0.2079	0.151
1.075	0.08256	0.07203
1.172	0.2525	0.01708
1.107	0.0748	0.07051
0.9618	-0.2148	0.1365
0.9136	-0.2251	0.1391
0.7626	-0.1713	0.0861
0.6986	-0.1726	0.02107
0.7426	-0.1276	-0.02594
0.7288	-0.09683	-0.07827
0.7335	-0.07855	-0.1726
0.7543	-0.196	-0.2021
0.7878	-0.4004	-0.1193
0.7551	-0.4495	-0.05651
0.6811	-0.413	-0.0651
0.723	-0.4011	-0.143
0.9339	-0.4256	-0.2222
1.321	-0.4681	-0.234
1.69	-0.5981	-0.2513
1.894	-0.74	-0.2379
1.772	-0.5321	-0.1049
1.39	-0.09511	0.02544
1.236	0.1904	0.006072
1.148	0.2263	-0.1008
1.014	0.06029	-0.1797
1.035	-0.09871	-0.2209
0.8858	-0.1895	-0.223
0.7324	-0.1877	-0.2194
0.7558	-0.08501	-0.2623
0.7154	-0.09079	-0.3221
0.7798	-0.1523	-0.353
0.9066	-0.2227	-0.3356
0.977	-0.3163	-0.3176
1.001	-0.2922	-0.3272
0.9645	-0.2894	-0.3214
0.9948	-0.3353	-0.3284
0.9711	-0.3735	-0.3338
0.8744	-0.4956	-0.2897
0.8234	-0.5504	-0.231
0.807	-0.509	-0.1265
0.837	-0.4689	-0.009552
0.8719	-0.401	-0.02475
1.101	-0.2704	-0.099
1.379	-0.1242	-0.09011
1.285	-0.157	-0.08768
1.131	-0.249	-0.1272
1.039	-0.2159	-0.1459
0.8202	-0.211	-0.1567
0.7908	-0.1691	-0.07859
0.8456	-0.07504	0.03105
0.7464	-0.0993	0.0208
0.7613	-0.113	0.009352
0.6913	-0.06018	0.04663
0.5102	-0.01089	0.05803
0.5079	0.08283	0.01537
0.4295	0.133	-0.09568
0.4112	0.0252	-0.2099
0.5432	-0.261	-0.3018
0.5776	-0.6459	-0.3664
0.7719	-0.8921	-0.3677
1.147	-0.9291	-0.3683
1.587	-0.7725	-0.4553
1.879	-0.4734	-0.5519
1.753	-0.3518	-0.526
1.523	-0.2893	-0.4024
1.276	0.01408	-0.2976
1.157	0.1424	-0.3157
1.233	-0.02056	-0.35
1.018	-0.1526	-0.2834
0.7872	-0.3277	-0.2576
0.8047	-0.4435	-0.2346
0.7987	-0.3586	-0.1803
0.827	-0.2402	-0.2075
0.7841	-0.08773	-0.1953
0.6697	-0.01208	-0.1486
0.5905	-0.1368	-0.1507
0.4958	-0.261	-0.1439
0.4604	-0.3671	-0.1527
0.4203	-0.4389	-0.1683
0.5239	-0.3586	-0.2102
0.8584	-0.3226	-0.2408
1.197	-0.3427	-0.07423
1.532	-0.3283	0.1853
1.739	-0.4167	0.2338
1.762	-0.5255	0.06996
1.672	-0.6017	-0.02782
1.484	-0.6228	0.02569
1.304	-0.3995	0.05242
1.134	-0.1252	0.02388
1.139	-0.1382	0.0006889
1.199	-0.2393	-0.03537
1.041	-0.1761	-0.01232
0.9249	-0.1375	0.0606
0.7844	-0.1129	0.06095
0.6358	-0.03845	0.05251
0.6603	-0.09012	0.07061
0.5788	-0.116	0.05817
0.5337	-0.1126	0.05439
0.6406	-0.1742	0.0199
0.7393	-0.1836	-0.05814
0.8912	-0.2702	-0.09954
0.9289	-0.3385	-0.106
0.8865	-0.3593	-0.13
0.9206	-0.557	-0.2235
0.9286	-0.6759	-0.2952
0.9776	-0.5484	-0.2623
1.117	-0.3835	-0.235
1.276	-0.3213	-0.2393
1.406	-0.3299	-0.1982
1.518	-0.2812	-0.1284
1.503	-0.1857	-0.08881
1.245	-0.1039	-0.02897
1.019	-0.04249	0.07583
0.9148	-0.08172	0.0727
0.8759	-0.2113	-0.05932
0.9407	-0.2238	-0.1942
0.9404	-0.1513	-0.279
0.9198	-0.1405	-0.2503
0.5079	0.08283	0.01537
0.4295	0.133	-0.09568
0.4112	0.0252	-0.2099
0.5432	-0.261	-0.3018
0.5776	-0.6459	-0.3664
0.7719	-0.8921	-0.3677
1.147	-0.9291	-0.3683
1.587	-0.7725	-0.4553
1.879	-0.4734	-0.5519
1.753	-0.3518	-0.526
1.523	-0.2893	-0.4024
1.276	0.01408	-0.2976
1.157	0.1424	-0.3157
1.233	-0.02056	-0.35
1.018	-0.1526	-0.2834
0.7872	-0.3277	-0.2576
0.8047	-0.4435	-0.2346
0.7987	-0.3586	-0.1803
0.827	-0.2402	-0.2075
0.7841	-0.08773	-0.1953
0.6697	-0.01208	-0.1486
0.5905	-0.1368	-0.1507
0.4958	-0.261	-0.1439
0.4604	-0.3671	-0.1527
0.4203	-0.4389	-0.1683
0.5239	-0.3586	-0.2102
0.8584	-0.3226	-0.2408
1.197	-0.3427	-0.07423
1.532	-0.3283	0.1853
1.739	-0.4167	0.2338
1.762	-0.5255	0.06996
1.672	-0.6017	-0.02782
1.484	-0.6228	0.02569
1.304	-0.3995	0.05242
1.134	-0.1252	0.02388
1.139	-0.1382	0.0006889
1.199	-0.2393	-0.03537
1.041	-0.1761	-0.01232
0.9249	-0.1375	0.0606
0.7844	-0.1129	0.06095
0.6358	-0.03845	0.05251
0.6603	-0.09012	0.07061
0.5788	-0.116	0.05817
0.5337	-0.1126	0.05439
0.6406	-0.1742	0.0199
0.7393	-0.1836	-0.05814
0.8912	-0.2702	-0.09954
0.9289	-0.3385	-0.106
0.8865	-0.3593	-0.13
0.9206	-0.557	-0.2235
0.9286	-0.6759	-0.2952
0.9776	-0.5484	-0.2623
1.117	-0.3835	-0.235
1.276	-0.3213	-0.2393
1.406	-0.3299	-0.1982
1.518	-0.2812	-0.1284
1.503	-0.1857	-0.08881
1.245	-0.1039	-0.02897
1.019	-0.04249	0.07583
0.9148	-0.08172	0.0727
0.8759	-0.2113	-0.05932
0.9407	-0.2238	-0.1942
0.9404	-0.1513	-0.279
0.9198	-0.1405	-0.2503
0.9256	-0.1125	-0.1513
0.8687	-0.1503	-0.06386
0.7815	-0.2244	0.01376
0.6433	-0.1886	-0.006313
0.6226	-0.1445	-0.06296
0.7052	-0.08343	-0.09693
0.6761	-0.04877	-0.2133
0.5724	-0.06663	-0.2337
0.3934	-0.1228	-0.1068
0.3608	-0.2972	-0.0231
0.7226	-0.3819	0.02762
1.285	-0.4006	0.05313
1.679	-0.4993	0.06605
1.679	-0.5063	0.004324
1.581	-0.5201	-0.08467
1.555	-0.5943	0.04853
1.351	-0.527	0.1588
1.107	-0.2004	0.02448
1.043	0.2199	-0.05064
1.148	0.2228	0.0105
1.253	0.01797	0.0472
1.107	0.07201	0.062
0.8683	-0.04886	0.08442
0.6772	-0.2464	0.0566
0.5613	-0.1449	-0.006791
0.6693	-0.1558	-0.09757
0.722	-0.2924	-0.2225
0.6227	-0.4584	-0.2457
0.6297	-0.7486	-0.2424
0.6857	-0.8548	-0.3386
0.8826	-0.714	-0.3961
1.306	-0.4438	-0.4179
1.635	-0.1473	-0.4108
1.607	-0.07931	-0.2665
1.329	-0.09372	-0.1169
1.161	0.05928	-0.1053
1.185	0.1186	-0.1096
1.177	-0.03628	-0.09133
1.06	-0.1604	-0.1528
0.9614	-0.211	-0.1718
0.9358	-0.1804	-0.153
0.911	-0.1502	-0.2013
0.8965	-0.2581	-0.1478
0.8651	-0.3343	-0.1029
0.7937	-0.3412	-0.1783
0.678	-0.2855	-0.1774
0.4388	-0.1429	-0.09857
0.1655	-0.01205	0.03387
-0.07046	0.1398	0.1219
-0.1663	0.199	0.08476
0.1267	0.04343	-0.03428
0.9425	-0.3589	-0.3181
1.795	-0.7893	-0.478
1.764	-0.6626	-0.2248
1.527	-0.3148	-0.006577
1.842	-0.3341	-0.0847
1.674	-0.3887	-0.006455
1.353	-0.3881	0.2271
1.327	-0.2025	0.1725
0.9951	0.2207	0.1039
0.9939	0.2649	0.1264
1.03	0.1242	-0.05552
0.796	0.04162	-0.1466
0.8147	-0.2486	-0.1265
0.9256	-0.1125	-0.1513
0.8687	-0.1503	-0.06386
0.7815	-0.2244	0.01376
0.6433	-0.1886	-0.006313
0.6226	-0.1445	-0.06296
0.7052	-0.08343	-0.09693
0.6761	-0.04877	-0.2133
0.5724	-0.06663	-0.2337
0.3934	-0.1228	-0.1068
0.3608	-0.2972	-0.0231
0.7226	-0.3819	0.02762
1.285	-0.4006	0.05313
1.679	-0.4993	0.06605
1.679	-0.5063	0.004324
1.581	-0.5201	-0.08467
1.555	-0.5943	0.04853
1.351	-0.527	0.1588
1.107	-0.2004	0.02448
1.043	0.2199	-0.05064
1.148	0.2228	0.0105
1.253	0.01797	0.0472
1.107	0.07201	0.062
0.8683	-0.04886	0.08442
0.6772	-0.2464	0.0566
0.5613	-0.1449	-0.006791
0.6693	-0.1558	-0.09757
0.722	-0.2924	-0.2225
0.6227	-0.4584	-0.2457
0.6297	-0.7486	-0.2424
0.6857	-0.8548	-0.3386
0.8826	-0.714	-0.3961
1.306	-0.4438	-0.4179
1.635	-0.1473	-0.4108
1.607	-0.07931	-0.2665
1.329	-0.09372	-0.1169
1.161	0.05928	-0.1053
1.185	0.1186	-0.1096
1.177	-0.03628	-0.09133
1.06	-0.1604	-0.1528
0.9614	-0.211	-0.1718
0.9358	-0.1804	-0.153
0.911	-0.1502	-0.2013
0.8965	-0.2581	-0.1478
0.8651	-0.3343	-0.1029
0.7937	-0.3412	-0.1783
0.678	-0.2855	-0.1774
0.4388	-0.1429	-0.09857
0.1655	-0.01205	0.03387
-0.07046	0.1398	0.1219
-0.1663	0.199	0.08476
0.1267	0.04343	-0.03428
0.9425	-0.3589	-0.3181
1.795	-0.7893	-0.478
1.764	-0.6626	-0.2248
1.527	-0.3148	-0.006577
1.842	-0.3341	-0.0847
1.674	-0.3887	-0.006455
1.353	-0.3881	0.2271
1.327	-0.2025	0.1725
0.9951	0.2207	0.1039
0.9939	0.2649	0.1264
1.03	0.1242	-0.05552
0.796	0.04162	-0.1466
0.8147	-0.2486	-0.1265
0.5583	-0.3699	-0.1905
0.3766	-0.3789	-0.2045
0.3132	-0.5659	-0.2713
0.1887	-0.7166	-0.3957
0.8539	-0.8725	-0.4874
1.665	-0.9293	-0.5382
1.867	-0.6772	-0.4788
1.654	-0.3401	-0.3922
1.428	-0.1667	-0.2684
1.445	0.006482	-0.1384
1.371	0.1948	-0.1539
1.373	-0.03832	-0.2363
1.218	-0.4258	-0.2834
0.8531	-0.4803	-0.229
0.8852	-0.3936	-0.1354
0.8646	-0.2433	-0.1456
0.8293	-0.112	-0.1842
0.9431	-0.07851	-0.2196
0.8478	-0.06697	-0.2463
0.8058	-0.1371	-0.1737
0.772	-0.1742	-0.08687
0.754	-0.1743	-0.08378
0.8934	-0.1887	-0.1163
1.015	-0.1392	-0.1522
1.095	-0.1271	-0.1969
0.9998	-0.14	-0.217
0.8222	-0.1518	-0.1716
0.702	-0.1548	-0.1122
0.5782	-0.1189	-0.1008
0.5608	-0.1287	-0.1141
0.5399	-0.1513	-0.1213
0.4886	-0.2168	-0.1243
0.592	-0.3325	-0.1601
0.8258	-0.4394	-0.2253
1.116	-0.5332	-0.2314
1.44	-0.5402	-0.1482
1.852	-0.5597	-0.07662
2.072	-0.5408	-0.1037
1.92	-0.391	-0.1529
1.87	-0.2847	-0.1774
1.721	-0.1239	-0.2742
1.281	0.01818	-0.4103
1.031	-0.05561	-0.4551
0.6765	-0.1535	-0.3757
0.2915	-0.2841	-0.2695
0.304	-0.392	-0.2535
0.3018	-0.3321	-0.2479
0.2625	-0.3374	-0.2089
0.311	-0.3875	-0.2298
0.5031	-0.4177	-0.2823
1.038	-0.5961	-0.3274
1.425	-0.7119	-0.3319
1.341	-0.6389	-0.2632
1.254	-0.5819	-0.184
1.292	-0.4673	-0.1484
1.145	-0.1914	-0.1916
1.113	0.02012	-0.2516
1.215	0.02058	-0.2591
0.9658	-0.02198	-0.2924
0.8281	-0.03838	-0.348
0.9048	-0.1648	-0.3753
0.8825	-0.3365	-0.3866
0.9562	-0.3872	-0.3482
0.9371	-0.3546	-0.2699
