0.9662	-0.1368	0.1739
0.9854	-0.1503	0.177
1.006	-0.1399	0.1602
1.016	-0.1472	0.1611
1.028	-0.1507	0.1648
0.9933	-0.1329	0.1792
0.9426	-0.1329	0.2098
0.9404	-0.1335	0.2125
0.9236	-0.1314	0.202
0.8997	-0.1309	0.1941
0.901	-0.1167	0.1908
0.9041	-0.1029	0.1949
0.9344	-0.08121	0.1939
0.9983	-0.05963	0.2005
1.057	-0.04653	0.2108
1.07	-0.02181	0.2223
1.088	-0.01812	0.2342
1.186	-0.07352	0.222
1.359	-0.2201	0.1815
1.594	-0.4001	0.136
1.77	-0.4391	0.1305
1.731	-0.3909	0.155
1.386	-0.4391	0.1757
0.9053	-0.5507	0.1949
0.7697	-0.6958	0.1588
0.9261	-0.8088	0.08005
0.9031	-0.7562	0.04314
0.8253	-0.6678	0.01356
0.8298	-0.5909	-0.01149
0.7541	-0.4752	-0.00484
0.7839	-0.4283	-0.03355
0.9153	-0.3522	-0.08107
0.9449	-0.2248	-0.09958
0.9375	-0.1288	-0.1011
0.8497	-0.0121	-0.08017
0.7469	-0.0374	-0.05653
0.7278	-0.1733	-0.03464
0.7165	-0.2382	-0.02515
0.795	-0.3122	-0.05382
0.8983	-0.3393	-0.07669
0.8985	-0.3092	-0.07463
0.8611	-0.2877	-0.05928
0.8386	-0.234	-0.04325
0.8496	-0.2131	-0.04671
0.8616	-0.2035	-0.04788
0.8885	-0.1696	-0.03453
0.9136	-0.134	0.0005846
0.9009	-0.06577	0.04846
0.9223	-0.02389	0.06238
1.009	-0.03603	0.07379
1.211	-0.1219	0.1315
1.476	-0.2988	0.1471
1.677	-0.4234	0.02202
1.811	-0.4334	-0.1404
1.79	-0.4536	-0.1813
1.569	-0.542	-0.1507
1.246	-0.6424	-0.1533
0.9563	-0.734	-0.142
0.8697	-0.6873	-0.08892
0.9098	-0.4104	-0.03608
0.9278	-0.1382	0.01694
0.9609	-0.02355	0.04803
0.96	-0.03706	0.06296
0.931	-0.1009	0.07347
0.9422	-0.1277	0.03659
0.8905	-0.1512	0.007364
0.7721	-0.1648	0.01351
0.673	-0.201	0.01547
0.64	-0.2285	0.0461
0.6632	-0.1869	0.0983
0.662	-0.1935	0.1275
0.6843	-0.1582	0.1092
0.7052	-0.08822	0.08839
0.6618	-0.1048	0.1079
0.6604	-0.1137	0.1062
0.6881	-0.1714	0.1111
0.7287	-0.2633	0.1466
0.809	-0.3145	0.1588
0.914	-0.3383	0.1651
1.079	-0.2954	0.1406
1.249	-0.2472	0.1002
1.44	-0.193	0.09482
1.639	-0.1964	0.05634
1.708	-0.3479	-0.005491
1.72	-0.4844	-0.01272
1.681	-0.5298	0.0174
1.417	-0.5253	0.07443
1.038	-0.4716	0.1291
0.8568	-0.3728	0.08364
0.8267	-0.3275	0.007513
0.725	-0.3885	0.01216
0.7312	-0.4561	0.002779
0.8829	-0.5387	-0.03323
0.9339	-0.5244	-0.05786
0.9186	-0.3552	-0.08953
0.8522	-0.2373	-0.05828
0.7667	-0.1329	-0.02609
0.7487	-0.05485	-0.04075
0.7477	-0.07682	-0.02636
0.7786	-0.1143	-0.04813
0.7754	-0.1702	-0.08593
0.7566	-0.1854	-0.06692
0.7731	-0.1989	-0.05941
0.7585	-0.2173	-0.06869
0.8066	-0.1636	-0.07389
0.8697	-0.1626	-0.08988
0.8831	-0.1706	-0.09264
0.8808	-0.1365	-0.07464
0.8346	-0.09499	-0.04799
0.8405	-0.03402	-0.01831
0.9215	-0.07961	-0.01416
1.098	-0.1651	-0.02206
1.324	-0.1998	-0.003163
1.449	-0.2413	0.01911
1.53	-0.236	0.03635
1.574	-0.2239	0.007289
1.61	-0.2694	-0.0832
1.639	-0.4389	-0.1446
1.494	-0.7101	-0.2026
1.206	-0.7797	-0.2316
0.9161	-0.6607	-0.13
0.7669	-0.5385	-0.001756
0.7862	-0.2894	0.05543
0.8417	-0.09325	0.04617
0.9093	-0.1496	0.01853
1.001	-0.2032	0.0004325
1.078	-0.2311	-0.04644
1.056	-0.2565	-0.0598
0.9422	-0.1277	0.03659
0.8905	-0.1512	0.007364
0.7721	-0.1648	0.01351
0.673	-0.201	0.01547
0.64	-0.2285	0.0461
0.6632	-0.1869	0.0983
0.662	-0.1935	0.1275
0.6843	-0.1582	0.1092
0.7052	-0.08822	0.08839
0.6618	-0.1048	0.1079
0.6604	-0.1137	0.1062
0.6881	-0.1714	0.1111
0.7287	-0.2633	0.1466
0.809	-0.3145	0.1588
0.914	-0.3383	0.1651
1.079	-0.2954	0.1406
1.249	-0.2472	0.1002
1.44	-0.193	0.09482
1.639	-0.1964	0.05634
1.708	-0.3479	-0.005491
1.72	-0.4844	-0.01272
1.681	-0.5298	0.0174
1.417	-0.5253	0.07443
1.038	-0.4716	0.1291
0.8568	-0.3728	0.08364
0.8267	-0.3275	0.007513
0.725	-0.3885	0.01216
0.7312	-0.4561	0.002779
0.8829	-0.5387	-0.03323
0.9339	-0.5244	-0.05786
0.9186	-0.3552	-0.08953
0.8522	-0.2373	-0.05828
0.7667	-0.1329	-0.02609
0.7487	-0.05485	-0.04075
0.7477	-0.07682	-0.02636
0.7786	-0.1143	-0.04813
0.7754	-0.1702	-0.08593
0.7566	-0.1854	-0.06692
0.7731	-0.1989	-0.05941
0.7585	-0.2173	-0.06869
0.8066	-0.1636	-0.07389
0.8697	-0.1626	-0.08988
0.8831	-0.1706	-0.09264
0.8808	-0.1365	-0.07464
0.8346	-0.09499	-0.04799
0.8405	-0.03402	-0.01831
0.9215	-0.07961	-0.01416
1.098	-0.1651	-0.02206
1.324	-0.1998	-0.003163
1.449	-0.2413	0.01911
1.53	-0.236	0.03635
1.574	-0.2239	0.007289
1.61	-0.2694	-0.0832
1.639	-0.4389	-0.1446
1.494	-0.7101	-0.2026
1.206	-0.7797	-0.2316
0.9161	-0.6607	-0.13
0.7669	-0.5385	-0.001756
0.7862	-0.2894	0.05543
0.8417	-0.09325	0.04617
0.9093	-0.1496	0.01853
1.001	-0.2032	0.0004325
1.078	-0.2311	-0.04644
1.056	-0.2565	-0.0598
0.9144	-0.1984	-0.04382
0.7817	-0.2083	-0.05287
0.6961	-0.2438	-0.02166
0.6395	-0.2571	0.01369
0.6163	-0.2875	0.03501
0.6364	-0.2291	0.0821
0.6856	-0.1659	0.09526
0.704	-0.1313	0.08308
0.7029	-0.1066	0.08548
0.6811	-0.1347	0.0898
0.6629	-0.1428	0.09705
0.7258	-0.2112	0.1131
0.8788	-0.3407	0.1308
1.15	-0.4173	0.1261
1.413	-0.4459	0.1211
1.486	-0.3826	0.1248
1.455	-0.2707	0.0975
1.479	-0.1874	0.06722
1.589	-0.1965	0.06142
1.63	-0.3294	0.05211
1.422	-0.4722	0.037
1.101	-0.5555	0.03945
0.9502	-0.5206	0.04346
0.9009	-0.4597	0.01269
0.7815	-0.4889	-0.02547
0.768	-0.4867	-0.04028
0.8448	-0.4949	-0.04728
0.8583	-0.4924	-0.06808
0.8881	-0.3872	-0.0943
0.8498	-0.2984	-0.07137
0.7653	-0.1738	-0.0282
0.7522	-0.06009	-0.03118
0.7248	-0.08263	-0.04657
0.6828	-0.1168	-0.06533
0.6271	-0.1485	-0.08849
0.6185	-0.2082	-0.08866
0.6953	-0.2386	-0.09152
0.7818	-0.2255	-0.1008
0.9048	-0.2079	-0.09956
0.9544	-0.1768	-0.09418
0.9169	-0.08449	-0.08409
0.9383	-0.01956	-0.07238
0.9596	-0.009156	-0.04549
0.9845	0.01135	-0.01072
1.048	0.00324	-0.01176
1.225	-0.08239	-0.02485
1.585	-0.204	-0.01209
1.765	-0.2534	-0.01059
1.63	-0.2601	-0.03002
1.551	-0.3202	-0.05854
1.523	-0.4322	-0.1204
1.381	-0.6068	-0.1825
1.21	-0.7648	-0.1954
0.9884	-0.7688	-0.159
0.8944	-0.6853	-0.09245
1.025	-0.606	-0.0478
1.03	-0.4726	-0.04026
0.9101	-0.3488	-0.01961
0.814	-0.3022	0.01553
0.7374	-0.2598	0.009945
0.7619	-0.2254	-0.01048
0.762	-0.1728	-0.002146
0.7076	-0.1269	-0.008477
0.688	-0.1422	0.009734
0.9144	-0.1984	-0.04382
0.7817	-0.2083	-0.05287
0.6961	-0.2438	-0.02166
0.6395	-0.2571	0.01369
0.6163	-0.2875	0.03501
0.6364	-0.2291	0.0821
0.6856	-0.1659	0.09526
0.704	-0.1313	0.08308
0.7029	-0.1066	0.08548
0.6811	-0.1347	0.0898
0.6629	-0.1428	0.09705
0.7258	-0.2112	0.1131
0.8788	-0.3407	0.1308
1.15	-0.4173	0.1261
1.413	-0.4459	0.1211
1.486	-0.3826	0.1248
1.455	-0.2707	0.0975
1.479	-0.1874	0.06722
1.589	-0.1965	0.06142
1.63	-0.3294	0.05211
1.422	-0.4722	0.037
1.101	-0.5555	0.03945
0.9502	-0.5206	0.04346
0.9009	-0.4597	0.01269
0.7815	-0.4889	-0.02547
0.768	-0.4867	-0.04028
0.8448	-0.4949	-0.04728
0.8583	-0.4924	-0.06808
0.8881	-0.3872	-0.0943
0.8498	-0.2984	-0.07137
0.7653	-0.1738	-0.0282
0.7522	-0.06009	-0.03118
0.7248	-0.08263	-0.04657
0.6828	-0.1168	-0.06533
0.6271	-0.1485	-0.08849
0.6185	-0.2082	-0.08866
0.6953	-0.2386	-0.09152
0.7818	-0.2255	-0.1008
0.9048	-0.2079	-0.09956
0.9544	-0.1768	-0.09418
0.9169	-0.08449	-0.08409
0.9383	-0.01956	-0.07238
0.9596	-0.009156	-0.04549
0.9845	0.01135	-0.01072
1.048	0.00324	-0.01176
1.225	-0.08239	-0.02485
1.585	-0.204	-0.01209
1.765	-0.2534	-0.01059
1.63	-0.2601	-0.03002
1.551	-0.3202	-0.05854
1.523	-0.4322	-0.1204
1.381	-0.6068	-0.1825
1.21	-0.7648	-0.1954
0.9884	-0.7688	-0.159
0.8944	-0.6853	-0.09245
1.025	-0.606	-0.0478
1.03	-0.4726	-0.04026
0.9101	-0.3488	-0.01961
0.814	-0.3022	0.01553
0.7374	-0.2598	0.009945
0.7619	-0.2254	-0.01048
0.762	-0.1728	-0.002146
0.7076	-0.1269	-0.008477
0.688	-0.1422	0.009734
0.6666	-0.1454	0.06462
0.6939	-0.159	0.07255
0.7142	-0.1756	0.0755
0.7147	-0.1674	0.08228
0.7341	-0.1834	0.06539
0.703	-0.1901	0.06817
0.7031	-0.197	0.07616
0.7622	-0.2225	0.0904
0.8522	-0.2491	0.1026
1.003	-0.2834	0.09296
1.173	-0.314	0.09577
1.301	-0.3422	0.09834
1.333	-0.3559	0.08395
1.378	-0.4032	0.03973
1.509	-0.5024	-0.01572
1.606	-0.5359	-0.01289
1.571	-0.476	0.01275
1.284	-0.3839	0.05178
0.8906	-0.3485	0.1207
0.7121	-0.4351	0.09573
0.7208	-0.5717	0.03225
0.8009	-0.6733	0.03789
0.943	-0.6939	-0.03274
1.011	-0.613	-0.1202
0.89	-0.4952	-0.1017
0.7431	-0.398	-0.09096
0.6942	-0.2754	-0.0848
0.6914	-0.138	-0.09816
0.7874	-0.1124	-0.1443
0.941	-0.1859	-0.1471
0.9925	-0.2438	-0.1676
0.9079	-0.2526	-0.1631
0.7759	-0.2368	-0.1047
0.7054	-0.2337	-0.08107
0.7004	-0.215	-0.05364
0.7576	-0.1848	-0.04855
0.8414	-0.1921	-0.07272
0.8806	-0.1928	-0.06462
0.8684	-0.1599	-0.06227
0.8032	-0.1024	-0.05829
0.7841	-0.04228	-0.05752
0.9093	-0.04287	-0.08335
1.16	-0.09634	-0.1034
1.397	-0.1529	-0.1067
1.459	-0.2127	-0.05927
1.479	-0.2883	0.002022
1.562	-0.3248	-0.002251
1.592	-0.2612	-0.0333
1.567	-0.2241	-0.07152
1.526	-0.3773	-0.1136
1.414	-0.6551	-0.1017
1.184	-0.8545	-0.05453
0.949	-0.8228	0.000912
0.7886	-0.6103	0.07799
0.6457	-0.3779	0.101
0.5983	-0.2184	0.0664
0.6962	-0.2105	0.05405
0.8656	-0.2787	0.006697
1.014	-0.2971	-0.06146
1.025	-0.3066	-0.07946
0.9387	-0.3001	-0.09662
0.7866	-0.3015	-0.07545
0.5828	-0.3358	-0.005912
0.5644	-0.3279	0.04086
0.6666	-0.1454	0.06462
0.6939	-0.159	0.07255
0.7142	-0.1756	0.0755
0.7147	-0.1674	0.08228
0.7341	-0.1834	0.06539
0.703	-0.1901	0.06817
0.7031	-0.197	0.07616
0.7622	-0.2225	0.0904
0.8522	-0.2491	0.1026
1.003	-0.2834	0.09296
1.173	-0.314	0.09577
1.301	-0.3422	0.09834
1.333	-0.3559	0.08395
1.378	-0.4032	0.03973
1.509	-0.5024	-0.01572
1.606	-0.5359	-0.01289
1.571	-0.476	0.01275
1.284	-0.3839	0.05178
0.8906	-0.3485	0.1207
0.7121	-0.4351	0.09573
0.7208	-0.5717	0.03225
0.8009	-0.6733	0.03789
0.943	-0.6939	-0.03274
1.011	-0.613	-0.1202
0.89	-0.4952	-0.1017
0.7431	-0.398	-0.09096
0.6942	-0.2754	-0.0848
0.6914	-0.138	-0.09816
0.7874	-0.1124	-0.1443
0.941	-0.1859	-0.1471
0.9925	-0.2438	-0.1676
0.9079	-0.2526	-0.1631
0.7759	-0.2368	-0.1047
0.7054	-0.2337	-0.08107
0.7004	-0.215	-0.05364
0.7576	-0.1848	-0.04855
0.8414	-0.1921	-0.07272
0.8806	-0.1928	-0.06462
0.8684	-0.1599	-0.06227
0.8032	-0.1024	-0.05829
0.7841	-0.04228	-0.05752
0.9093	-0.04287	-0.08335
1.16	-0.09634	-0.1034
1.397	-0.1529	-0.1067
1.459	-0.2127	-0.05927
1.479	-0.2883	0.002022
1.562	-0.3248	-0.002251
1.592	-0.2612	-0.0333
1.567	-0.2241	-0.07152
1.526	-0.3773	-0.1136
1.414	-0.6551	-0.1017
1.184	-0.8545	-0.05453
0.949	-0.8228	0.000912
0.7886	-0.6103	0.07799
0.6457	-0.3779	0.101
0.5983	-0.2184	0.0664
0.6962	-0.2105	0.05405
0.8656	-0.2787	0.006697
1.014	-0.2971	-0.06146
1.025	-0.3066	-0.07946
0.9387	-0.3001	-0.09662
0.7866	-0.3015	-0.07545
0.5828	-0.3358	-0.005912
0.5644	-0.3279	0.04086
0.6564	-0.276	0.08307
0.6296	-0.1661	0.09321
0.7103	-0.065	0.07099
0.8482	-0.03511	0.07313
0.8265	-0.01976	0.06575
0.8164	-0.05865	0.06772
0.7783	-0.1315	0.1192
0.7385	-0.2151	0.1801
0.8372	-0.3249	0.2181
0.9816	-0.3962	0.2057
1.161	-0.4363	0.1838
1.234	-0.4004	0.1887
1.257	-0.2962	0.1766
1.396	-0.2334	0.1701
1.5	-0.1978	0.151
1.698	-0.2327	0.1012
1.84	-0.3163	0.09752
1.518	-0.3841	0.1064
1.035	-0.523	0.1113
0.7811	-0.6118	0.1305
0.7881	-0.582	0.07829
0.9124	-0.5865	-0.01967
0.9933	-0.5536	-0.08343
1.045	-0.4739	-0.1292
1.044	-0.4304	-0.1491
0.9512	-0.3671	-0.123
0.8178	-0.3046	-0.07863
0.7131	-0.2243	-0.05601
0.7081	-0.1385	-0.07076
0.7355	-0.1208	-0.1085
0.7443	-0.1144	-0.1394
0.7665	-0.1281	-0.1372
0.7552	-0.1894	-0.1019
0.7215	-0.2732	-0.06395
0.7052	-0.3316	-0.04908
0.7021	-0.3097	-0.04261
0.7367	-0.2826	-0.03715
0.7899	-0.2406	-0.04046
0.871	-0.0944	-0.03296
0.9749	0.08419	-0.009029
0.9761	0.1388	0.01263
0.9691	0.03692	0.03371
1.16	-0.09445	0.07475
1.363	-0.2283	0.1021
1.447	-0.2908	0.05727
1.611	-0.2635	-0.002998
1.721	-0.3166	-0.02361
1.62	-0.3591	-0.07314
1.569	-0.4815	-0.1829
1.464	-0.7244	-0.2658
1.124	-0.7846	-0.2522
0.9058	-0.8261	-0.2126
0.9005	-0.7943	-0.1664
0.8914	-0.5603	-0.06639
0.8543	-0.4506	-0.03539
0.841	-0.2992	-0.04969
0.8553	-0.08906	0.009892
0.8792	-0.1256	0.01178
0.9353	-0.2046	-0.007751
0.9113	-0.1855	0.0473
0.8202	-0.2258	0.05446
0.813	-0.2802	0.0421
0.7557	-0.208	0.05265
0.6909	-0.1475	0.0421
0.6564	-0.276	0.08307
0.6296	-0.1661	0.09321
0.7103	-0.065	0.07099
0.8482	-0.03511	0.07313
0.8265	-0.01976	0.06575
0.8164	-0.05865	0.06772
0.7783	-0.1315	0.1192
0.7385	-0.2151	0.1801
0.8372	-0.3249	0.2181
0.9816	-0.3962	0.2057
1.161	-0.4363	0.1838
1.234	-0.4004	0.1887
1.257	-0.2962	0.1766
1.396	-0.2334	0.1701
1.5	-0.1978	0.151
1.698	-0.2327	0.1012
1.84	-0.3163	0.09752
1.518	-0.3841	0.1064
1.035	-0.523	0.1113
0.7811	-0.6118	0.1305
0.7881	-0.582	0.07829
0.9124	-0.5865	-0.01967
0.9933	-0.5536	-0.08343
1.045	-0.4739	-0.1292
1.044	-0.4304	-0.1491
0.9512	-0.3671	-0.123
0.8178	-0.3046	-0.07863
0.7131	-0.2243	-0.05601
0.7081	-0.1385	-0.07076
0.7355	-0.1208	-0.1085
0.7443	-0.1144	-0.1394
0.7665	-0.1281	-0.1372
0.7552	-0.1894	-0.1019
0.7215	-0.2732	-0.06395
0.7052	-0.3316	-0.04908
0.7021	-0.3097	-0.04261
0.7367	-0.2826	-0.03715
0.7899	-0.2406	-0.04046
0.871	-0.0944	-0.03296
0.9749	0.08419	-0.009029
0.9761	0.1388	0.01263
0.9691	0.03692	0.03371
1.16	-0.09445	0.07475
1.363	-0.2283	0.1021
1.447	-0.2908	0.05727
1.611	-0.2635	-0.002998
1.721	-0.3166	-0.02361
1.62	-0.3591	-0.07314
1.569	-0.4815	-0.1829
1.464	-0.7244	-0.2658
1.124	-0.7846	-0.2522
0.9058	-0.8261	-0.2126
0.9005	-0.7943	-0.1664
0.8914	-0.5603	-0.06639
0.8543	-0.4506	-0.03539
0.841	-0.2992	-0.04969
0.8553	-0.08906	0.009892
0.8792	-0.1256	0.01178
0.9353	-0.2046	-0.007751
0.9113	-0.1855	0.0473
0.8202	-0.2258	0.05446
0.813	-0.2802	0.0421
0.7557	-0.208	0.05265
0.6909	-0.1475	0.0421
0.6795	-0.1185	0.04833
0.6256	-0.05681	0.07374
0.6236	-0.09584	0.1092
0.6247	-0.1469	0.1269
0.6474	-0.195	0.1168
0.7491	-0.247	0.1302
0.8298	-0.2115	0.1366
0.9422	-0.2275	0.1213
1.098	-0.2433	0.09911
1.288	-0.2285	0.0641
1.422	-0.2514	0.05175
1.446	-0.2382	0.01858
1.563	-0.2684	-0.04527
1.702	-0.3312	-0.06317
1.731	-0.3558	-0.0508
1.586	-0.3393	0.04844
1.172	-0.3063	0.2141
0.8061	-0.389	0.2061
0.7442	-0.5037	0.08773
0.8602	-0.5593	0.01839
0.9857	-0.5948	-0.06449
1.055	-0.5203	-0.06395
1.104	-0.3653	-0.03299
1.005	-0.2337	-0.08574
0.8108	-0.17	-0.03826
0.7559	-0.1757	0.03198
0.7377	-0.1455	0.02784
0.7233	-0.04987	0.02352
0.7149	0.04452	-0.03497
0.6832	0.05466	-0.0549
0.7154	-0.00466	-0.06132
0.7324	-0.04437	-0.12
0.7629	-0.1211	-0.103
0.877	-0.2134	-0.09006
0.9979	-0.2927	-0.1014
1.047	-0.37	-0.07498
0.9231	-0.2623	-0.05741
0.7922	-0.08015	-0.0106
0.7962	-0.01887	0.01775
0.8702	0.009541	-0.02656
1.006	0.0006296	-0.07112
1.09	-0.01263	-0.08844
1.181	-0.08876	-0.09728
1.33	-0.2173	-0.09242
1.374	-0.21	-0.03962
1.447	-0.2034	0.01103
1.614	-0.2482	-0.04138
1.765	-0.3546	-0.1682
1.872	-0.5423	-0.2418
1.691	-0.6248	-0.2083
1.261	-0.7003	-0.1464
0.9225	-0.6805	-0.09197
0.6889	-0.4499	-0.002053
0.6203	-0.3292	0.0491
0.7248	-0.2908	0.01736
0.7794	-0.2506	-7.648e-05
0.8612	-0.2394	-0.01926
0.9565	-0.136	-0.05889
0.9385	-0.07707	-0.0817
0.9172	-0.07882	-0.1055
0.822	-0.04882	-0.05129
0.6648	-0.08995	0.0442
0.5968	-0.1348	0.06855
0.5894	-0.1738	0.09435
0.6795	-0.1185	0.04833
0.6256	-0.05681	0.07374
0.6236	-0.09584	0.1092
0.6247	-0.1469	0.1269
0.6474	-0.195	0.1168
0.7491	-0.247	0.1302
0.8298	-0.2115	0.1366
0.9422	-0.2275	0.1213
1.098	-0.2433	0.09911
1.288	-0.2285	0.0641
1.422	-0.2514	0.05175
1.446	-0.2382	0.01858
1.563	-0.2684	-0.04527
1.702	-0.3312	-0.06317
1.731	-0.3558	-0.0508
1.586	-0.3393	0.04844
1.172	-0.3063	0.2141
0.8061	-0.389	0.2061
0.7442	-0.5037	0.08773
0.8602	-0.5593	0.01839
0.9857	-0.5948	-0.06449
1.055	-0.5203	-0.06395
1.104	-0.3653	-0.03299
1.005	-0.2337	-0.08574
0.8108	-0.17	-0.03826
0.7559	-0.1757	0.03198
0.7377	-0.1455	0.02784
0.7233	-0.04987	0.02352
0.7149	0.04452	-0.03497
0.6832	0.05466	-0.0549
0.7154	-0.00466	-0.06132
0.7324	-0.04437	-0.12
0.7629	-0.1211	-0.103
0.877	-0.2134	-0.09006
0.9979	-0.2927	-0.1014
1.047	-0.37	-0.07498
0.9231	-0.2623	-0.05741
0.7922	-0.08015	-0.0106
0.7962	-0.01887	0.01775
0.8702	0.009541	-0.02656
1.006	0.0006296	-0.07112
1.09	-0.01263	-0.08844
1.181	-0.08876	-0.09728
1.33	-0.2173	-0.09242
1.374	-0.21	-0.03962
1.447	-0.2034	0.01103
1.614	-0.2482	-0.04138
1.765	-0.3546	-0.1682
1.872	-0.5423	-0.2418
1.691	-0.6248	-0.2083
1.261	-0.7003	-0.1464
0.9225	-0.6805	-0.09197
0.6889	-0.4499	-0.002053
0.6203	-0.3292	0.0491
0.7248	-0.2908	0.01736
0.7794	-0.2506	-7.648e-05
0.8612	-0.2394	-0.01926
0.9565	-0.136	-0.05889
0.9385	-0.07707	-0.0817
0.9172	-0.07882	-0.1055
0.822	-0.04882	-0.05129
0.6648	-0.08995	0.0442
0.5968	-0.1348	0.06855
0.5894	-0.1738	0.09435
0.6251	-0.2059	0.1184
0.6377	-0.1623	0.1126
0.6386	-0.1617	0.1073
0.713	-0.175	0.0863
0.8154	-0.1723	0.06995
0.8985	-0.2153	0.07576
0.9536	-0.2497	0.09535
1.044	-0.2828	0.09947
1.15	-0.258	0.08629
1.251	-0.1742	0.07708
1.386	-0.1284	0.04358
1.449	-0.1173	-0.01325
1.544	-0.2292	-0.05763
1.736	-0.4497	-0.03994
1.747	-0.6199	0.02346
1.449	-0.6908	0.1001
0.9366	-0.6329	0.1824
0.5462	-0.5241	0.1513
0.5184	-0.4473	0.06997
0.6773	-0.3885	0.0361
0.9541	-0.4328	-0.07776
1.226	-0.5187	-0.1765
1.197	-0.5209	-0.1727
0.9526	-0.5101	-0.1186
0.7635	-0.4282	-0.01424
0.6966	-0.2641	-0.02168
0.7295	-0.1607	-0.1074
0.7833	-0.09507	-0.1371
0.8072	-0.07648	-0.1844
0.8387	-0.1171	-0.1949
0.8234	-0.167	-0.1735
0.8009	-0.2824	-0.1637
0.8373	-0.3883	-0.1349
0.8381	-0.3598	-0.1415
0.8726	-0.2709	-0.1356
0.9287	-0.1797	-0.1209
0.9281	-0.06695	-0.1409
0.9551	0.0201	-0.1341
0.9334	0.0358	-0.1034
0.8658	-0.001831	-0.04466
0.8475	-0.05046	0.004645
0.8819	-0.08327	0.009552
1.03	-0.1543	-0.001372
1.22	-0.2566	-0.02565
1.332	-0.2862	-0.01655
1.435	-0.2597	-0.01374
1.579	-0.2089	-0.05618
1.627	-0.1255	-0.07712
1.556	-0.1513	-0.08727
1.519	-0.4073	-0.1135
1.459	-0.7428	-0.1705
1.258	-0.8856	-0.2065
0.9762	-0.7905	-0.1512
0.7744	-0.6546	-0.06859
0.7191	-0.4955	-0.002715
0.72	-0.313	0.01261
0.7585	-0.2829	-0.01962
0.819	-0.2698	-0.02161
0.8896	-0.2181	-0.03714
0.9406	-0.255	-0.0653
0.8509	-0.243	-0.03869
0.7163	-0.2626	-0.009527
0.6557	-0.3244	0.01601
0.6549	-0.2746	0.06726
0.6251	-0.2059	0.1184
0.6377	-0.1623	0.1126
0.6386	-0.1617	0.1073
0.713	-0.175	0.0863
0.8154	-0.1723	0.06995
0.8985	-0.2153	0.07576
0.9536	-0.2497	0.09535
1.044	-0.2828	0.09947
1.15	-0.258	0.08629
1.251	-0.1742	0.07708
1.386	-0.1284	0.04358
1.449	-0.1173	-0.01325
1.544	-0.2292	-0.05763
1.736	-0.4497	-0.03994
1.747	-0.6199	0.02346
1.449	-0.6908	0.1001
0.9366	-0.6329	0.1824
0.5462	-0.5241	0.1513
0.5184	-0.4473	0.06997
0.6773	-0.3885	0.0361
0.9541	-0.4328	-0.07776
1.226	-0.5187	-0.1765
1.197	-0.5209	-0.1727
0.9526	-0.5101	-0.1186
0.7635	-0.4282	-0.01424
0.6966	-0.2641	-0.02168
0.7295	-0.1607	-0.1074
0.7833	-0.09507	-0.1371
0.8072	-0.07648	-0.1844
0.8387	-0.1171	-0.1949
0.8234	-0.167	-0.1735
0.8009	-0.2824	-0.1637
0.8373	-0.3883	-0.1349
0.8381	-0.3598	-0.1415
0.8726	-0.2709	-0.1356
0.9287	-0.1797	-0.1209
0.9281	-0.06695	-0.1409
0.9551	0.0201	-0.1341
0.9334	0.0358	-0.1034
0.8658	-0.001831	-0.04466
0.8475	-0.05046	0.004645
0.8819	-0.08327	0.009552
1.03	-0.1543	-0.001372
1.22	-0.2566	-0.02565
1.332	-0.2862	-0.01655
1.435	-0.2597	-0.01374
1.579	-0.2089	-0.05618
1.627	-0.1255	-0.07712
1.556	-0.1513	-0.08727
1.519	-0.4073	-0.1135
1.459	-0.7428	-0.1705
1.258	-0.8856	-0.2065
0.9762	-0.7905	-0.1512
0.7744	-0.6546	-0.06859
0.7191	-0.4955	-0.002715
0.72	-0.313	0.01261
0.7585	-0.2829	-0.01962
0.819	-0.2698	-0.02161
0.8896	-0.2181	-0.03714
0.9406	-0.255	-0.0653
0.8509	-0.243	-0.03869
0.7163	-0.2626	-0.009527
0.6557	-0.3244	0.01601
0.6549	-0.2746	0.06726
0.7013	-0.2409	0.1037
0.7166	-0.1868	0.1052
0.7204	-0.1151	0.09611
0.7468	-0.1215	0.1024
0.7754	-0.1378	0.1112
0.8331	-0.2156	0.1149
0.91	-0.3345	0.1217
1.02	-0.3971	0.12
1.121	-0.382	0.1245
1.183	-0.3007	0.1363
1.298	-0.2023	0.1285
1.48	-0.1582	0.09241
1.703	-0.3061	0.03879
1.77	-0.5702	0.03071
1.453	-0.7626	0.08027
1.034	-0.8356	0.1181
0.8898	-0.7379	0.129
0.8978	-0.5943	0.1029
0.825	-0.4207	0.01656
0.7512	-0.1747	-0.07079
0.7924	-0.2264	-0.07924
0.8846	-0.4696	-0.08023
0.9416	-0.489	-0.1458
0.903	-0.4731	-0.1312
0.7663	-0.4015	-0.04309
0.6385	-0.198	-0.01631
0.6315	-0.1296	-0.001019
0.7129	-0.1084	-0.02501
0.7693	-0.07056	-0.07765
0.8109	-0.08804	-0.09741
0.841	-0.1272	-0.1308
0.8229	-0.1919	-0.1185
0.8251	-0.2244	-0.09761
0.84	-0.2692	-0.09988
0.8501	-0.2845	-0.06916
0.8842	-0.2415	-0.07501
0.8763	-0.2094	-0.08235
0.8754	-0.08996	-0.0853
0.9638	-0.008655	-0.1049
1.09	-0.02207	-0.09841
1.199	-0.04842	-0.1082
1.251	-0.1617	-0.08519
1.331	-0.276	-0.06205
1.49	-0.3417	-0.1082
1.597	-0.3378	-0.1428
1.616	-0.3301	-0.1646
1.59	-0.4799	-0.1916
1.478	-0.6402	-0.2281
1.268	-0.6976	-0.232
1.046	-0.6754	-0.1726
0.9083	-0.584	-0.1212
0.8703	-0.4207	-0.05934
0.8367	-0.1784	-0.007783
0.7201	-0.05866	0.0002977
0.6695	-0.08752	0.01742
0.7258	-0.133	0.02009
0.7503	-0.2254	0.005285
0.8226	-0.2621	-0.01506
0.8744	-0.2337	-0.03227
0.8226	-0.2252	-0.02108
0.8296	-0.1915	-0.007133
0.8484	-0.1851	0.009206
0.8381	-0.2021	0.02725
0.8296	-0.2055	0.04384
0.7013	-0.2409	0.1037
0.7166	-0.1868	0.1052
0.7204	-0.1151	0.09611
0.7468	-0.1215	0.1024
0.7754	-0.1378	0.1112
0.8331	-0.2156	0.1149
0.91	-0.3345	0.1217
1.02	-0.3971	0.12
1.121	-0.382	0.1245
1.183	-0.3007	0.1363
1.298	-0.2023	0.1285
1.48	-0.1582	0.09241
1.703	-0.3061	0.03879
1.77	-0.5702	0.03071
1.453	-0.7626	0.08027
1.034	-0.8356	0.1181
0.8898	-0.7379	0.129
0.8978	-0.5943	0.1029
0.825	-0.4207	0.01656
0.7512	-0.1747	-0.07079
0.7924	-0.2264	-0.07924
0.8846	-0.4696	-0.08023
0.9416	-0.489	-0.1458
0.903	-0.4731	-0.1312
0.7663	-0.4015	-0.04309
0.6385	-0.198	-0.01631
0.6315	-0.1296	-0.001019
0.7129	-0.1084	-0.02501
0.7693	-0.07056	-0.07765
0.8109	-0.08804	-0.09741
0.841	-0.1272	-0.1308
0.8229	-0.1919	-0.1185
0.8251	-0.2244	-0.09761
0.84	-0.2692	-0.09988
0.8501	-0.2845	-0.06916
0.8842	-0.2415	-0.07501
0.8763	-0.2094	-0.08235
0.8754	-0.08996	-0.0853
0.9638	-0.008655	-0.1049
1.09	-0.02207	-0.09841
1.199	-0.04842	-0.1082
1.251	-0.1617	-0.08519
1.331	-0.276	-0.06205
1.49	-0.3417	-0.1082
1.597	-0.3378	-0.1428
1.616	-0.3301	-0.1646
1.59	-0.4799	-0.1916
1.478	-0.6402	-0.2281
1.268	-0.6976	-0.232
1.046	-0.6754	-0.1726
0.9083	-0.584	-0.1212
0.8703	-0.4207	-0.05934
0.8367	-0.1784	-0.007783
0.7201	-0.05866	0.0002977
0.6695	-0.08752	0.01742
0.7258	-0.133	0.02009
0.7503	-0.2254	0.005285
0.8226	-0.2621	-0.01506
0.8744	-0.2337	-0.03227
0.8226	-0.2252	-0.02108
0.8296	-0.1915	-0.007133
0.8484	-0.1851	0.009206
0.8381	-0.2021	0.02725
0.8296	-0.2055	0.04384
0.7903	-0.2255	0.06333
0.7879	-0.2217	0.07176
0.8116	-0.2109	0.07854
0.8363	-0.2197	0.06891
0.8729	-0.2163	0.04514
0.8954	-0.2157	0.02611
0.9535	-0.2222	0.0195
1.067	-0.2171	0.04424
1.192	-0.2023	0.05339
1.303	-0.1713	0.02164
1.429	-0.154	-0.03358
1.584	-0.2357	-0.09999
1.66	-0.4135	-0.1047
1.598	-0.5188	-0.01741
1.376	-0.4228	0.1038
0.9227	-0.2804	0.1725
0.5569	-0.2796	0.1584
0.6716	-0.3752	0.1003
0.914	-0.5225	-0.02546
0.9935	-0.6125	-0.1484
1.06	-0.5206	-0.129
0.985	-0.3923	-0.07104
0.868	-0.2881	-0.06416
0.8366	-0.1988	-0.03241
0.73	-0.1834	-0.01271
0.7558	-0.149	-0.02865
0.8323	-0.1374	-0.0422
0.7853	-0.1629	-0.07456
0.8061	-0.1018	-0.08944
0.7601	-0.06547	-0.086
0.6691	-0.07233	-0.07704
0.6906	-0.07996	-0.05164
0.7612	-0.1451	-0.07485
0.85	-0.1928	-0.1011
0.85	-0.259	-0.1143
0.8585	-0.3631	-0.1559
0.9154	-0.3724	-0.1403
0.9026	-0.3246	-0.1111
1.017	-0.2493	-0.1047
1.241	-0.05625	-0.05358
1.303	0.158	-0.02559
1.228	0.1911	-0.04146
1.201	0.02542	-0.05636
1.279	-0.2896	-0.116
1.421	-0.6097	-0.221
1.628	-0.6787	-0.2681
1.729	-0.6162	-0.2101
1.58	-0.7022	-0.1509
1.362	-0.8036	-0.1697
1.122	-0.7206	-0.1963
0.8991	-0.5236	-0.1837
0.8239	-0.2744	-0.1165
0.774	-0.09063	0.007494
0.7512	-0.1449	0.04733
0.807	-0.2268	0.0006166
0.8536	-0.2207	-0.004323
0.9264	-0.259	-0.03468
0.9105	-0.2163	-0.06028
0.7432	-0.1571	0.008754
0.6078	-0.1663	0.07288
0.5441	-0.1283	0.1108
0.5307	-0.127	0.1544
0.5481	-0.1282	0.1575
0.6161	-0.1161	0.1091
0.7903	-0.2255	0.06333
0.7879	-0.2217	0.07176
0.8116	-0.2109	0.07854
0.8363	-0.2197	0.06891
0.8729	-0.2163	0.04514
0.8954	-0.2157	0.02611
0.9535	-0.2222	0.0195
1.067	-0.2171	0.04424
1.192	-0.2023	0.05339
1.303	-0.1713	0.02164
1.429	-0.154	-0.03358
1.584	-0.2357	-0.09999
1.66	-0.4135	-0.1047
1.598	-0.5188	-0.01741
1.376	-0.4228	0.1038
0.9227	-0.2804	0.1725
0.5569	-0.2796	0.1584
0.6716	-0.3752	0.1003
0.914	-0.5225	-0.02546
0.9935	-0.6125	-0.1484
1.06	-0.5206	-0.129
0.985	-0.3923	-0.07104
0.868	-0.2881	-0.06416
0.8366	-0.1988	-0.03241
0.73	-0.1834	-0.01271
0.7558	-0.149	-0.02865
0.8323	-0.1374	-0.0422
0.7853	-0.1629	-0.07456
0.8061	-0.1018	-0.08944
0.7601	-0.06547	-0.086
0.6691	-0.07233	-0.07704
0.6906	-0.07996	-0.05164
0.7612	-0.1451	-0.07485
0.85	-0.1928	-0.1011
0.85	-0.259	-0.1143
0.8585	-0.3631	-0.1559
0.9154	-0.3724	-0.1403
0.9026	-0.3246	-0.1111
1.017	-0.2493	-0.1047
1.241	-0.05625	-0.05358
1.303	0.158	-0.02559
1.228	0.1911	-0.04146
1.201	0.02542	-0.05636
1.279	-0.2896	-0.116
1.421	-0.6097	-0.221
1.628	-0.6787	-0.2681
1.729	-0.6162	-0.2101
1.58	-0.7022	-0.1509
1.362	-0.8036	-0.1697
1.122	-0.7206	-0.1963
0.8991	-0.5236	-0.1837
0.8239	-0.2744	-0.1165
0.774	-0.09063	0.007494
0.7512	-0.1449	0.04733
0.807	-0.2268	0.0006166
0.8536	-0.2207	-0.004323
0.9264	-0.259	-0.03468
0.9105	-0.2163	-0.06028
0.7432	-0.1571	0.008754
0.6078	-0.1663	0.07288
0.5441	-0.1283	0.1108
0.5307	-0.127	0.1544
0.5481	-0.1282	0.1575
0.6161	-0.1161	0.1091
0.7093	-0.1603	0.06004
0.7198	-0.1947	0.04779
0.7451	-0.2549	0.05259
0.8139	-0.3128	0.06617
0.8982	-0.347	0.09205
1.061	-0.3739	0.119
1.205	-0.3122	0.127
1.283	-0.1828	0.1036
1.327	-0.01549	0.06254
1.418	0.02544	-0.005329
1.64	-0.2365	-0.07658
1.809	-0.6171	-0.08507
1.71	-0.8013	0.02257
1.321	-0.648	0.1657
0.8156	-0.4397	0.1509
0.5718	-0.3768	0.09063
0.6908	-0.327	0.0971
0.8598	-0.4491	0.0005864
1.019	-0.6468	-0.07777
1.111	-0.6225	-0.06372
0.9523	-0.6184	-0.1211
0.8417	-0.6419	-0.1429
0.7517	-0.4675	-0.06497
0.5351	-0.2216	-0.003201
0.6155	-0.05214	-0.05348
0.7798	0.02379	-0.158
0.7567	0.05448	-0.1667
0.8023	-0.009227	-0.1688
0.7933	-0.1346	-0.1765
0.7649	-0.1992	-0.1426
0.8491	-0.2885	-0.1511
0.8876	-0.3575	-0.1375
0.895	-0.3243	-0.1176
0.8804	-0.2493	-0.1016
0.8647	-0.166	-0.05856
0.9333	-0.1452	-0.09457
1.076	-0.1544	-0.1344
1.251	-0.1725	-0.1242
1.331	-0.2087	-0.1076
1.369	-0.1757	-0.04763
1.457	-0.1169	-0.0003638
1.48	-0.09846	-0.01455
1.535	-0.1101	-0.08761
1.616	-0.1815	-0.184
1.555	-0.3956	-0.2246
1.405	-0.7	-0.2092
1.13	-0.7933	-0.17
0.9015	-0.6563	-0.1087
0.8647	-0.5	-0.05684
0.7856	-0.2458	-0.05184
0.7564	-0.03709	-0.03878
0.8449	-0.09944	-0.02116
0.8922	-0.164	-0.0546
0.9144	-0.1829	-0.06163
0.8383	-0.239	-0.04229
0.7034	-0.2005	-0.02861
0.6285	-0.2018	0.01196
0.5792	-0.2099	0.03229
0.5577	-0.1208	0.06486
0.5367	-0.1019	0.1217
0.577	-0.1168	0.1128
0.7057	-0.1333	0.07459
0.7772	-0.1552	0.06392
0.7962	-0.173	0.07589
0.9228	-0.1157	0.1646
0.9733	-0.1045	0.1501
1.012	-0.09947	0.1333
0.9852	-0.1093	0.1311
0.9507	-0.09025	0.1456
0.9084	-0.0985	0.1548
0.8467	-0.1108	0.1766
0.8314	-0.09641	0.2063
0.8344	-0.06562	0.2183
0.8713	0.00879	0.2155
1.027	0.02938	0.1883
1.255	-0.05963	0.1534
1.428	-0.2219	0.1189
1.48	-0.4427	0.09046
1.522	-0.5951	0.1068
1.674	-0.5921	0.1282
1.741	-0.506	0.1233
1.514	-0.4041	0.1286
1.188	-0.3498	0.1271
1.043	-0.4089	0.1054
1.014	-0.5597	0.0553
0.9272	-0.6927	-0.03943
0.892	-0.6807	-0.07857
0.9081	-0.5722	-0.03714
0.7802	-0.507	-0.03296
0.7178	-0.4464	-0.03854
0.8054	-0.4188	-0.03634
0.8092	-0.4201	-0.06961
0.8499	-0.3245	-0.06647
0.8951	-0.2725	-0.05898
0.8187	-0.2544	-0.07556
0.7848	-0.1901	-0.05486
0.7566	-0.2143	-0.04892
0.7404	-0.2158	-0.0571
0.7816	-0.1913	-0.05637
0.8081	-0.1961	-0.0778
0.8556	-0.1567	-0.08735
0.8619	-0.1896	-0.08084
0.8507	-0.2326	-0.07657
0.8717	-0.2117	-0.07422
0.8283	-0.1756	-0.0657
0.7932	-0.09579	-0.03281
0.8187	-0.05188	0.01174
0.8591	-0.01203	0.04004
0.9645	0.03073	-0.003446
1.209	-0.02186	-0.08506
1.508	-0.1364	-0.09213
1.604	-0.3494	-0.04143
1.473	-0.5554	0.006371
1.404	-0.5871	0.003904
1.486	-0.6291	-0.07359
1.504	-0.7224	-0.1733
1.378	-0.6774	-0.2232
1.165	-0.5831	-0.1588
0.919	-0.524	-0.05615
0.8473	-0.4348	-0.01715
0.9031	-0.3669	0.001857
0.8623	-0.2988	0.006113
0.8569	-0.2442	0.01582
0.9128	-0.3092	0.03401
0.9268	-0.3512	0.00955
0.9416	-0.2909	-0.008294
0.8519	-0.2531	-0.02544
0.6805	-0.2463	-0.02483
0.6045	-0.2474	0.03139
0.6016	-0.2446	0.06796
0.6375	-0.2114	0.1021
0.6864	-0.1616	0.1173
0.6968	-0.1033	0.08579
0.6966	-0.05453	0.08204
0.7152	-0.06051	0.08636
0.7838	-0.1466	0.09248
0.937	-0.2918	0.1063
1.132	-0.4371	0.1205
1.286	-0.4715	0.1616
1.387	-0.3788	0.1763
1.452	-0.3299	0.1471
1.492	-0.3815	0.08392
1.548	-0.4691	0.01035
1.512	-0.5575	0.01846
1.268	-0.578	0.05569
0.9949	-0.5777	0.04839
0.8971	-0.5855	0.0549
0.8773	-0.4928	0.03782
0.7559	-0.3916	-0.0241
0.7352	-0.4044	-0.0408
0.9301	-0.4437	-0.06191
1.023	-0.4579	-0.1189
0.9925	-0.4272	-0.1071
0.8854	-0.3046	-0.03315
0.7106	-0.1441	0.02193
0.6954	-0.05789	0.005719
0.7084	-0.04664	-0.05315
0.6815	-0.06253	-0.08164
0.7298	-0.1543	-0.08952
0.7295	-0.2592	-0.08116
0.7481	-0.2733	-0.07532
0.8033	-0.26	-0.08901
0.8255	-0.2406	-0.08139
0.8639	-0.2133	-0.07106
0.8631	-0.167	-0.05446
0.8699	-0.08635	-0.03341
0.9437	-0.0525	-0.04531
1.085	-0.08654	-0.04271
1.325	-0.1556	-0.02377
1.562	-0.2163	-0.02014
1.69	-0.251	-0.03193
1.673	-0.2524	-0.07143
1.588	-0.2559	-0.1067
1.52	-0.4267	-0.1349
1.37	-0.6664	-0.169
1.118	-0.7329	-0.1679
0.884	-0.677	-0.1112
0.7703	-0.6026	-0.03923
0.7929	-0.4675	-0.0158
0.8359	-0.3054	-0.003553
0.8608	-0.3149	0.028
0.9054	-0.3851	0.02099
0.9305	-0.3587	0.01332
0.9134	-0.3935	0.01065
0.8146	-0.3645	-0.01668
0.68	-0.2349	-0.00439
0.6326	-0.1685	0.01698
0.6075	-0.07659	0.03491
0.5697	-0.02072	0.09812
0.5986	-0.02376	0.1277
0.6314	-0.01656	0.104
0.6496	-0.05528	0.09047
0.6045	-0.2474	0.03139
0.6016	-0.2446	0.06796
0.6375	-0.2114	0.1021
0.6864	-0.1616	0.1173
0.6968	-0.1033	0.08579
0.6966	-0.05453	0.08204
0.7152	-0.06051	0.08636
0.7838	-0.1466	0.09248
0.937	-0.2918	0.1063
1.132	-0.4371	0.1205
1.286	-0.4715	0.1616
1.387	-0.3788	0.1763
1.452	-0.3299	0.1471
1.492	-0.3815	0.08392
1.548	-0.4691	0.01035
1.512	-0.5575	0.01846
1.268	-0.578	0.05569
0.9949	-0.5777	0.04839
0.8971	-0.5855	0.0549
0.8773	-0.4928	0.03782
0.7559	-0.3916	-0.0241
0.7352	-0.4044	-0.0408
0.9301	-0.4437	-0.06191
1.023	-0.4579	-0.1189
0.9925	-0.4272	-0.1071
0.8854	-0.3046	-0.03315
0.7106	-0.1441	0.02193
0.6954	-0.05789	0.005719
0.7084	-0.04664	-0.05315
0.6815	-0.06253	-0.08164
0.7298	-0.1543	-0.08952
0.7295	-0.2592	-0.08116
0.7481	-0.2733	-0.07532
0.8033	-0.26	-0.08901
0.8255	-0.2406	-0.08139
0.8639	-0.2133	-0.07106
0.8631	-0.167	-0.05446
0.8699	-0.08635	-0.03341
0.9437	-0.0525	-0.04531
1.085	-0.08654	-0.04271
1.325	-0.1556	-0.02377
1.562	-0.2163	-0.02014
1.69	-0.251	-0.03193
1.673	-0.2524	-0.07143
1.588	-0.2559	-0.1067
1.52	-0.4267	-0.1349
1.37	-0.6664	-0.169
1.118	-0.7329	-0.1679
0.884	-0.677	-0.1112
0.7703	-0.6026	-0.03923
0.7929	-0.4675	-0.0158
0.8359	-0.3054	-0.003553
0.8608	-0.3149	0.028
0.9054	-0.3851	0.02099
0.9305	-0.3587	0.01332
0.9134	-0.3935	0.01065
0.8146	-0.3645	-0.01668
0.68	-0.2349	-0.00439
0.6326	-0.1685	0.01698
0.6075	-0.07659	0.03491
0.5697	-0.02072	0.09812
0.5986	-0.02376	0.1277
0.6314	-0.01656	0.104
0.6496	-0.05528	0.09047
0.7275	-0.1134	0.08463
0.8429	-0.2363	0.08822
1.026	-0.3874	0.09966
1.281	-0.4573	0.1021
1.476	-0.4661	0.1186
1.539	-0.4007	0.1463
1.499	-0.3574	0.1394
1.481	-0.423	0.1212
1.477	-0.5632	0.1047
1.347	-0.7065	0.05527
1.122	-0.6806	0.0346
0.8755	-0.5176	0.04709
0.7616	-0.3687	0.002871
0.8456	-0.2593	-0.06057
0.9284	-0.2642	-0.08261
1.033	-0.3467	-0.1023
1.096	-0.3852	-0.1364
0.9233	-0.3732	-0.1149
0.7261	-0.3125	-0.02223
0.6041	-0.2413	0.05436
0.5322	-0.1859	0.06601
0.5838	-0.15	0.007255
0.6617	-0.1486	-0.07238
0.7546	-0.129	-0.125
0.8213	-0.117	-0.1681
0.7964	-0.1357	-0.1648
0.8092	-0.1683	-0.129
0.8231	-0.238	-0.1018
0.8034	-0.2387	-0.06297
0.8073	-0.1522	-0.04799
0.7912	-0.08799	-0.03223
0.82	-0.07045	-0.01441
0.9992	-0.1136	-0.03466
1.335	-0.1918	-0.02159
1.598	-0.2664	-0.01109
1.633	-0.2327	-0.0517
1.725	-0.05877	-0.09527
1.775	0.02838	-0.1358
1.588	-0.1169	-0.1397
1.489	-0.501	-0.1546
1.356	-0.9369	-0.2074
1.084	-1.083	-0.1948
0.9479	-0.9635	-0.1393
0.8347	-0.7536	-0.0753
0.7823	-0.4108	-0.01638
0.8027	-0.1034	-0.008145
0.7543	-0.07283	0.005806
0.7864	-0.07189	0.01548
0.8101	-0.0524	-0.003783
0.7993	-0.1987	-0.001937
0.7622	-0.2122	0.002268
0.6042	-0.1527	0.01616
0.5463	-0.1906	0.05237
0.559	-0.1089	0.09723
0.5827	-0.08823	0.138
0.6983	-0.1309	0.1327
0.7801	-0.1363	0.1069
0.8533	-0.2375	0.09496
0.9294	-0.2798	0.1122
1.025	-0.2911	0.1439
1.198	-0.326	0.1337
1.346	-0.3196	0.1424
1.46	-0.3678	0.1831
1.495	-0.4483	0.1885
0.7275	-0.1134	0.08463
0.8429	-0.2363	0.08822
1.026	-0.3874	0.09966
1.281	-0.4573	0.1021
1.476	-0.4661	0.1186
1.539	-0.4007	0.1463
1.499	-0.3574	0.1394
1.481	-0.423	0.1212
1.477	-0.5632	0.1047
1.347	-0.7065	0.05527
1.122	-0.6806	0.0346
0.8755	-0.5176	0.04709
0.7616	-0.3687	0.002871
0.8456	-0.2593	-0.06057
0.9284	-0.2642	-0.08261
1.033	-0.3467	-0.1023
1.096	-0.3852	-0.1364
0.9233	-0.3732	-0.1149
0.7261	-0.3125	-0.02223
0.6041	-0.2413	0.05436
0.5322	-0.1859	0.06601
0.5838	-0.15	0.007255
0.6617	-0.1486	-0.07238
0.7546	-0.129	-0.125
0.8213	-0.117	-0.1681
0.7964	-0.1357	-0.1648
0.8092	-0.1683	-0.129
0.8231	-0.238	-0.1018
0.8034	-0.2387	-0.06297
0.8073	-0.1522	-0.04799
0.7912	-0.08799	-0.03223
0.82	-0.07045	-0.01441
0.9992	-0.1136	-0.03466
1.335	-0.1918	-0.02159
1.598	-0.2664	-0.01109
1.633	-0.2327	-0.0517
1.725	-0.05877	-0.09527
1.775	0.02838	-0.1358
1.588	-0.1169	-0.1397
1.489	-0.501	-0.1546
1.356	-0.9369	-0.2074
1.084	-1.083	-0.1948
0.9479	-0.9635	-0.1393
0.8347	-0.7536	-0.0753
0.7823	-0.4108	-0.01638
0.8027	-0.1034	-0.008145
0.7543	-0.07283	0.005806
0.7864	-0.07189	0.01548
0.8101	-0.0524	-0.003783
0.7993	-0.1987	-0.001937
0.7622	-0.2122	0.002268
0.6042	-0.1527	0.01616
0.5463	-0.1906	0.05237
0.559	-0.1089	0.09723
0.5827	-0.08823	0.138
0.6983	-0.1309	0.1327
0.7801	-0.1363	0.1069
0.8533	-0.2375	0.09496
0.9294	-0.2798	0.1122
1.025	-0.2911	0.1439
1.198	-0.326	0.1337
1.346	-0.3196	0.1424
1.46	-0.3678	0.1831
1.495	-0.4483	0.1885
1.404	-0.5505	0.1887
1.29	-0.631	0.1603
1.232	-0.6285	0.09168
1.222	-0.5264	0.04487
1.096	-0.3575	0.009993
0.8651	-0.3726	-0.01738
0.7718	-0.51	-0.04512
0.7795	-0.5842	-0.08536
0.8209	-0.6882	-0.1029
0.9223	-0.708	-0.1379
0.9108	-0.5733	-0.1767
0.8018	-0.3687	-0.1099
0.7473	-0.1367	-0.02577
0.7143	-0.01473	-0.03666
0.7693	-0.003492	-0.07049
0.848	-0.05323	-0.09929
0.8198	-0.1486	-0.1148
0.7858	-0.2186	-0.08422
0.7243	-0.2591	-0.05695
0.6929	-0.2362	-0.06473
0.7693	-0.2006	-0.09622
0.8279	-0.197	-0.1275
0.8715	-0.1594	-0.1188
0.8825	-0.1298	-0.09043
0.874	-0.07764	-0.06922
0.9439	-0.04366	-0.04068
1.067	-0.1252	-0.02855
1.233	-0.1892	-0.03763
1.391	-0.2095	-0.02841
1.491	-0.2344	-0.01453
1.545	-0.2464	-0.01648
1.566	-0.2605	-0.0277
1.587	-0.3071	-0.04617
1.569	-0.5229	-0.0543
1.461	-0.8422	-0.04516
1.203	-0.9438	-0.01924
0.862	-0.818	0.01255
0.7231	-0.6351	0.01544
0.7842	-0.335	-0.005224
0.8549	-0.09314	-0.0301
0.9943	-0.2241	-0.07733
1.162	-0.4103	-0.1476
1.152	-0.4765	-0.1861
1.006	-0.6101	-0.1692
0.8738	-0.6174	-0.1523
0.7078	-0.5679	-0.1257
0.4884	-0.5481	-0.06944
0.426	-0.4349	-0.06873
0.5349	-0.3933	-0.08841
0.5622	-0.2636	-0.04583
0.6307	-0.05385	-0.01466
0.8021	-0.01706	-0.00699
0.7965	0.0169	0.004428
0.7559	0.0001704	0.01968
0.7604	-0.08804	0.09354
0.7132	-0.1481	0.1741
0.7892	-0.2454	0.2009
0.9221	-0.2563	0.2067
1.033	-0.1965	0.1977
1.148	-0.1267	0.2018
1.242	-0.03011	0.2193
1.429	-0.03092	0.2294
1.612	-0.1175	0.2281
1.66	-0.2651	0.1876
1.404	-0.5505	0.1887
1.29	-0.631	0.1603
1.232	-0.6285	0.09168
1.222	-0.5264	0.04487
1.096	-0.3575	0.009993
0.8651	-0.3726	-0.01738
0.7718	-0.51	-0.04512
0.7795	-0.5842	-0.08536
0.8209	-0.6882	-0.1029
0.9223	-0.708	-0.1379
0.9108	-0.5733	-0.1767
0.8018	-0.3687	-0.1099
0.7473	-0.1367	-0.02577
0.7143	-0.01473	-0.03666
0.7693	-0.003492	-0.07049
0.848	-0.05323	-0.09929
0.8198	-0.1486	-0.1148
0.7858	-0.2186	-0.08422
0.7243	-0.2591	-0.05695
0.6929	-0.2362	-0.06473
0.7693	-0.2006	-0.09622
0.8279	-0.197	-0.1275
0.8715	-0.1594	-0.1188
0.8825	-0.1298	-0.09043
0.874	-0.07764	-0.06922
0.9439	-0.04366	-0.04068
1.067	-0.1252	-0.02855
1.233	-0.1892	-0.03763
1.391	-0.2095	-0.02841
1.491	-0.2344	-0.01453
1.545	-0.2464	-0.01648
1.566	-0.2605	-0.0277
1.587	-0.3071	-0.04617
1.569	-0.5229	-0.0543
1.461	-0.8422	-0.04516
1.203	-0.9438	-0.01924
0.862	-0.818	0.01255
0.7231	-0.6351	0.01544
0.7842	-0.335	-0.005224
0.8549	-0.09314	-0.0301
0.9943	-0.2241	-0.07733
1.162	-0.4103	-0.1476
1.152	-0.4765	-0.1861
1.006	-0.6101	-0.1692
0.8738	-0.6174	-0.1523
0.7078	-0.5679	-0.1257
0.4884	-0.5481	-0.06944
0.426	-0.4349	-0.06873
0.5349	-0.3933	-0.08841
0.5622	-0.2636	-0.04583
0.6307	-0.05385	-0.01466
0.8021	-0.01706	-0.00699
0.7965	0.0169	0.004428
0.7559	0.0001704	0.01968
0.7604	-0.08804	0.09354
0.7132	-0.1481	0.1741
0.7892	-0.2454	0.2009
0.9221	-0.2563	0.2067
1.033	-0.1965	0.1977
1.148	-0.1267	0.2018
1.242	-0.03011	0.2193
1.429	-0.03092	0.2294
1.612	-0.1175	0.2281
1.66	-0.2651	0.1876
1.572	-0.5148	0.126
1.323	-0.8176	0.0689
1.03	-1.001	0.02611
0.8577	-0.9329	-0.02126
0.8623	-0.7414	-0.08928
0.9337	-0.5044	-0.133
1.043	-0.3447	-0.1894
1.159	-0.3509	-0.2512
1.094	-0.2608	-0.2242
0.9789	-0.1594	-0.1565
0.8668	-0.2119	-0.0953
0.6572	-0.2036	-0.04403
0.5897	-0.1907	-0.05094
0.6449	-0.2169	-0.07631
0.6288	-0.1804	-0.0761
0.6294	-0.1531	-0.08998
0.6609	-0.1235	-0.09491
0.6984	-0.1033	-0.08196
0.7638	-0.146	-0.09602
0.8238	-0.2165	-0.09435
0.8659	-0.2688	-0.08521
0.8996	-0.2504	-0.09106
0.9547	-0.1912	-0.04879
1.062	-0.1194	0.008735
1.209	-0.04794	0.04053
1.375	-0.03963	0.05693
1.562	-0.0945	0.05492
1.694	-0.1715	0.008808
1.664	-0.2228	-0.09483
1.543	-0.283	-0.1542
1.394	-0.4226	-0.168
1.153	-0.5569	-0.1901
0.921	-0.6529	-0.1552
0.8131	-0.7168	-0.1125
0.8017	-0.614	-0.1086
0.8531	-0.4121	-0.1054
0.8939	-0.2912	-0.102
0.9116	-0.2124	-0.08472
0.9252	-0.1706	-0.08656
0.9057	-0.1664	-0.09708
0.8576	-0.1673	-0.07262
0.7302	-0.2367	-0.03431
0.5928	-0.3008	0.01483
0.5781	-0.293	0.04191
0.5772	-0.27	0.08214
0.5747	-0.2213	0.1459
0.6808	-0.142	0.1092
0.8197	-0.0525	0.06303
0.9168	-0.03445	0.08204
0.9881	-0.1131	0.06562
1.071	-0.2119	0.0798
1.222	-0.3503	0.1143
1.381	-0.4659	0.1074
1.429	-0.4636	0.1328
1.364	-0.4039	0.1556
1.264	-0.3721	0.1629
1.196	-0.4448	0.1728
1.181	-0.616	0.1155
1.156	-0.73	0.02472
1.035	-0.6493	-0.008488
0.9161	-0.5243	0.004585
0.9053	-0.4698	-0.02107
0.8909	-0.3079	-0.08219
0.8951	-0.2244	-0.1141
1.572	-0.5148	0.126
1.323	-0.8176	0.0689
1.03	-1.001	0.02611
0.8577	-0.9329	-0.02126
0.8623	-0.7414	-0.08928
0.9337	-0.5044	-0.133
1.043	-0.3447	-0.1894
1.159	-0.3509	-0.2512
1.094	-0.2608	-0.2242
0.9789	-0.1594	-0.1565
0.8668	-0.2119	-0.0953
0.6572	-0.2036	-0.04403
0.5897	-0.1907	-0.05094
0.6449	-0.2169	-0.07631
0.6288	-0.1804	-0.0761
0.6294	-0.1531	-0.08998
0.6609	-0.1235	-0.09491
0.6984	-0.1033	-0.08196
0.7638	-0.146	-0.09602
0.8238	-0.2165	-0.09435
0.8659	-0.2688	-0.08521
0.8996	-0.2504	-0.09106
0.9547	-0.1912	-0.04879
1.062	-0.1194	0.008735
1.209	-0.04794	0.04053
1.375	-0.03963	0.05693
1.562	-0.0945	0.05492
1.694	-0.1715	0.008808
1.664	-0.2228	-0.09483
1.543	-0.283	-0.1542
1.394	-0.4226	-0.168
1.153	-0.5569	-0.1901
0.921	-0.6529	-0.1552
0.8131	-0.7168	-0.1125
0.8017	-0.614	-0.1086
0.8531	-0.4121	-0.1054
0.8939	-0.2912	-0.102
0.9116	-0.2124	-0.08472
0.9252	-0.1706	-0.08656
0.9057	-0.1664	-0.09708
0.8576	-0.1673	-0.07262
0.7302	-0.2367	-0.03431
0.5928	-0.3008	0.01483
0.5781	-0.293	0.04191
0.5772	-0.27	0.08214
0.5747	-0.2213	0.1459
0.6808	-0.142	0.1092
0.8197	-0.0525	0.06303
0.9168	-0.03445	0.08204
0.9881	-0.1131	0.06562
1.071	-0.2119	0.0798
1.222	-0.3503	0.1143
1.381	-0.4659	0.1074
1.429	-0.4636	0.1328
1.364	-0.4039	0.1556
1.264	-0.3721	0.1629
1.196	-0.4448	0.1728
1.181	-0.616	0.1155
1.156	-0.73	0.02472
1.035	-0.6493	-0.008488
0.9161	-0.5243	0.004585
0.9053	-0.4698	-0.02107
0.8909	-0.3079	-0.08219
0.8951	-0.2244	-0.1141
0.976	-0.3705	-0.1232
0.979	-0.4309	-0.1143
0.8964	-0.4378	-0.09185
0.8042	-0.4034	-0.04812
0.7085	-0.224	-0.0007709
0.6937	-0.1194	-0.01788
0.7433	-0.03496	-0.05213
0.7721	0.02363	-0.08131
0.7917	-0.05116	-0.131
0.7858	-0.09518	-0.1209
0.7822	-0.184	-0.0925
0.826	-0.2612	-0.1117
0.8676	-0.2249	-0.09859
0.8818	-0.2324	-0.07718
0.8599	-0.1886	-0.06972
0.8451	-0.1039	-0.04081
0.8879	-0.08081	-0.03967
0.9823	-0.07399	-0.0468
1.203	-0.128	-0.06139
1.456	-0.1701	-0.09548
1.512	-0.1692	-0.06821
1.494	-0.188	-0.04395
1.532	-0.188	-0.08093
1.464	-0.2597	-0.107
1.342	-0.5472	-0.1328
1.27	-0.8699	-0.16
1.127	-0.9255	-0.1497
0.9168	-0.9031	-0.1252
0.8179	-0.8269	-0.1063
0.9178	-0.4275	-0.07632
0.9895	-0.1939	-0.04977
0.9254	-0.2304	-0.04399
0.9175	-0.1543	-0.03519
0.8716	-0.2399	-0.03769
0.8144	-0.3549	-0.05629
0.8187	-0.3592	-0.06257
0.6756	-0.4346	-0.05581
0.538	-0.379	-0.0003102
0.5354	-0.3252	0.0617
0.6268	-0.2593	0.02248
0.7718	-0.07762	-0.02345
0.7657	-0.03154	0.01018
0.7354	-0.03647	0.01864
0.8027	-0.1314	0.0187
0.8579	-0.3008	0.05317
0.9393	-0.3466	0.04908
1.023	-0.3765	0.06018
1.11	-0.3892	0.09357
1.212	-0.3784	0.07098
1.304	-0.38	0.04912
1.405	-0.4132	0.03656
1.467	-0.5129	0.01895
1.497	-0.5589	0.02533
1.392	-0.5378	0.03563
1.076	-0.5075	0.05938
0.8217	-0.5062	0.06719
0.7216	-0.54	0.04595
0.7036	-0.5656	0.03459
0.8382	-0.6057	-0.02272
1.006	-0.6136	-0.1297
0.9995	-0.5851	-0.2164
0.8997	-0.554	-0.2287
0.7715	-0.4941	-0.1341
0.567	-0.4225	-0.04394
0.976	-0.3705	-0.1232
0.979	-0.4309	-0.1143
0.8964	-0.4378	-0.09185
0.8042	-0.4034	-0.04812
0.7085	-0.224	-0.0007709
0.6937	-0.1194	-0.01788
0.7433	-0.03496	-0.05213
0.7721	0.02363	-0.08131
0.7917	-0.05116	-0.131
0.7858	-0.09518	-0.1209
0.7822	-0.184	-0.0925
0.826	-0.2612	-0.1117
0.8676	-0.2249	-0.09859
0.8818	-0.2324	-0.07718
0.8599	-0.1886	-0.06972
0.8451	-0.1039	-0.04081
0.8879	-0.08081	-0.03967
0.9823	-0.07399	-0.0468
1.203	-0.128	-0.06139
1.456	-0.1701	-0.09548
1.512	-0.1692	-0.06821
1.494	-0.188	-0.04395
1.532	-0.188	-0.08093
1.464	-0.2597	-0.107
1.342	-0.5472	-0.1328
1.27	-0.8699	-0.16
1.127	-0.9255	-0.1497
0.9168	-0.9031	-0.1252
0.8179	-0.8269	-0.1063
0.9178	-0.4275	-0.07632
0.9895	-0.1939	-0.04977
0.9254	-0.2304	-0.04399
0.9175	-0.1543	-0.03519
0.8716	-0.2399	-0.03769
0.8144	-0.3549	-0.05629
0.8187	-0.3592	-0.06257
0.6756	-0.4346	-0.05581
0.538	-0.379	-0.0003102
0.5354	-0.3252	0.0617
0.6268	-0.2593	0.02248
0.7718	-0.07762	-0.02345
0.7657	-0.03154	0.01018
0.7354	-0.03647	0.01864
0.8027	-0.1314	0.0187
0.8579	-0.3008	0.05317
0.9393	-0.3466	0.04908
1.023	-0.3765	0.06018
1.11	-0.3892	0.09357
1.212	-0.3784	0.07098
1.304	-0.38	0.04912
1.405	-0.4132	0.03656
1.467	-0.5129	0.01895
1.497	-0.5589	0.02533
1.392	-0.5378	0.03563
1.076	-0.5075	0.05938
0.8217	-0.5062	0.06719
0.7216	-0.54	0.04595
0.7036	-0.5656	0.03459
0.8382	-0.6057	-0.02272
1.006	-0.6136	-0.1297
0.9995	-0.5851	-0.2164
0.8997	-0.554	-0.2287
0.7715	-0.4941	-0.1341
0.567	-0.4225	-0.04394
0.5889	-0.3603	-0.07323
0.868	-0.306	-0.1852
0.9857	-0.1964	-0.295
0.977	-0.149	-0.3174
0.898	-0.238	-0.2542
0.7718	-0.2869	-0.1934
0.7708	-0.3597	-0.1596
0.796	-0.3962	-0.1643
0.8793	-0.3423	-0.1951
0.9437	-0.3758	-0.18
0.8901	-0.2984	-0.1616
0.9026	-0.1399	-0.1565
0.9224	-0.0858	-0.1274
0.9495	0.003095	-0.137
0.9875	0.05385	-0.1261
1.01	0.04955	-0.07351
1.159	0.01542	-0.05381
1.354	-0.09157	-0.00578
1.496	-0.1801	0.03597
1.549	-0.2942	0.01438
1.542	-0.3619	-0.03678
1.534	-0.3531	-0.08844
1.398	-0.4528	-0.08131
1.127	-0.5942	-0.08428
0.8431	-0.6614	-0.1269
0.7112	-0.6401	-0.09366
0.7393	-0.5087	-0.0385
0.7828	-0.336	-0.03712
0.8962	-0.2738	-0.03987
1.05	-0.3168	-0.06023
1.147	-0.2966	-0.1078
1.176	-0.2751	-0.131
1.086	-0.3028	-0.1073
0.8726	-0.2928	-0.03396
0.6162	-0.3114	0.03074
0.5794	-0.317	0.0308
0.6437	-0.2529	0.04594
0.5048	-0.1816	0.1029
0.5232	-0.1264	0.09534
0.6833	-0.1145	0.06702
0.7214	-0.07163	0.09911
0.8443	-0.04676	0.09601
0.9277	-0.2158	0.08488
1.069	-0.4852	0.1194
1.288	-0.6321	0.1298
1.223	-0.5404	0.1681
1.264	-0.392	0.2078
1.402	-0.3409	0.1758
1.333	-0.2844	0.148
1.393	-0.3832	0.1349
1.402	-0.6212	0.08611
1.223	-0.6846	0.0272
1.008	-0.6155	0.03936
0.714	-0.4994	0.0509
0.6741	-0.4097	-0.02786
0.8477	-0.4066	-0.09565
0.9307	-0.4251	-0.1406
1.022	-0.4614	-0.1673
0.9972	-0.4192	-0.1433
0.8367	-0.3392	-0.08575
0.7118	-0.2673	0.01023
0.6335	-0.1349	0.03169
0.6732	-0.07918	-0.02644
0.7351	-0.06355	-0.07448
0.5889	-0.3603	-0.07323
0.868	-0.306	-0.1852
0.9857	-0.1964	-0.295
0.977	-0.149	-0.3174
0.898	-0.238	-0.2542
0.7718	-0.2869	-0.1934
0.7708	-0.3597	-0.1596
0.796	-0.3962	-0.1643
0.8793	-0.3423	-0.1951
0.9437	-0.3758	-0.18
0.8901	-0.2984	-0.1616
0.9026	-0.1399	-0.1565
0.9224	-0.0858	-0.1274
0.9495	0.003095	-0.137
0.9875	0.05385	-0.1261
1.01	0.04955	-0.07351
1.159	0.01542	-0.05381
1.354	-0.09157	-0.00578
1.496	-0.1801	0.03597
1.549	-0.2942	0.01438
1.542	-0.3619	-0.03678
1.534	-0.3531	-0.08844
1.398	-0.4528	-0.08131
1.127	-0.5942	-0.08428
0.8431	-0.6614	-0.1269
0.7112	-0.6401	-0.09366
0.7393	-0.5087	-0.0385
0.7828	-0.336	-0.03712
0.8962	-0.2738	-0.03987
1.05	-0.3168	-0.06023
1.147	-0.2966	-0.1078
1.176	-0.2751	-0.131
1.086	-0.3028	-0.1073
0.8726	-0.2928	-0.03396
0.6162	-0.3114	0.03074
0.5794	-0.317	0.0308
0.6437	-0.2529	0.04594
0.5048	-0.1816	0.1029
0.5232	-0.1264	0.09534
0.6833	-0.1145	0.06702
0.7214	-0.07163	0.09911
0.8443	-0.04676	0.09601
0.9277	-0.2158	0.08488
1.069	-0.4852	0.1194
1.288	-0.6321	0.1298
1.223	-0.5404	0.1681
1.264	-0.392	0.2078
1.402	-0.3409	0.1758
1.333	-0.2844	0.148
1.393	-0.3832	0.1349
1.402	-0.6212	0.08611
1.223	-0.6846	0.0272
1.008	-0.6155	0.03936
0.714	-0.4994	0.0509
0.6741	-0.4097	-0.02786
0.8477	-0.4066	-0.09565
0.9307	-0.4251	-0.1406
1.022	-0.4614	-0.1673
0.9972	-0.4192	-0.1433
0.8367	-0.3392	-0.08575
0.7118	-0.2673	0.01023
0.6335	-0.1349	0.03169
0.6732	-0.07918	-0.02644
0.7351	-0.06355	-0.07448
0.7742	-0.05356	-0.1493
0.8425	-0.1107	-0.1588
0.8279	-0.1536	-0.1145
0.8378	-0.2319	-0.1246
0.8707	-0.2966	-0.08602
0.821	-0.3004	-0.04387
0.8348	-0.2823	-0.06525
0.8902	-0.1595	-0.04602
0.9681	-0.0599	-0.03006
1.079	-0.08233	-0.04349
1.189	-0.1392	-0.03295
1.374	-0.2029	-0.01773
1.509	-0.2459	-0.02113
1.627	-0.2869	-0.1105
1.751	-0.3006	-0.2198
1.583	-0.3327	-0.2047
1.32	-0.5246	-0.1882
1.147	-0.7382	-0.2228
0.8893	-0.7777	-0.1575
0.7382	-0.6935	-0.05472
0.7543	-0.6228	-0.01705
0.7782	-0.4868	0.009315
0.8401	-0.1587	0.03841
0.8785	0.02691	0.05246
0.8748	-0.09338	0.02176
0.9127	-0.1347	-0.03498
0.9611	-0.1023	-0.06158
0.9276	-0.2105	-0.05992
0.8349	-0.3159	-0.02774
0.7863	-0.3699	-0.004837
0.7009	-0.3715	0.04322
0.5928	-0.2941	0.132
0.5861	-0.2357	0.1374
0.5846	-0.1495	0.1228
0.5744	-0.06638	0.1304
0.6448	-0.09958	0.1034
0.8215	-0.1707	0.08635
1.043	-0.2715	0.06276
1.219	-0.3849	0.05115
1.428	-0.4302	0.06104
1.594	-0.3974	0.06105
1.573	-0.351	0.07797
1.528	-0.4184	0.07457
1.463	-0.5686	0.054
1.266	-0.683	0.03526
1.068	-0.6577	0.001775
0.9291	-0.5333	-0.00898
0.8402	-0.4605	-0.02608
0.8159	-0.3374	-0.06582
0.8228	-0.2756	-0.07012
0.8472	-0.4017	-0.06464
0.8256	-0.4481	-0.08114
0.7744	-0.4499	-0.08306
0.7433	-0.4	-0.05831
0.6856	-0.2085	-0.02862
0.6834	-0.08625	-0.02821
0.7275	-0.02638	-0.06354
0.7514	-0.01957	-0.1045
0.7968	-0.06575	-0.135
0.8025	-0.09832	-0.1331
0.8054	-0.1903	-0.1176
0.8413	-0.2473	-0.113
0.8442	-0.2562	-0.08609
0.852	-0.2501	-0.06409
0.7742	-0.05356	-0.1493
0.8425	-0.1107	-0.1588
0.8279	-0.1536	-0.1145
0.8378	-0.2319	-0.1246
0.8707	-0.2966	-0.08602
0.821	-0.3004	-0.04387
0.8348	-0.2823	-0.06525
0.8902	-0.1595	-0.04602
0.9681	-0.0599	-0.03006
1.079	-0.08233	-0.04349
1.189	-0.1392	-0.03295
1.374	-0.2029	-0.01773
1.509	-0.2459	-0.02113
1.627	-0.2869	-0.1105
1.751	-0.3006	-0.2198
1.583	-0.3327	-0.2047
1.32	-0.5246	-0.1882
1.147	-0.7382	-0.2228
0.8893	-0.7777	-0.1575
0.7382	-0.6935	-0.05472
0.7543	-0.6228	-0.01705
0.7782	-0.4868	0.009315
0.8401	-0.1587	0.03841
0.8785	0.02691	0.05246
0.8748	-0.09338	0.02176
0.9127	-0.1347	-0.03498
0.9611	-0.1023	-0.06158
0.9276	-0.2105	-0.05992
0.8349	-0.3159	-0.02774
0.7863	-0.3699	-0.004837
0.7009	-0.3715	0.04322
0.5928	-0.2941	0.132
0.5861	-0.2357	0.1374
0.5846	-0.1495	0.1228
0.5744	-0.06638	0.1304
0.6448	-0.09958	0.1034
0.8215	-0.1707	0.08635
1.043	-0.2715	0.06276
1.219	-0.3849	0.05115
1.428	-0.4302	0.06104
1.594	-0.3974	0.06105
1.573	-0.351	0.07797
1.528	-0.4184	0.07457
1.463	-0.5686	0.054
1.266	-0.683	0.03526
1.068	-0.6577	0.001775
0.9291	-0.5333	-0.00898
0.8402	-0.4605	-0.02608
0.8159	-0.3374	-0.06582
0.8228	-0.2756	-0.07012
0.8472	-0.4017	-0.06464
0.8256	-0.4481	-0.08114
0.7744	-0.4499	-0.08306
0.7433	-0.4	-0.05831
0.6856	-0.2085	-0.02862
0.6834	-0.08625	-0.02821
0.7275	-0.02638	-0.06354
0.7514	-0.01957	-0.1045
0.7968	-0.06575	-0.135
0.8025	-0.09832	-0.1331
0.8054	-0.1903	-0.1176
0.8413	-0.2473	-0.113
0.8442	-0.2562	-0.08609
0.852	-0.2501	-0.06409
0.8521	-0.1677	-0.05801
0.8713	-0.09748	-0.05315
0.9835	-0.06815	-0.09188
1.157	-0.1196	-0.1307
1.332	-0.2314	-0.1252
1.457	-0.2975	-0.09785
1.55	-0.3245	-0.07282
1.583	-0.2597	-0.09127
1.545	-0.2282	-0.1182
1.504	-0.4046	-0.1419
1.365	-0.6445	-0.189
1.142	-0.7936	-0.194
1.032	-0.7955	-0.168
0.9906	-0.6095	-0.1253
0.9115	-0.3136	-0.0404
0.8962	-0.1747	-0.02476
0.9384	-0.1937	-0.04555
0.8909	-0.1087	0.004129
0.8684	-0.1137	-0.003976
0.9121	-0.2597	-0.05405
0.866	-0.2722	-0.04674
0.7963	-0.299	-0.03683
0.6859	-0.3414	0.01344
0.5823	-0.2806	0.07643
0.6283	-0.2547	0.09672
0.6722	-0.1989	0.1203
0.7342	-0.1264	0.1184
0.8225	-0.1426	0.1051
0.8247	-0.1695	0.07934
0.8379	-0.2247	0.05505
0.8492	-0.3292	0.09451
0.9012	-0.4097	0.1154
1.041	-0.4064	0.1163
1.18	-0.3377	0.1531
1.297	-0.2449	0.172
1.326	-0.1182	0.1284
1.377	-0.07182	0.05328
1.488	-0.2472	0.02744
1.504	-0.5854	0.01125
1.424	-0.7928	0.004319
1.133	-0.6818	0.1014
0.7367	-0.5186	0.1822
0.6446	-0.4449	0.1191
0.7808	-0.3777	0.01207
0.8711	-0.4385	-0.05008
0.9785	-0.4973	-0.1151
1.04	-0.4051	-0.1446
0.8765	-0.3449	-0.08056
0.7113	-0.2645	-0.02431
0.6727	-0.1481	-0.001733
0.6566	-0.1031	-0.01931
0.7341	-0.07094	-0.07735
0.8246	-0.122	-0.09637
0.8642	-0.2056	-0.115
0.8716	-0.2245	-0.115
0.8202	-0.2484	-0.08395
0.8218	-0.2348	-0.08913
0.8395	-0.2237	-0.08322
0.8637	-0.2285	-0.09195
0.9184	-0.2089	-0.1135
0.9224	-0.2075	-0.09821
0.9601	-0.1605	-0.09307
0.9997	-0.1097	-0.07329
1.017	-0.1033	-0.05609
0.8725	-0.1313	0.1245
0.9196	-0.1351	0.1267
0.9366	-0.153	0.1231
0.9595	-0.1822	0.1275
0.9803	-0.1851	0.1311
0.9848	-0.1653	0.1356
1.048	-0.1585	0.1359
1.112	-0.1336	0.13
1.153	-0.0845	0.1229
1.199	-0.05723	0.06975
1.267	-0.08763	-0.02914
1.516	-0.2608	-0.1078
1.855	-0.5897	-0.1585
1.873	-0.8465	-0.1589
1.395	-0.8152	0.008125
0.7644	-0.6626	0.2562
0.5039	-0.6125	0.292
0.6161	-0.5988	0.1765
0.7471	-0.5708	0.09844
0.8194	-0.5112	-0.006059
0.8323	-0.4525	-0.03063
0.7818	-0.452	0.0257
0.8178	-0.4244	-0.03705
0.8748	-0.4075	-0.07334
0.8653	-0.3747	-0.05474
0.8487	-0.2796	-0.08462
0.7591	-0.2714	-0.06347
0.7356	-0.2914	-0.06279
0.8229	-0.3057	-0.08961
0.8604	-0.3387	-0.08299
0.9295	-0.3001	-0.1044
0.9558	-0.2372	-0.103
0.8945	-0.175	-0.1022
0.8395	-0.1476	-0.1092
0.7748	-0.1916	-0.08744
0.7829	-0.234	-0.09845
0.8312	-0.2516	-0.1102
0.8912	-0.238	-0.1249
0.9669	-0.2169	-0.1293
0.9798	-0.2043	-0.07643
0.9932	-0.1819	-0.03113
0.9787	-0.159	-0.01671
0.9729	-0.1454	-0.0398
1.161	-0.1814	-0.05914
1.477	-0.2714	-0.05497
1.642	-0.3559	-0.1025
1.532	-0.3795	-0.1598
1.424	-0.4255	-0.2013
1.412	-0.6305	-0.2657
1.325	-0.8437	-0.2931
1.194	-0.8891	-0.2219
0.9874	-0.8442	-0.09945
0.8246	-0.7535	-0.0186
0.8526	-0.5381	0.007793
0.8469	-0.2623	0.004804
0.8578	-0.1836	0.0002716
0.963	-0.2163	-0.00224
0.9776	-0.1492	-0.02897
0.929	-0.1757	-0.03881
0.8442	-0.2465	-0.01789
0.7381	-0.2352	0.01552
0.644	-0.294	0.05424
0.5865	-0.3008	0.06768
0.6294	-0.2407	0.07434
0.6392	-0.2216	0.07581
0.6307	-0.1394	0.06111
0.6799	-0.06196	0.0527
0.6635	-0.07843	0.05277
0.6705	-0.1677	0.06679
0.744	-0.2601	0.07656
0.8175	-0.2864	0.07236
1.019	-0.3199	0.07672
1.317	-0.3646	0.09081
1.439	-0.3635	0.09761
1.436	-0.3563	0.07056
1.6	-0.422	0.03248
1.696	-0.512	0.02583
1.573	-0.5671	0.03515
1.52	-0.6389	0.04512
1.317	-0.5692	0.07565
0.9567	-0.3745	0.1013
0.7813	-0.3108	0.05171
0.6518	-0.3009	-0.02063
0.6601	-0.342	-0.0395
0.9133	-0.4489	-0.08281
1.091	-0.4458	-0.1533
1.011	-0.4013	-0.1467
0.7671	-0.3216	-0.06013
0.6135	-0.1748	0.03333
0.5857	-0.1322	0.04118
0.6185	-0.1316	-0.01655
0.722	-0.102	-0.06009
0.819	-0.1573	-0.1223
0.8766	-0.2183	-0.1426
0.8171	-0.233	-0.09055
0.7906	-0.2557	-0.0883
0.8774	-0.241	-0.09483
0.8965	-0.2159	-0.0819
0.9485	-0.1832	-0.08345
0.96	-0.09893	-0.04919
0.9303	-0.04029	-0.02749
1.02	-0.03665	-0.03073
1.128	-0.08595	-0.0261
1.339	-0.1658	-0.03277
1.586	-0.1814	-0.04338
1.736	-0.1435	-0.1073
1.795	-0.14	-0.2004
1.669	-0.2659	-0.2424
1.505	-0.5705	-0.2714
1.297	-0.8938	-0.2746
1.014	-0.9668	-0.1883
0.8455	-0.7735	-0.06014
0.7492	-0.543	0.00914
0.7413	-0.3453	0.004268
0.7985	-0.2023	-0.01242
0.8234	-0.1901	-0.01567
0.8729	-0.2015	-0.03881
0.885	-0.2094	-0.07735
0.8352	-0.2475	-0.07443
0.7001	-0.2469	-0.009864
0.5137	-0.2525	0.05686
0.5179	-0.2486	0.04524
0.6163	-0.1721	0.0346
0.6313	-0.09317	0.08383
0.7021	-0.07854	0.06403
0.7883	-0.1454	0.03116
0.8061	-0.2222	0.05459
0.8659	-0.282	0.05168
0.6392	-0.2216	0.07581
0.6307	-0.1394	0.06111
0.6799	-0.06196	0.0527
0.6635	-0.07843	0.05277
0.6705	-0.1677	0.06679
0.744	-0.2601	0.07656
0.8175	-0.2864	0.07236
1.019	-0.3199	0.07672
1.317	-0.3646	0.09081
1.439	-0.3635	0.09761
1.436	-0.3563	0.07056
1.6	-0.422	0.03248
1.696	-0.512	0.02583
1.573	-0.5671	0.03515
1.52	-0.6389	0.04512
1.317	-0.5692	0.07565
0.9567	-0.3745	0.1013
0.7813	-0.3108	0.05171
0.6518	-0.3009	-0.02063
0.6601	-0.342	-0.0395
0.9133	-0.4489	-0.08281
1.091	-0.4458	-0.1533
1.011	-0.4013	-0.1467
0.7671	-0.3216	-0.06013
0.6135	-0.1748	0.03333
0.5857	-0.1322	0.04118
0.6185	-0.1316	-0.01655
0.722	-0.102	-0.06009
0.819	-0.1573	-0.1223
0.8766	-0.2183	-0.1426
0.8171	-0.233	-0.09055
0.7906	-0.2557	-0.0883
0.8774	-0.241	-0.09483
0.8965	-0.2159	-0.0819
0.9485	-0.1832	-0.08345
0.96	-0.09893	-0.04919
0.9303	-0.04029	-0.02749
1.02	-0.03665	-0.03073
1.128	-0.08595	-0.0261
1.339	-0.1658	-0.03277
1.586	-0.1814	-0.04338
1.736	-0.1435	-0.1073
1.795	-0.14	-0.2004
1.669	-0.2659	-0.2424
1.505	-0.5705	-0.2714
1.297	-0.8938	-0.2746
1.014	-0.9668	-0.1883
0.8455	-0.7735	-0.06014
0.7492	-0.543	0.00914
0.7413	-0.3453	0.004268
0.7985	-0.2023	-0.01242
0.8234	-0.1901	-0.01567
0.8729	-0.2015	-0.03881
0.885	-0.2094	-0.07735
0.8352	-0.2475	-0.07443
0.7001	-0.2469	-0.009864
0.5137	-0.2525	0.05686
0.5179	-0.2486	0.04524
0.6163	-0.1721	0.0346
0.6313	-0.09317	0.08383
0.7021	-0.07854	0.06403
0.7883	-0.1454	0.03116
0.8061	-0.2222	0.05459
0.8659	-0.282	0.05168
0.9806	-0.3548	0.08201
1.157	-0.3804	0.1155
1.383	-0.3698	0.09865
1.547	-0.3729	0.1051
1.599	-0.3939	0.09215
1.533	-0.4539	0.06384
1.433	-0.5576	0.0612
1.326	-0.6439	0.03318
1.132	-0.5999	-0.02283
0.9801	-0.4745	-0.064
0.921	-0.3752	-0.06385
0.8665	-0.3071	-0.05722
0.8565	-0.3252	-0.05347
0.8388	-0.3701	-0.03494
0.7802	-0.4057	-0.043
0.7364	-0.4809	-0.07165
0.6634	-0.4374	-0.0842
0.595	-0.2921	-0.05465
0.5957	-0.1515	-0.01633
0.6512	-0.00481	-0.05437
0.766	0.001656	-0.1166
0.8428	-0.06699	-0.1419
0.8179	-0.1122	-0.1491
0.8071	-0.2231	-0.1237
0.8191	-0.2708	-0.1027
0.814	-0.2405	-0.1003
0.8327	-0.2105	-0.07671
0.868	-0.1315	-0.06012
0.9477	-0.0814	-0.06636
1.101	-0.09191	-0.08805
1.264	-0.1417	-0.1092
1.395	-0.2151	-0.09661
1.491	-0.2343	-0.07651
1.546	-0.2331	-0.07991
1.533	-0.2634	-0.113
1.479	-0.3481	-0.1797
1.429	-0.5688	-0.248
1.336	-0.8373	-0.2895
1.151	-0.9263	-0.2862
0.9479	-0.846	-0.2208
0.8507	-0.7187	-0.1131
0.8511	-0.5337	-0.02181
0.8523	-0.3615	0.002183
0.8556	-0.2585	0.002711
0.8888	-0.1915	0.005529
0.9415	-0.2137	-0.04126
0.9569	-0.2277	-0.07614
0.8515	-0.1926	-0.05608
0.679	-0.2278	-0.00924
0.5577	-0.2118	0.06687
0.5288	-0.1594	0.08159
0.5832	-0.1706	0.06484
0.6665	-0.167	0.08188
0.7371	-0.2244	0.04065
0.7681	-0.3046	0.01731
0.7527	-0.319	0.04716
0.7735	-0.3314	0.06364
0.8608	-0.3409	0.1096
0.9362	-0.3609	0.1233
1.05	-0.3507	0.1078
1.318	-0.3298	0.1407
1.519	-0.341	0.154
1.462	-0.3551	0.1034
1.519	-0.4826	0.02392
0.9806	-0.3548	0.08201
1.157	-0.3804	0.1155
1.383	-0.3698	0.09865
1.547	-0.3729	0.1051
1.599	-0.3939	0.09215
1.533	-0.4539	0.06384
1.433	-0.5576	0.0612
1.326	-0.6439	0.03318
1.132	-0.5999	-0.02283
0.9801	-0.4745	-0.064
0.921	-0.3752	-0.06385
0.8665	-0.3071	-0.05722
0.8565	-0.3252	-0.05347
0.8388	-0.3701	-0.03494
0.7802	-0.4057	-0.043
0.7364	-0.4809	-0.07165
0.6634	-0.4374	-0.0842
0.595	-0.2921	-0.05465
0.5957	-0.1515	-0.01633
0.6512	-0.00481	-0.05437
0.766	0.001656	-0.1166
0.8428	-0.06699	-0.1419
0.8179	-0.1122	-0.1491
0.8071	-0.2231	-0.1237
0.8191	-0.2708	-0.1027
0.814	-0.2405	-0.1003
0.8327	-0.2105	-0.07671
0.868	-0.1315	-0.06012
0.9477	-0.0814	-0.06636
1.101	-0.09191	-0.08805
1.264	-0.1417	-0.1092
1.395	-0.2151	-0.09661
1.491	-0.2343	-0.07651
1.546	-0.2331	-0.07991
1.533	-0.2634	-0.113
1.479	-0.3481	-0.1797
1.429	-0.5688	-0.248
1.336	-0.8373	-0.2895
1.151	-0.9263	-0.2862
0.9479	-0.846	-0.2208
0.8507	-0.7187	-0.1131
0.8511	-0.5337	-0.02181
0.8523	-0.3615	0.002183
0.8556	-0.2585	0.002711
0.8888	-0.1915	0.005529
0.9415	-0.2137	-0.04126
0.9569	-0.2277	-0.07614
0.8515	-0.1926	-0.05608
0.679	-0.2278	-0.00924
0.5577	-0.2118	0.06687
0.5288	-0.1594	0.08159
0.5832	-0.1706	0.06484
0.6665	-0.167	0.08188
0.7371	-0.2244	0.04065
0.7681	-0.3046	0.01731
0.7527	-0.319	0.04716
0.7735	-0.3314	0.06364
0.8608	-0.3409	0.1096
0.9362	-0.3609	0.1233
1.05	-0.3507	0.1078
1.318	-0.3298	0.1407
1.519	-0.341	0.154
1.462	-0.3551	0.1034
1.519	-0.4826	0.02392
1.716	-0.6274	-0.005912
1.554	-0.6455	0.01954
1.227	-0.6616	0.02811
1	-0.619	0.0404
0.7431	-0.4489	0.05385
0.6523	-0.3651	0.02092
0.73	-0.4235	-0.02127
0.8074	-0.4994	-0.04896
0.874	-0.5919	-0.09228
0.8387	-0.5955	-0.1263
0.7919	-0.4657	-0.1206
0.7521	-0.3392	-0.09137
0.7203	-0.1811	-0.05587
0.7941	-0.08776	-0.08015
0.852	-0.1223	-0.1412
0.8806	-0.1451	-0.1417
0.8813	-0.2221	-0.1345
0.835	-0.3056	-0.1275
0.8079	-0.3237	-0.1019
0.7733	-0.3424	-0.1155
0.779	-0.3259	-0.129
0.8182	-0.3147	-0.1461
0.87	-0.2869	-0.1835
0.9309	-0.2258	-0.1774
0.8942	-0.2191	-0.1225
0.856	-0.1787	-0.04803
0.8857	-0.04473	-0.03027
0.9453	0.09492	-0.08362
1.14	0.1266	-0.1256
1.423	-0.02241	-0.1434
1.605	-0.2751	-0.1226
1.602	-0.4671	-0.06065
1.461	-0.5007	-0.01342
1.366	-0.4692	-0.01856
1.42	-0.5113	-0.08969
1.44	-0.5733	-0.1786
1.256	-0.5821	-0.2111
1.041	-0.5934	-0.166
0.9769	-0.5709	-0.1088
0.9511	-0.4492	-0.09194
0.8608	-0.3522	-0.06533
0.8074	-0.3491	-0.0608
0.842	-0.407	-0.1005
0.8527	-0.4996	-0.1184
0.8245	-0.521	-0.1605
0.7769	-0.4483	-0.1999
0.6926	-0.3506	-0.1603
0.702	-0.2714	-0.1084
0.7738	-0.2262	-0.07177
0.7742	-0.1725	-0.03142
0.7838	-0.1066	-0.001036
0.8047	-0.04737	0.009613
0.8054	-0.03139	0.02238
0.7685	-0.07685	0.06083
0.6671	-0.1352	0.1199
0.6398	-0.224	0.1726
0.7028	-0.3081	0.1629
0.8218	-0.3408	0.1263
1.035	-0.37	0.1164
1.182	-0.3676	0.121
1.201	-0.3439	0.1515
1.242	-0.3336	0.15
1.382	-0.3077	0.09483
1.571	-0.3012	0.04966
1.716	-0.6274	-0.005912
1.554	-0.6455	0.01954
1.227	-0.6616	0.02811
1	-0.619	0.0404
0.7431	-0.4489	0.05385
0.6523	-0.3651	0.02092
0.73	-0.4235	-0.02127
0.8074	-0.4994	-0.04896
0.874	-0.5919	-0.09228
0.8387	-0.5955	-0.1263
0.7919	-0.4657	-0.1206
0.7521	-0.3392	-0.09137
0.7203	-0.1811	-0.05587
0.7941	-0.08776	-0.08015
0.852	-0.1223	-0.1412
0.8806	-0.1451	-0.1417
0.8813	-0.2221	-0.1345
0.835	-0.3056	-0.1275
0.8079	-0.3237	-0.1019
0.7733	-0.3424	-0.1155
0.779	-0.3259	-0.129
0.8182	-0.3147	-0.1461
0.87	-0.2869	-0.1835
0.9309	-0.2258	-0.1774
0.8942	-0.2191	-0.1225
0.856	-0.1787	-0.04803
0.8857	-0.04473	-0.03027
0.9453	0.09492	-0.08362
1.14	0.1266	-0.1256
1.423	-0.02241	-0.1434
1.605	-0.2751	-0.1226
1.602	-0.4671	-0.06065
1.461	-0.5007	-0.01342
1.366	-0.4692	-0.01856
1.42	-0.5113	-0.08969
1.44	-0.5733	-0.1786
1.256	-0.5821	-0.2111
1.041	-0.5934	-0.166
0.9769	-0.5709	-0.1088
0.9511	-0.4492	-0.09194
0.8608	-0.3522	-0.06533
0.8074	-0.3491	-0.0608
0.842	-0.407	-0.1005
0.8527	-0.4996	-0.1184
0.8245	-0.521	-0.1605
0.7769	-0.4483	-0.1999
0.6926	-0.3506	-0.1603
0.702	-0.2714	-0.1084
0.7738	-0.2262	-0.07177
0.7742	-0.1725	-0.03142
0.7838	-0.1066	-0.001036
0.8047	-0.04737	0.009613
0.8054	-0.03139	0.02238
0.7685	-0.07685	0.06083
0.6671	-0.1352	0.1199
0.6398	-0.224	0.1726
0.7028	-0.3081	0.1629
0.8218	-0.3408	0.1263
1.035	-0.37	0.1164
1.182	-0.3676	0.121
1.201	-0.3439	0.1515
1.242	-0.3336	0.15
1.382	-0.3077	0.09483
1.571	-0.3012	0.04966
1.603	-0.3218	0.06071
1.368	-0.3632	0.1517
1.036	-0.4359	0.2338
0.8126	-0.4931	0.2353
0.7798	-0.5768	0.1559
0.8683	-0.7065	0.02813
0.969	-0.7536	-0.07215
1.058	-0.7332	-0.1378
1.078	-0.7056	-0.1515
1.022	-0.5633	-0.1434
0.9955	-0.3886	-0.1649
0.9531	-0.3807	-0.1421
0.8248	-0.3556	-0.06
0.6997	-0.1987	0.01503
0.7052	-0.1926	-0.005891
0.8384	-0.2377	-0.1058
0.8972	-0.1269	-0.1552
0.8547	-0.1121	-0.1548
0.8089	-0.1638	-0.1209
0.7159	-0.1741	-0.07364
0.6626	-0.2527	-0.06079
0.7286	-0.2861	-0.05759
0.8202	-0.3182	-0.06555
0.8509	-0.3516	-0.05996
0.8235	-0.2357	-0.05365
0.8272	-0.1281	-0.06938
0.8957	-0.09459	-0.05637
1.017	-0.1187	-0.04723
1.153	-0.2185	-0.005176
1.286	-0.2939	0.1109
1.404	-0.314	0.1857
1.447	-0.2782	0.1451
1.53	-0.254	0.04657
1.633	-0.2868	-0.02495
1.58	-0.4264	-0.1428
1.526	-0.7078	-0.2686
1.402	-0.8756	-0.2503
0.993	-0.9298	-0.1842
0.671	-0.9334	-0.1034
0.7163	-0.6382	-0.01859
0.8681	-0.24	-0.02253
0.9667	-0.06822	-0.03534
1.078	-0.08571	-0.02368
1.122	-0.1028	-0.005188
0.994	-0.07292	0.04378
0.838	-0.1661	0.08773
0.741	-0.2358	0.1025
0.6547	-0.2193	0.1104
0.6058	-0.2491	0.1248
0.6189	-0.1884	0.1066
0.7001	-0.1271	0.07552
0.786	-0.09703	0.06875
0.7968	-0.04579	0.06413
0.7587	-0.1022	0.08013
0.7495	-0.1806	0.1055
0.8206	-0.3031	0.1443
0.9167	-0.4244	0.2052
0.9891	-0.3999	0.2268
1.051	-0.3188	0.2296
1.158	-0.1893	0.2213
1.349	-0.1574	0.1523
1.525	-0.3411	0.07268
1.578	-0.6115	0.06192
1.434	-0.8173	0.09681
1.603	-0.3218	0.06071
1.368	-0.3632	0.1517
1.036	-0.4359	0.2338
0.8126	-0.4931	0.2353
0.7798	-0.5768	0.1559
0.8683	-0.7065	0.02813
0.969	-0.7536	-0.07215
1.058	-0.7332	-0.1378
1.078	-0.7056	-0.1515
1.022	-0.5633	-0.1434
0.9955	-0.3886	-0.1649
0.9531	-0.3807	-0.1421
0.8248	-0.3556	-0.06
0.6997	-0.1987	0.01503
0.7052	-0.1926	-0.005891
0.8384	-0.2377	-0.1058
0.8972	-0.1269	-0.1552
0.8547	-0.1121	-0.1548
0.8089	-0.1638	-0.1209
0.7159	-0.1741	-0.07364
0.6626	-0.2527	-0.06079
0.7286	-0.2861	-0.05759
0.8202	-0.3182	-0.06555
0.8509	-0.3516	-0.05996
0.8235	-0.2357	-0.05365
0.8272	-0.1281	-0.06938
0.8957	-0.09459	-0.05637
1.017	-0.1187	-0.04723
1.153	-0.2185	-0.005176
1.286	-0.2939	0.1109
1.404	-0.314	0.1857
1.447	-0.2782	0.1451
1.53	-0.254	0.04657
1.633	-0.2868	-0.02495
1.58	-0.4264	-0.1428
1.526	-0.7078	-0.2686
1.402	-0.8756	-0.2503
0.993	-0.9298	-0.1842
0.671	-0.9334	-0.1034
0.7163	-0.6382	-0.01859
0.8681	-0.24	-0.02253
0.9667	-0.06822	-0.03534
1.078	-0.08571	-0.02368
1.122	-0.1028	-0.005188
0.994	-0.07292	0.04378
0.838	-0.1661	0.08773
0.741	-0.2358	0.1025
0.6547	-0.2193	0.1104
0.6058	-0.2491	0.1248
0.6189	-0.1884	0.1066
0.7001	-0.1271	0.07552
0.786	-0.09703	0.06875
0.7968	-0.04579	0.06413
0.7587	-0.1022	0.08013
0.7495	-0.1806	0.1055
0.8206	-0.3031	0.1443
0.9167	-0.4244	0.2052
0.9891	-0.3999	0.2268
1.051	-0.3188	0.2296
1.158	-0.1893	0.2213
1.349	-0.1574	0.1523
1.525	-0.3411	0.07268
1.578	-0.6115	0.06192
1.434	-0.8173	0.09681
1.187	-0.7437	0.1093
1.009	-0.5193	0.1124
0.8645	-0.3724	0.07861
0.8093	-0.2724	-0.04055
0.8458	-0.2851	-0.1264
0.8765	-0.3567	-0.1144
0.9842	-0.4417	-0.0914
1.034	-0.533	-0.09126
0.904	-0.4589	-0.07576
0.7977	-0.3543	-0.03749
0.785	-0.2943	-0.0137
0.8149	-0.2054	-0.007747
0.8359	-0.2273	-0.02789
0.8305	-0.2477	-0.07382
0.8337	-0.2186	-0.1015
0.8026	-0.2346	-0.1095
0.764	-0.1941	-0.1048
0.7615	-0.1712	-0.1062
0.7838	-0.2001	-0.113
0.8403	-0.2141	-0.09996
0.8802	-0.2321	-0.09492
0.8913	-0.2019	-0.08533
0.8785	-0.1418	-0.07384
0.8669	-0.09045	-0.0856
0.9392	-0.06475	-0.1012
1.071	-0.08183	-0.1327
1.211	-0.09996	-0.1526
1.314	-0.1497	-0.1342
1.409	-0.2549	-0.06964
1.543	-0.3451	0.008616
1.538	-0.3134	-0.03248
1.468	-0.2381	-0.1094
1.546	-0.2886	-0.1241
1.553	-0.3516	-0.1966
1.42	-0.4842	-0.2139
1.23	-0.7723	-0.1312
0.9577	-0.8535	-0.09401
0.8416	-0.7101	-0.01138
0.8455	-0.5596	0.0467
0.7638	-0.3338	0.004678
0.7498	-0.1478	0.02199
0.7872	-0.1338	0.001391
0.8496	-0.1959	-0.08651
0.9287	-0.2681	-0.1116
0.8215	-0.3464	-0.09292
0.6255	-0.4035	-0.03398
0.5127	-0.386	0.0178
0.4918	-0.3235	0.0458
0.5694	-0.245	0.0618
0.67	-0.1608	0.0453
0.7449	-0.139	0.05123
0.77	-0.1502	0.04903
0.7406	-0.1507	0.04495
0.7147	-0.1764	0.07722
0.7061	-0.2345	0.09378
0.7571	-0.3128	0.1006
0.8915	-0.3729	0.07514
1.029	-0.3804	0.04042
1.153	-0.3498	0.03635
1.272	-0.3004	0.01232
1.385	-0.2514	-0.02694
1.571	-0.243	-0.1112
1.792	-0.297	-0.2259
1.898	-0.3781	-0.2527
1.187	-0.7437	0.1093
1.009	-0.5193	0.1124
0.8645	-0.3724	0.07861
0.8093	-0.2724	-0.04055
0.8458	-0.2851	-0.1264
0.8765	-0.3567	-0.1144
0.9842	-0.4417	-0.0914
1.034	-0.533	-0.09126
0.904	-0.4589	-0.07576
0.7977	-0.3543	-0.03749
0.785	-0.2943	-0.0137
0.8149	-0.2054	-0.007747
0.8359	-0.2273	-0.02789
0.8305	-0.2477	-0.07382
0.8337	-0.2186	-0.1015
0.8026	-0.2346	-0.1095
0.764	-0.1941	-0.1048
0.7615	-0.1712	-0.1062
0.7838	-0.2001	-0.113
0.8403	-0.2141	-0.09996
0.8802	-0.2321	-0.09492
0.8913	-0.2019	-0.08533
0.8785	-0.1418	-0.07384
0.8669	-0.09045	-0.0856
0.9392	-0.06475	-0.1012
1.071	-0.08183	-0.1327
1.211	-0.09996	-0.1526
1.314	-0.1497	-0.1342
1.409	-0.2549	-0.06964
1.543	-0.3451	0.008616
1.538	-0.3134	-0.03248
1.468	-0.2381	-0.1094
1.546	-0.2886	-0.1241
1.553	-0.3516	-0.1966
1.42	-0.4842	-0.2139
1.23	-0.7723	-0.1312
0.9577	-0.8535	-0.09401
0.8416	-0.7101	-0.01138
0.8455	-0.5596	0.0467
0.7638	-0.3338	0.004678
0.7498	-0.1478	0.02199
0.7872	-0.1338	0.001391
0.8496	-0.1959	-0.08651
0.9287	-0.2681	-0.1116
0.8215	-0.3464	-0.09292
0.6255	-0.4035	-0.03398
0.5127	-0.386	0.0178
0.4918	-0.3235	0.0458
0.5694	-0.245	0.0618
0.67	-0.1608	0.0453
0.7449	-0.139	0.05123
0.77	-0.1502	0.04903
0.7406	-0.1507	0.04495
0.7147	-0.1764	0.07722
0.7061	-0.2345	0.09378
0.7571	-0.3128	0.1006
0.8915	-0.3729	0.07514
1.029	-0.3804	0.04042
1.153	-0.3498	0.03635
1.272	-0.3004	0.01232
1.385	-0.2514	-0.02694
1.571	-0.243	-0.1112
1.792	-0.297	-0.2259
1.898	-0.3781	-0.2527
1.756	-0.481	-0.1532
1.322	-0.5833	0.07142
0.7852	-0.5915	0.2975
0.4703	-0.5585	0.2966
0.5029	-0.563	0.1597
0.6223	-0.5477	0.1089
0.7035	-0.5568	0.03889
0.8685	-0.5931	-0.05896
0.9267	-0.5531	-0.0958
0.8668	-0.4895	-0.1565
0.8543	-0.4057	-0.1496
0.794	-0.2811	-0.1027
0.7493	-0.2345	-0.1196
0.7386	-0.2138	-0.1137
0.7158	-0.1675	-0.15
0.7558	-0.2215	-0.1843
0.8206	-0.3299	-0.1939
0.8763	-0.3829	-0.2433
0.8781	-0.3856	-0.2142
0.8609	-0.3445	-0.1854
0.8932	-0.2981	-0.1864
0.9082	-0.2603	-0.1526
0.923	-0.1931	-0.1588
0.9512	-0.1029	-0.1446
0.9662	-0.03357	-0.1182
0.9765	-0.02202	-0.1206
0.9778	-0.01549	-0.09623
0.9892	0.01146	-0.07443
0.9968	0.004206	-0.06457
1.004	-5.802e-05	-0.041
1.028	-0.02386	0.0003815
1.084	-0.1204	0.02352
1.231	-0.2138	0.01925
1.442	-0.2717	0.02129
1.632	-0.2661	-0.009173
1.728	-0.1915	-0.06293
1.715	-0.167	-0.07808
1.635	-0.3057	-0.06444
1.408	-0.566	-0.06572
1.063	-0.7452	-0.09475
0.8564	-0.7974	-0.1126
0.8372	-0.7561	-0.1054
0.8363	-0.5231	-0.08835
0.8098	-0.2798	-0.07695
0.8089	-0.2862	-0.07801
0.8177	-0.3207	-0.06116
0.7923	-0.2083	-0.03743
0.758	-0.204	-0.03985
0.7426	-0.2779	-0.04344
0.7148	-0.2533	-0.0193
0.6797	-0.2925	0.01463
0.6809	-0.3043	0.04003
0.7164	-0.223	0.06301
0.7695	-0.1781	0.06923
0.8217	-0.05379	0.07014
0.8245	-0.00237	0.07979
0.7776	-0.09027	0.06613
0.7324	-0.1369	0.05219
0.7043	-0.2384	0.0661
0.712	-0.3399	0.08226
0.7811	-0.41	0.09864
0.9126	-0.5107	0.1131
1.066	-0.5386	0.1098
1.133	-0.515	0.09994
1.756	-0.481	-0.1532
1.322	-0.5833	0.07142
0.7852	-0.5915	0.2975
0.4703	-0.5585	0.2966
0.5029	-0.563	0.1597
0.6223	-0.5477	0.1089
0.7035	-0.5568	0.03889
0.8685	-0.5931	-0.05896
0.9267	-0.5531	-0.0958
0.8668	-0.4895	-0.1565
0.8543	-0.4057	-0.1496
0.794	-0.2811	-0.1027
0.7493	-0.2345	-0.1196
0.7386	-0.2138	-0.1137
0.7158	-0.1675	-0.15
0.7558	-0.2215	-0.1843
0.8206	-0.3299	-0.1939
0.8763	-0.3829	-0.2433
0.8781	-0.3856	-0.2142
0.8609	-0.3445	-0.1854
0.8932	-0.2981	-0.1864
0.9082	-0.2603	-0.1526
0.923	-0.1931	-0.1588
0.9512	-0.1029	-0.1446
0.9662	-0.03357	-0.1182
0.9765	-0.02202	-0.1206
0.9778	-0.01549	-0.09623
0.9892	0.01146	-0.07443
0.9968	0.004206	-0.06457
1.004	-5.802e-05	-0.041
1.028	-0.02386	0.0003815
1.084	-0.1204	0.02352
1.231	-0.2138	0.01925
1.442	-0.2717	0.02129
1.632	-0.2661	-0.009173
1.728	-0.1915	-0.06293
1.715	-0.167	-0.07808
1.635	-0.3057	-0.06444
1.408	-0.566	-0.06572
1.063	-0.7452	-0.09475
0.8564	-0.7974	-0.1126
0.8372	-0.7561	-0.1054
0.8363	-0.5231	-0.08835
0.8098	-0.2798	-0.07695
0.8089	-0.2862	-0.07801
0.8177	-0.3207	-0.06116
0.7923	-0.2083	-0.03743
0.758	-0.204	-0.03985
0.7426	-0.2779	-0.04344
0.7148	-0.2533	-0.0193
0.6797	-0.2925	0.01463
0.6809	-0.3043	0.04003
0.7164	-0.223	0.06301
0.7695	-0.1781	0.06923
0.8217	-0.05379	0.07014
0.8245	-0.00237	0.07979
0.7776	-0.09027	0.06613
0.7324	-0.1369	0.05219
0.7043	-0.2384	0.0661
0.712	-0.3399	0.08226
0.7811	-0.41	0.09864
0.9126	-0.5107	0.1131
1.066	-0.5386	0.1098
1.133	-0.515	0.09994
1.164	-0.4384	0.08756
1.311	-0.301	0.04421
1.535	-0.198	-0.04156
1.793	-0.1678	-0.1285
1.916	-0.2079	-0.1386
1.617	-0.3339	-0.01427
1.123	-0.5422	0.2031
0.8072	-0.6299	0.3282
0.6044	-0.5461	0.2396
0.5353	-0.5267	0.1221
0.6571	-0.5427	0.07022
0.7617	-0.5247	-0.02919
0.802	-0.5486	-0.05575
0.8284	-0.5362	-0.05024
0.8237	-0.46	-0.1511
0.8021	-0.3531	-0.1321
0.7491	-0.2377	-0.06752
0.763	-0.194	-0.09149
0.8436	-0.1524	-0.04942
0.8661	-0.1099	-0.08099
0.8724	-0.1686	-0.168
0.8313	-0.2084	-0.161
0.7864	-0.2167	-0.1636
0.8319	-0.2759	-0.1438
0.8714	-0.3117	-0.1263
0.9016	-0.3213	-0.1387
0.8809	-0.3141	-0.1047
0.8155	-0.2918	-0.07624
0.837	-0.2801	-0.05758
0.8937	-0.2592	-0.07131
0.9845	-0.2315	-0.09577
1.172	-0.1346	-0.07398
1.391	0.03959	-0.07739
1.452	0.1002	-0.07805
1.36	-0.0679	-0.0703
1.396	-0.2994	-0.08762
1.437	-0.3919	-0.09852
1.396	-0.479	-0.1716
1.465	-0.7365	-0.3113
1.414	-0.9175	-0.3779
1.18	-0.8301	-0.2952
0.9034	-0.7716	-0.1692
0.7121	-0.7707	-0.08894
0.7834	-0.5543	-0.01875
0.8198	-0.367	0.004533
0.7843	-0.3172	0.01799
0.8694	-0.2323	0.05038
0.883	-0.23	0.02053
0.8919	-0.207	-0.003048
0.8769	-0.1398	-0.03006
0.7695	-0.1865	-0.06864
0.6962	-0.2555	-0.01897
0.5994	-0.3413	0.02231
0.5891	-0.3458	0.05196
0.6299	-0.2507	0.115
0.6385	-0.1934	0.1092
0.762	-0.09649	0.07549
0.8336	-0.06841	0.06173
0.8503	-0.1563	0.04824
0.9511	-0.2327	0.0534
1.056	-0.3424	0.07434
1.216	-0.3923	0.1168
1.382	-0.3605	0.1417
1.452	-0.372	0.1109
1.164	-0.4384	0.08756
1.311	-0.301	0.04421
1.535	-0.198	-0.04156
1.793	-0.1678	-0.1285
1.916	-0.2079	-0.1386
1.617	-0.3339	-0.01427
1.123	-0.5422	0.2031
0.8072	-0.6299	0.3282
0.6044	-0.5461	0.2396
0.5353	-0.5267	0.1221
0.6571	-0.5427	0.07022
0.7617	-0.5247	-0.02919
0.802	-0.5486	-0.05575
0.8284	-0.5362	-0.05024
0.8237	-0.46	-0.1511
0.8021	-0.3531	-0.1321
0.7491	-0.2377	-0.06752
0.763	-0.194	-0.09149
0.8436	-0.1524	-0.04942
0.8661	-0.1099	-0.08099
0.8724	-0.1686	-0.168
0.8313	-0.2084	-0.161
0.7864	-0.2167	-0.1636
0.8319	-0.2759	-0.1438
0.8714	-0.3117	-0.1263
0.9016	-0.3213	-0.1387
0.8809	-0.3141	-0.1047
0.8155	-0.2918	-0.07624
0.837	-0.2801	-0.05758
0.8937	-0.2592	-0.07131
0.9845	-0.2315	-0.09577
1.172	-0.1346	-0.07398
1.391	0.03959	-0.07739
1.452	0.1002	-0.07805
1.36	-0.0679	-0.0703
1.396	-0.2994	-0.08762
1.437	-0.3919	-0.09852
1.396	-0.479	-0.1716
1.465	-0.7365	-0.3113
1.414	-0.9175	-0.3779
1.18	-0.8301	-0.2952
0.9034	-0.7716	-0.1692
0.7121	-0.7707	-0.08894
0.7834	-0.5543	-0.01875
0.8198	-0.367	0.004533
0.7843	-0.3172	0.01799
0.8694	-0.2323	0.05038
0.883	-0.23	0.02053
0.8919	-0.207	-0.003048
0.8769	-0.1398	-0.03006
0.7695	-0.1865	-0.06864
0.6962	-0.2555	-0.01897
0.5994	-0.3413	0.02231
0.5891	-0.3458	0.05196
0.6299	-0.2507	0.115
0.6385	-0.1934	0.1092
0.762	-0.09649	0.07549
0.8336	-0.06841	0.06173
0.8503	-0.1563	0.04824
0.9511	-0.2327	0.0534
1.056	-0.3424	0.07434
1.216	-0.3923	0.1168
1.382	-0.3605	0.1417
1.452	-0.372	0.1109
1.471	-0.3873	0.08342
1.485	-0.4353	0.08452
1.489	-0.5634	0.07244
1.316	-0.6512	0.0613
0.957	-0.6219	0.08004
0.6893	-0.5538	0.07641
0.6594	-0.5031	0.0111
0.7426	-0.4572	-0.08105
0.7905	-0.4449	-0.1239
0.8646	-0.4453	-0.1018
0.9232	-0.4184	-0.09005
0.8542	-0.3676	-0.08002
0.8053	-0.2676	-0.04977
0.798	-0.1481	-0.03891
0.7818	-0.05751	-0.02313
0.8095	-0.02905	-0.01299
0.8127	-0.06864	-0.04893
0.8048	-0.1028	-0.1019
0.825	-0.1369	-0.1319
0.8467	-0.1808	-0.1352
0.8855	-0.2049	-0.1392
0.8807	-0.2521	-0.1289
0.8408	-0.2859	-0.09873
0.8286	-0.2868	-0.07741
0.8425	-0.3151	-0.06581
0.9253	-0.346	-0.07121
1.049	-0.3519	-0.07014
1.173	-0.3176	-0.05701
1.318	-0.2534	-0.03809
1.414	-0.2097	-0.0077
1.442	-0.1572	-0.02735
1.488	-0.08861	-0.07481
1.528	-0.109	-0.122
1.518	-0.313	-0.2224
1.474	-0.6207	-0.2932
1.351	-0.7923	-0.2594
1.125	-0.8332	-0.1928
0.8311	-0.9172	-0.1272
0.6875	-0.8174	-0.05743
0.7723	-0.5006	-0.04297
0.7603	-0.3537	-0.06914
0.7457	-0.2177	-0.06168
0.8765	-0.08996	-0.07534
0.9261	-0.2569	-0.1084
0.9762	-0.3458	-0.1108
0.9488	-0.3634	-0.1115
0.8046	-0.4608	-0.07558
0.7224	-0.3858	-0.01195
0.6078	-0.3246	0.03552
0.5919	-0.2419	0.07028
0.6386	-0.103	0.07412
0.6337	-0.1317	0.05885
0.7265	-0.144	0.02625
0.7507	-0.1893	-0.007788
0.7317	-0.3215	-0.01061
0.7702	-0.428	0.008858
0.8118	-0.5635	0.04257
0.9954	-0.5953	0.06895
1.264	-0.5295	0.08263
1.521	-0.4538	0.04087
1.688	-0.351	-0.0826
1.68	-0.2956	-0.1561
1.589	-0.2886	-0.08877
1.382	-0.3353	0.03847
1.471	-0.3873	0.08342
1.485	-0.4353	0.08452
1.489	-0.5634	0.07244
1.316	-0.6512	0.0613
0.957	-0.6219	0.08004
0.6893	-0.5538	0.07641
0.6594	-0.5031	0.0111
0.7426	-0.4572	-0.08105
0.7905	-0.4449	-0.1239
0.8646	-0.4453	-0.1018
0.9232	-0.4184	-0.09005
0.8542	-0.3676	-0.08002
0.8053	-0.2676	-0.04977
0.798	-0.1481	-0.03891
0.7818	-0.05751	-0.02313
0.8095	-0.02905	-0.01299
0.8127	-0.06864	-0.04893
0.8048	-0.1028	-0.1019
0.825	-0.1369	-0.1319
0.8467	-0.1808	-0.1352
0.8855	-0.2049	-0.1392
0.8807	-0.2521	-0.1289
0.8408	-0.2859	-0.09873
0.8286	-0.2868	-0.07741
0.8425	-0.3151	-0.06581
0.9253	-0.346	-0.07121
1.049	-0.3519	-0.07014
1.173	-0.3176	-0.05701
1.318	-0.2534	-0.03809
1.414	-0.2097	-0.0077
1.442	-0.1572	-0.02735
1.488	-0.08861	-0.07481
1.528	-0.109	-0.122
1.518	-0.313	-0.2224
1.474	-0.6207	-0.2932
1.351	-0.7923	-0.2594
1.125	-0.8332	-0.1928
0.8311	-0.9172	-0.1272
0.6875	-0.8174	-0.05743
0.7723	-0.5006	-0.04297
0.7603	-0.3537	-0.06914
0.7457	-0.2177	-0.06168
0.8765	-0.08996	-0.07534
0.9261	-0.2569	-0.1084
0.9762	-0.3458	-0.1108
0.9488	-0.3634	-0.1115
0.8046	-0.4608	-0.07558
0.7224	-0.3858	-0.01195
0.6078	-0.3246	0.03552
0.5919	-0.2419	0.07028
0.6386	-0.103	0.07412
0.6337	-0.1317	0.05885
0.7265	-0.144	0.02625
0.7507	-0.1893	-0.007788
0.7317	-0.3215	-0.01061
0.7702	-0.428	0.008858
0.8118	-0.5635	0.04257
0.9954	-0.5953	0.06895
1.264	-0.5295	0.08263
1.521	-0.4538	0.04087
1.688	-0.351	-0.0826
1.68	-0.2956	-0.1561
1.589	-0.2886	-0.08877
1.382	-0.3353	0.03847
1.148	-0.3834	0.1144
1	-0.3781	0.1568
0.8014	-0.414	0.1974
0.7235	-0.4894	0.1275
0.8638	-0.539	-0.02226
0.9182	-0.5443	-0.08314
0.956	-0.494	-0.09997
0.9771	-0.4125	-0.1328
0.8	-0.3811	-0.1005
0.7183	-0.4012	-0.05423
0.7098	-0.387	-0.04468
0.6834	-0.3475	-0.04016
0.788	-0.2914	-0.07503
0.8096	-0.2286	-0.116
0.8199	-0.1953	-0.1538
0.8427	-0.1547	-0.1744
0.7785	-0.1417	-0.1248
0.8109	-0.1829	-0.1013
0.7988	-0.2061	-0.1032
0.7843	-0.2098	-0.07861
0.8171	-0.221	-0.0599
0.786	-0.2152	-0.05072
0.8674	-0.1742	-0.0902
0.9495	-0.1409	-0.1244
1.019	-0.1582	-0.1044
1.263	-0.1937	-0.06165
1.542	-0.2147	0.003078
1.594	-0.2234	0.01662
1.516	-0.2395	-0.004119
1.624	-0.2682	0.004977
1.59	-0.2653	-0.01309
1.405	-0.2825	-0.07623
1.434	-0.4597	-0.1654
1.306	-0.7115	-0.2244
1.107	-0.7823	-0.1984
1.016	-0.6676	-0.1436
0.8312	-0.5266	-0.08614
0.765	-0.3426	-0.009454
0.7335	-0.1972	0.02217
0.6919	-0.2276	0.009999
0.741	-0.2395	0.000466
0.7193	-0.1869	-0.0297
0.7206	-0.1972	-0.02522
0.7174	-0.2088	0.01403
0.6774	-0.2541	0.02695
0.6967	-0.2935	0.0608
0.6995	-0.27	0.08723
0.751	-0.2743	0.08585
0.8243	-0.2544	0.08115
0.8283	-0.2188	0.0606
0.8138	-0.1934	0.07121
0.8052	-0.1652	0.09487
0.8391	-0.203	0.1061
0.8962	-0.2526	0.1103
0.963	-0.2961	0.09573
0.9976	-0.3315	0.1098
0.9735	-0.3186	0.1253
1.008	-0.3118	0.119
1.096	-0.2934	0.09523
1.181	-0.2716	0.02315
1.292	-0.2981	-0.03736
1.489	-0.3615	-0.09349
1.745	-0.4779	-0.1581
1.785	-0.573	-0.1464
