0.8933	0.00969	-0.07309
0.9218	0.02536	-0.04444
0.9789	0.04868	-0.0132
1.032	0.09133	-0.01779
1.057	0.1271	-0.03769
1.012	0.119	-0.06003
0.9625	0.1112	-0.06499
0.9256	0.1157	-0.03884
0.8967	0.1114	-0.007054
0.9244	0.09915	0.02109
0.9602	0.07402	0.06202
0.9929	0.04926	0.06589
1.054	0.03206	0.04085
1.106	0.008028	0.05028
1.15	-0.005218	0.04462
1.267	-0.006649	0.01876
1.464	-0.01374	0.002212
1.58	0.02448	-0.05087
1.587	0.09257	-0.1314
1.477	0.09112	-0.2425
1.186	0.01915	-0.3634
1.003	-0.04226	-0.369
1.022	-0.01071	-0.2829
1.052	0.05593	-0.2193
1.116	0.05721	-0.1878
1.097	0.03138	-0.1916
1.021	-0.0254	-0.2203
1.006	-0.07943	-0.2371
0.9641	-0.07519	-0.2294
0.9795	-0.103	-0.1959
0.9698	-0.1598	-0.1747
0.8807	-0.2033	-0.1814
0.8519	-0.2332	-0.178
0.835	-0.202	-0.1553
0.869	-0.1422	-0.1365
0.8991	-0.1063	-0.1297
0.8736	-0.1081	-0.1134
0.8838	-0.137	-0.09961
0.8372	-0.1491	-0.1023
0.7698	-0.1489	-0.0801
0.7557	-0.153	-0.02969
0.7726	-0.169	0.02393
0.8347	-0.185	0.05788
0.9121	-0.1716	0.05449
1.001	-0.1653	0.03476
1.027	-0.1938	0.01455
1.027	-0.207	0.0192
1.112	-0.1699	0.04723
1.187	-0.1395	0.05414
1.279	-0.1834	0.02915
1.491	-0.2374	-0.04088
1.659	-0.2347	-0.1156
1.545	-0.2267	-0.1613
1.261	-0.2186	-0.2548
1.034	-0.1742	-0.3242
0.8398	-0.118	-0.2659
0.7838	-0.08956	-0.2139
0.8451	-0.1165	-0.1906
0.8802	-0.1574	-0.1337
1	-0.1765	-0.1508
1.053	-0.1931	-0.1966
0.9866	-0.1652	-0.1972
0.967	-0.1003	-0.221
0.9175	-0.05368	-0.2006
0.8776	-0.0147	-0.1507
0.8713	0.01068	-0.1351
0.8734	0.01811	-0.101
0.9218	0.004854	-0.102
0.9502	-0.0169	-0.1174
0.9653	-0.02108	-0.1034
0.9541	-0.02425	-0.115
0.9222	-0.01707	-0.1173
0.9174	-0.01538	-0.1178
0.8827	-0.02378	-0.1223
0.8471	-0.01558	-0.1049
0.8524	-0.005799	-0.1026
0.8803	0.05781	-0.09882
0.9123	0.1397	-0.0898
0.9227	0.1304	-0.08706
0.9415	0.1053	-0.08877
0.9892	0.1163	-0.1113
1.036	0.1034	-0.1245
1.057	0.0824	-0.1199
1.09	0.06752	-0.1135
1.124	0.03527	-0.1065
1.097	0.03082	-0.08723
1.089	0.05122	-0.04692
1.106	0.05646	-0.03498
1.111	0.08162	-0.06123
1.182	0.09815	-0.09069
1.269	0.09689	-0.1107
1.352	0.09476	-0.1154
1.393	0.03455	-0.1504
1.315	-0.04004	-0.2261
1.216	-0.07393	-0.2635
1.083	-0.09724	-0.2412
0.9467	-0.1163	-0.2226
0.9809	-0.1025	-0.2175
1.046	-0.07531	-0.1977
1.043	-0.1123	-0.2026
1.058	-0.1521	-0.2384
1.029	-0.1448	-0.2628
0.9737	-0.1631	-0.2594
0.9571	-0.1764	-0.2148
0.9194	-0.1779	-0.1596
0.8824	-0.1845	-0.1243
0.8689	-0.1688	-0.1163
0.8551	-0.1625	-0.1361
0.876	-0.1588	-0.1413
0.9105	-0.1507	-0.1366
0.9374	-0.1438	-0.1365
0.9508	-0.1183	-0.1246
0.9187	-0.1083	-0.1127
0.8871	-0.1219	-0.09429
0.8821	-0.1452	-0.06989
0.8877	-0.1855	-0.03802
0.9011	-0.2101	-0.002079
0.9124	-0.1993	0.005006
0.9317	-0.1915	0.01028
0.9277	-0.2013	0.01943
0.8972	-0.1983	0.00761
0.8945	-0.2038	0.01269
0.916	-0.2347	0.03271
0.947	-0.2555	0.04357
0.9556	-0.2613	0.05085
0.9454	-0.2499	0.04675
0.9733	-0.2272	0.05918
1.004	-0.2048	0.08912
0.8776	-0.0147	-0.1507
0.8713	0.01068	-0.1351
0.8734	0.01811	-0.101
0.9218	0.004854	-0.102
0.9502	-0.0169	-0.1174
0.9653	-0.02108	-0.1034
0.9541	-0.02425	-0.115
0.9222	-0.01707	-0.1173
0.9174	-0.01538	-0.1178
0.8827	-0.02378	-0.1223
0.8471	-0.01558	-0.1049
0.8524	-0.005799	-0.1026
0.8803	0.05781	-0.09882
0.9123	0.1397	-0.0898
0.9227	0.1304	-0.08706
0.9415	0.1053	-0.08877
0.9892	0.1163	-0.1113
1.036	0.1034	-0.1245
1.057	0.0824	-0.1199
1.09	0.06752	-0.1135
1.124	0.03527	-0.1065
1.097	0.03082	-0.08723
1.089	0.05122	-0.04692
1.106	0.05646	-0.03498
1.111	0.08162	-0.06123
1.182	0.09815	-0.09069
1.269	0.09689	-0.1107
1.352	0.09476	-0.1154
1.393	0.03455	-0.1504
1.315	-0.04004	-0.2261
1.216	-0.07393	-0.2635
1.083	-0.09724	-0.2412
0.9467	-0.1163	-0.2226
0.9809	-0.1025	-0.2175
1.046	-0.07531	-0.1977
1.043	-0.1123	-0.2026
1.058	-0.1521	-0.2384
1.029	-0.1448	-0.2628
0.9737	-0.1631	-0.2594
0.9571	-0.1764	-0.2148
0.9194	-0.1779	-0.1596
0.8824	-0.1845	-0.1243
0.8689	-0.1688	-0.1163
0.8551	-0.1625	-0.1361
0.876	-0.1588	-0.1413
0.9105	-0.1507	-0.1366
0.9374	-0.1438	-0.1365
0.9508	-0.1183	-0.1246
0.9187	-0.1083	-0.1127
0.8871	-0.1219	-0.09429
0.8821	-0.1452	-0.06989
0.8877	-0.1855	-0.03802
0.9011	-0.2101	-0.002079
0.9124	-0.1993	0.005006
0.9317	-0.1915	0.01028
0.9277	-0.2013	0.01943
0.8972	-0.1983	0.00761
0.8945	-0.2038	0.01269
0.916	-0.2347	0.03271
0.947	-0.2555	0.04357
0.9556	-0.2613	0.05085
0.9454	-0.2499	0.04675
0.9733	-0.2272	0.05918
1.004	-0.2048	0.08912
1.025	-0.1823	0.09023
1.072	-0.1613	0.07025
1.115	-0.1259	0.04531
1.167	-0.1165	0.02818
1.238	-0.1406	0.01466
1.264	-0.1701	-0.01849
1.295	-0.2656	-0.03773
1.408	-0.3631	-0.02457
1.436	-0.3661	-0.01485
1.29	-0.3401	-0.05867
1.083	-0.3018	-0.1654
0.8536	-0.2471	-0.2651
0.7261	-0.2314	-0.2836
0.7719	-0.2716	-0.2239
0.8763	-0.3221	-0.1831
1.03	-0.3332	-0.1942
1.114	-0.3165	-0.222
1.052	-0.2766	-0.2857
1.031	-0.2169	-0.3184
1.029	-0.1802	-0.2602
0.9521	-0.1573	-0.1771
0.8984	-0.1122	-0.122
0.8701	-0.0785	-0.1129
0.8545	-0.09315	-0.1152
0.8979	-0.1036	-0.105
0.9428	-0.09609	-0.1083
0.9578	-0.1052	-0.1166
0.9624	-0.09852	-0.1214
0.9402	-0.08223	-0.131
0.9152	-0.06527	-0.134
0.9043	-0.0347	-0.1143
0.9016	-0.02432	-0.08528
0.9141	-0.02375	-0.07313
0.938	-0.01874	-0.07093
0.9669	-0.01284	-0.06421
0.9775	-0.002819	-0.05292
0.9824	0.009284	-0.03384
0.9905	0.03764	-0.01612
0.9723	0.05352	-0.01882
0.9561	0.05339	-0.02407
0.959	0.0555	-0.02382
0.9637	0.04416	-0.03982
0.9786	0.04393	-0.05513
1.037	0.02227	-0.07565
1.164	-0.04954	-0.1078
1.309	-0.09395	-0.1115
1.503	-0.09339	-0.1474
1.737	-0.09762	-0.2554
1.679	-0.1087	-0.3087
1.33	-0.1039	-0.2976
1.07	-0.1206	-0.3231
0.9448	-0.1508	-0.3234
0.9412	-0.1328	-0.262
0.9463	-0.108	-0.2315
0.8976	-0.07753	-0.2317
0.9937	-0.04307	-0.2127
0.9943	-0.0757	-0.1807
0.9345	-0.1149	-0.1757
1.037	-0.1167	-0.2045
1.022	-0.1116	-0.2147
1.018	-0.1048	-0.2113
1.024	-0.1435	-0.2153
0.9118	-0.2134	-0.2077
0.8927	-0.249	-0.184
1.025	-0.1823	0.09023
1.072	-0.1613	0.07025
1.115	-0.1259	0.04531
1.167	-0.1165	0.02818
1.238	-0.1406	0.01466
1.264	-0.1701	-0.01849
1.295	-0.2656	-0.03773
1.408	-0.3631	-0.02457
1.436	-0.3661	-0.01485
1.29	-0.3401	-0.05867
1.083	-0.3018	-0.1654
0.8536	-0.2471	-0.2651
0.7261	-0.2314	-0.2836
0.7719	-0.2716	-0.2239
0.8763	-0.3221	-0.1831
1.03	-0.3332	-0.1942
1.114	-0.3165	-0.222
1.052	-0.2766	-0.2857
1.031	-0.2169	-0.3184
1.029	-0.1802	-0.2602
0.9521	-0.1573	-0.1771
0.8984	-0.1122	-0.122
0.8701	-0.0785	-0.1129
0.8545	-0.09315	-0.1152
0.8979	-0.1036	-0.105
0.9428	-0.09609	-0.1083
0.9578	-0.1052	-0.1166
0.9624	-0.09852	-0.1214
0.9402	-0.08223	-0.131
0.9152	-0.06527	-0.134
0.9043	-0.0347	-0.1143
0.9016	-0.02432	-0.08528
0.9141	-0.02375	-0.07313
0.938	-0.01874	-0.07093
0.9669	-0.01284	-0.06421
0.9775	-0.002819	-0.05292
0.9824	0.009284	-0.03384
0.9905	0.03764	-0.01612
0.9723	0.05352	-0.01882
0.9561	0.05339	-0.02407
0.959	0.0555	-0.02382
0.9637	0.04416	-0.03982
0.9786	0.04393	-0.05513
1.037	0.02227	-0.07565
1.164	-0.04954	-0.1078
1.309	-0.09395	-0.1115
1.503	-0.09339	-0.1474
1.737	-0.09762	-0.2554
1.679	-0.1087	-0.3087
1.33	-0.1039	-0.2976
1.07	-0.1206	-0.3231
0.9448	-0.1508	-0.3234
0.9412	-0.1328	-0.262
0.9463	-0.108	-0.2315
0.8976	-0.07753	-0.2317
0.9937	-0.04307	-0.2127
0.9943	-0.0757	-0.1807
0.9345	-0.1149	-0.1757
1.037	-0.1167	-0.2045
1.022	-0.1116	-0.2147
1.018	-0.1048	-0.2113
1.024	-0.1435	-0.2153
0.9118	-0.2134	-0.2077
0.8927	-0.249	-0.184
0.8567	-0.2408	-0.1363
0.8627	-0.1925	-0.09694
0.8996	-0.1268	-0.08396
0.846	-0.08171	-0.07977
0.852	-0.08005	-0.09829
0.8166	-0.1109	-0.1099
0.806	-0.1572	-0.09725
0.8475	-0.2172	-0.07261
0.82	-0.2642	-0.01917
0.861	-0.2842	0.03381
0.9102	-0.2836	0.04831
1.019	-0.2644	0.03225
1.232	-0.2377	-0.003704
1.288	-0.2085	-0.08161
1.258	-0.2013	-0.1787
1.288	-0.2297	-0.2115
1.213	-0.253	-0.2343
0.9839	-0.2466	-0.3232
0.8128	-0.2476	-0.3673
0.8122	-0.2922	-0.3247
0.9051	-0.3465	-0.2775
0.9969	-0.3602	-0.2217
1.029	-0.3205	-0.1982
1.034	-0.2607	-0.2817
1.03	-0.2173	-0.3645
1.01	-0.1714	-0.3582
0.9813	-0.1345	-0.3137
0.931	-0.1149	-0.2544
0.9087	-0.08126	-0.2049
0.9152	-0.06924	-0.1813
0.9229	-0.08554	-0.1665
0.9312	-0.09465	-0.165
0.9171	-0.1151	-0.1692
0.9061	-0.1447	-0.1703
0.9005	-0.1396	-0.1694
0.8928	-0.09523	-0.1685
0.8892	-0.05989	-0.1695
0.8926	-0.04871	-0.1671
0.9388	-0.02604	-0.1698
1.002	0.02052	-0.179
1.033	0.04605	-0.19
1.025	0.03464	-0.192
1.019	0.04117	-0.1686
1.033	0.0511	-0.1372
1.032	0.04682	-0.1158
1.059	0.06185	-0.09286
1.098	0.06611	-0.06473
1.09	0.06013	-0.06697
1.134	0.04336	-0.1042
1.254	-0.007192	-0.1438
1.319	-0.04059	-0.1939
1.286	-0.04748	-0.2395
1.245	-0.08381	-0.2911
1.16	-0.162	-0.3508
0.9651	-0.2145	-0.3575
0.8763	-0.2076	-0.3711
0.9606	-0.159	-0.3542
1.004	-0.07642	-0.257
1.026	-0.04864	-0.254
1.057	-0.08228	-0.3015
1.03	-0.09878	-0.311
1.028	-0.1313	-0.3247
1.024	-0.159	-0.2742
0.9733	-0.1584	-0.2235
0.8567	-0.2408	-0.1363
0.8627	-0.1925	-0.09694
0.8996	-0.1268	-0.08396
0.846	-0.08171	-0.07977
0.852	-0.08005	-0.09829
0.8166	-0.1109	-0.1099
0.806	-0.1572	-0.09725
0.8475	-0.2172	-0.07261
0.82	-0.2642	-0.01917
0.861	-0.2842	0.03381
0.9102	-0.2836	0.04831
1.019	-0.2644	0.03225
1.232	-0.2377	-0.003704
1.288	-0.2085	-0.08161
1.258	-0.2013	-0.1787
1.288	-0.2297	-0.2115
1.213	-0.253	-0.2343
0.9839	-0.2466	-0.3232
0.8128	-0.2476	-0.3673
0.8122	-0.2922	-0.3247
0.9051	-0.3465	-0.2775
0.9969	-0.3602	-0.2217
1.029	-0.3205	-0.1982
1.034	-0.2607	-0.2817
1.03	-0.2173	-0.3645
1.01	-0.1714	-0.3582
0.9813	-0.1345	-0.3137
0.931	-0.1149	-0.2544
0.9087	-0.08126	-0.2049
0.9152	-0.06924	-0.1813
0.9229	-0.08554	-0.1665
0.9312	-0.09465	-0.165
0.9171	-0.1151	-0.1692
0.9061	-0.1447	-0.1703
0.9005	-0.1396	-0.1694
0.8928	-0.09523	-0.1685
0.8892	-0.05989	-0.1695
0.8926	-0.04871	-0.1671
0.9388	-0.02604	-0.1698
1.002	0.02052	-0.179
1.033	0.04605	-0.19
1.025	0.03464	-0.192
1.019	0.04117	-0.1686
1.033	0.0511	-0.1372
1.032	0.04682	-0.1158
1.059	0.06185	-0.09286
1.098	0.06611	-0.06473
1.09	0.06013	-0.06697
1.134	0.04336	-0.1042
1.254	-0.007192	-0.1438
1.319	-0.04059	-0.1939
1.286	-0.04748	-0.2395
1.245	-0.08381	-0.2911
1.16	-0.162	-0.3508
0.9651	-0.2145	-0.3575
0.8763	-0.2076	-0.3711
0.9606	-0.159	-0.3542
1.004	-0.07642	-0.257
1.026	-0.04864	-0.254
1.057	-0.08228	-0.3015
1.03	-0.09878	-0.311
1.028	-0.1313	-0.3247
1.024	-0.159	-0.2742
0.9733	-0.1584	-0.2235
0.941	-0.1857	-0.2196
0.9041	-0.2171	-0.2068
0.8937	-0.2208	-0.201
0.9207	-0.2155	-0.1806
0.9217	-0.1981	-0.174
0.9262	-0.1483	-0.193
0.9151	-0.08838	-0.199
0.8817	-0.07651	-0.1859
0.8761	-0.1233	-0.1467
0.8858	-0.1843	-0.1169
0.8981	-0.2137	-0.08996
0.8905	-0.2124	-0.0699
0.8818	-0.2176	-0.07559
0.8992	-0.235	-0.07034
0.9181	-0.2399	-0.07573
0.9451	-0.2378	-0.07906
0.9473	-0.2474	-0.05817
0.9343	-0.2582	-0.03763
0.9567	-0.2662	-0.01799
0.9649	-0.269	-0.01504
0.9616	-0.2593	0.0002266
0.9922	-0.2489	0.01951
1.048	-0.2349	-0.009228
1.116	-0.2233	-0.03551
1.189	-0.2223	-0.04609
1.261	-0.2214	-0.08344
1.281	-0.2596	-0.1381
1.279	-0.3339	-0.1752
1.312	-0.3595	-0.1717
1.246	-0.331	-0.1793
1.023	-0.2838	-0.2588
0.8046	-0.2206	-0.352
0.7585	-0.1889	-0.3812
0.8182	-0.21	-0.374
0.8534	-0.2571	-0.3425
0.9773	-0.3256	-0.265
1.055	-0.342	-0.2353
0.9693	-0.299	-0.2853
0.9829	-0.2788	-0.3216
0.9757	-0.2186	-0.3398
0.9059	-0.1427	-0.3212
0.9225	-0.1309	-0.2489
0.8686	-0.1104	-0.195
0.8491	-0.1079	-0.1677
0.8937	-0.1231	-0.1761
0.9014	-0.1097	-0.2119
0.9611	-0.1236	-0.2254
0.978	-0.1332	-0.2314
0.9632	-0.1326	-0.226
0.9614	-0.1367	-0.2229
0.9337	-0.1088	-0.2201
0.9404	-0.07874	-0.191
0.9409	-0.05074	-0.1805
0.9427	-0.03944	-0.1724
0.9561	-0.04831	-0.1672
0.9503	-0.03904	-0.1839
0.962	-0.04171	-0.1776
0.9747	-0.05081	-0.1692
0.9942	-0.05055	-0.1553
1.001	-0.05381	-0.1332
0.9856	-0.05043	-0.1325
0.9873	-0.0595	-0.1282
0.9778	-0.08012	-0.1281
0.9766	-0.09539	-0.1149
1.027	-0.1619	-0.1175
0.9862	-0.168	-0.07031
0.9707	-0.1718	-0.01983
0.99	-0.1953	0.01078
1.004	-0.1884	0.002643
0.9991	-0.1851	-0.004254
0.9964	-0.1887	-0.009066
0.9729	-0.1587	-0.01862
0.9496	-0.1296	-0.01722
0.9481	-0.1073	0.0003424
0.9373	-0.0937	0.02552
0.9413	-0.09549	0.03547
0.961	-0.09487	0.042
0.9848	-0.08819	0.0447
1.027	-0.08625	0.02982
1.062	-0.1014	0.02211
1.075	-0.12	0.02485
1.07	-0.1517	0.02377
1.075	-0.2097	0.0103
1.125	-0.2747	-0.02517
1.177	-0.3303	-0.06626
1.167	-0.3215	-0.1143
1.073	-0.2112	-0.2242
0.9649	-0.04081	-0.3501
0.9592	0.08099	-0.3343
1.094	0.06907	-0.1778
1.281	-0.006014	-0.02542
1.354	-0.05617	0.006174
1.252	-0.06101	-0.06791
1.087	-0.04157	-0.08734
0.942	-0.05117	-0.05898
0.8234	-0.05062	-0.05878
0.7849	-0.02917	-0.03076
0.8015	-0.01692	-0.02886
0.8421	0.05103	-0.03594
0.9367	0.1363	-0.002343
0.9869	0.1514	-0.02952
0.991	0.1292	-0.08489
1.045	0.1107	-0.1173
1.109	0.07799	-0.1119
1.208	0.01101	-0.0618
1.329	-0.03208	-0.0522
1.373	-0.02252	-0.0645
1.37	0.02574	-0.1141
1.371	0.093	-0.2106
1.352	0.09575	-0.2359
1.215	0.04493	-0.2473
0.9777	-0.05243	-0.3027
0.8861	-0.1775	-0.3322
1.008	-0.1461	-0.3185
1.114	-0.05391	-0.2669
1.129	-0.09593	-0.2373
1.135	-0.1673	-0.2715
1.127	-0.2282	-0.31
1.113	-0.2026	-0.2956
1.074	-0.08532	-0.242
0.9875	-0.09696	-0.2023
0.9264	-0.1416	-0.1924
0.8965	-0.1536	-0.1965
0.8797	-0.2356	-0.174
0.8602	-0.2749	-0.132
0.8424	-0.2499	-0.1147
0.8397	-0.1507	-0.09831
0.7786	-0.04626	-0.08388
0.7439	-0.06766	-0.08622
0.7725	-0.08354	-0.09647
0.7522	-0.0764	-0.1049
0.7739	-0.09528	-0.09681
0.8543	-0.1106	-0.08737
0.9407	-0.148	-0.05385
1.051	-0.2062	-0.009707
1.139	-0.2622	-0.001758
1.231	-0.2503	-0.01534
1.275	-0.2444	-0.06974
1.24	-0.2898	-0.1305
1.218	-0.2661	-0.1425
1.096	-0.2331	-0.1848
0.8684	-0.2149	-0.3102
0.8105	-0.188	-0.3967
0.981	-0.2358	-0.3419
1.151	-0.2934	-0.2443
1.176	-0.2915	-0.1817
1.124	-0.2753	-0.1677
1.077	-0.2588	-0.2274
1.04	-0.2396	-0.2577
0.9957	-0.2003	-0.2193
0.9336	-0.137	-0.2039
0.8898	-0.08971	-0.2015
0.8877	-0.05382	-0.1738
0.8945	-0.0261	-0.1463
0.8949	-0.03885	-0.1502
0.8916	-0.04505	-0.1538
0.8572	-0.03153	-0.1268
0.7862	-0.04338	-0.1214
0.7426	-0.03626	-0.1263
0.7588	-0.002738	-0.1137
0.803	0.04181	-0.1132
0.8767	0.1024	-0.108
0.99	0.1079	-0.1031
1.119	0.07012	-0.1018
1.252	0.0456	-0.09528
1.348	0.01518	-0.1125
1.351	-0.02089	-0.15
1.274	-0.07172	-0.2125
1.136	-0.128	-0.2921
0.9914	-0.1652	-0.3682
0.9604	-0.1804	-0.408
1.038	-0.1643	-0.3504
1.132	-0.143	-0.2896
1.181	-0.1064	-0.3024
1.152	-0.05436	-0.3053
1.09	-0.03435	-0.2981
1.064	-0.03428	-0.2764
1.061	-0.04853	-0.2058
1.056	-0.07617	-0.166
1.026	-0.147	-0.2031
0.9728	-0.2345	-0.2353
0.9259	-0.2199	-0.1983
0.8676	-0.2031	-0.1543
0.8529	-0.2305	-0.1372
0.88	-0.1647	-0.119
0.8258	-0.08049	-0.1159
0.7819	-0.05646	-0.1144
0.7945	-0.08714	-0.1201
0.7672	-0.152	-0.1255
0.7793	-0.1683	-0.08134
0.8279	-0.193	-0.02087
0.8773	-0.2257	0.02788
0.7439	-0.06766	-0.08622
0.7725	-0.08354	-0.09647
0.7522	-0.0764	-0.1049
0.7739	-0.09528	-0.09681
0.8543	-0.1106	-0.08737
0.9407	-0.148	-0.05385
1.051	-0.2062	-0.009707
1.139	-0.2622	-0.001758
1.231	-0.2503	-0.01534
1.275	-0.2444	-0.06974
1.24	-0.2898	-0.1305
1.218	-0.2661	-0.1425
1.096	-0.2331	-0.1848
0.8684	-0.2149	-0.3102
0.8105	-0.188	-0.3967
0.981	-0.2358	-0.3419
1.151	-0.2934	-0.2443
1.176	-0.2915	-0.1817
1.124	-0.2753	-0.1677
1.077	-0.2588	-0.2274
1.04	-0.2396	-0.2577
0.9957	-0.2003	-0.2193
0.9336	-0.137	-0.2039
0.8898	-0.08971	-0.2015
0.8877	-0.05382	-0.1738
0.8945	-0.0261	-0.1463
0.8949	-0.03885	-0.1502
0.8916	-0.04505	-0.1538
0.8572	-0.03153	-0.1268
0.7862	-0.04338	-0.1214
0.7426	-0.03626	-0.1263
0.7588	-0.002738	-0.1137
0.803	0.04181	-0.1132
0.8767	0.1024	-0.108
0.99	0.1079	-0.1031
1.119	0.07012	-0.1018
1.252	0.0456	-0.09528
1.348	0.01518	-0.1125
1.351	-0.02089	-0.15
1.274	-0.07172	-0.2125
1.136	-0.128	-0.2921
0.9914	-0.1652	-0.3682
0.9604	-0.1804	-0.408
1.038	-0.1643	-0.3504
1.132	-0.143	-0.2896
1.181	-0.1064	-0.3024
1.152	-0.05436	-0.3053
1.09	-0.03435	-0.2981
1.064	-0.03428	-0.2764
1.061	-0.04853	-0.2058
1.056	-0.07617	-0.166
1.026	-0.147	-0.2031
0.9728	-0.2345	-0.2353
0.9259	-0.2199	-0.1983
0.8676	-0.2031	-0.1543
0.8529	-0.2305	-0.1372
0.88	-0.1647	-0.119
0.8258	-0.08049	-0.1159
0.7819	-0.05646	-0.1144
0.7945	-0.08714	-0.1201
0.7672	-0.152	-0.1255
0.7793	-0.1683	-0.08134
0.8279	-0.193	-0.02087
0.8773	-0.2257	0.02788
0.9876	-0.2058	0.03534
1.098	-0.2168	-0.004101
1.183	-0.2343	-0.04962
1.25	-0.2265	-0.1166
1.263	-0.2313	-0.1615
1.249	-0.2259	-0.1706
1.141	-0.2361	-0.222
0.9337	-0.259	-0.317
0.8302	-0.2828	-0.4113
0.868	-0.3352	-0.423
1.004	-0.3798	-0.2844
1.205	-0.3957	-0.1323
1.21	-0.3731	-0.172
1.1	-0.3134	-0.2869
1.12	-0.2621	-0.3035
1.055	-0.2058	-0.2987
0.9518	-0.08789	-0.2328
0.9485	0.04028	-0.1411
0.9208	0.04545	-0.1569
0.925	-0.02138	-0.1516
0.8895	-0.04315	-0.1166
0.809	-0.08361	-0.1172
0.7913	-0.1262	-0.119
0.7597	-0.1137	-0.1369
0.7856	-0.09194	-0.125
0.8281	-0.0397	-0.1022
0.8337	0.01874	-0.09883
0.88	0.05269	-0.1029
0.9094	0.07198	-0.1202
1.043	0.03443	-0.07239
1.263	0.004884	-0.01183
1.315	0.009139	-0.02374
1.255	-0.01245	-0.05638
1.249	-0.02724	-0.1039
1.253	-0.02465	-0.1416
1.154	-0.02972	-0.1717
1.002	-0.07445	-0.27
0.9173	-0.1312	-0.3655
1	-0.1518	-0.3639
1.168	-0.2057	-0.379
1.198	-0.2593	-0.4253
1.152	-0.252	-0.3849
1.092	-0.2661	-0.3386
1.022	-0.262	-0.2831
1.025	-0.2013	-0.2028
1.018	-0.1828	-0.2299
0.9979	-0.1708	-0.2506
0.9742	-0.1363	-0.2278
0.9423	-0.146	-0.231
0.9502	-0.1526	-0.1723
0.9162	-0.1468	-0.1307
0.8757	-0.1558	-0.1243
0.8403	-0.1429	-0.09064
0.7769	-0.134	-0.08497
0.7637	-0.1349	-0.07271
0.7787	-0.134	-0.06519
0.8174	-0.1518	-0.07106
0.84	-0.1858	-0.04717
0.8371	-0.2411	-0.03006
0.9041	-0.2907	-0.003667
1.009	-0.3134	0.04615
1.118	-0.3224	0.09647
1.206	-0.3052	0.1406
1.299	-0.2592	0.1341
0.9876	-0.2058	0.03534
1.098	-0.2168	-0.004101
1.183	-0.2343	-0.04962
1.25	-0.2265	-0.1166
1.263	-0.2313	-0.1615
1.249	-0.2259	-0.1706
1.141	-0.2361	-0.222
0.9337	-0.259	-0.317
0.8302	-0.2828	-0.4113
0.868	-0.3352	-0.423
1.004	-0.3798	-0.2844
1.205	-0.3957	-0.1323
1.21	-0.3731	-0.172
1.1	-0.3134	-0.2869
1.12	-0.2621	-0.3035
1.055	-0.2058	-0.2987
0.9518	-0.08789	-0.2328
0.9485	0.04028	-0.1411
0.9208	0.04545	-0.1569
0.925	-0.02138	-0.1516
0.8895	-0.04315	-0.1166
0.809	-0.08361	-0.1172
0.7913	-0.1262	-0.119
0.7597	-0.1137	-0.1369
0.7856	-0.09194	-0.125
0.8281	-0.0397	-0.1022
0.8337	0.01874	-0.09883
0.88	0.05269	-0.1029
0.9094	0.07198	-0.1202
1.043	0.03443	-0.07239
1.263	0.004884	-0.01183
1.315	0.009139	-0.02374
1.255	-0.01245	-0.05638
1.249	-0.02724	-0.1039
1.253	-0.02465	-0.1416
1.154	-0.02972	-0.1717
1.002	-0.07445	-0.27
0.9173	-0.1312	-0.3655
1	-0.1518	-0.3639
1.168	-0.2057	-0.379
1.198	-0.2593	-0.4253
1.152	-0.252	-0.3849
1.092	-0.2661	-0.3386
1.022	-0.262	-0.2831
1.025	-0.2013	-0.2028
1.018	-0.1828	-0.2299
0.9979	-0.1708	-0.2506
0.9742	-0.1363	-0.2278
0.9423	-0.146	-0.231
0.9502	-0.1526	-0.1723
0.9162	-0.1468	-0.1307
0.8757	-0.1558	-0.1243
0.8403	-0.1429	-0.09064
0.7769	-0.134	-0.08497
0.7637	-0.1349	-0.07271
0.7787	-0.134	-0.06519
0.8174	-0.1518	-0.07106
0.84	-0.1858	-0.04717
0.8371	-0.2411	-0.03006
0.9041	-0.2907	-0.003667
1.009	-0.3134	0.04615
1.118	-0.3224	0.09647
1.206	-0.3052	0.1406
1.299	-0.2592	0.1341
1.392	-0.2015	0.03087
1.367	-0.1843	-0.1153
1.302	-0.2295	-0.1676
1.147	-0.2537	-0.1673
0.8291	-0.2239	-0.2568
0.714	-0.216	-0.342
0.8868	-0.2732	-0.322
1.048	-0.3547	-0.2761
1.18	-0.3883	-0.2524
1.232	-0.3626	-0.2776
1.118	-0.3281	-0.3293
1.05	-0.2775	-0.3153
1.017	-0.1833	-0.2678
0.9219	-0.09438	-0.2198
0.8696	-0.03978	-0.1518
0.8149	0.00221	-0.1173
0.7982	0.01016	-0.1204
0.8605	-0.03298	-0.1368
0.8677	-0.06899	-0.1444
0.8759	-0.07183	-0.1311
0.8963	-0.07238	-0.1259
0.8912	-0.05322	-0.1023
0.9138	-0.01431	-0.07966
0.9258	0.01287	-0.08095
0.9638	0.04155	-0.07233
1.02	0.05707	-0.07681
1.02	0.03479	-0.07377
1.071	0.006815	-0.04824
1.22	-0.001266	-0.01834
1.338	-0.003099	-0.002202
1.362	-0.004606	-0.0667
1.325	-0.009271	-0.1704
1.216	-0.05535	-0.2393
1.055	-0.133	-0.2891
0.9592	-0.1659	-0.3122
0.9458	-0.1451	-0.3173
0.9548	-0.1311	-0.3209
1.03	-0.1115	-0.2811
1.136	-0.06122	-0.2245
1.13	-0.04683	-0.2397
1.113	-0.03894	-0.2586
1.149	-0.006509	-0.214
1.096	-0.03308	-0.185
1.033	-0.07938	-0.157
0.9901	-0.1433	-0.1343
0.9203	-0.2431	-0.1548
0.9205	-0.2701	-0.1428
0.9035	-0.2645	-0.1234
0.8491	-0.2475	-0.1149
0.8172	-0.1755	-0.08242
0.7651	-0.1249	-0.07919
0.7633	-0.08656	-0.0863
0.7767	-0.05947	-0.07904
0.7842	-0.07748	-0.06762
0.8422	-0.1003	-0.03227
0.8788	-0.1469	-0.002229
0.9361	-0.2211	0.01343
1.035	-0.2768	0.04008
1.102	-0.2905	0.07374
1.181	-0.2691	0.0891
1.315	-0.2519	0.08083
1.398	-0.2509	0.03571
1.348	-0.2637	-0.04656
1.306	-0.2701	-0.05555
1.392	-0.2015	0.03087
1.367	-0.1843	-0.1153
1.302	-0.2295	-0.1676
1.147	-0.2537	-0.1673
0.8291	-0.2239	-0.2568
0.714	-0.216	-0.342
0.8868	-0.2732	-0.322
1.048	-0.3547	-0.2761
1.18	-0.3883	-0.2524
1.232	-0.3626	-0.2776
1.118	-0.3281	-0.3293
1.05	-0.2775	-0.3153
1.017	-0.1833	-0.2678
0.9219	-0.09438	-0.2198
0.8696	-0.03978	-0.1518
0.8149	0.00221	-0.1173
0.7982	0.01016	-0.1204
0.8605	-0.03298	-0.1368
0.8677	-0.06899	-0.1444
0.8759	-0.07183	-0.1311
0.8963	-0.07238	-0.1259
0.8912	-0.05322	-0.1023
0.9138	-0.01431	-0.07966
0.9258	0.01287	-0.08095
0.9638	0.04155	-0.07233
1.02	0.05707	-0.07681
1.02	0.03479	-0.07377
1.071	0.006815	-0.04824
1.22	-0.001266	-0.01834
1.338	-0.003099	-0.002202
1.362	-0.004606	-0.0667
1.325	-0.009271	-0.1704
1.216	-0.05535	-0.2393
1.055	-0.133	-0.2891
0.9592	-0.1659	-0.3122
0.9458	-0.1451	-0.3173
0.9548	-0.1311	-0.3209
1.03	-0.1115	-0.2811
1.136	-0.06122	-0.2245
1.13	-0.04683	-0.2397
1.113	-0.03894	-0.2586
1.149	-0.006509	-0.214
1.096	-0.03308	-0.185
1.033	-0.07938	-0.157
0.9901	-0.1433	-0.1343
0.9203	-0.2431	-0.1548
0.9205	-0.2701	-0.1428
0.9035	-0.2645	-0.1234
0.8491	-0.2475	-0.1149
0.8172	-0.1755	-0.08242
0.7651	-0.1249	-0.07919
0.7633	-0.08656	-0.0863
0.7767	-0.05947	-0.07904
0.7842	-0.07748	-0.06762
0.8422	-0.1003	-0.03227
0.8788	-0.1469	-0.002229
0.9361	-0.2211	0.01343
1.035	-0.2768	0.04008
1.102	-0.2905	0.07374
1.181	-0.2691	0.0891
1.315	-0.2519	0.08083
1.398	-0.2509	0.03571
1.348	-0.2637	-0.04656
1.306	-0.2701	-0.05555
1.213	-0.2273	-0.03697
0.9399	-0.1627	-0.1515
0.8229	-0.1553	-0.2965
0.9347	-0.2087	-0.3262
1.011	-0.2464	-0.2333
1.064	-0.233	-0.1469
1.079	-0.191	-0.1936
1.05	-0.1372	-0.2561
1.061	-0.08355	-0.2709
1.038	-0.05543	-0.2328
0.9594	-0.04758	-0.1157
0.9046	-0.02712	-0.08175
0.8644	-0.01545	-0.1378
0.8548	-0.04147	-0.1643
0.8804	-0.07738	-0.1806
0.883	-0.09263	-0.1676
0.8752	-0.09108	-0.133
0.8636	-0.08228	-0.1004
0.8455	-0.06138	-0.07713
0.8511	-0.0434	-0.08493
0.8609	-0.01396	-0.08212
0.8852	0.03452	-0.08283
0.9235	0.04178	-0.09308
0.9451	0.05573	-0.08386
0.9974	0.1179	-0.08731
1.061	0.1229	-0.08295
1.114	0.0968	-0.05573
1.29	0.1118	-0.02159
1.476	0.1084	-0.01034
1.402	0.09065	-0.08056
1.288	0.05572	-0.1759
1.245	-0.03443	-0.2297
1.051	-0.1165	-0.2764
0.9079	-0.1708	-0.3106
0.9324	-0.1864	-0.2926
0.981	-0.1428	-0.2558
1.094	-0.1178	-0.238
1.135	-0.1176	-0.2067
1.073	-0.1296	-0.1825
1.051	-0.1583	-0.1856
1.034	-0.1409	-0.1706
1.027	-0.1296	-0.1503
1.001	-0.1661	-0.1351
0.9531	-0.1967	-0.1343
0.9371	-0.2256	-0.1459
0.9278	-0.2259	-0.126
0.9429	-0.1904	-0.1005
0.9463	-0.1402	-0.08236
0.9162	-0.06827	-0.08294
0.8709	-0.03809	-0.1044
0.8078	-0.0607	-0.09156
0.7996	-0.09772	-0.07897
0.8286	-0.1655	-0.05086
0.8566	-0.2276	0.02955
0.9179	-0.2577	0.07857
0.987	-0.2815	0.09378
1.053	-0.2813	0.08888
1.138	-0.2487	0.0581
1.224	-0.2048	0.02868
1.248	-0.1732	-0.02564
1.243	-0.1829	-0.06764
1.26	-0.2042	-0.06863
1.19	-0.2018	-0.09692
1.025	-0.1967	-0.1765
1.213	-0.2273	-0.03697
0.9399	-0.1627	-0.1515
0.8229	-0.1553	-0.2965
0.9347	-0.2087	-0.3262
1.011	-0.2464	-0.2333
1.064	-0.233	-0.1469
1.079	-0.191	-0.1936
1.05	-0.1372	-0.2561
1.061	-0.08355	-0.2709
1.038	-0.05543	-0.2328
0.9594	-0.04758	-0.1157
0.9046	-0.02712	-0.08175
0.8644	-0.01545	-0.1378
0.8548	-0.04147	-0.1643
0.8804	-0.07738	-0.1806
0.883	-0.09263	-0.1676
0.8752	-0.09108	-0.133
0.8636	-0.08228	-0.1004
0.8455	-0.06138	-0.07713
0.8511	-0.0434	-0.08493
0.8609	-0.01396	-0.08212
0.8852	0.03452	-0.08283
0.9235	0.04178	-0.09308
0.9451	0.05573	-0.08386
0.9974	0.1179	-0.08731
1.061	0.1229	-0.08295
1.114	0.0968	-0.05573
1.29	0.1118	-0.02159
1.476	0.1084	-0.01034
1.402	0.09065	-0.08056
1.288	0.05572	-0.1759
1.245	-0.03443	-0.2297
1.051	-0.1165	-0.2764
0.9079	-0.1708	-0.3106
0.9324	-0.1864	-0.2926
0.981	-0.1428	-0.2558
1.094	-0.1178	-0.238
1.135	-0.1176	-0.2067
1.073	-0.1296	-0.1825
1.051	-0.1583	-0.1856
1.034	-0.1409	-0.1706
1.027	-0.1296	-0.1503
1.001	-0.1661	-0.1351
0.9531	-0.1967	-0.1343
0.9371	-0.2256	-0.1459
0.9278	-0.2259	-0.126
0.9429	-0.1904	-0.1005
0.9463	-0.1402	-0.08236
0.9162	-0.06827	-0.08294
0.8709	-0.03809	-0.1044
0.8078	-0.0607	-0.09156
0.7996	-0.09772	-0.07897
0.8286	-0.1655	-0.05086
0.8566	-0.2276	0.02955
0.9179	-0.2577	0.07857
0.987	-0.2815	0.09378
1.053	-0.2813	0.08888
1.138	-0.2487	0.0581
1.224	-0.2048	0.02868
1.248	-0.1732	-0.02564
1.243	-0.1829	-0.06764
1.26	-0.2042	-0.06863
1.19	-0.2018	-0.09692
1.025	-0.1967	-0.1765
0.8874	-0.191	-0.2938
0.8409	-0.206	-0.3621
0.9237	-0.2485	-0.3017
1.046	-0.2726	-0.2115
1.102	-0.277	-0.1855
1.113	-0.2409	-0.1979
1.094	-0.1678	-0.2216
1.085	-0.1189	-0.2205
1.061	-0.07646	-0.1583
0.9786	-0.0315	-0.0691
0.9113	-0.0003128	-0.03828
0.8524	0.02134	-0.08928
0.7981	0.01136	-0.1185
0.7944	-0.003384	-0.09702
0.7951	-0.008008	-0.09735
0.7913	-0.03607	-0.09883
0.7987	-0.05464	-0.1054
0.8239	-0.04475	-0.1304
0.8949	-0.0256	-0.1246
0.9899	0.003757	-0.1109
1.074	0.01186	-0.1048
1.118	0.01406	-0.1046
1.123	0.04938	-0.1324
1.126	0.05928	-0.1545
1.137	0.0404	-0.1415
1.18	0.04582	-0.1083
1.287	0.06249	-0.08073
1.406	0.08445	-0.06804
1.451	0.09284	-0.06758
1.412	0.0711	-0.1031
1.309	0.03535	-0.1932
1.092	-0.03211	-0.2725
0.8631	-0.09377	-0.264
0.8924	-0.1012	-0.2336
1.054	-0.1257	-0.235
1.093	-0.2	-0.2206
1.138	-0.2626	-0.212
1.154	-0.283	-0.2091
1.096	-0.2495	-0.1769
1.099	-0.1881	-0.1522
1.034	-0.1639	-0.1433
0.9355	-0.1664	-0.1528
0.8935	-0.1605	-0.167
0.8492	-0.1462	-0.1408
0.875	-0.1315	-0.1052
0.872	-0.1167	-0.082
0.8263	-0.07183	-0.06443
0.7959	-0.03438	-0.05288
0.7282	-0.05724	-0.0382
0.7289	-0.09963	-0.04263
0.7506	-0.1435	-0.03873
0.753	-0.1786	-0.006418
0.8005	-0.1868	0.01213
0.8424	-0.2028	0.04283
0.9194	-0.2219	0.08414
1.008	-0.2083	0.08886
1.126	-0.192	0.07898
1.345	-0.2014	0.05423
1.501	-0.2184	-0.02991
1.511	-0.2658	-0.1173
1.407	-0.3146	-0.1353
1.135	-0.2425	-0.1954
0.8058	-0.1329	-0.3257
0.7353	-0.1531	-0.3466
0.8874	-0.191	-0.2938
0.8409	-0.206	-0.3621
0.9237	-0.2485	-0.3017
1.046	-0.2726	-0.2115
1.102	-0.277	-0.1855
1.113	-0.2409	-0.1979
1.094	-0.1678	-0.2216
1.085	-0.1189	-0.2205
1.061	-0.07646	-0.1583
0.9786	-0.0315	-0.0691
0.9113	-0.0003128	-0.03828
0.8524	0.02134	-0.08928
0.7981	0.01136	-0.1185
0.7944	-0.003384	-0.09702
0.7951	-0.008008	-0.09735
0.7913	-0.03607	-0.09883
0.7987	-0.05464	-0.1054
0.8239	-0.04475	-0.1304
0.8949	-0.0256	-0.1246
0.9899	0.003757	-0.1109
1.074	0.01186	-0.1048
1.118	0.01406	-0.1046
1.123	0.04938	-0.1324
1.126	0.05928	-0.1545
1.137	0.0404	-0.1415
1.18	0.04582	-0.1083
1.287	0.06249	-0.08073
1.406	0.08445	-0.06804
1.451	0.09284	-0.06758
1.412	0.0711	-0.1031
1.309	0.03535	-0.1932
1.092	-0.03211	-0.2725
0.8631	-0.09377	-0.264
0.8924	-0.1012	-0.2336
1.054	-0.1257	-0.235
1.093	-0.2	-0.2206
1.138	-0.2626	-0.212
1.154	-0.283	-0.2091
1.096	-0.2495	-0.1769
1.099	-0.1881	-0.1522
1.034	-0.1639	-0.1433
0.9355	-0.1664	-0.1528
0.8935	-0.1605	-0.167
0.8492	-0.1462	-0.1408
0.875	-0.1315	-0.1052
0.872	-0.1167	-0.082
0.8263	-0.07183	-0.06443
0.7959	-0.03438	-0.05288
0.7282	-0.05724	-0.0382
0.7289	-0.09963	-0.04263
0.7506	-0.1435	-0.03873
0.753	-0.1786	-0.006418
0.8005	-0.1868	0.01213
0.8424	-0.2028	0.04283
0.9194	-0.2219	0.08414
1.008	-0.2083	0.08886
1.126	-0.192	0.07898
1.345	-0.2014	0.05423
1.501	-0.2184	-0.02991
1.511	-0.2658	-0.1173
1.407	-0.3146	-0.1353
1.135	-0.2425	-0.1954
0.8058	-0.1329	-0.3257
0.7353	-0.1531	-0.3466
0.9171	-0.2338	-0.2464
1.061	-0.3083	-0.138
1.17	-0.3569	-0.09198
1.209	-0.3274	-0.1736
1.127	-0.2908	-0.2917
1.126	-0.2418	-0.3025
1.044	-0.137	-0.2176
0.8668	-0.06607	-0.1068
0.8353	-0.03381	-0.06662
0.8049	-0.02507	-0.1125
0.8111	-0.02906	-0.1237
0.8734	-0.03583	-0.09835
0.8647	-0.08983	-0.104
0.8761	-0.1033	-0.1192
0.8549	-0.07721	-0.1354
0.8358	-0.08304	-0.1469
0.8414	-0.04631	-0.1498
0.8123	-0.00157	-0.1389
0.8556	0.04137	-0.09487
0.894	0.107	-0.04776
0.9372	0.1186	-0.002402
1.037	0.1198	0.02404
1.114	0.1291	-0.009902
1.252	0.09401	-0.03213
1.407	0.0362	-0.02589
1.512	-0.01051	-0.08268
1.533	-0.01964	-0.1773
1.359	-0.02191	-0.2149
1.099	-0.05601	-0.2086
0.9542	-0.09155	-0.2297
0.9596	-0.08522	-0.2511
0.9621	-0.06751	-0.2495
0.9543	-0.08609	-0.2638
1.042	-0.09666	-0.2361
1.055	-0.1188	-0.1659
1.004	-0.1654	-0.1443
1.003	-0.1633	-0.142
0.9699	-0.1637	-0.1321
0.9627	-0.1919	-0.1249
0.9514	-0.2229	-0.1152
0.8809	-0.2713	-0.1457
0.8653	-0.2751	-0.1837
0.8729	-0.2377	-0.1677
0.8746	-0.1967	-0.1391
0.8786	-0.1272	-0.1074
0.8517	-0.06946	-0.05406
0.8083	-0.05658	-0.01241
0.7785	-0.06689	0.03315
0.823	-0.07579	0.09646
0.8666	-0.08907	0.1029
0.8173	-0.1609	-0.01361
0.8038	-0.2934	-0.2092
0.9146	-0.4176	-0.2959
1.114	-0.4441	-0.2623
1.283	-0.3296	-0.3448
1.282	-0.1868	-0.4638
1.193	-0.1345	-0.4269
1.133	-0.09442	-0.3607
1.059	-0.01886	-0.2977
0.982	-0.01841	-0.2096
0.9447	-0.05975	-0.2216
0.9299	-0.06823	-0.2428
0.9252	-0.1146	-0.1717
0.907	-0.1459	-0.1566
1.028	0.1309	-0.1132
1.054	0.1335	-0.1221
1.087	0.1113	-0.1304
1.145	0.08588	-0.1121
1.221	0.06141	-0.08477
1.328	0.07026	-0.03525
1.375	0.08815	-0.04274
1.334	0.06745	-0.1145
1.333	0.04632	-0.1926
1.335	0.02024	-0.2557
1.223	-0.03203	-0.2988
1.012	-0.1143	-0.37
0.8526	-0.1899	-0.3889
0.909	-0.1643	-0.3404
0.999	-0.1315	-0.3417
0.9692	-0.1334	-0.2693
1.015	-0.07322	-0.1404
1.057	-0.07072	-0.1461
1.042	-0.09133	-0.1785
1.075	-0.02926	-0.1758
1.001	-0.0334	-0.1857
0.9053	-0.09074	-0.1601
0.8849	-0.1609	-0.1236
0.8647	-0.2434	-0.09061
0.9025	-0.2438	-0.05096
0.9255	-0.2235	-0.01404
0.9266	-0.1954	0.007878
0.9207	-0.1384	-0.01121
0.8667	-0.1133	-0.02778
0.8596	-0.07204	-0.03963
0.8541	-0.01675	-0.06077
0.8501	-0.01336	-0.05528
0.9063	-0.08124	-0.0547
0.9924	-0.1734	-0.05456
1.153	-0.2302	-0.03011
1.346	-0.2906	-0.02965
1.485	-0.3488	-0.09034
1.529	-0.3881	-0.1745
1.458	-0.3819	-0.196
1.229	-0.2383	-0.2184
0.8603	-0.07164	-0.3214
0.675	-0.05081	-0.3554
0.76	-0.1057	-0.2858
0.8577	-0.1627	-0.2354
0.953	-0.2492	-0.2012
1.005	-0.2798	-0.1942
0.9426	-0.2184	-0.2224
0.9399	-0.1988	-0.2258
0.9656	-0.159	-0.2101
0.9304	-0.03593	-0.1582
0.9348	0.03177	-0.08124
0.918	0.05019	-0.07426
0.8707	0.05666	-0.101
0.8529	0.04816	-0.08704
0.8323	0.0435	-0.06706
0.8682	0.02934	-0.04875
0.9081	0.03579	-0.03732
0.9153	0.05237	-0.07037
0.9635	0.08262	-0.1088
1.02	0.1214	-0.1303
1.074	0.1296	-0.1686
1.086	0.1359	-0.1982
1.139	0.09449	-0.1868
1.341	0.03886	-0.1399
1.518	0.03735	-0.09662
1.591	0.01965	-0.101
1.563	-0.005555	-0.14
1.393	-0.04796	-0.2302
1.159	-0.1257	-0.3326
0.9336	-0.153	-0.2914
0.814	-0.144	-0.2124
0.8591	-0.1662	-0.2639
0.9578	-0.1852	-0.2727
1.011	-0.1707	-0.2415
1.024	-0.1518	-0.2724
0.9999	-0.1242	-0.2179
0.9698	-0.1037	-0.1508
1.011	-0.09597	-0.1519
1.036	-0.07844	-0.1473
0.9802	-0.1091	-0.1724
0.9258	-0.1719	-0.1835
0.8673	-0.2086	-0.1836
0.8457	-0.228	-0.1807
0.8419	-0.2044	-0.1357
0.7847	-0.1553	-0.1045
0.7502	-0.1167	-0.06496
0.7475	-0.1034	-0.05089
0.7692	-0.1356	-0.0765
0.8285	-0.1622	-0.06838
0.9125	-0.1855	-0.05335
1.058	-0.254	-0.007374
1.262	-0.3177	0.05099
1.479	-0.3428	0.04514
1.6	-0.3515	-0.03607
1.538	-0.3524	-0.1638
1.306	-0.3355	-0.261
0.9522	-0.2699	-0.3392
0.6869	-0.1778	-0.3709
0.6815	-0.1551	-0.3162
0.8316	-0.1945	-0.2518
1.052	-0.1974	-0.1596
1.197	-0.1938	-0.1349
1.142	-0.2169	-0.2516
1.086	-0.2101	-0.3342
1.071	-0.1956	-0.3774
1.009	-0.1823	-0.3719
0.9703	-0.1294	-0.2768
0.8904	-0.02692	-0.2033
0.8225	0.06029	-0.1502
0.8441	0.0297	-0.1435
0.7721	-0.002232	-0.115
0.7088	0.03384	-0.02116
0.7954	-0.002088	-0.04246
0.8506	-0.03916	-0.04902
0.8644	-0.02648	-0.01595
0.9627	-0.03247	-0.09302
1.112	-0.01711	-0.1147
1.212	-0.0133	-0.08539
1.272	-0.0014	-0.07046
1.34	0.03199	-0.05433
1.318	-0.02371	-0.1225
1.197	-0.1314	-0.2399
1.057	-0.2312	-0.3429
0.9425	-0.2779	-0.3683
0.9873	-0.2318	-0.3665
1.096	-0.1913	-0.4212
1.101	-0.1606	-0.4065
1.104	-0.09276	-0.3559
1.518	0.03735	-0.09662
1.591	0.01965	-0.101
1.563	-0.005555	-0.14
1.393	-0.04796	-0.2302
1.159	-0.1257	-0.3326
0.9336	-0.153	-0.2914
0.814	-0.144	-0.2124
0.8591	-0.1662	-0.2639
0.9578	-0.1852	-0.2727
1.011	-0.1707	-0.2415
1.024	-0.1518	-0.2724
0.9999	-0.1242	-0.2179
0.9698	-0.1037	-0.1508
1.011	-0.09597	-0.1519
1.036	-0.07844	-0.1473
0.9802	-0.1091	-0.1724
0.9258	-0.1719	-0.1835
0.8673	-0.2086	-0.1836
0.8457	-0.228	-0.1807
0.8419	-0.2044	-0.1357
0.7847	-0.1553	-0.1045
0.7502	-0.1167	-0.06496
0.7475	-0.1034	-0.05089
0.7692	-0.1356	-0.0765
0.8285	-0.1622	-0.06838
0.9125	-0.1855	-0.05335
1.058	-0.254	-0.007374
1.262	-0.3177	0.05099
1.479	-0.3428	0.04514
1.6	-0.3515	-0.03607
1.538	-0.3524	-0.1638
1.306	-0.3355	-0.261
0.9522	-0.2699	-0.3392
0.6869	-0.1778	-0.3709
0.6815	-0.1551	-0.3162
0.8316	-0.1945	-0.2518
1.052	-0.1974	-0.1596
1.197	-0.1938	-0.1349
1.142	-0.2169	-0.2516
1.086	-0.2101	-0.3342
1.071	-0.1956	-0.3774
1.009	-0.1823	-0.3719
0.9703	-0.1294	-0.2768
0.8904	-0.02692	-0.2033
0.8225	0.06029	-0.1502
0.8441	0.0297	-0.1435
0.7721	-0.002232	-0.115
0.7088	0.03384	-0.02116
0.7954	-0.002088	-0.04246
0.8506	-0.03916	-0.04902
0.8644	-0.02648	-0.01595
0.9627	-0.03247	-0.09302
1.112	-0.01711	-0.1147
1.212	-0.0133	-0.08539
1.272	-0.0014	-0.07046
1.34	0.03199	-0.05433
1.318	-0.02371	-0.1225
1.197	-0.1314	-0.2399
1.057	-0.2312	-0.3429
0.9425	-0.2779	-0.3683
0.9873	-0.2318	-0.3665
1.096	-0.1913	-0.4212
1.101	-0.1606	-0.4065
1.104	-0.09276	-0.3559
1.093	-0.04818	-0.3175
1.099	-0.03825	-0.2252
1.14	-0.03931	-0.1904
1.071	-0.06099	-0.21
0.9859	-0.1269	-0.2019
0.9187	-0.218	-0.1985
0.8748	-0.2553	-0.1818
0.8984	-0.239	-0.1544
0.8501	-0.2112	-0.1404
0.7953	-0.144	-0.1302
0.7911	-0.06786	-0.1266
0.7851	-0.06117	-0.1264
0.8146	-0.1104	-0.1223
0.8266	-0.1649	-0.08774
0.8565	-0.2025	-0.0356
0.9141	-0.2332	-0.0182
0.9765	-0.278	-0.01203
1.145	-0.3258	0.004264
1.345	-0.37	-0.02749
1.406	-0.3978	-0.1033
1.352	-0.3902	-0.1505
1.319	-0.379	-0.1842
1.141	-0.3307	-0.2422
0.7401	-0.2324	-0.3403
0.6053	-0.2192	-0.4107
0.8679	-0.2673	-0.2629
1.125	-0.2671	-0.02994
1.204	-0.2753	-0.001793
1.171	-0.2821	-0.08231
1.136	-0.2321	-0.1697
1.104	-0.1395	-0.2594
1.02	-0.01417	-0.2566
0.909	0.08148	-0.2006
0.8309	0.101	-0.1668
0.8052	0.06885	-0.1396
0.8094	0.01457	-0.1043
0.8607	-0.04709	-0.07779
0.9459	-0.09659	-0.07962
1.012	-0.08822	-0.09143
1.069	-0.04313	-0.1247
1.107	0.02351	-0.1635
1.11	0.1212	-0.1365
1.155	0.1451	-0.07896
1.265	0.05899	-0.07624
1.303	-0.06867	-0.1435
1.192	-0.1825	-0.251
0.9955	-0.2194	-0.3181
0.8514	-0.2056	-0.3169
0.8737	-0.2061	-0.32
0.9546	-0.2198	-0.3314
1.011	-0.2255	-0.3263
1.098	-0.215	-0.281
1.117	-0.2079	-0.1634
1.087	-0.2092	-0.09989
1.104	-0.2045	-0.1642
1.067	-0.1929	-0.2103
1.016	-0.1834	-0.1905
0.9724	-0.1826	-0.1888
0.898	-0.2018	-0.1662
0.9106	-0.2321	-0.1018
0.9306	-0.2217	-0.1024
0.9089	-0.1948	-0.1117
0.904	-0.1891	-0.08742
0.8339	-0.1748	-0.1153
1.093	-0.04818	-0.3175
1.099	-0.03825	-0.2252
1.14	-0.03931	-0.1904
1.071	-0.06099	-0.21
0.9859	-0.1269	-0.2019
0.9187	-0.218	-0.1985
0.8748	-0.2553	-0.1818
0.8984	-0.239	-0.1544
0.8501	-0.2112	-0.1404
0.7953	-0.144	-0.1302
0.7911	-0.06786	-0.1266
0.7851	-0.06117	-0.1264
0.8146	-0.1104	-0.1223
0.8266	-0.1649	-0.08774
0.8565	-0.2025	-0.0356
0.9141	-0.2332	-0.0182
0.9765	-0.278	-0.01203
1.145	-0.3258	0.004264
1.345	-0.37	-0.02749
1.406	-0.3978	-0.1033
1.352	-0.3902	-0.1505
1.319	-0.379	-0.1842
1.141	-0.3307	-0.2422
0.7401	-0.2324	-0.3403
0.6053	-0.2192	-0.4107
0.8679	-0.2673	-0.2629
1.125	-0.2671	-0.02994
1.204	-0.2753	-0.001793
1.171	-0.2821	-0.08231
1.136	-0.2321	-0.1697
1.104	-0.1395	-0.2594
1.02	-0.01417	-0.2566
0.909	0.08148	-0.2006
0.8309	0.101	-0.1668
0.8052	0.06885	-0.1396
0.8094	0.01457	-0.1043
0.8607	-0.04709	-0.07779
0.9459	-0.09659	-0.07962
1.012	-0.08822	-0.09143
1.069	-0.04313	-0.1247
1.107	0.02351	-0.1635
1.11	0.1212	-0.1365
1.155	0.1451	-0.07896
1.265	0.05899	-0.07624
1.303	-0.06867	-0.1435
1.192	-0.1825	-0.251
0.9955	-0.2194	-0.3181
0.8514	-0.2056	-0.3169
0.8737	-0.2061	-0.32
0.9546	-0.2198	-0.3314
1.011	-0.2255	-0.3263
1.098	-0.215	-0.281
1.117	-0.2079	-0.1634
1.087	-0.2092	-0.09989
1.104	-0.2045	-0.1642
1.067	-0.1929	-0.2103
1.016	-0.1834	-0.1905
0.9724	-0.1826	-0.1888
0.898	-0.2018	-0.1662
0.9106	-0.2321	-0.1018
0.9306	-0.2217	-0.1024
0.9089	-0.1948	-0.1117
0.904	-0.1891	-0.08742
0.8339	-0.1748	-0.1153
0.7605	-0.1786	-0.1141
0.7292	-0.1901	-0.08253
0.7329	-0.1914	-0.06485
0.7876	-0.2285	-0.01114
0.8281	-0.2704	0.00204
0.9379	-0.3014	0.007834
1.125	-0.3087	0.04884
1.313	-0.2572	0.04766
1.44	-0.2142	0.03494
1.376	-0.212	-0.03257
1.298	-0.2205	-0.1525
1.239	-0.2331	-0.2101
0.9566	-0.2694	-0.2773
0.7072	-0.3586	-0.3999
0.7625	-0.4638	-0.4225
0.9752	-0.5455	-0.3085
1.162	-0.5831	-0.2332
1.211	-0.5633	-0.2645
1.132	-0.506	-0.3656
1.08	-0.4045	-0.4703
1.079	-0.2653	-0.4359
0.9819	-0.09799	-0.3497
0.857	0.0324	-0.3217
0.8206	0.03137	-0.2639
0.8072	-0.0006619	-0.2272
0.856	-0.009023	-0.2033
0.9259	-0.0486	-0.1439
0.9236	-0.04705	-0.1448
0.8902	-0.0206	-0.1738
0.8187	-0.0238	-0.1844
0.7481	-0.01366	-0.1691
0.7303	-0.003215	-0.1175
0.7472	0.02557	-0.07547
0.7708	0.0713	-0.01756
0.8361	0.06667	0.03134
1.033	0.04715	0.05751
1.264	0.05181	0.1013
1.41	0.0565	0.07589
1.486	0.05778	-0.01203
1.434	0.03256	-0.1394
1.24	-0.04315	-0.3188
1.049	-0.1033	-0.4054
0.9735	-0.09215	-0.3884
0.9677	-0.08679	-0.3866
1.016	-0.1189	-0.4052
1.136	-0.117	-0.3945
1.18	-0.1018	-0.3631
1.133	-0.08885	-0.3557
1.142	-0.05531	-0.3323
1.138	-0.06278	-0.3212
1.08	-0.08479	-0.3296
1.024	-0.09205	-0.2744
0.9301	-0.1429	-0.2434
0.8848	-0.1652	-0.2437
0.8885	-0.1366	-0.199
0.8166	-0.1217	-0.1446
0.7679	-0.09509	-0.0965
0.7715	-0.07436	-0.1008
0.7141	-0.06762	-0.1055
0.656	-0.0588	-0.07707
0.67	-0.07567	-0.08426
0.7087	-0.09353	-0.04699
0.7914	-0.1286	0.01027
0.9344	-0.1964	0.01949
0.7605	-0.1786	-0.1141
0.7292	-0.1901	-0.08253
0.7329	-0.1914	-0.06485
0.7876	-0.2285	-0.01114
0.8281	-0.2704	0.00204
0.9379	-0.3014	0.007834
1.125	-0.3087	0.04884
1.313	-0.2572	0.04766
1.44	-0.2142	0.03494
1.376	-0.212	-0.03257
1.298	-0.2205	-0.1525
1.239	-0.2331	-0.2101
0.9566	-0.2694	-0.2773
0.7072	-0.3586	-0.3999
0.7625	-0.4638	-0.4225
0.9752	-0.5455	-0.3085
1.162	-0.5831	-0.2332
1.211	-0.5633	-0.2645
1.132	-0.506	-0.3656
1.08	-0.4045	-0.4703
1.079	-0.2653	-0.4359
0.9819	-0.09799	-0.3497
0.857	0.0324	-0.3217
0.8206	0.03137	-0.2639
0.8072	-0.0006619	-0.2272
0.856	-0.009023	-0.2033
0.9259	-0.0486	-0.1439
0.9236	-0.04705	-0.1448
0.8902	-0.0206	-0.1738
0.8187	-0.0238	-0.1844
0.7481	-0.01366	-0.1691
0.7303	-0.003215	-0.1175
0.7472	0.02557	-0.07547
0.7708	0.0713	-0.01756
0.8361	0.06667	0.03134
1.033	0.04715	0.05751
1.264	0.05181	0.1013
1.41	0.0565	0.07589
1.486	0.05778	-0.01203
1.434	0.03256	-0.1394
1.24	-0.04315	-0.3188
1.049	-0.1033	-0.4054
0.9735	-0.09215	-0.3884
0.9677	-0.08679	-0.3866
1.016	-0.1189	-0.4052
1.136	-0.117	-0.3945
1.18	-0.1018	-0.3631
1.133	-0.08885	-0.3557
1.142	-0.05531	-0.3323
1.138	-0.06278	-0.3212
1.08	-0.08479	-0.3296
1.024	-0.09205	-0.2744
0.9301	-0.1429	-0.2434
0.8848	-0.1652	-0.2437
0.8885	-0.1366	-0.199
0.8166	-0.1217	-0.1446
0.7679	-0.09509	-0.0965
0.7715	-0.07436	-0.1008
0.7141	-0.06762	-0.1055
0.656	-0.0588	-0.07707
0.67	-0.07567	-0.08426
0.7087	-0.09353	-0.04699
0.7914	-0.1286	0.01027
0.9344	-0.1964	0.01949
1.047	-0.2434	0.02908
1.158	-0.2845	0.01583
1.307	-0.3032	-0.01409
1.377	-0.2781	-0.09552
1.354	-0.263	-0.2037
1.27	-0.231	-0.215
1.033	-0.1818	-0.2646
0.7713	-0.1815	-0.4015
0.8102	-0.2313	-0.4073
1.037	-0.3116	-0.2717
1.159	-0.3649	-0.1442
1.227	-0.364	-0.1004
1.197	-0.3365	-0.1538
1.1	-0.2277	-0.252
1.064	-0.05697	-0.3138
0.9547	0.0299	-0.2418
0.8784	0.04237	-0.1101
0.8638	0.07081	-0.1223
0.7982	0.06083	-0.1637
0.8143	-0.0211	-0.1703
0.8061	-0.09401	-0.2605
0.7818	-0.09669	-0.248
0.8214	-0.05973	-0.1609
0.7981	-0.05336	-0.151
0.811	-0.03517	-0.114
0.8614	0.005326	-0.1204
0.9203	0.01874	-0.1191
0.9893	0.05011	-0.06761
0.988	0.06516	-0.09794
1.053	0.08612	-0.09318
1.13	0.1291	-0.06825
1.133	0.08804	-0.07574
1.234	0.05544	-0.05443
1.359	0.0291	-0.1064
1.368	-0.05301	-0.2035
1.298	-0.09734	-0.2919
1.14	-0.1459	-0.3778
0.9483	-0.162	-0.3727
0.8971	-0.09835	-0.3306
0.9891	-0.03992	-0.3175
1.04	-0.004342	-0.2733
1.037	-0.02456	-0.2502
1.07	-0.05537	-0.2778
1.078	-0.06805	-0.2572
1.047	-0.1085	-0.215
1.028	-0.1256	-0.1875
0.9762	-0.156	-0.16
0.9127	-0.2067	-0.1764
0.8916	-0.1943	-0.1712
0.8864	-0.1804	-0.1451
0.9018	-0.1823	-0.1592
0.9047	-0.1556	-0.1474
0.8468	-0.1398	-0.1373
0.7842	-0.1373	-0.1434
0.7777	-0.1433	-0.1228
0.8047	-0.1692	-0.09324
0.8196	-0.1886	-0.05869
0.8626	-0.2001	-0.06042
0.9404	-0.2107	-0.07553
1.006	-0.2081	-0.06085
1.112	-0.1819	-0.06641
1.241	-0.1603	-0.09509
1.315	-0.2186	-0.1659
1.362	-0.3387	-0.2458
1.047	-0.2434	0.02908
1.158	-0.2845	0.01583
1.307	-0.3032	-0.01409
1.377	-0.2781	-0.09552
1.354	-0.263	-0.2037
1.27	-0.231	-0.215
1.033	-0.1818	-0.2646
0.7713	-0.1815	-0.4015
0.8102	-0.2313	-0.4073
1.037	-0.3116	-0.2717
1.159	-0.3649	-0.1442
1.227	-0.364	-0.1004
1.197	-0.3365	-0.1538
1.1	-0.2277	-0.252
1.064	-0.05697	-0.3138
0.9547	0.0299	-0.2418
0.8784	0.04237	-0.1101
0.8638	0.07081	-0.1223
0.7982	0.06083	-0.1637
0.8143	-0.0211	-0.1703
0.8061	-0.09401	-0.2605
0.7818	-0.09669	-0.248
0.8214	-0.05973	-0.1609
0.7981	-0.05336	-0.151
0.811	-0.03517	-0.114
0.8614	0.005326	-0.1204
0.9203	0.01874	-0.1191
0.9893	0.05011	-0.06761
0.988	0.06516	-0.09794
1.053	0.08612	-0.09318
1.13	0.1291	-0.06825
1.133	0.08804	-0.07574
1.234	0.05544	-0.05443
1.359	0.0291	-0.1064
1.368	-0.05301	-0.2035
1.298	-0.09734	-0.2919
1.14	-0.1459	-0.3778
0.9483	-0.162	-0.3727
0.8971	-0.09835	-0.3306
0.9891	-0.03992	-0.3175
1.04	-0.004342	-0.2733
1.037	-0.02456	-0.2502
1.07	-0.05537	-0.2778
1.078	-0.06805	-0.2572
1.047	-0.1085	-0.215
1.028	-0.1256	-0.1875
0.9762	-0.156	-0.16
0.9127	-0.2067	-0.1764
0.8916	-0.1943	-0.1712
0.8864	-0.1804	-0.1451
0.9018	-0.1823	-0.1592
0.9047	-0.1556	-0.1474
0.8468	-0.1398	-0.1373
0.7842	-0.1373	-0.1434
0.7777	-0.1433	-0.1228
0.8047	-0.1692	-0.09324
0.8196	-0.1886	-0.05869
0.8626	-0.2001	-0.06042
0.9404	-0.2107	-0.07553
1.006	-0.2081	-0.06085
1.112	-0.1819	-0.06641
1.241	-0.1603	-0.09509
1.315	-0.2186	-0.1659
1.362	-0.3387	-0.2458
1.39	-0.3909	-0.2272
1.3	-0.3127	-0.2158
1.035	-0.2037	-0.3068
0.7938	-0.1845	-0.3575
0.8073	-0.2124	-0.318
0.9657	-0.236	-0.2429
1.075	-0.2796	-0.1588
1.12	-0.3075	-0.1465
1.061	-0.3063	-0.2053
0.9486	-0.2805	-0.2456
0.9259	-0.2027	-0.2461
0.9087	-0.09765	-0.2044
0.886	-0.00276	-0.1484
0.9202	0.03922	-0.1419
0.9132	0.01728	-0.1605
0.9055	-0.01697	-0.1571
0.9048	-0.05601	-0.1602
0.8715	-0.07913	-0.1652
0.842	-0.05897	-0.1561
0.7808	-0.04844	-0.1551
0.7819	-0.04022	-0.1422
0.8608	0.006825	-0.1092
0.9117	0.05788	-0.0767
0.9469	0.0831	-0.06644
0.951	0.08978	-0.08257
0.9795	0.1153	-0.07842
1.022	0.1277	-0.07028
1.036	0.07021	-0.06458
1.174	0.01326	-0.01772
1.343	-0.0097	0.004239
1.382	-0.02208	-0.04916
1.444	-0.04276	-0.1588
1.465	-0.07649	-0.2794
1.271	-0.0556	-0.3212
1.035	-0.03859	-0.3055
0.878	-0.07041	-0.2954
0.8311	-0.07317	-0.2601
0.9309	-0.09179	-0.2033
1.025	-0.1176	-0.1758
1.087	-0.1141	-0.2119
1.118	-0.1318	-0.2871
1.043	-0.1471	-0.3095
0.9847	-0.1488	-0.2574
0.957	-0.1376	-0.1878
0.946	-0.122	-0.1355
0.979	-0.1362	-0.1166
0.9861	-0.1412	-0.1138
1.012	-0.1124	-0.1186
1.011	-0.07383	-0.1307
0.9346	-0.04619	-0.1252
0.8737	-0.03853	-0.1184
0.8385	-0.04575	-0.1063
0.8195	-0.06281	-0.06511
0.7763	-0.09105	-0.01732
0.7559	-0.1429	0.01336
0.8038	-0.1786	0.002367
0.8201	-0.1701	-0.02291
0.8348	-0.1783	-0.02254
0.8761	-0.2027	-0.004854
0.9355	-0.2015	0.04519
1.011	-0.1721	0.08912
1.019	-0.1028	0.07962
1.041	-0.05494	0.05487
1.138	-0.1139	0.01966
1.39	-0.3909	-0.2272
1.3	-0.3127	-0.2158
1.035	-0.2037	-0.3068
0.7938	-0.1845	-0.3575
0.8073	-0.2124	-0.318
0.9657	-0.236	-0.2429
1.075	-0.2796	-0.1588
1.12	-0.3075	-0.1465
1.061	-0.3063	-0.2053
0.9486	-0.2805	-0.2456
0.9259	-0.2027	-0.2461
0.9087	-0.09765	-0.2044
0.886	-0.00276	-0.1484
0.9202	0.03922	-0.1419
0.9132	0.01728	-0.1605
0.9055	-0.01697	-0.1571
0.9048	-0.05601	-0.1602
0.8715	-0.07913	-0.1652
0.842	-0.05897	-0.1561
0.7808	-0.04844	-0.1551
0.7819	-0.04022	-0.1422
0.8608	0.006825	-0.1092
0.9117	0.05788	-0.0767
0.9469	0.0831	-0.06644
0.951	0.08978	-0.08257
0.9795	0.1153	-0.07842
1.022	0.1277	-0.07028
1.036	0.07021	-0.06458
1.174	0.01326	-0.01772
1.343	-0.0097	0.004239
1.382	-0.02208	-0.04916
1.444	-0.04276	-0.1588
1.465	-0.07649	-0.2794
1.271	-0.0556	-0.3212
1.035	-0.03859	-0.3055
0.878	-0.07041	-0.2954
0.8311	-0.07317	-0.2601
0.9309	-0.09179	-0.2033
1.025	-0.1176	-0.1758
1.087	-0.1141	-0.2119
1.118	-0.1318	-0.2871
1.043	-0.1471	-0.3095
0.9847	-0.1488	-0.2574
0.957	-0.1376	-0.1878
0.946	-0.122	-0.1355
0.979	-0.1362	-0.1166
0.9861	-0.1412	-0.1138
1.012	-0.1124	-0.1186
1.011	-0.07383	-0.1307
0.9346	-0.04619	-0.1252
0.8737	-0.03853	-0.1184
0.8385	-0.04575	-0.1063
0.8195	-0.06281	-0.06511
0.7763	-0.09105	-0.01732
0.7559	-0.1429	0.01336
0.8038	-0.1786	0.002367
0.8201	-0.1701	-0.02291
0.8348	-0.1783	-0.02254
0.8761	-0.2027	-0.004854
0.9355	-0.2015	0.04519
1.011	-0.1721	0.08912
1.019	-0.1028	0.07962
1.041	-0.05494	0.05487
1.138	-0.1139	0.01966
1.206	-0.2138	-0.02408
1.229	-0.2648	-0.05061
1.286	-0.2804	-0.06667
1.47	-0.2745	-0.06472
1.591	-0.2598	-0.08159
1.307	-0.2309	-0.2087
0.8992	-0.1779	-0.3933
0.8897	-0.1822	-0.4354
1.01	-0.2275	-0.3136
0.9618	-0.2569	-0.2296
1.016	-0.3225	-0.2371
1.063	-0.3382	-0.2441
1.006	-0.2528	-0.2554
1.058	-0.1578	-0.2883
1.065	-0.06782	-0.3055
1.023	-0.02115	-0.2843
0.9756	0.01707	-0.2469
0.8427	0.06119	-0.2196
0.801	-0.007992	-0.1808
0.8025	-0.1093	-0.1393
0.8179	-0.1599	-0.1196
0.9302	-0.1919	-0.1104
0.9583	-0.1766	-0.1236
0.9196	-0.1386	-0.1645
0.9033	-0.07566	-0.2058
0.8627	-0.01988	-0.2069
0.8473	-0.01658	-0.1667
0.8565	0.02453	-0.1231
0.8745	0.0929	-0.07414
0.9446	0.1579	-0.04327
1.044	0.2214	-0.05143
1.118	0.2023	-0.07023
1.213	0.1203	-0.1315
1.345	0.03805	-0.2016
1.339	-0.01596	-0.1711
1.237	-0.08522	-0.1349
1.196	-0.2106	-0.2112
1.067	-0.2337	-0.2881
0.9047	-0.1774	-0.3022
0.8757	-0.1776	-0.2926
0.8641	-0.1283	-0.2825
0.9555	-0.07272	-0.3321
1.152	-0.05983	-0.3727
1.237	-0.01878	-0.3285
1.246	-0.04261	-0.2989
1.201	-0.07284	-0.2994
1.094	-0.06728	-0.2797
1.006	-0.1204	-0.2595
0.9543	-0.1447	-0.2524
0.9327	-0.1741	-0.2131
0.8848	-0.2462	-0.1404
0.8615	-0.2412	-0.1296
0.8829	-0.1952	-0.1536
0.8375	-0.146	-0.1463
0.8134	-0.09228	-0.1487
0.8337	-0.05284	-0.1399
0.8053	0.005351	-0.1022
0.8027	0.02324	-0.08191
0.8159	-0.0569	-0.08037
0.8122	-0.1463	-0.07262
0.8608	-0.1964	-0.06246
0.9572	-0.222	-0.05845
1.092	-0.2066	-0.04746
1.254	-0.184	-0.03704
1.206	-0.2138	-0.02408
1.229	-0.2648	-0.05061
1.286	-0.2804	-0.06667
1.47	-0.2745	-0.06472
1.591	-0.2598	-0.08159
1.307	-0.2309	-0.2087
0.8992	-0.1779	-0.3933
0.8897	-0.1822	-0.4354
1.01	-0.2275	-0.3136
0.9618	-0.2569	-0.2296
1.016	-0.3225	-0.2371
1.063	-0.3382	-0.2441
1.006	-0.2528	-0.2554
1.058	-0.1578	-0.2883
1.065	-0.06782	-0.3055
1.023	-0.02115	-0.2843
0.9756	0.01707	-0.2469
0.8427	0.06119	-0.2196
0.801	-0.007992	-0.1808
0.8025	-0.1093	-0.1393
0.8179	-0.1599	-0.1196
0.9302	-0.1919	-0.1104
0.9583	-0.1766	-0.1236
0.9196	-0.1386	-0.1645
0.9033	-0.07566	-0.2058
0.8627	-0.01988	-0.2069
0.8473	-0.01658	-0.1667
0.8565	0.02453	-0.1231
0.8745	0.0929	-0.07414
0.9446	0.1579	-0.04327
1.044	0.2214	-0.05143
1.118	0.2023	-0.07023
1.213	0.1203	-0.1315
1.345	0.03805	-0.2016
1.339	-0.01596	-0.1711
1.237	-0.08522	-0.1349
1.196	-0.2106	-0.2112
1.067	-0.2337	-0.2881
0.9047	-0.1774	-0.3022
0.8757	-0.1776	-0.2926
0.8641	-0.1283	-0.2825
0.9555	-0.07272	-0.3321
1.152	-0.05983	-0.3727
1.237	-0.01878	-0.3285
1.246	-0.04261	-0.2989
1.201	-0.07284	-0.2994
1.094	-0.06728	-0.2797
1.006	-0.1204	-0.2595
0.9543	-0.1447	-0.2524
0.9327	-0.1741	-0.2131
0.8848	-0.2462	-0.1404
0.8615	-0.2412	-0.1296
0.8829	-0.1952	-0.1536
0.8375	-0.146	-0.1463
0.8134	-0.09228	-0.1487
0.8337	-0.05284	-0.1399
0.8053	0.005351	-0.1022
0.8027	0.02324	-0.08191
0.8159	-0.0569	-0.08037
0.8122	-0.1463	-0.07262
0.8608	-0.1964	-0.06246
0.9572	-0.222	-0.05845
1.092	-0.2066	-0.04746
1.254	-0.184	-0.03704
1.398	-0.1698	-0.03179
1.448	-0.1725	-0.05203
1.378	-0.2606	-0.1619
1.309	-0.3943	-0.2889
1.19	-0.4564	-0.2907
0.923	-0.3932	-0.2564
0.6928	-0.3325	-0.3145
0.616	-0.3741	-0.3503
0.7068	-0.3751	-0.3033
0.946	-0.3568	-0.2618
1.147	-0.3804	-0.239
1.216	-0.3432	-0.2743
1.234	-0.2797	-0.3532
1.256	-0.2147	-0.3588
1.171	-0.1583	-0.2981
0.9454	-0.09267	-0.2141
0.8387	0.004972	-0.1728
0.8529	-0.02104	-0.2111
0.8175	-0.06815	-0.2238
0.8164	-0.02398	-0.2013
0.822	-0.04894	-0.1812
0.7851	-0.04059	-0.1389
0.7705	0.02004	-0.1147
0.7756	0.01481	-0.1022
0.8127	0.03243	-0.06089
0.8895	0.03581	-0.04865
1.011	0.02128	-0.07593
1.166	0.02792	-0.09076
1.296	0.00498	-0.1184
1.354	0.01813	-0.1523
1.368	0.03684	-0.1594
1.359	0.02017	-0.1892
1.224	-0.00961	-0.2541
0.9843	-0.1094	-0.3392
0.8244	-0.1862	-0.4001
0.8496	-0.1663	-0.3443
0.968	-0.1591	-0.2572
1.026	-0.1793	-0.2462
1.069	-0.167	-0.2572
1.086	-0.1563	-0.3087
1.082	-0.1586	-0.37
1.149	-0.1262	-0.3288
1.169	-0.09243	-0.2619
1.171	-0.07524	-0.2352
1.147	-0.08598	-0.2212
1.023	-0.1459	-0.2329
0.9718	-0.1959	-0.2314
0.9432	-0.2194	-0.2098
0.8982	-0.1986	-0.1958
0.8746	-0.1393	-0.1663
0.7972	-0.0931	-0.1448
0.7612	-0.0744	-0.1369
0.7619	-0.1299	-0.1116
0.7625	-0.1924	-0.08312
0.7907	-0.2172	-0.06647
0.8247	-0.2622	-0.06522
0.8987	-0.2822	-0.05233
0.9735	-0.3012	-0.02388
1.073	-0.335	-0.02101
1.214	-0.3446	-0.02416
1.356	-0.3506	-0.03818
1.51	-0.351	-0.1118
1.468	-0.3483	-0.2073
1.177	-0.2647	-0.2667
1.398	-0.1698	-0.03179
1.448	-0.1725	-0.05203
1.378	-0.2606	-0.1619
1.309	-0.3943	-0.2889
1.19	-0.4564	-0.2907
0.923	-0.3932	-0.2564
0.6928	-0.3325	-0.3145
0.616	-0.3741	-0.3503
0.7068	-0.3751	-0.3033
0.946	-0.3568	-0.2618
1.147	-0.3804	-0.239
1.216	-0.3432	-0.2743
1.234	-0.2797	-0.3532
1.256	-0.2147	-0.3588
1.171	-0.1583	-0.2981
0.9454	-0.09267	-0.2141
0.8387	0.004972	-0.1728
0.8529	-0.02104	-0.2111
0.8175	-0.06815	-0.2238
0.8164	-0.02398	-0.2013
0.822	-0.04894	-0.1812
0.7851	-0.04059	-0.1389
0.7705	0.02004	-0.1147
0.7756	0.01481	-0.1022
0.8127	0.03243	-0.06089
0.8895	0.03581	-0.04865
1.011	0.02128	-0.07593
1.166	0.02792	-0.09076
1.296	0.00498	-0.1184
1.354	0.01813	-0.1523
1.368	0.03684	-0.1594
1.359	0.02017	-0.1892
1.224	-0.00961	-0.2541
0.9843	-0.1094	-0.3392
0.8244	-0.1862	-0.4001
0.8496	-0.1663	-0.3443
0.968	-0.1591	-0.2572
1.026	-0.1793	-0.2462
1.069	-0.167	-0.2572
1.086	-0.1563	-0.3087
1.082	-0.1586	-0.37
1.149	-0.1262	-0.3288
1.169	-0.09243	-0.2619
1.171	-0.07524	-0.2352
1.147	-0.08598	-0.2212
1.023	-0.1459	-0.2329
0.9718	-0.1959	-0.2314
0.9432	-0.2194	-0.2098
0.8982	-0.1986	-0.1958
0.8746	-0.1393	-0.1663
0.7972	-0.0931	-0.1448
0.7612	-0.0744	-0.1369
0.7619	-0.1299	-0.1116
0.7625	-0.1924	-0.08312
0.7907	-0.2172	-0.06647
0.8247	-0.2622	-0.06522
0.8987	-0.2822	-0.05233
0.9735	-0.3012	-0.02388
1.073	-0.335	-0.02101
1.214	-0.3446	-0.02416
1.356	-0.3506	-0.03818
1.51	-0.351	-0.1118
1.468	-0.3483	-0.2073
1.177	-0.2647	-0.2667
0.8968	-0.1445	-0.2964
0.7417	-0.1449	-0.307
0.7304	-0.1662	-0.2799
0.8318	-0.2045	-0.2112
0.9697	-0.3084	-0.1276
1.054	-0.3	-0.1197
1.072	-0.2435	-0.215
1.111	-0.2409	-0.2977
1.103	-0.1508	-0.3397
1.078	-0.0498	-0.3291
1.073	-0.006732	-0.2554
0.9575	0.0521	-0.2015
0.8757	0.04413	-0.149
0.8702	0.02232	-0.1197
0.857	0.02603	-0.1323
0.8905	-0.04157	-0.152
0.8879	-0.09599	-0.234
0.8548	-0.1057	-0.2672
0.8202	-0.07998	-0.2078
0.7927	-0.01411	-0.1714
0.8351	0.01623	-0.1397
0.8655	0.03219	-0.1107
0.9007	0.03691	-0.08397
0.9534	0.02858	-0.07976
1.005	0.03591	-0.09797
1.121	0.03311	-0.08388
1.235	0.03739	-0.08887
1.365	0.03089	-0.1013
1.469	0.01213	-0.1283
1.427	-0.008048	-0.2117
1.361	-0.09923	-0.2725
1.222	-0.2067	-0.3137
0.9189	-0.2037	-0.3469
0.7539	-0.1202	-0.3254
0.8345	-0.08173	-0.2975
0.9297	-0.1019	-0.3072
1.018	-0.1134	-0.2935
1.128	-0.1217	-0.2515
1.152	-0.134	-0.2558
1.15	-0.1294	-0.2536
1.17	-0.113	-0.2145
1.091	-0.1125	-0.1948
0.9485	-0.1385	-0.1682
0.8794	-0.1734	-0.1511
0.8755	-0.2153	-0.1561
0.866	-0.2567	-0.1397
0.8533	-0.2791	-0.1196
0.8646	-0.2566	-0.1129
0.8671	-0.2069	-0.1129
0.8743	-0.1735	-0.101
0.8938	-0.1465	-0.08586
0.8722	-0.145	-0.09842
0.8496	-0.1576	-0.1208
0.8482	-0.169	-0.1285
0.8391	-0.2126	-0.09433
0.859	-0.2381	-0.01928
0.9351	-0.2419	0.03818
1.075	-0.2508	0.04556
1.247	-0.2469	0.002621
1.365	-0.2724	-0.07713
1.419	-0.3257	-0.1531
1.414	-0.3495	-0.1895
1.217	-0.3067	-0.2309
0.8705	-0.2457	-0.3343
0.8955	-0.1482	-0.1817
1.057	-0.08853	-0.2555
1.169	0.0008117	-0.3179
1.1	-0.02302	-0.3696
1.035	-0.08293	-0.3428
1.044	-0.0528	-0.2137
1.021	-0.06553	-0.0879
0.9996	-0.08364	-0.05929
1.047	-0.02372	-0.09042
1.049	0.007719	-0.06344
1.04	0.04266	-0.06722
1.06	0.08151	-0.1198
1.019	0.07336	-0.08981
0.9904	0.07481	-0.07728
0.9498	0.04221	-0.08773
0.889	0.001706	-0.05365
0.8974	0.007773	-0.05946
0.9089	0.02759	-0.062
0.9365	0.08106	-0.06151
0.9588	0.1182	-0.09699
0.9517	0.1287	-0.1158
0.9728	0.139	-0.1305
0.983	0.137	-0.133
1.018	0.1568	-0.1405
1.101	0.1543	-0.1643
1.25	0.1102	-0.1743
1.449	0.05206	-0.1873
1.558	-0.01821	-0.1966
1.603	-0.05887	-0.2654
1.537	-0.07113	-0.3753
1.267	-0.08714	-0.3991
0.9707	-0.1473	-0.3966
0.8365	-0.1899	-0.3891
0.9007	-0.09083	-0.295
1.009	0.04269	-0.169
1.048	0.05309	-0.1186
1.067	-0.0407	-0.1847
1.022	-0.1345	-0.255
0.9816	-0.1504	-0.2258
0.9664	-0.1366	-0.194
0.9136	-0.1751	-0.1781
0.9275	-0.2372	-0.1406
0.9234	-0.2529	-0.1562
0.8835	-0.2334	-0.1639
0.9031	-0.1924	-0.131
0.8965	-0.102	-0.1361
0.8972	-0.02235	-0.1385
0.8698	-0.01791	-0.1491
0.8032	-0.05235	-0.166
0.803	-0.09057	-0.1332
0.8009	-0.1292	-0.08824
0.8239	-0.1668	-0.03899
0.885	-0.2174	0.004171
0.9241	-0.2537	0.0331
1.018	-0.2336	0.04869
1.146	-0.2193	0.03387
1.194	-0.2299	0.03214
1.228	-0.2197	0.01617
1.393	-0.2372	-0.03246
1.517	-0.2929	-0.06996
1.444	-0.3187	-0.1315
1.273	-0.2366	-0.2168
0.9597	-0.1002	-0.3329
0.68	-0.1041	-0.416
0.7095	-0.187	-0.3029
0.8529	-0.2225	-0.127
0.9919	-0.2476	-0.07169
1.11	-0.2051	-0.09092
1.092	-0.1523	-0.1795
1.071	-0.1677	-0.2586
1.076	-0.1537	-0.2325
0.9835	-0.1039	-0.1722
0.8836	-0.02384	-0.1342
0.8133	0.05167	-0.1484
0.7893	0.05155	-0.1744
0.8547	0.02129	-0.1612
0.9055	-0.01442	-0.1472
0.9413	-0.03453	-0.1182
0.9881	-0.03845	-0.09327
1.003	-0.05685	-0.1043
1.025	-0.0536	-0.1169
1.036	-0.02481	-0.1278
1.036	0.0337	-0.1059
1.059	0.08762	-0.06211
1.091	0.07067	-0.05671
1.185	0.05241	-0.06324
1.319	0.03705	-0.09113
1.347	-0.04114	-0.1821
1.195	-0.1064	-0.304
0.9872	-0.1122	-0.4043
0.8895	-0.0877	-0.4182
0.9117	-0.03151	-0.3648
1.017	0.0419	-0.3209
1.118	0.1023	-0.2699
1.124	0.1018	-0.2473
1.091	0.04056	-0.2732
1.085	0.006348	-0.2531
1.044	0.01152	-0.2048
0.9422	-0.009256	-0.1591
0.9039	-0.07526	-0.1285
0.9117	-0.1738	-0.1411
0.8711	-0.27	-0.1163
0.8586	-0.2724	-0.09367
0.875	-0.2037	-0.1167
0.8632	-0.1829	-0.1009
0.862	-0.1387	-0.1062
0.8694	-0.09699	-0.147
0.8701	-0.1299	-0.1663
0.8949	-0.1145	-0.1707
0.9491	-0.1459	-0.1399
1.016	-0.213	-0.1072
1.095	-0.2143	-0.06332
1.169	-0.272	0.008848
1.258	-0.2846	0.05114
1.343	-0.2578	0.03629
1.3	-0.2621	-0.09334
1.195	-0.212	-0.2423
1.064	-0.2071	-0.2697
0.8134	-0.2003	-0.3325
0.6993	-0.1776	-0.4575
0.8316	-0.2367	-0.4347
0.9578	-0.2789	-0.3112
1.11	-0.2896	-0.2082
1.194	-0.2902	-0.1447
1.101	-0.28	-0.1998
1.102	-0.2272	-0.2471
1.07	-0.1015	-0.1938
0.8999	-0.01123	-0.192
0.7095	-0.187	-0.3029
0.8529	-0.2225	-0.127
0.9919	-0.2476	-0.07169
1.11	-0.2051	-0.09092
1.092	-0.1523	-0.1795
1.071	-0.1677	-0.2586
1.076	-0.1537	-0.2325
0.9835	-0.1039	-0.1722
0.8836	-0.02384	-0.1342
0.8133	0.05167	-0.1484
0.7893	0.05155	-0.1744
0.8547	0.02129	-0.1612
0.9055	-0.01442	-0.1472
0.9413	-0.03453	-0.1182
0.9881	-0.03845	-0.09327
1.003	-0.05685	-0.1043
1.025	-0.0536	-0.1169
1.036	-0.02481	-0.1278
1.036	0.0337	-0.1059
1.059	0.08762	-0.06211
1.091	0.07067	-0.05671
1.185	0.05241	-0.06324
1.319	0.03705	-0.09113
1.347	-0.04114	-0.1821
1.195	-0.1064	-0.304
0.9872	-0.1122	-0.4043
0.8895	-0.0877	-0.4182
0.9117	-0.03151	-0.3648
1.017	0.0419	-0.3209
1.118	0.1023	-0.2699
1.124	0.1018	-0.2473
1.091	0.04056	-0.2732
1.085	0.006348	-0.2531
1.044	0.01152	-0.2048
0.9422	-0.009256	-0.1591
0.9039	-0.07526	-0.1285
0.9117	-0.1738	-0.1411
0.8711	-0.27	-0.1163
0.8586	-0.2724	-0.09367
0.875	-0.2037	-0.1167
0.8632	-0.1829	-0.1009
0.862	-0.1387	-0.1062
0.8694	-0.09699	-0.147
0.8701	-0.1299	-0.1663
0.8949	-0.1145	-0.1707
0.9491	-0.1459	-0.1399
1.016	-0.213	-0.1072
1.095	-0.2143	-0.06332
1.169	-0.272	0.008848
1.258	-0.2846	0.05114
1.343	-0.2578	0.03629
1.3	-0.2621	-0.09334
1.195	-0.212	-0.2423
1.064	-0.2071	-0.2697
0.8134	-0.2003	-0.3325
0.6993	-0.1776	-0.4575
0.8316	-0.2367	-0.4347
0.9578	-0.2789	-0.3112
1.11	-0.2896	-0.2082
1.194	-0.2902	-0.1447
1.101	-0.28	-0.1998
1.102	-0.2272	-0.2471
1.07	-0.1015	-0.1938
0.8999	-0.01123	-0.192
0.8262	0.02741	-0.183
0.7917	0.04773	-0.1651
0.8013	0.04416	-0.1951
0.8551	0.01722	-0.1628
0.8818	-0.03228	-0.1339
0.9608	-0.04238	-0.1085
0.9855	-0.03396	-0.07517
0.9626	-0.02414	-0.1444
0.9865	0.05083	-0.206
1.005	0.1278	-0.1872
1.067	0.1274	-0.1417
1.175	0.08772	-0.1072
1.303	0.04744	-0.1209
1.327	-0.01123	-0.1507
1.13	-0.06746	-0.2186
0.9446	-0.1052	-0.3217
0.9439	-0.1481	-0.3633
1.006	-0.1543	-0.3735
1.053	-0.1508	-0.3837
1.144	-0.1698	-0.3367
1.187	-0.1672	-0.2883
1.126	-0.1836	-0.2449
1.147	-0.1928	-0.1876
1.138	-0.1544	-0.2305
1.014	-0.1281	-0.2865
0.9053	-0.1322	-0.275
0.7943	-0.1577	-0.2666
0.7926	-0.1606	-0.2026
0.839	-0.1389	-0.1378
0.8174	-0.1145	-0.1029
0.8435	-0.08265	-0.04993
0.8271	-0.0908	-0.05552
0.803	-0.1331	-0.081
0.8672	-0.1855	-0.09294
0.9533	-0.2128	-0.09388
1.083	-0.2055	-0.06298
1.164	-0.2378	-0.05688
1.177	-0.258	-0.06997
1.197	-0.2451	-0.1059
1.158	-0.2385	-0.1845
1.023	-0.1966	-0.2936
0.8684	-0.1763	-0.4006
0.8659	-0.1927	-0.4216
0.9649	-0.2242	-0.3957
1.031	-0.3022	-0.3606
1.151	-0.3371	-0.2572
1.184	-0.3292	-0.17
1.079	-0.3242	-0.204
1.058	-0.2626	-0.2483
0.9918	-0.1798	-0.219
0.8478	-0.06786	-0.2312
0.8172	0.02525	-0.2464
0.8171	0.004543	-0.199
0.8018	0.02609	-0.1777
0.7975	0.06862	-0.1318
0.7902	0.03566	-0.1035
0.7968	0.03585	-0.1161
0.8074	0.01631	-0.07639
0.8587	-0.01118	-0.1021
0.9394	0.01268	-0.1506
1.027	0.02017	-0.1654
1.147	0.04256	-0.2052
1.237	0.06634	-0.1504
1.264	0.08051	-0.09449
0.8262	0.02741	-0.183
0.7917	0.04773	-0.1651
0.8013	0.04416	-0.1951
0.8551	0.01722	-0.1628
0.8818	-0.03228	-0.1339
0.9608	-0.04238	-0.1085
0.9855	-0.03396	-0.07517
0.9626	-0.02414	-0.1444
0.9865	0.05083	-0.206
1.005	0.1278	-0.1872
1.067	0.1274	-0.1417
1.175	0.08772	-0.1072
1.303	0.04744	-0.1209
1.327	-0.01123	-0.1507
1.13	-0.06746	-0.2186
0.9446	-0.1052	-0.3217
0.9439	-0.1481	-0.3633
1.006	-0.1543	-0.3735
1.053	-0.1508	-0.3837
1.144	-0.1698	-0.3367
1.187	-0.1672	-0.2883
1.126	-0.1836	-0.2449
1.147	-0.1928	-0.1876
1.138	-0.1544	-0.2305
1.014	-0.1281	-0.2865
0.9053	-0.1322	-0.275
0.7943	-0.1577	-0.2666
0.7926	-0.1606	-0.2026
0.839	-0.1389	-0.1378
0.8174	-0.1145	-0.1029
0.8435	-0.08265	-0.04993
0.8271	-0.0908	-0.05552
0.803	-0.1331	-0.081
0.8672	-0.1855	-0.09294
0.9533	-0.2128	-0.09388
1.083	-0.2055	-0.06298
1.164	-0.2378	-0.05688
1.177	-0.258	-0.06997
1.197	-0.2451	-0.1059
1.158	-0.2385	-0.1845
1.023	-0.1966	-0.2936
0.8684	-0.1763	-0.4006
0.8659	-0.1927	-0.4216
0.9649	-0.2242	-0.3957
1.031	-0.3022	-0.3606
1.151	-0.3371	-0.2572
1.184	-0.3292	-0.17
1.079	-0.3242	-0.204
1.058	-0.2626	-0.2483
0.9918	-0.1798	-0.219
0.8478	-0.06786	-0.2312
0.8172	0.02525	-0.2464
0.8171	0.004543	-0.199
0.8018	0.02609	-0.1777
0.7975	0.06862	-0.1318
0.7902	0.03566	-0.1035
0.7968	0.03585	-0.1161
0.8074	0.01631	-0.07639
0.8587	-0.01118	-0.1021
0.9394	0.01268	-0.1506
1.027	0.02017	-0.1654
1.147	0.04256	-0.2052
1.237	0.06634	-0.1504
1.264	0.08051	-0.09449
1.272	0.09778	-0.1062
1.31	0.05764	-0.0504
1.333	-0.03753	-0.02946
1.228	-0.1444	-0.1588
0.9867	-0.1792	-0.3283
0.7888	-0.1591	-0.3531
0.8529	-0.179	-0.2899
1.016	-0.1809	-0.2843
1.05	-0.1635	-0.2439
1.055	-0.1741	-0.1965
1.046	-0.1611	-0.2038
1.04	-0.1344	-0.1872
1.088	-0.1135	-0.1765
1.069	-0.1087	-0.1659
1.006	-0.1624	-0.1598
0.9257	-0.2249	-0.1771
0.8739	-0.2353	-0.1466
0.8959	-0.207	-0.1027
0.8569	-0.1554	-0.06851
0.8225	-0.08686	-0.05234
0.791	-0.04963	-0.07804
0.7246	-0.09676	-0.07734
0.7606	-0.1646	-0.07052
0.792	-0.2207	-0.04937
0.8077	-0.3005	0.01889
0.8702	-0.3337	0.04246
0.9812	-0.317	0.04477
1.238	-0.2921	0.0633
1.439	-0.2425	0.05848
1.461	-0.2228	0.01824
1.429	-0.2386	-0.101
1.316	-0.2536	-0.2214
1.078	-0.2711	-0.2538
0.7738	-0.2861	-0.3237
0.6958	-0.3407	-0.4145
0.9317	-0.4386	-0.3679
1.129	-0.5203	-0.2889
1.147	-0.5427	-0.2683
1.079	-0.4915	-0.272
1.028	-0.4042	-0.3416
1.024	-0.2889	-0.3635
0.9806	-0.1584	-0.2942
0.9286	-0.05635	-0.2432
0.8745	0.0102	-0.1972
0.814	0.01228	-0.1939
0.8145	-0.01906	-0.2001
0.8412	-0.04262	-0.182
0.8603	-0.07479	-0.1983
0.8469	-0.06937	-0.1945
0.7976	-0.0572	-0.2107
0.7716	-0.06748	-0.2352
0.7855	-0.02449	-0.195
0.8257	0.03361	-0.1571
0.8518	0.06399	-0.1336
0.8894	0.07951	-0.1298
0.9686	0.0686	-0.1182
1.053	0.06266	-0.05185
1.211	0.06692	0.03065
1.424	0.06219	0.06297
1.528	0.04546	-0.01033
1.497	0.004746	-0.1223
1.394	-0.03016	-0.2275
1.212	-0.04415	-0.3253
0.9685	-0.08933	-0.3765
1.272	0.09778	-0.1062
1.31	0.05764	-0.0504
1.333	-0.03753	-0.02946
1.228	-0.1444	-0.1588
0.9867	-0.1792	-0.3283
0.7888	-0.1591	-0.3531
0.8529	-0.179	-0.2899
1.016	-0.1809	-0.2843
1.05	-0.1635	-0.2439
1.055	-0.1741	-0.1965
1.046	-0.1611	-0.2038
1.04	-0.1344	-0.1872
1.088	-0.1135	-0.1765
1.069	-0.1087	-0.1659
1.006	-0.1624	-0.1598
0.9257	-0.2249	-0.1771
0.8739	-0.2353	-0.1466
0.8959	-0.207	-0.1027
0.8569	-0.1554	-0.06851
0.8225	-0.08686	-0.05234
0.791	-0.04963	-0.07804
0.7246	-0.09676	-0.07734
0.7606	-0.1646	-0.07052
0.792	-0.2207	-0.04937
0.8077	-0.3005	0.01889
0.8702	-0.3337	0.04246
0.9812	-0.317	0.04477
1.238	-0.2921	0.0633
1.439	-0.2425	0.05848
1.461	-0.2228	0.01824
1.429	-0.2386	-0.101
1.316	-0.2536	-0.2214
1.078	-0.2711	-0.2538
0.7738	-0.2861	-0.3237
0.6958	-0.3407	-0.4145
0.9317	-0.4386	-0.3679
1.129	-0.5203	-0.2889
1.147	-0.5427	-0.2683
1.079	-0.4915	-0.272
1.028	-0.4042	-0.3416
1.024	-0.2889	-0.3635
0.9806	-0.1584	-0.2942
0.9286	-0.05635	-0.2432
0.8745	0.0102	-0.1972
0.814	0.01228	-0.1939
0.8145	-0.01906	-0.2001
0.8412	-0.04262	-0.182
0.8603	-0.07479	-0.1983
0.8469	-0.06937	-0.1945
0.7976	-0.0572	-0.2107
0.7716	-0.06748	-0.2352
0.7855	-0.02449	-0.195
0.8257	0.03361	-0.1571
0.8518	0.06399	-0.1336
0.8894	0.07951	-0.1298
0.9686	0.0686	-0.1182
1.053	0.06266	-0.05185
1.211	0.06692	0.03065
1.424	0.06219	0.06297
1.528	0.04546	-0.01033
1.497	0.004746	-0.1223
1.394	-0.03016	-0.2275
1.212	-0.04415	-0.3253
0.9685	-0.08933	-0.3765
0.846	-0.1423	-0.3996
0.9388	-0.1253	-0.3648
1.05	-0.1092	-0.3116
1.075	-0.1281	-0.3066
1.123	-0.08131	-0.295
1.173	-0.0292	-0.2921
1.154	-0.04125	-0.2693
1.118	-0.05737	-0.2144
1.026	-0.0875	-0.192
0.8809	-0.1391	-0.1514
0.7936	-0.1809	-0.1127
0.7676	-0.1934	-0.1121
0.7808	-0.1762	-0.1071
0.7829	-0.1576	-0.1068
0.7652	-0.1354	-0.1026
0.792	-0.1275	-0.1035
0.8298	-0.1399	-0.117
0.899	-0.1451	-0.1142
1.047	-0.1931	-0.08017
1.216	-0.2967	-0.02187
1.363	-0.3854	-0.01428
1.442	-0.4315	-0.06628
1.387	-0.4267	-0.1301
1.143	-0.3403	-0.2091
0.8302	-0.1814	-0.2908
0.7436	-0.07481	-0.3891
0.8577	-0.1122	-0.4272
0.9855	-0.1805	-0.3324
1.178	-0.2004	-0.2525
1.263	-0.2164	-0.2282
1.145	-0.2012	-0.2364
1.11	-0.1643	-0.3111
1.042	-0.132	-0.3413
0.9119	-0.08447	-0.2978
0.89	-0.05944	-0.2209
0.7463	-0.01602	-0.1381
0.6435	0.04207	-0.128
0.6964	0.04858	-0.1311
0.6784	0.05747	-0.1107
0.7324	0.03534	-0.09782
0.7854	-0.001527	-0.08794
0.7874	0.02183	-0.09943
0.862	0.02418	-0.09867
0.9145	0.01322	-0.09761
1.049	0.0291	-0.106
1.245	0.0663	-0.09591
1.367	0.1451	-0.09978
1.43	0.197	-0.1011
1.428	0.1845	-0.09985
1.452	0.1262	-0.1095
1.408	0.006869	-0.1461
1.213	-0.1096	-0.2604
0.9888	-0.1366	-0.3524
0.851	-0.129	-0.3163
0.9294	-0.1402	-0.242
1.026	-0.1265	-0.2021
1.018	-0.1051	-0.1765
1.031	-0.09143	-0.1841
0.9764	-0.07947	-0.1919
0.9548	-0.07879	-0.1704
0.9989	-0.04301	-0.1874
0.957	-0.02453	-0.1894
0.9015	-0.08167	-0.1532
0.808	-0.1536	-0.1301
0.846	-0.1423	-0.3996
0.9388	-0.1253	-0.3648
1.05	-0.1092	-0.3116
1.075	-0.1281	-0.3066
1.123	-0.08131	-0.295
1.173	-0.0292	-0.2921
1.154	-0.04125	-0.2693
1.118	-0.05737	-0.2144
1.026	-0.0875	-0.192
0.8809	-0.1391	-0.1514
0.7936	-0.1809	-0.1127
0.7676	-0.1934	-0.1121
0.7808	-0.1762	-0.1071
0.7829	-0.1576	-0.1068
0.7652	-0.1354	-0.1026
0.792	-0.1275	-0.1035
0.8298	-0.1399	-0.117
0.899	-0.1451	-0.1142
1.047	-0.1931	-0.08017
1.216	-0.2967	-0.02187
1.363	-0.3854	-0.01428
1.442	-0.4315	-0.06628
1.387	-0.4267	-0.1301
1.143	-0.3403	-0.2091
0.8302	-0.1814	-0.2908
0.7436	-0.07481	-0.3891
0.8577	-0.1122	-0.4272
0.9855	-0.1805	-0.3324
1.178	-0.2004	-0.2525
1.263	-0.2164	-0.2282
1.145	-0.2012	-0.2364
1.11	-0.1643	-0.3111
1.042	-0.132	-0.3413
0.9119	-0.08447	-0.2978
0.89	-0.05944	-0.2209
0.7463	-0.01602	-0.1381
0.6435	0.04207	-0.128
0.6964	0.04858	-0.1311
0.6784	0.05747	-0.1107
0.7324	0.03534	-0.09782
0.7854	-0.001527	-0.08794
0.7874	0.02183	-0.09943
0.862	0.02418	-0.09867
0.9145	0.01322	-0.09761
1.049	0.0291	-0.106
1.245	0.0663	-0.09591
1.367	0.1451	-0.09978
1.43	0.197	-0.1011
1.428	0.1845	-0.09985
1.452	0.1262	-0.1095
1.408	0.006869	-0.1461
1.213	-0.1096	-0.2604
0.9888	-0.1366	-0.3524
0.851	-0.129	-0.3163
0.9294	-0.1402	-0.242
1.026	-0.1265	-0.2021
1.018	-0.1051	-0.1765
1.031	-0.09143	-0.1841
0.9764	-0.07947	-0.1919
0.9548	-0.07879	-0.1704
0.9989	-0.04301	-0.1874
0.957	-0.02453	-0.1894
0.9015	-0.08167	-0.1532
0.808	-0.1536	-0.1301
0.755	-0.2192	-0.09042
0.7919	-0.2432	-0.09086
0.7574	-0.228	-0.1074
0.7555	-0.2245	-0.0872
0.8024	-0.2175	-0.09487
0.8569	-0.2209	-0.08384
0.9675	-0.2428	-0.06836
1.016	-0.2696	-0.09194
1.065	-0.3057	-0.09082
1.165	-0.3434	-0.05803
1.211	-0.3836	-0.008369
1.23	-0.3858	0.005369
1.247	-0.3381	-0.01897
1.321	-0.3086	-0.01619
1.39	-0.301	-0.04925
1.183	-0.237	-0.2041
0.8247	-0.1398	-0.3879
0.7188	-0.1521	-0.3941
0.8118	-0.2398	-0.2987
0.8471	-0.3046	-0.2438
0.9242	-0.3836	-0.09283
1.053	-0.3941	-0.03488
1.035	-0.3541	-0.2226
1.007	-0.3642	-0.3305
1.057	-0.2613	-0.3345
1.019	-0.05681	-0.2972
0.9862	0.07299	-0.2078
0.9932	0.108	-0.1989
0.9206	0.06454	-0.176
0.8589	0.02272	-0.1353
0.8284	-0.01554	-0.1487
0.8367	-0.08629	-0.1323
0.8786	-0.1486	-0.1083
0.8715	-0.1797	-0.09312
0.8903	-0.1305	-0.1161
0.8893	-0.0716	-0.1484
0.8539	-0.01959	-0.1344
0.855	0.08654	-0.1302
0.8456	0.1264	-0.1042
0.9559	0.1396	-0.06679
1.173	0.1922	-0.0407
1.363	0.194	-0.02143
1.56	0.1642	-0.07197
1.631	0.07783	-0.1881
1.432	-0.02549	-0.3226
1.121	-0.01132	-0.334
0.9658	0.02353	-0.2351
0.9433	-0.02646	-0.2254
0.917	-0.1036	-0.249
0.9454	-0.201	-0.2482
0.9786	-0.2656	-0.251
0.9985	-0.2452	-0.2332
1.088	-0.2903	-0.2433
1.166	-0.3521	-0.2441
1.15	-0.2837	-0.2233
1.065	-0.2192	-0.226
0.9831	-0.1924	-0.2168
0.8863	-0.1761	-0.2159
0.8355	-0.2015	-0.2078
0.8739	-0.2157	-0.183
0.8557	-0.2156	-0.1673
0.8393	-0.1774	-0.1272
0.8435	-0.1021	-0.09886
0.7974	-0.0657	-0.09084
0.755	-0.2192	-0.09042
0.7919	-0.2432	-0.09086
0.7574	-0.228	-0.1074
0.7555	-0.2245	-0.0872
0.8024	-0.2175	-0.09487
0.8569	-0.2209	-0.08384
0.9675	-0.2428	-0.06836
1.016	-0.2696	-0.09194
1.065	-0.3057	-0.09082
1.165	-0.3434	-0.05803
1.211	-0.3836	-0.008369
1.23	-0.3858	0.005369
1.247	-0.3381	-0.01897
1.321	-0.3086	-0.01619
1.39	-0.301	-0.04925
1.183	-0.237	-0.2041
0.8247	-0.1398	-0.3879
0.7188	-0.1521	-0.3941
0.8118	-0.2398	-0.2987
0.8471	-0.3046	-0.2438
0.9242	-0.3836	-0.09283
1.053	-0.3941	-0.03488
1.035	-0.3541	-0.2226
1.007	-0.3642	-0.3305
1.057	-0.2613	-0.3345
1.019	-0.05681	-0.2972
0.9862	0.07299	-0.2078
0.9932	0.108	-0.1989
0.9206	0.06454	-0.176
0.8589	0.02272	-0.1353
0.8284	-0.01554	-0.1487
0.8367	-0.08629	-0.1323
0.8786	-0.1486	-0.1083
0.8715	-0.1797	-0.09312
0.8903	-0.1305	-0.1161
0.8893	-0.0716	-0.1484
0.8539	-0.01959	-0.1344
0.855	0.08654	-0.1302
0.8456	0.1264	-0.1042
0.9559	0.1396	-0.06679
1.173	0.1922	-0.0407
1.363	0.194	-0.02143
1.56	0.1642	-0.07197
1.631	0.07783	-0.1881
1.432	-0.02549	-0.3226
1.121	-0.01132	-0.334
0.9658	0.02353	-0.2351
0.9433	-0.02646	-0.2254
0.917	-0.1036	-0.249
0.9454	-0.201	-0.2482
0.9786	-0.2656	-0.251
0.9985	-0.2452	-0.2332
1.088	-0.2903	-0.2433
1.166	-0.3521	-0.2441
1.15	-0.2837	-0.2233
1.065	-0.2192	-0.226
0.9831	-0.1924	-0.2168
0.8863	-0.1761	-0.2159
0.8355	-0.2015	-0.2078
0.8739	-0.2157	-0.183
0.8557	-0.2156	-0.1673
0.8393	-0.1774	-0.1272
0.8435	-0.1021	-0.09886
0.7974	-0.0657	-0.09084
0.7943	-0.07749	-0.08578
0.7864	-0.1193	-0.09058
0.8045	-0.1896	-0.06315
0.9102	-0.2903	-0.003896
1.003	-0.3505	0.07504
1.106	-0.3351	0.1299
1.223	-0.3	0.1363
1.313	-0.2295	0.1106
1.352	-0.1656	-0.01099
1.31	-0.1829	-0.154
1.146	-0.1983	-0.2286
0.8113	-0.1811	-0.3205
0.6081	-0.2439	-0.4059
0.8246	-0.3881	-0.4026
1.119	-0.492	-0.3229
1.167	-0.4908	-0.2516
1.145	-0.4421	-0.263
1.136	-0.3959	-0.3075
1.085	-0.2598	-0.3186
1.055	-0.1033	-0.2844
0.9834	-0.07133	-0.2119
0.876	-0.01423	-0.1518
0.8081	0.06755	-0.1572
0.7398	0.02714	-0.1856
0.7458	-0.04471	-0.1833
0.7866	-0.07612	-0.175
0.8224	-0.09511	-0.1449
0.9113	-0.09663	-0.1002
0.9329	-0.06638	-0.09975
0.9007	-0.03318	-0.102
0.8864	0.02363	-0.06576
0.8805	0.103	-0.02361
0.958	0.09259	0.00837
1.136	0.05792	0.0255
1.313	0.06548	-0.001547
1.377	0.02804	-0.08553
1.407	-0.03339	-0.1875
1.429	-0.09921	-0.281
1.29	-0.1391	-0.3544
1.1	-0.1184	-0.3712
0.9495	-0.1026	-0.3274
0.8451	-0.08057	-0.2808
0.9201	-0.04423	-0.2612
1.012	-0.0262	-0.2448
1.01	0.004197	-0.2377
1.077	0.02588	-0.238
1.102	0.01501	-0.2422
1.04	-0.007326	-0.2604
1.038	-0.04373	-0.24
0.9981	-0.1114	-0.1978
0.9277	-0.2081	-0.191
0.9189	-0.2765	-0.1931
0.872	-0.3031	-0.1993
0.844	-0.3037	-0.2003
0.8557	-0.27	-0.1918
0.8313	-0.234	-0.1819
0.8205	-0.1952	-0.1544
0.7947	-0.1655	-0.1357
0.7904	-0.1571	-0.1035
0.843	-0.1455	-0.04587
0.9048	-0.1619	-0.01976
1.017	-0.1936	-0.003956
1.118	-0.226	0.01188
1.224	-0.2808	0.01121
0.7943	-0.07749	-0.08578
0.7864	-0.1193	-0.09058
0.8045	-0.1896	-0.06315
0.9102	-0.2903	-0.003896
1.003	-0.3505	0.07504
1.106	-0.3351	0.1299
1.223	-0.3	0.1363
1.313	-0.2295	0.1106
1.352	-0.1656	-0.01099
1.31	-0.1829	-0.154
1.146	-0.1983	-0.2286
0.8113	-0.1811	-0.3205
0.6081	-0.2439	-0.4059
0.8246	-0.3881	-0.4026
1.119	-0.492	-0.3229
1.167	-0.4908	-0.2516
1.145	-0.4421	-0.263
1.136	-0.3959	-0.3075
1.085	-0.2598	-0.3186
1.055	-0.1033	-0.2844
0.9834	-0.07133	-0.2119
0.876	-0.01423	-0.1518
0.8081	0.06755	-0.1572
0.7398	0.02714	-0.1856
0.7458	-0.04471	-0.1833
0.7866	-0.07612	-0.175
0.8224	-0.09511	-0.1449
0.9113	-0.09663	-0.1002
0.9329	-0.06638	-0.09975
0.9007	-0.03318	-0.102
0.8864	0.02363	-0.06576
0.8805	0.103	-0.02361
0.958	0.09259	0.00837
1.136	0.05792	0.0255
1.313	0.06548	-0.001547
1.377	0.02804	-0.08553
1.407	-0.03339	-0.1875
1.429	-0.09921	-0.281
1.29	-0.1391	-0.3544
1.1	-0.1184	-0.3712
0.9495	-0.1026	-0.3274
0.8451	-0.08057	-0.2808
0.9201	-0.04423	-0.2612
1.012	-0.0262	-0.2448
1.01	0.004197	-0.2377
1.077	0.02588	-0.238
1.102	0.01501	-0.2422
1.04	-0.007326	-0.2604
1.038	-0.04373	-0.24
0.9981	-0.1114	-0.1978
0.9277	-0.2081	-0.191
0.9189	-0.2765	-0.1931
0.872	-0.3031	-0.1993
0.844	-0.3037	-0.2003
0.8557	-0.27	-0.1918
0.8313	-0.234	-0.1819
0.8205	-0.1952	-0.1544
0.7947	-0.1655	-0.1357
0.7904	-0.1571	-0.1035
0.843	-0.1455	-0.04587
0.9048	-0.1619	-0.01976
1.017	-0.1936	-0.003956
1.118	-0.226	0.01188
1.224	-0.2808	0.01121
1.371	-0.3342	0.002759
1.399	-0.3676	-0.04369
1.355	-0.357	-0.1008
1.326	-0.3055	-0.1194
1.125	-0.2144	-0.1853
0.7443	-0.1173	-0.3499
0.5449	-0.1315	-0.4588
0.6929	-0.226	-0.4169
0.8876	-0.2959	-0.3097
0.979	-0.3152	-0.1903
1.061	-0.2946	-0.1354
1.041	-0.284	-0.1881
0.9962	-0.2176	-0.2313
1.021	-0.1016	-0.2328
0.9539	-0.06785	-0.1785
0.9009	-0.02541	-0.08404
0.9125	0.05281	-0.119
0.8757	0.07188	-0.1747
0.8879	0.09116	-0.1262
0.9141	0.07972	-0.1327
0.9418	0.01819	-0.1313
0.9815	-0.02007	-0.1048
0.9568	-0.05851	-0.1424
0.959	-0.06335	-0.1378
0.9707	-0.04599	-0.1413
0.9634	-0.05872	-0.1667
0.9815	-0.04748	-0.1458
0.9808	-0.03152	-0.1466
0.9864	-0.004785	-0.1398
0.9928	0.03763	-0.1307
1.003	0.04266	-0.1255
1.073	0.0776	-0.09289
1.2	0.1279	-0.09508
1.334	0.1251	-0.1028
1.386	0.09509	-0.1336
1.403	0.02091	-0.2297
1.405	-0.06315	-0.2773
1.187	-0.1152	-0.255
0.8108	-0.1645	-0.2521
0.6493	-0.1614	-0.2739
0.7483	-0.1172	-0.2824
0.8417	-0.1169	-0.2978
0.9304	-0.1178	-0.3175
1.088	-0.1237	-0.3358
1.133	-0.1533	-0.3702
1.094	-0.1118	-0.3349
1.091	-0.05509	-0.2693
1.021	-0.06176	-0.2771
0.9126	-0.104	-0.2375
0.8283	-0.2	-0.146
0.801	-0.2856	-0.1083
0.8871	-0.3034	-0.1033
0.9663	-0.2885	-0.1283
0.9942	-0.265	-0.1553
1.002	-0.2517	-0.1688
0.9778	-0.2122	-0.1722
0.9578	-0.158	-0.1423
0.9317	-0.1453	-0.1281
0.9175	-0.1487	-0.09593
0.8929	-0.1439	-0.04038
0.8304	-0.1567	-0.05164
0.8187	-0.2071	-0.06528
0.872	-0.2418	-0.04964
0.9958	-0.2536	-0.04363
1.371	-0.3342	0.002759
1.399	-0.3676	-0.04369
1.355	-0.357	-0.1008
1.326	-0.3055	-0.1194
1.125	-0.2144	-0.1853
0.7443	-0.1173	-0.3499
0.5449	-0.1315	-0.4588
0.6929	-0.226	-0.4169
0.8876	-0.2959	-0.3097
0.979	-0.3152	-0.1903
1.061	-0.2946	-0.1354
1.041	-0.284	-0.1881
0.9962	-0.2176	-0.2313
1.021	-0.1016	-0.2328
0.9539	-0.06785	-0.1785
0.9009	-0.02541	-0.08404
0.9125	0.05281	-0.119
0.8757	0.07188	-0.1747
0.8879	0.09116	-0.1262
0.9141	0.07972	-0.1327
0.9418	0.01819	-0.1313
0.9815	-0.02007	-0.1048
0.9568	-0.05851	-0.1424
0.959	-0.06335	-0.1378
0.9707	-0.04599	-0.1413
0.9634	-0.05872	-0.1667
0.9815	-0.04748	-0.1458
0.9808	-0.03152	-0.1466
0.9864	-0.004785	-0.1398
0.9928	0.03763	-0.1307
1.003	0.04266	-0.1255
1.073	0.0776	-0.09289
1.2	0.1279	-0.09508
1.334	0.1251	-0.1028
1.386	0.09509	-0.1336
1.403	0.02091	-0.2297
1.405	-0.06315	-0.2773
1.187	-0.1152	-0.255
0.8108	-0.1645	-0.2521
0.6493	-0.1614	-0.2739
0.7483	-0.1172	-0.2824
0.8417	-0.1169	-0.2978
0.9304	-0.1178	-0.3175
1.088	-0.1237	-0.3358
1.133	-0.1533	-0.3702
1.094	-0.1118	-0.3349
1.091	-0.05509	-0.2693
1.021	-0.06176	-0.2771
0.9126	-0.104	-0.2375
0.8283	-0.2	-0.146
0.801	-0.2856	-0.1083
0.8871	-0.3034	-0.1033
0.9663	-0.2885	-0.1283
0.9942	-0.265	-0.1553
1.002	-0.2517	-0.1688
0.9778	-0.2122	-0.1722
0.9578	-0.158	-0.1423
0.9317	-0.1453	-0.1281
0.9175	-0.1487	-0.09593
0.8929	-0.1439	-0.04038
0.8304	-0.1567	-0.05164
0.8187	-0.2071	-0.06528
0.872	-0.2418	-0.04964
0.9958	-0.2536	-0.04363
1.182	-0.284	-0.02049
1.323	-0.2918	-0.02634
1.356	-0.2951	-0.1313
1.306	-0.3437	-0.26
1.234	-0.3733	-0.28
1.094	-0.2846	-0.2617
0.8893	-0.1638	-0.3079
0.7887	-0.1873	-0.3515
0.8712	-0.2495	-0.3817
1.047	-0.2774	-0.3525
1.137	-0.3426	-0.2735
1.099	-0.3311	-0.3122
1.062	-0.2836	-0.3711
1.055	-0.2717	-0.362
1.032	-0.1717	-0.3472
0.9684	-0.06792	-0.2668
0.8959	-0.01617	-0.2246
0.8498	0.0378	-0.2353
0.8451	0.03433	-0.1931
0.8758	0.005258	-0.195
0.885	-0.04125	-0.1987
0.876	-0.1093	-0.1882
0.8618	-0.1152	-0.2113
0.8391	-0.08353	-0.1947
0.837	-0.03276	-0.1782
0.8466	0.03132	-0.1446
0.877	0.05027	-0.1016
0.9221	0.04766	-0.1197
0.9667	0.05449	-0.1224
1.027	0.04231	-0.1256
1.121	0.01529	-0.1644
1.238	0.02016	-0.1874
1.28	0.04378	-0.1896
1.262	0.04212	-0.1873
1.259	-0.01157	-0.2072
1.203	-0.1187	-0.2431
1.062	-0.1796	-0.2716
0.9098	-0.1595	-0.269
0.8813	-0.1184	-0.2509
0.9794	-0.07795	-0.263
1.043	-0.09596	-0.2715
1.057	-0.1471	-0.2973
1.066	-0.1593	-0.3423
1.061	-0.1756	-0.3004
1.052	-0.1878	-0.2178
1.04	-0.1659	-0.1615
1.029	-0.1478	-0.1114
0.9912	-0.1581	-0.09934
0.9294	-0.1814	-0.106
0.9093	-0.1835	-0.114
0.9367	-0.1783	-0.1428
0.9563	-0.1671	-0.1601
0.9484	-0.1338	-0.1658
0.9324	-0.1123	-0.1545
0.9022	-0.1062	-0.1131
0.8811	-0.1207	-0.08351
0.8965	-0.1511	-0.07537
0.912	-0.1756	-0.0658
0.9222	-0.2156	-0.04653
0.9177	-0.2462	-0.0336
0.8927	-0.252	-0.02477
0.8757	-0.2523	-0.004746
0.8605	-0.2341	-0.007182
0.8891	-0.2083	0.0004864
