0.9746	0.1231	0.1965
0.9571	0.1243	0.1958
0.9472	0.126	0.2017
0.9554	0.1303	0.2004
0.9654	0.1352	0.2016
0.9751	0.1389	0.2086
0.9876	0.1418	0.2052
0.9977	0.1441	0.1922
1.002	0.137	0.1864
0.993	0.124	0.1919
0.9883	0.1208	0.1943
0.9943	0.1218	0.1954
0.9906	0.1236	0.1997
0.9858	0.131	0.202
0.9821	0.1359	0.208
0.9767	0.1384	0.2108
0.979	0.1406	0.2008
0.979	0.1385	0.1903
0.9777	0.1375	0.191
0.9803	0.139	0.1955
0.9808	0.1368	0.1947
0.9809	0.1312	0.1978
0.9783	0.1281	0.2038
0.9764	0.1282	0.205
0.9803	0.127	0.2065
0.982	0.1263	0.2046
0.9834	0.128	0.2026
0.9884	0.1304	0.2045
0.9892	0.133	0.2015
0.9861	0.133	0.1991
0.9823	0.1326	0.1973
0.9794	0.1338	0.1948
0.9805	0.1309	0.197
0.9814	0.1282	0.1988
0.9819	0.1303	0.2012
0.9823	0.1324	0.2028
0.9805	0.1343	0.1989
0.9813	0.1369	0.1967
0.9828	0.1372	0.1962
0.9828	0.1361	0.1966
0.9835	0.1351	0.1976
0.9832	0.1317	0.1962
0.9832	0.1271	0.1965
0.9831	0.1264	0.1974
0.9825	0.1299	0.1989
0.9826	0.1333	0.2017
0.982	0.1331	0.1999
0.982	0.1323	0.2018
0.9819	0.1328	0.2097
0.9812	0.1336	0.2087
0.9802	0.135	0.1996
0.9801	0.134	0.1963
0.9837	0.1311	0.1992
0.9863	0.13	0.1989
0.9845	0.1283	0.1976
0.9824	0.127	0.1972
0.981	0.13	0.1944
0.9808	0.1364	0.1955
0.9811	0.138	0.1994
0.9808	0.1333	0.2018
0.9819	0.1315	0.2031
0.9833	0.1325	0.2006
0.983	0.131	0.2003
0.9808	0.1282	0.2029
0.9797	0.1274	0.2029
0.9828	0.1308	0.2013
0.9837	0.1347	0.1979
0.9827	0.1366	0.1964
0.9841	0.1374	0.1966
0.9835	0.1344	0.1945
0.9829	0.1307	0.1949
0.9833	0.1305	0.1981
0.982	0.1304	0.1989
0.9815	0.1314	0.1994
0.9813	0.1327	0.2034
0.9825	0.1322	0.2047
0.9843	0.133	0.2022
0.9827	0.1323	0.2024
0.9807	0.1307	0.2032
0.98	0.1316	0.2012
0.9815	0.1335	0.1972
0.9828	0.1349	0.1932
0.9819	0.1319	0.1956
0.9829	0.1288	0.2008
0.9827	0.1299	0.2017
0.9799	0.13	0.1993
0.9807	0.1305	0.199
0.9848	0.132	0.203
0.9838	0.1297	0.2007
0.9822	0.1319	0.1983
0.9816	0.1346	0.1967
0.9856	0.1364	0.1998
0.9861	0.1377	0.1985
0.9833	0.136	0.1978
0.9799	0.1338	0.1977
0.9777	0.1333	0.1966
0.9794	0.1292	0.1998
0.9809	0.1256	0.2023
0.982	0.1272	0.2049
0.9828	0.1293	0.2063
0.9813	0.1314	0.2019
0.9822	0.1345	0.1991
0.9837	0.1355	0.1978
0.9837	0.1351	0.1974
0.9841	0.1347	0.1976
0.9837	0.132	0.1956
0.9835	0.1279	0.1954
0.9832	0.1274	0.196
0.9825	0.1311	0.1974
0.9824	0.1346	0.2002
0.9818	0.1343	0.1986
0.9816	0.1333	0.2007
0.9816	0.1336	0.2088
0.9809	0.1341	0.2082
0.9799	0.1352	0.1994
0.9799	0.1339	0.1964
0.9836	0.1309	0.1995
0.9863	0.1296	0.1993
0.9845	0.1279	0.1981
0.9824	0.1265	0.1978
0.9811	0.1295	0.1949
0.9809	0.136	0.196
0.9812	0.1377	0.1998
0.9809	0.1331	0.202
0.982	0.1314	0.2032
0.9834	0.1325	0.2006
0.9831	0.131	0.2002
0.9809	0.1283	0.2027
0.9797	0.1275	0.2028
0.9827	0.1309	0.2011
0.9837	0.1349	0.1977
0.9827	0.1367	0.1962
0.984	0.1375	0.1964
0.9834	0.1345	0.1943
0.9828	0.1308	0.1948
0.9833	0.1305	0.1981
0.982	0.1304	0.1989
0.9815	0.1314	0.1995
0.9813	0.1326	0.2034
0.9825	0.1321	0.2048
0.9843	0.1329	0.2022
0.9828	0.1322	0.2025
0.9807	0.1306	0.2032
0.9801	0.1316	0.2012
0.9816	0.1335	0.1972
0.9828	0.1348	0.1932
0.9819	0.1319	0.1956
0.9829	0.1288	0.2008
0.9827	0.1299	0.2017
0.9799	0.13	0.1993
0.9807	0.1305	0.199
0.9848	0.1321	0.2029
0.9861	0.1321	0.2025
0.9827	0.1328	0.1971
0.9819	0.1333	0.1961
0.9828	0.1345	0.1979
0.9801	0.1354	0.1978
0.9805	0.1336	0.1982
0.9811	0.1324	0.2007
0.9804	0.1316	0.2016
0.9843	0.1303	0.2005
0.9843	0.1306	0.2001
0.9822	0.1326	0.1995
0.9835	0.1338	0.1991
0.9822	0.1343	0.1985
0.9813	0.1336	0.1986
0.9821	0.1281	0.2006
0.9834	0.1258	0.2016
0.9852	0.1323	0.2021
0.9827	0.1349	0.2024
0.9808	0.1336	0.2012
0.9802	0.1336	0.2001
0.979	0.132	0.1974
0.9817	0.1327	0.1959
0.9833	0.1339	0.1982
0.9835	0.1318	0.1991
0.9845	0.1292	0.1986
0.9816	0.128	0.1964
0.9802	0.1308	0.1917
0.9826	0.1327	0.1956
0.9822	0.131	0.2044
0.9816	0.1328	0.2034
0.9823	0.1373	0.2018
0.9826	0.139	0.2031
0.9839	0.1341	0.2012
0.984	0.1282	0.2044
0.983	0.1282	0.207
0.9829	0.1301	0.2031
0.9815	0.1323	0.1984
0.9812	0.1329	0.194
0.9835	0.132	0.1946
0.9835	0.1335	0.1945
0.9807	0.1332	0.1935
0.9794	0.1304	0.1995
0.9812	0.1296	0.2026
0.984	0.1308	0.2009
0.9851	0.1313	0.1951
0.9827	0.1314	0.1919
0.9794	0.1337	0.2016
0.9785	0.1349	0.207
0.9784	0.1357	0.2072
0.9821	0.1358	0.2061
0.9878	0.1316	0.1923
0.987	0.1304	0.1888
0.9834	0.1315	0.2026
0.9822	0.1287	0.2057
0.9815	0.1282	0.2028
0.9812	0.1307	0.2038
0.9817	0.1312	0.1996
0.9829	0.1322	0.1968
0.9829	0.1348	0.1983
0.982	0.1354	0.1974
0.981	0.1337	0.1988
0.9791	0.1328	0.1989
0.98	0.1325	0.1945
0.9835	0.1323	0.1955
0.9878	0.1314	0.2054
0.9837	0.1318	0.2006
0.9823	0.1318	0.1995
0.9829	0.1326	0.2007
0.98	0.1334	0.1997
0.9803	0.1317	0.1992
0.9809	0.1307	0.2009
0.9802	0.1303	0.2011
0.9841	0.1295	0.1996
0.9842	0.1303	0.1989
0.9821	0.1327	0.1983
0.9835	0.1343	0.198
0.9822	0.1351	0.1976
0.9814	0.1346	0.198
0.9821	0.1291	0.2003
0.9835	0.1268	0.2015
0.9852	0.1332	0.2023
0.9828	0.1356	0.2027
0.9808	0.1341	0.2017
0.9802	0.1339	0.2006
0.9791	0.1321	0.198
0.9818	0.1326	0.1964
0.9833	0.1337	0.1986
0.9835	0.1314	0.1993
0.9845	0.1288	0.1987
0.9815	0.1276	0.1964
0.9802	0.1304	0.1916
0.9826	0.1324	0.1954
0.9822	0.1308	0.2042
0.9816	0.1326	0.2031
0.9823	0.1373	0.2016
0.9826	0.139	0.2029
0.9839	0.1342	0.201
0.984	0.1283	0.2043
0.983	0.1283	0.207
0.9829	0.1303	0.2031
0.9815	0.1324	0.1984
0.9812	0.133	0.1941
0.9835	0.1321	0.1946
0.9835	0.1336	0.1945
0.9807	0.1332	0.1936
0.9794	0.1304	0.1995
0.9812	0.1296	0.2027
0.984	0.1308	0.201
0.9851	0.1312	0.1951
0.9826	0.1314	0.1919
0.9794	0.1336	0.2016
0.9785	0.1349	0.207
0.9784	0.1357	0.2072
0.9821	0.1357	0.206
0.9878	0.1316	0.1922
0.987	0.1304	0.1888
0.9834	0.1315	0.2026
0.9822	0.1287	0.2056
0.9815	0.1282	0.2028
0.9812	0.1307	0.2038
0.9817	0.1312	0.1996
0.9829	0.1323	0.1968
0.9829	0.1349	0.1983
0.982	0.1354	0.1974
0.981	0.1337	0.1988
0.9791	0.1328	0.1989
0.98	0.1326	0.1945
0.9835	0.1323	0.1955
0.9854	0.132	0.2011
0.9849	0.1316	0.2047
0.9839	0.1323	0.2042
0.9835	0.1327	0.2017
0.982	0.1312	0.1983
0.9802	0.1312	0.1957
0.9789	0.1317	0.1972
0.9795	0.1302	0.1985
0.9816	0.1303	0.1997
0.9831	0.132	0.2018
0.9848	0.1323	0.2012
0.9844	0.1327	0.2001
0.9829	0.1334	0.1988
0.9832	0.1331	0.1986
0.983	0.1317	0.199
0.9831	0.1313	0.1977
0.9811	0.1332	0.1969
0.9792	0.1341	0.1974
0.981	0.1334	0.2045
0.9815	0.1334	0.2086
0.9815	0.1326	0.2002
0.9826	0.1307	0.1963
0.9828	0.1293	0.1988
0.9834	0.1286	0.2006
0.9834	0.1297	0.2014
0.9818	0.1339	0.1981
0.9815	0.1366	0.197
0.9832	0.1352	0.1996
0.984	0.133	0.1995
0.9828	0.131	0.1958
0.9818	0.1299	0.1916
0.9811	0.1312	0.1935
0.9833	0.1321	0.2005
0.9852	0.1327	0.206
0.9826	0.1338	0.2078
0.9815	0.1327	0.2051
0.9814	0.1301	0.1977
0.9802	0.1289	0.1939
0.9795	0.1299	0.2027
0.9794	0.1332	0.2093
0.9839	0.1354	0.2032
0.9873	0.1314	0.1926
0.9829	0.1243	0.1868
0.9785	0.1262	0.1965
0.977	0.1409	0.2046
0.9803	0.1507	0.1999
0.9866	0.1423	0.2028
0.9869	0.1301	0.205
0.984	0.122	0.2037
0.9824	0.1175	0.2067
0.9823	0.1205	0.198
0.9831	0.1268	0.1893
0.9835	0.1373	0.1923
0.9829	0.1433	0.1939
0.9815	0.1386	0.192
0.9808	0.1388	0.1931
0.9811	0.1364	0.1985
0.9811	0.1285	0.1996
0.9804	0.1297	0.2006
0.9793	0.138	0.2052
0.9824	0.1489	0.2024
0.9902	0.1466	0.1964
0.9929	0.1231	0.1972
0.9825	0.1019	0.2131
0.9638	0.07802	0.2526
0.9745	0.1132	0.2216
0.9812	0.1367	0.1989
0.9855	0.1499	0.1839
0.9865	0.1538	0.1754
0.9856	0.1538	0.1729
0.9841	0.1509	0.1778
0.9837	0.1441	0.1846
0.9845	0.1383	0.1917
0.9847	0.1342	0.1996
0.985	0.1297	0.2039
0.9835	0.1264	0.2064
0.9813	0.1248	0.2074
0.9811	0.1237	0.2082
0.9808	0.1224	0.2084
0.981	0.1232	0.206
0.9793	0.1269	0.2035
0.9778	0.1298	0.2018
0.9802	0.1312	0.2068
0.9811	0.1332	0.2088
0.9816	0.1342	0.1987
0.9831	0.1335	0.1936
0.9835	0.1329	0.1953
0.9843	0.1325	0.1966
0.9843	0.1336	0.1975
0.9827	0.1373	0.1946
0.9823	0.1393	0.1942
0.9838	0.1371	0.1976
0.9844	0.1342	0.1983
0.983	0.1313	0.1955
0.9818	0.1295	0.192
0.981	0.1303	0.1944
0.983	0.1308	0.2018
0.9849	0.1312	0.2075
0.9823	0.1323	0.2093
0.9811	0.1313	0.2065
0.9811	0.1289	0.1989
0.9799	0.128	0.1949
0.9793	0.1293	0.2033
0.9793	0.1329	0.2096
0.9839	0.1354	0.2032
0.9873	0.1316	0.1924
0.983	0.1247	0.1864
0.9787	0.1267	0.196
0.9771	0.1415	0.2041
0.9804	0.1512	0.1994
0.9867	0.1427	0.2023
0.9871	0.1304	0.2046
0.9841	0.1222	0.2034
0.9824	0.1177	0.2065
0.9823	0.1206	0.198
0.9832	0.1268	0.1893
0.9834	0.1372	0.1924
0.9829	0.1431	0.1941
0.9814	0.1384	0.1922
0.9807	0.1386	0.1933
0.981	0.1362	0.1986
0.9811	0.1284	0.1998
0.9804	0.1296	0.2007
0.9793	0.1379	0.2053
0.9824	0.1489	0.2025
0.9902	0.1466	0.1964
0.9929	0.1231	0.1972
0.9826	0.1019	0.213
0.9705	0.09698	0.2275
0.9713	0.1056	0.2175
0.978	0.1257	0.2098
0.9848	0.1474	0.2103
0.9875	0.1489	0.1991
0.9793	0.134	0.1898
0.9758	0.1312	0.1864
0.9849	0.1494	0.1794
0.993	0.1696	0.1642
0.9939	0.1666	0.157
0.9886	0.1503	0.1718
0.9822	0.1318	0.1893
0.9781	0.1102	0.2124
0.9769	0.1073	0.228
0.9817	0.1112	0.224
0.9846	0.1159	0.2302
0.9798	0.1263	0.2278
0.9768	0.1223	0.2172
0.9771	0.1228	0.2131
0.9787	0.1292	0.196
0.9847	0.1296	0.1879
0.9872	0.1388	0.1829
0.983	0.1431	0.1746
0.98	0.1449	0.1865
0.9789	0.1462	0.1976
0.9804	0.1372	0.2006
0.9839	0.1323	0.1988
0.9857	0.1287	0.1972
0.9861	0.1265	0.2056
0.9852	0.1333	0.2071
0.9828	0.1378	0.205
0.9808	0.1376	0.203
0.981	0.135	0.1978
0.9817	0.1276	0.197
0.9813	0.1228	0.1953
0.9817	0.1273	0.1973
0.984	0.1304	0.1995
0.9878	0.1296	0.1946
0.9877	0.1295	0.1953
0.9807	0.129	0.1994
0.9737	0.1357	0.2039
0.9735	0.1397	0.2069
0.9789	0.1338	0.2
0.9838	0.132	0.1963
0.9854	0.1306	0.2014
0.9854	0.1288	0.2051
0.9863	0.1307	0.2054
0.985	0.1334	0.1996
0.9798	0.1368	0.1944
0.9791	0.1353	0.1966
0.9833	0.1345	0.1991
0.9842	0.1343	0.2016
0.9826	0.1299	0.2025
0.9824	0.1291	0.2008
0.9817	0.1284	0.2002
0.9805	0.1283	0.198
0.9818	0.132	0.1963
0.9833	0.1325	0.196
0.9838	0.1318	0.1957
0.9836	0.1323	0.1947
0.9824	0.1331	0.1918
0.9811	0.133	0.1936
0.98	0.1324	0.1991
0.9816	0.1347	0.2032
0.9857	0.1519	0.1881
0.9793	0.1252	0.2074
0.9809	0.1224	0.2182
0.9843	0.131	0.2287
0.985	0.1268	0.2211
0.9759	0.1115	0.2108
0.9723	0.1118	0.2035
0.9819	0.135	0.1911
0.9907	0.1611	0.1701
0.9925	0.1637	0.1574
0.988	0.1523	0.1678
0.9824	0.1375	0.182
0.9789	0.1183	0.2031
0.9781	0.1164	0.2181
0.9831	0.1204	0.2146
0.986	0.124	0.2221
0.9811	0.1328	0.2216
0.9779	0.1268	0.2133
0.9778	0.1252	0.2114
0.9791	0.1296	0.1963
0.9848	0.1283	0.1898
0.987	0.1363	0.186
0.9826	0.1397	0.1784
0.9794	0.1411	0.1906
0.9783	0.1425	0.2015
0.9798	0.1338	0.2041
0.9834	0.1295	0.2015
0.9853	0.1266	0.1991
0.9858	0.1253	0.2067
0.985	0.1329	0.2073
0.9827	0.138	0.2045
0.9808	0.1384	0.202
0.9812	0.1362	0.1964
0.9818	0.1291	0.1955
0.9815	0.1243	0.1938
0.9819	0.1286	0.1959
0.9843	0.1315	0.1984
0.988	0.1305	0.1937
0.9878	0.1302	0.1947
0.9809	0.1293	0.1992
0.9737	0.1357	0.2039
0.9736	0.1395	0.2072
0.9789	0.1335	0.2005
0.9837	0.1315	0.1969
0.9854	0.13	0.202
0.9853	0.1283	0.2056
0.9862	0.1302	0.2059
0.9849	0.133	0.2
0.9797	0.1365	0.1947
0.9791	0.1352	0.1968
0.9833	0.1344	0.1992
0.9842	0.1343	0.2016
0.9827	0.13	0.2024
0.9825	0.1292	0.2006
0.9817	0.1286	0.2
0.9806	0.1285	0.1978
0.9818	0.1322	0.1962
0.9833	0.1327	0.1958
0.9838	0.132	0.1956
0.9837	0.1324	0.1947
0.9824	0.1331	0.1917
0.9811	0.133	0.1937
0.98	0.1324	0.1992
0.9816	0.1347	0.2033
0.9828	0.1354	0.2079
0.9811	0.1337	0.2102
0.9818	0.1326	0.2112
0.9817	0.1298	0.2097
0.9813	0.1285	0.2009
0.9839	0.1303	0.1911
0.9845	0.1321	0.1893
0.9848	0.1336	0.1944
0.9849	0.1333	0.1997
0.9819	0.1305	0.2016
0.9803	0.1289	0.2004
0.9813	0.1287	0.1975
0.9813	0.1294	0.1948
0.981	0.1339	0.1989
0.9801	0.1373	0.2059
0.9791	0.1349	0.2023
0.9815	0.1354	0.1971
0.9822	0.1435	0.1969
0.9816	0.145	0.1964
0.9885	0.1299	0.1979
0.9932	0.1158	0.1974
0.9881	0.117	0.1983
0.9822	0.1225	0.2027
0.9783	0.1275	0.2032
0.978	0.1323	0.2032
0.9783	0.1373	0.2015
0.9764	0.1433	0.1981
0.9769	0.1413	0.1983
0.9787	0.1349	0.2014
0.9832	0.1329	0.2031
0.9876	0.132	0.2003
0.986	0.1329	0.2011
0.9851	0.1318	0.2014
0.9829	0.1269	0.1968
0.9798	0.126	0.1983
0.9821	0.1298	0.2007
0.9814	0.1308	0.1979
0.9808	0.128	0.1935
0.9841	0.1314	0.1916
0.9841	0.1377	0.1949
0.9838	0.1399	0.1956
0.983	0.1399	0.1973
0.9825	0.1357	0.2027
0.9843	0.1312	0.2056
0.9834	0.1298	0.2073
0.9815	0.1288	0.2037
0.9806	0.1274	0.2011
0.9807	0.1263	0.2052
0.9809	0.128	0.2038
0.9798	0.132	0.2019
0.9796	0.1356	0.2046
0.9809	0.1346	0.2004
0.9858	0.1294	0.1883
0.9882	0.128	0.1818
0.9837	0.1299	0.1889
0.9812	0.133	0.1998
0.9804	0.1367	0.21
0.9796	0.1379	0.2134
0.9819	0.1383	0.2011
0.9831	0.1381	0.1937
0.9827	0.1348	0.1959
0.9827	0.1318	0.1938
0.9826	0.1304	0.198
0.9827	0.1282	0.2028
0.9825	0.1246	0.1984
0.981	0.1279	0.2022
0.9817	0.1303	0.2054
0.9816	0.1299	0.2064
0.9812	0.13	0.2
0.9837	0.1326	0.1921
0.9843	0.1347	0.1917
0.9846	0.136	0.1977
0.9847	0.1353	0.2033
0.9816	0.1321	0.2051
0.9801	0.13	0.2034
0.9812	0.1292	0.1997
0.9812	0.1295	0.1962
0.981	0.1336	0.1994
0.9801	0.1367	0.2057
0.9792	0.1342	0.2015
0.9816	0.1347	0.1958
0.9823	0.1428	0.1954
0.9817	0.1444	0.1948
0.9886	0.1294	0.1964
0.9933	0.1155	0.1961
0.9882	0.1168	0.1973
0.9822	0.1224	0.2021
0.9783	0.1275	0.2029
0.978	0.1325	0.2032
0.9783	0.1375	0.2017
0.9763	0.1435	0.1986
0.9769	0.1415	0.1988
0.9787	0.1351	0.202
0.9832	0.133	0.2037
0.9876	0.1321	0.2009
0.9859	0.133	0.2015
0.9851	0.1319	0.2018
0.9829	0.1269	0.197
0.9798	0.1259	0.1984
0.9821	0.1297	0.2006
0.9814	0.1307	0.1978
0.9808	0.1279	0.1933
0.9841	0.1313	0.1914
0.9841	0.1376	0.1947
0.9838	0.1399	0.1954
0.9831	0.1399	0.1971
0.9825	0.1357	0.2026
0.9843	0.1312	0.2055
0.9834	0.1298	0.2073
0.9815	0.1288	0.2037
0.9806	0.1274	0.2012
0.9807	0.1263	0.2053
0.9809	0.1281	0.2039
0.9798	0.132	0.202
0.9796	0.1356	0.2047
0.9809	0.1346	0.2005
0.9857	0.1294	0.1884
0.9881	0.128	0.1818
0.9837	0.1299	0.1889
0.9812	0.133	0.1998
0.9804	0.1367	0.21
0.9796	0.1379	0.2134
0.9819	0.1383	0.2011
0.9831	0.1381	0.1936
0.9827	0.1348	0.1958
0.9827	0.1318	0.1938
0.9826	0.1304	0.1979
0.9827	0.1282	0.2028
0.982	0.1276	0.2
0.9816	0.1275	0.2027
0.9827	0.1273	0.2037
0.983	0.13	0.1992
0.9819	0.1306	0.1996
0.9803	0.1298	0.2001
0.9803	0.1309	0.1993
0.9832	0.1326	0.1993
0.9844	0.1356	0.1982
0.9835	0.1373	0.1974
0.9841	0.1383	0.1972
0.9834	0.139	0.2
0.9816	0.1367	0.2031
0.982	0.1313	0.202
0.9818	0.1265	0.2015
0.9811	0.1263	0.2011
0.9821	0.1266	0.1998
0.9822	0.1304	0.1997
0.9808	0.1364	0.1981
0.9805	0.1339	0.1976
0.9822	0.1319	0.1977
0.9847	0.1309	0.1955
0.9853	0.1286	0.1962
0.9842	0.132	0.1982
0.983	0.1322	0.1966
0.9815	0.1319	0.1996
0.9803	0.1341	0.2068
0.9793	0.1329	0.2072
0.9787	0.1345	0.2025
0.9808	0.1344	0.199
0.9819	0.1318	0.1975
0.9814	0.132	0.1964
0.9838	0.1319	0.1957
0.9857	0.132	0.1979
0.9859	0.1311	0.2018
0.985	0.1306	0.2037
0.9815	0.1319	0.2011
0.9807	0.1322	0.1965
0.9825	0.132	0.1965
0.9825	0.1301	0.1979
0.9822	0.1301	0.199
0.9831	0.1337	0.2009
0.9829	0.1355	0.2004
0.9809	0.1354	0.2001
0.9799	0.1344	0.2008
0.9809	0.1316	0.2004
0.9819	0.1298	0.2017
0.9827	0.1317	0.2018
0.982	0.1333	0.1984
0.9811	0.1318	0.1977
0.9819	0.1303	0.1996
0.9835	0.1289	0.2001
0.9846	0.1297	0.2013
0.9832	0.1316	0.2023
0.9816	0.1318	0.1978
0.9829	0.1333	0.1923
0.9832	0.1338	0.1941
0.982	0.1336	0.2006
0.9824	0.1338	0.2031
0.9823	0.1318	0.1998
0.9828	0.1305	0.1996
0.9835	0.1307	0.202
0.9805	0.1318	0.1989
0.979	0.1338	0.197
0.9854	0.1351	0.1959
0.9821	0.1342	0.2017
0.9817	0.1325	0.2044
0.9814	0.1332	0.2005
0.9804	0.1317	0.2009
0.9792	0.1291	0.2011
0.9797	0.1288	0.1997
0.9832	0.1297	0.1993
0.985	0.1323	0.1978
0.9843	0.134	0.1968
0.9851	0.1354	0.1965
0.9845	0.1367	0.1993
0.9826	0.1351	0.2024
0.9828	0.1305	0.2015
0.9824	0.1265	0.2012
0.9814	0.1268	0.201
0.9822	0.1276	0.1999
0.982	0.1317	0.2
0.9805	0.1378	0.1985
0.98	0.1353	0.198
0.9817	0.1331	0.1981
0.9842	0.1319	0.1959
0.9848	0.1293	0.1965
0.9838	0.1325	0.1984
0.9828	0.1323	0.1967
0.9813	0.1317	0.1996
0.9802	0.1338	0.2068
0.9794	0.1325	0.2071
0.9788	0.134	0.2023
0.9809	0.1339	0.1988
0.9821	0.1313	0.1973
0.9816	0.1315	0.1963
0.984	0.1315	0.1956
0.9858	0.1318	0.1978
0.986	0.131	0.2017
0.9851	0.1306	0.2037
0.9816	0.1319	0.2011
0.9807	0.1324	0.1965
0.9825	0.1322	0.1965
0.9824	0.1303	0.198
0.9822	0.1303	0.1991
0.983	0.1339	0.2009
0.9828	0.1356	0.2005
0.9808	0.1355	0.2002
0.9799	0.1345	0.2008
0.9808	0.1317	0.2004
0.9819	0.1297	0.2017
0.9827	0.1317	0.2018
0.982	0.1332	0.1984
0.9811	0.1317	0.1977
0.9819	0.1303	0.1996
0.9836	0.1288	0.2001
0.9846	0.1296	0.2013
0.9833	0.1316	0.2023
0.9816	0.1318	0.1978
0.9829	0.1333	0.1923
0.9832	0.1338	0.1941
0.982	0.1336	0.2006
0.9824	0.1338	0.2031
0.9823	0.1318	0.1998
0.9828	0.1305	0.1996
0.9835	0.1308	0.2021
0.9805	0.1319	0.1989
0.979	0.1338	0.197
0.9811	0.1349	0.1983
0.9824	0.1356	0.1981
0.9841	0.1335	0.2017
0.9853	0.1299	0.2048
0.9835	0.1297	0.2019
0.9788	0.1299	0.1994
0.9771	0.1299	0.1999
0.9827	0.1336	0.1997
0.9849	0.1362	0.1986
0.9837	0.1344	0.1984
0.9857	0.1326	0.198
0.9834	0.1293	0.1992
0.9802	0.1264	0.2001
0.9817	0.1283	0.1984
0.9818	0.1306	0.1986
0.9823	0.1332	0.1977
0.982	0.136	0.1967
0.981	0.1354	0.2003
0.9815	0.1326	0.2032
0.9814	0.1303	0.2034
0.9833	0.1315	0.2017
0.9845	0.1341	0.1999
0.9817	0.1345	0.1987
0.9821	0.134	0.1984
0.9849	0.133	0.1981
0.9843	0.1317	0.1962
0.9813	0.1305	0.1964
0.9796	0.1302	0.1977
0.9803	0.1312	0.1989
0.9806	0.1313	0.2012
0.9832	0.1311	0.2025
0.9854	0.1318	0.2049
0.9822	0.1333	0.2044
0.982	0.1353	0.2022
0.9841	0.1356	0.2022
0.9825	0.1305	0.1954
0.9806	0.123	0.1878
0.9791	0.1238	0.1888
0.98	0.1328	0.1977
0.9829	0.1358	0.2097
0.9836	0.1344	0.2098
0.984	0.1375	0.2003
0.9835	0.1388	0.1972
0.9815	0.1363	0.1985
0.981	0.1348	0.1976
0.9832	0.131	0.1976
0.9839	0.1281	0.2
0.981	0.129	0.2007
0.9815	0.1282	0.2008
0.9852	0.1288	0.1995
0.985	0.1293	0.1979
0.9817	0.1296	0.1991
0.9803	0.1343	0.2009
0.9819	0.1357	0.2025
0.9816	0.1332	0.2012
0.9813	0.1326	0.1978
0.9837	0.1308	0.1962
0.9837	0.1314	0.1975
0.98	0.14	0.2046
0.9731	0.1434	0.2042
0.9739	0.1315	0.1931
0.9884	0.1222	0.1891
0.9951	0.1227	0.194
0.9899	0.1234	0.2051
0.9829	0.1291	0.2059
0.9812	0.1365	0.2018
0.9812	0.138	0.2027
0.9818	0.1357	0.2042
0.98	0.1354	0.2004
0.9758	0.1347	0.1975
0.9749	0.1332	0.1981
0.9814	0.1353	0.1982
0.9844	0.1365	0.1975
0.9838	0.1335	0.1979
0.9864	0.1308	0.1979
0.9844	0.1271	0.1995
0.9814	0.124	0.2007
0.9829	0.1261	0.199
0.9829	0.1287	0.1993
0.9832	0.1318	0.1984
0.9827	0.1352	0.1973
0.9813	0.1351	0.2008
0.9816	0.1328	0.2035
0.9812	0.1309	0.2035
0.983	0.1324	0.2017
0.9841	0.1351	0.1997
0.9812	0.1356	0.1984
0.9816	0.135	0.1981
0.9844	0.1338	0.1977
0.9839	0.1323	0.1959
0.981	0.1309	0.1962
0.9794	0.1304	0.1975
0.9803	0.1312	0.1988
0.9807	0.1311	0.2011
0.9833	0.1308	0.2024
0.9856	0.1315	0.205
0.9824	0.1329	0.2045
0.9822	0.1349	0.2023
0.9843	0.1352	0.2023
0.9826	0.1303	0.1956
0.9807	0.1228	0.1879
0.9792	0.1237	0.1889
0.98	0.1327	0.1978
0.9829	0.1359	0.2097
0.9836	0.1345	0.2098
0.9839	0.1376	0.2003
0.9835	0.1389	0.1972
0.9815	0.1364	0.1984
0.9809	0.135	0.1975
0.9831	0.1311	0.1976
0.9839	0.1282	0.1999
0.981	0.129	0.2007
0.9815	0.1283	0.2007
0.9852	0.1287	0.1995
0.985	0.1292	0.1978
0.9817	0.1296	0.1991
0.9803	0.1343	0.2009
0.9819	0.1356	0.2025
0.9817	0.1332	0.2012
0.9814	0.1325	0.1978
0.9837	0.1307	0.1962
0.9837	0.1313	0.1975
0.98	0.14	0.2047
0.9731	0.1434	0.2042
0.9739	0.1315	0.1931
0.9884	0.1222	0.1891
0.9951	0.1227	0.194
0.9899	0.1235	0.2051
0.9876	0.1291	0.2099
0.9808	0.1345	0.2022
0.9745	0.1362	0.1988
0.98	0.1427	0.197
0.98	0.1415	0.1948
0.9763	0.1309	0.2034
0.9791	0.1295	0.207
0.9798	0.1358	0.1985
0.9835	0.1353	0.1969
0.987	0.1261	0.199
0.9865	0.1236	0.1994
0.9883	0.1294	0.2017
0.9831	0.1293	0.1967
0.9783	0.1273	0.1929
0.9805	0.1289	0.1983
0.9799	0.1354	0.2015
0.9814	0.1439	0.2043
0.9844	0.1439	0.203
0.9839	0.1402	0.1975
0.981	0.1344	0.197
0.9797	0.1227	0.1958
0.9844	0.1162	0.1971
0.9861	0.1166	0.2039
0.9833	0.123	0.2046
0.9838	0.1376	0.1985
0.9837	0.1467	0.1967
0.9819	0.1471	0.2011
0.9775	0.1432	0.2011
0.9745	0.1346	0.199
0.9812	0.1288	0.1996
0.9867	0.1228	0.1991
0.9852	0.118	0.1988
0.9825	0.1251	0.1958
0.9803	0.1302	0.194
0.9823	0.1332	0.1993
0.9828	0.1413	0.2009
0.9797	0.1409	0.1993
0.9812	0.1386	0.2031
0.9833	0.1331	0.2104
0.983	0.125	0.213
0.9834	0.1313	0.2038
0.9858	0.1323	0.1952
0.9871	0.1287	0.1958
0.9823	0.1315	0.1932
0.9808	0.1262	0.1912
0.9823	0.1278	0.193
0.9801	0.1361	0.1882
0.9801	0.1375	0.1885
0.9801	0.1376	0.2004
0.9803	0.1335	0.2044
0.983	0.131	0.2007
0.9822	0.1311	0.2044
0.9812	0.1297	0.2105
0.9819	0.1328	0.2103
0.9829	0.1353	0.2067
0.9841	0.1336	0.2058
0.9837	0.1273	0.2043
0.9832	0.1241	0.198
0.9826	0.1303	0.1959
0.9821	0.132	0.1973
0.982	0.1315	0.1982
0.9816	0.1349	0.1996
0.9824	0.1331	0.1924
0.9838	0.1328	0.1864
0.9884	0.1406	0.1867
0.9824	0.1368	0.1912
0.9764	0.133	0.1965
0.982	0.1366	0.2004
0.9818	0.1345	0.2016
0.9776	0.1245	0.2116
0.98	0.1243	0.2152
0.9802	0.1323	0.2057
0.9835	0.1336	0.2025
0.9867	0.126	0.2028
0.986	0.1248	0.2013
0.9877	0.1315	0.2019
0.9825	0.132	0.1955
0.9777	0.13	0.1908
0.98	0.1315	0.1956
0.9795	0.1376	0.1986
0.9811	0.1455	0.2015
0.9843	0.1449	0.2005
0.9839	0.1406	0.1956
0.9812	0.1342	0.1957
0.9799	0.122	0.1952
0.9847	0.1153	0.197
0.9864	0.1155	0.2043
0.9836	0.1219	0.2054
0.9841	0.1365	0.1995
0.9839	0.1458	0.1978
0.982	0.1464	0.2022
0.9776	0.1427	0.2021
0.9745	0.1344	0.1998
0.9812	0.1288	0.2002
0.9866	0.123	0.1994
0.9851	0.1184	0.1989
0.9824	0.1255	0.1957
0.9802	0.1307	0.1938
0.9822	0.1336	0.199
0.9827	0.1417	0.2005
0.9796	0.1412	0.1989
0.9812	0.1388	0.2027
0.9833	0.1333	0.21
0.983	0.1251	0.2127
0.9834	0.1313	0.2036
0.9859	0.1323	0.1951
0.9872	0.1286	0.1958
0.9824	0.1314	0.1933
0.9808	0.1261	0.1913
0.9824	0.1276	0.1931
0.9801	0.136	0.1883
0.9801	0.1374	0.1887
0.9801	0.1376	0.2006
0.9803	0.1334	0.2045
0.983	0.131	0.2008
0.9822	0.1312	0.2045
0.9812	0.1298	0.2105
0.9819	0.1329	0.2103
0.9829	0.1354	0.2067
0.9841	0.1336	0.2058
0.9837	0.1273	0.2043
0.9831	0.1241	0.198
0.9826	0.1304	0.1959
0.9821	0.132	0.1972
0.982	0.1315	0.1981
0.9816	0.1348	0.1996
0.9824	0.1331	0.1924
0.9838	0.1328	0.1864
0.9848	0.1362	0.19
0.9838	0.1367	0.1914
0.9814	0.1373	0.1948
0.9806	0.1358	0.2005
0.981	0.1353	0.203
0.981	0.1385	0.2071
0.9805	0.1323	0.2066
0.9813	0.1202	0.2021
0.9817	0.1152	0.2036
0.9808	0.117	0.2075
0.9829	0.1245	0.209
0.9834	0.1367	0.2084
0.9816	0.1454	0.2051
0.9827	0.1449	0.1958
0.9836	0.1395	0.1884
0.9844	0.1268	0.1912
0.9854	0.1169	0.1925
0.9842	0.1288	0.1949
0.9824	0.1452	0.2004
0.9801	0.1492	0.1959
0.9797	0.1426	0.1928
0.9825	0.1292	0.1915
0.9837	0.1208	0.1927
0.9825	0.1193	0.2072
0.9836	0.1249	0.2141
0.9853	0.1305	0.2103
0.9819	0.1321	0.2073
0.9763	0.1405	0.202
0.9752	0.144	0.2004
0.9806	0.1382	0.1999
0.9842	0.1302	0.1971
0.9824	0.1195	0.1954
0.9815	0.12	0.1946
0.982	0.1272	0.1986
0.9857	0.133	0.1994
0.9882	0.1389	0.1925
0.9848	0.1373	0.1928
0.9853	0.1354	0.2022
0.9849	0.132	0.2084
0.9783	0.1252	0.2075
0.9762	0.1273	0.2038
0.9797	0.132	0.2003
0.9859	0.137	0.1944
0.9875	0.1449	0.1868
0.981	0.1486	0.1864
0.9791	0.141	0.1862
0.9806	0.1271	0.181
0.9799	0.1238	0.1948
0.9846	0.1272	0.2219
0.9898	0.1256	0.228
0.983	0.1219	0.2247
0.9696	0.1198	0.2325
0.9673	0.1228	0.2289
0.9801	0.1272	0.202
0.9905	0.1341	0.1772
0.9894	0.1417	0.1623
0.9831	0.1437	0.158
0.9803	0.1462	0.1726
0.9899	0.1461	0.1853
1	0.1427	0.1889
0.9942	0.1364	0.2038
0.9792	0.1152	0.2288
0.9687	0.1011	0.2441
0.9711	0.118	0.2249
0.9794	0.132	0.1927
0.9805	0.1386	0.1878
0.9798	0.1428	0.1877
0.9805	0.1429	0.1917
0.9819	0.1424	0.1939
0.9826	0.1447	0.1988
0.9824	0.137	0.1996
0.9833	0.1232	0.1969
0.9837	0.1165	0.2001
0.9825	0.1169	0.2057
0.9842	0.1232	0.2087
0.9843	0.1346	0.2092
0.9821	0.1428	0.2068
0.9828	0.1422	0.1979
0.9833	0.1371	0.1906
0.984	0.1248	0.1934
0.9848	0.1155	0.1944
0.9835	0.1279	0.1964
0.9817	0.1449	0.2014
0.9795	0.1494	0.1964
0.9792	0.1432	0.1928
0.9821	0.1301	0.1912
0.9835	0.1218	0.1922
0.9824	0.1204	0.2064
0.9837	0.1259	0.2133
0.9854	0.1314	0.2095
0.9821	0.1327	0.2066
0.9765	0.141	0.2014
0.9754	0.1442	0.2
0.9808	0.1382	0.1996
0.9844	0.13	0.1971
0.9826	0.1192	0.1955
0.9816	0.1196	0.1948
0.9821	0.1268	0.1989
0.9857	0.1326	0.1997
0.9882	0.1386	0.1928
0.9848	0.137	0.1931
0.9852	0.1352	0.2024
0.9848	0.1319	0.2086
0.9782	0.1252	0.2076
0.9761	0.1273	0.2038
0.9797	0.1321	0.2003
0.9859	0.1371	0.1943
0.9874	0.1451	0.1867
0.981	0.1487	0.1863
0.9791	0.1412	0.1861
0.9807	0.1272	0.1809
0.9799	0.1238	0.1947
0.9846	0.1272	0.2218
0.9898	0.1257	0.228
0.983	0.1219	0.2246
0.9697	0.1198	0.2325
0.9673	0.1227	0.2289
0.9801	0.1272	0.2021
0.9905	0.134	0.1772
0.9894	0.1416	0.1623
0.9831	0.1437	0.158
0.9803	0.1461	0.1727
0.9899	0.1461	0.1854
1	0.1427	0.1889
0.9941	0.1364	0.2038
0.9792	0.1152	0.2289
0.9687	0.1011	0.2441
0.9711	0.1181	0.2249
0.9806	0.139	0.1897
0.9824	0.1436	0.183
0.9774	0.1393	0.1924
0.9759	0.1338	0.1934
0.982	0.1309	0.195
0.9837	0.1285	0.2023
0.9822	0.1331	0.2052
0.9857	0.1408	0.2055
0.9837	0.136	0.2112
0.9829	0.1279	0.2058
0.9865	0.1224	0.1894
0.9869	0.1261	0.1846
0.9882	0.1418	0.1855
0.9827	0.1446	0.1884
0.9744	0.1427	0.2006
0.9751	0.1447	0.2076
0.9817	0.1311	0.205
0.9877	0.116	0.2094
0.9873	0.1119	0.2108
0.9862	0.1105	0.2025
0.9813	0.115	0.2018
0.9726	0.1277	0.2002
0.976	0.1437	0.1964
0.9861	0.1511	0.1979
0.9882	0.1457	0.1969
0.9785	0.1421	0.2003
0.9753	0.1402	0.1998
0.987	0.132	0.1904
0.9869	0.1283	0.1894
0.9799	0.1256	0.1943
0.9818	0.1225	0.1982
0.9832	0.1326	0.1991
0.9857	0.1405	0.1978
0.9855	0.1383	0.1995
0.9817	0.1399	0.2044
0.9812	0.1385	0.2105
0.9805	0.1294	0.2099
0.9805	0.1222	0.2041
0.9814	0.1201	0.2011
0.982	0.1214	0.1993
0.9827	0.1235	0.1994
0.9821	0.1264	0.2006
0.981	0.1322	0.1997
0.9801	0.1377	0.1975
0.9832	0.1393	0.1939
0.9864	0.1393	0.191
0.9849	0.1389	0.1925
0.9829	0.1367	0.1957
0.9813	0.1356	0.1987
0.9814	0.1342	0.2007
0.9819	0.1268	0.1997
0.9813	0.1233	0.2014
0.9823	0.1298	0.2077
0.9815	0.1329	0.2133
0.9791	0.1343	0.2139
0.9785	0.1433	0.2002
0.9819	0.1457	0.1797
0.988	0.1362	0.1726
0.9883	0.1269	0.1802
0.9843	0.1201	0.1964
0.9813	0.1174	0.2113
0.9779	0.1188	0.219
0.9763	0.1191	0.2286
0.98	0.1233	0.2331
0.99	0.1498	0.1996
0.9887	0.1499	0.1834
0.9809	0.1426	0.1867
0.9774	0.1349	0.1845
0.9818	0.1306	0.1852
0.9824	0.1274	0.1933
0.9802	0.1315	0.1982
0.9832	0.1391	0.201
0.9812	0.1345	0.2094
0.9806	0.1266	0.2064
0.9846	0.1214	0.192
0.9855	0.1254	0.1886
0.9873	0.1414	0.1904
0.9823	0.1445	0.1934
0.9745	0.1428	0.2053
0.9755	0.1449	0.2116
0.9824	0.1315	0.208
0.9885	0.1163	0.2113
0.9881	0.1122	0.2117
0.987	0.1108	0.2024
0.982	0.1152	0.2008
0.9731	0.1279	0.1986
0.9763	0.1438	0.1945
0.9863	0.1511	0.1959
0.9882	0.1457	0.1949
0.9784	0.142	0.1985
0.9751	0.1401	0.1984
0.9867	0.1319	0.1894
0.9865	0.1281	0.1889
0.9796	0.1255	0.1942
0.9815	0.1224	0.1984
0.983	0.1325	0.1996
0.9855	0.1404	0.1985
0.9854	0.1383	0.2003
0.9817	0.1399	0.2052
0.9813	0.1385	0.2112
0.9805	0.1295	0.2105
0.9805	0.1222	0.2046
0.9815	0.1201	0.2013
0.9821	0.1215	0.1995
0.9828	0.1235	0.1994
0.9822	0.1265	0.2005
0.9811	0.1322	0.1995
0.9801	0.1377	0.1973
0.9832	0.1393	0.1936
0.9864	0.1393	0.1907
0.9849	0.1389	0.1922
0.9829	0.1366	0.1955
0.9812	0.1356	0.1985
0.9813	0.1342	0.2006
0.9819	0.1268	0.1996
0.9813	0.1233	0.2014
0.9823	0.1298	0.2077
0.9815	0.1329	0.2134
0.9791	0.1343	0.214
0.9785	0.1433	0.2003
0.9819	0.1457	0.1798
0.988	0.1362	0.1727
0.9883	0.1269	0.1802
0.9843	0.1201	0.1965
0.9813	0.1174	0.2113
0.9779	0.1188	0.219
0.9764	0.1191	0.2286
0.98	0.1233	0.2331
0.9837	0.1359	0.2201
0.9827	0.1494	0.1945
0.9846	0.1533	0.1718
0.9897	0.1466	0.1652
0.9895	0.1383	0.1655
0.9853	0.1331	0.1719
0.9818	0.1305	0.1919
0.9804	0.1298	0.2076
0.9784	0.1256	0.2169
0.9764	0.1181	0.2232
0.9768	0.1193	0.2216
0.9757	0.1388	0.216
0.977	0.1527	0.2047
0.982	0.1361	0.1975
0.9844	0.11	0.1945
0.9859	0.1054	0.1887
0.9865	0.1249	0.1943
0.9856	0.141	0.2041
0.9847	0.1432	0.2096
0.9828	0.1502	0.2131
0.9826	0.1484	0.1996
0.9855	0.1365	0.1815
0.9856	0.1344	0.1818
0.9828	0.1295	0.1862
0.9823	0.1246	0.1899
0.9817	0.1262	0.1999
0.9803	0.1271	0.1981
0.9805	0.1299	0.1882
0.9801	0.1306	0.1935
0.9797	0.1312	0.2082
0.9804	0.1318	0.2171
0.9812	0.1308	0.2158
0.9824	0.133	0.2121
0.9828	0.1309	0.2083
0.983	0.1291	0.2041
0.9827	0.1327	0.2054
0.9822	0.1349	0.2031
0.9836	0.1369	0.1979
0.9834	0.1364	0.1937
0.9811	0.1348	0.1877
0.9802	0.1331	0.191
0.9812	0.1283	0.1956
0.9833	0.1279	0.1972
0.9844	0.1309	0.2002
0.9842	0.1313	0.1917
0.9845	0.1313	0.1869
0.9845	0.1333	0.1945
0.9826	0.1373	0.2005
0.9804	0.1377	0.2049
0.9808	0.1327	0.2045
0.9811	0.1276	0.2034
0.9802	0.1258	0.2052
0.9805	0.1291	0.2046
0.9823	0.1334	0.206
0.9854	0.1343	0.2067
0.9853	0.1332	0.2009
0.9817	0.1324	0.195
0.9801	0.132	0.1934
0.9794	0.1313	0.1949
0.9798	0.1341	0.1977
0.9827	0.1371	0.2012
0.9846	0.1332	0.2034
0.9839	0.1257	0.2015
0.9825	0.1228	0.1985
0.9789	0.1177	0.2128
0.9794	0.1374	0.2023
0.9827	0.1461	0.1871
0.989	0.1429	0.1827
0.9896	0.1373	0.1815
0.9861	0.1338	0.1844
0.9829	0.1324	0.2
0.9816	0.1322	0.2112
0.9795	0.1281	0.2164
0.9773	0.1203	0.2196
0.9774	0.1212	0.2159
0.976	0.1401	0.2092
0.977	0.1535	0.1978
0.9818	0.1364	0.1913
0.984	0.1099	0.1895
0.9853	0.105	0.1851
0.9859	0.1243	0.1924
0.985	0.1403	0.2037
0.9842	0.1425	0.2106
0.9824	0.1495	0.215
0.9824	0.1478	0.2022
0.9853	0.1361	0.1844
0.9856	0.1341	0.1847
0.9829	0.1294	0.1888
0.9824	0.1246	0.1921
0.9819	0.1263	0.2015
0.9805	0.1273	0.199
0.9808	0.1302	0.1885
0.9803	0.1309	0.1932
0.9799	0.1315	0.2075
0.9806	0.132	0.2161
0.9813	0.131	0.2147
0.9825	0.1331	0.2109
0.9828	0.131	0.2072
0.9829	0.1291	0.2032
0.9827	0.1327	0.2047
0.9821	0.1348	0.2027
0.9835	0.1368	0.1977
0.9833	0.1363	0.1937
0.981	0.1347	0.1879
0.9802	0.133	0.1913
0.9811	0.1282	0.1959
0.9833	0.1278	0.1976
0.9844	0.1309	0.2006
0.9842	0.1313	0.1921
0.9845	0.1313	0.1872
0.9846	0.1333	0.1947
0.9826	0.1373	0.2007
0.9804	0.1377	0.205
0.9808	0.1328	0.2045
0.9811	0.1276	0.2033
0.9802	0.1258	0.2051
0.9805	0.1291	0.2044
0.9823	0.1334	0.2059
0.9854	0.1343	0.2065
0.9853	0.1332	0.2007
0.9817	0.1324	0.1949
0.9801	0.132	0.1934
0.9794	0.1313	0.1949
0.9798	0.1341	0.1977
0.9827	0.1371	0.2013
0.9845	0.1332	0.2034
0.9839	0.1257	0.2016
0.9824	0.1228	0.1986
0.9814	0.1276	0.1974
0.982	0.1332	0.1979
0.9828	0.1364	0.1988
0.9828	0.1384	0.199
0.9855	0.1371	0.1977
0.9862	0.1368	0.1974
0.9817	0.1361	0.1995
0.9805	0.1309	0.199
0.9815	0.126	0.1972
0.9796	0.126	0.1995
0.9774	0.135	0.2041
0.9779	0.1419	0.2042
0.9832	0.1362	0.1958
0.9879	0.1276	0.1932
0.9861	0.118	0.2029
0.9824	0.1139	0.2059
0.9791	0.1255	0.2054
0.9794	0.1372	0.2077
0.9842	0.1435	0.1993
0.9853	0.1474	0.1932
0.9835	0.1424	0.1967
0.9837	0.1376	0.1952
0.9833	0.1357	0.1947
0.9815	0.1265	0.1969
0.9805	0.1195	0.1973
0.9808	0.1221	0.2002
0.9813	0.1263	0.202
0.9817	0.1309	0.2028
0.9816	0.1337	0.2033
0.9816	0.135	0.1991
0.9832	0.1402	0.1893
0.983	0.1403	0.1887
0.9805	0.1322	0.2087
0.9802	0.1299	0.2159
0.984	0.1318	0.2021
0.9881	0.1296	0.1998
0.9866	0.128	0.1995
0.9815	0.1256	0.1947
0.9791	0.1236	0.1965
0.98	0.1337	0.1969
0.9801	0.1431	0.2023
0.9796	0.1414	0.2082
0.9803	0.1423	0.2004
0.9804	0.1394	0.1942
0.9836	0.1288	0.1936
0.9881	0.1234	0.1903
0.9868	0.1208	0.1923
0.9837	0.121	0.2013
0.9811	0.1249	0.2079
0.9802	0.1293	0.2085
0.9808	0.1378	0.2062
0.9808	0.1434	0.199
0.9818	0.1417	0.1932
0.9805	0.1414	0.1962
0.9805	0.1385	0.1967
0.9853	0.1296	0.1976
0.9869	0.1249	0.2013
0.9861	0.1228	0.1999
0.9841	0.1195	0.2028
0.9792	0.1237	0.2039
0.9763	0.1341	0.2006
0.9776	0.145	0.2027
0.9812	0.15	0.2003
0.9839	0.1412	0.1935
0.9834	0.1165	0.1957
0.9835	0.1228	0.1991
0.9837	0.1277	0.2012
0.9833	0.132	0.2014
0.9857	0.1332	0.1995
0.9862	0.1351	0.1984
0.9816	0.1363	0.1997
0.9803	0.1326	0.1985
0.9813	0.1285	0.1961
0.9794	0.1289	0.1981
0.9773	0.1379	0.2026
0.9778	0.1445	0.2028
0.9831	0.1382	0.1947
0.9879	0.129	0.1924
0.9861	0.1187	0.2025
0.9825	0.114	0.2059
0.9793	0.125	0.2057
0.9795	0.1363	0.2083
0.9843	0.1423	0.2
0.9854	0.1461	0.1939
0.9836	0.1412	0.1974
0.9838	0.1365	0.1958
0.9834	0.1348	0.1952
0.9815	0.1258	0.1973
0.9805	0.1192	0.1975
0.9808	0.122	0.2003
0.9812	0.1264	0.202
0.9817	0.1312	0.2026
0.9815	0.1341	0.203
0.9816	0.1355	0.1988
0.9832	0.1407	0.189
0.983	0.1408	0.1885
0.9804	0.1326	0.2085
0.9802	0.1301	0.2157
0.984	0.1319	0.202
0.9881	0.1297	0.1998
0.9866	0.128	0.1995
0.9816	0.1255	0.1948
0.9791	0.1235	0.1966
0.98	0.1335	0.197
0.9801	0.1429	0.2024
0.9796	0.1413	0.2083
0.9803	0.1422	0.2005
0.9804	0.1393	0.1942
0.9836	0.1287	0.1936
0.9881	0.1233	0.1903
0.9868	0.1207	0.1923
0.9837	0.121	0.2013
0.9811	0.1249	0.2079
0.9802	0.1293	0.2085
0.9808	0.1379	0.2062
0.9808	0.1435	0.199
0.9818	0.1417	0.1931
0.9805	0.1414	0.1962
0.9805	0.1386	0.1967
0.9853	0.1296	0.1976
0.9869	0.125	0.2013
0.9861	0.1228	0.1999
0.9841	0.1195	0.2028
0.9792	0.1237	0.2039
0.9763	0.1341	0.2006
0.9776	0.145	0.2027
0.9812	0.1499	0.2003
0.9839	0.1412	0.1935
0.9839	0.1257	0.1926
0.9846	0.1175	0.199
0.9853	0.1175	0.2037
0.9828	0.1214	0.2009
0.9807	0.1339	0.2015
0.9798	0.1443	0.2036
0.9797	0.1445	0.2035
0.9835	0.1474	0.2009
0.9853	0.1443	0.1925
0.9859	0.1322	0.1885
0.9872	0.123	0.1902
0.9818	0.1164	0.1943
0.9778	0.1166	0.2023
0.9795	0.1191	0.2062
0.9787	0.1248	0.2068
0.9804	0.1353	0.2071
0.9827	0.1403	0.2055
0.9813	0.1458	0.2055
0.982	0.1462	0.2044
0.9832	0.1415	0.1985
0.9837	0.1421	0.1934
0.9848	0.1351	0.1915
0.9829	0.1249	0.189
0.9818	0.1192	0.1901
0.9838	0.1181	0.1975
0.9846	0.1255	0.2043
0.9835	0.1307	0.2058
0.9821	0.1329	0.2025
0.9823	0.135	0.2011
0.9813	0.1369	0.2027
0.98	0.1379	0.2018
0.9807	0.1319	0.2006
0.9802	0.1284	0.1991
0.9811	0.1307	0.1967
0.9834	0.1328	0.1979
0.9829	0.1344	0.2001
0.983	0.1332	0.2018
0.9825	0.134	0.2032
0.9823	0.135	0.2016
0.9854	0.1319	0.1998
0.9852	0.1287	0.1986
0.9804	0.1278	0.1945
0.9789	0.1308	0.1916
0.9812	0.1336	0.1948
0.9808	0.1331	0.2008
0.9813	0.1339	0.2025
0.9856	0.1358	0.197
0.9854	0.1357	0.1933
0.9823	0.1334	0.2007
0.9824	0.1295	0.2104
0.9824	0.1272	0.2107
0.9803	0.1292	0.2038
0.9791	0.1303	0.2011
0.9804	0.1291	0.2008
0.9819	0.131	0.192
0.9819	0.1331	0.1892
0.9824	0.1345	0.1989
0.9851	0.135	0.2014
0.988	0.1338	0.1999
0.9858	0.1348	0.1986
0.9804	0.1346	0.1938
0.9787	0.1326	0.1971
0.9815	0.131	0.2059
0.9824	0.1298	0.2075
0.9812	0.1428	0.1937
0.9821	0.1263	0.1989
0.9833	0.1206	0.203
0.9814	0.1209	0.2001
0.98	0.1313	0.2008
0.9796	0.1409	0.2031
0.98	0.1412	0.2032
0.9841	0.1446	0.2008
0.9862	0.1424	0.1926
0.9868	0.1313	0.1887
0.988	0.1229	0.1904
0.9825	0.1171	0.1945
0.9784	0.1178	0.2025
0.9799	0.1206	0.2063
0.9789	0.1263	0.2068
0.9803	0.1368	0.207
0.9826	0.1415	0.2054
0.981	0.1467	0.2053
0.9816	0.1468	0.2042
0.9828	0.1417	0.1983
0.9834	0.142	0.1932
0.9845	0.1348	0.1914
0.9826	0.1244	0.1888
0.9816	0.1185	0.19
0.9837	0.1174	0.1975
0.9846	0.1249	0.2043
0.9835	0.1301	0.2058
0.9822	0.1325	0.2025
0.9824	0.1348	0.2012
0.9815	0.1367	0.2028
0.9801	0.1379	0.2019
0.9808	0.132	0.2007
0.9803	0.1286	0.1991
0.9812	0.1309	0.1968
0.9834	0.1331	0.198
0.983	0.1347	0.2001
0.983	0.1334	0.2018
0.9825	0.1341	0.2032
0.9822	0.1351	0.2016
0.9853	0.1319	0.1998
0.9852	0.1288	0.1986
0.9804	0.1278	0.1945
0.9789	0.1308	0.1916
0.9811	0.1335	0.1948
0.9808	0.1331	0.2008
0.9813	0.1338	0.2025
0.9856	0.1357	0.197
0.9854	0.1357	0.1933
0.9823	0.1333	0.2007
0.9825	0.1294	0.2104
0.9825	0.1271	0.2107
0.9803	0.1292	0.2038
0.9791	0.1303	0.2011
0.9804	0.1292	0.2009
0.9819	0.1311	0.192
0.9819	0.1332	0.1892
0.9824	0.1345	0.1989
0.9851	0.135	0.2014
0.988	0.1338	0.1999
0.9858	0.1348	0.1986
0.9804	0.1346	0.1938
0.9787	0.1326	0.1971
0.9815	0.131	0.2059
0.9824	0.1298	0.2075
0.9789	0.1331	0.2025
0.98	0.1343	0.1995
0.9847	0.1304	0.1988
0.9863	0.1302	0.1961
0.9851	0.1299	0.1958
0.981	0.1272	0.1934
0.979	0.1288	0.1923
0.9801	0.1334	0.2008
0.9815	0.1359	0.202
0.9839	0.1362	0.1981
0.984	0.1362	0.2021
0.9821	0.1332	0.2075
0.9814	0.1311	0.211
0.9804	0.1324	0.2077
0.9797	0.1289	0.2007
0.982	0.1263	0.1967
0.9862	0.1303	0.1922
0.9878	0.1325	0.1916
0.985	0.1345	0.1961
0.9786	0.1359	0.2011
0.9755	0.1337	0.2017
0.9798	0.1315	0.1997
0.9832	0.13	0.1994
0.9866	0.1318	0.1928
0.9913	0.1332	0.1843
0.9866	0.1329	0.1887
0.9775	0.1355	0.2075
0.9765	0.1343	0.2184
0.983	0.1315	0.208
0.9843	0.1309	0.2051
0.9758	0.1299	0.2059
0.9755	0.1316	0.1959
0.9842	0.1325	0.1984
0.9853	0.1313	0.201
0.9821	0.1276	0.1998
0.9809	0.1222	0.2049
0.9811	0.1232	0.1994
0.982	0.1308	0.192
0.9834	0.1419	0.1858
0.9871	0.1486	0.1816
0.9882	0.147	0.1905
0.9864	0.1445	0.197
0.9862	0.1375	0.1988
0.9822	0.1251	0.2028
0.9782	0.1162	0.2088
0.979	0.1162	0.2145
0.9788	0.1206	0.2163
0.9805	0.1229	0.2166
0.982	0.1293	0.2065
0.9774	0.1359	0.1974
0.9761	0.1368	0.199
0.9803	0.1404	0.1943
0.9831	0.1419	0.192
0.9865	0.1406	0.1902
0.9883	0.1379	0.1865
0.9858	0.1283	0.1915
0.9844	0.1256	0.1908
0.9836	0.1352	0.1928
0.9823	0.1379	0.2002
0.9826	0.1339	0.2004
0.9815	0.1354	0.206
0.9813	0.1303	0.2076
0.9842	0.1174	0.2019
0.9837	0.117	0.202
0.9718	0.1356	0.2116
0.9774	0.1371	0.2066
0.9847	0.1334	0.2037
0.9876	0.1331	0.1989
0.9868	0.1325	0.1966
0.9826	0.1294	0.1927
0.9801	0.1306	0.1903
0.9807	0.1347	0.1979
0.9816	0.1367	0.1988
0.9836	0.1366	0.1948
0.9834	0.1361	0.1991
0.9813	0.1329	0.2051
0.9806	0.1306	0.2092
0.9797	0.1318	0.2066
0.9792	0.1282	0.2003
0.9817	0.1256	0.1969
0.9861	0.1297	0.1929
0.9878	0.1321	0.1926
0.9852	0.1342	0.1974
0.979	0.1358	0.2023
0.9758	0.1337	0.2029
0.9802	0.1316	0.2008
0.9836	0.1301	0.2002
0.987	0.132	0.1934
0.9915	0.1335	0.1846
0.9868	0.1332	0.1887
0.9776	0.1357	0.2074
0.9765	0.1345	0.2181
0.9829	0.1317	0.2076
0.9842	0.1309	0.2047
0.9756	0.1299	0.2054
0.9753	0.1316	0.1955
0.9841	0.1325	0.1981
0.9852	0.1312	0.2007
0.982	0.1275	0.1997
0.9808	0.1221	0.2049
0.9811	0.1231	0.1994
0.982	0.1307	0.1921
0.9834	0.1418	0.1859
0.9871	0.1485	0.1818
0.9882	0.147	0.1907
0.9865	0.1445	0.1972
0.9862	0.1375	0.199
0.9823	0.1251	0.2029
0.9782	0.1163	0.2089
0.979	0.1162	0.2146
0.9789	0.1207	0.2163
0.9805	0.1229	0.2165
0.982	0.1293	0.2065
0.9774	0.1359	0.1973
0.9761	0.1368	0.1989
0.9803	0.1404	0.1943
0.9831	0.1419	0.192
0.9865	0.1406	0.1902
0.9882	0.1379	0.1864
0.9857	0.1282	0.1915
0.9844	0.1255	0.1908
0.9836	0.1352	0.1928
0.9823	0.1379	0.2002
0.9826	0.1339	0.2004
0.9815	0.1354	0.206
0.9813	0.1303	0.2076
0.9842	0.1174	0.2019
0.9837	0.117	0.2021
0.9795	0.1267	0.2018
0.9775	0.1361	0.2016
0.9773	0.1414	0.2042
0.9779	0.1432	0.207
0.9834	0.1437	0.2079
0.9875	0.1353	0.2104
0.9845	0.1238	0.2073
0.9853	0.1168	0.1888
0.9875	0.1171	0.1826
0.9835	0.1341	0.1902
0.9803	0.1451	0.1884
0.9763	0.1359	0.1933
0.9738	0.1291	0.2011
0.9792	0.1276	0.2
0.989	0.1299	0.1993
0.9924	0.1344	0.1985
0.9855	0.1336	0.2033
0.9868	0.1393	0.2114
0.9867	0.148	0.209
0.9678	0.1414	0.1975
0.9635	0.1239	0.1926
0.9812	0.1171	0.2033
0.9888	0.1301	0.2031
0.9888	0.1365	0.1861
0.9928	0.135	0.1832
0.9904	0.1407	0.1961
0.9808	0.1304	0.2083
0.9716	0.122	0.2114
0.9708	0.1323	0.2115
0.9875	0.1282	0.2124
0.9944	0.1223	0.2044
0.9773	0.1228	0.2016
0.9748	0.1199	0.2047
0.982	0.126	0.1976
0.9795	0.1329	0.1895
0.9831	0.1436	0.1866
0.9835	0.1546	0.1921
0.9813	0.1489	0.1953
0.9862	0.1419	0.1896
0.9853	0.1374	0.1944
0.9841	0.1344	0.2001
0.9853	0.1326	0.1949
0.9841	0.1234	0.1929
0.9866	0.1207	0.1961
0.9832	0.1228	0.2052
0.9692	0.1211	0.2177
0.9644	0.1231	0.2182
0.98	0.1245	0.2072
0.9959	0.1293	0.2024
0.9971	0.1421	0.2016
0.9937	0.1474	0.1941
0.9848	0.1423	0.1917
0.9777	0.1403	0.1965
0.9809	0.1395	0.1987
0.9752	0.1281	0.2033
0.9693	0.115	0.2056
0.9745	0.1133	0.1977
0.978	0.1238	0.1937
0.9839	0.1414	0.1985
0.9849	0.1505	0.1998
0.9751	0.1428	0.1972
0.9764	0.1312	0.1935
0.9921	0.1271	0.1947
0.9974	0.1233	0.2066
1.058	-0.0163	0.02324
0.9903	0.1076	0.1945
0.9537	0.1962	0.2843
0.9437	0.2346	0.306
0.9164	0.2563	0.3197
0.9328	0.2189	0.2807
0.9908	0.1551	0.2043
1.038	0.102	0.153
1.042	0.06316	0.1318
0.9685	0.06291	0.1322
0.9263	0.06486	0.1408
0.9722	0.0817	0.1635
1.003	0.1183	0.1839
1.019	0.1275	0.1882
1.03	0.1387	0.1947
1.011	0.1565	0.1953
1.004	0.1574	0.1934
0.9977	0.138	0.1981
0.9707	0.1025	0.2072
0.9428	0.09886	0.2262
0.9202	0.123	0.2474
0.9198	0.1355	0.2579
0.9465	0.1438	0.2458
0.9762	0.1483	0.2155
0.9962	0.1505	0.1926
1.017	0.1496	0.1865
1.032	0.1465	0.1789
1.011	0.1579	0.1734
0.9822	0.1665	0.1823
0.9703	0.1612	0.1892
0.9589	0.153	0.1954
0.9736	0.1405	0.1985
0.9869	0.1311	0.1973
0.9856	0.125	0.2014
1.005	0.1194	0.1939
1.004	0.1135	0.1917
0.9932	0.1003	0.1952
0.9908	0.08604	0.1919
0.9656	0.08234	0.207
0.9577	0.1012	0.2145
0.9615	0.1256	0.2089
0.9673	0.1316	0.2121
0.9949	0.1404	0.198
0.998	0.1531	0.1732
0.9817	0.1615	0.1733
0.9727	0.1737	0.1952
0.971	0.1738	0.2041
0.9893	0.1503	0.2029
0.9975	0.113	0.207
0.9817	0.09529	0.2054
0.9659	0.112	0.2168
0.9652	0.1395	0.2284
0.9832	0.1594	0.2167
0.9983	0.1396	0.21
1.001	0.09646	0.201
0.9943	0.09065	0.1888
0.9769	0.1129	0.1906
0.9723	0.1431	0.1885
0.9824	0.1655	0.1852
0.9845	0.1561	0.1893
0.9813	0.1383	0.1941
0.9773	0.1307	0.1972
0.9736	0.138	0.1972
0.9818	0.1489	0.1989
0.9891	0.1412	0.1974
0.9877	0.1313	0.1945
0.99	0.1236	0.1992
0.9865	0.1188	0.2008
0.9773	0.1233	0.2014
0.9752	0.1252	0.2058
0.979	0.1297	0.2026
0.9868	0.1267	0.1949
0.9874	0.1165	0.195
0.9797	0.1212	0.2067
0.9753	0.1317	0.2118
0.9764	0.1437	0.2007
0.981	0.1487	0.1969
0.9835	0.1407	0.2018
0.9823	0.136	0.2088
0.9841	0.1312	0.2112
0.9878	0.1265	0.1899
0.9874	0.1255	0.182
0.9829	0.1244	0.2031
0.9737	0.1283	0.2062
0.9665	0.1405	0.2017
0.9778	0.154	0.2022
0.9959	0.1514	0.192
0.9971	0.1362	0.1895
0.9916	0.1245	0.1908
0.9893	0.12	0.1891
0.9832	0.1227	0.1995
0.9809	0.124	0.2047
0.9829	0.1252	0.2028
0.9734	0.1271	0.2102
0.9642	0.1243	0.2097
0.9697	0.1272	0.2026
0.9757	0.1366	0.2086
0.9796	0.1452	0.2102
0.9842	0.145	0.2019
0.986	0.135	0.1979
0.9894	0.1301	0.1911
0.991	0.1289	0.187
0.9909	0.1278	0.1886
0.9898	0.1318	0.1881
0.9823	0.134	0.1946
0.9778	0.1322	0.2001
0.9792	0.1321	0.1978
0.9819	0.1357	0.1968
0.9869	0.1363	0.1972
0.9913	0.1285	0.2038
0.991	0.1225	0.2077
0.9804	0.124	0.206
0.9679	0.1311	0.2119
0.9685	0.1429	0.2127
0.9747	0.1457	0.2049
0.9796	0.136	0.1994
0.9851	0.1292	0.1939
0.9853	0.1259	0.1946
0.9791	0.1288	0.1984
0.9749	0.1392	0.1984
0.9813	0.1398	0.2005
0.9926	0.1326	0.1982
0.9953	0.1281	0.1906
0.9941	0.1269	0.1912
0.9939	0.1296	0.1936
0.9843	0.1308	0.1903
0.9703	0.1328	0.1923
0.9684	0.1323	0.2012
0.9796	0.08329	0.2077
0.9789	0.1206	0.2073
0.9833	0.1406	0.211
0.9825	0.1491	0.2095
0.9761	0.1567	0.2061
0.9764	0.1552	0.2063
0.9821	0.1523	0.1995
0.991	0.1406	0.1889
0.9922	0.1217	0.1874
0.9843	0.1188	0.1984
0.9794	0.1234	0.2038
0.9796	0.1317	0.1937
0.9831	0.135	0.1915
0.9845	0.1271	0.1984
0.9822	0.1239	0.2072
0.9832	0.1216	0.2114
0.9862	0.12	0.1916
0.9854	0.1221	0.1848
0.9808	0.124	0.2066
0.9717	0.1304	0.2099
0.9647	0.1446	0.2053
0.9764	0.1592	0.2054
0.9949	0.1572	0.1945
0.9966	0.1419	0.1913
0.9915	0.1295	0.1918
0.9895	0.1241	0.1894
0.9837	0.1256	0.1991
0.9817	0.1257	0.2039
0.9837	0.1257	0.2016
0.9742	0.1265	0.2088
0.9649	0.1229	0.2083
0.9703	0.1253	0.2013
0.9761	0.1344	0.2075
0.9799	0.1429	0.2094
0.9844	0.1429	0.2014
0.986	0.1332	0.1976
0.9893	0.1287	0.1911
0.9908	0.128	0.1872
0.9906	0.1273	0.189
0.9895	0.1318	0.1886
0.982	0.1344	0.1951
0.9775	0.1328	0.2006
0.979	0.1328	0.1983
0.9817	0.1365	0.1971
0.9868	0.1371	0.1975
0.9913	0.1292	0.2039
0.991	0.1231	0.2078
0.9805	0.1244	0.2059
0.968	0.1313	0.2118
0.9686	0.143	0.2126
0.9748	0.1457	0.2047
0.9797	0.1358	0.1992
0.9852	0.1289	0.1937
0.9854	0.1256	0.1944
0.9791	0.1285	0.1983
0.975	0.1389	0.1983
0.9813	0.1396	0.2005
0.9926	0.1324	0.1982
0.9953	0.128	0.1906
0.9941	0.1268	0.1913
0.9939	0.1296	0.1936
0.9842	0.1309	0.1904
0.9702	0.1329	0.1924
0.9683	0.1324	0.2013
0.9757	0.1223	0.2069
0.9818	0.1192	0.2107
0.9851	0.1219	0.2141
0.9831	0.1173	0.2086
0.9768	0.1188	0.202
0.976	0.1338	0.2002
0.983	0.1531	0.1937
0.9863	0.1638	0.1908
0.9849	0.1607	0.1949
0.9867	0.1535	0.1948
0.9866	0.1437	0.1981
0.9849	0.1345	0.208
0.9857	0.1313	0.2101
0.9836	0.1249	0.2002
0.9828	0.1167	0.19
0.9853	0.1148	0.19
0.9845	0.1155	0.1955
0.9781	0.1158	0.1973
0.9695	0.1173	0.1976
0.9699	0.1197	0.203
0.9769	0.1242	0.2118
0.9804	0.1363	0.2142
0.9852	0.1454	0.2092
0.9913	0.1439	0.2071
0.9909	0.1431	0.2032
0.9838	0.1361	0.187
0.9812	0.1275	0.1769
0.9872	0.1335	0.1811
0.9858	0.1399	0.1836
0.9747	0.1405	0.1914
0.9719	0.1383	0.206
0.9823	0.1328	0.2166
0.9933	0.1309	0.2199
0.9978	0.1323	0.2082
0.9972	0.1378	0.202
0.9833	0.142	0.2061
0.9635	0.1365	0.1944
0.9641	0.1256	0.1888
0.9733	0.114	0.1922
0.9768	0.112	0.1857
0.9859	0.1191	0.1963
0.9895	0.1291	0.2129
0.9798	0.1376	0.2118
0.9736	0.1358	0.2118
0.9772	0.136	0.2086
0.9873	0.138	0.1966
1.002	0.1354	0.1895
1.006	0.1373	0.1895
0.9887	0.1347	0.1943
0.9742	0.1339	0.1992
0.9711	0.1374	0.2021
0.9677	0.1357	0.2026
0.9731	0.1383	0.1963
0.985	0.1317	0.1904
0.9906	0.1206	0.1921
0.9916	0.1231	0.1941
0.9858	0.1241	0.2006
0.9746	0.1262	0.2105
0.9717	0.1317	0.2086
0.978	0.1357	0.2017
0.9813	0.1395	0.1989
0.9852	0.1351	0.1991
0.9896	0.1333	0.2014
0.9881	0.1366	0.2014
0.9835	0.1668	0.1979
0.9845	0.1309	0.2041
0.9846	0.1142	0.2087
0.9809	0.1	0.2038
0.9738	0.09889	0.1975
0.973	0.1156	0.1962
0.9804	0.1393	0.1904
0.9843	0.1553	0.1883
0.9836	0.1575	0.1933
0.986	0.1549	0.1941
0.9865	0.1487	0.1984
0.9852	0.1417	0.2091
0.9863	0.1395	0.2118
0.9843	0.133	0.2023
0.9836	0.1238	0.1923
0.986	0.1204	0.1923
0.985	0.1192	0.1975
0.9785	0.1175	0.1989
0.9697	0.1173	0.1988
0.9699	0.1182	0.2037
0.9768	0.1215	0.212
0.9802	0.133	0.2141
0.9849	0.1418	0.2087
0.991	0.1404	0.2064
0.9905	0.14	0.2024
0.9835	0.1337	0.1861
0.981	0.1258	0.1761
0.9871	0.1326	0.1804
0.9858	0.1398	0.183
0.9747	0.141	0.191
0.972	0.1393	0.2058
0.9823	0.134	0.2165
0.9934	0.1323	0.22
0.9979	0.1337	0.2084
0.9974	0.1391	0.2023
0.9834	0.143	0.2064
0.9636	0.1373	0.1947
0.9642	0.1261	0.1891
0.9734	0.1142	0.1924
0.9769	0.1119	0.1859
0.9859	0.1188	0.1964
0.9895	0.1287	0.2129
0.9798	0.1371	0.2118
0.9735	0.1353	0.2118
0.9771	0.1355	0.2085
0.9873	0.1376	0.1965
1.002	0.135	0.1893
1.006	0.1371	0.1893
0.9887	0.1346	0.1942
0.9742	0.1339	0.1992
0.9711	0.1375	0.202
0.9677	0.1358	0.2026
0.9732	0.1384	0.1963
0.985	0.1319	0.1904
0.9907	0.1208	0.1921
0.9916	0.1232	0.1941
0.9858	0.1242	0.2006
0.9746	0.1263	0.2106
0.9718	0.1318	0.2087
0.978	0.1357	0.2018
0.9813	0.1395	0.1989
0.9852	0.135	0.1992
0.9896	0.1332	0.2015
0.9881	0.1365	0.2014
0.9865	0.1331	0.2042
0.9819	0.1313	0.2046
0.9779	0.1316	0.1977
0.9821	0.1302	0.1958
0.9829	0.1303	0.1959
0.9801	0.129	0.1969
0.9767	0.1305	0.2011
0.9738	0.1358	0.2017
0.9805	0.1377	0.1985
0.9876	0.1366	0.1951
0.9886	0.1353	0.194
0.9888	0.1319	0.1962
0.985	0.1292	0.2024
0.9809	0.13	0.2066
0.9811	0.1293	0.2005
0.9838	0.1286	0.1931
0.9871	0.1291	0.1895
0.9839	0.1275	0.1917
0.9746	0.1296	0.2051
0.9727	0.1307	0.2127
0.9812	0.1297	0.2076
0.9848	0.1341	0.2071
0.9816	0.1353	0.2045
0.9829	0.1362	0.1956
0.983	0.1379	0.1962
0.9821	0.1317	0.199
0.9838	0.1292	0.1982
0.9803	0.1346	0.1994
0.9793	0.1398	0.1959
0.9846	0.1396	0.1941
0.986	0.1326	0.1971
0.9858	0.1296	0.1959
0.9863	0.1305	0.1971
0.9847	0.1284	0.2004
0.981	0.1278	0.2003
0.9784	0.1285	0.2004
0.9782	0.1294	0.1998
0.9768	0.1314	0.1982
0.9797	0.1319	0.2001
0.9867	0.1313	0.2084
0.9869	0.1313	0.2114
0.9845	0.1312	0.2002
0.9845	0.1316	0.1954
0.9822	0.1339	0.199
0.9785	0.1347	0.1947
0.979	0.132	0.1922
0.9832	0.1307	0.193
0.9839	0.1321	0.1954
0.9798	0.134	0.205
0.9782	0.137	0.2071
0.9796	0.137	0.2054
0.9796	0.1325	0.2091
0.9805	0.1302	0.2047
0.9871	0.1312	0.1947
0.9939	0.1318	0.1911
0.9919	0.1322	0.1927
0.984	0.1315	0.1939
0.9794	0.1309	0.1965
0.9779	0.1329	0.2008
0.9773	0.1351	0.1979
0.9812	0.1325	0.1951
0.9841	0.1252	0.1994
0.9808	0.1224	0.206
0.9795	0.1283	0.2109
0.9821	0.1326	0.2013
0.9801	0.1344	0.2033
0.9781	0.1363	0.1978
0.9836	0.1351	0.1968
0.9852	0.1346	0.1976
0.9827	0.1323	0.1987
0.9792	0.1326	0.2029
0.976	0.1369	0.2032
0.9823	0.1378	0.1996
0.9889	0.1359	0.1956
0.9893	0.1341	0.194
0.9889	0.1305	0.1958
0.9848	0.1278	0.2017
0.9803	0.1288	0.2057
0.9803	0.1283	0.1995
0.9828	0.1279	0.1921
0.9862	0.1287	0.1886
0.9831	0.1274	0.1909
0.9739	0.1298	0.2046
0.9722	0.1311	0.2124
0.981	0.1302	0.2075
0.9847	0.1346	0.2072
0.9817	0.1358	0.2047
0.9831	0.1366	0.1959
0.9833	0.1383	0.1966
0.9825	0.1319	0.1994
0.9842	0.1293	0.1986
0.9806	0.1346	0.1997
0.9796	0.1398	0.1961
0.9848	0.1394	0.1943
0.9861	0.1324	0.1972
0.9859	0.1294	0.1959
0.9863	0.1302	0.197
0.9846	0.1282	0.2003
0.981	0.1276	0.2002
0.9782	0.1284	0.2003
0.978	0.1293	0.1996
0.9767	0.1314	0.198
0.9796	0.1319	0.2
0.9866	0.1313	0.2083
0.9869	0.1314	0.2113
0.9845	0.1313	0.2002
0.9845	0.1317	0.1954
0.9822	0.134	0.199
0.9786	0.1347	0.1947
0.979	0.132	0.1923
0.9832	0.1307	0.193
0.9839	0.1321	0.1954
0.9799	0.134	0.205
0.9782	0.1369	0.2072
0.9797	0.137	0.2054
0.9796	0.1325	0.2091
0.9805	0.1302	0.2047
0.9871	0.1311	0.1947
0.9939	0.1318	0.1911
0.9919	0.1322	0.1927
0.984	0.1315	0.1938
0.9794	0.1309	0.1965
0.9779	0.1329	0.2008
0.9772	0.1351	0.1979
0.9812	0.1325	0.1951
0.9841	0.1252	0.1994
0.9808	0.1224	0.206
0.9795	0.1284	0.2109
0.9801	0.1344	0.2064
0.9795	0.1366	0.1995
0.9808	0.1363	0.1961
0.9817	0.135	0.1949
0.982	0.1335	0.2026
0.9839	0.1294	0.2047
0.9866	0.1287	0.1953
0.9874	0.1339	0.1938
0.984	0.1339	0.1973
0.9821	0.1322	0.1979
0.9808	0.1362	0.2011
0.9784	0.1395	0.202
0.9817	0.1371	0.1952
0.9857	0.1296	0.193
0.9842	0.1253	0.2009
0.9811	0.1276	0.2075
0.9798	0.128	0.2074
0.9825	0.1281	0.2008
0.9842	0.1325	0.1961
0.9824	0.1335	0.1971
0.9818	0.1333	0.1926
0.981	0.1356	0.192
0.9811	0.1333	0.203
0.9818	0.1266	0.2058
0.9808	0.1262	0.202
0.9823	0.1365	0.203
0.9829	0.1409	0.2016
0.9817	0.134	0.2015
0.9827	0.1314	0.203
0.9834	0.1324	0.1992
0.9836	0.1367	0.1978
0.984	0.1388	0.1969
0.9833	0.1258	0.1936
0.9806	0.1186	0.1966
0.9776	0.1256	0.2016
0.9787	0.1301	0.2031
0.9804	0.1353	0.2002
0.9837	0.1375	0.194
0.9891	0.1359	0.194
0.989	0.1362	0.1976
0.9879	0.1306	0.1995
0.9858	0.1291	0.2017
0.9788	0.1358	0.2002
0.975	0.1372	0.1963
0.9756	0.1341	0.1991
0.9798	0.1297	0.209
0.9848	0.1256	0.2108
0.9839	0.1249	0.1984
0.9808	0.1291	0.1938
0.9784	0.1346	0.2002
0.9774	0.135	0.1996
0.982	0.134	0.1995
0.9909	0.1349	0.2031
0.9925	0.137	0.2036
0.9814	0.1362	0.2053
0.9773	0.1279	0.1968
0.9831	0.125	0.1848
0.9813	0.1316	0.1917
0.9805	0.1326	0.1977
0.9831	0.1313	0.1956
0.9811	0.134	0.2002
0.981	0.1334	0.2007
0.9816	0.1319	0.1995
0.9835	0.1326	0.2057
0.9866	0.128	0.2135
0.9828	0.1337	0.2024
0.9817	0.1352	0.1966
0.9809	0.1346	0.1943
0.9801	0.133	0.2015
0.9814	0.1286	0.2038
0.984	0.1277	0.1948
0.985	0.1326	0.1937
0.982	0.1326	0.1976
0.9807	0.131	0.1985
0.98	0.1352	0.2019
0.9781	0.1389	0.2028
0.9819	0.1369	0.1959
0.9863	0.1298	0.1936
0.9851	0.1258	0.2013
0.9821	0.1284	0.2077
0.9808	0.1289	0.2074
0.9834	0.1291	0.2006
0.985	0.1334	0.1957
0.983	0.1343	0.1967
0.9822	0.134	0.1922
0.9811	0.136	0.1915
0.9811	0.1335	0.2026
0.9816	0.1266	0.2055
0.9805	0.1261	0.2018
0.9819	0.1363	0.2029
0.9825	0.1406	0.2016
0.9813	0.1337	0.2016
0.9824	0.131	0.2031
0.9831	0.1321	0.1993
0.9834	0.1364	0.198
0.9839	0.1386	0.1971
0.9833	0.1256	0.1938
0.9806	0.1186	0.1968
0.9777	0.1256	0.2017
0.9789	0.1302	0.2032
0.9805	0.1354	0.2002
0.9838	0.1376	0.194
0.9892	0.136	0.1939
0.9891	0.1363	0.1976
0.9879	0.1307	0.1994
0.9858	0.1292	0.2017
0.9789	0.1359	0.2001
0.975	0.1373	0.1962
0.9755	0.1342	0.1991
0.9798	0.1297	0.2089
0.9848	0.1256	0.2108
0.9838	0.1249	0.1984
0.9807	0.1291	0.1938
0.9783	0.1346	0.2002
0.9774	0.135	0.1996
0.9819	0.134	0.1995
0.9908	0.1349	0.2031
0.9925	0.137	0.2036
0.9814	0.1362	0.2053
0.9773	0.1279	0.1968
0.9831	0.125	0.1848
0.9813	0.1316	0.1917
0.9806	0.1326	0.1977
0.9832	0.1313	0.1956
0.9811	0.134	0.2002
0.981	0.1334	0.2007
0.9816	0.1319	0.1995
0.9835	0.1326	0.2057
0.9873	0.1322	0.2073
0.9852	0.1337	0.2052
0.9811	0.1335	0.2025
0.9791	0.1277	0.198
0.979	0.1234	0.1982
0.9806	0.1273	0.1981
0.9809	0.1365	0.196
0.9807	0.1398	0.1973
0.9804	0.1378	0.1976
0.9823	0.1383	0.198
0.9852	0.1358	0.1991
0.9885	0.1331	0.1984
0.9951	0.1371	0.1996
0.9912	0.1391	0.202
0.9783	0.1315	0.2013
0.9752	0.1182	0.1955
0.9765	0.1116	0.1948
0.9725	0.1076	0.2059
0.9702	0.09687	0.2103
0.9736	0.1127	0.2046
0.9762	0.1624	0.2035
0.9819	0.1885	0.2003
0.9944	0.1789	0.1914
1.002	0.1618	0.1862
0.9995	0.1359	0.1878
0.9896	0.1142	0.2003
0.9805	0.1064	0.2113
0.9783	0.09938	0.2052
0.9789	0.1086	0.1915
0.9906	0.1332	0.179
0.9984	0.1399	0.1792
0.9747	0.1242	0.2
0.9462	0.1154	0.2282
0.9471	0.1225	0.2465
0.9635	0.119	0.2402
0.9743	0.1149	0.217
0.9829	0.1291	0.1918
0.9981	0.1572	0.1655
1.021	0.1938	0.1545
1.03	0.204	0.167
1.012	0.1918	0.1826
0.9932	0.1654	0.1878
0.9667	0.1055	0.2021
0.9382	0.07465	0.2358
0.9395	0.08409	0.2452
0.9482	0.08064	0.2109
0.9699	0.08748	0.1798
1.017	0.1068	0.1797
1.03	0.1264	0.1895
1.009	0.1431	0.1958
0.9914	0.1286	0.207
0.9769	0.1263	0.2085
0.9711	0.1632	0.1853
0.9731	0.1877	0.1683
0.9738	0.1895	0.1883
0.9712	0.1634	0.2233
0.969	0.1184	0.2393
0.9713	0.08898	0.2341
0.9751	0.07408	0.2192
0.9803	0.083	0.2005
0.9782	0.09008	0.1782
0.9778	0.11	0.1782
0.9901	0.2138	0.2224
0.9845	0.2913	0.2467
0.9865	0.2375	0.2165
1.003	0.1294	0.1615
1.005	0.07276	0.1402
1.001	0.04717	0.1391
0.9941	0.04657	0.1549
0.9876	0.06749	0.1755
0.9799	0.09963	0.1941
0.9732	0.1262	0.2128
0.9682	0.1444	0.2256
0.9677	0.1601	0.2329
0.9702	0.167	0.2357
0.975	0.1681	0.2321
0.9842	0.171	0.2271
0.9837	0.1682	0.2213
0.9744	0.1533	0.2117
0.9747	0.1316	0.1971
0.9791	0.1165	0.1889
0.9773	0.1048	0.1943
0.9765	0.08795	0.1949
0.9806	0.09945	0.1874
0.9831	0.1468	0.1864
0.9881	0.1723	0.1849
0.9994	0.1638	0.1788
1.005	0.1491	0.177
1.002	0.1263	0.1824
0.9902	0.1081	0.1986
0.9799	0.1038	0.2127
0.9767	0.0999	0.2092
0.9766	0.1117	0.1973
0.9879	0.1382	0.1857
0.9956	0.1461	0.1861
0.9721	0.1308	0.2065
0.944	0.1218	0.2337
0.9454	0.128	0.2508
0.9624	0.1235	0.2431
0.9737	0.118	0.2184
0.9829	0.1308	0.192
0.9985	0.1577	0.1645
1.022	0.1932	0.1527
1.03	0.2025	0.1647
1.013	0.1897	0.18
0.9942	0.1631	0.1853
0.9676	0.1032	0.1998
0.9389	0.07245	0.234
0.9401	0.08224	0.2439
0.9485	0.07924	0.2101
0.97	0.08657	0.1795
1.017	0.1064	0.1799
1.03	0.1264	0.19
1.008	0.1435	0.1966
0.9911	0.1292	0.2079
0.9765	0.1271	0.2094
0.9707	0.164	0.1861
0.9728	0.1885	0.169
0.9736	0.1903	0.1889
0.9711	0.1639	0.2237
0.969	0.1188	0.2395
0.9713	0.08921	0.2342
0.9752	0.07414	0.2191
0.9804	0.08292	0.2003
0.9784	0.08988	0.1779
0.9779	0.1097	0.1779
0.9902	0.2134	0.2221
0.9846	0.291	0.2464
0.9673	0.2487	0.2082
0.9812	0.1426	0.1612
1.022	0.00984	0.1249
1.054	-0.03476	0.1063
1.044	0.04409	0.1575
0.985	0.1384	0.2526
0.9315	0.2192	0.2891
0.9297	0.2363	0.2375
0.9547	0.1747	0.1812
0.9739	0.1073	0.1684
0.9786	0.07037	0.1598
0.9593	0.07428	0.1788
0.9486	0.09985	0.2267
0.9724	0.1447	0.2327
0.9971	0.1702	0.2266
1.01	0.1605	0.2319
1.017	0.1622	0.2218
1.013	0.1471	0.2149
0.9922	0.1358	0.2056
0.9757	0.1296	0.1905
0.9791	0.1091	0.1845
0.9749	0.123	0.1807
0.9696	0.1287	0.1797
0.9761	0.1279	0.1806
0.9744	0.1348	0.1818
0.9816	0.127	0.1848
0.9878	0.1358	0.1906
0.9797	0.1286	0.1979
0.981	0.1223	0.2006
0.9826	0.1348	0.2038
0.9876	0.1302	0.2079
0.9937	0.1362	0.2049
0.9844	0.1331	0.1998
0.9755	0.1241	0.2047
0.9697	0.1306	0.2182
0.971	0.1283	0.218
0.9834	0.1356	0.2058
0.9918	0.1422	0.2039
0.9907	0.1429	0.2057
0.9804	0.1497	0.2041
0.9722	0.1425	0.2001
0.9769	0.1317	0.193
0.9884	0.1268	0.1902
0.9942	0.128	0.1876
0.9927	0.1319	0.1838
0.993	0.1287	0.184
0.9916	0.1265	0.1796
0.988	0.1188	0.1773
0.9802	0.1138	0.1876
0.9642	0.1226	0.2027
0.9596	0.1264	0.2161
0.9646	0.1274	0.225
0.9678	0.1308	0.2276
0.98	0.132	0.2225
0.9914	0.1339	0.2156
0.9952	0.1424	0.212
0.9967	0.1565	0.2037
0.9888	0.1593	0.1954
0.9805	0.149	0.194
0.9774	0.131	0.1906
0.974	0.1159	0.1862
0.9823	0.1274	0.1827
0.9965	0.1418	0.1785
0.9999	0.1375	0.1806
0.9696	0.2044	0.1834
0.9601	0.1366	0.2016
0.9919	0.02665	0.1919
1.026	-0.006489	0.1742
1.022	0.07565	0.2116
0.9726	0.1678	0.2859
0.9287	0.2432	0.3003
0.9351	0.2533	0.2291
0.9663	0.1844	0.158
0.9893	0.1103	0.136
0.9952	0.06794	0.1238
0.9751	0.06787	0.1441
0.962	0.09101	0.1969
0.9824	0.1349	0.2105
1.003	0.1606	0.2131
1.012	0.1522	0.2271
1.016	0.1557	0.225
1.009	0.1428	0.2244
0.986	0.1337	0.2196
0.9683	0.1295	0.207
0.9715	0.1107	0.2015
0.9678	0.1258	0.1966
0.9635	0.1322	0.1931
0.9715	0.1317	0.1908
0.9714	0.1385	0.1883
0.9802	0.1302	0.1877
0.9879	0.1384	0.1901
0.9811	0.1304	0.1947
0.9832	0.1233	0.1954
0.9854	0.135	0.1974
0.9906	0.1297	0.201
0.9966	0.1352	0.1983
0.987	0.1318	0.1939
0.9776	0.1226	0.1999
0.9711	0.1291	0.2149
0.9718	0.1269	0.2161
0.9836	0.1345	0.2052
0.9915	0.1414	0.2045
0.9901	0.1423	0.2073
0.9795	0.1495	0.2062
0.9711	0.1425	0.2026
0.9758	0.132	0.1954
0.9873	0.1272	0.1925
0.9934	0.1285	0.1895
0.9921	0.1325	0.1852
0.9926	0.1293	0.185
0.9914	0.127	0.1801
0.988	0.1191	0.1772
0.9803	0.1141	0.1872
0.9645	0.1227	0.2021
0.96	0.1265	0.2153
0.965	0.1273	0.2241
0.9682	0.1307	0.2267
0.9803	0.1318	0.2217
0.9917	0.1337	0.2149
0.9954	0.1422	0.2116
0.9968	0.1563	0.2035
0.9888	0.1591	0.1954
0.9805	0.1489	0.1941
0.9774	0.1309	0.1909
0.9738	0.1159	0.1864
0.9821	0.1274	0.1831
0.9964	0.1418	0.1789
0.9998	0.1376	0.1809
0.9968	0.1359	0.193
0.9868	0.132	0.2029
0.9742	0.1188	0.2043
0.9676	0.1071	0.2079
0.9573	0.1024	0.2105
0.9518	0.108	0.2069
0.9646	0.1245	0.2031
0.9878	0.1471	0.1998
1.01	0.1536	0.203
1.013	0.1435	0.2039
0.9972	0.1394	0.196
0.9828	0.1346	0.1975
0.9754	0.1347	0.2054
0.9747	0.1449	0.2066
0.9797	0.1458	0.2012
0.9826	0.142	0.1957
0.979	0.1376	0.196
0.9769	0.1304	0.1965
0.9815	0.1253	0.1977
0.9867	0.1196	0.1971
0.9879	0.1182	0.1933
0.9776	0.1224	0.1958
0.9702	0.1239	0.1986
0.9796	0.1255	0.1988
0.9867	0.1282	0.1956
0.9895	0.1296	0.1899
0.9863	0.1327	0.1969
0.9762	0.1356	0.2118
0.9763	0.1383	0.2158
0.9775	0.1399	0.2097
0.9813	0.1369	0.2071
0.9907	0.1386	0.2047
0.9916	0.1439	0.1957
0.9908	0.143	0.1941
0.9836	0.1372	0.1964
0.9749	0.1262	0.195
0.9772	0.1209	0.1978
0.9785	0.1267	0.1982
0.983	0.1292	0.1928
0.9896	0.1287	0.1875
0.9889	0.1268	0.1862
0.9857	0.1254	0.1886
0.9772	0.1318	0.1952
0.9741	0.134	0.2075
0.9808	0.1308	0.212
0.9806	0.1331	0.2128
0.976	0.1351	0.2202
0.9737	0.1353	0.2201
0.9757	0.1355	0.2121
0.9857	0.1347	0.1993
0.9947	0.1348	0.1875
0.9938	0.1339	0.1879
0.984	0.1334	0.1906
0.9751	0.1343	0.1957
0.9745	0.1322	0.2
0.9797	0.1282	0.1894
0.9898	0.1266	0.1829
0.9954	0.1271	0.1885
0.9896	0.1261	0.1941
0.9817	0.1259	0.2014
0.9769	0.131	0.2042
0.9786	0.1404	0.2038
0.9819	0.1449	0.2085
0.9799	0.1381	0.2103
0.9844	0.1313	0.2021
0.985	0.1411	0.2094
0.9789	0.1339	0.2068
0.9755	0.1229	0.2062
0.9661	0.1155	0.205
0.9599	0.1167	0.1986
0.9712	0.1282	0.1931
0.9923	0.146	0.1894
1.012	0.1487	0.1931
1.014	0.136	0.1953
0.9961	0.1304	0.1894
0.9806	0.1254	0.1932
0.9726	0.1263	0.2035
0.9716	0.1379	0.2068
0.9768	0.1408	0.2031
0.9801	0.1391	0.1989
0.9771	0.1369	0.2
0.9756	0.1314	0.2008
0.9809	0.1278	0.2019
0.9868	0.1231	0.2008
0.9884	0.1222	0.1963
0.9786	0.1264	0.1979
0.9714	0.1276	0.1998
0.9808	0.1286	0.1991
0.9878	0.1305	0.1952
0.9905	0.1311	0.1889
0.9871	0.1333	0.1955
0.9767	0.1355	0.2102
0.9765	0.1376	0.2141
0.9775	0.1387	0.2082
0.9812	0.1355	0.2059
0.9903	0.137	0.2037
0.9912	0.1424	0.1951
0.9904	0.1417	0.1938
0.9832	0.1362	0.1964
0.9745	0.1255	0.1952
0.9769	0.1205	0.1982
0.9783	0.1266	0.1987
0.9828	0.1294	0.1934
0.9895	0.1291	0.1881
0.9889	0.1273	0.1867
0.9858	0.126	0.189
0.9774	0.1323	0.1955
0.9742	0.1345	0.2076
0.981	0.1313	0.2121
0.9808	0.1334	0.2128
0.9762	0.1353	0.2201
0.9738	0.1354	0.22
0.9758	0.1355	0.2119
0.9858	0.1346	0.1991
0.9947	0.1346	0.1873
0.9938	0.1337	0.1878
0.984	0.1332	0.1905
0.975	0.1341	0.1957
0.9744	0.1321	0.2
0.9796	0.128	0.1894
0.9897	0.1265	0.183
0.9953	0.1271	0.1885
0.9896	0.126	0.1942
0.9817	0.1259	0.2015
0.9769	0.1311	0.2043
0.9786	0.1404	0.2039
0.982	0.145	0.2086
0.9799	0.1382	0.2103
0.9794	0.1314	0.2102
0.9787	0.1292	0.2097
0.9772	0.13	0.2037
0.9748	0.1374	0.2014
0.9721	0.1379	0.2031
0.9851	0.1287	0.1978
1.001	0.1246	0.1865
1	0.1242	0.1834
0.9907	0.1243	0.1937
0.9747	0.1302	0.199
0.968	0.1387	0.199
0.9756	0.1388	0.2024
0.9819	0.1325	0.1997
0.9872	0.1279	0.1974
0.988	0.1283	0.1994
0.982	0.1357	0.2024
0.9779	0.1412	0.2082
0.9783	0.1386	0.2071
0.9809	0.132	0.2046
0.982	0.125	0.2041
0.9826	0.1255	0.1982
0.984	0.1323	0.1902
0.9862	0.1378	0.182
0.9866	0.1384	0.1859
0.9805	0.1318	0.2012
0.9769	0.1259	0.2129
0.9774	0.1245	0.2158
0.9772	0.1244	0.2064
0.9846	0.1308	0.2001
0.9935	0.139	0.1993
0.9941	0.1392	0.1918
0.9883	0.1371	0.1914
0.9773	0.1357	0.1973
0.9706	0.1337	0.1972
0.9746	0.1324	0.1951
0.9828	0.1287	0.1951
0.9885	0.1296	0.1965
0.9866	0.1324	0.1981
0.9823	0.1247	0.2038
0.9808	0.1218	0.2079
0.9799	0.127	0.206
0.9802	0.1299	0.2069
0.9805	0.1381	0.2065
0.9806	0.1421	0.2017
0.9802	0.1371	0.1989
0.9782	0.1374	0.197
0.9782	0.1388	0.1964
0.9815	0.1385	0.1959
0.9847	0.1363	0.1947
0.9874	0.1274	0.195
0.9913	0.1223	0.1951
0.9907	0.1241	0.1966
0.9857	0.1276	0.1979
0.9836	0.1319	0.1982
0.9811	0.1318	0.2008
0.9794	0.1312	0.2039
0.9799	0.1315	0.2059
0.9794	0.1308	0.2032
0.9796	0.1336	0.199
0.9789	0.1355	0.1996
0.9793	0.136	0.2023
0.9805	0.1369	0.2043
0.9783	0.1322	0.2017
0.9771	0.1243	0.2003
0.9863	0.1231	0.1941
0.9857	0.1299	0.1976
0.9834	0.1355	0.1956
0.9797	0.1446	0.1971
0.9755	0.1449	0.2021
0.9869	0.1344	0.1995
1.001	0.1283	0.1902
0.9997	0.1259	0.1883
0.989	0.1242	0.1993
0.9724	0.1287	0.2045
0.9655	0.1362	0.204
0.973	0.1359	0.2065
0.9797	0.1295	0.2026
0.9854	0.1252	0.1992
0.9867	0.1262	0.2001
0.9812	0.1343	0.2021
0.9776	0.1404	0.2071
0.9785	0.1386	0.2054
0.9815	0.1325	0.2026
0.9828	0.1259	0.202
0.9836	0.1267	0.1962
0.985	0.1336	0.1885
0.9871	0.1391	0.1807
0.9874	0.1396	0.185
0.9811	0.1328	0.2008
0.9773	0.1266	0.2128
0.9775	0.1248	0.2161
0.9772	0.1245	0.2069
0.9844	0.1307	0.2008
0.9933	0.1386	0.2001
0.9937	0.1387	0.1925
0.988	0.1366	0.1921
0.9769	0.1352	0.1978
0.9702	0.1332	0.1977
0.9743	0.132	0.1953
0.9827	0.1284	0.1952
0.9884	0.1294	0.1965
0.9866	0.1323	0.198
0.9823	0.1247	0.2036
0.9809	0.1219	0.2076
0.9801	0.1272	0.2057
0.9804	0.1301	0.2067
0.9806	0.1383	0.2063
0.9807	0.1422	0.2016
0.9803	0.1372	0.1988
0.9783	0.1376	0.1969
0.9783	0.1389	0.1964
0.9815	0.1385	0.1959
0.9847	0.1363	0.1948
0.9874	0.1274	0.1951
0.9912	0.1222	0.1952
0.9907	0.124	0.1967
0.9857	0.1276	0.198
0.9835	0.1318	0.1983
0.9811	0.1317	0.2009
0.9793	0.1311	0.2039
0.9799	0.1315	0.206
0.9793	0.1308	0.2032
0.9796	0.1336	0.199
0.9789	0.1355	0.1996
0.9793	0.136	0.2023
0.9805	0.1369	0.2043
0.9784	0.1322	0.2017
0.9771	0.1243	0.2003
0.9784	0.1202	0.1991
0.9865	0.1294	0.191
0.9954	0.1447	0.1903
0.9924	0.1462	0.1982
0.9832	0.1382	0.2025
0.9746	0.1317	0.2035
0.9752	0.1293	0.2004
0.9867	0.129	0.1946
0.9894	0.1263	0.1926
0.9816	0.1261	0.1961
0.9793	0.1275	0.1983
0.982	0.1279	0.2014
0.9836	0.132	0.2078
0.987	0.1346	0.2087
0.9875	0.1347	0.2056
0.9788	0.1359	0.2025
0.972	0.1346	0.2004
0.9715	0.1336	0.1994
0.974	0.1355	0.1968
0.9826	0.1354	0.1924
0.9883	0.134	0.1908
0.9868	0.1323	0.1971
0.989	0.1287	0.2009
0.9912	0.1274	0.1987
0.9869	0.1294	0.2012
0.9798	0.1301	0.2012
0.9763	0.1304	0.2012
0.982	0.1318	0.2036
0.9858	0.1315	0.2008
0.9813	0.1324	0.2007
0.98	0.136	0.2013
0.9787	0.1363	0.2009
0.9785	0.1323	0.2015
0.981	0.1301	0.1944
0.9795	0.1312	0.1901
0.9829	0.1321	0.1951
0.9882	0.1321	0.1985
0.9868	0.1306	0.1985
0.9824	0.1295	0.1999
0.9783	0.1338	0.2099
0.9777	0.1369	0.2166
0.9778	0.1354	0.2084
0.9841	0.1358	0.1972
0.9928	0.1362	0.1843
0.9886	0.1339	0.1796
0.9832	0.1282	0.1935
0.9815	0.1216	0.2019
0.9797	0.1217	0.2011
0.9797	0.1274	0.2052
0.9771	0.134	0.2076
0.9788	0.1373	0.2074
0.9828	0.1345	0.2056
0.983	0.1321	0.2025
0.9832	0.1336	0.1986
0.9824	0.1375	0.1912
0.9841	0.1388	0.1918
0.9843	0.132	0.1968
0.9812	0.1284	0.1954
0.9822	0.1316	0.2012
0.9832	0.1333	0.2051
0.9838	0.1332	0.1979
0.9829	0.1254	0.1974
0.9816	0.1223	0.1978
0.9809	0.1353	0.1958
0.977	0.1283	0.2061
0.9826	0.133	0.2005
0.9905	0.1452	0.1997
0.9875	0.1448	0.2059
0.979	0.1359	0.2077
0.9715	0.1292	0.2059
0.9734	0.1271	0.2003
0.9861	0.1273	0.1923
0.9899	0.1252	0.189
0.9829	0.1258	0.1916
0.9812	0.1277	0.1936
0.9841	0.1286	0.1972
0.9857	0.133	0.2042
0.9889	0.1356	0.2062
0.989	0.1358	0.2041
0.9798	0.1369	0.2021
0.9726	0.1354	0.2009
0.9717	0.1342	0.2006
0.9737	0.1358	0.1985
0.982	0.1355	0.1944
0.9875	0.1339	0.1928
0.986	0.132	0.199
0.9882	0.1283	0.2024
0.9905	0.1269	0.1999
0.9862	0.129	0.2019
0.9794	0.1296	0.2015
0.976	0.1301	0.2012
0.9819	0.1315	0.2033
0.9858	0.1313	0.2002
0.9815	0.1324	0.2
0.9802	0.136	0.2006
0.9791	0.1364	0.2002
0.9789	0.1325	0.2008
0.9813	0.1302	0.1938
0.9798	0.1314	0.1897
0.9831	0.1322	0.1949
0.9883	0.1323	0.1985
0.9868	0.1307	0.1985
0.9824	0.1296	0.2001
0.9783	0.1338	0.2101
0.9777	0.1369	0.2169
0.9777	0.1354	0.2087
0.9839	0.1357	0.1974
0.9926	0.1361	0.1845
0.9885	0.1338	0.1798
0.9831	0.1282	0.1936
0.9814	0.1216	0.202
0.9797	0.1216	0.2011
0.9797	0.1274	0.2051
0.9771	0.134	0.2076
0.9788	0.1373	0.2073
0.9829	0.1345	0.2055
0.983	0.1321	0.2024
0.9832	0.1336	0.1985
0.9824	0.1375	0.1911
0.9842	0.1388	0.1918
0.9843	0.132	0.1968
0.9813	0.1284	0.1954
0.9822	0.1316	0.2012
0.9832	0.1333	0.2051
0.9838	0.1332	0.1979
0.9829	0.1254	0.1975
0.9816	0.1223	0.1979
0.9809	0.1353	0.1958
0.9774	0.1391	0.2016
0.9789	0.1331	0.2063
0.9854	0.1333	0.2075
0.9891	0.1315	0.2056
0.9884	0.1325	0.196
0.9831	0.1355	0.1912
0.9788	0.1324	0.1993
0.9781	0.1315	0.2047
0.9786	0.1309	0.2015
0.979	0.1294	0.1993
0.9794	0.1295	0.1968
0.9816	0.1297	0.1954
0.9852	0.1362	0.196
0.9871	0.1381	0.1953
0.9832	0.129	0.1989
0.9787	0.1273	0.2025
0.9791	0.1315	0.2002
0.9824	0.1303	0.1967
0.9876	0.1307	0.1976
0.9884	0.1342	0.2035
0.986	0.1344	0.2047
0.9857	0.1335	0.2023
0.9819	0.134	0.2031
0.9806	0.1339	0.2019
0.9832	0.1341	0.2001
0.9779	0.1331	0.2001
0.9716	0.1307	0.201
0.9725	0.1303	0.2013
0.9791	0.1314	0.196
0.9858	0.1317	0.1885
0.9867	0.1311	0.1874
0.9863	0.1324	0.1914
0.9867	0.1327	0.2004
0.9855	0.1297	0.2113
0.9854	0.1293	0.2095
0.9843	0.1331	0.1972
0.9812	0.1381	0.1942
0.9802	0.1376	0.2027
0.9814	0.1283	0.2052
0.9819	0.1252	0.1998
0.9808	0.1322	0.2013
0.9802	0.1345	0.203
0.9806	0.1322	0.2017
0.9806	0.1298	0.2047
0.9797	0.1277	0.2016
0.9793	0.1309	0.1946
0.984	0.1334	0.1924
0.9911	0.1339	0.1938
0.99	0.1371	0.196
0.9806	0.1356	0.1963
0.9763	0.1348	0.1989
0.9806	0.1353	0.1982
0.9823	0.1298	0.1968
0.9823	0.1298	0.1999
0.9849	0.135	0.1999
0.9832	0.1346	0.2048
0.9794	0.1289	0.2095
0.9788	0.1242	0.2063
0.9806	0.1264	0.205
0.9837	0.1295	0.2003
0.9847	0.1331	0.1948
0.9845	0.1358	0.194
0.9832	0.1321	0.1921
0.9811	0.1317	0.1939
0.9775	0.1387	0.1956
0.9796	0.133	0.2019
0.9863	0.1334	0.205
0.9899	0.1316	0.2048
0.9889	0.1325	0.1966
0.9832	0.1355	0.193
0.9785	0.1323	0.2018
0.9776	0.1313	0.2073
0.978	0.1306	0.2041
0.9783	0.1291	0.2015
0.9788	0.1292	0.1986
0.981	0.1294	0.1965
0.9848	0.136	0.1965
0.9868	0.1379	0.1952
0.9831	0.1289	0.1984
0.9787	0.1273	0.2017
0.9793	0.1315	0.1991
0.9827	0.1304	0.1956
0.988	0.1308	0.1965
0.9888	0.1343	0.2026
0.9863	0.1345	0.2039
0.986	0.1337	0.2018
0.9821	0.1341	0.2029
0.9808	0.134	0.2019
0.9832	0.1341	0.2002
0.9779	0.1331	0.2004
0.9716	0.1307	0.2014
0.9725	0.1303	0.2018
0.979	0.1313	0.1964
0.9857	0.1316	0.1889
0.9866	0.1311	0.1877
0.9862	0.1323	0.1917
0.9866	0.1327	0.2006
0.9854	0.1297	0.2114
0.9854	0.1293	0.2095
0.9843	0.133	0.1972
0.9812	0.1381	0.1941
0.9802	0.1376	0.2025
0.9815	0.1283	0.2051
0.9819	0.1252	0.1996
0.9808	0.1322	0.2011
0.9803	0.1345	0.2029
0.9806	0.1323	0.2016
0.9806	0.1298	0.2047
0.9797	0.1277	0.2016
0.9793	0.1309	0.1946
0.984	0.1334	0.1924
0.9911	0.1339	0.1939
0.9899	0.1371	0.196
0.9806	0.1356	0.1964
0.9762	0.1348	0.199
0.9805	0.1353	0.1983
0.9823	0.1298	0.1968
0.9823	0.1298	0.1999
0.9849	0.135	0.1999
0.9832	0.1346	0.2048
0.9794	0.1288	0.2095
0.9788	0.1242	0.2062
0.9806	0.1264	0.205
0.9838	0.1295	0.2003
0.9847	0.1331	0.1948
0.9845	0.1358	0.194
0.9832	0.1321	0.1921
0.9811	0.1317	0.1939
0.9815	0.1343	0.1992
0.9819	0.1367	0.202
0.9826	0.1377	0.202
0.9835	0.1331	0.1999
0.9827	0.1316	0.1998
0.9826	0.1329	0.2024
0.9815	0.1311	0.1998
0.9808	0.1299	0.1937
0.9827	0.1282	0.1978
0.9833	0.1285	0.2045
0.9826	0.1307	0.2012
0.9816	0.1308	0.201
0.9818	0.1305	0.2015
0.9826	0.1315	0.1973
0.9817	0.1352	0.1991
0.9808	0.1372	0.1994
0.9803	0.1352	0.2001
0.9816	0.1347	0.2054
0.9846	0.1329	0.202
0.9865	0.1302	0.193
0.9863	0.1309	0.1902
0.9795	0.1311	0.198
0.9764	0.1326	0.2043
0.9839	0.1332	0.2019
0.9862	0.1282	0.2029
0.9831	0.1281	0.2006
0.9806	0.133	0.1976
0.978	0.1326	0.2021
0.9811	0.129	0.2007
0.9826	0.1273	0.1981
0.9805	0.1322	0.1973
0.9831	0.1411	0.1945
0.9854	0.1427	0.1972
0.9853	0.1348	0.2003
0.9826	0.1253	0.2003
0.9802	0.1251	0.2009
0.9832	0.1353	0.2008
0.9827	0.1392	0.1991
0.9799	0.132	0.1974
0.9815	0.1289	0.1989
0.9836	0.1292	0.2004
0.9855	0.1269	0.201
0.9839	0.1307	0.2021
0.9813	0.135	0.2015
0.9821	0.1337	0.201
0.9823	0.1324	0.2006
0.9829	0.1301	0.1999
0.9821	0.1309	0.1988
0.9791	0.1333	0.1983
0.9771	0.1321	0.2007
0.9773	0.1321	0.2026
0.982	0.1317	0.2004
0.9842	0.133	0.1944
0.9817	0.1374	0.1929
0.9835	0.1369	0.2008
0.9883	0.1325	0.2044
0.9898	0.1283	0.1991
0.9864	0.1278	0.1963
0.9827	0.1308	0.1956
0.9824	0.1316	0.1954
0.9806	0.1319	0.1986
0.977	0.1333	0.2015
0.9763	0.1331	0.2019
0.978	0.1309	0.2019
0.9806	0.1294	0.2067
0.9824	0.1332	0.2051
0.984	0.1357	0.2019
0.9854	0.1324	0.1978
0.9847	0.1319	0.1967
0.9846	0.1339	0.1989
0.9831	0.1325	0.1965
0.982	0.1315	0.1909
0.9834	0.1298	0.1957
0.9836	0.1298	0.2032
0.9825	0.1318	0.2007
0.9812	0.1315	0.2011
0.9812	0.1308	0.2021
0.9819	0.1315	0.1983
0.9809	0.1348	0.2002
0.9802	0.1367	0.2006
0.9797	0.1345	0.2012
0.9812	0.134	0.2063
0.9843	0.1323	0.2027
0.9863	0.1296	0.1935
0.9863	0.1304	0.1904
0.9797	0.1308	0.1979
0.9766	0.1325	0.204
0.9842	0.1332	0.2015
0.9865	0.1283	0.2024
0.9834	0.1283	0.2001
0.9808	0.1332	0.1972
0.9782	0.1329	0.2017
0.9812	0.1293	0.2004
0.9826	0.1275	0.1979
0.9805	0.1324	0.1972
0.9831	0.1412	0.1945
0.9853	0.1428	0.1973
0.9852	0.1348	0.2004
0.9825	0.1253	0.2005
0.9801	0.1251	0.2011
0.9831	0.1352	0.201
0.9826	0.1391	0.1992
0.9799	0.1319	0.1975
0.9815	0.1288	0.199
0.9836	0.1291	0.2004
0.9855	0.1268	0.2011
0.9839	0.1306	0.2021
0.9814	0.135	0.2014
0.9821	0.1337	0.2009
0.9823	0.1325	0.2006
0.9829	0.1301	0.1998
0.9821	0.1309	0.1987
0.9792	0.1333	0.1983
0.9771	0.1321	0.2006
0.9773	0.1322	0.2026
0.982	0.1317	0.2004
0.9842	0.133	0.1944
0.9817	0.1374	0.1929
0.9835	0.1369	0.2008
0.9882	0.1325	0.2044
0.9898	0.1283	0.1991
0.9863	0.1278	0.1963
0.9826	0.1308	0.1956
0.9824	0.1316	0.1954
0.9805	0.1319	0.1986
0.977	0.1333	0.2015
0.9763	0.1331	0.2019
0.978	0.1309	0.2019
0.9801	0.1303	0.2027
0.9829	0.1331	0.2024
0.9853	0.1346	0.2015
0.9853	0.1341	0.2038
0.9846	0.1331	0.2033
0.9835	0.1303	0.1987
0.9815	0.1281	0.1965
0.9807	0.1292	0.1946
0.9814	0.1326	0.1944
0.9858	0.1345	0.1972
0.9872	0.1351	0.1998
0.9816	0.1352	0.2031
0.9801	0.1326	0.2024
0.9815	0.1316	0.1974
0.9816	0.1322	0.1964
0.9829	0.1312	0.1981
0.9803	0.1316	0.1997
0.9779	0.1318	0.201
0.9807	0.1323	0.1988
0.9823	0.1334	0.1964
0.9839	0.1311	0.1984
0.9853	0.1276	0.2021
0.9824	0.1264	0.2043
0.9795	0.1303	0.2041
0.9803	0.1348	0.2032
0.9827	0.1359	0.1997
0.9844	0.1375	0.195
0.985	0.136	0.1972
0.9856	0.1301	0.2033
0.9846	0.1286	0.2045
0.9831	0.1326	0.1994
0.9829	0.1346	0.1949
0.982	0.1326	0.1954
0.9825	0.1303	0.1924
0.9834	0.129	0.1916
0.9799	0.1314	0.2001
0.9739	0.1338	0.2032
0.9729	0.132	0.2014
0.9804	0.1318	0.2034
0.985	0.1321	0.2053
0.9848	0.1323	0.2048
0.9886	0.1339	0.2008
0.989	0.1349	0.1985
0.9863	0.1355	0.1997
0.9847	0.131	0.1977
0.9792	0.1261	0.197
0.9759	0.1278	0.2011
0.9758	0.1294	0.2025
0.978	0.1313	0.2004
0.9858	0.1335	0.1977
0.9881	0.135	0.1911
0.9845	0.1361	0.1901
0.9829	0.132	0.2032
0.9813	0.131	0.2064
0.9827	0.1364	0.1921
0.9844	0.1363	0.1911
0.9828	0.1309	0.2013
0.9811	0.1275	0.2028
0.9797	0.1273	0.2042
0.9802	0.1295	0.2089
0.9797	0.1335	0.2103
0.9779	0.1354	0.2084
0.9814	0.1349	0.1999
0.9872	0.1363	0.1926
0.9872	0.1279	0.1852
0.9854	0.1319	0.1924
0.9848	0.1339	0.197
0.9829	0.1336	0.2029
0.9814	0.1324	0.2048
0.98	0.1295	0.2015
0.9784	0.1273	0.1998
0.9782	0.1284	0.1979
0.9797	0.1319	0.1972
0.985	0.1339	0.1994
0.9872	0.1347	0.2013
0.9822	0.1352	0.2039
0.9811	0.1328	0.2026
0.9827	0.1319	0.197
0.983	0.1326	0.1957
0.9842	0.1317	0.1972
0.9814	0.1322	0.1987
0.9787	0.1324	0.2001
0.9812	0.1328	0.198
0.9826	0.1337	0.1958
0.9839	0.1313	0.198
0.9851	0.1277	0.2019
0.982	0.1264	0.2043
0.979	0.1302	0.2043
0.9797	0.1347	0.2035
0.9822	0.1357	0.2
0.984	0.1373	0.1954
0.9846	0.1357	0.1976
0.9853	0.1299	0.2036
0.9845	0.1284	0.2047
0.983	0.1325	0.1996
0.983	0.1346	0.195
0.9822	0.1326	0.1955
0.9827	0.1303	0.1924
0.9836	0.129	0.1915
0.9801	0.1314	0.2
0.9741	0.1339	0.2031
0.9731	0.1321	0.2012
0.9806	0.1319	0.2032
0.9851	0.1322	0.2052
0.9848	0.1323	0.2047
0.9886	0.134	0.2008
0.9889	0.1349	0.1985
0.9862	0.1355	0.1997
0.9847	0.131	0.1977
0.9791	0.126	0.197
0.9759	0.1278	0.2012
0.9758	0.1293	0.2026
0.9779	0.1313	0.2005
0.9858	0.1334	0.1977
0.988	0.1349	0.1912
0.9845	0.1361	0.1901
0.9829	0.132	0.2033
0.9813	0.131	0.2064
0.9828	0.1364	0.1921
0.9845	0.1363	0.1911
0.9828	0.1309	0.2012
0.9811	0.1275	0.2028
0.9798	0.1273	0.2042
0.9802	0.1295	0.2089
0.9797	0.1335	0.2103
0.9779	0.1354	0.2084
0.9813	0.1349	0.1998
0.9872	0.1363	0.1926
0.9881	0.135	0.1933
0.9837	0.1297	0.1918
0.9806	0.1276	0.1941
0.9823	0.1284	0.1993
0.9848	0.1319	0.1967
0.9854	0.1342	0.1985
0.9823	0.1293	0.2009
0.9815	0.1248	0.1992
0.9836	0.1275	0.2023
0.979	0.1367	0.2005
0.9762	0.1434	0.1965
0.9788	0.1394	0.1965
0.9788	0.1345	0.2013
0.9796	0.1327	0.2136
0.9794	0.1299	0.2139
0.9806	0.1305	0.2015
0.987	0.1319	0.1947
0.9895	0.1324	0.1923
0.9901	0.1289	0.1923
0.9925	0.1233	0.1953
0.9877	0.1263	0.1984
0.9799	0.1299	0.198
0.9778	0.1304	0.1973
0.9775	0.1326	0.1961
0.9776	0.1345	0.1935
0.9787	0.1402	0.1968
0.9793	0.1408	0.1998
0.9795	0.1323	0.2037
0.9782	0.1306	0.214
0.9793	0.1348	0.2139
0.9861	0.1344	0.2051
0.9878	0.1306	0.1971
0.9828	0.1289	0.1914
0.9829	0.1288	0.194
0.988	0.1303	0.1965
0.9883	0.1332	0.1979
0.9831	0.1331	0.1997
0.9797	0.1341	0.1973
0.9796	0.1353	0.198
0.9807	0.1324	0.2009
0.9806	0.1297	0.2057
0.9771	0.1283	0.205
0.9759	0.1314	0.1938
0.9829	0.1326	0.1926
0.9914	0.1261	0.1946
0.9921	0.1254	0.1947
0.9849	0.1315	0.2037
0.9756	0.137	0.2049
0.9748	0.1399	0.2034
0.9821	0.1374	0.2045
0.9848	0.1328	0.1969
0.9831	0.129	0.1965
0.9826	0.1294	0.2038
0.979	0.135	0.2054
0.9777	0.1377	0.2017
0.9844	0.1339	0.1951
0.988	0.1302	0.1942
0.9848	0.1293	0.1995
0.9813	0.1292	0.2007
0.9784	0.1313	0.1964
0.9789	0.1314	0.1953
0.9814	0.1239	0.1978
0.9844	0.1218	0.1975
0.9881	0.1332	0.2
0.987	0.1479	0.2008
0.9819	0.1396	0.2007
0.9787	0.1344	0.2024
0.9806	0.1323	0.2059
0.9835	0.1334	0.201
0.9845	0.1337	0.2005
0.9818	0.1275	0.2008
0.9815	0.1221	0.1974
0.9839	0.1246	0.1994
0.9795	0.1338	0.197
0.9769	0.1409	0.1929
0.9794	0.1375	0.1932
0.9794	0.1333	0.1986
0.9801	0.1321	0.2117
0.9798	0.13	0.2129
0.9808	0.1311	0.2013
0.9871	0.1329	0.1951
0.9895	0.1336	0.1933
0.99	0.1302	0.1936
0.9923	0.1244	0.1968
0.9875	0.1272	0.1998
0.9796	0.1306	0.1994
0.9775	0.1309	0.1984
0.9773	0.1329	0.1969
0.9774	0.1346	0.194
0.9786	0.14	0.197
0.9792	0.1404	0.1997
0.9795	0.1319	0.2034
0.9782	0.1302	0.2136
0.9794	0.1344	0.2133
0.9862	0.134	0.2045
0.9879	0.1303	0.1966
0.9829	0.1287	0.1909
0.9829	0.1287	0.1936
0.9881	0.1303	0.1962
0.9883	0.1332	0.1978
0.9832	0.1332	0.1997
0.9797	0.1343	0.1974
0.9796	0.1354	0.1982
0.9807	0.1326	0.2011
0.9805	0.1299	0.2059
0.9771	0.1284	0.2053
0.9759	0.1315	0.194
0.9829	0.1327	0.1928
0.9913	0.1261	0.1947
0.9921	0.1254	0.1948
0.9849	0.1314	0.2038
0.9756	0.1369	0.2048
0.9748	0.1398	0.2033
0.9822	0.1373	0.2044
0.9848	0.1327	0.1968
0.9831	0.129	0.1964
0.9826	0.1293	0.2037
0.9791	0.135	0.2053
0.9777	0.1376	0.2017
0.9844	0.1339	0.1951
0.988	0.1302	0.1942
0.9848	0.1294	0.1995
0.9813	0.1292	0.2007
0.9784	0.1313	0.1964
0.9789	0.1314	0.1953
0.9814	0.1239	0.1978
0.9843	0.1219	0.1975
0.9881	0.1332	0.2
0.9862	0.1438	0.2027
0.9833	0.1427	0.2028
0.9815	0.1368	0.2037
0.9787	0.1344	0.1981
0.9809	0.1349	0.1945
0.9824	0.1324	0.1999
0.9824	0.1248	0.2034
0.9834	0.1229	0.2053
0.9794	0.1295	0.2034
0.9779	0.1321	0.1983
0.9821	0.1314	0.1966
0.9864	0.1317	0.1932
0.9867	0.1303	0.1927
0.9791	0.1316	0.2003
0.9762	0.1355	0.2034
0.982	0.1359	0.1999
0.9822	0.1352	0.2013
0.9823	0.1349	0.2048
0.988	0.1337	0.2032
0.9874	0.1319	0.1995
0.9826	0.1293	0.1981
0.9812	0.1304	0.1978
0.9802	0.1334	0.1936
0.9817	0.1319	0.1914
0.9852	0.128	0.1981
0.9843	0.1259	0.2026
0.9801	0.1294	0.2056
0.9774	0.1354	0.2073
0.9777	0.137	0.1976
0.9822	0.1384	0.1908
0.9863	0.1381	0.1947
0.9847	0.1304	0.2007
0.9825	0.1262	0.2067
0.9792	0.1284	0.2066
0.9776	0.1281	0.2022
0.9858	0.1311	0.1966
0.9883	0.1363	0.1921
0.9839	0.1362	0.1995
0.986	0.1373	0.2046
0.9841	0.1361	0.2009
0.9771	0.1282	0.2025
0.9766	0.1262	0.1978
0.9775	0.1282	0.1923
0.9774	0.128	0.1958
0.9819	0.1296	0.1954
0.9866	0.1324	0.1969
0.9864	0.1338	0.2
0.9872	0.1342	0.201
0.9881	0.1352	0.2047
0.9852	0.1353	0.2066
0.9822	0.1346	0.2088
0.9765	0.1338	0.2071
0.9727	0.1327	0.2039
0.9784	0.1326	0.1995
0.9835	0.1308	0.1864
0.9827	0.1278	0.1846
0.9817	0.1278	0.1915
0.9833	0.1317	0.1946
0.9881	0.1375	0.204
0.9896	0.1371	0.2065
0.9877	0.1327	0.2018
0.9874	0.1315	0.2004
0.9824	0.1301	0.1962
0.9753	0.1282	0.197
