0.8255	-0.3958	0.255
0.744	-0.3583	0.2754
0.76	-0.3061	0.2142
0.7537	-0.3052	0.1988
0.7229	-0.3025	0.225
0.7956	-0.2833	0.2594
0.8638	-0.2762	0.2865
0.8126	-0.1987	0.2929
0.785	-0.1037	0.2979
0.8251	-0.101	0.3369
0.8539	-0.1051	0.3745
0.9229	-0.08021	0.3663
1.038	-0.02045	0.362
1.08	0.04593	0.3804
1.119	-0.02546	0.4018
1.225	-0.158	0.4443
1.245	-0.206	0.4305
1.255	-0.2985	0.2813
1.376	-0.5197	0.1504
1.414	-0.6541	0.1699
1.248	-0.5598	0.1335
0.9524	-0.5075	-0.05575
0.794	-0.6919	-0.1289
0.9839	-0.8547	-0.125
1.183	-0.8387	-0.2044
1.117	-0.7174	-0.1702
1.022	-0.4983	-0.104
0.9335	-0.2741	-0.1343
0.795	-0.1393	-0.1117
0.7601	-0.09245	-0.1208
0.7312	-0.1156	-0.1468
0.6514	-0.1341	-0.1148
0.652	-0.1374	-0.117
0.6717	-0.1371	-0.07773
0.7154	-0.1187	-0.05201
0.8049	-0.1035	-0.1389
0.8696	-0.07552	-0.2227
0.8897	-0.03248	-0.2409
0.8685	0.004282	-0.2138
0.9187	0.02043	-0.2078
1.043	0.006454	-0.185
1.177	-0.004728	-0.115
1.289	0.001359	-0.1023
1.33	-0.007724	-0.1191
1.47	-0.05849	-0.1243
1.606	-0.1609	-0.1279
1.541	-0.2893	-0.1228
1.469	-0.348	-0.1357
1.375	-0.3384	-0.1534
1.296	-0.3949	-0.2053
1.323	-0.462	-0.305
1.2	-0.4105	-0.3423
1.008	-0.3105	-0.2265
0.9832	-0.2135	-0.06411
1.02	-0.1625	-0.0475
0.9993	-0.2591	-0.08729
0.8696	-0.407	-0.05593
0.6812	-0.4746	-0.02372
0.5958	-0.476	0.003393
0.6974	-0.4002	0.004536
0.7777	-0.2588	0.0057
0.6751	-0.1176	0.09672
0.5451	-0.06593	0.1951
0.4615	-0.09692	0.2316
0.5523	-0.1257	0.2306
0.7838	-0.2271	0.2441
0.855	-0.33	0.3066
0.9058	-0.3244	0.364
0.9723	-0.3037	0.4
0.9874	-0.2399	0.4113
1.142	-0.2237	0.4007
1.173	-0.3185	0.3616
1.05	-0.4477	0.2226
1.069	-0.7238	0.03738
1.128	-0.9225	-0.08849
1.15	-0.7369	-0.1224
0.9749	-0.5035	-0.1468
0.7557	-0.5366	-0.2202
0.9357	-0.576	-0.1895
1.161	-0.527	-0.1201
1.125	-0.5542	-0.08843
0.9719	-0.4309	0.01184
0.6957	-0.1676	0.006813
0.5262	-0.03459	-0.09397
0.5734	0.0114	-0.1603
0.6703	-0.04602	-0.2228
0.85	-0.1437	-0.2023
0.9748	-0.2427	-0.1938
0.925	-0.3459	-0.1662
0.8553	-0.2828	-0.05114
0.8018	-0.1254	-0.06191
0.8531	0.06058	-0.1317
1.016	0.1468	-0.1501
1.143	0.003445	-0.1048
1.279	-0.07992	-0.01611
1.36	-0.08051	-0.03311
1.369	-0.1375	-0.05937
1.421	-0.2034	-0.08284
1.388	-0.2916	-0.2209
1.336	-0.3041	-0.3021
1.374	-0.3555	-0.2661
1.347	-0.5653	-0.2598
1.249	-0.6463	-0.2957
1.104	-0.6049	-0.2517
1.003	-0.5669	-0.103
1.072	-0.3785	0.01523
1.111	-0.1908	-0.01547
1.025	-0.2826	-0.08746
0.8883	-0.4351	-0.03529
0.6595	-0.401	-0.01083
0.5435	-0.3539	-0.03551
0.65	-0.3178	0.02023
0.7195	-0.234	0.01989
0.7299	-0.2069	0.05509
0.6586	-0.1451	0.1745
0.4829	-0.1209	0.1972
0.4915	-0.1947	0.1703
0.582	-0.2171	0.1399
0.6507	-0.3362	0.1865
0.8832	-0.4541	0.2625
0.9756	-0.3334	0.2494
0.8947	-0.2145	0.2566
0.9694	-0.2455	0.2516
1.092	-0.2546	0.2431
1.211	-0.2646	0.2627
1.275	-0.4713	0.2161
1.253	-0.7027	0.09959
1.293	-0.7653	-0.03791
0.5523	-0.1257	0.2306
0.7838	-0.2271	0.2441
0.855	-0.33	0.3066
0.9058	-0.3244	0.364
0.9723	-0.3037	0.4
0.9874	-0.2399	0.4113
1.142	-0.2237	0.4007
1.173	-0.3185	0.3616
1.05	-0.4477	0.2226
1.069	-0.7238	0.03738
1.128	-0.9225	-0.08849
1.15	-0.7369	-0.1224
0.9749	-0.5035	-0.1468
0.7557	-0.5366	-0.2202
0.9357	-0.576	-0.1895
1.161	-0.527	-0.1201
1.125	-0.5542	-0.08843
0.9719	-0.4309	0.01184
0.6957	-0.1676	0.006813
0.5262	-0.03459	-0.09397
0.5734	0.0114	-0.1603
0.6703	-0.04602	-0.2228
0.85	-0.1437	-0.2023
0.9748	-0.2427	-0.1938
0.925	-0.3459	-0.1662
0.8553	-0.2828	-0.05114
0.8018	-0.1254	-0.06191
0.8531	0.06058	-0.1317
1.016	0.1468	-0.1501
1.143	0.003445	-0.1048
1.279	-0.07992	-0.01611
1.36	-0.08051	-0.03311
1.369	-0.1375	-0.05937
1.421	-0.2034	-0.08284
1.388	-0.2916	-0.2209
1.336	-0.3041	-0.3021
1.374	-0.3555	-0.2661
1.347	-0.5653	-0.2598
1.249	-0.6463	-0.2957
1.104	-0.6049	-0.2517
1.003	-0.5669	-0.103
1.072	-0.3785	0.01523
1.111	-0.1908	-0.01547
1.025	-0.2826	-0.08746
0.8883	-0.4351	-0.03529
0.6595	-0.401	-0.01083
0.5435	-0.3539	-0.03551
0.65	-0.3178	0.02023
0.7195	-0.234	0.01989
0.7299	-0.2069	0.05509
0.6586	-0.1451	0.1745
0.4829	-0.1209	0.1972
0.4915	-0.1947	0.1703
0.582	-0.2171	0.1399
0.6507	-0.3362	0.1865
0.8832	-0.4541	0.2625
0.9756	-0.3334	0.2494
0.8947	-0.2145	0.2566
0.9694	-0.2455	0.2516
1.092	-0.2546	0.2431
1.211	-0.2646	0.2627
1.275	-0.4713	0.2161
1.253	-0.7027	0.09959
1.293	-0.7653	-0.03791
1.215	-0.7346	-0.02865
0.999	-0.6378	0.003042
0.9092	-0.5772	-0.1021
0.9717	-0.5669	-0.1137
1.101	-0.5596	-0.08663
1.143	-0.5105	-0.07558
1.055	-0.3394	-0.01815
0.8567	-0.1842	-0.03009
0.6224	-0.09635	-0.02735
0.6197	-0.1282	-0.04811
0.7323	-0.2293	-0.1438
0.7985	-0.2096	-0.1595
0.9409	-0.26	-0.1623
0.9982	-0.3103	-0.1504
0.9474	-0.2319	-0.07657
0.9192	-0.1911	-0.04302
0.8446	-0.05858	-0.05241
0.8612	0.06706	-0.09425
0.9951	0.06242	-0.1224
1.109	0.05066	-0.08209
1.268	-0.05315	-0.03161
1.366	-0.1401	-0.01158
1.363	-0.1312	-0.02288
1.379	-0.1375	-0.08009
1.358	-0.1562	-0.1634
1.359	-0.2649	-0.1924
1.361	-0.4387	-0.2234
1.277	-0.5903	-0.3155
1.182	-0.6902	-0.2897
1.032	-0.67	-0.1247
0.9396	-0.5598	0.02107
1.004	-0.4267	0.0522
1.039	-0.3834	-0.04341
0.9651	-0.4297	-0.09641
0.8142	-0.4086	-0.07915
0.652	-0.3408	-0.0704
0.6079	-0.2803	-0.03716
0.7537	-0.2444	-0.0694
0.856	-0.2477	-0.07422
0.7248	-0.2103	0.1156
0.5842	-0.1507	0.2799
0.5694	-0.1405	0.2489
0.7132	-0.1809	0.209
0.9482	-0.279	0.2832
1.029	-0.3562	0.3088
1.016	-0.31	0.3195
1.037	-0.2394	0.3953
1.06	-0.2569	0.3837
1.102	-0.2934	0.3536
1.13	-0.4179	0.234
1.154	-0.7245	-0.03201
1.214	-0.9059	-0.1174
1.23	-0.7917	-0.08793
1.156	-0.7015	-0.1498
1.069	-0.7267	-0.1883
1.074	-0.6364	-0.1532
1.095	-0.5054	-0.1324
1.058	-0.4761	-0.1379
1.046	-0.3758	-0.1183
0.9327	-0.1762	-0.13
0.7693	-0.1029	-0.1433
0.8145	-0.1952	-0.1624
0.8495	-0.2565	-0.2353
0.789	-0.2505	-0.2249
1.215	-0.7346	-0.02865
0.999	-0.6378	0.003042
0.9092	-0.5772	-0.1021
0.9717	-0.5669	-0.1137
1.101	-0.5596	-0.08663
1.143	-0.5105	-0.07558
1.055	-0.3394	-0.01815
0.8567	-0.1842	-0.03009
0.6224	-0.09635	-0.02735
0.6197	-0.1282	-0.04811
0.7323	-0.2293	-0.1438
0.7985	-0.2096	-0.1595
0.9409	-0.26	-0.1623
0.9982	-0.3103	-0.1504
0.9474	-0.2319	-0.07657
0.9192	-0.1911	-0.04302
0.8446	-0.05858	-0.05241
0.8612	0.06706	-0.09425
0.9951	0.06242	-0.1224
1.109	0.05066	-0.08209
1.268	-0.05315	-0.03161
1.366	-0.1401	-0.01158
1.363	-0.1312	-0.02288
1.379	-0.1375	-0.08009
1.358	-0.1562	-0.1634
1.359	-0.2649	-0.1924
1.361	-0.4387	-0.2234
1.277	-0.5903	-0.3155
1.182	-0.6902	-0.2897
1.032	-0.67	-0.1247
0.9396	-0.5598	0.02107
1.004	-0.4267	0.0522
1.039	-0.3834	-0.04341
0.9651	-0.4297	-0.09641
0.8142	-0.4086	-0.07915
0.652	-0.3408	-0.0704
0.6079	-0.2803	-0.03716
0.7537	-0.2444	-0.0694
0.856	-0.2477	-0.07422
0.7248	-0.2103	0.1156
0.5842	-0.1507	0.2799
0.5694	-0.1405	0.2489
0.7132	-0.1809	0.209
0.9482	-0.279	0.2832
1.029	-0.3562	0.3088
1.016	-0.31	0.3195
1.037	-0.2394	0.3953
1.06	-0.2569	0.3837
1.102	-0.2934	0.3536
1.13	-0.4179	0.234
1.154	-0.7245	-0.03201
1.214	-0.9059	-0.1174
1.23	-0.7917	-0.08793
1.156	-0.7015	-0.1498
1.069	-0.7267	-0.1883
1.074	-0.6364	-0.1532
1.095	-0.5054	-0.1324
1.058	-0.4761	-0.1379
1.046	-0.3758	-0.1183
0.9327	-0.1762	-0.13
0.7693	-0.1029	-0.1433
0.8145	-0.1952	-0.1624
0.8495	-0.2565	-0.2353
0.789	-0.2505	-0.2249
0.8248	-0.3066	-0.1753
0.8202	-0.372	-0.1196
0.7527	-0.3711	-0.01473
0.7051	-0.2256	0.00332
0.6617	0.05093	-0.05009
0.7021	0.1822	-0.1106
0.7666	0.145	-0.1444
0.8611	0.04314	-0.08697
1.063	-0.08784	-0.01702
1.169	-0.08993	0.006476
1.207	-0.05111	0.0168
1.34	-0.1003	-0.003529
1.433	-0.1521	-0.06748
1.486	-0.197	-0.09516
1.52	-0.2	-0.09434
1.485	-0.1961	-0.142
1.498	-0.3516	-0.1721
1.456	-0.5317	-0.1424
1.215	-0.5221	-0.08305
0.9391	-0.4532	-0.01564
0.8881	-0.4341	0.01227
1.078	-0.3995	-0.02491
1.158	-0.3865	-0.08497
1.067	-0.4546	-0.09864
0.924	-0.5209	-0.09772
0.703	-0.4981	-0.09043
0.6468	-0.4082	-0.06651
0.6971	-0.2732	-0.1098
0.664	-0.1491	-0.1321
0.7004	-0.1228	-0.01559
0.637	-0.1339	0.1579
0.4565	-0.125	0.2512
0.417	-0.1433	0.2203
0.4624	-0.1801	0.2081
0.5774	-0.2519	0.2528
0.7164	-0.3623	0.2731
0.7633	-0.3744	0.3052
0.8235	-0.3035	0.3394
0.9587	-0.28	0.3687
1.055	-0.2609	0.3953
1.141	-0.2393	0.3887
1.322	-0.2634	0.3752
1.403	-0.3622	0.2697
1.415	-0.5944	0.109
1.476	-0.7558	0.08244
1.191	-0.6841	0.0521
0.7712	-0.659	-0.06032
0.8089	-0.746	-0.08545
1.023	-0.7521	-0.108
1.123	-0.7294	-0.1739
1.158	-0.6097	-0.1367
1.006	-0.3205	-0.07248
0.7782	-0.1424	-0.06916
0.6997	-0.07702	-0.08355
0.6798	0.0514	-0.1306
0.6615	0.01615	-0.1664
0.6959	-0.1537	-0.1497
0.7471	-0.1593	-0.1214
0.8333	-0.1844	-0.1007
0.9133	-0.259	-0.1326
0.9352	-0.1818	-0.1855
0.9439	-0.1322	-0.1816
0.9372	-0.0647	-0.1689
0.9592	0.0228	-0.163
0.8248	-0.3066	-0.1753
0.8202	-0.372	-0.1196
0.7527	-0.3711	-0.01473
0.7051	-0.2256	0.00332
0.6617	0.05093	-0.05009
0.7021	0.1822	-0.1106
0.7666	0.145	-0.1444
0.8611	0.04314	-0.08697
1.063	-0.08784	-0.01702
1.169	-0.08993	0.006476
1.207	-0.05111	0.0168
1.34	-0.1003	-0.003529
1.433	-0.1521	-0.06748
1.486	-0.197	-0.09516
1.52	-0.2	-0.09434
1.485	-0.1961	-0.142
1.498	-0.3516	-0.1721
1.456	-0.5317	-0.1424
1.215	-0.5221	-0.08305
0.9391	-0.4532	-0.01564
0.8881	-0.4341	0.01227
1.078	-0.3995	-0.02491
1.158	-0.3865	-0.08497
1.067	-0.4546	-0.09864
0.924	-0.5209	-0.09772
0.703	-0.4981	-0.09043
0.6468	-0.4082	-0.06651
0.6971	-0.2732	-0.1098
0.664	-0.1491	-0.1321
0.7004	-0.1228	-0.01559
0.637	-0.1339	0.1579
0.4565	-0.125	0.2512
0.417	-0.1433	0.2203
0.4624	-0.1801	0.2081
0.5774	-0.2519	0.2528
0.7164	-0.3623	0.2731
0.7633	-0.3744	0.3052
0.8235	-0.3035	0.3394
0.9587	-0.28	0.3687
1.055	-0.2609	0.3953
1.141	-0.2393	0.3887
1.322	-0.2634	0.3752
1.403	-0.3622	0.2697
1.415	-0.5944	0.109
1.476	-0.7558	0.08244
1.191	-0.6841	0.0521
0.7712	-0.659	-0.06032
0.8089	-0.746	-0.08545
1.023	-0.7521	-0.108
1.123	-0.7294	-0.1739
1.158	-0.6097	-0.1367
1.006	-0.3205	-0.07248
0.7782	-0.1424	-0.06916
0.6997	-0.07702	-0.08355
0.6798	0.0514	-0.1306
0.6615	0.01615	-0.1664
0.6959	-0.1537	-0.1497
0.7471	-0.1593	-0.1214
0.8333	-0.1844	-0.1007
0.9133	-0.259	-0.1326
0.9352	-0.1818	-0.1855
0.9439	-0.1322	-0.1816
0.9372	-0.0647	-0.1689
0.9592	0.0228	-0.163
1.066	-0.0678	-0.1262
1.273	-0.0937	-0.06943
1.436	-0.05919	-0.02243
1.4	-0.1034	-0.03369
1.396	-0.1596	-0.06808
1.448	-0.3381	-0.07289
1.372	-0.4683	-0.1186
1.346	-0.4368	-0.1974
1.359	-0.4845	-0.2398
1.316	-0.5811	-0.2744
1.253	-0.5892	-0.2708
1.036	-0.5631	-0.154
0.8819	-0.5159	-0.007986
0.9841	-0.3731	-0.001198
1.03	-0.2737	-0.07598
0.9569	-0.3304	-0.07512
0.8542	-0.404	-0.0632
0.6671	-0.4412	-0.04937
0.5884	-0.4004	-0.01371
0.7029	-0.2908	-0.03558
0.7229	-0.2195	-0.01875
0.6051	-0.1639	0.07102
0.5228	-0.1355	0.1827
0.5135	-0.1553	0.2658
0.6275	-0.2159	0.1994
0.7501	-0.3522	0.1599
0.7945	-0.4317	0.2774
0.9145	-0.3833	0.3511
0.9964	-0.2997	0.3457
0.9675	-0.1749	0.3336
1.058	-0.1443	0.3219
1.198	-0.2779	0.2796
1.217	-0.3943	0.1926
1.293	-0.5883	0.09682
1.424	-0.8152	0.005615
1.293	-0.706	0.04615
0.9375	-0.4612	0.1272
0.7141	-0.4465	-0.03273
0.839	-0.4793	-0.1915
1.08	-0.4959	-0.1405
1.085	-0.5502	-0.06097
1.006	-0.4284	0.03571
0.902	-0.1881	0.08047
0.7072	-0.01974	0.0221
0.6803	0.01963	-0.01142
0.7144	-0.07608	-0.0637
0.6909	-0.1402	-0.1287
0.7611	-0.1882	-0.1403
0.8322	-0.2322	-0.1467
0.9264	-0.2162	-0.1461
1.033	-0.2548	-0.1464
1.024	-0.2226	-0.146
0.9975	-0.1283	-0.1224
1.008	-0.07928	-0.1076
1.04	0.02503	-0.1
1.137	0.04709	-0.08247
1.313	-0.02337	-0.05958
1.432	-0.06455	-0.04373
1.418	-0.1287	-0.0258
1.371	-0.2164	-0.01393
1.333	-0.3417	-0.07556
1.375	-0.4519	-0.1718
1.437	-0.5111	-0.2256
1.392	-0.5637	-0.2874
1.066	-0.0678	-0.1262
1.273	-0.0937	-0.06943
1.436	-0.05919	-0.02243
1.4	-0.1034	-0.03369
1.396	-0.1596	-0.06808
1.448	-0.3381	-0.07289
1.372	-0.4683	-0.1186
1.346	-0.4368	-0.1974
1.359	-0.4845	-0.2398
1.316	-0.5811	-0.2744
1.253	-0.5892	-0.2708
1.036	-0.5631	-0.154
0.8819	-0.5159	-0.007986
0.9841	-0.3731	-0.001198
1.03	-0.2737	-0.07598
0.9569	-0.3304	-0.07512
0.8542	-0.404	-0.0632
0.6671	-0.4412	-0.04937
0.5884	-0.4004	-0.01371
0.7029	-0.2908	-0.03558
0.7229	-0.2195	-0.01875
0.6051	-0.1639	0.07102
0.5228	-0.1355	0.1827
0.5135	-0.1553	0.2658
0.6275	-0.2159	0.1994
0.7501	-0.3522	0.1599
0.7945	-0.4317	0.2774
0.9145	-0.3833	0.3511
0.9964	-0.2997	0.3457
0.9675	-0.1749	0.3336
1.058	-0.1443	0.3219
1.198	-0.2779	0.2796
1.217	-0.3943	0.1926
1.293	-0.5883	0.09682
1.424	-0.8152	0.005615
1.293	-0.706	0.04615
0.9375	-0.4612	0.1272
0.7141	-0.4465	-0.03273
0.839	-0.4793	-0.1915
1.08	-0.4959	-0.1405
1.085	-0.5502	-0.06097
1.006	-0.4284	0.03571
0.902	-0.1881	0.08047
0.7072	-0.01974	0.0221
0.6803	0.01963	-0.01142
0.7144	-0.07608	-0.0637
0.6909	-0.1402	-0.1287
0.7611	-0.1882	-0.1403
0.8322	-0.2322	-0.1467
0.9264	-0.2162	-0.1461
1.033	-0.2548	-0.1464
1.024	-0.2226	-0.146
0.9975	-0.1283	-0.1224
1.008	-0.07928	-0.1076
1.04	0.02503	-0.1
1.137	0.04709	-0.08247
1.313	-0.02337	-0.05958
1.432	-0.06455	-0.04373
1.418	-0.1287	-0.0258
1.371	-0.2164	-0.01393
1.333	-0.3417	-0.07556
1.375	-0.4519	-0.1718
1.437	-0.5111	-0.2256
1.392	-0.5637	-0.2874
1.318	-0.5934	-0.336
1.144	-0.5943	-0.2018
0.9173	-0.5189	0.05211
0.9187	-0.4187	0.09135
1.004	-0.3705	-0.05796
0.9617	-0.3762	-0.141
0.8472	-0.4633	-0.159
0.6443	-0.5019	-0.09619
0.4837	-0.4457	0.0003453
0.5266	-0.3727	0.01932
0.62	-0.2905	0.02791
0.6539	-0.2323	0.05946
0.5777	-0.154	0.1413
0.4664	-0.1088	0.2142
0.5661	-0.1553	0.1634
0.6882	-0.2452	0.1296
0.6757	-0.3944	0.2239
0.7549	-0.4393	0.3146
0.8722	-0.3261	0.3091
0.9413	-0.2327	0.3047
1.02	-0.1906	0.333
1.109	-0.2174	0.3251
1.187	-0.2692	0.319
1.171	-0.2942	0.2871
1.208	-0.4404	0.1952
1.46	-0.7725	0.1289
1.598	-1.004	0.0874
1.215	-0.797	0.04993
0.7497	-0.5591	0.03109
0.859	-0.7915	-0.05011
0.9804	-0.9549	-0.1773
0.9288	-0.8269	-0.1754
1.179	-0.7697	-0.1269
1.061	-0.5405	-0.1528
0.7532	-0.2401	-0.1378
0.9011	-0.1097	-0.1731
0.8652	0.03961	-0.2709
0.8021	-0.04991	-0.2716
0.8796	-0.3277	-0.2382
0.7773	-0.4413	-0.1809
0.8611	-0.4658	-0.147
0.9557	-0.3766	-0.1778
0.9427	-0.2511	-0.1936
0.987	-0.1638	-0.2386
0.9182	-0.05929	-0.2261
0.8826	-0.08211	-0.1368
0.8503	-0.09341	-0.08976
0.8144	0.04242	-0.04481
0.8619	0.115	-0.01562
0.8988	0.08266	0.001578
1.047	0.04813	0.0405
1.167	0.06678	0.1131
1.25	0.05974	0.1691
1.436	0.0001719	0.1171
1.508	-0.04228	0.0905
1.514	-0.1702	0.07351
1.475	-0.2847	-0.02442
1.388	-0.2671	-0.05278
1.427	-0.3075	-0.0306
1.423	-0.4098	-0.04903
1.335	-0.5043	-0.1192
1.203	-0.5672	-0.1793
0.9724	-0.5164	-0.09648
0.9195	-0.3893	0.03934
1.318	-0.5934	-0.336
1.144	-0.5943	-0.2018
0.9173	-0.5189	0.05211
0.9187	-0.4187	0.09135
1.004	-0.3705	-0.05796
0.9617	-0.3762	-0.141
0.8472	-0.4633	-0.159
0.6443	-0.5019	-0.09619
0.4837	-0.4457	0.0003453
0.5266	-0.3727	0.01932
0.62	-0.2905	0.02791
0.6539	-0.2323	0.05946
0.5777	-0.154	0.1413
0.4664	-0.1088	0.2142
0.5661	-0.1553	0.1634
0.6882	-0.2452	0.1296
0.6757	-0.3944	0.2239
0.7549	-0.4393	0.3146
0.8722	-0.3261	0.3091
0.9413	-0.2327	0.3047
1.02	-0.1906	0.333
1.109	-0.2174	0.3251
1.187	-0.2692	0.319
1.171	-0.2942	0.2871
1.208	-0.4404	0.1952
1.46	-0.7725	0.1289
1.598	-1.004	0.0874
1.215	-0.797	0.04993
0.7497	-0.5591	0.03109
0.859	-0.7915	-0.05011
0.9804	-0.9549	-0.1773
0.9288	-0.8269	-0.1754
1.179	-0.7697	-0.1269
1.061	-0.5405	-0.1528
0.7532	-0.2401	-0.1378
0.9011	-0.1097	-0.1731
0.8652	0.03961	-0.2709
0.8021	-0.04991	-0.2716
0.8796	-0.3277	-0.2382
0.7773	-0.4413	-0.1809
0.8611	-0.4658	-0.147
0.9557	-0.3766	-0.1778
0.9427	-0.2511	-0.1936
0.987	-0.1638	-0.2386
0.9182	-0.05929	-0.2261
0.8826	-0.08211	-0.1368
0.8503	-0.09341	-0.08976
0.8144	0.04242	-0.04481
0.8619	0.115	-0.01562
0.8988	0.08266	0.001578
1.047	0.04813	0.0405
1.167	0.06678	0.1131
1.25	0.05974	0.1691
1.436	0.0001719	0.1171
1.508	-0.04228	0.0905
1.514	-0.1702	0.07351
1.475	-0.2847	-0.02442
1.388	-0.2671	-0.05278
1.427	-0.3075	-0.0306
1.423	-0.4098	-0.04903
1.335	-0.5043	-0.1192
1.203	-0.5672	-0.1793
0.9724	-0.5164	-0.09648
0.9195	-0.3893	0.03934
1.079	-0.2394	0.06814
1.114	-0.1481	-0.006362
0.9842	-0.1757	-0.0792
0.7904	-0.2098	-0.07091
0.6087	-0.2102	-0.03781
0.577	-0.2178	-0.02138
0.6674	-0.2022	0.008339
0.6975	-0.1917	0.07492
0.5771	-0.2059	0.2035
0.4788	-0.2098	0.3032
0.5977	-0.2546	0.2407
0.7621	-0.3375	0.1825
0.8472	-0.4219	0.3025
0.9749	-0.4812	0.3923
1.065	-0.4375	0.3727
1.079	-0.3582	0.3916
1.132	-0.3266	0.4073
1.134	-0.3621	0.361
1.077	-0.4958	0.2448
1.046	-0.6483	0.04527
0.9979	-0.7812	-0.09421
0.9894	-0.8303	-0.06803
0.988	-0.7363	-0.05036
0.9395	-0.6332	-0.1339
1.008	-0.554	-0.1874
1.085	-0.5035	-0.2242
1.025	-0.4462	-0.1835
0.9451	-0.243	-0.01587
0.7845	-0.06562	0.03792
0.606	-0.04554	0.006751
0.6112	-0.06231	-0.03298
0.6898	-0.106	-0.1369
0.7524	-0.1563	-0.1726
0.8339	-0.2218	-0.171
0.8608	-0.3091	-0.1652
0.8411	-0.327	-0.1203
0.8514	-0.2783	-0.1051
0.8678	-0.1723	-0.1097
0.9425	-0.04942	-0.1371
1.134	0.01741	-0.1392
1.323	0.0233	-0.1172
1.425	-0.04634	-0.1056
1.454	-0.1353	-0.05192
1.445	-0.1969	-0.05562
1.425	-0.2685	-0.1464
1.399	-0.346	-0.2214
1.397	-0.4206	-0.2307
1.391	-0.5263	-0.2425
1.281	-0.6437	-0.3168
1.076	-0.6655	-0.2466
0.9098	-0.5984	-0.0505
0.8941	-0.4884	0.03408
0.9492	-0.3522	0.01432
0.9665	-0.3167	-0.06315
0.9269	-0.3401	-0.08927
0.7433	-0.318	-0.05851
0.5379	-0.3145	-0.06221
0.5861	-0.2904	-0.03126
0.6654	-0.2226	0.03804
0.583	-0.2013	0.1541
0.6049	-0.2166	0.2311
0.6521	-0.2082	0.1766
0.6455	-0.1918	0.1446
0.7688	-0.2208	0.1549
1.079	-0.2394	0.06814
1.114	-0.1481	-0.006362
0.9842	-0.1757	-0.0792
0.7904	-0.2098	-0.07091
0.6087	-0.2102	-0.03781
0.577	-0.2178	-0.02138
0.6674	-0.2022	0.008339
0.6975	-0.1917	0.07492
0.5771	-0.2059	0.2035
0.4788	-0.2098	0.3032
0.5977	-0.2546	0.2407
0.7621	-0.3375	0.1825
0.8472	-0.4219	0.3025
0.9749	-0.4812	0.3923
1.065	-0.4375	0.3727
1.079	-0.3582	0.3916
1.132	-0.3266	0.4073
1.134	-0.3621	0.361
1.077	-0.4958	0.2448
1.046	-0.6483	0.04527
0.9979	-0.7812	-0.09421
0.9894	-0.8303	-0.06803
0.988	-0.7363	-0.05036
0.9395	-0.6332	-0.1339
1.008	-0.554	-0.1874
1.085	-0.5035	-0.2242
1.025	-0.4462	-0.1835
0.9451	-0.243	-0.01587
0.7845	-0.06562	0.03792
0.606	-0.04554	0.006751
0.6112	-0.06231	-0.03298
0.6898	-0.106	-0.1369
0.7524	-0.1563	-0.1726
0.8339	-0.2218	-0.171
0.8608	-0.3091	-0.1652
0.8411	-0.327	-0.1203
0.8514	-0.2783	-0.1051
0.8678	-0.1723	-0.1097
0.9425	-0.04942	-0.1371
1.134	0.01741	-0.1392
1.323	0.0233	-0.1172
1.425	-0.04634	-0.1056
1.454	-0.1353	-0.05192
1.445	-0.1969	-0.05562
1.425	-0.2685	-0.1464
1.399	-0.346	-0.2214
1.397	-0.4206	-0.2307
1.391	-0.5263	-0.2425
1.281	-0.6437	-0.3168
1.076	-0.6655	-0.2466
0.9098	-0.5984	-0.0505
0.8941	-0.4884	0.03408
0.9492	-0.3522	0.01432
0.9665	-0.3167	-0.06315
0.9269	-0.3401	-0.08927
0.7433	-0.318	-0.05851
0.5379	-0.3145	-0.06221
0.5861	-0.2904	-0.03126
0.6654	-0.2226	0.03804
0.583	-0.2013	0.1541
0.6049	-0.2166	0.2311
0.6521	-0.2082	0.1766
0.6455	-0.1918	0.1446
0.7688	-0.2208	0.1549
0.8611	-0.2973	0.2213
0.8909	-0.3452	0.3322
0.8653	-0.2574	0.3153
0.7515	-0.1373	0.2875
0.8345	-0.1902	0.3236
0.9663	-0.3469	0.2357
1.056	-0.5975	0.06387
1.314	-0.9292	-0.02194
1.408	-0.9877	-0.001883
1.199	-0.7608	-0.01426
0.969	-0.5591	-0.1424
0.9232	-0.4421	-0.2212
1.039	-0.4202	-0.2006
1.074	-0.449	-0.1356
1.043	-0.4305	0.004419
0.938	-0.3145	0.05765
0.7249	-0.1264	0.01468
0.6112	-0.06477	-0.005249
0.5946	-0.1252	-0.08427
0.6203	-0.1504	-0.1244
0.7215	-0.1882	-0.1215
0.8791	-0.2417	-0.1772
0.9952	-0.2752	-0.1717
0.9597	-0.2912	-0.1472
0.9141	-0.2068	-0.1579
0.9342	-0.07234	-0.1557
0.993	-0.0224	-0.1803
1.171	0.001295	-0.2031
1.325	0.01548	-0.199
1.363	-0.0547	-0.1779
1.428	-0.1658	-0.131
1.465	-0.285	-0.1056
1.392	-0.3715	-0.1474
1.35	-0.4067	-0.1992
1.382	-0.4642	-0.2011
1.403	-0.5244	-0.2311
1.391	-0.5498	-0.2775
1.252	-0.5282	-0.2358
1.005	-0.4731	-0.1615
0.9156	-0.4345	-0.09514
0.9809	-0.3662	-0.04155
0.9617	-0.2722	-0.02017
0.9272	-0.2465	-0.01147
0.8933	-0.3366	-0.04787
0.6723	-0.4441	-0.06587
0.4778	-0.4305	-0.03997
0.5579	-0.3735	-0.04778
0.6455	-0.319	-0.02905
0.6041	-0.2462	-0.006084
0.5807	-0.2159	0.03516
0.548	-0.2121	0.1661
0.5767	-0.2338	0.229
0.7326	-0.2861	0.2058
0.8361	-0.3779	0.2375
0.8959	-0.4484	0.311
0.9496	-0.3717	0.3432
0.9868	-0.2733	0.346
1.082	-0.2259	0.3711
1.137	-0.2078	0.3505
1.209	-0.3327	0.2628
1.37	-0.5474	0.1452
1.407	-0.6722	0.05782
1.228	-0.5888	0.06845
0.8913	-0.4599	0.01666
0.7945	-0.2525	0.3065
0.7841	-0.2223	0.3228
0.7634	-0.1909	0.3624
0.8001	-0.1468	0.362
0.8685	-0.137	0.3582
0.9099	-0.1501	0.3886
0.9685	-0.1421	0.4024
1.075	-0.1524	0.4129
1.197	-0.1805	0.4203
1.253	-0.2361	0.4063
1.279	-0.3308	0.3836
1.438	-0.4919	0.3148
1.606	-0.6527	0.2627
1.481	-0.6082	0.2538
1.11	-0.468	0.1361
0.7863	-0.4667	-0.02071
0.7709	-0.5673	-0.0353
0.9826	-0.7191	-0.01958
1.044	-0.7674	-0.06122
1.027	-0.6082	-0.04907
1.036	-0.3864	-0.05176
0.9127	-0.09945	-0.1134
0.8356	0.08344	-0.1064
0.7694	-0.002209	-0.1048
0.6626	-0.09858	-0.1148
0.6863	-0.1932	-0.08296
0.7159	-0.2799	-0.1017
0.7923	-0.2437	-0.1156
0.8622	-0.2461	-0.1412
0.8243	-0.1932	-0.1986
0.8435	-0.0368	-0.1964
0.8572	-0.016	-0.2022
0.9276	-0.05684	-0.2186
1.069	-0.04741	-0.214
1.143	-0.05668	-0.163
1.266	-0.09663	-0.07534
1.416	-0.1716	-0.0802
1.495	-0.2705	-0.08502
1.534	-0.3299	-0.07237
1.576	-0.3291	-0.1881
1.604	-0.3168	-0.3177
1.542	-0.3154	-0.3675
1.398	-0.3325	-0.374
1.214	-0.3964	-0.3616
1.094	-0.4403	-0.3177
1.053	-0.3615	-0.1796
1.056	-0.2171	-0.04612
1.102	-0.1781	-0.0497
0.9985	-0.2896	-0.08995
0.7584	-0.4206	-0.06109
0.5539	-0.4477	-0.0385
0.4654	-0.3731	-0.04544
0.5728	-0.2748	-0.04378
0.6156	-0.169	-0.05285
0.5014	-0.07286	0.02965
0.4736	-0.07844	0.1672
0.4941	-0.2099	0.1796
0.5554	-0.4062	0.1972
0.6593	-0.5142	0.3082
0.7806	-0.4462	0.3827
1.008	-0.3106	0.3806
1.179	-0.1377	0.3635
1.197	-0.03334	0.3922
1.213	-0.1619	0.4005
1.228	-0.3139	0.3429
1.192	-0.4432	0.2337
1.182	-0.7964	0.07233
1.253	-1.089	-0.0223
1.245	-0.9315	-0.02032
0.9745	-0.6676	-0.0622
0.6634	-0.6262	-0.1279
0.7372	-0.5048	-0.1092
0.9988	-0.2746	-0.102
1.028	-0.1749	-0.1422
0.9155	-0.1248	-0.1108
0.7243	-0.1574	-0.07332
0.6067	-0.233	-0.0759
0.6571	-0.2712	-0.1095
0.6648	-0.3327	-0.1837
0.8164	-0.3202	-0.18
1.015	-0.3627	-0.1773
0.9568	-0.3984	-0.2112
0.9145	-0.2061	-0.1392
0.9446	0.04465	-0.09222
0.9581	0.2279	-0.1142
1.092	0.1372	-0.09893
1.326	-0.07806	-0.05778
1.434	-0.1025	-0.007233
1.384	-0.1355	-0.005423
1.416	-0.1848	-0.03558
1.429	-0.3034	-0.1304
1.363	-0.4264	-0.3423
1.407	-0.3556	-0.4402
1.395	-0.449	-0.3879
1.213	-0.6517	-0.3348
1	-0.7071	-0.1815
0.9174	-0.6689	-0.03237
0.9906	-0.4178	-0.09099
0.9552	-0.1949	-0.1444
0.768	-0.2746	-0.09604
0.5878	-0.3697	-0.09844
0.5239	-0.3016	-0.0864
0.6952	-0.2962	-0.07165
0.7929	-0.3381	-0.08216
0.572	-0.2691	0.06272
0.3697	-0.2756	0.236
0.3978	-0.2713	0.2352
0.5939	-0.2213	0.206
0.7989	-0.3233	0.2566
0.8839	-0.3642	0.3181
0.9579	-0.3261	0.335
1.067	-0.2811	0.3534
1.098	-0.2199	0.3986
1.099	-0.2909	0.4055
1.199	-0.4332	0.3003
1.367	-0.628	0.1097
1.444	-0.7421	0.01727
1.173	-0.5961	0.03168
0.73	-0.489	-0.02421
0.7122	-0.5848	-0.138
0.9402	-0.654	-0.1722
1.058	-0.6211	-0.1041
1.129	-0.5367	-0.04963
0.9433	-0.2749	-0.02615
0.6693	0.03099	-0.002554
0.6263	0.04749	-0.03689
0.6383	-0.09305	-0.09833
0.6687	-0.1782	-0.1613
1.228	-0.3139	0.3429
1.192	-0.4432	0.2337
1.182	-0.7964	0.07233
1.253	-1.089	-0.0223
1.245	-0.9315	-0.02032
0.9745	-0.6676	-0.0622
0.6634	-0.6262	-0.1279
0.7372	-0.5048	-0.1092
0.9988	-0.2746	-0.102
1.028	-0.1749	-0.1422
0.9155	-0.1248	-0.1108
0.7243	-0.1574	-0.07332
0.6067	-0.233	-0.0759
0.6571	-0.2712	-0.1095
0.6648	-0.3327	-0.1837
0.8164	-0.3202	-0.18
1.015	-0.3627	-0.1773
0.9568	-0.3984	-0.2112
0.9145	-0.2061	-0.1392
0.9446	0.04465	-0.09222
0.9581	0.2279	-0.1142
1.092	0.1372	-0.09893
1.326	-0.07806	-0.05778
1.434	-0.1025	-0.007233
1.384	-0.1355	-0.005423
1.416	-0.1848	-0.03558
1.429	-0.3034	-0.1304
1.363	-0.4264	-0.3423
1.407	-0.3556	-0.4402
1.395	-0.449	-0.3879
1.213	-0.6517	-0.3348
1	-0.7071	-0.1815
0.9174	-0.6689	-0.03237
0.9906	-0.4178	-0.09099
0.9552	-0.1949	-0.1444
0.768	-0.2746	-0.09604
0.5878	-0.3697	-0.09844
0.5239	-0.3016	-0.0864
0.6952	-0.2962	-0.07165
0.7929	-0.3381	-0.08216
0.572	-0.2691	0.06272
0.3697	-0.2756	0.236
0.3978	-0.2713	0.2352
0.5939	-0.2213	0.206
0.7989	-0.3233	0.2566
0.8839	-0.3642	0.3181
0.9579	-0.3261	0.335
1.067	-0.2811	0.3534
1.098	-0.2199	0.3986
1.099	-0.2909	0.4055
1.199	-0.4332	0.3003
1.367	-0.628	0.1097
1.444	-0.7421	0.01727
1.173	-0.5961	0.03168
0.73	-0.489	-0.02421
0.7122	-0.5848	-0.138
0.9402	-0.654	-0.1722
1.058	-0.6211	-0.1041
1.129	-0.5367	-0.04963
0.9433	-0.2749	-0.02615
0.6693	0.03099	-0.002554
0.6263	0.04749	-0.03689
0.6383	-0.09305	-0.09833
0.6687	-0.1782	-0.1613
0.7484	-0.2061	-0.2138
0.8503	-0.21	-0.2069
0.9371	-0.2483	-0.2001
0.9472	-0.2526	-0.2065
0.9644	-0.145	-0.1642
1.009	0.0006811	-0.1226
1.071	0.08024	-0.1398
1.199	0.09916	-0.1535
1.361	0.06951	-0.1297
1.462	-0.05121	-0.1197
1.509	-0.2153	-0.09955
1.535	-0.3718	-0.07658
1.425	-0.4287	-0.1401
1.308	-0.3908	-0.2126
1.351	-0.4366	-0.2178
1.33	-0.4754	-0.2944
1.245	-0.445	-0.4
1.157	-0.4474	-0.3077
0.9886	-0.385	-0.1152
0.9286	-0.2756	-0.01782
0.9703	-0.2384	-0.00897
0.9054	-0.2936	-0.05001
0.7617	-0.3928	-0.05892
0.5976	-0.4162	-0.06178
0.5353	-0.3615	-0.09209
0.6495	-0.2874	-0.06966
0.6994	-0.2572	-0.05667
0.5983	-0.2541	0.02998
0.5447	-0.2111	0.2248
0.5844	-0.2086	0.2752
0.6797	-0.2399	0.2139
0.8153	-0.3101	0.2097
0.9316	-0.4087	0.2847
1.017	-0.3707	0.3638
1.072	-0.2472	0.3608
1.063	-0.1474	0.3485
1.034	-0.15	0.3436
1.035	-0.3064	0.2897
0.9948	-0.5308	0.1782
0.9551	-0.808	0.05304
0.9751	-0.9137	-0.01803
0.9228	-0.6696	-0.07369
0.7931	-0.4496	-0.1206
0.709	-0.4508	-0.1612
0.7671	-0.4518	-0.2149
0.9526	-0.4395	-0.1995
1.097	-0.4862	-0.1462
1.076	-0.409	-0.1265
0.86	-0.2006	-0.07549
0.6497	-0.07722	-0.0303
0.6466	-0.07524	-0.1177
0.7315	-0.1654	-0.2385
0.7905	-0.2577	-0.2399
0.8274	-0.3171	-0.1928
0.8761	-0.3551	-0.1553
0.8902	-0.2607	-0.1204
0.8622	-0.1466	-0.1354
0.8986	-0.04469	-0.1709
0.9176	0.0981	-0.1682
0.9089	0.03668	-0.1338
0.9696	-0.09945	-0.07266
1.085	-0.04893	-0.01396
1.238	-0.0113	0.0189
1.336	-0.03334	0.0272
0.7484	-0.2061	-0.2138
0.8503	-0.21	-0.2069
0.9371	-0.2483	-0.2001
0.9472	-0.2526	-0.2065
0.9644	-0.145	-0.1642
1.009	0.0006811	-0.1226
1.071	0.08024	-0.1398
1.199	0.09916	-0.1535
1.361	0.06951	-0.1297
1.462	-0.05121	-0.1197
1.509	-0.2153	-0.09955
1.535	-0.3718	-0.07658
1.425	-0.4287	-0.1401
1.308	-0.3908	-0.2126
1.351	-0.4366	-0.2178
1.33	-0.4754	-0.2944
1.245	-0.445	-0.4
1.157	-0.4474	-0.3077
0.9886	-0.385	-0.1152
0.9286	-0.2756	-0.01782
0.9703	-0.2384	-0.00897
0.9054	-0.2936	-0.05001
0.7617	-0.3928	-0.05892
0.5976	-0.4162	-0.06178
0.5353	-0.3615	-0.09209
0.6495	-0.2874	-0.06966
0.6994	-0.2572	-0.05667
0.5983	-0.2541	0.02998
0.5447	-0.2111	0.2248
0.5844	-0.2086	0.2752
0.6797	-0.2399	0.2139
0.8153	-0.3101	0.2097
0.9316	-0.4087	0.2847
1.017	-0.3707	0.3638
1.072	-0.2472	0.3608
1.063	-0.1474	0.3485
1.034	-0.15	0.3436
1.035	-0.3064	0.2897
0.9948	-0.5308	0.1782
0.9551	-0.808	0.05304
0.9751	-0.9137	-0.01803
0.9228	-0.6696	-0.07369
0.7931	-0.4496	-0.1206
0.709	-0.4508	-0.1612
0.7671	-0.4518	-0.2149
0.9526	-0.4395	-0.1995
1.097	-0.4862	-0.1462
1.076	-0.409	-0.1265
0.86	-0.2006	-0.07549
0.6497	-0.07722	-0.0303
0.6466	-0.07524	-0.1177
0.7315	-0.1654	-0.2385
0.7905	-0.2577	-0.2399
0.8274	-0.3171	-0.1928
0.8761	-0.3551	-0.1553
0.8902	-0.2607	-0.1204
0.8622	-0.1466	-0.1354
0.8986	-0.04469	-0.1709
0.9176	0.0981	-0.1682
0.9089	0.03668	-0.1338
0.9696	-0.09945	-0.07266
1.085	-0.04893	-0.01396
1.238	-0.0113	0.0189
1.336	-0.03334	0.0272
1.427	-0.06118	-0.00499
1.559	-0.1927	-0.02963
1.574	-0.268	-0.03383
1.526	-0.2353	-0.05545
1.502	-0.2938	-0.07989
1.447	-0.3764	-0.1358
1.346	-0.4027	-0.1838
1.115	-0.3887	-0.1732
0.8981	-0.3573	-0.1445
0.9979	-0.4027	-0.08061
1.154	-0.4812	-0.04723
1.098	-0.5721	-0.09272
1.025	-0.6581	-0.1159
0.8802	-0.6403	-0.1044
0.7496	-0.5197	-0.103
0.8357	-0.2984	-0.1127
0.8238	-0.0881	-0.1131
0.6927	0.02548	-0.07559
0.5579	0.07222	0.05631
0.3882	-0.03004	0.2387
0.422	-0.1863	0.2635
0.5214	-0.2804	0.1876
0.555	-0.3563	0.2079
0.6926	-0.3539	0.2341
0.7959	-0.3118	0.2562
0.8975	-0.2754	0.329
1.083	-0.2459	0.3641
1.242	-0.298	0.4005
1.381	-0.33	0.4121
1.402	-0.2926	0.315
1.321	-0.3025	0.2118
1.302	-0.4133	0.1532
1.267	-0.5638	0.1295
1.063	-0.5901	0.0625
0.7479	-0.5561	-0.078
0.6777	-0.6278	-0.1254
0.9104	-0.686	-0.1286
1.113	-0.6585	-0.1624
1.207	-0.6083	-0.1399
1.077	-0.426	-0.1112
0.8001	-0.09935	-0.07429
0.7482	0.04836	-0.0561
0.7646	-0.02642	-0.1068
0.7298	-0.06436	-0.121
0.7294	-0.1261	-0.097
0.6771	-0.189	-0.058
0.7224	-0.1364	-0.02883
0.8402	-0.1254	-0.08218
0.9004	-0.08303	-0.1657
0.9543	0.03302	-0.1999
0.9336	0.05883	-0.1657
0.9426	0.06951	-0.1312
1.03	0.07061	-0.1383
1.106	0.02685	-0.1166
1.205	-0.01857	-0.06672
1.3	-0.09786	-0.03166
1.469	-0.1798	-0.03597
1.635	-0.2799	-0.09056
1.62	-0.3836	-0.1536
1.559	-0.4271	-0.1904
1.489	-0.4601	-0.1976
1.393	-0.4708	-0.2445
1.296	-0.4646	-0.3463
1.14	-0.4658	-0.3686
1.427	-0.06118	-0.00499
1.559	-0.1927	-0.02963
1.574	-0.268	-0.03383
1.526	-0.2353	-0.05545
1.502	-0.2938	-0.07989
1.447	-0.3764	-0.1358
1.346	-0.4027	-0.1838
1.115	-0.3887	-0.1732
0.8981	-0.3573	-0.1445
0.9979	-0.4027	-0.08061
1.154	-0.4812	-0.04723
1.098	-0.5721	-0.09272
1.025	-0.6581	-0.1159
0.8802	-0.6403	-0.1044
0.7496	-0.5197	-0.103
0.8357	-0.2984	-0.1127
0.8238	-0.0881	-0.1131
0.6927	0.02548	-0.07559
0.5579	0.07222	0.05631
0.3882	-0.03004	0.2387
0.422	-0.1863	0.2635
0.5214	-0.2804	0.1876
0.555	-0.3563	0.2079
0.6926	-0.3539	0.2341
0.7959	-0.3118	0.2562
0.8975	-0.2754	0.329
1.083	-0.2459	0.3641
1.242	-0.298	0.4005
1.381	-0.33	0.4121
1.402	-0.2926	0.315
1.321	-0.3025	0.2118
1.302	-0.4133	0.1532
1.267	-0.5638	0.1295
1.063	-0.5901	0.0625
0.7479	-0.5561	-0.078
0.6777	-0.6278	-0.1254
0.9104	-0.686	-0.1286
1.113	-0.6585	-0.1624
1.207	-0.6083	-0.1399
1.077	-0.426	-0.1112
0.8001	-0.09935	-0.07429
0.7482	0.04836	-0.0561
0.7646	-0.02642	-0.1068
0.7298	-0.06436	-0.121
0.7294	-0.1261	-0.097
0.6771	-0.189	-0.058
0.7224	-0.1364	-0.02883
0.8402	-0.1254	-0.08218
0.9004	-0.08303	-0.1657
0.9543	0.03302	-0.1999
0.9336	0.05883	-0.1657
0.9426	0.06951	-0.1312
1.03	0.07061	-0.1383
1.106	0.02685	-0.1166
1.205	-0.01857	-0.06672
1.3	-0.09786	-0.03166
1.469	-0.1798	-0.03597
1.635	-0.2799	-0.09056
1.62	-0.3836	-0.1536
1.559	-0.4271	-0.1904
1.489	-0.4601	-0.1976
1.393	-0.4708	-0.2445
1.296	-0.4646	-0.3463
1.14	-0.4658	-0.3686
1.024	-0.4242	-0.2935
1.003	-0.3557	-0.206
0.9802	-0.234	-0.08974
0.93	-0.1104	0.01724
0.88	-0.2007	-0.06003
0.7882	-0.3504	-0.2082
0.6258	-0.301	-0.1493
0.5787	-0.2862	-0.09369
0.7052	-0.3546	-0.1101
0.7694	-0.3116	0.02968
0.6774	-0.2527	0.1219
0.5747	-0.1491	0.1592
0.5796	-0.04825	0.2193
0.6069	-0.1269	0.1742
0.6576	-0.2686	0.2344
0.8303	-0.4293	0.3592
0.9927	-0.4588	0.3814
1.06	-0.2655	0.3755
1.088	-0.1631	0.3381
1.161	-0.1906	0.3578
1.259	-0.3058	0.3387
1.243	-0.5766	0.1985
1.288	-0.8145	0.1183
1.325	-0.8124	0.1026
0.9279	-0.572	0.0339
0.5303	-0.394	-0.1251
0.7356	-0.4463	-0.1391
1.062	-0.5217	-0.05224
1.093	-0.515	-0.104
1.089	-0.415	-0.05076
0.9556	-0.2116	-0.0006748
0.7135	-0.04043	-0.06966
0.6895	-0.04144	-0.03505
0.6915	-0.09731	-0.07905
0.6866	-0.08904	-0.1407
0.7767	-0.139	-0.1285
0.8306	-0.2372	-0.1801
0.8936	-0.3057	-0.1598
0.9262	-0.3145	-0.128
0.9477	-0.2	-0.1446
0.9593	-0.05613	-0.1312
0.9406	0.01447	-0.1328
1.058	0.02769	-0.1077
1.189	0.03873	-0.07533
1.263	0.02938	-0.07179
1.315	-0.05298	-0.05083
1.326	-0.1702	-0.04035
1.367	-0.3344	-0.09794
1.351	-0.4381	-0.2025
1.35	-0.4075	-0.261
1.444	-0.4295	-0.2765
1.477	-0.4949	-0.2956
1.371	-0.56	-0.2983
1.12	-0.6268	-0.2399
0.9382	-0.5118	-0.1126
0.9365	-0.3298	-0.03722
0.965	-0.3343	-0.06848
0.9512	-0.4285	-0.08363
0.8247	-0.4958	-0.0558
0.6384	-0.5009	-0.05772
0.5729	-0.4104	-0.05667
0.685	-0.2931	-0.02698
0.7615	-0.1922	0.01832
0.6377	-0.1437	0.1233
1.024	-0.4242	-0.2935
1.003	-0.3557	-0.206
0.9802	-0.234	-0.08974
0.93	-0.1104	0.01724
0.88	-0.2007	-0.06003
0.7882	-0.3504	-0.2082
0.6258	-0.301	-0.1493
0.5787	-0.2862	-0.09369
0.7052	-0.3546	-0.1101
0.7694	-0.3116	0.02968
0.6774	-0.2527	0.1219
0.5747	-0.1491	0.1592
0.5796	-0.04825	0.2193
0.6069	-0.1269	0.1742
0.6576	-0.2686	0.2344
0.8303	-0.4293	0.3592
0.9927	-0.4588	0.3814
1.06	-0.2655	0.3755
1.088	-0.1631	0.3381
1.161	-0.1906	0.3578
1.259	-0.3058	0.3387
1.243	-0.5766	0.1985
1.288	-0.8145	0.1183
1.325	-0.8124	0.1026
0.9279	-0.572	0.0339
0.5303	-0.394	-0.1251
0.7356	-0.4463	-0.1391
1.062	-0.5217	-0.05224
1.093	-0.515	-0.104
1.089	-0.415	-0.05076
0.9556	-0.2116	-0.0006748
0.7135	-0.04043	-0.06966
0.6895	-0.04144	-0.03505
0.6915	-0.09731	-0.07905
0.6866	-0.08904	-0.1407
0.7767	-0.139	-0.1285
0.8306	-0.2372	-0.1801
0.8936	-0.3057	-0.1598
0.9262	-0.3145	-0.128
0.9477	-0.2	-0.1446
0.9593	-0.05613	-0.1312
0.9406	0.01447	-0.1328
1.058	0.02769	-0.1077
1.189	0.03873	-0.07533
1.263	0.02938	-0.07179
1.315	-0.05298	-0.05083
1.326	-0.1702	-0.04035
1.367	-0.3344	-0.09794
1.351	-0.4381	-0.2025
1.35	-0.4075	-0.261
1.444	-0.4295	-0.2765
1.477	-0.4949	-0.2956
1.371	-0.56	-0.2983
1.12	-0.6268	-0.2399
0.9382	-0.5118	-0.1126
0.9365	-0.3298	-0.03722
0.965	-0.3343	-0.06848
0.9512	-0.4285	-0.08363
0.8247	-0.4958	-0.0558
0.6384	-0.5009	-0.05772
0.5729	-0.4104	-0.05667
0.685	-0.2931	-0.02698
0.7615	-0.1922	0.01832
0.6377	-0.1437	0.1233
0.5653	-0.1517	0.1991
0.6184	-0.1273	0.165
0.6341	-0.118	0.1484
0.6476	-0.2125	0.1808
0.6723	-0.3617	0.2235
0.7185	-0.4275	0.3071
0.8243	-0.3478	0.3522
0.9217	-0.2278	0.3152
0.9757	-0.1113	0.3138
1.057	-0.08159	0.3336
1.165	-0.2213	0.3052
1.229	-0.3955	0.2737
1.298	-0.6029	0.2132
1.375	-0.8117	0.1558
1.304	-0.8476	0.1552
0.9498	-0.8121	0.1298
0.5482	-0.8266	0.08396
0.5842	-0.8477	0.01485
0.8738	-0.8264	-0.08089
1.015	-0.7301	-0.1431
1.12	-0.5464	-0.2071
1.052	-0.2935	-0.2293
0.8628	-0.1186	-0.167
0.8852	-0.08667	-0.1344
0.8687	-0.1003	-0.1874
0.8471	-0.1582	-0.2383
0.9275	-0.2847	-0.1997
0.8853	-0.3897	-0.1614
0.8936	-0.3686	-0.1501
0.9062	-0.3232	-0.1083
0.8648	-0.2823	-0.1664
0.9289	-0.1538	-0.2526
0.9594	-0.1393	-0.2008
0.987	-0.1533	-0.1667
0.9863	0.02018	-0.1763
0.9291	0.1044	-0.1356
0.9394	0.07848	-0.1099
0.9481	0.05749	-0.0592
1.041	-0.01369	0.02378
1.17	-0.02108	0.03661
1.19	-0.01787	0.03529
1.24	-0.04985	0.04618
1.342	-0.05024	0.01489
1.423	-0.1002	-0.02799
1.435	-0.1597	-0.05675
1.404	-0.2115	-0.04113
1.392	-0.3447	-0.01591
1.364	-0.5224	-0.06822
1.285	-0.5957	-0.1802
1.128	-0.4564	-0.2584
0.9877	-0.2785	-0.1429
0.9615	-0.2289	0.02766
1.011	-0.1956	-0.03411
1.039	-0.1637	-0.09602
0.945	-0.2124	-0.06301
0.7942	-0.2592	-0.1083
0.6771	-0.2516	-0.05808
0.6507	-0.2462	0.02963
0.7497	-0.2321	0.03436
0.7859	-0.2094	0.1071
0.6541	-0.2246	0.1841
0.5444	-0.2465	0.249
0.6101	-0.2483	0.2708
0.6848	-0.2567	0.1943
0.5653	-0.1517	0.1991
0.6184	-0.1273	0.165
0.6341	-0.118	0.1484
0.6476	-0.2125	0.1808
0.6723	-0.3617	0.2235
0.7185	-0.4275	0.3071
0.8243	-0.3478	0.3522
0.9217	-0.2278	0.3152
0.9757	-0.1113	0.3138
1.057	-0.08159	0.3336
1.165	-0.2213	0.3052
1.229	-0.3955	0.2737
1.298	-0.6029	0.2132
1.375	-0.8117	0.1558
1.304	-0.8476	0.1552
0.9498	-0.8121	0.1298
0.5482	-0.8266	0.08396
0.5842	-0.8477	0.01485
0.8738	-0.8264	-0.08089
1.015	-0.7301	-0.1431
1.12	-0.5464	-0.2071
1.052	-0.2935	-0.2293
0.8628	-0.1186	-0.167
0.8852	-0.08667	-0.1344
0.8687	-0.1003	-0.1874
0.8471	-0.1582	-0.2383
0.9275	-0.2847	-0.1997
0.8853	-0.3897	-0.1614
0.8936	-0.3686	-0.1501
0.9062	-0.3232	-0.1083
0.8648	-0.2823	-0.1664
0.9289	-0.1538	-0.2526
0.9594	-0.1393	-0.2008
0.987	-0.1533	-0.1667
0.9863	0.02018	-0.1763
0.9291	0.1044	-0.1356
0.9394	0.07848	-0.1099
0.9481	0.05749	-0.0592
1.041	-0.01369	0.02378
1.17	-0.02108	0.03661
1.19	-0.01787	0.03529
1.24	-0.04985	0.04618
1.342	-0.05024	0.01489
1.423	-0.1002	-0.02799
1.435	-0.1597	-0.05675
1.404	-0.2115	-0.04113
1.392	-0.3447	-0.01591
1.364	-0.5224	-0.06822
1.285	-0.5957	-0.1802
1.128	-0.4564	-0.2584
0.9877	-0.2785	-0.1429
0.9615	-0.2289	0.02766
1.011	-0.1956	-0.03411
1.039	-0.1637	-0.09602
0.945	-0.2124	-0.06301
0.7942	-0.2592	-0.1083
0.6771	-0.2516	-0.05808
0.6507	-0.2462	0.02963
0.7497	-0.2321	0.03436
0.7859	-0.2094	0.1071
0.6541	-0.2246	0.1841
0.5444	-0.2465	0.249
0.6101	-0.2483	0.2708
0.6848	-0.2567	0.1943
0.6485	-0.2741	0.204
0.7052	-0.2981	0.2667
0.8387	-0.3246	0.3163
0.9273	-0.3074	0.3644
0.9982	-0.2604	0.3375
1.009	-0.2562	0.3503
1.06	-0.291	0.3703
1.186	-0.3877	0.289
1.339	-0.5829	0.1678
1.478	-0.747	0.05243
1.334	-0.7149	0.06462
0.9482	-0.5245	0.04775
0.6357	-0.4163	-0.1032
0.6443	-0.5477	-0.09449
0.9351	-0.737	-0.06216
1.07	-0.7239	-0.1141
1.076	-0.5341	-0.06552
1.011	-0.257	-0.06416
0.8385	-0.04891	-0.08648
0.9009	-0.1287	-0.05968
0.8788	-0.2008	-0.09146
0.726	-0.1197	-0.1085
0.8384	-0.1836	-0.1409
0.8578	-0.1894	-0.1756
0.8112	-0.1271	-0.1439
0.8612	-0.219	-0.1316
0.8564	-0.2297	-0.117
0.9267	-0.1961	-0.1282
1.002	-0.1556	-0.179
1.013	-0.008065	-0.1843
1.039	0.05308	-0.1684
1.138	0.02881	-0.123
1.341	0.01159	-0.07206
1.49	-0.02372	-0.08052
1.524	-0.1379	-0.1283
1.503	-0.3234	-0.2136
1.503	-0.4635	-0.2909
1.496	-0.5832	-0.2888
1.397	-0.6334	-0.3055
1.297	-0.6022	-0.4259
1.196	-0.5843	-0.4676
1.007	-0.4743	-0.2958
0.8115	-0.3032	-0.06354
0.7912	-0.2151	0.008238
0.8537	-0.25	-0.08886
0.7716	-0.372	-0.1506
0.6594	-0.4569	-0.1569
0.6032	-0.4462	-0.1514
0.675	-0.3656	-0.06962
0.8094	-0.2681	0.04838
0.6888	-0.1427	0.2509
0.5921	-0.08633	0.4068
0.6933	-0.1497	0.3032
0.743	-0.1512	0.2227
0.914	-0.2614	0.2729
1.109	-0.4741	0.2949
1.062	-0.4533	0.3479
0.9388	-0.3824	0.369
0.8408	-0.3917	0.3573
0.8093	-0.3965	0.3897
0.8456	-0.4358	0.3098
0.8602	-0.4972	0.1353
0.8949	-0.6336	-0.04409
1.014	-0.7392	-0.2227
0.6485	-0.2741	0.204
0.7052	-0.2981	0.2667
0.8387	-0.3246	0.3163
0.9273	-0.3074	0.3644
0.9982	-0.2604	0.3375
1.009	-0.2562	0.3503
1.06	-0.291	0.3703
1.186	-0.3877	0.289
1.339	-0.5829	0.1678
1.478	-0.747	0.05243
1.334	-0.7149	0.06462
0.9482	-0.5245	0.04775
0.6357	-0.4163	-0.1032
0.6443	-0.5477	-0.09449
0.9351	-0.737	-0.06216
1.07	-0.7239	-0.1141
1.076	-0.5341	-0.06552
1.011	-0.257	-0.06416
0.8385	-0.04891	-0.08648
0.9009	-0.1287	-0.05968
0.8788	-0.2008	-0.09146
0.726	-0.1197	-0.1085
0.8384	-0.1836	-0.1409
0.8578	-0.1894	-0.1756
0.8112	-0.1271	-0.1439
0.8612	-0.219	-0.1316
0.8564	-0.2297	-0.117
0.9267	-0.1961	-0.1282
1.002	-0.1556	-0.179
1.013	-0.008065	-0.1843
1.039	0.05308	-0.1684
1.138	0.02881	-0.123
1.341	0.01159	-0.07206
1.49	-0.02372	-0.08052
1.524	-0.1379	-0.1283
1.503	-0.3234	-0.2136
1.503	-0.4635	-0.2909
1.496	-0.5832	-0.2888
1.397	-0.6334	-0.3055
1.297	-0.6022	-0.4259
1.196	-0.5843	-0.4676
1.007	-0.4743	-0.2958
0.8115	-0.3032	-0.06354
0.7912	-0.2151	0.008238
0.8537	-0.25	-0.08886
0.7716	-0.372	-0.1506
0.6594	-0.4569	-0.1569
0.6032	-0.4462	-0.1514
0.675	-0.3656	-0.06962
0.8094	-0.2681	0.04838
0.6888	-0.1427	0.2509
0.5921	-0.08633	0.4068
0.6933	-0.1497	0.3032
0.743	-0.1512	0.2227
0.914	-0.2614	0.2729
1.109	-0.4741	0.2949
1.062	-0.4533	0.3479
0.9388	-0.3824	0.369
0.8408	-0.3917	0.3573
0.8093	-0.3965	0.3897
0.8456	-0.4358	0.3098
0.8602	-0.4972	0.1353
0.8949	-0.6336	-0.04409
1.014	-0.7392	-0.2227
1.11	-0.6624	-0.249
0.9921	-0.5454	-0.1706
0.8595	-0.4513	-0.1471
1.035	-0.3611	-0.1363
1.205	-0.3664	-0.08508
1.119	-0.3372	0.009409
0.9699	-0.1339	0.04848
0.7577	0.007673	5.863e-05
0.6101	-0.008512	-0.04728
0.6375	-0.08701	-0.1072
0.6415	-0.2013	-0.1443
0.7129	-0.2479	-0.1305
0.8721	-0.2588	-0.119
0.9292	-0.2705	-0.09418
0.9412	-0.2065	-0.08254
0.9631	-0.09279	-0.1069
1.005	0.02692	-0.1443
1.077	0.0537	-0.188
1.214	-0.02678	-0.1806
1.423	-0.1082	-0.1474
1.534	-0.1744	-0.1341
1.545	-0.2319	-0.06646
1.541	-0.281	-0.02995
1.46	-0.3159	-0.1381
1.37	-0.355	-0.2264
1.359	-0.3688	-0.2009
1.333	-0.3601	-0.2207
1.227	-0.4706	-0.33
1.096	-0.566	-0.3314
0.95	-0.4641	-0.1577
0.8585	-0.3638	-0.0128
0.9196	-0.3438	-0.02453
0.9699	-0.2842	-0.05016
0.9321	-0.2828	-0.00752
0.7951	-0.3943	-0.04465
0.5547	-0.4348	-0.08603
0.5307	-0.3993	-0.04201
0.6619	-0.3461	-0.05231
0.6256	-0.2092	0.01138
0.5472	-0.1018	0.1732
0.5174	-0.122	0.2335
0.6329	-0.2139	0.2083
0.8278	-0.3263	0.1783
0.7948	-0.384	0.2133
0.8309	-0.3624	0.2582
1.067	-0.3416	0.3259
1.1	-0.3601	0.4229
1.024	-0.3194	0.3931
1.006	-0.2811	0.3716
0.9609	-0.4064	0.3211
0.9541	-0.6307	0.1414
1.092	-0.7675	0.07623
1.2	-0.6078	0.03564
0.8918	-0.3809	-0.0464
0.568	-0.4302	-0.0728
0.8534	-0.5125	-0.1297
1.177	-0.5552	-0.1257
1.12	-0.5943	-0.07135
1.004	-0.411	-0.04715
0.8113	-0.1402	0.0179
0.6649	0.009689	0.02308
0.7147	0.01355	-0.03867
0.7098	-0.06792	-0.08848
0.7049	-0.1102	-0.1314
0.7912	-0.2954	0.2847
0.8678	-0.3028	0.2952
0.8883	-0.2553	0.3309
0.8635	-0.17	0.3417
0.933	-0.1296	0.3204
0.954	-0.1461	0.4081
1.065	-0.124	0.4244
1.195	-0.1269	0.4007
1.225	-0.1649	0.406
1.266	-0.2475	0.3431
1.296	-0.4476	0.2589
1.411	-0.6638	0.1693
1.49	-0.7399	0.1505
1.242	-0.6782	0.125
0.8304	-0.6758	-0.02029
0.662	-0.7255	-0.1189
0.8582	-0.7003	-0.1354
1.051	-0.6952	-0.1247
1.066	-0.6186	-0.1041
0.9916	-0.3655	-0.07128
0.8042	-0.09085	-0.0521
0.65	0.02315	-0.08471
0.5851	-0.05363	-0.07595
0.5911	-0.08594	-0.07906
0.7582	-0.1262	-0.1045
0.9203	-0.3028	-0.09309
0.916	-0.3138	-0.1442
0.8704	-0.2002	-0.1618
0.905	-0.1138	-0.1376
0.9541	0.056	-0.158
0.9842	0.1524	-0.1387
1.066	0.1365	-0.1136
1.215	0.1374	-0.09235
1.41	0.09709	-0.08821
1.476	-0.00835	-0.1115
1.456	-0.2035	-0.09477
1.552	-0.3873	-0.1081
1.534	-0.3976	-0.1273
1.46	-0.4025	-0.1135
1.47	-0.5053	-0.1575
1.341	-0.5751	-0.2646
1.19	-0.5877	-0.3395
1.03	-0.5032	-0.2095
0.8944	-0.3218	0.01463
0.9653	-0.1965	0.04083
0.972	-0.1821	-0.03759
0.878	-0.2476	-0.06717
0.7725	-0.3177	-0.06515
0.6352	-0.3223	-0.02933
0.6485	-0.3107	-0.005843
0.6655	-0.2754	0.008038
0.5609	-0.2194	0.08011
0.535	-0.2286	0.165
0.5709	-0.2598	0.1658
0.6306	-0.2606	0.1567
0.7229	-0.2738	0.2281
0.7882	-0.3256	0.282
0.9019	-0.3815	0.3334
0.9953	-0.3579	0.3657
0.9824	-0.2672	0.3307
1.081	-0.1966	0.4146
1.192	-0.1762	0.4848
1.129	-0.2478	0.3785
1.174	-0.4454	0.2723
1.415	-0.7358	0.1876
1.522	-0.879	0.1554
1.175	-0.6368	0.109
0.718	-0.4131	-0.03451
0.8081	-0.5142	-0.1227
1.016	-0.5286	-0.1794
1.004	-0.4514	-0.1505
1.15	-0.4722	-0.02117
1.042	-0.3391	0.008041
0.684	-0.1256	0.01279
0.6189	-0.05637	0.01248
0.5989	-0.1083	-0.06508
0.6092	-0.1902	-0.1391
0.6961	-0.1789	-0.1828
0.7683	-0.1853	-0.1872
0.883	-0.2523	-0.2086
0.8636	-0.246	-0.2066
0.8739	-0.2057	-0.1354
0.9441	-0.0772	-0.1319
0.9919	0.0796	-0.1188
1.158	0.07533	-0.07352
1.223	0.003856	-0.09359
1.378	-0.04377	-0.09686
1.651	-0.09004	-0.1345
1.645	-0.1986	-0.2069
1.594	-0.3128	-0.2171
1.554	-0.2851	-0.2367
1.432	-0.2743	-0.266
1.34	-0.3788	-0.2758
1.19	-0.4582	-0.2846
1.027	-0.4876	-0.2174
0.9115	-0.4357	-0.09422
0.8782	-0.323	-0.0664
0.8794	-0.2825	-0.07793
0.7925	-0.3229	-0.04866
0.7036	-0.385	-0.07264
0.5867	-0.4022	-0.09483
0.5283	-0.3532	-0.0929
0.6416	-0.2993	-0.1368
0.6717	-0.2478	-0.1503
0.5974	-0.2032	-0.07738
0.5005	-0.1711	0.1138
0.4081	-0.1494	0.2781
0.5245	-0.1702	0.2433
0.7827	-0.2442	0.2254
0.9903	-0.3629	0.2995
1.081	-0.3795	0.3227
1.08	-0.2346	0.3725
1.152	-0.1407	0.4106
1.232	-0.1753	0.3612
1.224	-0.2939	0.3104
1.287	-0.5574	0.1936
1.454	-0.9471	0.0398
1.536	-1.096	-0.02823
1.224	-0.7761	-0.04206
0.7013	-0.5017	-0.04738
0.6206	-0.5746	-0.1202
0.8613	-0.6146	-0.1289
0.9864	-0.5532	-0.05503
1.053	-0.5235	-0.08946
0.9761	-0.3521	-0.05648
0.7562	-0.09477	-0.01516
0.601	-0.04807	-0.06834
0.5436	-0.1316	-0.06984
1.415	-0.7358	0.1876
1.522	-0.879	0.1554
1.175	-0.6368	0.109
0.718	-0.4131	-0.03451
0.8081	-0.5142	-0.1227
1.016	-0.5286	-0.1794
1.004	-0.4514	-0.1505
1.15	-0.4722	-0.02117
1.042	-0.3391	0.008041
0.684	-0.1256	0.01279
0.6189	-0.05637	0.01248
0.5989	-0.1083	-0.06508
0.6092	-0.1902	-0.1391
0.6961	-0.1789	-0.1828
0.7683	-0.1853	-0.1872
0.883	-0.2523	-0.2086
0.8636	-0.246	-0.2066
0.8739	-0.2057	-0.1354
0.9441	-0.0772	-0.1319
0.9919	0.0796	-0.1188
1.158	0.07533	-0.07352
1.223	0.003856	-0.09359
1.378	-0.04377	-0.09686
1.651	-0.09004	-0.1345
1.645	-0.1986	-0.2069
1.594	-0.3128	-0.2171
1.554	-0.2851	-0.2367
1.432	-0.2743	-0.266
1.34	-0.3788	-0.2758
1.19	-0.4582	-0.2846
1.027	-0.4876	-0.2174
0.9115	-0.4357	-0.09422
0.8782	-0.323	-0.0664
0.8794	-0.2825	-0.07793
0.7925	-0.3229	-0.04866
0.7036	-0.385	-0.07264
0.5867	-0.4022	-0.09483
0.5283	-0.3532	-0.0929
0.6416	-0.2993	-0.1368
0.6717	-0.2478	-0.1503
0.5974	-0.2032	-0.07738
0.5005	-0.1711	0.1138
0.4081	-0.1494	0.2781
0.5245	-0.1702	0.2433
0.7827	-0.2442	0.2254
0.9903	-0.3629	0.2995
1.081	-0.3795	0.3227
1.08	-0.2346	0.3725
1.152	-0.1407	0.4106
1.232	-0.1753	0.3612
1.224	-0.2939	0.3104
1.287	-0.5574	0.1936
1.454	-0.9471	0.0398
1.536	-1.096	-0.02823
1.224	-0.7761	-0.04206
0.7013	-0.5017	-0.04738
0.6206	-0.5746	-0.1202
0.8613	-0.6146	-0.1289
0.9864	-0.5532	-0.05503
1.053	-0.5235	-0.08946
0.9761	-0.3521	-0.05648
0.7562	-0.09477	-0.01516
0.601	-0.04807	-0.06834
0.5436	-0.1316	-0.06984
0.6337	-0.1477	-0.1656
0.7517	-0.1617	-0.2396
0.8113	-0.2136	-0.2112
0.87	-0.2354	-0.2141
0.8421	-0.1526	-0.1382
0.8423	0.03304	-0.1091
0.9344	0.1813	-0.1757
1.063	0.1773	-0.1997
1.313	0.01573	-0.1679
1.535	-0.2012	-0.08293
1.643	-0.3046	-0.06153
1.674	-0.3023	-0.09154
1.579	-0.3726	-0.1483
1.512	-0.4701	-0.2467
1.476	-0.4472	-0.2697
1.33	-0.45	-0.2731
1.123	-0.5383	-0.265
0.9434	-0.5511	-0.1346
0.8741	-0.5185	0.02935
0.8738	-0.4573	0.05111
0.8615	-0.3159	-0.03347
0.8133	-0.2369	-0.05129
0.7041	-0.281	-0.05565
0.6007	-0.3051	-0.07095
0.5572	-0.2715	-0.05131
0.617	-0.2657	-0.08739
0.6724	-0.242	-0.08725
0.5158	-0.1834	0.04674
0.3463	-0.2	0.2372
0.3654	-0.2132	0.3332
0.4374	-0.1893	0.2688
0.6021	-0.232	0.2635
0.8607	-0.2776	0.3195
0.9348	-0.2893	0.3026
0.9531	-0.2852	0.3346
1.143	-0.2693	0.3852
1.166	-0.2768	0.3929
1.107	-0.3241	0.3674
1.244	-0.4963	0.2658
1.217	-0.676	0.1843
1.112	-0.6095	0.146
1.034	-0.4766	0.09793
0.8092	-0.463	0.07908
0.8474	-0.422	0.02783
0.9801	-0.3892	-0.1071
0.9693	-0.4312	-0.1556
1.18	-0.4572	-0.06611
1.211	-0.4486	-0.03073
0.8973	-0.3404	-0.0321
0.6915	-0.189	-0.02813
0.6527	-0.1745	-0.1248
0.8099	-0.2478	-0.2391
0.9806	-0.3159	-0.283
0.9872	-0.3509	-0.241
0.8724	-0.3026	-0.1424
0.6168	-0.1697	-0.06982
0.5426	-0.02795	-0.05973
0.6865	0.0459	-0.1409
0.7629	0.05697	-0.1692
0.8718	0.06522	-0.0845
1.004	0.1134	-0.004037
1.012	0.1371	0.0465
0.9751	0.09995	0.009924
1.065	0.04213	-0.01477
0.6337	-0.1477	-0.1656
0.7517	-0.1617	-0.2396
0.8113	-0.2136	-0.2112
0.87	-0.2354	-0.2141
0.8421	-0.1526	-0.1382
0.8423	0.03304	-0.1091
0.9344	0.1813	-0.1757
1.063	0.1773	-0.1997
1.313	0.01573	-0.1679
1.535	-0.2012	-0.08293
1.643	-0.3046	-0.06153
1.674	-0.3023	-0.09154
1.579	-0.3726	-0.1483
1.512	-0.4701	-0.2467
1.476	-0.4472	-0.2697
1.33	-0.45	-0.2731
1.123	-0.5383	-0.265
0.9434	-0.5511	-0.1346
0.8741	-0.5185	0.02935
0.8738	-0.4573	0.05111
0.8615	-0.3159	-0.03347
0.8133	-0.2369	-0.05129
0.7041	-0.281	-0.05565
0.6007	-0.3051	-0.07095
0.5572	-0.2715	-0.05131
0.617	-0.2657	-0.08739
0.6724	-0.242	-0.08725
0.5158	-0.1834	0.04674
0.3463	-0.2	0.2372
0.3654	-0.2132	0.3332
0.4374	-0.1893	0.2688
0.6021	-0.232	0.2635
0.8607	-0.2776	0.3195
0.9348	-0.2893	0.3026
0.9531	-0.2852	0.3346
1.143	-0.2693	0.3852
1.166	-0.2768	0.3929
1.107	-0.3241	0.3674
1.244	-0.4963	0.2658
1.217	-0.676	0.1843
1.112	-0.6095	0.146
1.034	-0.4766	0.09793
0.8092	-0.463	0.07908
0.8474	-0.422	0.02783
0.9801	-0.3892	-0.1071
0.9693	-0.4312	-0.1556
1.18	-0.4572	-0.06611
1.211	-0.4486	-0.03073
0.8973	-0.3404	-0.0321
0.6915	-0.189	-0.02813
0.6527	-0.1745	-0.1248
0.8099	-0.2478	-0.2391
0.9806	-0.3159	-0.283
0.9872	-0.3509	-0.241
0.8724	-0.3026	-0.1424
0.6168	-0.1697	-0.06982
0.5426	-0.02795	-0.05973
0.6865	0.0459	-0.1409
0.7629	0.05697	-0.1692
0.8718	0.06522	-0.0845
1.004	0.1134	-0.004037
1.012	0.1371	0.0465
0.9751	0.09995	0.009924
1.065	0.04213	-0.01477
1.175	-0.04386	0.01941
1.244	-0.1335	-0.002149
1.417	-0.2418	0.001107
1.433	-0.3117	0.009517
1.364	-0.2789	-0.003697
1.46	-0.2872	0.01694
1.398	-0.2394	0.00283
1.338	-0.1335	-0.06244
1.47	-0.2978	-0.1732
1.442	-0.5455	-0.2174
1.117	-0.6153	-0.1038
0.7453	-0.6335	0.01612
0.7934	-0.5842	0.05211
1.025	-0.506	0.01447
0.9924	-0.4966	-0.05247
0.984	-0.5051	-0.08684
0.9124	-0.5111	-0.08348
0.6879	-0.4666	-0.05457
0.6353	-0.3574	-0.0552
0.6414	-0.235	-0.07961
0.6885	-0.1788	-0.06542
0.7384	-0.2211	0.04761
0.6183	-0.2312	0.288
0.5447	-0.2142	0.4038
0.5854	-0.2433	0.2515
0.6229	-0.2794	0.1655
0.6255	-0.3667	0.2958
0.6777	-0.4234	0.3977
0.815	-0.3194	0.3966
0.9034	-0.194	0.4188
1.014	-0.1688	0.4604
1.155	-0.1812	0.4903
1.251	-0.1965	0.5115
1.344	-0.2971	0.4342
1.471	-0.5128	0.3027
1.584	-0.6594	0.2466
1.269	-0.6117	0.1787
0.6795	-0.6085	0.04729
0.5077	-0.7574	-0.02647
0.6681	-0.7925	-0.05118
0.9843	-0.7273	-0.1139
1.277	-0.6236	-0.1671
1.064	-0.2866	-0.1437
0.7028	0.07548	-0.09644
0.6945	0.1462	-0.1149
0.6925	0.07589	-0.1507
0.6364	0.04688	-0.1531
0.7283	-0.04459	-0.15
0.7739	-0.2261	-0.09452
0.8285	-0.3042	-0.04973
0.892	-0.2834	-0.08643
0.8406	-0.2322	-0.1238
0.8919	-0.1072	-0.1542
0.9374	0.01528	-0.1588
0.9483	0.07422	-0.14
1.109	0.04672	-0.1319
1.267	-0.01804	-0.1017
1.398	-0.0559	-0.09212
1.526	-0.1417	-0.09594
1.674	-0.2553	-0.06314
1.719	-0.3044	-0.04992
1.539	-0.2714	-0.09062
1.424	-0.2526	-0.1416
1.343	-0.2973	-0.1488
1.175	-0.04386	0.01941
1.244	-0.1335	-0.002149
1.417	-0.2418	0.001107
1.433	-0.3117	0.009517
1.364	-0.2789	-0.003697
1.46	-0.2872	0.01694
1.398	-0.2394	0.00283
1.338	-0.1335	-0.06244
1.47	-0.2978	-0.1732
1.442	-0.5455	-0.2174
1.117	-0.6153	-0.1038
0.7453	-0.6335	0.01612
0.7934	-0.5842	0.05211
1.025	-0.506	0.01447
0.9924	-0.4966	-0.05247
0.984	-0.5051	-0.08684
0.9124	-0.5111	-0.08348
0.6879	-0.4666	-0.05457
0.6353	-0.3574	-0.0552
0.6414	-0.235	-0.07961
0.6885	-0.1788	-0.06542
0.7384	-0.2211	0.04761
0.6183	-0.2312	0.288
0.5447	-0.2142	0.4038
0.5854	-0.2433	0.2515
0.6229	-0.2794	0.1655
0.6255	-0.3667	0.2958
0.6777	-0.4234	0.3977
0.815	-0.3194	0.3966
0.9034	-0.194	0.4188
1.014	-0.1688	0.4604
1.155	-0.1812	0.4903
1.251	-0.1965	0.5115
1.344	-0.2971	0.4342
1.471	-0.5128	0.3027
1.584	-0.6594	0.2466
1.269	-0.6117	0.1787
0.6795	-0.6085	0.04729
0.5077	-0.7574	-0.02647
0.6681	-0.7925	-0.05118
0.9843	-0.7273	-0.1139
1.277	-0.6236	-0.1671
1.064	-0.2866	-0.1437
0.7028	0.07548	-0.09644
0.6945	0.1462	-0.1149
0.6925	0.07589	-0.1507
0.6364	0.04688	-0.1531
0.7283	-0.04459	-0.15
0.7739	-0.2261	-0.09452
0.8285	-0.3042	-0.04973
0.892	-0.2834	-0.08643
0.8406	-0.2322	-0.1238
0.8919	-0.1072	-0.1542
0.9374	0.01528	-0.1588
0.9483	0.07422	-0.14
1.109	0.04672	-0.1319
1.267	-0.01804	-0.1017
1.398	-0.0559	-0.09212
1.526	-0.1417	-0.09594
1.674	-0.2553	-0.06314
1.719	-0.3044	-0.04992
1.539	-0.2714	-0.09062
1.424	-0.2526	-0.1416
1.343	-0.2973	-0.1488
1.275	-0.3606	-0.138
1.199	-0.4987	-0.1459
0.9316	-0.563	-0.1274
0.904	-0.4748	-0.04747
0.9605	-0.4301	0.03054
0.8305	-0.3608	0.003676
0.8946	-0.3022	-0.07042
0.7863	-0.3338	-0.08152
0.5984	-0.291	-0.07056
0.7255	-0.2437	-0.0611
0.6968	-0.2175	-0.04844
0.5618	-0.1601	0.01529
0.4974	-0.1931	0.218
0.4797	-0.2377	0.3545
0.5987	-0.211	0.2486
0.6787	-0.2353	0.176
0.8099	-0.3343	0.295
0.9748	-0.4172	0.3886
0.9969	-0.4012	0.4
1.013	-0.3125	0.431
1.044	-0.2546	0.4355
1.09	-0.2842	0.3831
1.169	-0.5436	0.2195
1.422	-0.9983	0.005281
1.704	-1.146	0.02141
1.381	-0.8094	0.09916
0.7167	-0.447	0.01255
0.4971	-0.3562	-0.01287
0.7958	-0.4566	-0.05729
1.211	-0.5549	-0.1789
1.252	-0.5411	-0.1172
1.015	-0.431	0.01857
0.8453	-0.242	0.09188
0.694	-0.0715	0.1093
0.651	-0.02039	0.005536
0.731	-0.06745	-0.08556
0.7995	-0.1555	-0.1095
0.8298	-0.1994	-0.1042
0.8318	-0.2479	-0.03836
0.9044	-0.2918	-0.008534
0.9541	-0.1747	-0.01793
0.9978	-0.03225	-0.0734
1.092	0.01345	-0.1686
1.123	-0.01853	-0.1585
1.244	-0.09601	-0.1091
1.384	-0.07742	-0.08605
1.437	-0.0809	-0.07438
1.475	-0.1905	-0.0936
1.38	-0.3307	-0.09708
1.293	-0.4732	-0.1127
1.303	-0.4781	-0.1373
1.325	-0.4968	-0.1777
1.312	-0.5705	-0.247
1.131	-0.519	-0.2182
0.8887	-0.5099	-0.08719
0.8326	-0.469	0.02903
0.9501	-0.3192	0.01475
0.9902	-0.283	-0.07619
0.9062	-0.3277	-0.08021
0.807	-0.3893	-0.07487
0.6456	-0.4271	-0.07676
0.6122	-0.3804	-0.03223
0.7376	-0.3116	-0.02033
0.7359	-0.2531	0.001082
1.275	-0.3606	-0.138
1.199	-0.4987	-0.1459
0.9316	-0.563	-0.1274
0.904	-0.4748	-0.04747
0.9605	-0.4301	0.03054
0.8305	-0.3608	0.003676
0.8946	-0.3022	-0.07042
0.7863	-0.3338	-0.08152
0.5984	-0.291	-0.07056
0.7255	-0.2437	-0.0611
0.6968	-0.2175	-0.04844
0.5618	-0.1601	0.01529
0.4974	-0.1931	0.218
0.4797	-0.2377	0.3545
0.5987	-0.211	0.2486
0.6787	-0.2353	0.176
0.8099	-0.3343	0.295
0.9748	-0.4172	0.3886
0.9969	-0.4012	0.4
1.013	-0.3125	0.431
1.044	-0.2546	0.4355
1.09	-0.2842	0.3831
1.169	-0.5436	0.2195
1.422	-0.9983	0.005281
1.704	-1.146	0.02141
1.381	-0.8094	0.09916
0.7167	-0.447	0.01255
0.4971	-0.3562	-0.01287
0.7958	-0.4566	-0.05729
1.211	-0.5549	-0.1789
1.252	-0.5411	-0.1172
1.015	-0.431	0.01857
0.8453	-0.242	0.09188
0.694	-0.0715	0.1093
0.651	-0.02039	0.005536
0.731	-0.06745	-0.08556
0.7995	-0.1555	-0.1095
0.8298	-0.1994	-0.1042
0.8318	-0.2479	-0.03836
0.9044	-0.2918	-0.008534
0.9541	-0.1747	-0.01793
0.9978	-0.03225	-0.0734
1.092	0.01345	-0.1686
1.123	-0.01853	-0.1585
1.244	-0.09601	-0.1091
1.384	-0.07742	-0.08605
1.437	-0.0809	-0.07438
1.475	-0.1905	-0.0936
1.38	-0.3307	-0.09708
1.293	-0.4732	-0.1127
1.303	-0.4781	-0.1373
1.325	-0.4968	-0.1777
1.312	-0.5705	-0.247
1.131	-0.519	-0.2182
0.8887	-0.5099	-0.08719
0.8326	-0.469	0.02903
0.9501	-0.3192	0.01475
0.9902	-0.283	-0.07619
0.9062	-0.3277	-0.08021
0.807	-0.3893	-0.07487
0.6456	-0.4271	-0.07676
0.6122	-0.3804	-0.03223
0.7376	-0.3116	-0.02033
0.7359	-0.2531	0.001082
0.6178	-0.2068	0.1018
0.5266	-0.203	0.284
0.6166	-0.2647	0.3805
0.7413	-0.3165	0.2963
0.6661	-0.344	0.2914
0.6561	-0.3838	0.3574
0.7365	-0.3115	0.3706
0.7645	-0.1304	0.4258
0.8892	0.01075	0.437
1.035	0.0408	0.3904
1.133	-0.02235	0.3524
1.24	-0.298	0.2809
1.344	-0.9815	0.2089
1.384	-1.388	0.1408
1.097	-0.8425	0.08238
0.6512	-0.385	0.0773
0.5828	-0.7135	0.08268
0.8202	-0.8598	0.01532
0.9784	-0.7015	-0.09594
1.012	-0.7777	-0.1571
1.079	-0.6547	-0.1797
1.054	-0.3086	-0.1697
0.844	-0.09719	-0.124
0.757	0.02129	-0.08107
0.7747	-0.07252	-0.08798
0.7988	-0.1658	-0.1474
0.8947	-0.1675	-0.163
0.8722	-0.2548	-0.1563
0.8236	-0.208	-0.1334
0.8251	-0.1771	-0.07776
0.7661	-0.2173	-0.09981
0.8079	-0.1468	-0.1418
0.8967	-0.1333	-0.1644
0.9571	-0.07237	-0.1772
1.002	0.0624	-0.1436
0.9733	0.1099	-0.1373
1.027	0.1111	-0.114
1.129	0.1053	-0.07189
1.208	0.1135	-0.07053
1.365	0.02608	-0.05952
1.49	-0.101	-0.07741
1.535	-0.1454	-0.1115
1.542	-0.2005	-0.1475
1.496	-0.2349	-0.1978
1.408	-0.3144	-0.164
1.28	-0.5369	-0.07531
1.205	-0.726	-0.04071
1.206	-0.676	-0.09847
1.128	-0.4877	-0.1622
1.001	-0.4189	-0.09393
1.004	-0.3802	-0.02957
1.023	-0.356	-0.07611
0.9209	-0.4295	-0.08839
0.833	-0.4358	-0.09669
0.7269	-0.3931	-0.1277
0.6016	-0.3192	-0.07
0.6326	-0.2418	-0.01575
0.7375	-0.2022	-0.02227
0.7873	-0.09909	0.03464
0.6702	-0.07382	0.1941
0.5039	-0.1141	0.33
0.5851	-0.1287	0.3111
0.6908	-0.2188	0.2801
0.7239	-0.2855	0.3346
0.6178	-0.2068	0.1018
0.5266	-0.203	0.284
0.6166	-0.2647	0.3805
0.7413	-0.3165	0.2963
0.6661	-0.344	0.2914
0.6561	-0.3838	0.3574
0.7365	-0.3115	0.3706
0.7645	-0.1304	0.4258
0.8892	0.01075	0.437
1.035	0.0408	0.3904
1.133	-0.02235	0.3524
1.24	-0.298	0.2809
1.344	-0.9815	0.2089
1.384	-1.388	0.1408
1.097	-0.8425	0.08238
0.6512	-0.385	0.0773
0.5828	-0.7135	0.08268
0.8202	-0.8598	0.01532
0.9784	-0.7015	-0.09594
1.012	-0.7777	-0.1571
1.079	-0.6547	-0.1797
1.054	-0.3086	-0.1697
0.844	-0.09719	-0.124
0.757	0.02129	-0.08107
0.7747	-0.07252	-0.08798
0.7988	-0.1658	-0.1474
0.8947	-0.1675	-0.163
0.8722	-0.2548	-0.1563
0.8236	-0.208	-0.1334
0.8251	-0.1771	-0.07776
0.7661	-0.2173	-0.09981
0.8079	-0.1468	-0.1418
0.8967	-0.1333	-0.1644
0.9571	-0.07237	-0.1772
1.002	0.0624	-0.1436
0.9733	0.1099	-0.1373
1.027	0.1111	-0.114
1.129	0.1053	-0.07189
1.208	0.1135	-0.07053
1.365	0.02608	-0.05952
1.49	-0.101	-0.07741
1.535	-0.1454	-0.1115
1.542	-0.2005	-0.1475
1.496	-0.2349	-0.1978
1.408	-0.3144	-0.164
1.28	-0.5369	-0.07531
1.205	-0.726	-0.04071
1.206	-0.676	-0.09847
1.128	-0.4877	-0.1622
1.001	-0.4189	-0.09393
1.004	-0.3802	-0.02957
1.023	-0.356	-0.07611
0.9209	-0.4295	-0.08839
0.833	-0.4358	-0.09669
0.7269	-0.3931	-0.1277
0.6016	-0.3192	-0.07
0.6326	-0.2418	-0.01575
0.7375	-0.2022	-0.02227
0.7873	-0.09909	0.03464
0.6702	-0.07382	0.1941
0.5039	-0.1141	0.33
0.5851	-0.1287	0.3111
0.6908	-0.2188	0.2801
0.7239	-0.2855	0.3346
0.8612	-0.2963	0.333
0.941	-0.2888	0.3508
0.984	-0.2574	0.4138
1.031	-0.2474	0.4141
1.039	-0.2862	0.4388
1.175	-0.416	0.4017
1.326	-0.6018	0.1994
1.35	-0.7488	-0.001727
1.235	-0.6836	-0.06514
0.9518	-0.4985	-0.07058
0.7603	-0.5035	-0.1675
0.8565	-0.5661	-0.1884
1.032	-0.618	-0.1302
1.064	-0.6522	-0.1575
0.9995	-0.4512	-0.07496
0.8525	-0.1572	-0.004249
0.6302	0.03594	-0.04159
0.5857	0.03484	-0.0503
0.6873	-0.08942	-0.1622
0.7584	-0.1391	-0.2246
0.8337	-0.2156	-0.2125
0.8667	-0.2486	-0.239
0.8832	-0.2327	-0.1659
0.9009	-0.2776	-0.1252
0.9084	-0.1693	-0.1254
0.9513	-0.03804	-0.1164
0.974	-0.03215	-0.1489
1.046	-0.008975	-0.133
1.207	0.003296	-0.1392
1.317	-0.03481	-0.1101
1.384	-0.1287	-0.02756
1.445	-0.181	-0.03159
1.431	-0.1996	-0.03962
1.381	-0.2752	-0.09113
1.364	-0.31	-0.1726
1.367	-0.3628	-0.1515
1.375	-0.4239	-0.1741
1.325	-0.4118	-0.3464
1.236	-0.419	-0.4779
1.134	-0.4158	-0.3538
0.9369	-0.3983	-0.1181
0.8269	-0.3664	-0.01699
0.8932	-0.2982	-0.005349
0.891	-0.291	-0.06275
0.8282	-0.339	-0.1652
0.7718	-0.3681	-0.1696
0.6875	-0.3201	-0.1062
0.6877	-0.2546	-0.06002
0.7227	-0.2644	-0.03533
0.682	-0.2527	0.06353
0.649	-0.2006	0.2692
0.635	-0.1814	0.3146
0.6737	-0.2027	0.1832
0.7469	-0.2503	0.1473
0.7469	-0.2883	0.2119
0.8212	-0.3343	0.2994
0.9416	-0.3368	0.3566
0.9376	-0.265	0.376
0.9564	-0.2349	0.4032
1.051	-0.2458	0.3926
1.119	-0.351	0.3258
1.147	-0.6049	0.2034
1.268	-0.8006	0.1069
1.4	-0.7925	0.1065
0.8612	-0.2963	0.333
0.941	-0.2888	0.3508
0.984	-0.2574	0.4138
1.031	-0.2474	0.4141
1.039	-0.2862	0.4388
1.175	-0.416	0.4017
1.326	-0.6018	0.1994
1.35	-0.7488	-0.001727
1.235	-0.6836	-0.06514
0.9518	-0.4985	-0.07058
0.7603	-0.5035	-0.1675
0.8565	-0.5661	-0.1884
1.032	-0.618	-0.1302
1.064	-0.6522	-0.1575
0.9995	-0.4512	-0.07496
0.8525	-0.1572	-0.004249
0.6302	0.03594	-0.04159
0.5857	0.03484	-0.0503
0.6873	-0.08942	-0.1622
0.7584	-0.1391	-0.2246
0.8337	-0.2156	-0.2125
0.8667	-0.2486	-0.239
0.8832	-0.2327	-0.1659
0.9009	-0.2776	-0.1252
0.9084	-0.1693	-0.1254
0.9513	-0.03804	-0.1164
0.974	-0.03215	-0.1489
1.046	-0.008975	-0.133
1.207	0.003296	-0.1392
1.317	-0.03481	-0.1101
1.384	-0.1287	-0.02756
1.445	-0.181	-0.03159
1.431	-0.1996	-0.03962
1.381	-0.2752	-0.09113
1.364	-0.31	-0.1726
1.367	-0.3628	-0.1515
1.375	-0.4239	-0.1741
1.325	-0.4118	-0.3464
1.236	-0.419	-0.4779
1.134	-0.4158	-0.3538
0.9369	-0.3983	-0.1181
0.8269	-0.3664	-0.01699
0.8932	-0.2982	-0.005349
0.891	-0.291	-0.06275
0.8282	-0.339	-0.1652
0.7718	-0.3681	-0.1696
0.6875	-0.3201	-0.1062
0.6877	-0.2546	-0.06002
0.7227	-0.2644	-0.03533
0.682	-0.2527	0.06353
0.649	-0.2006	0.2692
0.635	-0.1814	0.3146
0.6737	-0.2027	0.1832
0.7469	-0.2503	0.1473
0.7469	-0.2883	0.2119
0.8212	-0.3343	0.2994
0.9416	-0.3368	0.3566
0.9376	-0.265	0.376
0.9564	-0.2349	0.4032
1.051	-0.2458	0.3926
1.119	-0.351	0.3258
1.147	-0.6049	0.2034
1.268	-0.8006	0.1069
1.4	-0.7925	0.1065
1.098	-0.5662	0.08379
0.6806	-0.3443	-0.01165
0.7763	-0.4179	-0.1417
0.9999	-0.5518	-0.1907
1.08	-0.5424	-0.09342
1.137	-0.512	-0.01271
0.9367	-0.3445	0.03201
0.6663	-0.07612	0.07318
0.6236	0.005023	3.99e-05
0.6489	-0.0595	-0.1171
0.7161	-0.1261	-0.1762
0.8111	-0.2383	-0.2113
0.8819	-0.3719	-0.2186
0.9286	-0.377	-0.1963
0.9256	-0.33	-0.156
0.9435	-0.3517	-0.1067
0.9397	-0.2308	-0.1044
0.9232	0.01377	-0.1416
0.9666	0.1181	-0.1523
1.028	0.08545	-0.1434
1.15	0.02702	-0.1161
1.276	0.006327	-0.07012
1.356	-0.05493	-0.06892
1.438	-0.1632	-0.1081
1.458	-0.2521	-0.1299
1.4	-0.3842	-0.1145
1.335	-0.4939	-0.07104
1.351	-0.524	-0.05125
1.357	-0.4907	-0.1315
1.266	-0.4869	-0.3354
1.218	-0.5289	-0.4635
1.134	-0.4497	-0.2995
0.9587	-0.3788	-0.07837
0.9066	-0.3405	-0.06433
0.9454	-0.2921	-0.08677
0.9104	-0.3896	-0.06989
0.8114	-0.4766	-0.09474
0.7051	-0.4853	-0.08033
0.6401	-0.443	-0.05953
0.6654	-0.346	-0.07297
0.6963	-0.2956	-0.03021
0.67	-0.2153	0.05733
0.6406	-0.167	0.1792
0.5965	-0.1813	0.2515
0.6385	-0.1719	0.1946
0.7427	-0.2363	0.1806
0.757	-0.3434	0.2788
0.8475	-0.4143	0.357
0.9582	-0.3788	0.3589
0.9306	-0.2463	0.3453
0.9629	-0.1729	0.3748
1.056	-0.2011	0.3828
1.164	-0.4076	0.3146
1.455	-0.7976	0.2362
1.725	-1.037	0.2075
1.54	-0.7862	0.176
1.072	-0.3793	0.05824
0.7607	-0.3632	-0.07495
0.7375	-0.5076	-0.1357
1.017	-0.6323	-0.1636
1.241	-0.7687	-0.1658
1.162	-0.6956	-0.1348
1.007	-0.5181	-0.06317
0.8066	-0.2913	0.02048
