0.1194	0.8697	0.4335
0.121	0.8692	0.4321
0.1245	0.8712	0.4315
0.1256	0.8758	0.4332
0.1187	0.8821	0.4365
0.116	0.8832	0.4382
0.1217	0.884	0.4368
0.1215	0.8861	0.436
0.1214	0.8865	0.4395
0.1247	0.8882	0.4417
0.1252	0.889	0.4447
0.1268	0.8889	0.4478
0.1271	0.888	0.4457
0.1273	0.8858	0.447
0.1288	0.8847	0.4493
0.1265	0.8838	0.4451
0.1237	0.8865	0.437
0.1224	0.8899	0.4323
0.1229	0.8865	0.4362
0.1239	0.8811	0.436
0.1224	0.8792	0.435
0.1226	0.8836	0.4422
0.1212	0.8877	0.4434
0.1196	0.8867	0.4427
0.1227	0.8869	0.4439
0.1241	0.8825	0.4405
0.1247	0.8769	0.441
0.1261	0.8795	0.4422
0.1239	0.8831	0.44
0.1216	0.8858	0.44
0.1212	0.8865	0.4388
0.1218	0.8865	0.4384
0.1228	0.8885	0.4423
0.1231	0.8873	0.4434
0.1236	0.8871	0.4395
0.1255	0.8867	0.437
0.1273	0.8846	0.4378
0.1261	0.886	0.4398
0.1243	0.887	0.4415
0.1234	0.8866	0.4414
0.1228	0.8843	0.4422
0.1228	0.8816	0.4423
0.122	0.882	0.4389
0.1224	0.881	0.4391
0.1238	0.8815	0.4441
0.1238	0.8834	0.4438
0.1228	0.8829	0.4368
0.122	0.8835	0.435
0.1229	0.8845	0.4412
0.1241	0.8847	0.4423
0.1252	0.8855	0.4409
0.1273	0.8889	0.4435
0.1263	0.8917	0.4425
0.1217	0.8875	0.4399
0.1194	0.8846	0.4398
0.1206	0.8845	0.4388
0.1212	0.8823	0.4383
0.1228	0.8828	0.4402
0.1248	0.8835	0.4448
0.1236	0.8833	0.4454
0.126	0.8843	0.4372
0.128	0.8853	0.4317
0.1251	0.8863	0.4345
0.1257	0.8843	0.441
0.1249	0.8835	0.4466
0.1222	0.8853	0.4482
0.1222	0.8848	0.4471
0.1209	0.8845	0.4412
0.122	0.884	0.435
0.1213	0.8835	0.4371
0.1192	0.8848	0.4371
0.1226	0.8844	0.4363
0.1234	0.884	0.4408
0.1235	0.884	0.4416
0.1253	0.8852	0.4431
0.124	0.888	0.4442
0.1243	0.8882	0.4413
0.1259	0.889	0.4413
0.1265	0.8887	0.4397
0.1259	0.8824	0.439
0.1246	0.8791	0.4398
0.1252	0.8809	0.4389
0.1254	0.8807	0.4409
0.1238	0.8822	0.4416
0.1207	0.8852	0.4415
0.1179	0.8859	0.4395
0.1199	0.887	0.4375
0.1232	0.8869	0.4414
0.125	0.8923	0.4459
0.1244	0.8864	0.4399
0.1242	0.8793	0.4393
0.1252	0.8804	0.4404
0.1232	0.8828	0.4386
0.1212	0.8847	0.4393
0.1212	0.8848	0.4389
0.1221	0.8846	0.439
0.1233	0.8866	0.4434
0.1237	0.8856	0.4447
0.1243	0.8858	0.4408
0.1261	0.8858	0.4383
0.1277	0.8841	0.4388
0.1264	0.886	0.4405
0.1243	0.8873	0.4418
0.1233	0.8871	0.4414
0.1226	0.8851	0.4418
0.1224	0.8824	0.4418
0.1217	0.8827	0.4382
0.122	0.8817	0.4384
0.1235	0.8821	0.4434
0.1235	0.8838	0.4432
0.1226	0.8831	0.4363
0.1218	0.8836	0.4347
0.1229	0.8844	0.441
0.1241	0.8845	0.4423
0.1253	0.8852	0.4409
0.1274	0.8886	0.4436
0.1264	0.8914	0.4427
0.1219	0.8872	0.4402
0.1196	0.8844	0.4401
0.1207	0.8843	0.439
0.1213	0.8822	0.4385
0.1229	0.8827	0.4403
0.1248	0.8835	0.4449
0.1237	0.8833	0.4454
0.126	0.8844	0.4372
0.128	0.8855	0.4316
0.125	0.8864	0.4344
0.1257	0.8845	0.4409
0.1248	0.8836	0.4465
0.1222	0.8854	0.4481
0.1222	0.8848	0.447
0.1209	0.8845	0.4411
0.122	0.884	0.4349
0.1213	0.8835	0.4371
0.1192	0.8848	0.4371
0.1226	0.8844	0.4363
0.1234	0.8839	0.4409
0.1235	0.8839	0.4416
0.1253	0.8852	0.4432
0.124	0.8879	0.4442
0.1243	0.8881	0.4413
0.126	0.8889	0.4413
0.1265	0.8887	0.4397
0.1259	0.8824	0.4391
0.1246	0.8792	0.4398
0.1252	0.8809	0.4389
0.1254	0.8807	0.4409
0.1238	0.8822	0.4416
0.1207	0.8852	0.4415
0.1179	0.8859	0.4395
0.1199	0.887	0.4375
0.1232	0.8869	0.4414
0.125	0.8858	0.4428
0.1254	0.8863	0.443
0.1231	0.8858	0.443
0.122	0.8853	0.4376
0.1223	0.8851	0.4362
0.1225	0.8843	0.4387
0.1255	0.884	0.441
0.1273	0.8848	0.4432
0.1244	0.8851	0.4411
0.1224	0.8829	0.4397
0.1216	0.8816	0.4402
0.1207	0.8823	0.4403
0.1232	0.8824	0.4421
0.1245	0.885	0.4416
0.1239	0.8866	0.44
0.1267	0.8853	0.4402
0.1271	0.8864	0.4396
0.126	0.8877	0.4406
0.1266	0.8876	0.4418
0.1226	0.887	0.4416
0.1194	0.8846	0.4416
0.1205	0.8825	0.439
0.1212	0.8827	0.4377
0.1234	0.884	0.4393
0.124	0.8845	0.4396
0.12	0.8839	0.4397
0.1194	0.8841	0.4405
0.1236	0.8851	0.4416
0.1258	0.8858	0.4421
0.1254	0.8863	0.4407
0.1253	0.8864	0.4404
0.1248	0.8849	0.4424
0.1254	0.8827	0.4428
0.1271	0.8809	0.4419
0.1267	0.8807	0.4423
0.126	0.8826	0.4409
0.1236	0.8835	0.4382
0.1198	0.8845	0.4362
0.1188	0.8884	0.4345
0.1187	0.8896	0.4379
0.1214	0.8865	0.4436
0.1247	0.8861	0.4453
0.1237	0.8879	0.4443
0.1241	0.8869	0.4412
0.1245	0.886	0.4406
0.1236	0.8874	0.4406
0.1239	0.8864	0.4378
0.1237	0.8825	0.4401
0.1261	0.8817	0.442
0.1271	0.8812	0.4383
0.1232	0.8782	0.4368
0.1228	0.88	0.4361
0.1235	0.8826	0.4368
0.1214	0.8795	0.4413
0.1204	0.8803	0.4446
0.1207	0.8868	0.4468
0.1237	0.89	0.4469
0.1289	0.8898	0.4435
0.1278	0.8899	0.4413
0.1196	0.891	0.4411
0.1174	0.8914	0.4411
0.1253	0.8888	0.4396
0.1296	0.8837	0.4341
0.128	0.8804	0.4322
0.1239	0.8807	0.4387
0.1234	0.882	0.4416
0.1207	0.8824	0.4434
0.1197	0.8828	0.4391
0.1203	0.8837	0.4382
0.1209	0.8837	0.4408
0.1244	0.8842	0.443
0.1266	0.8855	0.4448
0.1242	0.8862	0.4423
0.1225	0.8842	0.4403
0.122	0.8829	0.4405
0.1213	0.8835	0.4402
0.1239	0.8835	0.4417
0.1252	0.8858	0.441
0.1245	0.8871	0.4394
0.1272	0.8855	0.4396
0.1274	0.8864	0.439
0.1262	0.8875	0.4401
0.1267	0.8873	0.4414
0.1226	0.8866	0.4414
0.1192	0.8841	0.4415
0.1203	0.8821	0.4391
0.1209	0.8823	0.4378
0.1231	0.8837	0.4396
0.1237	0.8843	0.4399
0.1198	0.8838	0.44
0.1193	0.884	0.4407
0.1235	0.8852	0.4418
0.1258	0.8859	0.4423
0.1254	0.8864	0.4407
0.1254	0.8866	0.4404
0.1249	0.8851	0.4424
0.1255	0.8828	0.4427
0.1272	0.881	0.4419
0.1268	0.8808	0.4422
0.126	0.8827	0.4408
0.1236	0.8835	0.4381
0.1198	0.8845	0.4361
0.1188	0.8884	0.4344
0.1187	0.8895	0.4379
0.1214	0.8864	0.4435
0.1247	0.886	0.4453
0.1237	0.8878	0.4443
0.1241	0.8869	0.4412
0.1245	0.886	0.4407
0.1235	0.8874	0.4406
0.1239	0.8863	0.4379
0.1236	0.8825	0.4402
0.1261	0.8817	0.442
0.1271	0.8812	0.4383
0.1232	0.8782	0.4368
0.1228	0.88	0.4361
0.1235	0.8826	0.4368
0.1214	0.8796	0.4413
0.1204	0.8803	0.4446
0.1207	0.8868	0.4468
0.1237	0.89	0.4469
0.1289	0.8898	0.4435
0.1278	0.8899	0.4413
0.1196	0.8909	0.441
0.1174	0.8914	0.4411
0.1253	0.8888	0.4396
0.1296	0.8837	0.4341
0.128	0.8804	0.4322
0.1265	0.8814	0.4386
0.1219	0.8824	0.4407
0.1192	0.8821	0.438
0.1205	0.8823	0.441
0.1185	0.8817	0.4454
0.1197	0.8819	0.4481
0.1228	0.884	0.446
0.1228	0.887	0.4383
0.1261	0.8882	0.4362
0.1289	0.8846	0.4375
0.1276	0.8826	0.4365
0.1243	0.8849	0.4379
0.1223	0.8873	0.4392
0.1261	0.8887	0.4408
0.1268	0.8868	0.4445
0.1231	0.8837	0.4453
0.1223	0.8824	0.4441
0.121	0.8826	0.4427
0.1189	0.8859	0.4404
0.1183	0.887	0.4395
0.1202	0.8843	0.4396
0.1246	0.8811	0.4387
0.1262	0.8786	0.4383
0.1262	0.8825	0.4381
0.1271	0.8886	0.4381
0.1266	0.8897	0.4392
0.1258	0.8891	0.4403
0.1239	0.8875	0.4419
0.1222	0.8851	0.443
0.1228	0.8836	0.4433
0.1215	0.8827	0.4451
0.1206	0.8823	0.4437
0.1222	0.8825	0.4382
0.123	0.8839	0.4371
0.124	0.8845	0.4403
0.1237	0.8844	0.4395
0.1232	0.884	0.4363
0.1241	0.884	0.4362
0.123	0.8845	0.4395
0.1233	0.8826	0.4412
0.126	0.8832	0.441
0.1262	0.8891	0.4426
0.1248	0.8917	0.4425
0.1236	0.8886	0.4411
0.1217	0.8854	0.441
0.1208	0.8839	0.4416
0.1236	0.8829	0.4436
0.1249	0.8823	0.4433
0.1223	0.8813	0.4418
0.1226	0.8815	0.4418
0.1229	0.8848	0.4399
0.1211	0.8869	0.4389
0.1231	0.8869	0.4394
0.1263	0.8857	0.4388
0.1272	0.8833	0.4381
0.1254	0.8824	0.4361
0.123	0.883	0.4363
0.1227	0.8834	0.4388
0.1235	0.8842	0.4399
0.1245	0.8854	0.4426
0.124	0.8884	0.4437
0.1227	0.89	0.4425
0.1213	0.8857	0.4432
0.1207	0.8832	0.4423
0.1249	0.8844	0.4409
0.1235	0.8847	0.4422
0.1224	0.8839	0.4384
0.1242	0.8836	0.4405
0.1218	0.8826	0.4441
0.1222	0.8824	0.4461
0.1244	0.8842	0.4437
0.1234	0.8869	0.4359
0.1258	0.8879	0.434
0.128	0.8841	0.4356
0.1264	0.882	0.4351
0.1228	0.8843	0.437
0.1209	0.8867	0.4388
0.1249	0.8882	0.4409
0.1258	0.8864	0.4449
0.1224	0.8834	0.446
0.122	0.8822	0.445
0.121	0.8825	0.4437
0.1192	0.8859	0.4413
0.1187	0.8871	0.4403
0.1208	0.8845	0.4402
0.1253	0.8813	0.4391
0.1268	0.8788	0.4385
0.1268	0.8827	0.4381
0.1275	0.8888	0.438
0.1269	0.8899	0.439
0.126	0.8892	0.44
0.1239	0.8876	0.4416
0.1222	0.8852	0.4426
0.1227	0.8835	0.443
0.1212	0.8826	0.4448
0.1203	0.8822	0.4435
0.1219	0.8824	0.438
0.1228	0.8838	0.4371
0.1239	0.8844	0.4403
0.1236	0.8843	0.4396
0.1231	0.884	0.4364
0.124	0.884	0.4363
0.123	0.8845	0.4396
0.1233	0.8826	0.4413
0.1261	0.8832	0.4411
0.1263	0.8891	0.4427
0.1249	0.8917	0.4425
0.1237	0.8886	0.4411
0.1218	0.8855	0.441
0.1208	0.884	0.4416
0.1236	0.8829	0.4436
0.125	0.8823	0.4433
0.1223	0.8813	0.4418
0.1225	0.8815	0.4418
0.1228	0.8848	0.4398
0.1211	0.8869	0.4388
0.1231	0.8869	0.4393
0.1263	0.8857	0.4388
0.1271	0.8832	0.4381
0.1253	0.8824	0.4361
0.123	0.883	0.4363
0.1227	0.8834	0.4388
0.1235	0.8842	0.4399
0.1245	0.8854	0.4426
0.124	0.8884	0.4437
0.1227	0.89	0.4425
0.1213	0.8857	0.4432
0.1207	0.8832	0.4423
0.1232	0.8847	0.4408
0.1242	0.8838	0.4416
0.1228	0.8839	0.4409
0.1228	0.885	0.4397
0.1241	0.8845	0.4399
0.127	0.8843	0.441
0.1278	0.8823	0.4427
0.1242	0.8807	0.4428
0.1205	0.882	0.4422
0.1197	0.8843	0.4413
0.1222	0.8887	0.4373
0.1233	0.8914	0.4347
0.1229	0.8894	0.4368
0.1241	0.8856	0.4375
0.1246	0.8825	0.4375
0.1259	0.8827	0.4392
0.1257	0.8821	0.4403
0.1219	0.881	0.4423
0.121	0.8836	0.4437
0.1232	0.8842	0.4432
0.1248	0.8857	0.4433
0.1253	0.8892	0.4426
0.1246	0.8873	0.4417
0.1243	0.8855	0.4415
0.1239	0.8852	0.442
0.1233	0.8827	0.4433
0.1238	0.8819	0.4414
0.1232	0.8827	0.4393
0.1208	0.8842	0.4407
0.1203	0.8851	0.4401
0.1224	0.8844	0.4369
0.1239	0.8841	0.4356
0.1243	0.8854	0.4363
0.1252	0.8871	0.4345
0.1249	0.8865	0.4354
0.1239	0.8849	0.4443
0.1233	0.8841	0.4483
0.1225	0.8836	0.4441
0.1233	0.8854	0.4424
0.1233	0.8869	0.4416
0.123	0.8848	0.4417
0.1232	0.8831	0.4432
0.1229	0.8821	0.4414
0.1248	0.8825	0.4395
0.1256	0.8871	0.4387
0.1241	0.8892	0.4373
0.1238	0.8867	0.4373
0.1236	0.8844	0.4393
0.1253	0.8829	0.4434
0.126	0.8829	0.4436
0.1222	0.8827	0.4389
0.1209	0.8822	0.4384
0.1217	0.8843	0.4414
0.1206	0.8864	0.4415
0.1221	0.8866	0.4396
0.1243	0.8853	0.4392
0.1241	0.8842	0.4391
0.1239	0.8844	0.4397
0.1244	0.8835	0.4451
0.1258	0.8842	0.4461
0.1251	0.8871	0.4372
0.1223	0.8871	0.434
0.1234	0.8865	0.4387
0.1236	0.8865	0.4407
0.1228	0.8817	0.442
0.1236	0.8827	0.4429
0.1221	0.8838	0.4422
0.1221	0.8855	0.4409
0.1236	0.8853	0.441
0.1267	0.8851	0.4419
0.1276	0.8829	0.4433
0.1241	0.8811	0.4432
0.1205	0.8822	0.4424
0.1198	0.8842	0.4413
0.1223	0.8885	0.4371
0.1233	0.8911	0.4345
0.123	0.889	0.4365
0.1241	0.8853	0.4372
0.1247	0.8822	0.4372
0.1259	0.8825	0.439
0.1257	0.882	0.4401
0.1218	0.881	0.4421
0.121	0.8836	0.4436
0.1232	0.8843	0.4432
0.1247	0.8858	0.4433
0.1252	0.8893	0.4426
0.1246	0.8874	0.4418
0.1243	0.8856	0.4416
0.1239	0.8853	0.4421
0.1233	0.8828	0.4434
0.1239	0.8819	0.4415
0.1232	0.8828	0.4394
0.1209	0.8842	0.4407
0.1203	0.8851	0.4401
0.1225	0.8844	0.4369
0.1239	0.8841	0.4356
0.1243	0.8853	0.4362
0.1252	0.887	0.4345
0.1249	0.8864	0.4354
0.1239	0.8848	0.4443
0.1233	0.884	0.4483
0.1225	0.8836	0.4441
0.1233	0.8854	0.4424
0.1233	0.8869	0.4416
0.123	0.8848	0.4417
0.1232	0.8831	0.4433
0.1229	0.8821	0.4414
0.1248	0.8825	0.4395
0.1256	0.8872	0.4387
0.1241	0.8892	0.4374
0.1238	0.8867	0.4373
0.1236	0.8844	0.4393
0.1253	0.8829	0.4434
0.126	0.8829	0.4436
0.1222	0.8827	0.4389
0.1209	0.8822	0.4384
0.1217	0.8843	0.4414
0.1206	0.8864	0.4415
0.1221	0.8865	0.4396
0.1243	0.8853	0.4392
0.1241	0.8842	0.4391
0.1239	0.8844	0.4397
0.1244	0.8835	0.4451
0.1258	0.8842	0.4461
0.1251	0.8871	0.4372
0.1223	0.8871	0.434
0.1234	0.8865	0.4387
0.1236	0.8865	0.4407
0.1223	0.8847	0.4439
0.124	0.8828	0.4462
0.1241	0.8815	0.4408
0.1239	0.8793	0.4373
0.1227	0.8803	0.438
0.119	0.8875	0.4389
0.1204	0.8909	0.4438
0.1254	0.8872	0.4451
0.1286	0.8869	0.4404
0.1283	0.8873	0.4395
0.1271	0.8836	0.4398
0.1264	0.8824	0.4396
0.1215	0.8826	0.4407
0.1189	0.8824	0.4397
0.1203	0.8834	0.4384
0.1197	0.8839	0.4391
0.1203	0.8846	0.4392
0.1189	0.8851	0.4387
0.119	0.8849	0.439
0.1276	0.8852	0.4414
0.1313	0.885	0.4459
0.128	0.8848	0.4465
0.1278	0.8859	0.4412
0.1255	0.8875	0.4364
0.1232	0.8867	0.4376
0.126	0.8855	0.4434
0.1255	0.8867	0.4446
0.1216	0.8854	0.4377
0.1197	0.8836	0.4345
0.1193	0.8853	0.4378
0.1198	0.8842	0.4388
0.1211	0.88	0.4409
0.1227	0.8795	0.4433
0.1215	0.8824	0.442
0.1197	0.8836	0.4424
0.1227	0.8837	0.4403
0.1263	0.8864	0.4389
0.1284	0.888	0.4441
0.1282	0.8876	0.4445
0.1263	0.8869	0.4416
0.1253	0.885	0.4423
0.1239	0.8849	0.4407
0.1245	0.8844	0.4387
0.1248	0.8824	0.4401
0.1228	0.882	0.4424
0.1232	0.8829	0.4416
0.1236	0.8871	0.4358
0.1227	0.8898	0.4319
0.121	0.8874	0.4354
0.1191	0.8878	0.4387
0.1199	0.8871	0.4391
0.1203	0.8831	0.438
0.1223	0.8816	0.4375
0.1254	0.8801	0.4446
0.1262	0.8786	0.4484
0.1288	0.8802	0.4467
0.1284	0.8854	0.4513
0.1233	0.889	0.4491
0.1221	0.8874	0.4392
0.1228	0.8871	0.4348
0.1239	0.8867	0.4329
0.1237	0.8841	0.4338
0.1206	0.8849	0.4388
0.1204	0.8845	0.4434
0.1195	0.8857	0.4411
0.1243	0.8839	0.4439
0.126	0.8826	0.439
0.1264	0.8804	0.4361
0.1251	0.8812	0.4373
0.121	0.8881	0.4387
0.1216	0.8913	0.4441
0.1259	0.8873	0.4456
0.1285	0.8868	0.4412
0.1277	0.887	0.4404
0.1262	0.8832	0.4407
0.1253	0.8819	0.4405
0.1204	0.8821	0.4414
0.1178	0.882	0.4403
0.1195	0.883	0.4388
0.1192	0.8836	0.4393
0.12	0.8844	0.4392
0.1189	0.8851	0.4386
0.1192	0.885	0.4387
0.1279	0.8853	0.4411
0.1317	0.8852	0.4456
0.1285	0.8849	0.4462
0.1283	0.8861	0.4408
0.126	0.8877	0.4362
0.1236	0.8869	0.4374
0.1262	0.8856	0.4432
0.1256	0.8868	0.4445
0.1217	0.8855	0.4377
0.1197	0.8836	0.4346
0.1191	0.8853	0.4379
0.1197	0.8842	0.4389
0.1209	0.8799	0.4411
0.1225	0.8794	0.4434
0.1213	0.8824	0.4422
0.1196	0.8835	0.4425
0.1226	0.8837	0.4403
0.1262	0.8864	0.4389
0.1284	0.888	0.4441
0.1283	0.8876	0.4445
0.1263	0.8869	0.4415
0.1253	0.885	0.4422
0.124	0.8849	0.4407
0.1245	0.8845	0.4386
0.1249	0.8824	0.4401
0.1228	0.882	0.4424
0.1233	0.8829	0.4416
0.1237	0.8872	0.4357
0.1227	0.8898	0.4319
0.121	0.8874	0.4354
0.1191	0.8878	0.4388
0.1199	0.8871	0.4391
0.1203	0.8831	0.438
0.1223	0.8816	0.4375
0.1254	0.8801	0.4446
0.1261	0.8786	0.4484
0.1288	0.8802	0.4467
0.1283	0.8853	0.4513
0.1233	0.889	0.4491
0.1221	0.8874	0.4392
0.1228	0.8871	0.4348
0.1239	0.8867	0.4329
0.1237	0.8841	0.4338
0.1206	0.8849	0.4387
0.1204	0.8845	0.4434
0.1227	0.8819	0.4429
0.1231	0.8816	0.4418
0.123	0.8841	0.4431
0.1233	0.888	0.4376
0.1246	0.8885	0.4336
0.1275	0.8871	0.4366
0.1275	0.8865	0.4395
0.1229	0.8845	0.4436
0.1217	0.8845	0.4434
0.125	0.8858	0.4401
0.1251	0.8848	0.4403
0.1231	0.8812	0.442
0.122	0.8783	0.4423
0.1216	0.8798	0.4409
0.1223	0.8822	0.443
0.1233	0.8858	0.4444
0.1241	0.8892	0.4419
0.1242	0.8887	0.4425
0.1215	0.8891	0.44
0.12	0.8872	0.4365
0.1234	0.8836	0.4377
0.1253	0.8837	0.4372
0.125	0.8812	0.4378
0.1255	0.8808	0.438
0.1246	0.886	0.4382
0.1238	0.8871	0.4434
0.1235	0.8855	0.4439
0.123	0.8856	0.4393
0.1228	0.8853	0.4398
0.1219	0.8844	0.4434
0.123	0.8851	0.4443
0.1256	0.8857	0.443
0.1259	0.8856	0.4445
0.1246	0.8858	0.4438
0.1232	0.8832	0.4368
0.1228	0.8816	0.4335
0.123	0.8837	0.4348
0.1227	0.8844	0.4374
0.1222	0.8849	0.4421
0.1214	0.8841	0.4423
0.1215	0.8821	0.4407
0.1229	0.8833	0.4426
0.1257	0.8836	0.442
0.1265	0.8828	0.4412
0.1238	0.8844	0.4428
0.1232	0.8889	0.4416
0.1244	0.8929	0.4404
0.1241	0.891	0.4403
0.1248	0.8884	0.4397
0.1247	0.8872	0.4381
0.1212	0.8852	0.4339
0.1205	0.8837	0.4352
0.1239	0.8773	0.445
0.1243	0.8742	0.4492
0.1216	0.88	0.4455
0.122	0.8814	0.4445
0.1243	0.8817	0.4414
0.1247	0.8852	0.4348
0.1243	0.8882	0.4353
0.1238	0.8923	0.4357
0.1237	0.8906	0.4374
0.1245	0.8849	0.4435
0.1244	0.8826	0.4424
0.1241	0.8825	0.4424
0.1283	0.8852	0.4449
0.1238	0.8838	0.4422
0.1208	0.8853	0.4428
0.1197	0.8883	0.437
0.1206	0.8881	0.433
0.1239	0.8863	0.4362
0.1248	0.8854	0.4394
0.1212	0.8833	0.4436
0.1211	0.8834	0.4435
0.1253	0.8849	0.4403
0.1262	0.8841	0.4405
0.1246	0.8808	0.4421
0.1238	0.8782	0.4424
0.1234	0.8799	0.4408
0.1239	0.8825	0.4428
0.1246	0.8862	0.4442
0.125	0.8897	0.4416
0.1247	0.8892	0.4423
0.1216	0.8895	0.4397
0.1198	0.8876	0.4363
0.1229	0.8839	0.4375
0.1246	0.8839	0.4371
0.1242	0.8813	0.4377
0.1248	0.8808	0.438
0.1239	0.8859	0.4383
0.1232	0.8869	0.4435
0.1231	0.8853	0.444
0.1227	0.8854	0.4395
0.1227	0.8851	0.4399
0.1219	0.8842	0.4435
0.1231	0.8849	0.4444
0.1258	0.8856	0.443
0.1261	0.8855	0.4445
0.1249	0.8858	0.4438
0.1234	0.8832	0.4368
0.123	0.8817	0.4335
0.1232	0.8838	0.4348
0.1229	0.8845	0.4374
0.1223	0.885	0.442
0.1215	0.8842	0.4423
0.1215	0.8821	0.4407
0.1229	0.8833	0.4425
0.1256	0.8837	0.4419
0.1264	0.8828	0.4412
0.1237	0.8844	0.4428
0.1231	0.8889	0.4416
0.1243	0.8928	0.4404
0.124	0.891	0.4403
0.1248	0.8884	0.4397
0.1247	0.8871	0.4381
0.1212	0.8852	0.4339
0.1205	0.8836	0.4352
0.1239	0.8773	0.445
0.1243	0.8742	0.4493
0.1216	0.88	0.4455
0.1221	0.8814	0.4445
0.1243	0.8817	0.4414
0.1248	0.8852	0.4348
0.1243	0.8882	0.4353
0.1238	0.8923	0.4357
0.1237	0.8906	0.4374
0.1245	0.8849	0.4435
0.1244	0.8826	0.4424
0.1241	0.8825	0.4424
0.1275	0.8855	0.442
0.1278	0.8874	0.4382
0.1201	0.8864	0.4415
0.1177	0.8857	0.4411
0.1212	0.8834	0.4402
0.1205	0.8826	0.4443
0.1206	0.8844	0.4424
0.1221	0.8844	0.4405
0.1227	0.8839	0.4397
0.1267	0.8856	0.4377
0.1284	0.8863	0.4377
0.1269	0.884	0.4372
0.1266	0.8824	0.4372
0.1243	0.8837	0.4389
0.1228	0.8856	0.4438
0.1232	0.8852	0.4462
0.1219	0.8837	0.4428
0.1222	0.8833	0.4427
0.1225	0.8828	0.4425
0.1221	0.8833	0.4392
0.123	0.8855	0.4372
0.1224	0.8875	0.4361
0.1211	0.888	0.4385
0.1217	0.8877	0.4427
0.126	0.8868	0.4434
0.13	0.8853	0.4416
0.128	0.8857	0.4415
0.1238	0.8856	0.4419
0.1207	0.8821	0.4393
0.1208	0.8805	0.4385
0.1239	0.8811	0.4397
0.1234	0.8812	0.4395
0.1192	0.8821	0.4411
0.1178	0.8838	0.4417
0.1223	0.8866	0.4387
0.126	0.8884	0.4367
0.1255	0.8877	0.4384
0.1263	0.8877	0.443
0.1261	0.8877	0.4451
0.1252	0.886	0.4426
0.1257	0.8851	0.4426
0.1246	0.8828	0.4432
0.1246	0.8806	0.4389
0.1244	0.8825	0.4372
0.1227	0.8846	0.438
0.1218	0.8854	0.4377
0.1207	0.8858	0.44
0.1215	0.8848	0.4423
0.122	0.8846	0.4437
0.122	0.8847	0.4445
0.1236	0.8843	0.4423
0.1234	0.8839	0.4406
0.1222	0.8842	0.4351
0.1219	0.8856	0.4307
0.1244	0.8859	0.4372
0.1262	0.8855	0.4401
0.1246	0.8855	0.4421
0.1246	0.8847	0.4483
0.1241	0.8846	0.4457
0.1238	0.885	0.4427
0.126	0.8844	0.4407
0.1258	0.8848	0.4378
0.1243	0.8834	0.4437
0.1227	0.8823	0.4447
0.1223	0.8852	0.4381
0.1257	0.8858	0.4352
0.1199	0.8848	0.4391
0.1187	0.8846	0.4391
0.1227	0.8831	0.4387
0.122	0.883	0.4433
0.1219	0.8855	0.4418
0.123	0.8859	0.4403
0.1232	0.8856	0.4398
0.1268	0.8873	0.4382
0.1283	0.8877	0.4384
0.1265	0.8851	0.4381
0.126	0.8831	0.4381
0.1237	0.884	0.4397
0.1222	0.8855	0.4446
0.1227	0.8847	0.4468
0.1216	0.8831	0.4432
0.1219	0.8824	0.4429
0.1224	0.8819	0.4426
0.1222	0.8825	0.4391
0.1231	0.8848	0.437
0.1226	0.8869	0.4358
0.1213	0.8876	0.4382
0.122	0.8875	0.4424
0.1263	0.8868	0.4431
0.1302	0.8854	0.4414
0.1281	0.8859	0.4413
0.1239	0.8859	0.4417
0.1207	0.8825	0.4393
0.1208	0.8808	0.4385
0.1239	0.8814	0.4397
0.1234	0.8815	0.4395
0.1191	0.8823	0.4412
0.1177	0.8839	0.4419
0.1222	0.8866	0.4388
0.1259	0.8884	0.4368
0.1255	0.8876	0.4385
0.1263	0.8876	0.443
0.126	0.8875	0.4452
0.1252	0.8859	0.4426
0.1257	0.885	0.4426
0.1246	0.8827	0.4432
0.1247	0.8806	0.4389
0.1244	0.8825	0.4372
0.1228	0.8846	0.438
0.1218	0.8854	0.4376
0.1207	0.8858	0.44
0.1216	0.8849	0.4423
0.122	0.8846	0.4437
0.122	0.8848	0.4445
0.1236	0.8843	0.4423
0.1234	0.8839	0.4406
0.1222	0.8842	0.4351
0.1219	0.8856	0.4308
0.1244	0.886	0.4372
0.1262	0.8855	0.4401
0.1246	0.8855	0.4421
0.1246	0.8847	0.4484
0.1241	0.8846	0.4457
0.1238	0.885	0.4427
0.126	0.8844	0.4407
0.1258	0.8848	0.4378
0.1243	0.8834	0.4437
0.1227	0.8823	0.4447
0.1222	0.8842	0.4405
0.1228	0.884	0.4391
0.1216	0.8845	0.4357
0.1205	0.8857	0.4379
0.121	0.8846	0.4394
0.1228	0.8867	0.4366
0.1243	0.8881	0.437
0.1251	0.8863	0.4356
0.1256	0.8865	0.4367
0.1255	0.8858	0.4421
0.1255	0.884	0.4469
0.1233	0.8802	0.4489
0.1217	0.878	0.4485
0.1234	0.8841	0.4479
0.1233	0.8862	0.44
0.1228	0.8844	0.4349
0.1227	0.8885	0.4395
0.1222	0.8888	0.4379
0.1234	0.8856	0.4359
0.1236	0.8843	0.4373
0.1222	0.8825	0.4341
0.1227	0.8821	0.4349
0.1252	0.8825	0.4408
0.1253	0.8851	0.445
0.1244	0.8874	0.445
0.1269	0.8852	0.4437
0.1275	0.8853	0.4433
0.124	0.8863	0.4427
0.1216	0.8845	0.444
0.1209	0.8838	0.4438
0.1208	0.8831	0.4434
0.1212	0.8848	0.4431
0.1217	0.8868	0.4355
0.1226	0.8853	0.4322
0.1232	0.8845	0.4364
0.1239	0.8839	0.4359
0.1244	0.8845	0.4363
0.1245	0.885	0.4395
0.1248	0.8823	0.4409
0.1251	0.8815	0.4426
0.1249	0.8836	0.4428
0.1238	0.8866	0.4442
0.123	0.8888	0.4459
0.1239	0.8868	0.4424
0.1244	0.8842	0.4389
0.123	0.8843	0.4403
0.1222	0.8873	0.447
0.1228	0.8873	0.4478
0.1227	0.8792	0.4372
0.122	0.8775	0.4343
0.1228	0.886	0.4377
0.1247	0.8889	0.4337
0.1254	0.8875	0.434
0.1238	0.8865	0.4376
0.1232	0.8817	0.4382
0.125	0.8804	0.4433
0.1261	0.8854	0.4469
0.1252	0.8871	0.4455
0.1206	0.8867	0.4434
0.1173	0.8859	0.4395
0.1207	0.8851	0.4395
0.1225	0.8857	0.4445
0.1227	0.8834	0.4464
0.1272	0.8819	0.4438
0.1318	0.8808	0.4411
0.1281	0.883	0.438
0.1237	0.8847	0.4339
0.1205	0.8865	0.4361
0.1197	0.8855	0.438
0.1208	0.8875	0.4357
0.1222	0.8887	0.4366
0.1231	0.8865	0.4357
0.124	0.8864	0.4372
0.1244	0.8855	0.4428
0.1249	0.8836	0.4478
0.1232	0.8797	0.4498
0.122	0.8776	0.4493
0.1239	0.8838	0.4485
0.124	0.886	0.4404
0.1235	0.8843	0.435
0.1235	0.8885	0.4395
0.1229	0.8889	0.4377
0.1239	0.8857	0.4356
0.124	0.8845	0.4369
0.1223	0.8827	0.4337
0.1227	0.8823	0.4345
0.1251	0.8827	0.4405
0.1251	0.8852	0.4448
0.1241	0.8875	0.4448
0.1266	0.8852	0.4436
0.1272	0.8853	0.4433
0.1237	0.8863	0.4428
0.1214	0.8845	0.4441
0.1207	0.8837	0.444
0.1208	0.883	0.4436
0.1212	0.8847	0.4432
0.1218	0.8867	0.4356
0.1227	0.8853	0.4323
0.1233	0.8844	0.4364
0.124	0.8839	0.4359
0.1245	0.8845	0.4363
0.1246	0.885	0.4395
0.1249	0.8823	0.4409
0.1252	0.8815	0.4426
0.1249	0.8836	0.4428
0.1238	0.8867	0.4442
0.123	0.8888	0.4459
0.1239	0.8868	0.4424
0.1244	0.8843	0.4388
0.123	0.8844	0.4403
0.1221	0.8874	0.4469
0.1228	0.8873	0.4478
0.1227	0.8792	0.4372
0.1219	0.8775	0.4343
0.1228	0.886	0.4377
0.1247	0.8889	0.4337
0.1254	0.8875	0.434
0.1238	0.8865	0.4377
0.1232	0.8816	0.4382
0.125	0.8804	0.4433
0.1261	0.8854	0.4469
0.1253	0.8871	0.4455
0.1207	0.8867	0.4434
0.1173	0.8859	0.4395
0.1207	0.8851	0.4395
0.1225	0.8857	0.4445
0.1227	0.8834	0.4464
0.1272	0.8819	0.4438
0.1289	0.8839	0.4396
0.127	0.8835	0.438
0.1271	0.8832	0.4378
0.1262	0.8844	0.4332
0.1214	0.8844	0.4317
0.1192	0.8854	0.4382
0.1207	0.8866	0.4413
0.1206	0.8864	0.4413
0.121	0.8861	0.4444
0.1219	0.8858	0.4439
0.1215	0.8854	0.4411
0.1241	0.885	0.4418
0.1252	0.8854	0.4454
0.1245	0.886	0.445
0.125	0.8843	0.4353
0.1247	0.8827	0.4323
0.1266	0.8827	0.4408
0.1273	0.8825	0.4422
0.1239	0.8838	0.4409
0.1225	0.8849	0.4439
0.1211	0.8854	0.4427
0.1205	0.8858	0.4414
0.126	0.8837	0.4413
0.1278	0.8829	0.4393
0.1222	0.8856	0.4407
0.121	0.8861	0.4406
0.1224	0.8852	0.4362
0.1218	0.8852	0.4342
0.1236	0.8849	0.4368
0.1242	0.8862	0.4454
0.122	0.8869	0.4496
0.1226	0.8843	0.4422
0.123	0.8835	0.4361
0.1227	0.8849	0.4366
0.1232	0.8859	0.4387
0.1241	0.8861	0.4405
0.1256	0.8835	0.4414
0.1257	0.8825	0.4443
0.1258	0.8843	0.4446
0.1266	0.8831	0.4394
0.1247	0.8824	0.4384
0.1209	0.8835	0.4417
0.1199	0.883	0.4416
0.1222	0.8837	0.4397
0.1226	0.8858	0.4383
0.1218	0.8868	0.4369
0.1239	0.887	0.4375
0.1252	0.8884	0.4422
0.1256	0.8891	0.445
0.1257	0.8864	0.4427
0.1238	0.8846	0.4429
0.1233	0.8847	0.4434
0.1236	0.8834	0.4393
0.1209	0.8813	0.4367
0.1203	0.8797	0.4366
0.123	0.8818	0.437
0.1241	0.8863	0.4386
0.1245	0.8871	0.441
0.1248	0.8851	0.4421
0.1229	0.8849	0.4419
0.1224	0.8856	0.444
0.1243	0.8827	0.4449
0.1259	0.882	0.4424
0.1267	0.8864	0.4404
0.1242	0.8884	0.4355
0.1234	0.886	0.4394
0.1246	0.8842	0.442
0.1248	0.8843	0.4382
0.121	0.8837	0.4362
0.1194	0.8842	0.4415
0.1215	0.8853	0.4431
0.1217	0.8851	0.4417
0.1222	0.885	0.4435
0.123	0.885	0.4421
0.1225	0.8849	0.4388
0.1248	0.8848	0.4393
0.1256	0.8854	0.443
0.1246	0.8862	0.443
0.125	0.8847	0.4338
0.1244	0.8832	0.4314
0.1262	0.8831	0.4405
0.1268	0.8829	0.4424
0.1234	0.8841	0.4416
0.1221	0.8852	0.4448
0.1207	0.8855	0.4437
0.1202	0.8859	0.4425
0.1258	0.8837	0.4424
0.1277	0.8829	0.4402
0.1223	0.8855	0.4414
0.121	0.8859	0.441
0.1226	0.885	0.4365
0.122	0.885	0.4342
0.1238	0.8848	0.4366
0.1243	0.8861	0.445
0.1222	0.8869	0.4492
0.1227	0.8843	0.4417
0.1231	0.8834	0.4356
0.1227	0.8849	0.4362
0.1232	0.8859	0.4384
0.1241	0.8862	0.4402
0.1256	0.8836	0.4413
0.1256	0.8826	0.4442
0.1257	0.8844	0.4447
0.1266	0.8831	0.4395
0.1246	0.8824	0.4385
0.1209	0.8836	0.4419
0.1199	0.8831	0.4418
0.1222	0.8837	0.4399
0.1226	0.8858	0.4384
0.1218	0.8868	0.437
0.1239	0.887	0.4376
0.1252	0.8883	0.4422
0.1256	0.889	0.445
0.1257	0.8863	0.4427
0.1238	0.8845	0.4429
0.1234	0.8847	0.4434
0.1236	0.8834	0.4393
0.1209	0.8813	0.4366
0.1203	0.8797	0.4366
0.123	0.8818	0.437
0.1241	0.8863	0.4386
0.1245	0.8871	0.441
0.1248	0.8851	0.4421
0.1229	0.8849	0.4419
0.1224	0.8856	0.444
0.1243	0.8827	0.4449
0.1258	0.882	0.4425
0.1267	0.8864	0.4405
0.1255	0.8867	0.4371
0.1234	0.884	0.4359
0.1223	0.8848	0.4392
0.1224	0.8868	0.4414
0.1228	0.8881	0.4419
0.1217	0.8866	0.4417
0.1212	0.8838	0.4416
0.1217	0.8829	0.442
0.1223	0.884	0.4417
0.1231	0.8846	0.4421
0.1233	0.8829	0.4404
0.1239	0.8835	0.435
0.1248	0.8861	0.4333
0.1251	0.886	0.439
0.1254	0.8844	0.4421
0.1244	0.8835	0.4408
0.1241	0.8844	0.4422
0.1268	0.885	0.4407
0.1274	0.8847	0.4405
0.1238	0.8841	0.4466
0.1219	0.8827	0.4463
0.1206	0.884	0.4408
0.1182	0.8852	0.4383
0.1212	0.8849	0.4368
0.1241	0.8858	0.4362
0.1231	0.8861	0.441
0.1231	0.8865	0.4464
0.1226	0.8864	0.4444
0.1247	0.887	0.44
0.1276	0.8884	0.4342
0.1255	0.8845	0.4329
0.1237	0.8788	0.4421
0.1235	0.8789	0.4448
0.1241	0.8838	0.4403
0.1238	0.8858	0.4391
0.1207	0.883	0.4387
0.1213	0.8835	0.4419
0.123	0.8863	0.4435
0.1213	0.8871	0.4403
0.1222	0.8878	0.4398
0.1246	0.8872	0.4406
0.1253	0.8858	0.4408
0.1251	0.8849	0.4404
0.125	0.8844	0.4401
0.1262	0.8847	0.4428
0.1259	0.8848	0.4451
0.1244	0.8835	0.4433
0.1233	0.8797	0.4387
0.1213	0.8795	0.4356
0.1217	0.8856	0.4371
0.1222	0.8879	0.4377
0.1215	0.8866	0.4356
0.1234	0.8888	0.4378
0.123	0.8883	0.4436
0.1214	0.8836	0.4466
0.1223	0.8825	0.445
0.1244	0.8826	0.4439
0.1262	0.8813	0.4427
0.1246	0.8832	0.439
0.1247	0.8853	0.4395
0.1266	0.8846	0.4397
0.1269	0.8852	0.4395
0.1263	0.8861	0.4426
0.1213	0.8861	0.4396
0.1142	0.8861	0.4396
0.1192	0.8833	0.435
0.1226	0.8841	0.437
0.1253	0.8862	0.4391
0.1267	0.8875	0.4403
0.1257	0.8861	0.4411
0.1246	0.8836	0.4421
0.1242	0.8828	0.4433
0.1237	0.884	0.4436
0.1234	0.8847	0.4442
0.1228	0.8831	0.4425
0.1227	0.8837	0.4368
0.1232	0.8863	0.4347
0.1234	0.8862	0.4398
0.1237	0.8846	0.4424
0.123	0.8837	0.4407
0.123	0.8845	0.4416
0.1261	0.885	0.4399
0.1271	0.8847	0.4395
0.1239	0.884	0.4455
0.1223	0.8827	0.4453
0.1211	0.8839	0.4399
0.1189	0.8851	0.4376
0.1219	0.8848	0.4363
0.1248	0.8857	0.436
0.1237	0.8861	0.441
0.1236	0.8865	0.4466
0.123	0.8864	0.4447
0.1249	0.887	0.4404
0.1277	0.8884	0.4346
0.1254	0.8845	0.4333
0.1235	0.8788	0.4425
0.1233	0.879	0.4451
0.1239	0.8839	0.4405
0.1235	0.8858	0.4392
0.1204	0.883	0.4388
0.1211	0.8836	0.4418
0.1229	0.8863	0.4434
0.1212	0.8871	0.4402
0.1222	0.8878	0.4397
0.1247	0.8872	0.4405
0.1253	0.8857	0.4406
0.1251	0.8849	0.4403
0.1251	0.8844	0.44
0.1263	0.8847	0.4427
0.126	0.8848	0.4451
0.1245	0.8835	0.4433
0.1234	0.8797	0.4387
0.1213	0.8795	0.4356
0.1218	0.8856	0.4371
0.1222	0.8879	0.4377
0.1215	0.8867	0.4357
0.1233	0.8888	0.4378
0.1229	0.8883	0.4436
0.1214	0.8836	0.4466
0.1222	0.8825	0.445
0.1244	0.8827	0.4439
0.1262	0.8813	0.4427
0.1246	0.8832	0.439
0.1247	0.8853	0.4395
0.1266	0.8846	0.4397
0.1269	0.8852	0.4395
0.1263	0.8861	0.4425
0.1213	0.8861	0.4396
0.1179	0.886	0.4386
0.1185	0.8844	0.4414
0.1177	0.8837	0.4366
0.1222	0.885	0.4352
0.1276	0.8872	0.4382
0.1268	0.8885	0.4367
0.1265	0.885	0.4383
0.1262	0.8819	0.4422
0.1247	0.8825	0.4439
0.1241	0.8822	0.4472
0.1233	0.8825	0.4486
0.1242	0.8829	0.4448
0.1244	0.8829	0.4428
0.1222	0.8855	0.4416
0.1215	0.8875	0.4379
0.1206	0.8878	0.4372
0.1194	0.8882	0.4376
0.1222	0.887	0.4366
0.1255	0.8842	0.4376
0.1256	0.8832	0.4382
0.125	0.8837	0.4395
0.1246	0.8835	0.4416
0.1243	0.8833	0.441
0.1242	0.8829	0.4403
0.1244	0.8835	0.4404
0.1242	0.886	0.442
0.1227	0.8863	0.4439
0.1225	0.8858	0.4424
0.1232	0.886	0.4406
0.1209	0.8834	0.4398
0.1203	0.8813	0.4401
0.123	0.8834	0.4409
0.1237	0.8877	0.44
0.1251	0.8888	0.4406
0.1271	0.8851	0.4406
0.1259	0.8828	0.4389
0.1251	0.8842	0.4389
0.1246	0.8865	0.4399
0.1228	0.8875	0.4434
0.1222	0.8837	0.4443
0.1219	0.8816	0.4405
0.1217	0.8835	0.4391
0.1229	0.8816	0.4378
0.1237	0.882	0.4376
0.1243	0.8863	0.4393
0.1245	0.8869	0.4389
0.123	0.8863	0.4411
0.1218	0.8845	0.4429
0.1214	0.8831	0.4418
0.1217	0.8869	0.4421
0.1253	0.8901	0.4404
0.1282	0.8893	0.4402
0.1258	0.8853	0.4421
0.1246	0.8799	0.4413
0.1239	0.879	0.441
0.1203	0.8816	0.4409
0.1202	0.8824	0.4394
0.1235	0.8837	0.4396
0.1245	0.8872	0.4443
0.123	0.8893	0.4457
0.1231	0.8888	0.4377
0.1247	0.8839	0.435
0.1245	0.881	0.4377
0.1237	0.8854	0.4362
0.1268	0.8861	0.439
0.1228	0.8837	0.4445
0.119	0.8827	0.4407
0.1214	0.8842	0.4392
0.1257	0.8867	0.4413
0.1245	0.8884	0.4387
0.1242	0.8853	0.439
0.1243	0.8824	0.4419
0.1234	0.8832	0.4427
0.1233	0.883	0.4455
0.1231	0.8832	0.4466
0.1244	0.8835	0.4429
0.125	0.8834	0.4411
0.123	0.8858	0.4402
0.1223	0.8876	0.437
0.1215	0.8877	0.4367
0.1202	0.888	0.4376
0.1228	0.8867	0.437
0.1259	0.8838	0.4382
0.1258	0.8829	0.439
0.125	0.8834	0.4404
0.1245	0.8832	0.4424
0.1241	0.8831	0.4418
0.1238	0.8828	0.4409
0.124	0.8834	0.4408
0.1239	0.886	0.4423
0.1224	0.8864	0.4439
0.1222	0.886	0.4423
0.123	0.8861	0.4404
0.1208	0.8835	0.4395
0.1203	0.8814	0.4398
0.123	0.8835	0.4405
0.1238	0.8878	0.4397
0.1252	0.8889	0.4404
0.1273	0.8851	0.4404
0.1261	0.8828	0.4388
0.1252	0.8842	0.4388
0.1247	0.8864	0.4399
0.1228	0.8875	0.4435
0.1223	0.8837	0.4444
0.1219	0.8816	0.4406
0.1217	0.8835	0.4392
0.1229	0.8815	0.4379
0.1236	0.8819	0.4377
0.1242	0.8862	0.4393
0.1244	0.8868	0.4389
0.123	0.8863	0.4411
0.1218	0.8845	0.4429
0.1214	0.8831	0.4418
0.1216	0.8869	0.442
0.1253	0.8901	0.4404
0.1282	0.8894	0.4402
0.1258	0.8854	0.442
0.1246	0.88	0.4412
0.1239	0.879	0.441
0.1203	0.8817	0.4408
0.1202	0.8824	0.4394
0.1236	0.8837	0.4395
0.1245	0.8872	0.4443
0.123	0.8893	0.4457
0.1231	0.8888	0.4377
0.1247	0.8838	0.435
0.1245	0.881	0.4377
0.1237	0.8854	0.4362
0.1222	0.8856	0.4381
0.122	0.8825	0.4418
0.1255	0.8842	0.4421
0.1265	0.8855	0.4423
0.125	0.8866	0.4422
0.1238	0.887	0.4434
0.1217	0.8846	0.4436
0.1219	0.8835	0.4404
0.1231	0.8833	0.4386
0.124	0.8835	0.4382
0.1244	0.8835	0.4384
0.1221	0.8824	0.4408
0.1212	0.8832	0.4434
0.1227	0.8867	0.4425
0.1225	0.8891	0.4382
0.1223	0.8876	0.4371
0.1235	0.8856	0.4412
0.1249	0.8845	0.4428
0.1257	0.8835	0.4419
0.125	0.8843	0.4429
0.1248	0.8846	0.4417
0.1245	0.8853	0.4389
0.1238	0.8864	0.4368
0.1258	0.8837	0.4359
0.1259	0.881	0.4425
0.1244	0.8811	0.446
0.1249	0.8816	0.44
0.1223	0.8839	0.44
0.1192	0.8864	0.4407
0.1195	0.8862	0.4371
0.1189	0.8862	0.4379
0.1189	0.8884	0.4388
0.1204	0.8894	0.4418
0.1223	0.8885	0.4446
0.1257	0.8857	0.4421
0.1285	0.882	0.4424
0.1303	0.8815	0.4419
0.1309	0.8817	0.4399
0.1276	0.8814	0.4411
0.1232	0.8834	0.4397
0.1218	0.8842	0.4388
0.1214	0.8843	0.4387
0.1201	0.8861	0.4384
0.12	0.8862	0.4425
0.1212	0.8847	0.4435
0.1213	0.885	0.4403
0.1219	0.887	0.4405
0.1232	0.8883	0.4391
0.1238	0.8864	0.4357
0.1256	0.8834	0.4371
0.1266	0.8828	0.4395
0.1256	0.886	0.4398
0.1258	0.8869	0.4406
0.1255	0.8824	0.4422
0.1239	0.8814	0.4436
0.123	0.8833	0.4436
0.1223	0.8824	0.4432
0.1222	0.8837	0.4448
0.1256	0.8857	0.4441
0.1246	0.8855	0.4409
0.1121	0.8855	0.4404
0.1098	0.8849	0.4407
0.1262	0.8842	0.4385
0.1318	0.8824	0.433
0.1269	0.8858	0.4355
0.1267	0.8848	0.4396
0.1294	0.8872	0.4402
0.1291	0.8883	0.4407
0.1263	0.8886	0.4411
0.1238	0.8881	0.4427
0.1208	0.8847	0.4433
0.1203	0.8828	0.4404
0.1211	0.882	0.4389
0.1218	0.8818	0.4388
0.1224	0.8817	0.4391
0.1204	0.8807	0.4415
0.12	0.8819	0.4441
0.122	0.8857	0.4432
0.1222	0.8885	0.4388
0.1225	0.8874	0.4375
0.124	0.8858	0.4414
0.1256	0.885	0.4429
0.1266	0.8842	0.4418
0.1259	0.8851	0.4427
0.1256	0.8854	0.4415
0.1252	0.886	0.4386
0.1243	0.8871	0.4365
0.1262	0.8841	0.4357
0.1261	0.8813	0.4423
0.1243	0.8812	0.4459
0.1247	0.8816	0.4399
0.122	0.8838	0.44
0.1189	0.8862	0.4406
0.1191	0.8859	0.4371
0.1186	0.8859	0.4379
0.1186	0.8881	0.4389
0.1201	0.8892	0.4419
0.1221	0.8883	0.4447
0.1256	0.8856	0.4422
0.1285	0.8819	0.4425
0.1303	0.8814	0.4419
0.131	0.8818	0.44
0.1277	0.8815	0.4411
0.1233	0.8835	0.4397
0.1219	0.8844	0.4388
0.1216	0.8844	0.4387
0.1202	0.8862	0.4384
0.1201	0.8862	0.4425
0.1212	0.8848	0.4435
0.1213	0.885	0.4403
0.1219	0.887	0.4405
0.1232	0.8883	0.4391
0.1238	0.8864	0.4357
0.1256	0.8833	0.4371
0.1265	0.8827	0.4396
0.1255	0.8859	0.4398
0.1257	0.8869	0.4406
0.1255	0.8824	0.4422
0.1238	0.8813	0.4436
0.123	0.8833	0.4436
0.1223	0.8824	0.4432
0.1222	0.8837	0.4448
0.1256	0.8858	0.4441
0.1246	0.8855	0.4409
0.1121	0.8855	0.4404
0.1098	0.8849	0.4406
0.1262	0.8842	0.4385
0.1318	0.8824	0.433
0.1276	0.8828	0.4319
0.1307	0.8893	0.4412
0.1278	0.8911	0.4448
0.1237	0.8862	0.4395
0.1248	0.8853	0.44
0.1214	0.8854	0.4407
0.1224	0.8834	0.4402
0.1239	0.8833	0.4432
0.121	0.8835	0.4423
0.1228	0.8828	0.441
0.123	0.8837	0.4423
0.1222	0.8845	0.4419
0.1225	0.8843	0.4423
0.1215	0.8829	0.4413
0.1231	0.8822	0.4391
0.1214	0.8851	0.4379
0.1204	0.886	0.4362
0.1241	0.8849	0.4367
0.1243	0.8861	0.4375
0.1258	0.8865	0.4387
0.1279	0.8867	0.4412
0.1268	0.8869	0.4434
0.127	0.8853	0.4489
0.1246	0.8843	0.449
0.1209	0.8833	0.4401
0.1215	0.8823	0.4377
0.123	0.8829	0.4416
0.1236	0.8845	0.44
0.1224	0.8852	0.4349
0.1204	0.8853	0.435
0.1211	0.8857	0.4394
0.1234	0.8845	0.4413
0.1259	0.8838	0.4411
0.1269	0.8855	0.4423
0.1257	0.8861	0.441
0.125	0.8857	0.4375
0.1237	0.8843	0.4385
0.1214	0.8827	0.4437
0.1204	0.8842	0.4464
0.1204	0.8857	0.444
0.122	0.8848	0.4415
0.1237	0.8841	0.4402
0.1231	0.8847	0.4383
0.1235	0.8852	0.4385
0.1255	0.8858	0.4383
0.1262	0.8854	0.4395
0.1278	0.8805	0.4452
0.1279	0.88	0.4446
0.1227	0.8899	0.435
0.1202	0.8922	0.4302
0.1215	0.8842	0.4351
0.1197	0.8825	0.4407
0.1201	0.884	0.4444
0.1246	0.8832	0.4463
0.1247	0.8848	0.4415
0.1217	0.8847	0.438
0.1226	0.8835	0.44
0.1288	0.8847	0.4437
0.1318	0.8844	0.4478
0.1258	0.8848	0.4453
0.1209	0.886	0.4396
0.1205	0.8861	0.4379
0.1201	0.8864	0.4382
0.1221	0.8846	0.4384
0.08127	0.9032	0.3678
0.1196	0.8842	0.429
0.1399	0.8857	0.4743
0.1441	0.9045	0.5001
0.1451	0.8946	0.4884
0.1579	0.8173	0.4558
0.1495	0.8026	0.438
0.1246	0.9002	0.4458
0.09405	0.9228	0.4413
0.08587	0.8692	0.4135
0.1086	0.8861	0.4083
0.1145	0.9161	0.4161
0.1125	0.911	0.4151
0.1196	0.911	0.4261
0.1217	0.9081	0.434
0.1264	0.9013	0.4341
0.1329	0.8867	0.4437
0.1357	0.8754	0.4487
0.13	0.8754	0.4468
0.1171	0.8692	0.449
0.1146	0.8696	0.4545
0.1257	0.8718	0.4537
0.1359	0.8716	0.4457
0.1351	0.8755	0.4456
0.1302	0.8763	0.4513
0.1291	0.8828	0.4488
0.1311	0.8872	0.4357
0.131	0.8872	0.4319
0.1216	0.8896	0.4467
0.1126	0.8861	0.4511
0.1126	0.885	0.4418
0.1137	0.8871	0.4363
0.1157	0.8888	0.4308
0.1182	0.8916	0.4281
0.1197	0.8907	0.4309
0.1217	0.8904	0.4368
0.1224	0.8895	0.4422
0.1234	0.8856	0.439
0.1261	0.8841	0.4376
0.128	0.8844	0.4414
0.1282	0.883	0.4419
0.128	0.8794	0.4449
0.1316	0.8777	0.4456
0.1332	0.8798	0.4444
0.1268	0.8829	0.4451
0.1206	0.887	0.4384
0.1189	0.8893	0.4358
0.1213	0.8868	0.4394
0.1231	0.8842	0.4377
0.1203	0.8831	0.4384
0.1211	0.8812	0.4402
0.1239	0.8812	0.4398
0.1234	0.8855	0.4405
0.1221	0.8917	0.4414
0.1176	0.8925	0.4475
0.1168	0.8858	0.4503
0.1217	0.883	0.4412
0.1235	0.8843	0.4356
0.1256	0.8811	0.4366
0.1268	0.8799	0.4364
0.1257	0.8819	0.4387
0.1258	0.8838	0.4404
0.1251	0.8877	0.4414
0.1275	0.8897	0.4443
0.1289	0.8878	0.4419
0.1254	0.8825	0.4383
0.1243	0.879	0.4393
0.1237	0.8819	0.4403
0.1241	0.8825	0.4408
0.1247	0.8839	0.4409
0.1185	0.8875	0.4397
0.1155	0.8853	0.4383
0.1203	0.8864	0.4398
0.1254	0.8914	0.4452
0.1272	0.8915	0.4455
0.1219	0.8865	0.4396
0.1191	0.8802	0.438
0.1225	0.8799	0.439
0.1215	0.8833	0.4381
0.1227	0.8851	0.4393
0.1252	0.8851	0.4405
0.1237	0.8844	0.4389
0.1267	0.8851	0.4392
0.1273	0.8845	0.4407
0.1237	0.8851	0.4408
0.1253	0.886	0.442
0.1289	0.8824	0.4428
0.1289	0.8804	0.4414
0.1226	0.8815	0.4391
0.119	0.8845	0.4388
0.1218	0.8867	0.4426
0.12	0.8851	0.4457
0.1193	0.8859	0.4447
0.1209	0.8883	0.4423
0.1205	0.8878	0.4374
0.1244	0.886	0.432
0.1258	0.8842	0.433
0.1239	0.8826	0.4398
0.125	0.8812	0.4452
0.1253	0.883	0.4452
0.1249	0.8856	0.4446
0.1246	0.8861	0.445
0.1249	0.8883	0.4456
0.1261	0.8875	0.4448
0.1253	0.8821	0.4343
0.1235	0.881	0.427
0.1206	0.8847	0.4324
0.119	0.8862	0.4344
0.1202	0.8858	0.4384
0.122	0.8876	0.4432
0.1242	0.8862	0.4416
0.1248	0.8815	0.4473
0.1252	0.881	0.4503
0.1258	0.8812	0.4465
0.1253	0.8819	0.4438
0.1253	0.8856	0.4374
0.1231	0.8876	0.4372
0.1213	0.8875	0.4415
0.1231	0.8866	0.4425
0.1238	0.8851	0.4428
0.1236	0.8849	0.4377
0.1221	0.8854	0.4348
0.121	0.8852	0.4366
0.1227	0.8843	0.4378
0.1229	0.8842	0.4392
0.1224	0.8843	0.437
0.1233	0.8843	0.4374
0.1263	0.8844	0.4442
0.1283	0.8904	0.4504
0.1249	0.8846	0.4417
0.1242	0.8802	0.4401
0.1241	0.882	0.4399
0.1249	0.8819	0.4402
0.1259	0.8827	0.4405
0.1199	0.8859	0.4397
0.1169	0.8838	0.4386
0.1216	0.885	0.4404
0.1265	0.8904	0.4459
0.128	0.8908	0.4461
0.1224	0.8863	0.4401
0.1192	0.8804	0.4382
0.1224	0.8805	0.4389
0.1212	0.8841	0.4378
0.1222	0.8861	0.4388
0.1246	0.8861	0.4399
0.1231	0.8853	0.4382
0.1261	0.8858	0.4386
0.1268	0.885	0.4401
0.1233	0.8855	0.4403
0.125	0.8862	0.4417
0.1287	0.8823	0.4426
0.1289	0.8802	0.4414
0.1227	0.8812	0.4392
0.1191	0.8842	0.439
0.122	0.8863	0.4428
0.1203	0.8847	0.446
0.1195	0.8856	0.445
0.1211	0.888	0.4426
0.1207	0.8876	0.4376
0.1245	0.8859	0.4322
0.1259	0.8842	0.4332
0.1239	0.8827	0.4399
0.125	0.8813	0.4453
0.1252	0.8832	0.4452
0.1249	0.8857	0.4445
0.1245	0.8862	0.4449
0.1248	0.8885	0.4455
0.126	0.8877	0.4447
0.1253	0.8821	0.4342
0.1235	0.8811	0.4269
0.1206	0.8848	0.4323
0.119	0.8862	0.4343
0.1202	0.8858	0.4384
0.1221	0.8875	0.4432
0.1242	0.8862	0.4416
0.1248	0.8815	0.4473
0.1252	0.8809	0.4504
0.1258	0.8811	0.4465
0.1253	0.8818	0.4438
0.1253	0.8856	0.4374
0.1231	0.8876	0.4373
0.1213	0.8875	0.4415
0.1231	0.8866	0.4425
0.1238	0.8851	0.4428
0.1236	0.885	0.4377
0.1221	0.8854	0.4348
0.121	0.8852	0.4366
0.1227	0.8843	0.4378
0.1228	0.8842	0.4391
0.1224	0.8843	0.4369
0.1233	0.8843	0.4374
0.1263	0.8844	0.4442
0.1283	0.8841	0.447
0.1253	0.8844	0.4443
0.1242	0.8858	0.4416
0.1234	0.8873	0.4414
0.1208	0.8867	0.4409
0.1242	0.8839	0.4386
0.1276	0.8823	0.4386
0.1254	0.8832	0.4414
0.1202	0.884	0.4424
0.1175	0.8823	0.4417
0.1221	0.8819	0.4407
0.1238	0.884	0.4378
0.1214	0.8851	0.4372
0.1232	0.8851	0.4409
0.1234	0.8847	0.442
0.1228	0.8848	0.4409
0.1245	0.8872	0.4417
0.1256	0.8887	0.4414
0.1265	0.8885	0.4401
0.1251	0.8883	0.4416
0.1242	0.885	0.4426
0.1236	0.8833	0.4387
0.1225	0.8876	0.4341
0.1238	0.8871	0.4355
0.1249	0.8805	0.4419
0.1248	0.8791	0.4436
0.1221	0.8808	0.4386
0.1182	0.8807	0.4374
0.1201	0.8819	0.4417
0.1251	0.8841	0.4431
0.1275	0.8846	0.4417
0.1262	0.8855	0.4424
0.1243	0.8865	0.446
0.124	0.8872	0.4489
0.1226	0.8884	0.4461
0.1229	0.8876	0.4413
0.1233	0.886	0.4389
0.1219	0.8849	0.436
0.1217	0.884	0.4318
0.121	0.8853	0.4302
0.1233	0.8852	0.4322
0.1257	0.8831	0.4343
0.1239	0.8835	0.4414
0.1233	0.886	0.4488
0.1218	0.8864	0.4468
0.1218	0.8831	0.447
0.1251	0.8824	0.4464
0.1263	0.8856	0.4406
0.1263	0.8856	0.4421
0.1255	0.8833	0.4405
0.1243	0.8816	0.4334
0.123	0.8818	0.4338
0.1226	0.8851	0.4406
0.1246	0.8875	0.4445
0.125	0.8869	0.4414
0.1244	0.8853	0.4431
0.1229	0.8849	0.4466
0.1206	0.8851	0.443
0.1221	0.883	0.4373
0.1214	0.8822	0.4329
0.1175	0.8853	0.4382
0.1192	0.8862	0.4432
0.1241	0.8861	0.4398
0.1262	0.8867	0.4384
0.1265	0.8824	0.433
0.1253	0.8839	0.4394
0.1254	0.886	0.4421
0.1253	0.888	0.4448
0.123	0.8875	0.4451
0.1263	0.8847	0.4426
0.1293	0.8828	0.4418
0.1266	0.8834	0.4434
0.121	0.8839	0.4432
0.1177	0.882	0.4415
0.1219	0.8814	0.4398
0.1231	0.8834	0.4363
0.1205	0.8844	0.4356
0.1222	0.8845	0.4393
0.1224	0.8842	0.4406
0.1219	0.8844	0.4399
0.1237	0.887	0.441
0.1251	0.8886	0.4412
0.1261	0.8885	0.4403
0.125	0.8884	0.442
0.1242	0.8852	0.4432
0.1238	0.8835	0.4394
0.1228	0.8879	0.4349
0.1242	0.8873	0.4363
0.1253	0.8807	0.4425
0.1252	0.8793	0.4441
0.1224	0.881	0.4389
0.1185	0.8808	0.4375
0.1203	0.882	0.4416
0.1251	0.8841	0.4429
0.1275	0.8845	0.4414
0.1261	0.8854	0.4421
0.1242	0.8864	0.4457
0.1239	0.8871	0.4486
0.1224	0.8883	0.4458
0.1228	0.8875	0.4411
0.1231	0.8859	0.4388
0.1217	0.8848	0.436
0.1216	0.8839	0.4318
0.121	0.8853	0.4303
0.1233	0.8852	0.4323
0.1258	0.8831	0.4344
0.1239	0.8836	0.4415
0.1233	0.8861	0.4489
0.1218	0.8865	0.4469
0.1219	0.8831	0.4471
0.1252	0.8824	0.4465
0.1263	0.8856	0.4406
0.1264	0.8856	0.4421
0.1255	0.8833	0.4405
0.1243	0.8816	0.4334
0.123	0.8818	0.4337
0.1226	0.8851	0.4406
0.1246	0.8875	0.4444
0.125	0.8869	0.4413
0.1244	0.8853	0.4431
0.1228	0.8849	0.4466
0.1206	0.8851	0.443
0.1221	0.883	0.4373
0.1214	0.8821	0.4329
0.1175	0.8853	0.4382
0.1192	0.8862	0.4432
0.1241	0.8861	0.4398
0.1262	0.8867	0.4384
0.1258	0.8832	0.4357
0.1255	0.8824	0.4365
0.1257	0.8872	0.4429
0.126	0.8877	0.4462
0.1256	0.8846	0.4471
0.1253	0.8839	0.4437
0.1256	0.8837	0.4412
0.125	0.8835	0.4389
0.1232	0.8849	0.4341
0.1207	0.8852	0.4358
0.1197	0.8852	0.4395
0.1213	0.8856	0.4418
0.1218	0.8836	0.4417
0.1211	0.8824	0.4405
0.1212	0.8841	0.4455
0.1225	0.8848	0.4481
0.1273	0.8842	0.4454
0.1299	0.8815	0.4416
0.1263	0.8811	0.436
0.1236	0.8867	0.4351
0.1232	0.8899	0.4358
0.1223	0.8892	0.4348
0.1198	0.8895	0.4369
0.1181	0.8887	0.4362
0.1221	0.8856	0.4373
0.1265	0.8809	0.4458
0.1278	0.8784	0.4482
0.1279	0.8814	0.4436
0.1243	0.8822	0.4436
0.1219	0.8808	0.4458
0.1229	0.8832	0.4446
0.1221	0.8855	0.4408
0.1219	0.8867	0.4374
0.1227	0.8871	0.4366
0.1215	0.8871	0.4367
0.1222	0.8887	0.4355
0.1254	0.8875	0.4359
0.1261	0.8849	0.4386
0.1241	0.8839	0.4412
0.1229	0.8832	0.4435
0.1243	0.8841	0.4457
0.1266	0.8854	0.447
0.1271	0.8854	0.4454
0.1233	0.8826	0.441
0.1201	0.8809	0.4374
0.1204	0.8836	0.4364
0.1202	0.8843	0.4366
0.1213	0.8856	0.438
0.1236	0.8881	0.4407
0.1247	0.8855	0.4416
0.1249	0.8833	0.4422
0.1216	0.8838	0.4414
0.1214	0.8853	0.4377
0.1291	0.8879	0.4371
0.1311	0.8865	0.4387
0.1243	0.8841	0.4409
0.1193	0.8841	0.4438
0.1178	0.8838	0.444
0.1205	0.8828	0.4441
0.1287	0.8816	0.4414
0.1314	0.8818	0.4367
0.1255	0.8826	0.4381
0.1218	0.8855	0.4415
0.1212	0.8875	0.4425
0.119	0.8903	0.4474
0.1191	0.8856	0.4399
0.1206	0.888	0.4409
0.1225	0.887	0.4412
0.1239	0.8831	0.4411
0.1251	0.8823	0.4378
0.1267	0.8823	0.4363
0.127	0.8825	0.4355
0.1256	0.8843	0.4323
0.1233	0.8851	0.4355
0.1221	0.8854	0.4405
0.1234	0.8861	0.4437
0.1234	0.8841	0.4441
0.1221	0.8831	0.4431
0.1216	0.8847	0.448
0.1224	0.8854	0.4503
0.1268	0.8846	0.4471
0.1291	0.8817	0.4427
0.1252	0.8812	0.4365
0.1225	0.8866	0.4351
0.1222	0.8897	0.4354
0.1214	0.889	0.434
0.1191	0.8893	0.4359
0.1176	0.8884	0.4351
0.1219	0.8853	0.4362
0.1265	0.8807	0.4449
0.128	0.8782	0.4474
0.1282	0.8813	0.4431
0.1247	0.8822	0.4434
0.1223	0.8808	0.4457
0.1233	0.8833	0.4447
0.1224	0.8856	0.4411
0.1222	0.8868	0.4377
0.1229	0.8872	0.437
0.1216	0.8872	0.4371
0.1223	0.8888	0.4359
0.1254	0.8875	0.4362
0.1261	0.885	0.4388
0.1239	0.884	0.4414
0.1228	0.8832	0.4435
0.1241	0.8841	0.4456
0.1265	0.8854	0.4469
0.1269	0.8854	0.4452
0.1232	0.8826	0.4408
0.12	0.8809	0.4372
0.1204	0.8836	0.4363
0.1202	0.8842	0.4365
0.1213	0.8855	0.4379
0.1236	0.8881	0.4406
0.1247	0.8855	0.4416
0.1249	0.8833	0.4421
0.1217	0.8838	0.4414
0.1215	0.8854	0.4377
0.1291	0.8879	0.4371
0.1311	0.8865	0.4387
0.1243	0.8841	0.441
0.1193	0.8841	0.4439
0.1178	0.8838	0.4441
0.1205	0.8828	0.4441
0.1287	0.8816	0.4414
0.1314	0.8818	0.4367
0.1255	0.8826	0.4381
0.1218	0.8855	0.4415
0.1212	0.8875	0.4425
0.1207	0.8864	0.443
0.1197	0.8912	0.4445
0.1187	0.8922	0.4432
0.1209	0.8827	0.4381
0.1231	0.8808	0.4375
0.1244	0.8836	0.4384
0.1259	0.8819	0.4378
0.1261	0.8821	0.4393
0.1274	0.8828	0.4376
0.1274	0.8824	0.437
0.1254	0.8834	0.4393
0.1235	0.8859	0.4406
0.1214	0.8883	0.4419
0.1212	0.8878	0.4403
0.1233	0.8861	0.4431
0.1246	0.8853	0.4477
0.124	0.8837	0.4447
0.1239	0.8817	0.4461
0.1245	0.8825	0.4472
0.1222	0.8889	0.4378
0.1195	0.8913	0.431
0.1198	0.8838	0.4316
0.1219	0.8809	0.435
0.1235	0.8834	0.4378
0.1244	0.8826	0.4378
0.1263	0.8842	0.4397
0.1268	0.885	0.4439
0.1253	0.8841	0.4441
0.1228	0.8864	0.4438
0.1209	0.8857	0.4474
0.123	0.8837	0.4475
0.1249	0.8829	0.4448
0.125	0.883	0.4428
0.1264	0.8873	0.4356
0.1263	0.8886	0.4311
0.1239	0.885	0.4343
0.1202	0.8836	0.4372
0.118	0.8843	0.4438
0.1209	0.8829	0.4465
0.1253	0.8817	0.436
0.1257	0.8841	0.4342
0.1228	0.8851	0.4434
0.1221	0.8864	0.4449
0.1255	0.8885	0.4421
0.1263	0.8863	0.4387
0.1235	0.8863	0.4371
0.121	0.8872	0.446
0.121	0.8845	0.4494
0.1249	0.8812	0.4397
0.1266	0.8794	0.4383
0.1232	0.8821	0.4402
0.1218	0.885	0.4367
0.1224	0.8851	0.4384
0.1218	0.8861	0.4379
0.1219	0.8862	0.4373
0.1237	0.8866	0.4433
0.1267	0.8866	0.441
0.1273	0.8843	0.4375
0.126	0.8835	0.4415
0.1271	0.8836	0.4416
0.1259	0.8835	0.4405
0.1213	0.8844	0.4411
0.1203	0.8849	0.4398
0.1217	0.8847	0.4429
0.119	0.8815	0.4465
0.12	0.8892	0.4448
0.1199	0.8921	0.4422
0.1225	0.8835	0.4367
0.1245	0.8821	0.4364
0.1255	0.8849	0.4378
0.1265	0.8831	0.4378
0.1263	0.8829	0.4397
0.1272	0.8833	0.4384
0.127	0.8826	0.4379
0.1247	0.8833	0.4402
0.1228	0.8856	0.4414
0.1207	0.8879	0.4425
0.1207	0.8873	0.4406
0.1229	0.8857	0.4431
0.1244	0.8849	0.4475
0.1239	0.8834	0.4443
0.124	0.8815	0.4456
0.1247	0.8824	0.4466
0.1224	0.8889	0.4371
0.1198	0.8914	0.4305
0.1201	0.8839	0.4312
0.1222	0.8811	0.4347
0.1238	0.8836	0.4376
0.1246	0.8828	0.4377
0.1264	0.8843	0.4397
0.1269	0.8851	0.4441
0.1252	0.8842	0.4443
0.1227	0.8865	0.4441
0.1208	0.8857	0.4477
0.1229	0.8836	0.4477
0.1248	0.8828	0.445
0.1248	0.8829	0.4429
0.1263	0.8873	0.4357
0.1263	0.8886	0.4312
0.1238	0.8849	0.4343
0.1202	0.8836	0.4371
0.118	0.8843	0.4438
0.1209	0.8828	0.4464
0.1253	0.8817	0.436
0.1258	0.8841	0.4341
0.1228	0.8851	0.4433
0.1222	0.8864	0.4449
0.1256	0.8885	0.4421
0.1263	0.8864	0.4386
0.1235	0.8863	0.4371
0.121	0.8873	0.446
0.121	0.8845	0.4495
0.1249	0.8813	0.4397
0.1266	0.8794	0.4384
0.1232	0.8821	0.4402
0.1218	0.885	0.4367
0.1224	0.8851	0.4385
0.1218	0.8861	0.4379
0.1218	0.8862	0.4373
0.1237	0.8866	0.4433
0.1267	0.8866	0.441
0.1273	0.8843	0.4375
0.126	0.8835	0.4415
0.1271	0.8836	0.4416
0.1259	0.8835	0.4405
0.1213	0.8844	0.4411
0.1203	0.8849	0.4398
0.1217	0.8847	0.4429
0.1208	0.8856	0.4448
0.1193	0.8862	0.4421
0.1197	0.8853	0.4438
0.1208	0.8853	0.4431
0.123	0.8852	0.4382
0.1258	0.8843	0.4371
0.1266	0.8842	0.4371
0.1272	0.8838	0.4395
0.1275	0.8844	0.4399
0.1262	0.8851	0.4337
0.1255	0.8853	0.4336
0.1244	0.8851	0.4411
0.1226	0.8823	0.4442
0.1224	0.8835	0.4437
0.1226	0.8876	0.4434
0.1228	0.8854	0.4429
0.1219	0.8828	0.4457
0.1189	0.8826	0.4463
0.119	0.8835	0.4406
0.124	0.8886	0.4394
0.1257	0.8901	0.4401
0.1241	0.8865	0.4363
0.1242	0.8845	0.4359
0.1238	0.8822	0.4372
0.1236	0.8799	0.437
0.1251	0.8795	0.4404
0.1256	0.8824	0.4433
0.1277	0.887	0.4421
0.1289	0.8874	0.4409
0.123	0.8863	0.4418
0.1185	0.8857	0.4462
0.1198	0.8842	0.4472
0.1201	0.8843	0.4382
0.1204	0.8869	0.4333
0.1201	0.8891	0.4366
0.1208	0.8869	0.438
0.1276	0.8853	0.4406
0.1304	0.8862	0.4428
0.1261	0.8843	0.4416
0.124	0.8795	0.4399
0.1239	0.8777	0.4372
0.1253	0.8837	0.4411
0.1265	0.8862	0.4461
0.1227	0.8834	0.4421
0.1211	0.8853	0.4395
0.1219	0.8843	0.44
0.1203	0.8825	0.4403
0.1218	0.8862	0.4417
0.123	0.8876	0.4406
0.1218	0.888	0.4379
0.1232	0.8883	0.4381
0.1237	0.8869	0.4425
0.1238	0.8843	0.4443
0.1245	0.8823	0.4412
0.1242	0.8844	0.439
0.1253	0.8855	0.4386
0.1258	0.8846	0.4386
0.1259	0.8845	0.4383
0.1255	0.8829	0.4394
0.1208	0.8824	0.4436
0.1184	0.8823	0.4445
0.1231	0.8817	0.4403
0.1284	0.8829	0.4378
0.1288	0.8834	0.4393
0.1251	0.8857	0.4427
0.1202	0.8884	0.441
0.1184	0.8883	0.4436
0.1184	0.8883	0.4435
0.1202	0.8876	0.439
0.1231	0.8859	0.438
0.1244	0.8849	0.4382
0.1256	0.8837	0.4405
0.1265	0.8836	0.4407
0.1259	0.8839	0.4343
0.1258	0.8839	0.434
0.1251	0.8836	0.4413
0.1236	0.881	0.4441
0.1235	0.8824	0.4436
0.1237	0.8868	0.4431
0.1237	0.885	0.4425
0.1226	0.8827	0.4453
0.1193	0.8828	0.446
0.1193	0.8839	0.4403
0.124	0.8892	0.4391
0.1256	0.8907	0.4399
0.1238	0.8871	0.4362
0.1239	0.8851	0.4359
0.1234	0.8826	0.4372
0.1231	0.8803	0.4371
0.1247	0.8797	0.4405
0.1253	0.8825	0.4434
0.1274	0.8869	0.4423
0.1288	0.8872	0.4411
0.1229	0.8861	0.4419
0.1185	0.8854	0.4463
0.1198	0.884	0.4473
0.1202	0.8841	0.4382
0.1206	0.8867	0.4333
0.1203	0.8889	0.4366
0.121	0.8868	0.4379
0.1277	0.8853	0.4405
0.1305	0.8862	0.4427
0.1261	0.8844	0.4415
0.124	0.8795	0.4399
0.1239	0.8778	0.4372
0.1253	0.8838	0.4411
0.1265	0.8863	0.4461
0.1227	0.8834	0.4421
0.121	0.8853	0.4395
0.1219	0.8843	0.44
0.1203	0.8825	0.4403
0.1217	0.8862	0.4417
0.123	0.8876	0.4406
0.1218	0.8879	0.4379
0.1232	0.8883	0.4382
0.1237	0.8868	0.4425
0.1238	0.8843	0.4444
0.1245	0.8822	0.4412
0.1242	0.8844	0.439
0.1253	0.8855	0.4386
0.1259	0.8845	0.4385
0.126	0.8845	0.4383
0.1255	0.8829	0.4394
0.1208	0.8824	0.4436
0.1184	0.8824	0.4445
0.1231	0.8817	0.4403
0.1284	0.8829	0.4378
0.1288	0.8834	0.4393
0.1242	0.8851	0.4443
0.1187	0.8883	0.4461
0.1184	0.8887	0.4385
0.1213	0.8889	0.4351
0.1217	0.8887	0.4389
0.1214	0.8864	0.4386
0.1237	0.8841	0.4413
0.1296	0.8828	0.4447
0.1314	0.8831	0.4406
0.1236	0.8841	0.4385
0.1198	0.8838	0.4388
0.1224	0.8836	0.438
0.1221	0.8837	0.4368
0.1233	0.8819	0.4376
0.1241	0.8815	0.4464
0.1229	0.884	0.4501
0.1238	0.8852	0.444
0.1219	0.8851	0.4413
0.1213	0.8862	0.4375
0.1239	0.8872	0.4343
0.1239	0.8865	0.4416
0.1241	0.8844	0.4461
0.1239	0.8843	0.4427
0.1247	0.887	0.4392
0.1267	0.8877	0.4351
0.1254	0.8847	0.4354
0.1258	0.8838	0.4384
0.1255	0.8844	0.4394
0.1215	0.8832	0.4426
0.1203	0.8835	0.4425
0.1206	0.884	0.441
0.1216	0.8835	0.4435
0.1241	0.8844	0.4425
0.1232	0.8844	0.4403
0.1207	0.8845	0.4402
0.1218	0.885	0.4389
0.1236	0.8844	0.4369
0.1243	0.885	0.4361
0.1256	0.8863	0.4395
0.1246	0.8872	0.4438
0.1243	0.8851	0.4452
0.1262	0.8819	0.4437
0.1255	0.883	0.4427
0.1245	0.8849	0.4434
0.1246	0.8852	0.4413
0.1257	0.8869	0.4388
0.1257	0.887	0.437
0.1215	0.8857	0.4365
0.1171	0.8852	0.4393
0.1172	0.8828	0.4402
0.1214	0.8794	0.4406
0.1233	0.8804	0.4423
0.122	0.8875	0.4436
0.1245	0.8909	0.4434
0.128	0.886	0.4385
0.1278	0.8849	0.4359
0.1264	0.8852	0.438
0.1257	0.8822	0.4363
0.1256	0.8838	0.4369
0.1237	0.8837	0.4435
0.1212	0.882	0.4461
0.1217	0.884	0.4449
0.1226	0.8832	0.4435
0.1211	0.8851	0.4411
0.1197	0.8876	0.4346
0.1186	0.8877	0.4438
0.1209	0.8866	0.4402
0.125	0.8863	0.4384
0.1257	0.8863	0.4422
0.1249	0.8846	0.4411
0.1264	0.883	0.4426
0.1314	0.8825	0.4447
0.1321	0.8835	0.4396
0.1234	0.8849	0.4368
0.1189	0.8848	0.4366
0.121	0.8848	0.4359
0.1205	0.8849	0.4348
0.1216	0.8829	0.4361
0.1226	0.8822	0.4454
0.1217	0.8845	0.4496
0.1229	0.8853	0.444
0.1214	0.885	0.4419
0.1212	0.8859	0.4384
0.1241	0.8868	0.4353
0.1243	0.886	0.4427
0.1247	0.8839	0.4472
0.1245	0.8838	0.4436
0.1254	0.8866	0.44
0.1273	0.8874	0.4356
0.1259	0.8845	0.4357
0.1262	0.8837	0.4385
0.1257	0.8844	0.4392
0.1216	0.8833	0.4423
0.1203	0.8836	0.4421
0.1205	0.8842	0.4405
0.1214	0.8837	0.4431
0.1238	0.8846	0.4421
0.1229	0.8846	0.44
0.1204	0.8847	0.4399
0.1216	0.8851	0.4388
0.1235	0.8845	0.4368
0.1242	0.885	0.4361
0.1255	0.8863	0.4396
0.1246	0.8871	0.4439
0.1243	0.8851	0.4454
0.1263	0.8818	0.4438
0.1256	0.8829	0.4428
0.1246	0.8848	0.4435
0.1247	0.8852	0.4414
0.1258	0.8869	0.4389
0.1258	0.887	0.437
0.1215	0.8857	0.4365
0.1171	0.8852	0.4393
0.1173	0.8828	0.4401
0.1214	0.8794	0.4406
0.1233	0.8805	0.4423
0.1219	0.8875	0.4435
0.1244	0.8909	0.4433
0.128	0.886	0.4385
0.1277	0.8849	0.4359
0.1264	0.8853	0.438
0.1257	0.8822	0.4363
0.1256	0.8838	0.4369
0.1237	0.8837	0.4435
0.1212	0.882	0.4462
0.1217	0.884	0.4449
0.1226	0.8832	0.4435
0.1211	0.8851	0.4411
0.1189	0.8885	0.4394
0.1195	0.8882	0.4388
0.1227	0.8885	0.4397
0.1248	0.8842	0.441
0.1254	0.8805	0.4395
0.1254	0.8836	0.4391
0.1253	0.8856	0.441
0.1253	0.8873	0.4415
0.1271	0.8868	0.4403
0.1292	0.8817	0.441
0.127	0.88	0.4429
0.1221	0.8826	0.4403
0.1197	0.884	0.439
0.1203	0.8849	0.4373
0.1206	0.8869	0.4333
0.1204	0.8868	0.439
0.1202	0.8862	0.4432
0.1209	0.8873	0.4429
0.1253	0.8858	0.4465
0.1273	0.8842	0.4443
0.1226	0.8843	0.4449
0.1219	0.8836	0.445
0.1251	0.8853	0.4353
0.1263	0.8857	0.4325
0.1281	0.882	0.4339
0.1274	0.8805	0.4358
0.1241	0.8831	0.4403
0.1223	0.887	0.4414
0.1211	0.8879	0.445
0.1211	0.884	0.4481
0.1219	0.8825	0.4448
0.1218	0.8859	0.4435
0.1211	0.8865	0.442
0.1208	0.8856	0.4401
0.1222	0.8853	0.4414
0.1246	0.8836	0.4368
0.1272	0.8838	0.4315
0.129	0.8839	0.4346
0.1269	0.8837	0.4368
0.1242	0.8855	0.4403
0.1235	0.8854	0.4445
0.1218	0.8865	0.4421
0.1211	0.8869	0.443
0.1219	0.8842	0.4446
0.1225	0.8851	0.4422
0.1232	0.8868	0.4413
0.1221	0.8858	0.4396
0.1214	0.8829	0.4406
0.1229	0.88	0.4416
0.1239	0.8821	0.4389
0.1247	0.8846	0.4391
0.1254	0.8847	0.4392
0.1262	0.8832	0.4402
0.1259	0.8827	0.442
0.1221	0.8888	0.44
0.1208	0.8911	0.4389
0.1243	0.8858	0.4391
0.1252	0.883	0.4421
0.124	0.8801	0.4448
0.1241	0.8802	0.4425
0.1233	0.8866	0.4428
0.1233	0.8888	0.4423
0.1237	0.887	0.4377
0.1223	0.8868	0.4386
0.1211	0.8867	0.4383
0.1213	0.8855	0.4356
0.1236	0.8856	0.4365
0.1248	0.8816	0.4389
0.1246	0.8784	0.4388
0.1241	0.8822	0.44
0.1236	0.885	0.443
0.1236	0.8873	0.4443
0.1256	0.8873	0.4436
0.128	0.8826	0.4441
0.1262	0.8811	0.4456
0.1217	0.8837	0.4423
0.1198	0.8851	0.4402
0.1206	0.8858	0.4378
0.1213	0.8876	0.433
0.1212	0.8873	0.4381
0.1211	0.8864	0.4419
0.1218	0.8872	0.4414
0.126	0.8855	0.4449
0.1279	0.8839	0.4427
0.123	0.8838	0.4436
0.1221	0.8832	0.444
0.1251	0.8848	0.4346
0.1261	0.8853	0.4322
0.1279	0.8817	0.4339
0.1271	0.8802	0.436
0.1238	0.883	0.4408
0.122	0.8869	0.442
0.1207	0.888	0.4457
0.1208	0.8841	0.4487
0.1217	0.8826	0.4454
0.1217	0.8861	0.4439
0.1211	0.8867	0.4423
0.1208	0.8858	0.4403
0.1223	0.8854	0.4415
0.1247	0.8837	0.4368
0.1273	0.8839	0.4313
0.1291	0.8839	0.4344
0.127	0.8837	0.4366
0.1244	0.8854	0.4401
0.1236	0.8854	0.4443
0.1218	0.8864	0.4419
0.1211	0.8868	0.4429
0.1219	0.8841	0.4445
0.1225	0.8851	0.4421
0.1231	0.8867	0.4413
0.122	0.8857	0.4396
0.1214	0.8828	0.4407
0.1228	0.88	0.4416
0.1238	0.8821	0.4389
0.1246	0.8846	0.4391
0.1253	0.8847	0.4393
0.1261	0.8833	0.4402
0.1259	0.8828	0.442
0.1221	0.8889	0.4401
0.1208	0.8911	0.4389
0.1243	0.8858	0.4391
0.1252	0.883	0.4421
0.124	0.8801	0.4448
0.1241	0.8802	0.4424
0.1233	0.8866	0.4428
0.1233	0.8888	0.4423
0.1237	0.887	0.4377
0.1223	0.8868	0.4386
0.1223	0.8858	0.4395
0.1232	0.8841	0.4352
0.124	0.8835	0.4338
0.124	0.8831	0.437
0.1197	0.8854	0.44
0.1173	0.8869	0.4424
0.1235	0.8839	0.4447
0.1308	0.8835	0.4447
0.1307	0.8838	0.4428
0.1259	0.8807	0.4419
0.1238	0.8805	0.4433
0.1235	0.8821	0.4433
0.1211	0.8835	0.4405
0.1213	0.8866	0.441
0.1218	0.8875	0.4414
0.1189	0.8869	0.4399
0.1207	0.8888	0.44
0.125	0.8889	0.4387
0.1259	0.8868	0.4374
0.1256	0.8864	0.4362
0.1229	0.8859	0.4355
0.1223	0.8866	0.4393
0.1248	0.8861	0.4416
0.125	0.8791	0.4419
0.1247	0.8762	0.4446
0.1242	0.8801	0.4459
0.1237	0.8806	0.4446
0.1239	0.8821	0.4397
0.1223	0.8862	0.4368
0.1203	0.8878	0.4415
0.12	0.8898	0.4411
0.1233	0.89	0.4349
0.1279	0.889	0.4307
0.1282	0.889	0.4294
0.1261	0.885	0.4366
0.1243	0.8823	0.4454
0.123	0.8823	0.454
0.1227	0.8808	0.4605
0.1207	0.8816	0.4501
0.119	0.8829	0.4411
0.1207	0.8837	0.4408
0.1225	0.8846	0.4339
0.1239	0.8847	0.4326
0.125	0.8855	0.4339
0.1251	0.8851	0.4338
0.1257	0.8852	0.4386
0.1253	0.8865	0.4382
0.1236	0.887	0.44
0.1214	0.8867	0.4431
0.1206	0.8844	0.4408
0.1231	0.8824	0.4421
0.1253	0.8829	0.4411
0.1266	0.8847	0.4399
0.128	0.8867	0.4418
0.1269	0.887	0.4416
0.1217	0.8856	0.4437
0.117	0.8837	0.4452
0.1185	0.8828	0.4438
0.1226	0.8835	0.4406
0.124	0.8842	0.439
0.1232	0.885	0.4403
0.1241	0.8846	0.4366
0.1276	0.8847	0.4338
0.1281	0.8857	0.4371
0.1292	0.8823	0.4437
0.1246	0.8832	0.4404
0.1221	0.8844	0.4385
0.1206	0.885	0.4405
0.1159	0.8878	0.442
0.1139	0.8894	0.4429
0.1209	0.8861	0.4439
0.1292	0.8852	0.4429
0.1301	0.8848	0.4405
0.1262	0.881	0.4394
0.1248	0.8804	0.441
0.1248	0.8815	0.4413
0.1226	0.8825	0.439
0.1229	0.8855	0.4401
0.1232	0.8864	0.4412
0.1199	0.8859	0.4402
0.1214	0.888	0.4407
0.1253	0.8883	0.4397
0.1259	0.8864	0.4386
0.1253	0.8862	0.4374
0.1224	0.8859	0.4366
0.1217	0.8869	0.4402
0.1242	0.8865	0.4422
0.1244	0.8795	0.4423
0.1241	0.8767	0.4448
0.1237	0.8806	0.4458
0.1233	0.8809	0.4444
0.1237	0.8824	0.4393
0.1222	0.8864	0.4364
0.1204	0.8879	0.441
0.1202	0.8899	0.4407
0.1235	0.8899	0.4345
0.1281	0.8888	0.4304
0.1285	0.8888	0.4291
0.1264	0.8848	0.4365
0.1245	0.8821	0.4454
0.1231	0.8822	0.454
0.1228	0.8807	0.4607
0.1207	0.8815	0.4503
0.119	0.8829	0.4412
0.1207	0.8837	0.441
0.1225	0.8846	0.4341
0.1238	0.8847	0.4328
0.1249	0.8855	0.434
0.125	0.8852	0.4339
0.1257	0.8853	0.4386
0.1252	0.8866	0.4382
0.1235	0.887	0.44
0.1214	0.8868	0.443
0.1205	0.8845	0.4408
0.1231	0.8824	0.442
0.1253	0.8829	0.441
0.1266	0.8847	0.4399
0.1281	0.8867	0.4417
0.1269	0.8869	0.4416
0.1217	0.8856	0.4437
0.117	0.8837	0.4452
0.1185	0.8828	0.4438
0.1227	0.8835	0.4406
0.124	0.8842	0.439
0.1232	0.885	0.4403
0.1241	0.8846	0.4367
0.1276	0.8847	0.4338
0.1281	0.8857	0.4372
0.127	0.8833	0.44
0.1253	0.8826	0.4426
0.1215	0.885	0.445
0.1214	0.885	0.4437
0.1219	0.8845	0.4392
0.1193	0.8852	0.4378
0.119	0.8856	0.4395
0.1206	0.8865	0.4381
0.1239	0.8879	0.4407
0.1259	0.889	0.4446
0.124	0.8872	0.4438
0.1239	0.8822	0.4446
0.1261	0.8797	0.4427
0.1269	0.8829	0.44
0.1265	0.8841	0.4386
0.1254	0.882	0.4356
0.1244	0.883	0.4363
0.1232	0.8842	0.4363
0.1212	0.8854	0.4399
0.1206	0.8875	0.4456
0.1214	0.8861	0.4418
0.1228	0.8834	0.4413
0.1238	0.8824	0.4433
0.1222	0.8847	0.4416
0.1219	0.887	0.4417
0.1249	0.8868	0.4395
0.1246	0.8875	0.4371
0.122	0.8855	0.4357
0.1223	0.8834	0.436
0.1253	0.8832	0.4396
0.1265	0.8824	0.4427
0.1245	0.8862	0.4449
0.1245	0.8881	0.4452
0.1253	0.8838	0.443
0.1239	0.8834	0.4394
0.1221	0.8847	0.4379
0.1206	0.8844	0.443
0.1211	0.8853	0.4453
0.1233	0.8844	0.4407
0.1258	0.883	0.4372
0.1268	0.8839	0.4385
0.1222	0.8855	0.4414
0.1205	0.8864	0.4416
0.1239	0.8853	0.4404
0.1235	0.8841	0.435
0.1231	0.8853	0.4317
0.1244	0.8852	0.4408
0.1237	0.88	0.4448
0.1247	0.8787	0.4414
0.1247	0.8857	0.4434
0.1223	0.8886	0.4422
0.1219	0.8874	0.4421
0.1233	0.8872	0.4427
0.1236	0.8837	0.439
0.1234	0.8838	0.4423
0.1236	0.887	0.4399
0.1238	0.8864	0.4328
0.125	0.8867	0.4381
0.1256	0.8844	0.4409
0.1232	0.8819	0.4414
0.122	0.8847	0.4455
0.1228	0.8847	0.4429
0.1226	0.8844	0.4416
0.1233	0.8854	0.4427
0.1235	0.8839	0.4422
0.1256	0.8825	0.4407
0.1238	0.8844	0.4409
0.1245	0.884	0.439
0.125	0.8835	0.4348
0.1219	0.8842	0.4344
0.1207	0.8848	0.4373
0.1215	0.8859	0.4371
0.1239	0.8877	0.4408
0.1253	0.8891	0.4456
0.123	0.8875	0.4453
0.1225	0.8827	0.4464
0.1248	0.8803	0.4446
0.1257	0.8835	0.4417
0.1254	0.8847	0.44
0.1247	0.8825	0.4365
0.1239	0.8835	0.4369
0.1231	0.8844	0.4364
0.1214	0.8856	0.4397
0.1209	0.8876	0.4451
0.1219	0.886	0.4411
0.1234	0.8832	0.4405
0.1244	0.8821	0.4425
0.1227	0.8845	0.4409
0.1224	0.8868	0.4412
0.1252	0.8866	0.4391
0.1249	0.8873	0.4368
0.1221	0.8854	0.4357
0.1223	0.8833	0.436
0.1252	0.8831	0.4398
0.1263	0.8824	0.4429
0.1243	0.8863	0.4452
0.1243	0.8882	0.4455
0.1251	0.8838	0.4433
0.1237	0.8835	0.4396
0.122	0.8848	0.4381
0.1205	0.8845	0.4431
0.1211	0.8854	0.4454
0.1232	0.8845	0.4407
0.1258	0.883	0.4372
0.1269	0.8839	0.4384
0.1223	0.8855	0.4413
0.1205	0.8863	0.4415
0.124	0.8853	0.4403
0.1236	0.884	0.4349
0.1231	0.8853	0.4316
0.1244	0.8852	0.4407
0.1238	0.88	0.4447
0.1247	0.8787	0.4414
0.1247	0.8857	0.4434
0.1222	0.8886	0.4422
0.1219	0.8874	0.4421
0.1232	0.8872	0.4427
0.1236	0.8837	0.439
0.1233	0.8838	0.4423
0.1235	0.887	0.44
0.1238	0.8864	0.4328
0.125	0.8867	0.4382
0.1256	0.8844	0.4409
0.1232	0.8819	0.4414
0.122	0.8847	0.4455
0.1228	0.8847	0.4429
0.1226	0.8844	0.4416
0.1233	0.8853	0.4427
0.1241	0.8838	0.4406
0.1242	0.8843	0.4404
0.124	0.8842	0.4393
0.123	0.8833	0.4374
0.1231	0.8839	0.4369
0.1247	0.8837	0.438
0.1252	0.885	0.441
0.124	0.8852	0.4418
0.1234	0.8845	0.4432
0.1233	0.8859	0.4452
0.1224	0.8855	0.4441
0.1225	0.8845	0.4417
0.1229	0.884	0.4392
0.122	0.8851	0.4362
0.1208	0.888	0.433
0.1212	0.8877	0.4327
0.1249	0.8863	0.436
0.1262	0.8855	0.4422
0.1234	0.8844	0.4479
0.124	0.8842	0.4461
0.1268	0.8822	0.4454
0.1272	0.8794	0.4458
0.126	0.8797	0.4418
0.1241	0.8816	0.4421
0.122	0.8826	0.4395
0.1206	0.8842	0.4362
0.1213	0.8876	0.439
0.1216	0.8905	0.438
0.1221	0.8911	0.4385
0.1233	0.8883	0.4384
0.1222	0.8856	0.4346
0.1221	0.8855	0.4369
0.1238	0.8849	0.441
0.1234	0.8859	0.4458
0.123	0.8857	0.4471
0.1256	0.8804	0.4438
0.13	0.8786	0.4432
0.1294	0.8806	0.4406
0.1243	0.8818	0.4399
0.1227	0.8826	0.4424
0.1225	0.8836	0.4409
0.1206	0.8874	0.4374
0.121	0.8903	0.4351
0.1219	0.8894	0.4359
0.1202	0.8883	0.4362
0.1194	0.8846	0.4388
0.1215	0.8809	0.4454
0.1246	0.8829	0.446
0.1265	0.8846	0.4448
0.1256	0.8843	0.4439
0.1247	0.8849	0.44
0.1241	0.8868	0.4353
0.1233	0.889	0.4326
0.1271	0.8859	0.4397
0.1284	0.8809	0.4442
0.1229	0.88	0.4409
0.1227	0.8808	0.4436
0.1259	0.8837	0.4432
0.1239	0.8868	0.4417
0.1182	0.8886	0.4431
0.115	0.8872	0.4391
0.1201	0.8824	0.4375
0.126	0.8814	0.4373
0.126	0.8842	0.4385
0.1257	0.8848	0.4423
0.1248	0.8866	0.4432
0.1242	0.887	0.4422
0.123	0.8858	0.4399
0.1231	0.8858	0.4386
0.1249	0.8849	0.439
0.1254	0.8854	0.4411
0.1243	0.8848	0.4414
0.1237	0.8836	0.4423
0.1236	0.8846	0.4442
0.1226	0.884	0.443
0.1226	0.883	0.4407
0.1229	0.8827	0.4384
0.1219	0.884	0.4356
0.1207	0.8872	0.4327
0.121	0.8873	0.4327
0.1246	0.8862	0.4362
0.126	0.8857	0.4426
0.1232	0.8848	0.4483
0.1238	0.8848	0.4466
0.1266	0.8829	0.4459
0.1271	0.88	0.4462
0.126	0.8803	0.4422
0.1241	0.8821	0.4423
0.1221	0.883	0.4396
0.1207	0.8844	0.4362
0.1213	0.8876	0.4389
0.1217	0.8905	0.4378
0.1222	0.891	0.4383
0.1233	0.8881	0.4382
0.1223	0.8853	0.4344
0.1222	0.8853	0.4367
0.1238	0.8847	0.4408
0.1234	0.8857	0.4457
0.123	0.8855	0.447
0.1256	0.8803	0.4438
0.1299	0.8785	0.4432
0.1294	0.8806	0.4407
0.1242	0.8818	0.4399
0.1226	0.8826	0.4425
0.1225	0.8837	0.441
0.1206	0.8875	0.4375
0.1209	0.8904	0.4351
0.1219	0.8895	0.4359
0.1202	0.8884	0.4362
0.1194	0.8846	0.4388
0.1215	0.8809	0.4454
0.1246	0.8829	0.446
0.1265	0.8846	0.4448
0.1256	0.8843	0.4438
0.1247	0.8849	0.44
0.1241	0.8868	0.4353
0.1233	0.889	0.4325
0.1271	0.8858	0.4397
0.1284	0.8809	0.4442
0.1229	0.88	0.4409
0.1227	0.8808	0.4436
0.1259	0.8837	0.4432
0.1239	0.8868	0.4417
0.1181	0.8886	0.4431
0.115	0.8872	0.4391
0.1201	0.8824	0.4375
0.126	0.8815	0.4373
0.126	0.8842	0.4385
0.1226	0.885	0.4431
0.1218	0.8848	0.4423
0.1282	0.885	0.4426
0.1313	0.8862	0.4429
0.1264	0.8886	0.439
0.1239	0.8892	0.4378
0.122	0.8866	0.4377
0.1196	0.8846	0.4396
0.1192	0.8842	0.4438
0.1196	0.8831	0.4443
0.1216	0.8825	0.4391
0.1225	0.8822	0.4341
0.1245	0.8819	0.4367
0.1272	0.8824	0.4395
0.1256	0.8834	0.441
0.1252	0.8851	0.443
0.1253	0.8853	0.4416
0.1239	0.8835	0.443
0.1248	0.8835	0.4438
0.1257	0.8866	0.442
0.125	0.8881	0.4431
0.1214	0.8872	0.4421
0.1189	0.8879	0.4408
0.1217	0.8866	0.4398
0.1218	0.8836	0.4378
0.1215	0.8829	0.4374
0.1239	0.8825	0.4371
0.1239	0.8848	0.44
0.1254	0.8865	0.4435
0.1256	0.8841	0.4425
0.1223	0.8843	0.4398
0.1209	0.8845	0.4376
0.1215	0.8828	0.4392
0.1249	0.884	0.4398
0.1284	0.8854	0.4377
0.1277	0.8852	0.4402
0.1256	0.8846	0.4413
0.1229	0.8851	0.4394
0.1194	0.8863	0.4416
0.1182	0.8855	0.4463
0.1225	0.8832	0.4474
0.1252	0.8822	0.4402
0.1237	0.884	0.4371
0.1267	0.8849	0.4422
0.1269	0.8843	0.4409
0.1232	0.8857	0.4393
0.1235	0.886	0.4407
0.1209	0.8854	0.4385
0.1196	0.8847	0.4384
0.1222	0.8839	0.4395
0.1238	0.887	0.4398
0.1269	0.8874	0.4404
0.1266	0.8829	0.4403
0.1243	0.8826	0.4431
0.1227	0.8847	0.4431
0.12	0.885	0.4371
0.1208	0.885	0.4353
0.1224	0.8853	0.4395
0.1249	0.8844	0.4424
0.1265	0.8833	0.4427
0.1241	0.8841	0.4433
0.1246	0.8846	0.4424
0.1243	0.8854	0.4415
0.1226	0.8869	0.4409
0.122	0.8829	0.4377
0.1205	0.8825	0.4385
0.1266	0.883	0.4404
0.1297	0.8847	0.4421
0.125	0.8875	0.4393
0.1229	0.8887	0.439
0.1215	0.8866	0.4392
0.1194	0.885	0.4412
0.1194	0.8849	0.4453
0.1201	0.8839	0.4456
0.1222	0.8834	0.4399
0.1232	0.8831	0.4345
0.1252	0.8826	0.4367
0.1278	0.8829	0.4391
0.1261	0.8837	0.4404
0.1256	0.8852	0.4422
0.1255	0.8853	0.4408
0.1239	0.8833	0.4422
0.1248	0.8832	0.443
0.1255	0.8863	0.4414
0.1248	0.8877	0.4427
0.1212	0.8868	0.4419
0.1187	0.8876	0.4408
0.1215	0.8864	0.4399
0.1216	0.8835	0.438
0.1214	0.8828	0.4377
0.1238	0.8825	0.4374
0.1239	0.8848	0.4403
0.1254	0.8866	0.4438
0.1256	0.8842	0.4428
0.1223	0.8844	0.44
0.121	0.8847	0.4377
0.1216	0.883	0.4392
0.125	0.8841	0.4398
0.1285	0.8855	0.4377
0.1278	0.8852	0.4401
0.1257	0.8846	0.4412
0.1229	0.8851	0.4393
0.1194	0.8863	0.4415
0.1182	0.8855	0.4462
0.1225	0.8832	0.4473
0.1251	0.8822	0.4401
0.1236	0.8839	0.437
0.1267	0.8848	0.4422
0.1269	0.8843	0.441
0.1231	0.8857	0.4393
0.1235	0.886	0.4407
0.1209	0.8854	0.4385
0.1196	0.8847	0.4384
0.1222	0.884	0.4395
0.1238	0.887	0.4399
0.1269	0.8874	0.4404
0.1266	0.8829	0.4404
0.1243	0.8826	0.4431
0.1227	0.8847	0.4431
0.12	0.885	0.4371
0.1208	0.885	0.4353
0.1224	0.8853	0.4395
0.1249	0.8844	0.4424
0.1265	0.8833	0.4427
0.1241	0.8841	0.4433
0.1246	0.8846	0.4424
0.1243	0.8854	0.4415
0.1226	0.8869	0.4409
0.1237	0.8861	0.4371
0.1245	0.8823	0.4372
0.1248	0.8806	0.4416
0.122	0.8842	0.4402
0.1205	0.8853	0.4402
0.1235	0.8841	0.4424
0.1231	0.8863	0.4401
0.1217	0.8875	0.4426
0.1218	0.8878	0.4447
0.1228	0.8876	0.441
0.1271	0.8848	0.4413
0.128	0.8828	0.4402
0.1245	0.88	0.4378
0.1233	0.8806	0.4381
0.1228	0.8866	0.4362
0.1219	0.8883	0.435
0.1227	0.8852	0.4366
0.1239	0.8839	0.4423
0.1235	0.8853	0.4459
0.1217	0.8851	0.4438
0.1218	0.883	0.4445
0.1269	0.8809	0.4437
0.1284	0.8798	0.4402
0.1224	0.884	0.4404
0.1211	0.8892	0.4419
0.1224	0.8893	0.4444
0.121	0.8891	0.4425
0.1224	0.8907	0.4344
0.1233	0.89	0.4324
0.1229	0.8835	0.4384
0.1269	0.8772	0.4412
0.1271	0.8773	0.44
0.1214	0.8802	0.4409
0.1205	0.8844	0.4415
0.1246	0.8867	0.4414
0.1253	0.8839	0.4408
0.1242	0.8828	0.4379
0.1256	0.8839	0.4398
0.1254	0.885	0.443
0.1227	0.889	0.4419
0.1212	0.8897	0.4403
0.1211	0.8863	0.4398
0.122	0.8859	0.4445
0.1227	0.8847	0.4461
0.123	0.8846	0.4405
0.1246	0.8869	0.4396
0.1244	0.8856	0.4392
0.1236	0.8847	0.4372
0.1245	0.8825	0.4397
0.1244	0.88	0.4409
0.124	0.8818	0.4405
0.1232	0.8813	0.4408
0.1225	0.8824	0.439
0.1237	0.8855	0.4386
0.1241	0.8863	0.4392
0.1233	0.8888	0.4388
0.1235	0.8879	0.4401
0.1234	0.8867	0.4414
0.1245	0.887	0.4414
0.1261	0.8835	0.4416
0.1244	0.884	0.4411
0.1214	0.8856	0.4405
0.1198	0.884	0.4406
0.1206	0.8835	0.4415
