0.8491	0.01929	-0.1586
0.8459	0.01312	-0.1669
0.8498	-0.08041	-0.1508
0.8347	-0.2524	-0.202
0.8133	-0.4679	-0.2638
0.7843	-0.6189	-0.2519
0.8065	-0.7456	-0.07194
0.9006	-0.916	0.2808
1.105	-0.7739	0.4817
1.418	-0.3096	0.3549
1.636	-0.04804	0.2716
1.675	-0.03108	0.3618
1.603	-0.1336	0.3477
1.394	-0.2495	0.3235
1.053	-0.1901	0.3454
0.8019	-0.1031	0.2584
0.7527	-0.02768	0.2033
0.6857	-0.007518	0.1875
0.6082	-0.1411	0.1755
0.6163	-0.225	0.2061
0.5504	-0.2882	0.1685
0.495	-0.3252	0.1585
0.4953	-0.2907	0.1699
0.4795	-0.3296	0.1234
0.5768	-0.318	0.1043
0.7132	-0.2511	0.05376
0.8237	-0.2019	0.01282
0.9442	-0.1634	-0.03244
0.9965	-0.1714	-0.1027
0.9807	-0.1107	-0.02312
0.9396	-0.07853	0.06761
0.9536	-0.1148	0.04121
0.9937	-0.1041	0.01044
1.15	-0.1776	-0.09152
1.577	-0.3136	-0.2977
1.796	-0.4273	-0.3465
1.521	-0.5028	-0.09034
1.216	-0.4912	0.1672
1.207	-0.4083	0.1663
1.433	-0.25	0.04344
1.577	-0.1228	0.0004114
1.286	-0.05589	0.04352
0.8343	-0.02339	0.06553
0.7883	-0.1167	0.0467
0.9247	-0.1867	-0.001142
0.8968	-0.1487	-0.06708
0.8752	-0.08158	-0.08446
0.8558	0.03244	-0.07022
0.854	0.06645	-0.1048
0.8713	-0.0264	-0.1531
0.7847	-0.1291	-0.1363
0.6828	-0.1943	-0.07293
0.5672	-0.1849	0.04557
0.5371	-0.1352	0.148
0.7541	-0.08416	0.03386
1.08	-0.04434	-0.2022
1.218	-0.09343	-0.3184
1.006	-0.2478	-0.2684
0.792	-0.4698	-0.08889
0.8382	-0.6492	0.144
1.062	-0.6195	0.3318
1.468	-0.4526	0.3404
1.716	-0.3204	0.2171
1.6	-0.2728	0.1982
1.521	-0.3221	0.2833
1.462	-0.325	0.3558
1.198	-0.2412	0.3339
0.997	-0.1909	0.2564
0.8951	-0.1169	0.2407
0.7489	-0.03895	0.1836
0.6751	0.01001	0.1162
0.6132	0.0311	0.1088
0.5911	-0.0722	0.08914
0.6218	-0.2194	0.1256
0.5438	-0.3365	0.1624
0.5494	-0.3728	0.1737
0.6461	-0.2834	0.1583
0.7564	-0.1869	0.05367
0.9612	-0.1092	-0.006554
1.015	-0.0963	-0.02986
0.958	-0.1694	-0.0002093
0.9519	-0.2468	0.1156
0.8917	-0.3143	0.1648
0.8721	-0.2774	0.1849
0.9216	-0.2068	0.1914
0.9602	-0.2369	0.1641
1.017	-0.2766	0.07838
1.218	-0.3456	-0.1455
1.598	-0.4312	-0.3435
1.793	-0.4604	-0.3848
1.563	-0.4816	-0.2208
1.215	-0.4346	0.1178
1.123	-0.3228	0.279
1.274	-0.191	0.06547
1.349	0.006547	-0.1257
1.1	0.14	0.06158
0.7969	0.1602	0.1926
0.8479	0.1371	0.03429
1.017	0.009676	-0.04207
1.049	-0.105	-0.1004
1.001	-0.05918	-0.1364
0.8506	-0.01297	-0.0518
0.7599	-0.05278	-0.06697
0.7132	-0.05864	-0.07227
0.6192	-0.07861	-0.08328
0.6462	-0.1626	-0.1528
0.7321	-0.1722	-0.05949
0.8355	-0.1628	0.02061
0.9168	-0.1901	-0.009767
0.897	-0.1507	-0.01864
0.9168	-0.138	-0.04764
0.8871	-0.2286	-0.1118
0.8102	-0.4204	-0.195
0.9186	-0.6687	-0.1739
1.131	-0.7114	0.01071
1.389	-0.4195	0.19
1.693	-0.0283	0.226
1.783	0.05466	0.2023
1.562	-0.2607	0.3616
1.261	-0.4911	0.5291
1.072	-0.3642	0.3977
1.016	-0.2044	0.2355
0.9805	-0.1329	0.218
0.8585	0.0009355	0.1829
0.7322	0.06774	0.1469
0.6918	0.03103	0.151
0.6343	-0.03207	0.1439
0.522	-0.183	0.1232
1.521	-0.3221	0.2833
1.462	-0.325	0.3558
1.198	-0.2412	0.3339
0.997	-0.1909	0.2564
0.8951	-0.1169	0.2407
0.7489	-0.03895	0.1836
0.6751	0.01001	0.1162
0.6132	0.0311	0.1088
0.5911	-0.0722	0.08914
0.6218	-0.2194	0.1256
0.5438	-0.3365	0.1624
0.5494	-0.3728	0.1737
0.6461	-0.2834	0.1583
0.7564	-0.1869	0.05367
0.9612	-0.1092	-0.006554
1.015	-0.0963	-0.02986
0.958	-0.1694	-0.0002093
0.9519	-0.2468	0.1156
0.8917	-0.3143	0.1648
0.8721	-0.2774	0.1849
0.9216	-0.2068	0.1914
0.9602	-0.2369	0.1641
1.017	-0.2766	0.07838
1.218	-0.3456	-0.1455
1.598	-0.4312	-0.3435
1.793	-0.4604	-0.3848
1.563	-0.4816	-0.2208
1.215	-0.4346	0.1178
1.123	-0.3228	0.279
1.274	-0.191	0.06547
1.349	0.006547	-0.1257
1.1	0.14	0.06158
0.7969	0.1602	0.1926
0.8479	0.1371	0.03429
1.017	0.009676	-0.04207
1.049	-0.105	-0.1004
1.001	-0.05918	-0.1364
0.8506	-0.01297	-0.0518
0.7599	-0.05278	-0.06697
0.7132	-0.05864	-0.07227
0.6192	-0.07861	-0.08328
0.6462	-0.1626	-0.1528
0.7321	-0.1722	-0.05949
0.8355	-0.1628	0.02061
0.9168	-0.1901	-0.009767
0.897	-0.1507	-0.01864
0.9168	-0.138	-0.04764
0.8871	-0.2286	-0.1118
0.8102	-0.4204	-0.195
0.9186	-0.6687	-0.1739
1.131	-0.7114	0.01071
1.389	-0.4195	0.19
1.693	-0.0283	0.226
1.783	0.05466	0.2023
1.562	-0.2607	0.3616
1.261	-0.4911	0.5291
1.072	-0.3642	0.3977
1.016	-0.2044	0.2355
0.9805	-0.1329	0.218
0.8585	0.0009355	0.1829
0.7322	0.06774	0.1469
0.6918	0.03103	0.151
0.6343	-0.03207	0.1439
0.522	-0.183	0.1232
0.467	-0.2951	0.1124
0.4768	-0.3458	0.1024
0.5938	-0.368	0.03716
0.8808	-0.2862	-0.07023
1.079	-0.2347	-0.1091
1.074	-0.2098	-0.02791
1.052	-0.2016	0.08582
1.007	-0.2367	0.1396
0.9619	-0.1895	0.1731
0.9836	-0.1778	0.1812
1.03	-0.2091	0.06736
1.221	-0.2153	-0.1552
1.599	-0.3173	-0.3814
1.78	-0.4417	-0.4118
1.408	-0.499	-0.1268
0.9499	-0.4935	0.2007
0.9748	-0.4371	0.2286
1.195	-0.2361	0.03006
1.4	0.1446	-0.1248
1.516	0.341	-0.1717
1.226	0.2607	-0.1072
0.8531	0.1689	0.02568
0.8417	0.07858	0.05479
0.9577	-0.04328	-0.02468
0.9621	-0.1395	-0.1001
0.8872	-0.1156	-0.09461
0.8352	0.005458	-0.0688
0.8931	0.04079	-0.1246
0.9516	0.02167	-0.1551
0.8882	0.0123	-0.1571
0.7856	-0.04088	-0.09459
0.7046	-0.08107	0.06202
0.7109	-0.09529	0.06131
0.878	-0.05681	-0.02242
1.047	0.02085	-0.07539
1.05	-0.008326	-0.1768
0.8864	-0.08831	-0.2052
0.7403	-0.2183	-0.2174
0.8246	-0.4808	-0.2813
1.023	-0.7213	-0.2664
1.237	-0.8132	-0.08462
1.391	-0.6981	0.236
1.338	-0.408	0.4339
1.321	-0.1729	0.4056
1.43	-0.205	0.2825
1.471	-0.3149	0.1679
1.458	-0.2261	0.1956
1.253	-0.2167	0.2318
0.9238	-0.2678	0.1321
0.8318	-0.1548	0.09532
0.8233	-0.1533	0.1075
0.7098	-0.1335	0.07168
0.7099	-0.09471	0.08189
0.7939	-0.2329	0.08837
0.7674	-0.2534	0.07011
0.7533	-0.2367	0.07724
0.7625	-0.2139	0.09094
0.7086	-0.1251	0.1257
0.747	-0.1455	0.1391
0.8242	-0.1233	0.1237
0.8788	-0.1118	0.1276
0.9708	-0.1677	0.1385
0.9867	-0.1869	0.174
0.9325	-0.1968	0.2435
0.467	-0.2951	0.1124
0.4768	-0.3458	0.1024
0.5938	-0.368	0.03716
0.8808	-0.2862	-0.07023
1.079	-0.2347	-0.1091
1.074	-0.2098	-0.02791
1.052	-0.2016	0.08582
1.007	-0.2367	0.1396
0.9619	-0.1895	0.1731
0.9836	-0.1778	0.1812
1.03	-0.2091	0.06736
1.221	-0.2153	-0.1552
1.599	-0.3173	-0.3814
1.78	-0.4417	-0.4118
1.408	-0.499	-0.1268
0.9499	-0.4935	0.2007
0.9748	-0.4371	0.2286
1.195	-0.2361	0.03006
1.4	0.1446	-0.1248
1.516	0.341	-0.1717
1.226	0.2607	-0.1072
0.8531	0.1689	0.02568
0.8417	0.07858	0.05479
0.9577	-0.04328	-0.02468
0.9621	-0.1395	-0.1001
0.8872	-0.1156	-0.09461
0.8352	0.005458	-0.0688
0.8931	0.04079	-0.1246
0.9516	0.02167	-0.1551
0.8882	0.0123	-0.1571
0.7856	-0.04088	-0.09459
0.7046	-0.08107	0.06202
0.7109	-0.09529	0.06131
0.878	-0.05681	-0.02242
1.047	0.02085	-0.07539
1.05	-0.008326	-0.1768
0.8864	-0.08831	-0.2052
0.7403	-0.2183	-0.2174
0.8246	-0.4808	-0.2813
1.023	-0.7213	-0.2664
1.237	-0.8132	-0.08462
1.391	-0.6981	0.236
1.338	-0.408	0.4339
1.321	-0.1729	0.4056
1.43	-0.205	0.2825
1.471	-0.3149	0.1679
1.458	-0.2261	0.1956
1.253	-0.2167	0.2318
0.9238	-0.2678	0.1321
0.8318	-0.1548	0.09532
0.8233	-0.1533	0.1075
0.7098	-0.1335	0.07168
0.7099	-0.09471	0.08189
0.7939	-0.2329	0.08837
0.7674	-0.2534	0.07011
0.7533	-0.2367	0.07724
0.7625	-0.2139	0.09094
0.7086	-0.1251	0.1257
0.747	-0.1455	0.1391
0.8242	-0.1233	0.1237
0.8788	-0.1118	0.1276
0.9708	-0.1677	0.1385
0.9867	-0.1869	0.174
0.9325	-0.1968	0.2435
0.8306	-0.0683	0.2834
0.7781	0.1077	0.1986
0.863	0.1556	0.02743
0.8929	0.05579	-0.1049
0.9199	-0.198	-0.2465
1.187	-0.5547	-0.4352
1.682	-0.9315	-0.5713
1.936	-1.022	-0.5466
1.643	-0.7555	-0.2145
1.349	-0.3862	0.3261
1.321	-0.02695	0.516
1.318	0.1999	0.1748
1.3	0.2718	-0.07609
1.123	0.1859	-0.003317
0.8715	-0.02782	0.02055
0.7646	-0.1723	-0.007764
0.6984	-0.1968	-0.009692
0.6923	-0.1036	-0.0833
0.7419	-0.0005373	-0.143
0.7563	0.01206	-0.1643
0.7795	0.02133	-0.2129
0.7961	-0.006694	-0.2366
0.8422	-0.03687	-0.1558
0.8955	-0.02455	-0.0196
0.8516	-0.05269	0.02935
0.7913	-0.09946	0.04202
0.7742	-0.1696	0.08449
0.8084	-0.2461	0.03309
0.9071	-0.2947	-0.1065
0.9626	-0.3206	-0.236
0.9236	-0.3551	-0.3274
0.9018	-0.5298	-0.3614
0.989	-0.7324	-0.2798
1.179	-0.7363	-0.02178
1.413	-0.5794	0.2339
1.534	-0.3701	0.276
1.51	-0.2394	0.2367
1.543	-0.2491	0.3006
1.537	-0.3137	0.3771
1.278	-0.3399	0.3097
0.9581	-0.2468	0.2236
0.7524	-0.09282	0.2049
0.6305	-0.04659	0.1416
0.5815	-0.1153	0.1303
0.5888	-0.1869	0.1435
0.5761	-0.2345	0.07017
0.5119	-0.2832	0.07125
0.5053	-0.349	0.1027
0.529	-0.4154	0.08202
0.5549	-0.3913	0.07676
0.7096	-0.2689	0.005317
0.9339	-0.1457	-0.08654
1.121	-0.08394	-0.0704
1.169	-0.08697	0.03413
1.088	-0.08299	0.1559
1.042	-0.08505	0.1943
0.953	-0.1257	0.1773
0.8899	-0.161	0.1817
0.9992	-0.2504	0.1215
1.177	-0.3257	-0.0472
1.518	-0.328	-0.2401
1.838	-0.447	-0.3386
1.665	-0.5945	-0.2481
1.414	-0.5464	-0.1259
0.8306	-0.0683	0.2834
0.7781	0.1077	0.1986
0.863	0.1556	0.02743
0.8929	0.05579	-0.1049
0.9199	-0.198	-0.2465
1.187	-0.5547	-0.4352
1.682	-0.9315	-0.5713
1.936	-1.022	-0.5466
1.643	-0.7555	-0.2145
1.349	-0.3862	0.3261
1.321	-0.02695	0.516
1.318	0.1999	0.1748
1.3	0.2718	-0.07609
1.123	0.1859	-0.003317
0.8715	-0.02782	0.02055
0.7646	-0.1723	-0.007764
0.6984	-0.1968	-0.009692
0.6923	-0.1036	-0.0833
0.7419	-0.0005373	-0.143
0.7563	0.01206	-0.1643
0.7795	0.02133	-0.2129
0.7961	-0.006694	-0.2366
0.8422	-0.03687	-0.1558
0.8955	-0.02455	-0.0196
0.8516	-0.05269	0.02935
0.7913	-0.09946	0.04202
0.7742	-0.1696	0.08449
0.8084	-0.2461	0.03309
0.9071	-0.2947	-0.1065
0.9626	-0.3206	-0.236
0.9236	-0.3551	-0.3274
0.9018	-0.5298	-0.3614
0.989	-0.7324	-0.2798
1.179	-0.7363	-0.02178
1.413	-0.5794	0.2339
1.534	-0.3701	0.276
1.51	-0.2394	0.2367
1.543	-0.2491	0.3006
1.537	-0.3137	0.3771
1.278	-0.3399	0.3097
0.9581	-0.2468	0.2236
0.7524	-0.09282	0.2049
0.6305	-0.04659	0.1416
0.5815	-0.1153	0.1303
0.5888	-0.1869	0.1435
0.5761	-0.2345	0.07017
0.5119	-0.2832	0.07125
0.5053	-0.349	0.1027
0.529	-0.4154	0.08202
0.5549	-0.3913	0.07676
0.7096	-0.2689	0.005317
0.9339	-0.1457	-0.08654
1.121	-0.08394	-0.0704
1.169	-0.08697	0.03413
1.088	-0.08299	0.1559
1.042	-0.08505	0.1943
0.953	-0.1257	0.1773
0.8899	-0.161	0.1817
0.9992	-0.2504	0.1215
1.177	-0.3257	-0.0472
1.518	-0.328	-0.2401
1.838	-0.447	-0.3386
1.665	-0.5945	-0.2481
1.414	-0.5464	-0.1259
1.465	-0.4263	-0.1129
1.356	-0.3498	-0.04629
1.257	-0.2466	-0.01808
1.295	-0.07123	-0.1026
1.038	0.1447	-0.0712
0.9569	0.1791	-0.05924
1.041	0.01836	-0.08684
0.8126	-0.03637	0.006176
0.7479	-0.08557	0.04923
0.8006	-0.1138	0.02699
0.76	0.01788	-0.07473
0.7922	0.01444	-0.1995
0.762	-0.01842	-0.1447
0.7728	0.004549	-0.08321
0.8178	-0.04482	-0.05718
0.8464	-0.04445	0.002323
0.922	-0.1219	-0.03099
0.9187	-0.1772	-0.08228
0.8816	-0.1977	-0.1301
0.7942	-0.4193	-0.2072
0.7516	-0.6254	-0.1378
0.9084	-0.7476	0.05607
1.234	-0.6988	0.2068
1.69	-0.4146	0.305
1.83	-0.2284	0.3013
1.596	-0.2611	0.3148
1.444	-0.3202	0.4291
1.246	-0.1797	0.3232
0.9646	-0.0247	0.1257
0.8504	0.02862	0.1226
0.7761	0.1179	0.1287
0.6664	0.058	0.1429
0.5674	-0.03575	0.157
0.4299	-0.1069	0.1372
0.3818	-0.2815	0.1557
0.4962	-0.336	0.08549
0.6769	-0.3688	-0.03211
0.9095	-0.398	-0.0948
1.031	-0.3025	-0.07622
1.017	-0.2294	0.0192
1.083	-0.1839	0.06453
1.105	-0.2054	0.0842
1.01	-0.2291	0.07924
0.9967	-0.2257	0.02737
1.183	-0.3012	-0.09966
1.557	-0.3426	-0.3488
1.743	-0.4145	-0.3964
1.489	-0.5299	-0.09852
1.216	-0.5491	0.2206
1.217	-0.4656	0.2553
1.299	-0.1387	-0.008492
1.323	0.2693	-0.212
1.265	0.3025	-0.1878
1.1	0.09976	-0.1006
0.9472	0.02266	-0.05119
0.8939	-0.08033	-0.02606
0.8786	-0.1966	0.02586
0.8942	-0.09435	0.01619
0.977	0.0008525	-0.08721
1.033	0.0444	-0.1821
0.9276	0.1007	-0.2109
0.77	0.02024	-0.1423
0.7546	-0.04493	-0.08086
0.8701	-0.08204	-0.08707
1.465	-0.4263	-0.1129
1.356	-0.3498	-0.04629
1.257	-0.2466	-0.01808
1.295	-0.07123	-0.1026
1.038	0.1447	-0.0712
0.9569	0.1791	-0.05924
1.041	0.01836	-0.08684
0.8126	-0.03637	0.006176
0.7479	-0.08557	0.04923
0.8006	-0.1138	0.02699
0.76	0.01788	-0.07473
0.7922	0.01444	-0.1995
0.762	-0.01842	-0.1447
0.7728	0.004549	-0.08321
0.8178	-0.04482	-0.05718
0.8464	-0.04445	0.002323
0.922	-0.1219	-0.03099
0.9187	-0.1772	-0.08228
0.8816	-0.1977	-0.1301
0.7942	-0.4193	-0.2072
0.7516	-0.6254	-0.1378
0.9084	-0.7476	0.05607
1.234	-0.6988	0.2068
1.69	-0.4146	0.305
1.83	-0.2284	0.3013
1.596	-0.2611	0.3148
1.444	-0.3202	0.4291
1.246	-0.1797	0.3232
0.9646	-0.0247	0.1257
0.8504	0.02862	0.1226
0.7761	0.1179	0.1287
0.6664	0.058	0.1429
0.5674	-0.03575	0.157
0.4299	-0.1069	0.1372
0.3818	-0.2815	0.1557
0.4962	-0.336	0.08549
0.6769	-0.3688	-0.03211
0.9095	-0.398	-0.0948
1.031	-0.3025	-0.07622
1.017	-0.2294	0.0192
1.083	-0.1839	0.06453
1.105	-0.2054	0.0842
1.01	-0.2291	0.07924
0.9967	-0.2257	0.02737
1.183	-0.3012	-0.09966
1.557	-0.3426	-0.3488
1.743	-0.4145	-0.3964
1.489	-0.5299	-0.09852
1.216	-0.5491	0.2206
1.217	-0.4656	0.2553
1.299	-0.1387	-0.008492
1.323	0.2693	-0.212
1.265	0.3025	-0.1878
1.1	0.09976	-0.1006
0.9472	0.02266	-0.05119
0.8939	-0.08033	-0.02606
0.8786	-0.1966	0.02586
0.8942	-0.09435	0.01619
0.977	0.0008525	-0.08721
1.033	0.0444	-0.1821
0.9276	0.1007	-0.2109
0.77	0.02024	-0.1423
0.7546	-0.04493	-0.08086
0.8701	-0.08204	-0.08707
1.014	-0.1307	-0.1279
1.054	-0.09141	-0.1748
0.9499	-0.06921	-0.1143
0.8489	-0.01037	-0.03596
0.8605	0.07913	-0.07537
0.9581	0.1102	-0.1517
1.038	0.1339	-0.2357
0.9992	0.05051	-0.2682
0.8537	-0.1227	-0.2403
0.7086	-0.3468	-0.2654
0.7161	-0.6968	-0.2556
0.9696	-1.11	-0.1257
1.197	-1.372	0.05404
1.165	-1.093	0.1613
1.31	-0.4738	0.08204
1.729	-0.2243	0.001697
1.779	-0.3019	0.009919
1.486	-0.2832	-0.04457
1.251	-0.1163	0.01753
0.9753	-0.03208	0.1478
0.8108	-0.154	0.09171
0.9353	-0.2507	0.07869
1.011	-0.3259	0.1413
0.914	-0.4124	0.1233
0.8253	-0.3674	0.1137
0.7535	-0.3173	0.06796
0.679	-0.2555	0.002073
0.6701	-0.2213	0.006707
0.6802	-0.2788	0.0249
0.7296	-0.2634	0.04251
0.8731	-0.2836	0.03757
0.9288	-0.3401	0.01658
0.8814	-0.3246	0.01213
0.8417	-0.2988	-0.0008978
0.8038	-0.2346	-0.0118
0.8309	-0.1947	-0.03259
0.8669	-0.178	-0.04783
0.8455	-0.1433	-0.02413
0.838	-0.1468	0.02572
0.8415	-0.134	0.112
0.8418	-0.1217	0.1478
0.8649	-0.1168	0.08358
0.9023	-0.09536	0.02566
0.9047	-0.1641	-0.003982
0.8764	-0.2792	-0.01394
0.8592	-0.3082	0.002223
0.877	-0.2978	-0.006055
0.9733	-0.3243	-0.0659
1.192	-0.3565	-0.2219
1.539	-0.3847	-0.4074
1.745	-0.4223	-0.3881
1.478	-0.4429	-0.1114
1.043	-0.516	0.292
0.9629	-0.6068	0.5078
1.127	-0.4838	0.2284
1.209	-0.1868	-0.09159
1.158	0.04481	-0.04048
1.069	0.1345	-0.07124
1.022	0.1251	-0.2232
0.9734	0.06139	-0.206
0.9081	-0.06344	-0.1777
0.8323	-0.1366	-0.132
0.7836	-0.1089	-0.05922
0.8384	-0.1203	-0.07491
1.014	-0.1307	-0.1279
1.054	-0.09141	-0.1748
0.9499	-0.06921	-0.1143
0.8489	-0.01037	-0.03596
0.8605	0.07913	-0.07537
0.9581	0.1102	-0.1517
1.038	0.1339	-0.2357
0.9992	0.05051	-0.2682
0.8537	-0.1227	-0.2403
0.7086	-0.3468	-0.2654
0.7161	-0.6968	-0.2556
0.9696	-1.11	-0.1257
1.197	-1.372	0.05404
1.165	-1.093	0.1613
1.31	-0.4738	0.08204
1.729	-0.2243	0.001697
1.779	-0.3019	0.009919
1.486	-0.2832	-0.04457
1.251	-0.1163	0.01753
0.9753	-0.03208	0.1478
0.8108	-0.154	0.09171
0.9353	-0.2507	0.07869
1.011	-0.3259	0.1413
0.914	-0.4124	0.1233
0.8253	-0.3674	0.1137
0.7535	-0.3173	0.06796
0.679	-0.2555	0.002073
0.6701	-0.2213	0.006707
0.6802	-0.2788	0.0249
0.7296	-0.2634	0.04251
0.8731	-0.2836	0.03757
0.9288	-0.3401	0.01658
0.8814	-0.3246	0.01213
0.8417	-0.2988	-0.0008978
0.8038	-0.2346	-0.0118
0.8309	-0.1947	-0.03259
0.8669	-0.178	-0.04783
0.8455	-0.1433	-0.02413
0.838	-0.1468	0.02572
0.8415	-0.134	0.112
0.8418	-0.1217	0.1478
0.8649	-0.1168	0.08358
0.9023	-0.09536	0.02566
0.9047	-0.1641	-0.003982
0.8764	-0.2792	-0.01394
0.8592	-0.3082	0.002223
0.877	-0.2978	-0.006055
0.9733	-0.3243	-0.0659
1.192	-0.3565	-0.2219
1.539	-0.3847	-0.4074
1.745	-0.4223	-0.3881
1.478	-0.4429	-0.1114
1.043	-0.516	0.292
0.9629	-0.6068	0.5078
1.127	-0.4838	0.2284
1.209	-0.1868	-0.09159
1.158	0.04481	-0.04048
1.069	0.1345	-0.07124
1.022	0.1251	-0.2232
0.9734	0.06139	-0.206
0.9081	-0.06344	-0.1777
0.8323	-0.1366	-0.132
0.7836	-0.1089	-0.05922
0.8384	-0.1203	-0.07491
0.8436	-0.1019	-0.1331
0.8031	-0.06327	-0.1922
0.7946	-0.08701	-0.1586
0.7353	-0.07236	-0.08031
0.7657	-0.1035	-0.05285
0.84	-0.1922	-0.01495
0.8395	-0.2384	0.0006591
0.8457	-0.2758	-0.00851
0.8171	-0.3586	-0.07066
0.8314	-0.5879	-0.1704
0.9719	-0.8172	-0.1111
1.226	-0.7977	0.07733
1.51	-0.5142	0.2233
1.665	-0.1803	0.2428
1.716	-0.1724	0.2262
1.556	-0.3543	0.3297
1.243	-0.3559	0.3809
1.147	-0.2593	0.3023
1.08	-0.1051	0.2313
0.8671	0.03279	0.1403
0.7533	0.009084	0.101
0.6895	-0.02319	0.125
0.5886	-0.05078	0.1064
0.533	-0.1784	0.09625
0.4881	-0.3092	0.113
0.4637	-0.3484	0.1243
0.5665	-0.3061	0.07344
0.7665	-0.2665	-0.02245
0.9122	-0.2379	-0.0483
0.9488	-0.214	0.01136
0.9387	-0.1913	0.09252
0.9917	-0.1168	0.1005
1.094	-0.1225	0.08276
1.115	-0.2062	0.1004
1.121	-0.2642	0.06047
1.257	-0.3754	-0.07537
1.497	-0.3908	-0.295
1.59	-0.3018	-0.3544
1.337	-0.3103	-0.05171
1.06	-0.3449	0.2123
1.123	-0.3473	0.1076
1.509	-0.196	-0.1168
1.786	0.06565	-0.2138
1.363	0.1232	-0.1623
0.7256	0.0716	-0.0006426
0.7563	-0.009763	0.07374
1.021	-0.2091	-0.04153
1.021	-0.283	-0.1256
0.8666	-0.1792	-0.07286
0.6434	-0.1064	-0.02195
0.7111	-0.06972	-0.06455
0.9444	-0.0707	-0.1667
0.9601	-0.1042	-0.2439
0.8939	-0.06978	-0.1402
0.6959	-0.01719	0.1018
0.6098	-0.0001289	0.1492
0.7765	-0.0201	0.0759
0.8227	-0.102	0.07092
0.8974	-0.1901	-0.007558
0.9985	-0.3119	-0.09427
0.9547	-0.3698	-0.1082
0.899	-0.3114	-0.1486
0.8592	-0.4086	-0.2628
0.8986	-0.5113	-0.2982
0.8436	-0.1019	-0.1331
0.8031	-0.06327	-0.1922
0.7946	-0.08701	-0.1586
0.7353	-0.07236	-0.08031
0.7657	-0.1035	-0.05285
0.84	-0.1922	-0.01495
0.8395	-0.2384	0.0006591
0.8457	-0.2758	-0.00851
0.8171	-0.3586	-0.07066
0.8314	-0.5879	-0.1704
0.9719	-0.8172	-0.1111
1.226	-0.7977	0.07733
1.51	-0.5142	0.2233
1.665	-0.1803	0.2428
1.716	-0.1724	0.2262
1.556	-0.3543	0.3297
1.243	-0.3559	0.3809
1.147	-0.2593	0.3023
1.08	-0.1051	0.2313
0.8671	0.03279	0.1403
0.7533	0.009084	0.101
0.6895	-0.02319	0.125
0.5886	-0.05078	0.1064
0.533	-0.1784	0.09625
0.4881	-0.3092	0.113
0.4637	-0.3484	0.1243
0.5665	-0.3061	0.07344
0.7665	-0.2665	-0.02245
0.9122	-0.2379	-0.0483
0.9488	-0.214	0.01136
0.9387	-0.1913	0.09252
0.9917	-0.1168	0.1005
1.094	-0.1225	0.08276
1.115	-0.2062	0.1004
1.121	-0.2642	0.06047
1.257	-0.3754	-0.07537
1.497	-0.3908	-0.295
1.59	-0.3018	-0.3544
1.337	-0.3103	-0.05171
1.06	-0.3449	0.2123
1.123	-0.3473	0.1076
1.509	-0.196	-0.1168
1.786	0.06565	-0.2138
1.363	0.1232	-0.1623
0.7256	0.0716	-0.0006426
0.7563	-0.009763	0.07374
1.021	-0.2091	-0.04153
1.021	-0.283	-0.1256
0.8666	-0.1792	-0.07286
0.6434	-0.1064	-0.02195
0.7111	-0.06972	-0.06455
0.9444	-0.0707	-0.1667
0.9601	-0.1042	-0.2439
0.8939	-0.06978	-0.1402
0.6959	-0.01719	0.1018
0.6098	-0.0001289	0.1492
0.7765	-0.0201	0.0759
0.8227	-0.102	0.07092
0.8974	-0.1901	-0.007558
0.9985	-0.3119	-0.09427
0.9547	-0.3698	-0.1082
0.899	-0.3114	-0.1486
0.8592	-0.4086	-0.2628
0.8986	-0.5113	-0.2982
1.022	-0.4167	-0.0815
1.284	-0.3008	0.2334
1.503	-0.189	0.423
1.4	-0.2202	0.3328
1.307	-0.4052	0.2458
1.281	-0.5428	0.4783
1.153	-0.618	0.5564
1.12	-0.4912	0.3397
1.084	-0.2709	0.1829
0.9552	-0.1805	0.1678
0.869	-0.0739	0.1999
0.6909	0.006166	0.1162
0.5221	-0.01283	0.1003
0.5448	-0.1097	0.1383
0.5037	-0.2959	0.05028
0.4919	-0.3724	0.06531
0.687	-0.3447	0.0562
0.8469	-0.3371	-0.02252
0.8936	-0.2797	-0.009899
0.8787	-0.1804	-0.01632
0.8878	-0.07026	0.03791
0.9204	-0.01528	0.08304
0.9519	-0.04902	0.0651
1.041	-0.0723	0.1184
1.049	-0.106	0.1438
1.087	-0.2289	0.09633
1.312	-0.3732	-0.05634
1.565	-0.4115	-0.2707
1.683	-0.3793	-0.3485
1.464	-0.3858	-0.1987
1.139	-0.3948	0.07803
1.102	-0.3827	0.1735
1.217	-0.3769	0.0001577
1.253	-0.3126	-0.1539
1.065	-0.1429	-0.08007
0.8911	0.04271	-0.01695
1.064	0.1092	-0.1214
1.219	0.04978	-0.1238
1.115	-0.01498	-0.104
1.002	-0.06428	-0.1074
0.8821	-0.1469	-0.01224
0.7655	-0.2094	-0.03519
0.7614	-0.232	-0.06164
0.7707	-0.2034	-0.02757
0.7795	-0.1373	-0.06814
0.7863	-0.128	-0.05848
0.7384	-0.1031	-0.05234
0.7096	-0.07441	-0.005839
0.7112	-0.1291	0.07521
0.8459	-0.1433	-0.01725
1.075	-0.1577	-0.1377
1.082	-0.2044	-0.1547
0.9514	-0.2047	-0.1163
0.8817	-0.2913	-0.08228
0.886	-0.5066	-0.1063
1.055	-0.6956	-0.08069
1.362	-0.6382	0.07174
1.635	-0.365	0.2183
1.678	-0.1708	0.227
1.525	-0.1407	0.2658
1.356	-0.2681	0.4095
1.151	-0.3658	0.3911
0.9924	-0.2976	0.2876
0.9975	-0.2782	0.2517
0.8063	-0.2275	-0.05331
0.7646	-0.2516	-0.02001
0.7431	-0.2614	0.002403
0.8306	-0.2348	-0.02941
0.9406	-0.2437	-0.1249
0.9495	-0.2704	-0.2305
0.8595	-0.2933	-0.2907
0.7058	-0.3388	-0.2933
0.6621	-0.3738	-0.2377
0.7444	-0.4154	-0.04914
0.9564	-0.4351	0.2799
1.338	-0.3785	0.4526
1.535	-0.2832	0.3461
1.374	-0.1997	0.3055
1.202	-0.2576	0.3472
1.136	-0.3397	0.2693
1.072	-0.187	0.2546
1.094	-0.01055	0.2566
1.016	0.04998	0.1249
0.6981	0.09148	0.07712
0.4303	0.02315	0.1596
0.322	-0.0951	0.2559
0.4329	-0.1613	0.2504
0.7747	-0.2273	0.084
1.08	-0.2807	-0.0371
1.074	-0.2679	0.0009312
0.8534	-0.2142	0.08956
0.8651	-0.2543	0.1029
0.9734	-0.3213	0.04456
1.072	-0.3358	-0.03691
1.518	-0.4378	-0.2537
1.933	-0.5271	-0.5409
1.858	-0.5068	-0.5847
1.44	-0.4786	-0.2755
0.9956	-0.4394	0.1233
0.822	-0.3625	0.2829
1.203	-0.285	0.06986
1.695	-0.2572	-0.2575
1.388	-0.1852	-0.2388
0.9342	-0.02755	-0.03912
0.7902	0.1092	0.04661
0.5782	0.158	0.04722
0.8414	0.07831	-0.05314
1.082	0.01891	-0.0607
0.9491	0.01296	-0.072
0.9273	-0.02464	-0.1443
0.6403	-0.03037	-0.07047
0.5079	-0.1014	-0.05501
0.6491	-0.2014	0.004256
0.6171	-0.2505	0.08781
0.7059	-0.3259	-0.0594
0.7514	-0.4236	-0.2236
0.7999	-0.6223	-0.2763
1.063	-0.7567	-0.02183
1.415	-0.6314	0.3884
1.726	-0.3426	0.4502
1.714	-0.07323	0.3285
1.589	-0.1965	0.2935
1.44	-0.4178	0.2932
1.206	-0.2581	0.244
1.116	-0.1279	0.1821
0.9601	-0.02978	0.1736
0.7064	0.1516	0.1353
0.5295	0.1381	0.07647
0.3307	0.1665	0.04983
0.193	0.1057	0.05114
0.182	-0.1872	0.0797
0.2865	-0.3081	0.08791
0.5934	-0.4072	0.02718
1.035	-0.524	-0.09012
1.283	-0.4985	-0.1365
1.216	-0.4402	-0.07598
1.13	-0.3364	-0.000989
1.182	-0.3111	0.004506
1.414	-0.3159	-0.1913
1.706	-0.2957	-0.3965
1.588	-0.3761	-0.2071
1.242	-0.3838	0.1817
1.196	-0.2828	0.3071
1.418	-0.1711	0.09107
1.639	-0.1614	-0.3102
1.283	-0.2657	-0.439
0.5578	-0.2783	-0.0232
0.3988	-0.2602	0.3102
0.6236	-0.239	0.05907
0.8641	-0.1471	-0.2571
1.034	-0.001325	-0.2264
0.9783	0.1908	-0.1669
0.8804	0.2312	-0.11
0.7355	0.1412	0.002467
0.7039	0.05347	-0.03531
0.8474	-0.0996	-0.02071
0.8632	-0.2292	0.03375
0.8205	-0.2849	-0.004332
0.7522	-0.3411	-0.001338
0.7509	-0.4301	-0.1197
0.8378	-0.5034	-0.2243
0.9854	-0.5188	-0.1426
1.287	-0.5623	-0.04033
1.364	-0.4864	0.0734
1.352	-0.09391	0.1283
1.541	0.261	0.1642
1.509	0.1248	0.2064
1.414	-0.2622	0.2387
1.442	-0.4955	0.3906
1.288	-0.5732	0.4175
1.024	-0.3321	0.1957
0.6914	0.0499	0.03792
0.3936	0.1541	0.06032
0.3279	0.2228	0.1515
0.2809	0.1526	0.1677
0.311	-0.1462	0.1146
0.436	-0.2732	0.07962
0.4979	-0.3424	0.05187
0.8229	-0.4214	0.01048
1.19	-0.4359	-0.05687
1.171	-0.3066	-0.07633
1.037	-0.01522	-0.05241
0.9523	0.02323	-0.07447
0.9948	-0.1608	-0.1114
1.338	-0.3672	-0.2788
1.844	-0.5833	-0.5115
1.904	-0.6678	-0.4211
1.345	-0.6885	-0.003502
1.041	-0.5275	0.3353
1.384	-0.1063	0.1914
1.656	0.2855	-0.2997
1.296	0.3869	-0.5104
0.3307	0.1665	0.04983
0.193	0.1057	0.05114
0.182	-0.1872	0.0797
0.2865	-0.3081	0.08791
0.5934	-0.4072	0.02718
1.035	-0.524	-0.09012
1.283	-0.4985	-0.1365
1.216	-0.4402	-0.07598
1.13	-0.3364	-0.000989
1.182	-0.3111	0.004506
1.414	-0.3159	-0.1913
1.706	-0.2957	-0.3965
1.588	-0.3761	-0.2071
1.242	-0.3838	0.1817
1.196	-0.2828	0.3071
1.418	-0.1711	0.09107
1.639	-0.1614	-0.3102
1.283	-0.2657	-0.439
0.5578	-0.2783	-0.0232
0.3988	-0.2602	0.3102
0.6236	-0.239	0.05907
0.8641	-0.1471	-0.2571
1.034	-0.001325	-0.2264
0.9783	0.1908	-0.1669
0.8804	0.2312	-0.11
0.7355	0.1412	0.002467
0.7039	0.05347	-0.03531
0.8474	-0.0996	-0.02071
0.8632	-0.2292	0.03375
0.8205	-0.2849	-0.004332
0.7522	-0.3411	-0.001338
0.7509	-0.4301	-0.1197
0.8378	-0.5034	-0.2243
0.9854	-0.5188	-0.1426
1.287	-0.5623	-0.04033
1.364	-0.4864	0.0734
1.352	-0.09391	0.1283
1.541	0.261	0.1642
1.509	0.1248	0.2064
1.414	-0.2622	0.2387
1.442	-0.4955	0.3906
1.288	-0.5732	0.4175
1.024	-0.3321	0.1957
0.6914	0.0499	0.03792
0.3936	0.1541	0.06032
0.3279	0.2228	0.1515
0.2809	0.1526	0.1677
0.311	-0.1462	0.1146
0.436	-0.2732	0.07962
0.4979	-0.3424	0.05187
0.8229	-0.4214	0.01048
1.19	-0.4359	-0.05687
1.171	-0.3066	-0.07633
1.037	-0.01522	-0.05241
0.9523	0.02323	-0.07447
0.9948	-0.1608	-0.1114
1.338	-0.3672	-0.2788
1.844	-0.5833	-0.5115
1.904	-0.6678	-0.4211
1.345	-0.6885	-0.003502
1.041	-0.5275	0.3353
1.384	-0.1063	0.1914
1.656	0.2855	-0.2997
1.296	0.3869	-0.5104
0.7461	0.2097	-0.1853
0.5651	0.0675	0.2151
0.7276	-0.1012	0.1156
1.036	-0.2604	-0.1489
1.037	-0.08331	-0.1505
0.8467	0.1551	-0.1893
0.8308	0.3197	-0.172
0.7467	0.4022	-0.1261
0.7404	0.214	-0.2026
0.7229	0.05365	-0.1191
0.6567	0.03723	-0.09877
0.8155	0.002492	-0.1394
0.8626	-0.008268	-0.1743
0.8907	-0.04743	-0.3726
0.8852	-0.1987	-0.3826
0.7263	-0.5654	-0.309
0.776	-1.012	-0.1562
0.947	-1.146	0.2536
1.302	-0.9489	0.4073
1.663	-0.5696	0.2662
1.694	-0.09493	0.08421
1.611	0.1635	-0.05423
1.4	0.04036	0.04795
1.222	-0.07056	0.2065
1.129	-0.01417	0.1467
1.014	-0.05094	0.07294
1.012	-0.05159	0.05736
0.8635	-0.08045	-0.06662
0.6355	-0.2531	-0.04161
0.5857	-0.2949	0.07211
0.5386	-0.37	0.05322
0.4953	-0.4289	0.1563
0.5177	-0.2501	0.1948
0.6276	-0.09863	0.1071
0.8721	-0.02927	0.06139
1.146	-0.05284	-0.08111
1.28	-0.1372	-0.1358
1.268	-0.1831	-0.09788
1.197	-0.2662	-0.0301
1.068	-0.2971	0.146
1	-0.2257	0.1713
1.02	-0.0878	0.09748
0.9579	-0.01529	0.07759
0.8298	-0.08309	-0.00231
0.794	-0.2063	-0.1668
1.066	-0.5406	-0.4768
1.606	-0.9271	-0.7811
1.833	-1.003	-0.6932
1.348	-0.7762	-0.1587
0.8933	-0.3956	0.3913
1.155	-0.1203	0.3724
1.415	0.02661	-0.1325
1.29	0.05886	-0.3391
1.044	-0.07581	-0.02318
0.6336	-0.17	0.2592
0.6253	-0.2407	0.1618
0.9114	-0.2582	-0.0536
0.8013	-0.1109	-0.1244
0.8294	0.04459	-0.1647
0.9729	0.1542	-0.1568
1.003	0.1274	-0.1951
1.133	-0.03105	-0.3074
0.8971	-0.191	-0.1279
0.6185	-0.276	0.08607
0.7461	0.2097	-0.1853
0.5651	0.0675	0.2151
0.7276	-0.1012	0.1156
1.036	-0.2604	-0.1489
1.037	-0.08331	-0.1505
0.8467	0.1551	-0.1893
0.8308	0.3197	-0.172
0.7467	0.4022	-0.1261
0.7404	0.214	-0.2026
0.7229	0.05365	-0.1191
0.6567	0.03723	-0.09877
0.8155	0.002492	-0.1394
0.8626	-0.008268	-0.1743
0.8907	-0.04743	-0.3726
0.8852	-0.1987	-0.3826
0.7263	-0.5654	-0.309
0.776	-1.012	-0.1562
0.947	-1.146	0.2536
1.302	-0.9489	0.4073
1.663	-0.5696	0.2662
1.694	-0.09493	0.08421
1.611	0.1635	-0.05423
1.4	0.04036	0.04795
1.222	-0.07056	0.2065
1.129	-0.01417	0.1467
1.014	-0.05094	0.07294
1.012	-0.05159	0.05736
0.8635	-0.08045	-0.06662
0.6355	-0.2531	-0.04161
0.5857	-0.2949	0.07211
0.5386	-0.37	0.05322
0.4953	-0.4289	0.1563
0.5177	-0.2501	0.1948
0.6276	-0.09863	0.1071
0.8721	-0.02927	0.06139
1.146	-0.05284	-0.08111
1.28	-0.1372	-0.1358
1.268	-0.1831	-0.09788
1.197	-0.2662	-0.0301
1.068	-0.2971	0.146
1	-0.2257	0.1713
1.02	-0.0878	0.09748
0.9579	-0.01529	0.07759
0.8298	-0.08309	-0.00231
0.794	-0.2063	-0.1668
1.066	-0.5406	-0.4768
1.606	-0.9271	-0.7811
1.833	-1.003	-0.6932
1.348	-0.7762	-0.1587
0.8933	-0.3956	0.3913
1.155	-0.1203	0.3724
1.415	0.02661	-0.1325
1.29	0.05886	-0.3391
1.044	-0.07581	-0.02318
0.6336	-0.17	0.2592
0.6253	-0.2407	0.1618
0.9114	-0.2582	-0.0536
0.8013	-0.1109	-0.1244
0.8294	0.04459	-0.1647
0.9729	0.1542	-0.1568
1.003	0.1274	-0.1951
1.133	-0.03105	-0.3074
0.8971	-0.191	-0.1279
0.6185	-0.276	0.08607
0.6175	-0.1884	0.09349
0.5562	-0.1511	0.08526
0.6485	-0.2089	0.01105
0.7782	-0.1797	-0.06201
0.9205	-0.2114	-0.2274
1.111	-0.2736	-0.419
0.9422	-0.325	-0.3268
0.7301	-0.4735	-0.1799
0.8532	-0.609	-0.06572
1.056	-0.6002	0.1799
1.289	-0.3829	0.3327
1.565	-0.1534	0.2426
1.564	-0.192	0.234
1.413	-0.3921	0.3582
1.308	-0.4848	0.3405
1.013	-0.3354	0.225
0.8488	-0.1096	0.07163
0.9147	-0.0574	0.04754
0.8095	-0.07848	0.1883
0.6414	-0.01161	0.2126
0.5093	0.03813	0.2106
0.4457	-0.005963	0.1772
0.458	-0.1096	0.06171
0.5748	-0.2835	0.01855
0.8588	-0.4299	-0.0257
1.008	-0.4273	-0.0362
1.05	-0.3583	-0.008567
1.128	-0.3047	-0.008587
1.115	-0.2597	-0.008297
1.158	-0.2506	-0.04018
1.231	-0.251	-0.03087
1.245	-0.213	-0.05697
1.35	-0.1855	-0.1777
1.442	-0.1891	-0.2357
1.39	-0.2451	-0.1809
1.297	-0.4167	0.008514
1.252	-0.5756	0.1589
1.267	-0.4991	0.06999
1.262	-0.258	-0.1107
1.103	-0.08171	-0.1688
0.8547	-0.01023	-0.07652
0.7157	0.008118	0.01082
0.698	0.02812	0.01756
0.7978	0.05738	0.00913
0.9718	0.07292	-0.06876
0.9807	0.1028	-0.2565
0.8326	0.0788	-0.3187
0.716	0.02807	-0.2035
0.683	-0.0139	-0.1485
0.7541	-0.1619	-0.03992
0.8283	-0.2842	0.1343
0.8502	-0.2702	0.08026
0.8829	-0.2899	-0.115
0.8988	-0.4241	-0.2469
0.9008	-0.4988	-0.2645
0.9271	-0.5217	-0.1832
1.055	-0.6568	-0.0491
1.251	-0.6213	0.1173
1.386	-0.3424	0.1954
1.561	-0.04069	0.2102
1.638	0.1499	0.2459
1.482	-0.09867	0.213
1.342	-0.4264	0.2542
1.134	-0.3924	0.3379
0.6175	-0.1884	0.09349
0.5562	-0.1511	0.08526
0.6485	-0.2089	0.01105
0.7782	-0.1797	-0.06201
0.9205	-0.2114	-0.2274
1.111	-0.2736	-0.419
0.9422	-0.325	-0.3268
0.7301	-0.4735	-0.1799
0.8532	-0.609	-0.06572
1.056	-0.6002	0.1799
1.289	-0.3829	0.3327
1.565	-0.1534	0.2426
1.564	-0.192	0.234
1.413	-0.3921	0.3582
1.308	-0.4848	0.3405
1.013	-0.3354	0.225
0.8488	-0.1096	0.07163
0.9147	-0.0574	0.04754
0.8095	-0.07848	0.1883
0.6414	-0.01161	0.2126
0.5093	0.03813	0.2106
0.4457	-0.005963	0.1772
0.458	-0.1096	0.06171
0.5748	-0.2835	0.01855
0.8588	-0.4299	-0.0257
1.008	-0.4273	-0.0362
1.05	-0.3583	-0.008567
1.128	-0.3047	-0.008587
1.115	-0.2597	-0.008297
1.158	-0.2506	-0.04018
1.231	-0.251	-0.03087
1.245	-0.213	-0.05697
1.35	-0.1855	-0.1777
1.442	-0.1891	-0.2357
1.39	-0.2451	-0.1809
1.297	-0.4167	0.008514
1.252	-0.5756	0.1589
1.267	-0.4991	0.06999
1.262	-0.258	-0.1107
1.103	-0.08171	-0.1688
0.8547	-0.01023	-0.07652
0.7157	0.008118	0.01082
0.698	0.02812	0.01756
0.7978	0.05738	0.00913
0.9718	0.07292	-0.06876
0.9807	0.1028	-0.2565
0.8326	0.0788	-0.3187
0.716	0.02807	-0.2035
0.683	-0.0139	-0.1485
0.7541	-0.1619	-0.03992
0.8283	-0.2842	0.1343
0.8502	-0.2702	0.08026
0.8829	-0.2899	-0.115
0.8988	-0.4241	-0.2469
0.9008	-0.4988	-0.2645
0.9271	-0.5217	-0.1832
1.055	-0.6568	-0.0491
1.251	-0.6213	0.1173
1.386	-0.3424	0.1954
1.561	-0.04069	0.2102
1.638	0.1499	0.2459
1.482	-0.09867	0.213
1.342	-0.4264	0.2542
1.134	-0.3924	0.3379
0.9758	-0.3089	0.2113
1.035	-0.1999	0.1056
0.8408	-0.1147	0.1052
0.5282	-0.1021	0.07931
0.4378	-0.02468	0.1037
0.3437	-0.07191	0.1004
0.3097	-0.158	0.083
0.3677	-0.1962	0.07073
0.5299	-0.2684	-0.02019
0.9116	-0.2558	-0.1322
1.253	-0.271	-0.2004
1.327	-0.2865	-0.1165
1.153	-0.2134	0.02824
0.9951	-0.1968	0.1011
0.9868	-0.1935	0.1258
1.058	-0.2471	0.02177
1.4	-0.3679	-0.154
1.788	-0.4121	-0.3166
1.662	-0.4114	-0.3287
1.225	-0.3871	-0.05901
1.092	-0.3663	0.1727
1.455	-0.3144	0.1066
1.777	-0.1302	-0.1878
1.315	0.05681	-0.3725
0.5694	0.0641	-0.105
0.5022	-0.04884	0.1707
0.764	-0.07368	0.005208
0.9953	-0.01335	-0.1628
1.208	0.05857	-0.1582
1.154	0.148	-0.2314
1.01	0.177	-0.1957
0.8286	0.2035	-0.09308
0.7257	0.2005	-0.1168
0.8611	0.08398	-0.1139
0.873	-0.001741	-0.1592
0.8586	-0.1003	-0.1619
0.9201	-0.1879	-0.05264
0.9696	-0.1311	-0.04576
1.079	-0.03512	-0.04052
1.063	0.1164	-0.06934
0.9971	0.2887	-0.1243
0.9788	0.3038	-0.1811
0.9497	0.03832	-0.3886
1.033	-0.5699	-0.5127
1.16	-1.192	-0.5013
1.206	-1.485	-0.3937
1.199	-1.447	-0.05503
1.273	-1.141	0.2647
1.444	-0.7588	0.2246
1.54	-0.3825	-0.03254
1.553	-0.006658	-0.09843
1.429	0.09139	-0.0643
1.103	-0.1563	-0.01663
0.8225	-0.3677	0.1481
0.7044	-0.378	0.182
0.6148	-0.3259	0.1584
0.4809	-0.1995	0.1859
0.3347	-0.06625	0.1854
0.3009	-0.06124	0.1821
0.3717	-0.0881	0.09037
0.4786	-0.1048	0.03563
0.7337	-0.1368	-0.01547
1.036	-0.193	-0.1484
1.127	-0.2792	-0.1612
0.9758	-0.3089	0.2113
1.035	-0.1999	0.1056
0.8408	-0.1147	0.1052
0.5282	-0.1021	0.07931
0.4378	-0.02468	0.1037
0.3437	-0.07191	0.1004
0.3097	-0.158	0.083
0.3677	-0.1962	0.07073
0.5299	-0.2684	-0.02019
0.9116	-0.2558	-0.1322
1.253	-0.271	-0.2004
1.327	-0.2865	-0.1165
1.153	-0.2134	0.02824
0.9951	-0.1968	0.1011
0.9868	-0.1935	0.1258
1.058	-0.2471	0.02177
1.4	-0.3679	-0.154
1.788	-0.4121	-0.3166
1.662	-0.4114	-0.3287
1.225	-0.3871	-0.05901
1.092	-0.3663	0.1727
1.455	-0.3144	0.1066
1.777	-0.1302	-0.1878
1.315	0.05681	-0.3725
0.5694	0.0641	-0.105
0.5022	-0.04884	0.1707
0.764	-0.07368	0.005208
0.9953	-0.01335	-0.1628
1.208	0.05857	-0.1582
1.154	0.148	-0.2314
1.01	0.177	-0.1957
0.8286	0.2035	-0.09308
0.7257	0.2005	-0.1168
0.8611	0.08398	-0.1139
0.873	-0.001741	-0.1592
0.8586	-0.1003	-0.1619
0.9201	-0.1879	-0.05264
0.9696	-0.1311	-0.04576
1.079	-0.03512	-0.04052
1.063	0.1164	-0.06934
0.9971	0.2887	-0.1243
0.9788	0.3038	-0.1811
0.9497	0.03832	-0.3886
1.033	-0.5699	-0.5127
1.16	-1.192	-0.5013
1.206	-1.485	-0.3937
1.199	-1.447	-0.05503
1.273	-1.141	0.2647
1.444	-0.7588	0.2246
1.54	-0.3825	-0.03254
1.553	-0.006658	-0.09843
1.429	0.09139	-0.0643
1.103	-0.1563	-0.01663
0.8225	-0.3677	0.1481
0.7044	-0.378	0.182
0.6148	-0.3259	0.1584
0.4809	-0.1995	0.1859
0.3347	-0.06625	0.1854
0.3009	-0.06124	0.1821
0.3717	-0.0881	0.09037
0.4786	-0.1048	0.03563
0.7337	-0.1368	-0.01547
1.036	-0.193	-0.1484
1.127	-0.2792	-0.1612
1.072	-0.3646	-0.03274
1.032	-0.3896	0.1141
0.9459	-0.2635	0.0725
0.8397	-0.1405	0.01055
1.019	-0.1417	0.06181
1.329	-0.1141	-0.06686
1.354	-0.1118	-0.1853
1.391	-0.241	-0.2664
1.611	-0.3748	-0.5007
1.604	-0.4496	-0.4999
1.328	-0.5808	-0.1158
1.12	-0.7332	0.2468
1.216	-0.6585	0.1786
1.392	-0.3333	-0.1832
1.305	-0.02987	-0.3233
1.011	0.04492	-0.1014
0.6666	0.005445	0.1393
0.6499	0.03722	0.03957
0.9177	0.04723	-0.1092
0.9642	0.04012	-0.09141
0.9851	0.07976	-0.1697
0.9024	-0.01896	-0.1041
0.6356	-0.137	0.03889
0.6836	-0.1068	-0.03113
0.7336	-0.1002	-0.03355
0.6977	-0.08986	-0.05284
0.8116	-0.05091	-0.08457
0.8012	-0.07583	-0.04508
0.8634	-0.1834	-0.1851
0.9881	-0.4482	-0.3592
0.979	-0.7266	-0.4497
1.054	-0.8563	-0.3601
1.162	-0.9257	-0.07123
1.257	-0.6794	0.1871
1.379	-0.08723	0.3677
1.455	0.05589	0.292
1.384	-0.1637	0.2
1.172	-0.09207	0.32
0.9999	-0.06599	0.2661
0.8986	-0.07968	0.1989
0.8884	0.03751	0.2041
0.8533	-0.01071	0.1299
0.6352	-0.035	0.1127
0.4289	-0.04333	0.03433
0.3509	-0.1573	0.02127
0.4453	-0.2247	0.07541
0.7167	-0.3082	-0.01887
1.069	-0.3844	-0.02214
1.266	-0.422	0.01153
1.115	-0.3401	0.03443
1.085	-0.1625	0.1197
1.281	-0.1645	0.02952
1.395	-0.2745	-0.1733
1.555	-0.3875	-0.3609
1.459	-0.4716	-0.3433
1.068	-0.4116	0.07285
0.8776	-0.3736	0.3827
1.016	-0.4147	0.1733
1.39	-0.3691	-0.1298
1.495	-0.2022	-0.1641
1.268	0.07234	-0.1898
1.029	0.2592	-0.1864
0.7392	0.1883	-0.04685
0.6993	0.02754	-0.07817
1.072	-0.3646	-0.03274
1.032	-0.3896	0.1141
0.9459	-0.2635	0.0725
0.8397	-0.1405	0.01055
1.019	-0.1417	0.06181
1.329	-0.1141	-0.06686
1.354	-0.1118	-0.1853
1.391	-0.241	-0.2664
1.611	-0.3748	-0.5007
1.604	-0.4496	-0.4999
1.328	-0.5808	-0.1158
1.12	-0.7332	0.2468
1.216	-0.6585	0.1786
1.392	-0.3333	-0.1832
1.305	-0.02987	-0.3233
1.011	0.04492	-0.1014
0.6666	0.005445	0.1393
0.6499	0.03722	0.03957
0.9177	0.04723	-0.1092
0.9642	0.04012	-0.09141
0.9851	0.07976	-0.1697
0.9024	-0.01896	-0.1041
0.6356	-0.137	0.03889
0.6836	-0.1068	-0.03113
0.7336	-0.1002	-0.03355
0.6977	-0.08986	-0.05284
0.8116	-0.05091	-0.08457
0.8012	-0.07583	-0.04508
0.8634	-0.1834	-0.1851
0.9881	-0.4482	-0.3592
0.979	-0.7266	-0.4497
1.054	-0.8563	-0.3601
1.162	-0.9257	-0.07123
1.257	-0.6794	0.1871
1.379	-0.08723	0.3677
1.455	0.05589	0.292
1.384	-0.1637	0.2
1.172	-0.09207	0.32
0.9999	-0.06599	0.2661
0.8986	-0.07968	0.1989
0.8884	0.03751	0.2041
0.8533	-0.01071	0.1299
0.6352	-0.035	0.1127
0.4289	-0.04333	0.03433
0.3509	-0.1573	0.02127
0.4453	-0.2247	0.07541
0.7167	-0.3082	-0.01887
1.069	-0.3844	-0.02214
1.266	-0.422	0.01153
1.115	-0.3401	0.03443
1.085	-0.1625	0.1197
1.281	-0.1645	0.02952
1.395	-0.2745	-0.1733
1.555	-0.3875	-0.3609
1.459	-0.4716	-0.3433
1.068	-0.4116	0.07285
0.8776	-0.3736	0.3827
1.016	-0.4147	0.1733
1.39	-0.3691	-0.1298
1.495	-0.2022	-0.1641
1.268	0.07234	-0.1898
1.029	0.2592	-0.1864
0.7392	0.1883	-0.04685
0.6993	0.02754	-0.07817
0.8416	-0.1392	-0.07611
0.8684	-0.2201	-0.0001157
0.8783	-0.09654	-0.1167
0.7625	-0.02133	-0.1676
0.6167	-0.05949	-0.1745
0.573	-0.1052	-0.1147
0.598	-0.2226	0.0802
0.6824	-0.2462	0.0878
0.8144	-0.1745	-0.0409
1.021	-0.1751	-0.1785
0.9949	-0.2143	-0.2175
0.9102	-0.4179	-0.1326
1.126	-0.7101	-0.08842
1.247	-0.7434	0.0331
1.376	-0.5307	0.1853
1.681	-0.2028	0.291
1.735	0.06094	0.3399
1.597	-0.1375	0.2802
1.462	-0.4883	0.327
1.238	-0.3753	0.2965
1.016	-0.1877	0.119
0.9518	-0.1024	0.1142
0.8357	0.04115	0.09833
0.5635	-0.01558	0.07521
0.3866	0.003738	0.1258
0.2884	0.02027	0.1018
0.2597	-0.2352	0.13
0.3634	-0.3463	0.1365
0.5083	-0.4177	0.06537
0.7843	-0.4515	-0.03302
1.085	-0.3528	-0.1748
1.176	-0.3034	-0.1303
1.075	-0.1406	0.038
0.9486	-0.123	0.156
1.034	-0.2799	0.1865
1.374	-0.354	-0.03454
1.773	-0.4792	-0.2792
1.767	-0.4118	-0.2301
1.303	-0.2335	0.04851
1.029	-0.1853	0.2701
1.119	-0.07945	0.1164
1.485	-0.06289	-0.1578
1.758	-0.1473	-0.185
1.262	-0.205	-0.1162
0.5487	-0.2587	0.03349
0.4597	-0.2172	0.1777
0.7226	-0.187	0.02396
0.8652	-0.1763	-0.1683
0.8416	-0.07443	-0.1461
0.8112	0.05317	-0.1343
0.7969	0.1734	-0.1729
0.7701	0.1069	-0.1264
0.7411	-0.07583	0.007638
0.7162	-0.07013	0.1307
0.7466	-0.07507	0.08321
0.793	-0.1807	-0.1078
0.8324	-0.2498	-0.2693
0.8795	-0.4127	-0.3376
1.052	-0.6743	-0.1988
1.412	-0.8435	0.1344
1.583	-0.633	0.3917
1.507	-0.1728	0.4084
1.539	-0.04866	0.2823
1.571	-0.2561	0.2748
0.9858	-0.16	0.1277
1.085	-0.2453	0.152
1.106	-0.3352	0.1619
1.029	-0.3714	0.1186
0.9445	-0.3647	0.03555
0.9781	-0.3492	-0.1501
1.197	-0.3348	-0.3692
1.508	-0.361	-0.514
1.592	-0.3973	-0.5201
1.333	-0.3948	-0.2097
1.126	-0.3734	0.1917
1.222	-0.2743	0.1707
1.472	-0.04544	-0.1518
1.596	0.1242	-0.281
1.234	0.114	-0.1223
0.7824	0.1195	0.0274
0.8871	0.1208	-0.03674
0.9588	0.01695	-0.07624
0.7835	0.04581	-0.0007252
0.891	0.133	-0.04388
0.8605	0.1069	-0.06292
0.7142	0.1132	-0.05941
0.8157	0.04156	-0.1675
0.7464	-0.09741	-0.1369
0.6865	-0.1511	-0.03564
0.7576	-0.2091	0.0003416
0.744	-0.235	-0.04502
0.8051	-0.3145	-0.2187
0.76	-0.479	-0.2839
0.7144	-0.5578	-0.2631
0.8905	-0.6303	-0.2324
1.094	-0.653	-0.07162
1.36	-0.4505	0.1568
1.633	-0.07785	0.3603
1.75	0.08649	0.3618
1.644	-0.2381	0.2943
1.38	-0.5113	0.3688
1.083	-0.3284	0.3538
0.8882	-0.133	0.2593
0.9427	-0.05147	0.1959
0.9172	0.07542	0.1725
0.7571	0.07487	0.2123
0.6702	0.04725	0.1632
0.4534	0.07844	0.08583
0.3427	-0.02181	0.05806
0.4283	-0.09977	0.03258
0.5701	-0.1585	0.05731
0.8843	-0.2942	0.03329
1.083	-0.3113	-0.01737
1.145	-0.2877	-0.0197
1.136	-0.2657	-0.01045
0.9709	-0.201	0.08078
0.9651	-0.241	0.1473
1.046	-0.3308	0.07126
1.181	-0.3608	-0.1157
1.514	-0.3722	-0.3481
1.65	-0.3909	-0.3897
1.515	-0.402	-0.1567
1.435	-0.4054	0.1996
1.473	-0.3668	0.4039
1.482	-0.1759	0.1875
1.4	0.1148	-0.08759
1.18	0.2428	0.0026
0.7229	0.1677	0.1353
0.5104	0.05458	0.1371
0.8169	-0.1301	0.05628
1.018	-0.2475	-0.1753
0.9555	-0.1029	-0.2161
0.9113	0.01373	-0.07881
0.8324	0.0256	-0.0915
0.7163	0.05918	-0.1071
0.6778	-0.01109	-0.1213
0.6966	-0.1049	-0.0996
0.7191	-0.1319	-0.03167
0.8085	-0.1547	-0.08443
0.9019	-0.1849	-0.1024
0.8187	-0.2838	-0.1433
0.7333	-0.4702	-0.2274
0.859	-0.6806	-0.1572
1.02	-0.7143	-0.04816
1.246	-0.4435	0.1404
1.584	-0.0904	0.3661
1.593	0.05757	0.2898
1.416	-0.06849	0.1452
1.421	-0.2448	0.2771
1.212	-0.3308	0.3218
0.9822	-0.2875	0.2187
0.9572	-0.003994	0.2161
0.7275	0.2027	0.1299
0.6747	0.1216	0.1163
0.7458	0.02816	0.1791
0.4439	-0.09005	0.06756
0.3271	-0.2692	0.06154
0.4988	-0.283	0.07205
0.7029	-0.2337	-0.04578
1.003	-0.31	-0.1014
1.112	-0.3129	-0.09857
1.156	-0.2748	-0.02835
1.168	-0.2821	0.01432
0.9019	-0.1655	0.07827
0.8377	-0.1753	0.1462
1.11	-0.297	0.0001172
1.424	-0.3311	-0.1708
1.649	-0.4362	-0.2493
1.48	-0.4304	-0.1784
1.101	-0.3655	0.09987
0.9423	-0.3557	0.3001
1.183	-0.1979	0.1797
1.563	0.009387	-0.2472
1.294	0.1514	-0.4697
0.6218	0.129	-0.07581
0.282	0.08562	0.3291
0.4461	0.06387	0.1388
0.9539	-0.1378	-0.1054
0.9957	-0.1392	-0.07257
0.8714	0.02353	-0.2442
0.9926	0.05099	-0.2936
0.749	0.1048	-0.1104
0.6898	0.032	-0.1268
0.7898	-0.1155	0.007903
0.7472	-0.1955	0.08759
0.9615	-0.2919	-0.05715
0.9395	-0.3213	-0.1334
0.885	-0.4035	-0.2997
0.9684	-0.4958	-0.2767
0.9209	-0.5126	-0.1161
1.133	-0.5049	0.02749
1.364	-0.2829	0.3071
0.5104	0.05458	0.1371
0.8169	-0.1301	0.05628
1.018	-0.2475	-0.1753
0.9555	-0.1029	-0.2161
0.9113	0.01373	-0.07881
0.8324	0.0256	-0.0915
0.7163	0.05918	-0.1071
0.6778	-0.01109	-0.1213
0.6966	-0.1049	-0.0996
0.7191	-0.1319	-0.03167
0.8085	-0.1547	-0.08443
0.9019	-0.1849	-0.1024
0.8187	-0.2838	-0.1433
0.7333	-0.4702	-0.2274
0.859	-0.6806	-0.1572
1.02	-0.7143	-0.04816
1.246	-0.4435	0.1404
1.584	-0.0904	0.3661
1.593	0.05757	0.2898
1.416	-0.06849	0.1452
1.421	-0.2448	0.2771
1.212	-0.3308	0.3218
0.9822	-0.2875	0.2187
0.9572	-0.003994	0.2161
0.7275	0.2027	0.1299
0.6747	0.1216	0.1163
0.7458	0.02816	0.1791
0.4439	-0.09005	0.06756
0.3271	-0.2692	0.06154
0.4988	-0.283	0.07205
0.7029	-0.2337	-0.04578
1.003	-0.31	-0.1014
1.112	-0.3129	-0.09857
1.156	-0.2748	-0.02835
1.168	-0.2821	0.01432
0.9019	-0.1655	0.07827
0.8377	-0.1753	0.1462
1.11	-0.297	0.0001172
1.424	-0.3311	-0.1708
1.649	-0.4362	-0.2493
1.48	-0.4304	-0.1784
1.101	-0.3655	0.09987
0.9423	-0.3557	0.3001
1.183	-0.1979	0.1797
1.563	0.009387	-0.2472
1.294	0.1514	-0.4697
0.6218	0.129	-0.07581
0.282	0.08562	0.3291
0.4461	0.06387	0.1388
0.9539	-0.1378	-0.1054
0.9957	-0.1392	-0.07257
0.8714	0.02353	-0.2442
0.9926	0.05099	-0.2936
0.749	0.1048	-0.1104
0.6898	0.032	-0.1268
0.7898	-0.1155	0.007903
0.7472	-0.1955	0.08759
0.9615	-0.2919	-0.05715
0.9395	-0.3213	-0.1334
0.885	-0.4035	-0.2997
0.9684	-0.4958	-0.2767
0.9209	-0.5126	-0.1161
1.133	-0.5049	0.02749
1.364	-0.2829	0.3071
1.463	-0.04865	0.3071
1.491	-0.09036	0.2102
1.424	-0.3161	0.295
1.373	-0.493	0.2981
1.174	-0.3519	0.3065
1.032	-0.103	0.2385
0.903	0.04583	0.063
0.614	0.2007	0.03713
0.4555	0.2282	0.06987
0.4029	0.107	0.05487
0.417	-0.07318	0.07515
0.4788	-0.2997	0.09442
0.634	-0.4381	0.04306
0.8939	-0.4506	-0.06555
1.037	-0.3993	-0.1892
1.106	-0.3105	-0.215
1.061	-0.2066	-0.08422
0.9725	-0.1307	0.05644
0.9953	-0.1482	0.07205
1.095	-0.2151	0.004736
1.376	-0.2557	-0.1091
1.595	-0.2794	-0.2585
1.584	-0.293	-0.2843
1.478	-0.3079	-0.1527
1.286	-0.3467	0.04951
1.251	-0.4118	0.2419
1.329	-0.4081	0.07655
1.267	-0.239	-0.2405
1.109	-0.03993	-0.1617
0.9365	0.01711	-0.1085
0.9803	-0.03878	-0.2219
1.074	-0.04489	-0.1589
0.9618	0.0323	-0.1454
0.9154	0.07721	-0.1089
0.881	0.1037	-0.03452
0.8102	0.1	-0.1028
0.8463	0.05625	-0.08636
0.7792	0.005118	-0.07213
0.7229	-0.08238	-0.09989
0.8743	-0.04328	-0.08726
1.034	0.0425	-0.181
1.063	-0.02266	-0.2427
0.9262	-0.03518	-0.1603
0.8231	-0.03237	-0.01082
0.9026	-0.07712	0.05109
0.9844	-0.02115	-0.08869
1.013	0.02995	-0.2465
0.9811	0.04395	-0.2711
0.8613	-0.005863	-0.1938
0.7941	-0.2337	-0.1619
0.9119	-0.5822	-0.2229
1.14	-0.8908	-0.2175
1.351	-0.8908	-0.0592
1.571	-0.6699	0.1387
1.703	-0.5841	0.1486
1.676	-0.5876	0.09188
1.593	-0.5218	0.1446
1.374	-0.2685	0.09634
1.136	0.1087	0.0119
1.049	0.2166	0.02486
0.9274	0.02379	0.02423
0.7559	-0.1559	0.09306
0.6477	-0.2525	0.1822
0.6283	-0.2812	0.1236
1.463	-0.04865	0.3071
1.491	-0.09036	0.2102
1.424	-0.3161	0.295
1.373	-0.493	0.2981
1.174	-0.3519	0.3065
1.032	-0.103	0.2385
0.903	0.04583	0.063
0.614	0.2007	0.03713
0.4555	0.2282	0.06987
0.4029	0.107	0.05487
0.417	-0.07318	0.07515
0.4788	-0.2997	0.09442
0.634	-0.4381	0.04306
0.8939	-0.4506	-0.06555
1.037	-0.3993	-0.1892
1.106	-0.3105	-0.215
1.061	-0.2066	-0.08422
0.9725	-0.1307	0.05644
0.9953	-0.1482	0.07205
1.095	-0.2151	0.004736
1.376	-0.2557	-0.1091
1.595	-0.2794	-0.2585
1.584	-0.293	-0.2843
1.478	-0.3079	-0.1527
1.286	-0.3467	0.04951
1.251	-0.4118	0.2419
1.329	-0.4081	0.07655
1.267	-0.239	-0.2405
1.109	-0.03993	-0.1617
0.9365	0.01711	-0.1085
0.9803	-0.03878	-0.2219
1.074	-0.04489	-0.1589
0.9618	0.0323	-0.1454
0.9154	0.07721	-0.1089
0.881	0.1037	-0.03452
0.8102	0.1	-0.1028
0.8463	0.05625	-0.08636
0.7792	0.005118	-0.07213
0.7229	-0.08238	-0.09989
0.8743	-0.04328	-0.08726
1.034	0.0425	-0.181
1.063	-0.02266	-0.2427
0.9262	-0.03518	-0.1603
0.8231	-0.03237	-0.01082
0.9026	-0.07712	0.05109
0.9844	-0.02115	-0.08869
1.013	0.02995	-0.2465
0.9811	0.04395	-0.2711
0.8613	-0.005863	-0.1938
0.7941	-0.2337	-0.1619
0.9119	-0.5822	-0.2229
1.14	-0.8908	-0.2175
1.351	-0.8908	-0.0592
1.571	-0.6699	0.1387
1.703	-0.5841	0.1486
1.676	-0.5876	0.09188
1.593	-0.5218	0.1446
1.374	-0.2685	0.09634
1.136	0.1087	0.0119
1.049	0.2166	0.02486
0.9274	0.02379	0.02423
0.7559	-0.1559	0.09306
0.6477	-0.2525	0.1822
0.6283	-0.2812	0.1236
0.6224	-0.19	0.05151
0.5387	-0.1171	0.06216
0.4799	-0.1578	0.07574
0.4553	-0.1675	0.08312
0.5756	-0.2002	0.08697
0.8529	-0.2849	0.07464
0.9044	-0.2659	0.06502
0.8723	-0.2227	0.005243
0.9681	-0.2181	-0.07775
0.9496	-0.2035	-0.05725
0.9326	-0.211	0.02733
1.036	-0.225	0.1208
1.086	-0.2248	0.1912
1.043	-0.223	0.157
0.9579	-0.2161	0.1014
0.8959	-0.2389	0.06516
0.893	-0.3371	-0.04147
0.994	-0.445	-0.1632
1.284	-0.4638	-0.261
1.705	-0.4543	-0.3392
1.855	-0.4816	-0.2874
1.401	-0.4507	0.01721
1.037	-0.2957	0.3457
1.472	-0.006232	0.1869
1.772	0.2671	-0.1074
1.201	0.2592	0.01421
0.6774	0.1473	0.09184
0.7248	0.08147	0.06582
0.9139	-0.09604	0.03786
1.003	-0.141	-0.1691
0.8999	-0.01814	-0.126
0.7123	-0.00766	-0.05201
0.6412	-0.003639	-0.1979
0.6325	-0.04292	-0.1459
0.6958	-0.1841	-0.09398
0.7938	-0.248	-0.06598
0.7974	-0.2654	-0.05967
0.77	-0.3434	-0.2032
0.7801	-0.5415	-0.2008
0.9214	-0.6873	-0.1459
1.24	-0.5501	-0.01076
1.543	-0.305	0.2246
1.648	-0.1552	0.2557
1.594	-0.227	0.2768
1.522	-0.4558	0.3588
1.327	-0.4799	0.3402
0.9861	-0.2782	0.2729
0.8437	-0.06051	0.203
0.8351	0.00529	0.1563
0.7242	-0.05239	0.165
0.6466	0.02573	0.2019
0.569	0.05932	0.1445
0.4901	-0.04618	0.09963
0.5299	-0.09046	0.1314
0.6194	-0.1875	0.08057
0.8162	-0.2614	0.02541
1.069	-0.2701	-0.004583
1.176	-0.2944	-0.005994
1.16	-0.2575	0.02805
1.07	-0.2628	0.02812
1.007	-0.2613	0.02691
1.167	-0.2632	-0.1604
1.558	-0.3688	-0.431
1.804	-0.4161	-0.3699
0.6224	-0.19	0.05151
0.5387	-0.1171	0.06216
0.4799	-0.1578	0.07574
0.4553	-0.1675	0.08312
0.5756	-0.2002	0.08697
0.8529	-0.2849	0.07464
0.9044	-0.2659	0.06502
0.8723	-0.2227	0.005243
0.9681	-0.2181	-0.07775
0.9496	-0.2035	-0.05725
0.9326	-0.211	0.02733
1.036	-0.225	0.1208
1.086	-0.2248	0.1912
1.043	-0.223	0.157
0.9579	-0.2161	0.1014
0.8959	-0.2389	0.06516
0.893	-0.3371	-0.04147
0.994	-0.445	-0.1632
1.284	-0.4638	-0.261
1.705	-0.4543	-0.3392
1.855	-0.4816	-0.2874
1.401	-0.4507	0.01721
1.037	-0.2957	0.3457
1.472	-0.006232	0.1869
1.772	0.2671	-0.1074
1.201	0.2592	0.01421
0.6774	0.1473	0.09184
0.7248	0.08147	0.06582
0.9139	-0.09604	0.03786
1.003	-0.141	-0.1691
0.8999	-0.01814	-0.126
0.7123	-0.00766	-0.05201
0.6412	-0.003639	-0.1979
0.6325	-0.04292	-0.1459
0.6958	-0.1841	-0.09398
0.7938	-0.248	-0.06598
0.7974	-0.2654	-0.05967
0.77	-0.3434	-0.2032
0.7801	-0.5415	-0.2008
0.9214	-0.6873	-0.1459
1.24	-0.5501	-0.01076
1.543	-0.305	0.2246
1.648	-0.1552	0.2557
1.594	-0.227	0.2768
1.522	-0.4558	0.3588
1.327	-0.4799	0.3402
0.9861	-0.2782	0.2729
0.8437	-0.06051	0.203
0.8351	0.00529	0.1563
0.7242	-0.05239	0.165
0.6466	0.02573	0.2019
0.569	0.05932	0.1445
0.4901	-0.04618	0.09963
0.5299	-0.09046	0.1314
0.6194	-0.1875	0.08057
0.8162	-0.2614	0.02541
1.069	-0.2701	-0.004583
1.176	-0.2944	-0.005994
1.16	-0.2575	0.02805
1.07	-0.2628	0.02812
1.007	-0.2613	0.02691
1.167	-0.2632	-0.1604
1.558	-0.3688	-0.431
1.804	-0.4161	-0.3699
1.495	-0.4362	-0.08626
1.069	-0.4524	0.183
1.119	-0.3913	0.2702
1.333	-0.2648	0.04378
1.448	-0.1046	-0.2505
1.467	-0.02199	-0.3381
1.178	0.05074	-0.1798
0.8963	0.1588	-0.003655
0.943	0.1585	-0.07769
0.9587	0.06998	-0.1195
0.8074	0.03542	0.005414
0.7168	0.06312	-0.01304
0.7555	0.05634	-0.06461
0.765	0.04446	-0.1136
0.7437	0.02711	-0.1877
0.8235	-0.006108	-0.09386
0.9128	0.03632	-0.04706
0.9636	0.06269	-0.09298
0.9379	0.0002849	-0.08476
0.8748	-0.05461	-0.1167
0.9172	-0.07133	-0.1973
0.9152	-0.1587	-0.3709
0.8611	-0.3593	-0.4845
0.8764	-0.5521	-0.3159
0.9265	-0.7714	-0.002274
1.063	-0.8667	0.2637
1.238	-0.4641	0.3094
1.385	0.07659	0.1316
1.471	0.1183	0.03094
1.497	-0.1521	0.1453
1.563	-0.3121	0.232
1.386	-0.3405	0.1925
0.9626	-0.1903	0.182
0.773	0.05877	0.1374
0.7591	0.09304	0.02697
0.7963	-0.09223	-0.003736
0.8949	-0.341	0.008817
0.8588	-0.4882	0.01925
0.7017	-0.4283	0.1059
0.518	-0.3113	0.2032
0.4711	-0.1622	0.1931
0.603	-0.0297	0.1615
0.7915	-0.08358	0.1277
1.095	-0.129	0.02671
1.173	-0.08065	0.02485
0.9813	-0.1212	0.143
0.9578	-0.1432	0.2142
0.8684	-0.092	0.2484
0.7583	-0.03282	0.2002
0.7744	0.06633	0.04382
0.6923	0.04109	-0.1253
0.9663	-0.2254	-0.3954
1.659	-0.7829	-0.8597
2.006	-1.317	-1.005
1.507	-1.085	-0.1894
0.9225	-0.5255	0.5966
1.344	-0.2428	0.2155
1.65	0.1767	-0.1813
1.216	0.3529	-0.02944
1.034	0.1437	-0.09792
0.7385	0.01024	-0.02389
0.589	-0.3377	0.1406
0.893	-0.4984	-0.009083
0.8345	-0.2316	-0.03364
1.495	-0.4362	-0.08626
1.069	-0.4524	0.183
1.119	-0.3913	0.2702
1.333	-0.2648	0.04378
1.448	-0.1046	-0.2505
1.467	-0.02199	-0.3381
1.178	0.05074	-0.1798
0.8963	0.1588	-0.003655
0.943	0.1585	-0.07769
0.9587	0.06998	-0.1195
0.8074	0.03542	0.005414
0.7168	0.06312	-0.01304
0.7555	0.05634	-0.06461
0.765	0.04446	-0.1136
0.7437	0.02711	-0.1877
0.8235	-0.006108	-0.09386
0.9128	0.03632	-0.04706
0.9636	0.06269	-0.09298
0.9379	0.0002849	-0.08476
0.8748	-0.05461	-0.1167
0.9172	-0.07133	-0.1973
0.9152	-0.1587	-0.3709
0.8611	-0.3593	-0.4845
0.8764	-0.5521	-0.3159
0.9265	-0.7714	-0.002274
1.063	-0.8667	0.2637
1.238	-0.4641	0.3094
1.385	0.07659	0.1316
1.471	0.1183	0.03094
1.497	-0.1521	0.1453
1.563	-0.3121	0.232
1.386	-0.3405	0.1925
0.9626	-0.1903	0.182
0.773	0.05877	0.1374
0.7591	0.09304	0.02697
0.7963	-0.09223	-0.003736
0.8949	-0.341	0.008817
0.8588	-0.4882	0.01925
0.7017	-0.4283	0.1059
0.518	-0.3113	0.2032
0.4711	-0.1622	0.1931
0.603	-0.0297	0.1615
0.7915	-0.08358	0.1277
1.095	-0.129	0.02671
1.173	-0.08065	0.02485
0.9813	-0.1212	0.143
0.9578	-0.1432	0.2142
0.8684	-0.092	0.2484
0.7583	-0.03282	0.2002
0.7744	0.06633	0.04382
0.6923	0.04109	-0.1253
0.9663	-0.2254	-0.3954
1.659	-0.7829	-0.8597
2.006	-1.317	-1.005
1.507	-1.085	-0.1894
0.9225	-0.5255	0.5966
1.344	-0.2428	0.2155
1.65	0.1767	-0.1813
1.216	0.3529	-0.02944
1.034	0.1437	-0.09792
0.7385	0.01024	-0.02389
0.589	-0.3377	0.1406
0.893	-0.4984	-0.009083
0.8345	-0.2316	-0.03364
0.8509	-0.07473	-0.07003
0.8738	0.102	-0.1207
0.6971	0.1604	-0.03213
0.9428	0.02398	-0.1156
1.101	0.004567	-0.1459
1.013	-0.03945	-0.1176
0.9354	-0.06873	-0.1074
0.6949	-0.03175	0.04986
0.5462	-0.03172	0.06737
0.559	-0.04606	0.01284
0.6863	-0.1058	-0.02643
0.9011	-0.1468	-0.1785
1.06	-0.1357	-0.2519
1.094	-0.1264	-0.2718
0.9733	-0.1599	-0.3111
0.9383	-0.3112	-0.3271
1.001	-0.6034	-0.2952
1.115	-0.8285	-0.1519
1.362	-0.7341	0.08868
1.461	-0.4737	0.3001
1.405	-0.2043	0.304
1.404	-0.06469	0.2688
1.421	-0.2735	0.3333
1.372	-0.3981	0.3244
1.182	-0.1915	0.2676
0.9091	-0.04177	0.1951
0.7136	0.00377	0.1646
0.6547	-0.04292	0.1952
0.5781	-0.1208	0.1638
0.4799	-0.0853	0.1445
0.464	-0.1146	0.1208
0.4641	-0.1839	0.08487
0.5446	-0.209	0.0862
0.6787	-0.2571	0.02694
0.7707	-0.2505	-0.005417
0.8428	-0.2243	0.01044
0.8902	-0.181	0.02398
0.9781	-0.1187	0.08181
1.023	-0.2069	0.08546
1.016	-0.3416	0.06153
1.107	-0.3457	0.03042
1.383	-0.318	-0.1967
1.83	-0.3129	-0.5402
1.875	-0.3006	-0.5675
1.354	-0.3422	-0.1018
0.9807	-0.4389	0.3374
1.015	-0.468	0.2945
1.246	-0.3357	0.03197
1.369	-0.05537	-0.1933
1.219	0.1457	-0.3213
0.8956	0.0566	-0.1057
0.5783	-0.09658	0.1809
0.6562	-0.1107	0.04771
0.8919	-0.1015	-0.09997
0.8383	-0.02674	-0.07308
0.8242	0.09315	-0.1067
0.8217	0.1027	-0.04829
0.7503	0.06397	-0.1062
0.7701	-0.01125	-0.2264
0.6808	-0.1016	-0.09393
0.6787	-0.1193	0.007661
0.8344	-0.09918	0.06613
0.9493	-0.08228	0.02678
1.049	-0.1367	-0.158
0.8509	-0.07473	-0.07003
0.8738	0.102	-0.1207
0.6971	0.1604	-0.03213
0.9428	0.02398	-0.1156
1.101	0.004567	-0.1459
1.013	-0.03945	-0.1176
0.9354	-0.06873	-0.1074
0.6949	-0.03175	0.04986
0.5462	-0.03172	0.06737
0.559	-0.04606	0.01284
0.6863	-0.1058	-0.02643
0.9011	-0.1468	-0.1785
1.06	-0.1357	-0.2519
1.094	-0.1264	-0.2718
0.9733	-0.1599	-0.3111
0.9383	-0.3112	-0.3271
1.001	-0.6034	-0.2952
1.115	-0.8285	-0.1519
1.362	-0.7341	0.08868
1.461	-0.4737	0.3001
1.405	-0.2043	0.304
1.404	-0.06469	0.2688
1.421	-0.2735	0.3333
1.372	-0.3981	0.3244
1.182	-0.1915	0.2676
0.9091	-0.04177	0.1951
0.7136	0.00377	0.1646
0.6547	-0.04292	0.1952
0.5781	-0.1208	0.1638
0.4799	-0.0853	0.1445
0.464	-0.1146	0.1208
0.4641	-0.1839	0.08487
0.5446	-0.209	0.0862
0.6787	-0.2571	0.02694
0.7707	-0.2505	-0.005417
0.8428	-0.2243	0.01044
0.8902	-0.181	0.02398
0.9781	-0.1187	0.08181
1.023	-0.2069	0.08546
1.016	-0.3416	0.06153
1.107	-0.3457	0.03042
1.383	-0.318	-0.1967
1.83	-0.3129	-0.5402
1.875	-0.3006	-0.5675
1.354	-0.3422	-0.1018
0.9807	-0.4389	0.3374
1.015	-0.468	0.2945
1.246	-0.3357	0.03197
1.369	-0.05537	-0.1933
1.219	0.1457	-0.3213
0.8956	0.0566	-0.1057
0.5783	-0.09658	0.1809
0.6562	-0.1107	0.04771
0.8919	-0.1015	-0.09997
0.8383	-0.02674	-0.07308
0.8242	0.09315	-0.1067
0.8217	0.1027	-0.04829
0.7503	0.06397	-0.1062
0.7701	-0.01125	-0.2264
0.6808	-0.1016	-0.09393
0.6787	-0.1193	0.007661
0.8344	-0.09918	0.06613
0.9493	-0.08228	0.02678
1.049	-0.1367	-0.158
0.9113	-0.2533	-0.1762
0.7369	-0.4425	-0.1614
0.8072	-0.6909	-0.1147
0.9975	-0.7311	0.08276
1.31	-0.4978	0.2341
1.456	-0.1723	0.2477
1.432	0.04422	0.1494
1.437	0.002075	0.1524
1.217	-0.1803	0.2677
1.006	-0.2994	0.3183
1.076	-0.2473	0.2869
1.084	-0.128	0.1977
0.8472	-0.08476	0.2179
0.5475	-0.02345	0.2422
0.4371	0.002336	0.1907
0.5447	-0.09207	0.2035
0.7323	-0.1945	0.07789
0.991	-0.3209	-0.102
1.197	-0.4191	-0.1284
1.121	-0.4166	-0.08841
1.013	-0.4186	0.02474
1.015	-0.3638	0.1425
0.8571	-0.2144	0.1701
0.8219	-0.1597	0.02098
1.001	-0.1953	-0.198
1.173	-0.2002	-0.2595
1.522	-0.2917	-0.2498
1.605	-0.4782	-0.1365
1.201	-0.4936	0.1288
1.013	-0.2442	0.2524
1.248	0.08397	-0.01387
1.465	0.2186	-0.343
1.273	0.1614	-0.2363
1	0.1706	0.002854
0.9383	0.1906	0.1246
0.8777	0.08737	0.2288
0.916	0.01402	0.1286
0.8913	0.03843	0.0115
0.8034	0.04653	-0.08985
0.8588	-0.01592	-0.2646
0.7879	-0.1052	-0.1769
0.7348	-0.2364	-0.08823
0.72	-0.3917	-0.1454
0.6384	-0.4777	-0.1375
0.6935	-0.5462	-0.2383
0.7781	-0.589	-0.2169
1.02	-0.5378	0.09356
1.334	-0.4133	0.3643
1.455	-0.1578	0.372
1.57	0.01918	0.1849
1.495	-0.1387	0.1592
1.188	-0.2562	0.2282
1.053	-0.09538	0.2416
1.132	-0.005326	0.3055
1.161	-0.02655	0.2431
0.8856	0.02542	0.1489
0.5118	0.0348	0.1211
0.3959	-0.04522	0.07106
0.4808	-0.1584	0.09475
0.6597	-0.2611	0.0661
0.9008	-0.2923	0.01131
1.024	-0.3328	0.01264
0.9542	-0.3769	-0.009372
0.8865	-0.3843	0.01751
0.9113	-0.2533	-0.1762
0.7369	-0.4425	-0.1614
0.8072	-0.6909	-0.1147
0.9975	-0.7311	0.08276
1.31	-0.4978	0.2341
1.456	-0.1723	0.2477
1.432	0.04422	0.1494
1.437	0.002075	0.1524
1.217	-0.1803	0.2677
1.006	-0.2994	0.3183
1.076	-0.2473	0.2869
1.084	-0.128	0.1977
0.8472	-0.08476	0.2179
0.5475	-0.02345	0.2422
0.4371	0.002336	0.1907
0.5447	-0.09207	0.2035
0.7323	-0.1945	0.07789
0.991	-0.3209	-0.102
1.197	-0.4191	-0.1284
1.121	-0.4166	-0.08841
1.013	-0.4186	0.02474
1.015	-0.3638	0.1425
0.8571	-0.2144	0.1701
0.8219	-0.1597	0.02098
1.001	-0.1953	-0.198
1.173	-0.2002	-0.2595
1.522	-0.2917	-0.2498
1.605	-0.4782	-0.1365
1.201	-0.4936	0.1288
1.013	-0.2442	0.2524
1.248	0.08397	-0.01387
1.465	0.2186	-0.343
1.273	0.1614	-0.2363
1	0.1706	0.002854
0.9383	0.1906	0.1246
0.8777	0.08737	0.2288
0.916	0.01402	0.1286
0.8913	0.03843	0.0115
0.8034	0.04653	-0.08985
0.8588	-0.01592	-0.2646
0.7879	-0.1052	-0.1769
0.7348	-0.2364	-0.08823
0.72	-0.3917	-0.1454
0.6384	-0.4777	-0.1375
0.6935	-0.5462	-0.2383
0.7781	-0.589	-0.2169
1.02	-0.5378	0.09356
1.334	-0.4133	0.3643
1.455	-0.1578	0.372
1.57	0.01918	0.1849
1.495	-0.1387	0.1592
1.188	-0.2562	0.2282
1.053	-0.09538	0.2416
1.132	-0.005326	0.3055
1.161	-0.02655	0.2431
0.8856	0.02542	0.1489
0.5118	0.0348	0.1211
0.3959	-0.04522	0.07106
0.4808	-0.1584	0.09475
0.6597	-0.2611	0.0661
0.9008	-0.2923	0.01131
1.024	-0.3328	0.01264
0.9542	-0.3769	-0.009372
0.8865	-0.3843	0.01751
0.8727	-0.4127	0.02843
0.9943	-0.3729	-0.02024
1.461	-0.2436	-0.2213
1.821	-0.1765	-0.4711
1.604	-0.2757	-0.2859
1.295	-0.4348	0.06911
1.26	-0.4088	0.09713
1.264	-0.1907	-0.08201
1.32	0.0284	-0.2885
1.404	0.08269	-0.2797
1.221	0.02748	-0.1151
0.9637	0.03699	-0.05094
0.8894	-0.007645	0.02284
0.8979	-0.1127	-0.01119
0.9055	-0.133	-0.1084
0.8671	-0.09128	-0.04921
0.8602	0.03841	-0.09021
0.8195	0.08307	-0.1464
0.7367	0.01665	-0.09408
0.7802	-0.009493	-0.08495
0.7895	-0.1364	-0.02572
0.7989	-0.2021	-0.003372
0.8747	-0.151	-0.01188
0.873	-0.1835	0.02214
0.8924	-0.1769	-0.02744
0.8988	-0.2004	-0.1252
0.8821	-0.3235	-0.3101
0.9375	-0.4214	-0.3785
1.082	-0.4749	-0.05084
1.326	-0.5001	0.2806
1.414	-0.4927	0.2794
1.396	-0.3325	0.2049
1.539	-0.1726	0.2631
1.571	-0.2253	0.2696
1.389	-0.3314	0.2314
1.213	-0.4023	0.2952
1.06	-0.3692	0.2936
0.9817	-0.2166	0.2141
0.9144	-0.071	0.135
0.7661	-0.002839	0.07561
0.6852	-0.04855	0.1089
0.6482	-0.1236	0.09425
0.6615	-0.2447	0.05467
0.744	-0.375	0.07778
0.7135	-0.3403	0.06407
0.7252	-0.2899	0.07145
0.8502	-0.262	0.07439
0.9337	-0.147	0.04639
1.012	-0.04984	0.0492
0.9904	-0.003323	0.04178
0.9214	-0.03022	0.07792
0.8937	-0.08639	0.1567
0.852	-0.1251	0.2078
0.9835	-0.2461	0.2205
1.176	-0.3048	0.1674
1.185	-0.2241	0.1025
1.114	-0.2025	0.07552
1.11	-0.2869	0.02616
1.327	-0.4683	-0.1297
1.59	-0.6496	-0.3559
1.543	-0.6447	-0.429
1.314	-0.5441	-0.2609
1.244	-0.4493	-0.09205
1.477	-0.2605	-0.1173
