1.062	-0.3825	-0.06132
0.9904	-0.3141	-0.05361
0.8062	-0.2055	-0.03642
0.7309	-0.1271	0.00622
0.762	-0.1659	0.03513
0.7701	-0.2055	0.08933
0.7494	-0.1931	0.09494
0.7359	-0.2241	0.07695
0.726	-0.2224	0.1267
0.6962	-0.1867	0.1376
0.7355	-0.1825	0.1331
0.8289	-0.1559	0.1572
0.9321	-0.1524	0.1438
1.113	-0.1869	0.1396
1.288	-0.2082	0.1257
1.394	-0.222	0.09819
1.441	-0.1974	0.1358
1.449	-0.2007	0.1681
1.453	-0.351	0.1357
1.425	-0.6342	0.04366
1.381	-0.906	-0.1188
1.169	-0.955	-0.2054
0.7687	-0.7496	-0.08543
0.5641	-0.4308	0.0267
0.6337	-0.1316	-0.03401
0.8107	0.03689	-0.1227
1.044	0.02703	-0.2074
1.129	-0.148	-0.2403
0.9343	-0.397	-0.1101
0.727	-0.5781	0.01102
0.7003	-0.6018	0.02293
0.7536	-0.525	-0.01555
0.814	-0.4451	-0.07571
0.8641	-0.2411	-0.1254
0.9322	0.05244	-0.1971
0.9627	0.09536	-0.1846
0.9235	-0.01698	-0.09906
0.9632	0.0003615	-0.1062
0.9821	-0.03144	-0.08047
0.9622	-0.1224	-0.04649
1.051	-0.1657	-0.06999
1.121	-0.3177	-0.02636
1.154	-0.351	-0.03199
1.165	-0.213	-0.08382
1.176	-0.1704	-0.08662
1.26	-0.03869	-0.1067
1.315	0.06125	-0.1274
1.34	-0.05232	-0.1555
1.258	-0.1397	-0.1252
1.071	-0.2289	-0.07788
0.9956	-0.34	-0.1954
1.01	-0.4371	-0.2923
1.098	-0.5168	-0.2203
1.218	-0.5086	-0.08289
1.245	-0.4693	0.05276
1.155	-0.3143	0.05936
0.9542	-0.08837	-0.03611
0.8176	-0.02423	-0.0634
0.8098	-0.05546	-0.06092
0.8073	-0.08994	-0.08274
0.7709	-0.1648	-0.06093
0.7194	-0.2868	0.0111
0.6792	-0.365	0.1059
0.6354	-0.3534	0.1618
0.6571	-0.3261	0.1449
0.7364	-0.2674	0.1525
0.802	-0.2083	0.1532
0.8872	-0.1941	0.1082
0.9706	-0.1846	0.1178
1.128	-0.1834	0.1132
1.237	-0.1612	0.07648
1.217	-0.1388	0.1069
1.413	-0.1145	0.1524
1.599	-0.1001	0.1791
1.465	-0.2626	0.1522
1.397	-0.5864	0.05012
1.42	-0.898	-0.06018
1.21	-0.9961	-0.1466
0.8727	-0.7706	-0.09429
0.6676	-0.4187	0.01512
0.6571	-0.1324	-0.04013
0.813	-0.03681	-0.1018
0.9943	-0.134	-0.1408
0.9995	-0.2214	-0.2076
0.9097	-0.3564	-0.1165
0.8334	-0.5302	-0.01621
0.7266	-0.5057	-0.01369
0.7326	-0.4235	-0.02842
0.8523	-0.2997	-0.1444
0.8903	-0.03498	-0.2406
0.8865	0.0276	-0.217
0.9042	-0.04274	-0.1784
0.9379	0.01612	-0.1581
0.9653	-0.01503	-0.1245
0.9627	-0.08173	-0.07527
1.027	-0.1101	-0.0683
1.112	-0.2199	-0.0596
1.147	-0.2609	-0.04993
1.203	-0.24	-0.06604
1.241	-0.1627	-0.04649
1.265	0.02713	-0.05495
1.29	0.09604	-0.0711
1.273	0.02125	-0.07964
1.23	-0.09846	-0.1192
1.107	-0.3026	-0.1101
0.9536	-0.433	-0.1221
0.9593	-0.3992	-0.1946
1.098	-0.4111	-0.2593
1.231	-0.4722	-0.2731
1.336	-0.4135	-0.19
1.329	-0.3274	-0.09002
1.128	-0.2186	-0.01625
0.8668	-0.1061	0.00457
0.7227	-0.1407	-0.03998
0.7231	-0.138	-0.05662
0.7316	-0.1123	-0.07255
0.7075	-0.1937	-0.0608
0.6962	-0.2333	0.02019
0.6271	-0.287	0.07985
0.5671	-0.3276	0.1289
0.579	-0.3116	0.1531
0.6426	-0.3259	0.1466
0.807	-0.2764	0.139
0.9877	-0.2309	0.08327
1.169	-0.24	0.03392
1.347	-0.2077	0.0006261
1.449	-0.1635	-0.025
1.567	-0.1328	0.03107
0.6571	-0.3261	0.1449
0.7364	-0.2674	0.1525
0.802	-0.2083	0.1532
0.8872	-0.1941	0.1082
0.9706	-0.1846	0.1178
1.128	-0.1834	0.1132
1.237	-0.1612	0.07648
1.217	-0.1388	0.1069
1.413	-0.1145	0.1524
1.599	-0.1001	0.1791
1.465	-0.2626	0.1522
1.397	-0.5864	0.05012
1.42	-0.898	-0.06018
1.21	-0.9961	-0.1466
0.8727	-0.7706	-0.09429
0.6676	-0.4187	0.01512
0.6571	-0.1324	-0.04013
0.813	-0.03681	-0.1018
0.9943	-0.134	-0.1408
0.9995	-0.2214	-0.2076
0.9097	-0.3564	-0.1165
0.8334	-0.5302	-0.01621
0.7266	-0.5057	-0.01369
0.7326	-0.4235	-0.02842
0.8523	-0.2997	-0.1444
0.8903	-0.03498	-0.2406
0.8865	0.0276	-0.217
0.9042	-0.04274	-0.1784
0.9379	0.01612	-0.1581
0.9653	-0.01503	-0.1245
0.9627	-0.08173	-0.07527
1.027	-0.1101	-0.0683
1.112	-0.2199	-0.0596
1.147	-0.2609	-0.04993
1.203	-0.24	-0.06604
1.241	-0.1627	-0.04649
1.265	0.02713	-0.05495
1.29	0.09604	-0.0711
1.273	0.02125	-0.07964
1.23	-0.09846	-0.1192
1.107	-0.3026	-0.1101
0.9536	-0.433	-0.1221
0.9593	-0.3992	-0.1946
1.098	-0.4111	-0.2593
1.231	-0.4722	-0.2731
1.336	-0.4135	-0.19
1.329	-0.3274	-0.09002
1.128	-0.2186	-0.01625
0.8668	-0.1061	0.00457
0.7227	-0.1407	-0.03998
0.7231	-0.138	-0.05662
0.7316	-0.1123	-0.07255
0.7075	-0.1937	-0.0608
0.6962	-0.2333	0.02019
0.6271	-0.287	0.07985
0.5671	-0.3276	0.1289
0.579	-0.3116	0.1531
0.6426	-0.3259	0.1466
0.807	-0.2764	0.139
0.9877	-0.2309	0.08327
1.169	-0.24	0.03392
1.347	-0.2077	0.0006261
1.449	-0.1635	-0.025
1.567	-0.1328	0.03107
1.575	-0.1512	0.09294
1.307	-0.241	0.1362
1.073	-0.3772	0.2014
1.127	-0.516	0.1418
1.196	-0.7406	-0.1189
1.11	-1.033	-0.3373
1.071	-0.923	-0.2574
0.945	-0.438	-0.06391
0.7231	-0.08831	-0.008755
0.79	0.0313	-0.002751
0.8897	-0.1105	-0.03149
0.8421	-0.3265	-0.08287
0.9058	-0.44	-0.06257
0.8605	-0.5553	-0.05668
0.7444	-0.5251	-0.05088
0.7898	-0.3979	-0.05818
0.7974	-0.1345	-0.1335
0.8389	0.1906	-0.1664
0.9695	0.1942	-0.1945
1.006	0.1752	-0.186
1.009	0.1065	-0.1069
1.017	-0.1295	-0.06123
1.026	-0.1951	-0.00345
1.087	-0.2557	0.004233
1.18	-0.262	-0.03253
1.233	-0.1957	-0.02328
1.216	-0.1317	-0.03444
1.225	0.05294	-0.03114
1.26	0.03945	-0.04573
1.253	-0.1178	-0.1055
1.218	-0.207	-0.1333
1.097	-0.2921	-0.1495
0.9633	-0.3374	-0.1614
0.9942	-0.4612	-0.1867
1.154	-0.5746	-0.1949
1.314	-0.5637	-0.1548
1.351	-0.4847	-0.08196
1.199	-0.3016	0.02719
0.9682	-0.1214	0.04013
0.8052	-0.02313	-0.0334
0.7742	-0.009232	-0.07304
0.8329	-0.05101	-0.1096
0.8268	-0.1232	-0.07854
0.738	-0.2696	0.01214
0.6433	-0.3545	0.07584
0.5683	-0.3353	0.1424
0.5874	-0.3387	0.1699
0.6506	-0.3316	0.1612
0.7313	-0.2756	0.1562
0.8792	-0.2019	0.1313
0.981	-0.164	0.1158
1.071	-0.1971	0.08131
1.156	-0.2219	0.03969
1.169	-0.2017	0.07927
1.356	-0.198	0.171
1.603	-0.1754	0.2589
1.487	-0.0962	0.2656
1.245	-0.09196	0.1943
1.214	-0.3069	0.1361
1.251	-0.6984	0.01749
1.265	-0.9505	-0.1093
1.114	-0.8395	-0.1102
0.7975	-0.5342	-0.1114
0.7144	-0.2081	-0.1409
1.575	-0.1512	0.09294
1.307	-0.241	0.1362
1.073	-0.3772	0.2014
1.127	-0.516	0.1418
1.196	-0.7406	-0.1189
1.11	-1.033	-0.3373
1.071	-0.923	-0.2574
0.945	-0.438	-0.06391
0.7231	-0.08831	-0.008755
0.79	0.0313	-0.002751
0.8897	-0.1105	-0.03149
0.8421	-0.3265	-0.08287
0.9058	-0.44	-0.06257
0.8605	-0.5553	-0.05668
0.7444	-0.5251	-0.05088
0.7898	-0.3979	-0.05818
0.7974	-0.1345	-0.1335
0.8389	0.1906	-0.1664
0.9695	0.1942	-0.1945
1.006	0.1752	-0.186
1.009	0.1065	-0.1069
1.017	-0.1295	-0.06123
1.026	-0.1951	-0.00345
1.087	-0.2557	0.004233
1.18	-0.262	-0.03253
1.233	-0.1957	-0.02328
1.216	-0.1317	-0.03444
1.225	0.05294	-0.03114
1.26	0.03945	-0.04573
1.253	-0.1178	-0.1055
1.218	-0.207	-0.1333
1.097	-0.2921	-0.1495
0.9633	-0.3374	-0.1614
0.9942	-0.4612	-0.1867
1.154	-0.5746	-0.1949
1.314	-0.5637	-0.1548
1.351	-0.4847	-0.08196
1.199	-0.3016	0.02719
0.9682	-0.1214	0.04013
0.8052	-0.02313	-0.0334
0.7742	-0.009232	-0.07304
0.8329	-0.05101	-0.1096
0.8268	-0.1232	-0.07854
0.738	-0.2696	0.01214
0.6433	-0.3545	0.07584
0.5683	-0.3353	0.1424
0.5874	-0.3387	0.1699
0.6506	-0.3316	0.1612
0.7313	-0.2756	0.1562
0.8792	-0.2019	0.1313
0.981	-0.164	0.1158
1.071	-0.1971	0.08131
1.156	-0.2219	0.03969
1.169	-0.2017	0.07927
1.356	-0.198	0.171
1.603	-0.1754	0.2589
1.487	-0.0962	0.2656
1.245	-0.09196	0.1943
1.214	-0.3069	0.1361
1.251	-0.6984	0.01749
1.265	-0.9505	-0.1093
1.114	-0.8395	-0.1102
0.7975	-0.5342	-0.1114
0.7144	-0.2081	-0.1409
0.8275	-0.07163	-0.1292
0.8598	-0.2224	-0.08749
0.8261	-0.305	0.003869
0.8272	-0.3157	0.0191
0.9523	-0.3865	-0.1332
1.015	-0.2539	-0.2489
0.8652	-0.05534	-0.179
0.7437	0.0293	-0.1052
0.881	0.02883	-0.1524
1.052	-0.1214	-0.1255
0.978	-0.1952	-0.05046
0.9241	-0.152	-0.0604
0.9292	-0.1353	-0.02007
0.8803	-0.1233	0.002603
0.9783	-0.1827	-0.03688
1.077	-0.263	-0.02137
1.128	-0.3523	-0.03412
1.203	-0.414	-0.04467
1.178	-0.2966	-0.01523
1.196	-0.082	0.001885
1.264	0.04357	0.03858
1.255	-0.06163	-0.0009125
1.221	-0.2141	-0.09184
1.148	-0.2355	-0.1068
1.04	-0.31	-0.1278
0.996	-0.4179	-0.1784
1.08	-0.4904	-0.1797
1.191	-0.5449	-0.0895
1.251	-0.5003	0.04807
1.265	-0.3564	0.08386
1.146	-0.1298	-0.01738
0.9517	0.01791	-0.1099
0.8438	-0.00549	-0.1093
0.82	-0.01537	-0.09677
0.8009	-0.09105	-0.0697
0.7492	-0.284	0.01918
0.7127	-0.37	0.05404
0.6883	-0.3793	0.05748
0.6187	-0.3886	0.1038
0.5656	-0.3679	0.1217
0.5987	-0.3567	0.1433
0.6798	-0.3114	0.137
0.8119	-0.2044	0.08038
0.9988	-0.1353	0.07309
1.139	-0.1672	0.05253
1.25	-0.1918	0.02655
1.427	-0.1419	0.04784
1.59	-0.1319	0.07833
1.581	-0.1555	0.177
1.361	-0.1982	0.2458
1.184	-0.3055	0.1843
1.231	-0.4217	0.1101
1.258	-0.6675	-0.02099
1.142	-0.9672	-0.193
1.042	-0.8703	-0.1633
0.9223	-0.4801	-0.05982
0.7666	-0.1992	-0.1074
0.8107	-0.07633	-0.1048
0.9126	-0.1797	-0.06512
0.8287	-0.3768	-0.08831
0.8165	-0.4813	-0.03497
0.8773	-0.5514	-0.05634
0.8679	-0.4537	-0.1544
0.9279	-0.3024	-0.1751
0.8275	-0.07163	-0.1292
0.8598	-0.2224	-0.08749
0.8261	-0.305	0.003869
0.8272	-0.3157	0.0191
0.9523	-0.3865	-0.1332
1.015	-0.2539	-0.2489
0.8652	-0.05534	-0.179
0.7437	0.0293	-0.1052
0.881	0.02883	-0.1524
1.052	-0.1214	-0.1255
0.978	-0.1952	-0.05046
0.9241	-0.152	-0.0604
0.9292	-0.1353	-0.02007
0.8803	-0.1233	0.002603
0.9783	-0.1827	-0.03688
1.077	-0.263	-0.02137
1.128	-0.3523	-0.03412
1.203	-0.414	-0.04467
1.178	-0.2966	-0.01523
1.196	-0.082	0.001885
1.264	0.04357	0.03858
1.255	-0.06163	-0.0009125
1.221	-0.2141	-0.09184
1.148	-0.2355	-0.1068
1.04	-0.31	-0.1278
0.996	-0.4179	-0.1784
1.08	-0.4904	-0.1797
1.191	-0.5449	-0.0895
1.251	-0.5003	0.04807
1.265	-0.3564	0.08386
1.146	-0.1298	-0.01738
0.9517	0.01791	-0.1099
0.8438	-0.00549	-0.1093
0.82	-0.01537	-0.09677
0.8009	-0.09105	-0.0697
0.7492	-0.284	0.01918
0.7127	-0.37	0.05404
0.6883	-0.3793	0.05748
0.6187	-0.3886	0.1038
0.5656	-0.3679	0.1217
0.5987	-0.3567	0.1433
0.6798	-0.3114	0.137
0.8119	-0.2044	0.08038
0.9988	-0.1353	0.07309
1.139	-0.1672	0.05253
1.25	-0.1918	0.02655
1.427	-0.1419	0.04784
1.59	-0.1319	0.07833
1.581	-0.1555	0.177
1.361	-0.1982	0.2458
1.184	-0.3055	0.1843
1.231	-0.4217	0.1101
1.258	-0.6675	-0.02099
1.142	-0.9672	-0.193
1.042	-0.8703	-0.1633
0.9223	-0.4801	-0.05982
0.7666	-0.1992	-0.1074
0.8107	-0.07633	-0.1048
0.9126	-0.1797	-0.06512
0.8287	-0.3768	-0.08831
0.8165	-0.4813	-0.03497
0.8773	-0.5514	-0.05634
0.8679	-0.4537	-0.1544
0.9279	-0.3024	-0.1751
0.925	-0.1432	-0.1645
0.8792	0.1202	-0.08179
0.9396	0.1476	-0.05829
0.9578	0.1169	-0.09307
0.9921	0.1284	-0.05947
1.035	-0.05614	-0.06054
1.009	-0.178	-0.02805
1.04	-0.2695	-0.0009974
1.088	-0.3203	-0.02889
1.136	-0.2917	-0.007057
1.169	-0.3081	-0.007227
1.148	-0.1544	-0.005148
1.195	-0.04123	-0.007811
1.234	-0.1087	-0.08188
1.169	-0.1796	-0.1415
1.034	-0.3069	-0.1368
0.9094	-0.3612	-0.131
1.016	-0.3763	-0.1967
1.291	-0.4732	-0.2055
1.443	-0.5328	-0.1202
1.366	-0.459	-0.04167
1.093	-0.226	0.06672
0.8421	-0.0192	0.1029
0.7897	-0.01124	0.02708
0.8017	-0.08293	-0.03919
0.7766	-0.08953	-0.06248
0.7842	-0.1698	-0.01953
0.7849	-0.3099	0.0399
0.6917	-0.3122	0.09673
0.5788	-0.3375	0.1377
0.5385	-0.3514	0.1264
0.6226	-0.2866	0.1197
0.7724	-0.2761	0.08487
0.8707	-0.1836	0.05532
0.9776	-0.1385	0.1049
1.073	-0.2026	0.1495
1.147	-0.1793	0.1558
1.309	-0.1338	0.1288
1.468	-0.09339	0.1034
1.539	-0.166	0.1177
1.476	-0.3461	0.1276
1.349	-0.4999	0.1009
1.292	-0.7068	-0.01207
1.145	-0.8251	-0.1398
0.896	-0.7531	-0.1097
0.6798	-0.5611	-0.0218
0.603	-0.2601	-0.02474
0.7921	-0.09022	-0.03364
0.9847	-0.1182	-0.04188
0.9989	-0.1403	-0.07017
0.9648	-0.2224	-0.05904
0.8712	-0.3712	-0.05828
0.7753	-0.3917	-0.05066
0.7551	-0.3385	-0.0238
0.7782	-0.3339	-0.03979
0.7832	-0.3429	-0.03831
0.7921	-0.2853	-0.04702
0.9363	-0.05547	-0.1186
1.065	0.1819	-0.1693
1.013	0.1117	-0.1176
0.9718	-0.05013	-0.0106
1.048	-0.05098	0.0004196
1.123	-0.1386	-0.04095
1.166	-0.2586	-0.04456
0.925	-0.1432	-0.1645
0.8792	0.1202	-0.08179
0.9396	0.1476	-0.05829
0.9578	0.1169	-0.09307
0.9921	0.1284	-0.05947
1.035	-0.05614	-0.06054
1.009	-0.178	-0.02805
1.04	-0.2695	-0.0009974
1.088	-0.3203	-0.02889
1.136	-0.2917	-0.007057
1.169	-0.3081	-0.007227
1.148	-0.1544	-0.005148
1.195	-0.04123	-0.007811
1.234	-0.1087	-0.08188
1.169	-0.1796	-0.1415
1.034	-0.3069	-0.1368
0.9094	-0.3612	-0.131
1.016	-0.3763	-0.1967
1.291	-0.4732	-0.2055
1.443	-0.5328	-0.1202
1.366	-0.459	-0.04167
1.093	-0.226	0.06672
0.8421	-0.0192	0.1029
0.7897	-0.01124	0.02708
0.8017	-0.08293	-0.03919
0.7766	-0.08953	-0.06248
0.7842	-0.1698	-0.01953
0.7849	-0.3099	0.0399
0.6917	-0.3122	0.09673
0.5788	-0.3375	0.1377
0.5385	-0.3514	0.1264
0.6226	-0.2866	0.1197
0.7724	-0.2761	0.08487
0.8707	-0.1836	0.05532
0.9776	-0.1385	0.1049
1.073	-0.2026	0.1495
1.147	-0.1793	0.1558
1.309	-0.1338	0.1288
1.468	-0.09339	0.1034
1.539	-0.166	0.1177
1.476	-0.3461	0.1276
1.349	-0.4999	0.1009
1.292	-0.7068	-0.01207
1.145	-0.8251	-0.1398
0.896	-0.7531	-0.1097
0.6798	-0.5611	-0.0218
0.603	-0.2601	-0.02474
0.7921	-0.09022	-0.03364
0.9847	-0.1182	-0.04188
0.9989	-0.1403	-0.07017
0.9648	-0.2224	-0.05904
0.8712	-0.3712	-0.05828
0.7753	-0.3917	-0.05066
0.7551	-0.3385	-0.0238
0.7782	-0.3339	-0.03979
0.7832	-0.3429	-0.03831
0.7921	-0.2853	-0.04702
0.9363	-0.05547	-0.1186
1.065	0.1819	-0.1693
1.013	0.1117	-0.1176
0.9718	-0.05013	-0.0106
1.048	-0.05098	0.0004196
1.123	-0.1386	-0.04095
1.166	-0.2586	-0.04456
1.211	-0.2692	-0.0379
1.192	-0.2965	-0.01696
1.181	-0.198	-0.02937
1.218	-0.09919	-0.05073
1.182	-0.1857	-0.05453
1.083	-0.2764	-0.095
0.955	-0.3819	-0.1413
0.9498	-0.4063	-0.1774
1.144	-0.4112	-0.1633
1.365	-0.5786	-0.1239
1.506	-0.6111	-0.1113
1.328	-0.4315	-0.0358
0.9429	-0.1655	0.03346
0.7904	0.04451	0.00021
0.8089	-0.01009	-0.05844
0.812	-0.06905	-0.08814
0.7632	-0.04836	-0.06667
0.7312	-0.2123	-0.0009741
0.6787	-0.3326	0.09456
0.5262	-0.3003	0.1636
0.5262	-0.3209	0.1589
0.5833	-0.304	0.146
0.5885	-0.2781	0.1407
0.7388	-0.2754	0.1241
0.8716	-0.1967	0.1212
1.004	-0.1764	0.114
1.188	-0.2038	0.07479
1.311	-0.2125	0.04628
1.457	-0.2169	0.08083
1.511	-0.1744	0.1607
1.41	-0.1752	0.223
1.266	-0.288	0.1867
1.163	-0.555	0.06073
1.192	-0.8732	-0.06868
1.187	-0.9602	-0.1571
0.9898	-0.7359	-0.1583
0.7495	-0.363	-0.117
0.6714	-0.1412	-0.09321
0.7457	-0.1371	-0.05574
0.7891	-0.1913	-0.05241
0.8236	-0.2874	-0.07026
0.9086	-0.4299	-0.08247
0.9235	-0.5244	-0.1446
0.9025	-0.4514	-0.1632
0.9091	-0.2427	-0.1169
0.8943	-0.001902	-0.097
0.9193	0.1154	-0.09332
0.9629	0.08655	-0.1069
0.9611	0.15	-0.113
0.9699	0.1193	-0.08997
0.974	-0.05695	-0.06821
0.982	-0.1015	-0.04653
1.03	-0.2069	-0.03316
1.102	-0.2883	-0.029
1.17	-0.2461	-0.02998
1.18	-0.2499	-0.03299
1.177	-0.1378	-0.03447
1.216	-0.05068	-0.04203
1.268	-0.1375	-0.04495
1.268	-0.2539	-0.05892
1.15	-0.3483	-0.08892
1.029	-0.3473	-0.1532
1.065	-0.3904	-0.276
1.187	-0.5209	-0.3097
1.211	-0.2692	-0.0379
1.192	-0.2965	-0.01696
1.181	-0.198	-0.02937
1.218	-0.09919	-0.05073
1.182	-0.1857	-0.05453
1.083	-0.2764	-0.095
0.955	-0.3819	-0.1413
0.9498	-0.4063	-0.1774
1.144	-0.4112	-0.1633
1.365	-0.5786	-0.1239
1.506	-0.6111	-0.1113
1.328	-0.4315	-0.0358
0.9429	-0.1655	0.03346
0.7904	0.04451	0.00021
0.8089	-0.01009	-0.05844
0.812	-0.06905	-0.08814
0.7632	-0.04836	-0.06667
0.7312	-0.2123	-0.0009741
0.6787	-0.3326	0.09456
0.5262	-0.3003	0.1636
0.5262	-0.3209	0.1589
0.5833	-0.304	0.146
0.5885	-0.2781	0.1407
0.7388	-0.2754	0.1241
0.8716	-0.1967	0.1212
1.004	-0.1764	0.114
1.188	-0.2038	0.07479
1.311	-0.2125	0.04628
1.457	-0.2169	0.08083
1.511	-0.1744	0.1607
1.41	-0.1752	0.223
1.266	-0.288	0.1867
1.163	-0.555	0.06073
1.192	-0.8732	-0.06868
1.187	-0.9602	-0.1571
0.9898	-0.7359	-0.1583
0.7495	-0.363	-0.117
0.6714	-0.1412	-0.09321
0.7457	-0.1371	-0.05574
0.7891	-0.1913	-0.05241
0.8236	-0.2874	-0.07026
0.9086	-0.4299	-0.08247
0.9235	-0.5244	-0.1446
0.9025	-0.4514	-0.1632
0.9091	-0.2427	-0.1169
0.8943	-0.001902	-0.097
0.9193	0.1154	-0.09332
0.9629	0.08655	-0.1069
0.9611	0.15	-0.113
0.9699	0.1193	-0.08997
0.974	-0.05695	-0.06821
0.982	-0.1015	-0.04653
1.03	-0.2069	-0.03316
1.102	-0.2883	-0.029
1.17	-0.2461	-0.02998
1.18	-0.2499	-0.03299
1.177	-0.1378	-0.03447
1.216	-0.05068	-0.04203
1.268	-0.1375	-0.04495
1.268	-0.2539	-0.05892
1.15	-0.3483	-0.08892
1.029	-0.3473	-0.1532
1.065	-0.3904	-0.276
1.187	-0.5209	-0.3097
1.247	-0.5571	-0.1433
1.203	-0.4898	0.04819
1.092	-0.3162	0.06747
0.9772	-0.09845	-0.03936
0.9059	-0.008273	-0.1202
0.8651	-0.05636	-0.1306
0.8145	-0.1227	-0.08948
0.7431	-0.2271	-0.005356
0.6843	-0.3523	0.0909
0.6405	-0.3474	0.1354
0.5949	-0.3164	0.1235
0.5758	-0.3248	0.1343
0.5906	-0.2822	0.1468
0.652	-0.2432	0.1201
0.7673	-0.202	0.1114
0.9047	-0.1818	0.1005
1.055	-0.2236	0.08775
1.207	-0.246	0.09919
1.347	-0.232	0.08664
1.464	-0.1776	0.09585
1.533	-0.1007	0.1485
1.452	-0.1036	0.1844
1.253	-0.3154	0.1591
1.186	-0.682	0.02351
1.203	-0.8974	-0.1385
1.076	-0.8557	-0.1859
0.8821	-0.6519	-0.1267
0.7883	-0.3448	-0.09074
0.7866	-0.146	-0.08482
0.7659	-0.1714	-0.01001
0.7697	-0.2435	0.01801
0.8312	-0.3192	-0.03374
0.8865	-0.405	-0.07278
0.9278	-0.3589	-0.1469
0.8905	-0.2354	-0.1515
0.861	-0.1042	-0.06897
0.8888	0.05261	-0.03478
0.8777	0.1116	-0.009165
0.898	0.1167	-0.02183
0.9034	0.1169	-0.06936
0.8911	0.03414	-0.07652
0.9457	-0.05359	-0.07044
1.013	-0.1445	-0.04679
1.128	-0.2276	-0.0502
1.213	-0.2446	-0.06235
1.211	-0.2416	-0.03076
1.22	-0.1622	-0.03015
1.236	-0.02609	-0.0261
1.282	0.01888	-0.01334
1.311	-0.1048	-0.03871
1.258	-0.2948	-0.0533
1.137	-0.3432	-0.07088
0.9535	-0.3155	-0.08334
0.8809	-0.3392	-0.09786
0.983	-0.413	-0.1538
1.146	-0.5386	-0.1786
1.36	-0.5717	-0.1122
1.404	-0.4317	-0.0311
1.16	-0.2168	-0.0648
0.9645	-0.06867	-0.1054
0.8949	-0.08542	-0.06056
0.8101	-0.1286	-0.0747
0.7763	-0.1342	-0.07662
0.7496	-0.2262	-0.01215
1.247	-0.5571	-0.1433
1.203	-0.4898	0.04819
1.092	-0.3162	0.06747
0.9772	-0.09845	-0.03936
0.9059	-0.008273	-0.1202
0.8651	-0.05636	-0.1306
0.8145	-0.1227	-0.08948
0.7431	-0.2271	-0.005356
0.6843	-0.3523	0.0909
0.6405	-0.3474	0.1354
0.5949	-0.3164	0.1235
0.5758	-0.3248	0.1343
0.5906	-0.2822	0.1468
0.652	-0.2432	0.1201
0.7673	-0.202	0.1114
0.9047	-0.1818	0.1005
1.055	-0.2236	0.08775
1.207	-0.246	0.09919
1.347	-0.232	0.08664
1.464	-0.1776	0.09585
1.533	-0.1007	0.1485
1.452	-0.1036	0.1844
1.253	-0.3154	0.1591
1.186	-0.682	0.02351
1.203	-0.8974	-0.1385
1.076	-0.8557	-0.1859
0.8821	-0.6519	-0.1267
0.7883	-0.3448	-0.09074
0.7866	-0.146	-0.08482
0.7659	-0.1714	-0.01001
0.7697	-0.2435	0.01801
0.8312	-0.3192	-0.03374
0.8865	-0.405	-0.07278
0.9278	-0.3589	-0.1469
0.8905	-0.2354	-0.1515
0.861	-0.1042	-0.06897
0.8888	0.05261	-0.03478
0.8777	0.1116	-0.009165
0.898	0.1167	-0.02183
0.9034	0.1169	-0.06936
0.8911	0.03414	-0.07652
0.9457	-0.05359	-0.07044
1.013	-0.1445	-0.04679
1.128	-0.2276	-0.0502
1.213	-0.2446	-0.06235
1.211	-0.2416	-0.03076
1.22	-0.1622	-0.03015
1.236	-0.02609	-0.0261
1.282	0.01888	-0.01334
1.311	-0.1048	-0.03871
1.258	-0.2948	-0.0533
1.137	-0.3432	-0.07088
0.9535	-0.3155	-0.08334
0.8809	-0.3392	-0.09786
0.983	-0.413	-0.1538
1.146	-0.5386	-0.1786
1.36	-0.5717	-0.1122
1.404	-0.4317	-0.0311
1.16	-0.2168	-0.0648
0.9645	-0.06867	-0.1054
0.8949	-0.08542	-0.06056
0.8101	-0.1286	-0.0747
0.7763	-0.1342	-0.07662
0.7496	-0.2262	-0.01215
0.6667	-0.2986	0.03191
0.5873	-0.2824	0.09025
0.5411	-0.3136	0.1122
0.5452	-0.3363	0.1146
0.5926	-0.3138	0.1427
0.667	-0.3145	0.1389
0.7491	-0.2436	0.132
0.841	-0.1178	0.1112
0.9405	-0.08552	0.09394
1.078	-0.1523	0.0649
1.308	-0.2211	-0.01228
1.469	-0.227	-0.0003454
1.498	-0.181	0.07946
1.492	-0.08259	0.1516
1.338	-0.04879	0.2113
1.16	-0.2752	0.1714
1.209	-0.6604	0.03526
1.26	-0.9333	-0.174
1.155	-0.984	-0.286
0.9977	-0.796	-0.1615
0.7385	-0.4396	-0.05648
0.5821	-0.178	-0.03152
0.7154	-0.1078	0.007907
0.8194	-0.09357	-0.02554
0.8987	-0.1892	-0.06735
0.9952	-0.3753	-0.1034
0.8747	-0.4202	-0.1404
0.7847	-0.309	-0.0805
0.8034	-0.1677	-0.04562
0.8054	-0.03024	-0.07972
0.9123	0.05608	-0.1089
0.9749	0.06659	-0.1502
0.9904	0.07653	-0.1345
1.052	0.04814	-0.09032
1.059	-0.08034	-0.07098
1.075	-0.1985	-0.02753
1.088	-0.2238	-0.02903
1.127	-0.2144	-0.06309
1.214	-0.2368	-0.05461
1.215	-0.1742	-0.04769
1.221	-0.02698	-0.0381
1.268	-0.03118	-0.03565
1.238	-0.1575	-0.074
1.112	-0.3018	-0.1098
0.9788	-0.4161	-0.1444
0.9912	-0.4386	-0.195
1.123	-0.4995	-0.2255
1.251	-0.5518	-0.1921
1.336	-0.4999	-0.07665
1.285	-0.3945	0.03622
1.096	-0.1713	0.03363
0.8889	-0.02956	-0.02941
0.7525	-0.07326	-0.04309
0.7448	-0.04256	-0.06802
0.7482	-0.07543	-0.09632
0.7118	-0.2628	-0.0223
0.7145	-0.3356	0.05905
0.6203	-0.3454	0.09435
0.5201	-0.3617	0.1359
0.5781	-0.3217	0.1612
0.658	-0.303	0.1395
0.7856	-0.2474	0.0863
0.963	-0.1591	0.1019
1.125	-0.1535	0.1103
0.6667	-0.2986	0.03191
0.5873	-0.2824	0.09025
0.5411	-0.3136	0.1122
0.5452	-0.3363	0.1146
0.5926	-0.3138	0.1427
0.667	-0.3145	0.1389
0.7491	-0.2436	0.132
0.841	-0.1178	0.1112
0.9405	-0.08552	0.09394
1.078	-0.1523	0.0649
1.308	-0.2211	-0.01228
1.469	-0.227	-0.0003454
1.498	-0.181	0.07946
1.492	-0.08259	0.1516
1.338	-0.04879	0.2113
1.16	-0.2752	0.1714
1.209	-0.6604	0.03526
1.26	-0.9333	-0.174
1.155	-0.984	-0.286
0.9977	-0.796	-0.1615
0.7385	-0.4396	-0.05648
0.5821	-0.178	-0.03152
0.7154	-0.1078	0.007907
0.8194	-0.09357	-0.02554
0.8987	-0.1892	-0.06735
0.9952	-0.3753	-0.1034
0.8747	-0.4202	-0.1404
0.7847	-0.309	-0.0805
0.8034	-0.1677	-0.04562
0.8054	-0.03024	-0.07972
0.9123	0.05608	-0.1089
0.9749	0.06659	-0.1502
0.9904	0.07653	-0.1345
1.052	0.04814	-0.09032
1.059	-0.08034	-0.07098
1.075	-0.1985	-0.02753
1.088	-0.2238	-0.02903
1.127	-0.2144	-0.06309
1.214	-0.2368	-0.05461
1.215	-0.1742	-0.04769
1.221	-0.02698	-0.0381
1.268	-0.03118	-0.03565
1.238	-0.1575	-0.074
1.112	-0.3018	-0.1098
0.9788	-0.4161	-0.1444
0.9912	-0.4386	-0.195
1.123	-0.4995	-0.2255
1.251	-0.5518	-0.1921
1.336	-0.4999	-0.07665
1.285	-0.3945	0.03622
1.096	-0.1713	0.03363
0.8889	-0.02956	-0.02941
0.7525	-0.07326	-0.04309
0.7448	-0.04256	-0.06802
0.7482	-0.07543	-0.09632
0.7118	-0.2628	-0.0223
0.7145	-0.3356	0.05905
0.6203	-0.3454	0.09435
0.5201	-0.3617	0.1359
0.5781	-0.3217	0.1612
0.658	-0.303	0.1395
0.7856	-0.2474	0.0863
0.963	-0.1591	0.1019
1.125	-0.1535	0.1103
1.302	-0.1618	0.02294
1.427	-0.1534	0.0006619
1.502	-0.1323	0.06925
1.508	-0.1215	0.1568
1.352	-0.1821	0.1761
1.203	-0.309	0.0997
1.289	-0.6236	-0.02763
1.401	-1.009	-0.2227
1.307	-1.01	-0.2517
1.111	-0.7504	-0.142
0.7942	-0.5356	-0.147
0.5959	-0.235	-0.07579
0.7578	-0.118	-0.007269
0.8176	-0.1806	-0.0363
0.7581	-0.08557	-0.002673
0.8641	-0.26	-0.07476
0.8904	-0.4603	-0.1538
0.8516	-0.3394	-0.1196
0.8463	-0.3471	-0.1187
0.8327	-0.2125	-0.07065
0.8915	0.01314	-0.05027
0.9489	0.05976	-0.09747
0.9772	0.1525	-0.1031
0.986	0.1094	-0.1051
0.9932	0.01138	-0.08381
1.061	-0.1083	-0.07321
1.091	-0.2664	-0.06209
1.115	-0.2612	-0.02894
1.156	-0.2853	-0.03784
1.139	-0.2546	-0.03344
1.143	-0.1158	-0.03582
1.188	-0.008372	-0.0579
1.245	0.0318	-0.09783
1.257	-0.1422	-0.1572
1.139	-0.3104	-0.1093
0.995	-0.3651	-0.06417
0.9957	-0.4503	-0.1515
1.155	-0.5238	-0.2259
1.307	-0.5639	-0.2041
1.308	-0.4969	-0.07952
1.195	-0.3417	0.08544
1.046	-0.1463	0.1186
0.8719	-0.003397	0.01853
0.7573	-0.007542	-0.04893
0.7916	-0.01877	-0.0623
0.8109	-0.1155	-0.05216
0.739	-0.2748	-0.0017
0.6863	-0.3175	0.04702
0.5971	-0.3555	0.1039
0.5352	-0.3577	0.1541
0.5819	-0.3251	0.1656
0.6294	-0.3111	0.1774
0.7419	-0.2187	0.1522
0.9105	-0.1233	0.112
1.04	-0.09184	0.08341
1.217	-0.1307	0.02488
1.399	-0.1855	0.01698
1.518	-0.165	0.0971
1.562	-0.1399	0.1885
1.447	-0.1586	0.2022
1.294	-0.3433	0.1262
1.259	-0.7341	0.02768
1.239	-0.9721	-0.08754
1.065	-0.8668	-0.1336
1.302	-0.1618	0.02294
1.427	-0.1534	0.0006619
1.502	-0.1323	0.06925
1.508	-0.1215	0.1568
1.352	-0.1821	0.1761
1.203	-0.309	0.0997
1.289	-0.6236	-0.02763
1.401	-1.009	-0.2227
1.307	-1.01	-0.2517
1.111	-0.7504	-0.142
0.7942	-0.5356	-0.147
0.5959	-0.235	-0.07579
0.7578	-0.118	-0.007269
0.8176	-0.1806	-0.0363
0.7581	-0.08557	-0.002673
0.8641	-0.26	-0.07476
0.8904	-0.4603	-0.1538
0.8516	-0.3394	-0.1196
0.8463	-0.3471	-0.1187
0.8327	-0.2125	-0.07065
0.8915	0.01314	-0.05027
0.9489	0.05976	-0.09747
0.9772	0.1525	-0.1031
0.986	0.1094	-0.1051
0.9932	0.01138	-0.08381
1.061	-0.1083	-0.07321
1.091	-0.2664	-0.06209
1.115	-0.2612	-0.02894
1.156	-0.2853	-0.03784
1.139	-0.2546	-0.03344
1.143	-0.1158	-0.03582
1.188	-0.008372	-0.0579
1.245	0.0318	-0.09783
1.257	-0.1422	-0.1572
1.139	-0.3104	-0.1093
0.995	-0.3651	-0.06417
0.9957	-0.4503	-0.1515
1.155	-0.5238	-0.2259
1.307	-0.5639	-0.2041
1.308	-0.4969	-0.07952
1.195	-0.3417	0.08544
1.046	-0.1463	0.1186
0.8719	-0.003397	0.01853
0.7573	-0.007542	-0.04893
0.7916	-0.01877	-0.0623
0.8109	-0.1155	-0.05216
0.739	-0.2748	-0.0017
0.6863	-0.3175	0.04702
0.5971	-0.3555	0.1039
0.5352	-0.3577	0.1541
0.5819	-0.3251	0.1656
0.6294	-0.3111	0.1774
0.7419	-0.2187	0.1522
0.9105	-0.1233	0.112
1.04	-0.09184	0.08341
1.217	-0.1307	0.02488
1.399	-0.1855	0.01698
1.518	-0.165	0.0971
1.562	-0.1399	0.1885
1.447	-0.1586	0.2022
1.294	-0.3433	0.1262
1.259	-0.7341	0.02768
1.239	-0.9721	-0.08754
1.065	-0.8668	-0.1336
0.7572	-0.5677	-0.05226
0.6145	-0.1925	-0.01026
0.745	0.01064	-0.06998
0.9049	-0.08047	-0.12
0.9996	-0.1678	-0.1127
0.9574	-0.2608	-0.07398
0.7564	-0.4768	-0.02114
0.6982	-0.5222	-0.00775
0.8064	-0.3696	-0.102
0.8916	-0.1702	-0.2082
0.9467	-0.02514	-0.211
0.9296	-0.0173	-0.1774
0.9243	0.07457	-0.1526
0.9522	0.1996	-0.1009
0.95	0.1301	-0.06947
1.007	0.03246	-0.07067
1.07	-0.02682	-0.05265
1.121	-0.157	-0.04354
1.154	-0.264	-0.02475
1.15	-0.2418	0.001833
1.214	-0.1943	-0.02195
1.261	-0.1218	-0.02717
1.256	-0.02928	-0.02889
1.256	-0.07542	-0.07528
1.198	-0.1757	-0.1026
1.093	-0.2725	-0.1145
0.9912	-0.3769	-0.142
1.026	-0.4422	-0.2086
1.198	-0.541	-0.2416
1.351	-0.5667	-0.1784
1.376	-0.4874	-0.07664
1.167	-0.3523	0.05366
0.8952	-0.08516	0.07163
0.7834	0.05925	-0.0422
0.7674	0.01056	-0.09332
0.7668	-0.001951	-0.1214
0.7263	-0.1147	-0.08732
0.6884	-0.3237	0.03438
0.6662	-0.3873	0.08645
0.5964	-0.3642	0.1291
0.5543	-0.3569	0.1698
0.5855	-0.3251	0.1583
0.6957	-0.2677	0.133
0.8321	-0.2218	0.08922
0.9442	-0.1778	0.09415
1.107	-0.1368	0.078
1.281	-0.141	-0.01919
1.43	-0.1459	-0.03926
1.581	-0.1152	0.06135
1.616	-0.1184	0.1683
1.409	-0.2128	0.1465
1.16	-0.4499	0.08201
1.17	-0.7653	0.02012
1.206	-0.9126	-0.1523
1.041	-0.8069	-0.1911
0.8723	-0.543	-0.07551
0.7623	-0.1988	-0.07463
0.7951	-0.01936	-0.06798
0.8907	-0.1047	-0.03801
0.8445	-0.238	-0.03473
0.8498	-0.4282	-0.0004069
0.8527	-0.5503	-0.04273
0.78	-0.4156	-0.1042
0.8237	-0.2759	-0.1105
0.7572	-0.5677	-0.05226
0.6145	-0.1925	-0.01026
0.745	0.01064	-0.06998
0.9049	-0.08047	-0.12
0.9996	-0.1678	-0.1127
0.9574	-0.2608	-0.07398
0.7564	-0.4768	-0.02114
0.6982	-0.5222	-0.00775
0.8064	-0.3696	-0.102
0.8916	-0.1702	-0.2082
0.9467	-0.02514	-0.211
0.9296	-0.0173	-0.1774
0.9243	0.07457	-0.1526
0.9522	0.1996	-0.1009
0.95	0.1301	-0.06947
1.007	0.03246	-0.07067
1.07	-0.02682	-0.05265
1.121	-0.157	-0.04354
1.154	-0.264	-0.02475
1.15	-0.2418	0.001833
1.214	-0.1943	-0.02195
1.261	-0.1218	-0.02717
1.256	-0.02928	-0.02889
1.256	-0.07542	-0.07528
1.198	-0.1757	-0.1026
1.093	-0.2725	-0.1145
0.9912	-0.3769	-0.142
1.026	-0.4422	-0.2086
1.198	-0.541	-0.2416
1.351	-0.5667	-0.1784
1.376	-0.4874	-0.07664
1.167	-0.3523	0.05366
0.8952	-0.08516	0.07163
0.7834	0.05925	-0.0422
0.7674	0.01056	-0.09332
0.7668	-0.001951	-0.1214
0.7263	-0.1147	-0.08732
0.6884	-0.3237	0.03438
0.6662	-0.3873	0.08645
0.5964	-0.3642	0.1291
0.5543	-0.3569	0.1698
0.5855	-0.3251	0.1583
0.6957	-0.2677	0.133
0.8321	-0.2218	0.08922
0.9442	-0.1778	0.09415
1.107	-0.1368	0.078
1.281	-0.141	-0.01919
1.43	-0.1459	-0.03926
1.581	-0.1152	0.06135
1.616	-0.1184	0.1683
1.409	-0.2128	0.1465
1.16	-0.4499	0.08201
1.17	-0.7653	0.02012
1.206	-0.9126	-0.1523
1.041	-0.8069	-0.1911
0.8723	-0.543	-0.07551
0.7623	-0.1988	-0.07463
0.7951	-0.01936	-0.06798
0.8907	-0.1047	-0.03801
0.8445	-0.238	-0.03473
0.8498	-0.4282	-0.0004069
0.8527	-0.5503	-0.04273
0.78	-0.4156	-0.1042
0.8237	-0.2759	-0.1105
0.8408	-0.0878	-0.118
0.8525	0.1269	-0.1268
0.9251	0.1078	-0.1547
0.9315	0.1122	-0.1374
0.9594	0.1271	-0.08668
0.9986	0.01312	-0.06618
1.055	-0.05893	-0.03529
1.134	-0.1783	-0.05222
1.169	-0.3022	-0.0826
1.242	-0.3336	-0.05511
1.276	-0.2869	-0.03487
1.27	-0.1308	0.006833
1.305	-0.02033	0.0296
1.285	-0.03371	-0.05453
1.23	-0.1493	-0.132
1.114	-0.2622	-0.1374
0.9842	-0.3037	-0.1748
1.016	-0.4023	-0.252
1.157	-0.5069	-0.2474
1.309	-0.5578	-0.1944
1.351	-0.5352	-0.1651
1.189	-0.3672	-0.06316
0.9654	-0.1438	0.04466
0.8077	-0.02797	0.001239
0.749	-0.06046	-0.07386
0.7557	-0.07151	-0.067
0.7326	-0.08892	-0.06082
0.7089	-0.176	-0.05315
0.6967	-0.2122	0.02575
0.6233	-0.3055	0.129
0.555	-0.3598	0.1809
0.5526	-0.2878	0.1681
0.5969	-0.2912	0.1582
0.6798	-0.2748	0.1604
0.8092	-0.2109	0.115
1.017	-0.1995	0.0935
1.189	-0.2204	0.07242
1.261	-0.2703	-0.02295
1.392	-0.2483	-0.03644
1.56	-0.1557	0.1346
1.614	-0.07074	0.2892
1.452	-0.07795	0.1826
1.177	-0.3597	0.02871
1.119	-0.7855	0.007392
1.177	-0.9954	-0.1334
1.06	-0.8833	-0.2246
0.9166	-0.5785	-0.1192
0.8426	-0.2593	-0.1059
0.8192	-0.1327	-0.06898
0.8237	-0.2009	0.03823
0.7816	-0.2564	0.01304
0.7933	-0.4	-0.03282
0.8152	-0.5368	-0.06199
0.7723	-0.3826	-0.1093
0.7801	-0.2129	-0.1048
0.8124	-0.06016	-0.1033
0.8757	0.1005	-0.1424
0.9599	0.06944	-0.1605
0.971	0.09322	-0.1364
0.9724	0.1178	-0.09754
0.9963	0.02359	-0.06498
1.037	-0.02602	-0.04474
1.105	-0.1333	-0.03173
1.173	-0.2269	-0.01692
0.8408	-0.0878	-0.118
0.8525	0.1269	-0.1268
0.9251	0.1078	-0.1547
0.9315	0.1122	-0.1374
0.9594	0.1271	-0.08668
0.9986	0.01312	-0.06618
1.055	-0.05893	-0.03529
1.134	-0.1783	-0.05222
1.169	-0.3022	-0.0826
1.242	-0.3336	-0.05511
1.276	-0.2869	-0.03487
1.27	-0.1308	0.006833
1.305	-0.02033	0.0296
1.285	-0.03371	-0.05453
1.23	-0.1493	-0.132
1.114	-0.2622	-0.1374
0.9842	-0.3037	-0.1748
1.016	-0.4023	-0.252
1.157	-0.5069	-0.2474
1.309	-0.5578	-0.1944
1.351	-0.5352	-0.1651
1.189	-0.3672	-0.06316
0.9654	-0.1438	0.04466
0.8077	-0.02797	0.001239
0.749	-0.06046	-0.07386
0.7557	-0.07151	-0.067
0.7326	-0.08892	-0.06082
0.7089	-0.176	-0.05315
0.6967	-0.2122	0.02575
0.6233	-0.3055	0.129
0.555	-0.3598	0.1809
0.5526	-0.2878	0.1681
0.5969	-0.2912	0.1582
0.6798	-0.2748	0.1604
0.8092	-0.2109	0.115
1.017	-0.1995	0.0935
1.189	-0.2204	0.07242
1.261	-0.2703	-0.02295
1.392	-0.2483	-0.03644
1.56	-0.1557	0.1346
1.614	-0.07074	0.2892
1.452	-0.07795	0.1826
1.177	-0.3597	0.02871
1.119	-0.7855	0.007392
1.177	-0.9954	-0.1334
1.06	-0.8833	-0.2246
0.9166	-0.5785	-0.1192
0.8426	-0.2593	-0.1059
0.8192	-0.1327	-0.06898
0.8237	-0.2009	0.03823
0.7816	-0.2564	0.01304
0.7933	-0.4	-0.03282
0.8152	-0.5368	-0.06199
0.7723	-0.3826	-0.1093
0.7801	-0.2129	-0.1048
0.8124	-0.06016	-0.1033
0.8757	0.1005	-0.1424
0.9599	0.06944	-0.1605
0.971	0.09322	-0.1364
0.9724	0.1178	-0.09754
0.9963	0.02359	-0.06498
1.037	-0.02602	-0.04474
1.105	-0.1333	-0.03173
1.173	-0.2269	-0.01692
1.223	-0.2483	0.003789
1.238	-0.2435	0.02493
1.257	-0.1281	0.02368
1.272	-0.03241	-0.003855
1.251	-0.1081	-0.0569
1.195	-0.2637	-0.111
1.068	-0.316	-0.1209
0.9887	-0.3479	-0.1553
1.05	-0.4728	-0.2336
1.167	-0.5298	-0.2359
1.332	-0.5191	-0.2007
1.413	-0.4867	-0.1825
1.237	-0.3556	-0.07624
1.007	-0.1778	0.04833
0.8923	-0.1288	0.02897
0.8002	-0.1572	-0.05715
0.7909	-0.09841	-0.09849
0.8311	-0.1443	-0.1046
0.7601	-0.2483	-0.02968
0.6626	-0.2519	0.09084
0.5606	-0.296	0.1073
0.5057	-0.2793	0.1008
0.6024	-0.2684	0.1429
0.6634	-0.3118	0.1385
0.6994	-0.2595	0.1429
0.8682	-0.2566	0.169
1.082	-0.2541	0.1356
1.244	-0.2317	0.0321
1.317	-0.2412	-0.07282
1.387	-0.1609	-0.00163
1.482	-0.07933	0.1567
1.459	-0.03786	0.1749
1.342	-0.154	0.1434
1.218	-0.5232	0.09334
1.156	-0.9138	-0.04975
1.147	-1.089	-0.181
1.032	-0.846	-0.1885
0.8224	-0.4067	-0.1183
0.7332	-0.1273	-0.1103
0.8426	-0.00286	-0.1189
0.927	-0.08799	-0.06449
0.863	-0.2796	-0.02942
0.84	-0.4833	-0.0126
0.8411	-0.6045	-0.02573
0.7788	-0.4154	-0.04569
0.7492	-0.2258	-0.04338
0.7475	-0.1072	-0.1001
0.8557	0.1038	-0.1717
1.023	0.1501	-0.2265
0.9926	0.1445	-0.1773
0.9104	0.1375	-0.03275
0.9308	0.03134	-0.03525
0.9959	-0.05456	-0.08263
1.145	-0.2088	-0.07348
1.242	-0.3279	-0.09109
1.213	-0.3212	-0.06044
1.196	-0.23	-0.01051
1.187	-0.05529	0.04521
1.197	-0.02585	0.05653
1.27	-0.0651	-0.06391
1.297	-0.05564	-0.1404
1.166	-0.1832	-0.1262
0.9782	-0.3911	-0.1774
0.9623	-0.5224	-0.3023
1.223	-0.2483	0.003789
1.238	-0.2435	0.02493
1.257	-0.1281	0.02368
1.272	-0.03241	-0.003855
1.251	-0.1081	-0.0569
1.195	-0.2637	-0.111
1.068	-0.316	-0.1209
0.9887	-0.3479	-0.1553
1.05	-0.4728	-0.2336
1.167	-0.5298	-0.2359
1.332	-0.5191	-0.2007
1.413	-0.4867	-0.1825
1.237	-0.3556	-0.07624
1.007	-0.1778	0.04833
0.8923	-0.1288	0.02897
0.8002	-0.1572	-0.05715
0.7909	-0.09841	-0.09849
0.8311	-0.1443	-0.1046
0.7601	-0.2483	-0.02968
0.6626	-0.2519	0.09084
0.5606	-0.296	0.1073
0.5057	-0.2793	0.1008
0.6024	-0.2684	0.1429
0.6634	-0.3118	0.1385
0.6994	-0.2595	0.1429
0.8682	-0.2566	0.169
1.082	-0.2541	0.1356
1.244	-0.2317	0.0321
1.317	-0.2412	-0.07282
1.387	-0.1609	-0.00163
1.482	-0.07933	0.1567
1.459	-0.03786	0.1749
1.342	-0.154	0.1434
1.218	-0.5232	0.09334
1.156	-0.9138	-0.04975
1.147	-1.089	-0.181
1.032	-0.846	-0.1885
0.8224	-0.4067	-0.1183
0.7332	-0.1273	-0.1103
0.8426	-0.00286	-0.1189
0.927	-0.08799	-0.06449
0.863	-0.2796	-0.02942
0.84	-0.4833	-0.0126
0.8411	-0.6045	-0.02573
0.7788	-0.4154	-0.04569
0.7492	-0.2258	-0.04338
0.7475	-0.1072	-0.1001
0.8557	0.1038	-0.1717
1.023	0.1501	-0.2265
0.9926	0.1445	-0.1773
0.9104	0.1375	-0.03275
0.9308	0.03134	-0.03525
0.9959	-0.05456	-0.08263
1.145	-0.2088	-0.07348
1.242	-0.3279	-0.09109
1.213	-0.3212	-0.06044
1.196	-0.23	-0.01051
1.187	-0.05529	0.04521
1.197	-0.02585	0.05653
1.27	-0.0651	-0.06391
1.297	-0.05564	-0.1404
1.166	-0.1832	-0.1262
0.9782	-0.3911	-0.1774
0.9623	-0.5224	-0.3023
1.08	-0.5554	-0.3255
1.272	-0.5667	-0.2176
1.517	-0.5706	-0.1574
1.433	-0.4882	-0.07475
1.109	-0.3017	0.07291
0.9281	-0.1056	0.0914
0.7667	-0.05105	-0.006741
0.7555	-0.05363	-0.08421
0.8408	-0.04479	-0.0947
0.7361	-0.1289	-0.0545
0.7007	-0.2443	0.02533
0.6368	-0.3303	0.1065
0.5006	-0.3571	0.1446
0.5319	-0.3304	0.1648
0.5802	-0.3172	0.1601
0.7189	-0.2698	0.1315
0.8874	-0.2025	0.09939
0.9995	-0.1725	0.08221
1.214	-0.1861	0.05119
1.353	-0.2053	-0.003226
1.477	-0.1551	0.0745
1.599	-0.09928	0.1947
1.478	-0.1236	0.1752
1.277	-0.2952	0.1364
1.182	-0.6052	0.08033
1.192	-0.8753	-0.06566
1.121	-0.984	-0.1843
0.8767	-0.7255	-0.1406
0.7391	-0.2072	-0.06462
0.7948	-0.0169	-0.1469
0.8796	-0.0879	-0.1754
0.9203	-0.1466	-0.08661
0.9032	-0.3655	-0.0528
0.8389	-0.5407	-0.01529
0.7971	-0.5027	-0.03645
0.8044	-0.3672	-0.1039
0.8237	-0.1442	-0.108
0.8527	-0.008652	-0.1209
0.8856	0.05583	-0.1064
0.9302	0.1799	-0.1002
0.9449	0.1681	-0.1057
0.9238	0.02215	-0.0452
0.9669	-0.05273	-0.02159
1.011	-0.09816	-0.03091
1.043	-0.1675	-0.05292
1.164	-0.2422	-0.08448
1.252	-0.3121	-0.08117
1.238	-0.2314	-0.06186
1.249	-0.06304	0.004658
1.279	0.01839	0.02865
1.248	0.001763	-0.04485
1.227	-0.1419	-0.105
1.185	-0.2542	-0.1335
1.016	-0.3469	-0.1883
0.9241	-0.4914	-0.2792
1.068	-0.519	-0.2677
1.248	-0.5448	-0.1845
1.272	-0.5041	-0.1044
1.209	-0.2865	0.04267
1.102	-0.09422	0.03372
0.8926	0.01523	-0.06899
0.7898	0.01538	-0.04449
0.8129	0.005181	-0.1074
0.749	-0.03398	-0.1319
1.08	-0.5554	-0.3255
1.272	-0.5667	-0.2176
1.517	-0.5706	-0.1574
1.433	-0.4882	-0.07475
1.109	-0.3017	0.07291
0.9281	-0.1056	0.0914
0.7667	-0.05105	-0.006741
0.7555	-0.05363	-0.08421
0.8408	-0.04479	-0.0947
0.7361	-0.1289	-0.0545
0.7007	-0.2443	0.02533
0.6368	-0.3303	0.1065
0.5006	-0.3571	0.1446
0.5319	-0.3304	0.1648
0.5802	-0.3172	0.1601
0.7189	-0.2698	0.1315
0.8874	-0.2025	0.09939
0.9995	-0.1725	0.08221
1.214	-0.1861	0.05119
1.353	-0.2053	-0.003226
1.477	-0.1551	0.0745
1.599	-0.09928	0.1947
1.478	-0.1236	0.1752
1.277	-0.2952	0.1364
1.182	-0.6052	0.08033
1.192	-0.8753	-0.06566
1.121	-0.984	-0.1843
0.8767	-0.7255	-0.1406
0.7391	-0.2072	-0.06462
0.7948	-0.0169	-0.1469
0.8796	-0.0879	-0.1754
0.9203	-0.1466	-0.08661
0.9032	-0.3655	-0.0528
0.8389	-0.5407	-0.01529
0.7971	-0.5027	-0.03645
0.8044	-0.3672	-0.1039
0.8237	-0.1442	-0.108
0.8527	-0.008652	-0.1209
0.8856	0.05583	-0.1064
0.9302	0.1799	-0.1002
0.9449	0.1681	-0.1057
0.9238	0.02215	-0.0452
0.9669	-0.05273	-0.02159
1.011	-0.09816	-0.03091
1.043	-0.1675	-0.05292
1.164	-0.2422	-0.08448
1.252	-0.3121	-0.08117
1.238	-0.2314	-0.06186
1.249	-0.06304	0.004658
1.279	0.01839	0.02865
1.248	0.001763	-0.04485
1.227	-0.1419	-0.105
1.185	-0.2542	-0.1335
1.016	-0.3469	-0.1883
0.9241	-0.4914	-0.2792
1.068	-0.519	-0.2677
1.248	-0.5448	-0.1845
1.272	-0.5041	-0.1044
1.209	-0.2865	0.04267
1.102	-0.09422	0.03372
0.8926	0.01523	-0.06899
0.7898	0.01538	-0.04449
0.8129	0.005181	-0.1074
0.749	-0.03398	-0.1319
0.7046	-0.1997	-0.04249
0.6811	-0.3219	0.008491
0.6277	-0.4093	0.1574
0.6408	-0.4334	0.1867
0.6498	-0.3636	0.07396
0.6719	-0.3275	0.1027
0.7489	-0.2665	0.08373
0.8456	-0.1944	0.05079
0.9792	-0.1468	0.07451
1.081	-0.1219	0.02901
1.216	-0.121	0.02663
1.398	-0.07504	0.013
1.434	-0.08665	0.01241
1.428	-0.1359	0.1221
1.413	-0.1829	0.1756
1.292	-0.4361	0.1043
1.287	-0.7874	-0.0807
1.313	-0.9586	-0.2436
1.137	-0.9394	-0.2502
0.9418	-0.7991	-0.2002
0.7823	-0.5271	-0.1537
0.6872	-0.241	-0.09596
0.7203	-0.1777	-0.02916
0.7405	-0.212	-0.01768
0.7704	-0.2417	-0.04336
0.8697	-0.3891	-0.06145
0.9542	-0.443	-0.1508
0.9521	-0.3394	-0.1951
0.901	-0.2259	-0.123
0.8906	-0.05326	-0.06793
0.9059	0.07544	-0.05385
0.9383	0.1012	-0.08562
0.9501	0.1103	-0.1137
0.9423	0.05498	-0.09595
0.9877	-0.04572	-0.08311
1.038	-0.1207	-0.07185
1.073	-0.1699	-0.07222
1.093	-0.1978	-0.092
1.115	-0.2196	-0.1048
1.143	-0.2071	-0.09084
1.132	-0.1089	-0.04119
1.171	-0.02112	-0.002073
1.234	-0.07508	-0.01759
1.233	-0.1525	-0.05171
1.191	-0.166	-0.07777
1.122	-0.2284	-0.1285
1.105	-0.299	-0.1844
1.093	-0.4233	-0.2899
1.08	-0.6246	-0.3942
1.162	-0.5967	-0.1951
1.196	-0.4851	0.1186
1.136	-0.4145	0.1204
1.075	-0.09695	-0.02983
1.012	0.07834	-0.132
0.961	-0.01391	-0.1549
0.9092	-0.005799	-0.1006
0.8667	-0.1349	-0.05729
0.8067	-0.3071	0.04609
0.7126	-0.3094	0.1221
0.6657	-0.321	0.07047
0.6639	-0.2999	0.07585
0.7012	-0.3188	0.08345
0.7408	-0.3379	0.05289
0.759	-0.2666	0.09853
1.138	-0.05287	-0.06589
1.149	-0.06409	-0.0518
1.201	-0.07796	-0.04801
1.263	-0.1036	-0.06985
1.294	-0.1134	-0.09598
1.334	-0.1426	-0.1158
1.361	-0.1932	-0.1037
1.211	-0.2191	-0.08778
0.9785	-0.231	-0.1214
0.9527	-0.2443	-0.1584
1.041	-0.2717	-0.16
1.068	-0.3053	-0.1148
1.129	-0.2968	-0.04221
1.159	-0.2657	-0.03084
1.08	-0.2588	-0.06497
1.001	-0.2487	-0.07769
0.914	-0.2207	-0.08665
0.8579	-0.197	-0.09022
0.842	-0.1898	-0.0801
0.7524	-0.1911	-0.06051
0.7004	-0.1954	-0.02717
0.7119	-0.2513	0.008506
0.6626	-0.3198	0.05425
0.6497	-0.3218	0.07937
0.6854	-0.33	0.06872
0.6696	-0.3519	0.09155
0.6622	-0.3196	0.1171
0.6766	-0.2715	0.1094
0.7181	-0.2176	0.1219
0.8537	-0.1572	0.1056
1.03	-0.155	0.03373
1.219	-0.1734	-0.04023
1.403	-0.1395	-0.07039
1.496	-0.09834	0.01905
1.507	-0.04928	0.1599
1.459	-0.05183	0.2081
1.386	-0.2801	0.1768
1.353	-0.6111	0.1259
1.306	-0.8164	0.01431
1.168	-0.9504	-0.1758
0.9794	-0.99	-0.216
0.8252	-0.7683	-0.05355
0.6913	-0.4377	0.008701
0.6561	-0.2508	-0.05376
0.8554	-0.1985	-0.1179
1.046	-0.2319	-0.1612
1.018	-0.2999	-0.1104
0.8964	-0.361	-0.04817
0.7757	-0.3768	-0.05566
0.7567	-0.2893	-0.06201
0.8216	-0.1896	-0.05927
0.8622	-0.08217	-0.08142
0.8986	0.03421	-0.1207
0.9069	0.0555	-0.1351
0.9136	0.04511	-0.1095
0.9628	0.01642	-0.06479
0.9959	-0.02763	-0.05119
1.035	-0.0471	-0.07555
1.091	-0.0909	-0.07947
1.153	-0.1629	-0.07047
1.247	-0.2756	-0.0444
1.27	-0.2957	0.008039
1.228	-0.1437	0.02971
1.272	-0.05407	0.003454
1.296	-0.112	-0.04503
1.201	-0.2202	-0.08369
1.071	-0.3104	-0.1183
0.9761	-0.3518	-0.1778
1.031	-0.3953	-0.2336
1.194	-0.4783	-0.2004
1.347	-0.5132	-0.07919
1.402	-0.4117	0.01466
1.2	-0.2598	0.04882
0.9455	-0.1283	0.02368
0.8348	-0.02867	-0.03125
0.7246	0.01117	-0.05112
0.7058	-0.001753	-0.05322
0.7395	-0.1164	-0.01973
0.6574	-0.2439	0.02581
0.6002	-0.298	0.08341
0.5526	-0.3633	0.1768
0.4999	-0.3759	0.1871
0.5786	-0.3303	0.1535
0.7063	-0.2861	0.1326
0.851	-0.2131	0.09857
1.039	-0.1674	0.0984
1.181	-0.165	0.05981
1.291	-0.1559	0.02069
1.453	-0.1137	0.1015
1.641	-0.07381	0.213
1.617	-0.153	0.244
1.364	-0.4699	0.178
1.262	-0.9051	0.03788
1.297	-1.053	-0.1332
1.252	-0.9445	-0.189
1.078	-0.8891	-0.1304
0.8311	-0.7111	-0.141
0.7932	-0.3941	-0.1211
0.8595	-0.1638	-0.03472
0.8191	-0.03291	-0.05143
0.8555	-0.08968	-0.07702
0.8713	-0.2361	-0.06602
0.816	-0.3734	-0.0931
0.7977	-0.4874	-0.09673
0.7681	-0.3618	-0.1076
0.8136	-0.1771	-0.17
0.9178	-0.02676	-0.2239
0.9916	0.1488	-0.2372
1.021	0.1218	-0.2017
0.9566	0.09566	-0.1429
0.8784	0.09668	-0.08042
0.8632	-0.03613	-0.05519
0.9451	-0.0993	-0.09413
1.115	-0.1728	-0.1249
1.224	-0.25	-0.1462
1.253	-0.2568	-0.1532
1.262	-0.2522	-0.1061
1.27	-0.1425	-0.08101
1.313	-0.06764	-0.09367
1.337	-0.1273	-0.1127
1.297	-0.2074	-0.1335
1.169	-0.2388	-0.1378
0.9679	-0.2392	-0.1928
0.929	-0.3106	-0.2913
1.111	-0.3982	-0.3063
1.271	-0.4692	-0.2327
1.301	-0.5103	-0.1376
1.204	-0.43	-0.02585
1.296	-0.112	-0.04503
1.201	-0.2202	-0.08369
1.071	-0.3104	-0.1183
0.9761	-0.3518	-0.1778
1.031	-0.3953	-0.2336
1.194	-0.4783	-0.2004
1.347	-0.5132	-0.07919
1.402	-0.4117	0.01466
1.2	-0.2598	0.04882
0.9455	-0.1283	0.02368
0.8348	-0.02867	-0.03125
0.7246	0.01117	-0.05112
0.7058	-0.001753	-0.05322
0.7395	-0.1164	-0.01973
0.6574	-0.2439	0.02581
0.6002	-0.298	0.08341
0.5526	-0.3633	0.1768
0.4999	-0.3759	0.1871
0.5786	-0.3303	0.1535
0.7063	-0.2861	0.1326
0.851	-0.2131	0.09857
1.039	-0.1674	0.0984
1.181	-0.165	0.05981
1.291	-0.1559	0.02069
1.453	-0.1137	0.1015
1.641	-0.07381	0.213
1.617	-0.153	0.244
1.364	-0.4699	0.178
1.262	-0.9051	0.03788
1.297	-1.053	-0.1332
1.252	-0.9445	-0.189
1.078	-0.8891	-0.1304
0.8311	-0.7111	-0.141
0.7932	-0.3941	-0.1211
0.8595	-0.1638	-0.03472
0.8191	-0.03291	-0.05143
0.8555	-0.08968	-0.07702
0.8713	-0.2361	-0.06602
0.816	-0.3734	-0.0931
0.7977	-0.4874	-0.09673
0.7681	-0.3618	-0.1076
0.8136	-0.1771	-0.17
0.9178	-0.02676	-0.2239
0.9916	0.1488	-0.2372
1.021	0.1218	-0.2017
0.9566	0.09566	-0.1429
0.8784	0.09668	-0.08042
0.8632	-0.03613	-0.05519
0.9451	-0.0993	-0.09413
1.115	-0.1728	-0.1249
1.224	-0.25	-0.1462
1.253	-0.2568	-0.1532
1.262	-0.2522	-0.1061
1.27	-0.1425	-0.08101
1.313	-0.06764	-0.09367
1.337	-0.1273	-0.1127
1.297	-0.2074	-0.1335
1.169	-0.2388	-0.1378
0.9679	-0.2392	-0.1928
0.929	-0.3106	-0.2913
1.111	-0.3982	-0.3063
1.271	-0.4692	-0.2327
1.301	-0.5103	-0.1376
1.204	-0.43	-0.02585
0.9969	-0.2831	0.05244
0.8181	-0.1438	0.02127
0.7967	-0.08051	-0.04889
0.8283	-0.05117	-0.1142
0.7699	-0.02171	-0.1684
0.7264	-0.1305	-0.09677
0.6773	-0.2882	0.0316
0.5556	-0.371	0.0958
0.5262	-0.4005	0.147
0.5389	-0.3685	0.1568
0.5741	-0.343	0.1333
0.7259	-0.3063	0.1281
0.8882	-0.2376	0.1029
1.099	-0.2111	0.05386
1.302	-0.1676	-0.04431
1.374	-0.1089	-0.09499
1.479	-0.08587	0.04311
1.586	-0.08559	0.1675
1.456	-0.2288	0.1163
1.256	-0.5341	0.06304
1.312	-0.8211	0.01644
1.313	-1.009	-0.1257
1.01	-0.9831	-0.1611
0.7495	-0.6431	-0.06357
0.669	-0.2212	-0.06252
0.8208	0.01783	-0.09753
1.014	0.01231	-0.1103
0.9783	-0.09361	-0.1235
0.9579	-0.1635	-0.09406
0.8721	-0.3817	-0.07014
0.6977	-0.609	-0.03468
0.719	-0.4432	-0.03742
0.7777	-0.1346	-0.1092
0.8291	0.009518	-0.1483
0.9213	0.1216	-0.191
0.9805	0.1705	-0.1908
1.014	0.1065	-0.1336
1.007	0.06729	-0.09769
1.02	-0.04323	-0.0434
1.069	-0.2202	-0.02503
1.14	-0.2936	-0.02316
1.207	-0.3299	-0.002341
1.222	-0.243	-0.01833
1.25	-0.05174	-0.004268
1.293	0.0003632	-0.00647
1.296	-0.09814	-0.06808
1.196	-0.2494	-0.1046
1.008	-0.2804	-0.1183
0.9225	-0.2937	-0.1597
0.9874	-0.4144	-0.2375
1.163	-0.4768	-0.2171
1.386	-0.5413	-0.1029
1.416	-0.5062	-0.03417
1.202	-0.2823	0.01023
1.011	-0.1075	-0.006478
0.9035	-0.03173	-0.03248
0.7851	-0.02226	-0.02098
0.7469	-0.01281	-0.06313
0.7445	-0.08315	-0.04763
0.6627	-0.2577	0.005518
0.5915	-0.3171	0.03498
0.5576	-0.3655	0.1198
0.5305	-0.4053	0.1699
0.5696	-0.357	0.1801
0.9969	-0.2831	0.05244
0.8181	-0.1438	0.02127
0.7967	-0.08051	-0.04889
0.8283	-0.05117	-0.1142
0.7699	-0.02171	-0.1684
0.7264	-0.1305	-0.09677
0.6773	-0.2882	0.0316
0.5556	-0.371	0.0958
0.5262	-0.4005	0.147
0.5389	-0.3685	0.1568
0.5741	-0.343	0.1333
0.7259	-0.3063	0.1281
0.8882	-0.2376	0.1029
1.099	-0.2111	0.05386
1.302	-0.1676	-0.04431
1.374	-0.1089	-0.09499
1.479	-0.08587	0.04311
1.586	-0.08559	0.1675
1.456	-0.2288	0.1163
1.256	-0.5341	0.06304
1.312	-0.8211	0.01644
1.313	-1.009	-0.1257
1.01	-0.9831	-0.1611
0.7495	-0.6431	-0.06357
0.669	-0.2212	-0.06252
0.8208	0.01783	-0.09753
1.014	0.01231	-0.1103
0.9783	-0.09361	-0.1235
0.9579	-0.1635	-0.09406
0.8721	-0.3817	-0.07014
0.6977	-0.609	-0.03468
0.719	-0.4432	-0.03742
0.7777	-0.1346	-0.1092
0.8291	0.009518	-0.1483
0.9213	0.1216	-0.191
0.9805	0.1705	-0.1908
1.014	0.1065	-0.1336
1.007	0.06729	-0.09769
1.02	-0.04323	-0.0434
1.069	-0.2202	-0.02503
1.14	-0.2936	-0.02316
1.207	-0.3299	-0.002341
1.222	-0.243	-0.01833
1.25	-0.05174	-0.004268
1.293	0.0003632	-0.00647
1.296	-0.09814	-0.06808
1.196	-0.2494	-0.1046
1.008	-0.2804	-0.1183
0.9225	-0.2937	-0.1597
0.9874	-0.4144	-0.2375
1.163	-0.4768	-0.2171
1.386	-0.5413	-0.1029
1.416	-0.5062	-0.03417
1.202	-0.2823	0.01023
1.011	-0.1075	-0.006478
0.9035	-0.03173	-0.03248
0.7851	-0.02226	-0.02098
0.7469	-0.01281	-0.06313
0.7445	-0.08315	-0.04763
0.6627	-0.2577	0.005518
0.5915	-0.3171	0.03498
0.5576	-0.3655	0.1198
0.5305	-0.4053	0.1699
0.5696	-0.357	0.1801
0.6652	-0.3372	0.1572
0.7982	-0.2479	0.09999
0.9954	-0.1613	0.0986
1.186	-0.1772	0.08639
1.344	-0.1733	0.06595
1.489	-0.1493	0.0773
1.56	-0.1321	0.1191
1.557	-0.166	0.1923
1.504	-0.2852	0.1417
1.401	-0.6023	-0.0326
1.29	-1.021	-0.1978
1.209	-0.9884	-0.2287
0.9302	-0.5783	-0.05095
0.4788	-0.3436	0.05864
0.5507	-0.2579	-0.01763
0.9288	-0.1716	-0.08872
0.992	-0.06393	-0.1411
1.058	-0.07188	-0.1372
0.9701	-0.3355	-0.05841
0.7551	-0.4889	-0.01967
0.8026	-0.4478	-0.03477
0.7409	-0.3743	-0.06173
0.7519	-0.1741	-0.07783
0.8833	-0.02646	-0.09638
0.8273	0.03221	-0.1276
0.9088	0.1118	-0.1466
0.9774	0.1233	-0.1245
0.9826	0.04146	-0.07451
1.092	-0.08296	-0.07167
1.104	-0.1715	-0.06644
1.153	-0.2801	-0.008237
1.205	-0.3075	0.01133
1.185	-0.1983	0.007289
1.248	-0.156	0.01577
1.284	-0.1804	0.0264
1.254	-0.2812	0.02699
1.168	-0.3766	-0.06948
1.067	-0.4194	-0.224
1.049	-0.4853	-0.2726
1.067	-0.4889	-0.1781
1.112	-0.5024	-0.06262
1.206	-0.5195	-0.02727
1.257	-0.4848	-0.041
1.218	-0.4067	-0.07022
1.172	-0.2276	-0.1258
1.027	-0.09797	-0.1812
0.7155	-0.07652	-0.1226
0.5866	-0.1124	-0.01837
0.7262	-0.1738	-0.06097
0.7726	-0.2018	-0.05603
0.6209	-0.2837	0.07396
0.5054	-0.3776	0.1036
0.5475	-0.3605	0.076
0.6598	-0.299	0.05843
0.7593	-0.2603	0.1167
0.7965	-0.211	0.2834
0.878	-0.169	0.3686
1.066	-0.1787	0.3011
1.189	-0.1639	0.187
1.323	-0.1302	0.1925
1.492	-0.1355	0.2868
1.479	-0.1759	0.3414
1.386	-0.3337	0.3538
1.339	-0.5861	0.2325
0.6652	-0.3372	0.1572
0.7982	-0.2479	0.09999
0.9954	-0.1613	0.0986
1.186	-0.1772	0.08639
1.344	-0.1733	0.06595
1.489	-0.1493	0.0773
1.56	-0.1321	0.1191
1.557	-0.166	0.1923
1.504	-0.2852	0.1417
1.401	-0.6023	-0.0326
1.29	-1.021	-0.1978
1.209	-0.9884	-0.2287
0.9302	-0.5783	-0.05095
0.4788	-0.3436	0.05864
0.5507	-0.2579	-0.01763
0.9288	-0.1716	-0.08872
0.992	-0.06393	-0.1411
1.058	-0.07188	-0.1372
0.9701	-0.3355	-0.05841
0.7551	-0.4889	-0.01967
0.8026	-0.4478	-0.03477
0.7409	-0.3743	-0.06173
0.7519	-0.1741	-0.07783
0.8833	-0.02646	-0.09638
0.8273	0.03221	-0.1276
0.9088	0.1118	-0.1466
0.9774	0.1233	-0.1245
0.9826	0.04146	-0.07451
1.092	-0.08296	-0.07167
1.104	-0.1715	-0.06644
1.153	-0.2801	-0.008237
1.205	-0.3075	0.01133
1.185	-0.1983	0.007289
1.248	-0.156	0.01577
1.284	-0.1804	0.0264
1.254	-0.2812	0.02699
1.168	-0.3766	-0.06948
1.067	-0.4194	-0.224
1.049	-0.4853	-0.2726
1.067	-0.4889	-0.1781
1.112	-0.5024	-0.06262
1.206	-0.5195	-0.02727
1.257	-0.4848	-0.041
1.218	-0.4067	-0.07022
1.172	-0.2276	-0.1258
1.027	-0.09797	-0.1812
0.7155	-0.07652	-0.1226
0.5866	-0.1124	-0.01837
0.7262	-0.1738	-0.06097
0.7726	-0.2018	-0.05603
0.6209	-0.2837	0.07396
0.5054	-0.3776	0.1036
0.5475	-0.3605	0.076
0.6598	-0.299	0.05843
0.7593	-0.2603	0.1167
0.7965	-0.211	0.2834
0.878	-0.169	0.3686
1.066	-0.1787	0.3011
1.189	-0.1639	0.187
1.323	-0.1302	0.1925
1.492	-0.1355	0.2868
1.479	-0.1759	0.3414
1.386	-0.3337	0.3538
1.339	-0.5861	0.2325
1.244	-0.7916	0.04096
1.089	-0.8495	-0.06825
0.9051	-0.6777	-0.05046
0.7929	-0.3548	0.004454
0.8128	-0.1113	-0.05736
0.9106	-0.07363	-0.05366
1.012	-0.152	-0.01706
1.002	-0.252	-0.06914
0.8737	-0.3984	-0.02945
0.742	-0.4966	-0.02648
0.6999	-0.4515	-0.04383
0.754	-0.3561	-0.02033
0.8211	-0.2083	-0.09993
0.9055	-0.04516	-0.1538
0.9831	0.01223	-0.1733
0.9685	0.06562	-0.1592
0.9663	0.1118	-0.09049
0.9984	0.07805	-0.04721
1.002	-0.009743	0.01018
1.055	-0.1831	0.002168
1.125	-0.2665	-0.01406
1.165	-0.2452	0.01884
1.201	-0.2805	0.00267
1.201	-0.1908	0.01553
1.219	-0.04225	-0.004333
1.282	-0.08607	-0.07594
1.275	-0.2295	-0.09443
1.149	-0.3481	-0.1012
1.034	-0.3643	-0.104
1.093	-0.3445	-0.1532
1.244	-0.458	-0.2015
1.319	-0.5613	-0.1284
1.302	-0.5041	-0.03195
1.229	-0.385	-0.00106
1.1	-0.2177	-0.00873
0.8854	-0.07543	-0.0102
0.7293	-0.0827	-0.008621
0.7611	-0.1192	-0.02394
0.7661	-0.1493	-0.02017
0.7087	-0.2406	0.0298
0.6798	-0.3048	0.1046
0.5958	-0.3112	0.1432
0.5423	-0.3055	0.1645
0.5459	-0.2875	0.1861
0.6143	-0.2431	0.1619
0.8052	-0.1835	0.1487
0.9571	-0.1612	0.1344
1.062	-0.178	0.1023
1.194	-0.1848	0.114
1.32	-0.1625	0.1165
1.456	-0.1259	0.154
1.517	-0.1242	0.228
1.451	-0.2561	0.1916
1.4	-0.5667	0.08161
1.388	-0.8801	-0.0449
1.15	-0.9468	-0.1098
0.7621	-0.6787	-0.03904
0.6685	-0.2262	-0.01441
0.8152	0.04788	-0.07215
0.8793	-0.005446	-0.07669
0.9428	-0.1054	-0.06364
1.068	-0.1516	-0.04831
0.9686	-0.3451	-0.01701
0.7597	-0.5108	-0.007461
1.244	-0.7916	0.04096
1.089	-0.8495	-0.06825
0.9051	-0.6777	-0.05046
0.7929	-0.3548	0.004454
0.8128	-0.1113	-0.05736
0.9106	-0.07363	-0.05366
1.012	-0.152	-0.01706
1.002	-0.252	-0.06914
0.8737	-0.3984	-0.02945
0.742	-0.4966	-0.02648
0.6999	-0.4515	-0.04383
0.754	-0.3561	-0.02033
0.8211	-0.2083	-0.09993
0.9055	-0.04516	-0.1538
0.9831	0.01223	-0.1733
0.9685	0.06562	-0.1592
0.9663	0.1118	-0.09049
0.9984	0.07805	-0.04721
1.002	-0.009743	0.01018
1.055	-0.1831	0.002168
1.125	-0.2665	-0.01406
1.165	-0.2452	0.01884
1.201	-0.2805	0.00267
1.201	-0.1908	0.01553
1.219	-0.04225	-0.004333
1.282	-0.08607	-0.07594
1.275	-0.2295	-0.09443
1.149	-0.3481	-0.1012
1.034	-0.3643	-0.104
1.093	-0.3445	-0.1532
1.244	-0.458	-0.2015
1.319	-0.5613	-0.1284
1.302	-0.5041	-0.03195
1.229	-0.385	-0.00106
1.1	-0.2177	-0.00873
0.8854	-0.07543	-0.0102
0.7293	-0.0827	-0.008621
0.7611	-0.1192	-0.02394
0.7661	-0.1493	-0.02017
0.7087	-0.2406	0.0298
0.6798	-0.3048	0.1046
0.5958	-0.3112	0.1432
0.5423	-0.3055	0.1645
0.5459	-0.2875	0.1861
0.6143	-0.2431	0.1619
0.8052	-0.1835	0.1487
0.9571	-0.1612	0.1344
1.062	-0.178	0.1023
1.194	-0.1848	0.114
1.32	-0.1625	0.1165
1.456	-0.1259	0.154
1.517	-0.1242	0.228
1.451	-0.2561	0.1916
1.4	-0.5667	0.08161
1.388	-0.8801	-0.0449
1.15	-0.9468	-0.1098
0.7621	-0.6787	-0.03904
0.6685	-0.2262	-0.01441
0.8152	0.04788	-0.07215
0.8793	-0.005446	-0.07669
0.9428	-0.1054	-0.06364
1.068	-0.1516	-0.04831
0.9686	-0.3451	-0.01701
0.7597	-0.5108	-0.007461
0.7672	-0.441	-0.02226
0.7761	-0.332	-0.04783
0.7665	-0.1931	-0.05385
0.8616	-0.05802	-0.06959
0.8804	-0.008432	-0.1131
0.8951	0.1158	-0.1156
0.9419	0.1184	-0.09349
0.9697	-0.03045	-0.0779
1.05	-0.07741	-0.0489
1.118	-0.1869	-0.02068
1.176	-0.2723	-0.008469
1.215	-0.2487	-0.01679
1.218	-0.2926	-0.01551
1.227	-0.205	0.01093
1.208	-0.05259	0.01659
1.209	-0.06606	-0.03353
1.198	-0.1426	-0.1085
1.117	-0.2573	-0.1273
1.045	-0.3407	-0.1198
1.053	-0.3892	-0.1689
1.23	-0.4695	-0.2285
1.442	-0.4893	-0.2302
1.452	-0.4513	-0.1337
1.269	-0.3318	0.003798
0.9885	-0.1498	0.03138
0.7397	-0.06622	-0.01733
0.6512	-0.07287	-0.02696
0.6831	-0.07953	-0.02858
0.6664	-0.0958	-0.0376
0.6181	-0.1734	0.004592
0.6269	-0.2744	0.08645
0.578	-0.3274	0.1442
0.5272	-0.3226	0.1738
0.5791	-0.2812	0.1879
0.6788	-0.2452	0.1653
0.8651	-0.213	0.1206
1.073	-0.2157	0.08712
1.19	-0.2362	0.05785
1.294	-0.2024	0.05933
1.504	-0.1694	0.1345
1.677	-0.1705	0.1916
1.531	-0.3261	0.1248
1.33	-0.6812	0.02904
1.353	-0.9343	-0.01331
1.276	-0.9617	-0.09526
0.9811	-0.8265	-0.1583
0.6657	-0.5175	-0.06251
0.5867	-0.1516	0.008654
0.8348	0.06341	-0.07962
1.017	0.03516	-0.1505
1.028	-0.1476	-0.1341
0.9934	-0.382	-0.07262
0.8296	-0.4987	0.0005378
0.7242	-0.3987	0.001884
0.7276	-0.2739	-0.03801
0.761	-0.1016	-0.05604
0.854	0.08826	-0.1101
0.9041	0.078	-0.1662
0.9555	0.06286	-0.1509
0.9711	0.06226	-0.1102
0.9471	-0.03923	-0.06872
1.007	-0.09689	-0.04287
1.085	-0.1833	-0.03331
1.201	-0.277	-0.02514
0.7672	-0.441	-0.02226
0.7761	-0.332	-0.04783
0.7665	-0.1931	-0.05385
0.8616	-0.05802	-0.06959
0.8804	-0.008432	-0.1131
0.8951	0.1158	-0.1156
0.9419	0.1184	-0.09349
0.9697	-0.03045	-0.0779
1.05	-0.07741	-0.0489
1.118	-0.1869	-0.02068
1.176	-0.2723	-0.008469
1.215	-0.2487	-0.01679
1.218	-0.2926	-0.01551
1.227	-0.205	0.01093
1.208	-0.05259	0.01659
1.209	-0.06606	-0.03353
1.198	-0.1426	-0.1085
1.117	-0.2573	-0.1273
1.045	-0.3407	-0.1198
1.053	-0.3892	-0.1689
1.23	-0.4695	-0.2285
1.442	-0.4893	-0.2302
1.452	-0.4513	-0.1337
1.269	-0.3318	0.003798
0.9885	-0.1498	0.03138
0.7397	-0.06622	-0.01733
0.6512	-0.07287	-0.02696
0.6831	-0.07953	-0.02858
0.6664	-0.0958	-0.0376
0.6181	-0.1734	0.004592
0.6269	-0.2744	0.08645
0.578	-0.3274	0.1442
0.5272	-0.3226	0.1738
0.5791	-0.2812	0.1879
0.6788	-0.2452	0.1653
0.8651	-0.213	0.1206
1.073	-0.2157	0.08712
1.19	-0.2362	0.05785
1.294	-0.2024	0.05933
1.504	-0.1694	0.1345
1.677	-0.1705	0.1916
1.531	-0.3261	0.1248
1.33	-0.6812	0.02904
1.353	-0.9343	-0.01331
1.276	-0.9617	-0.09526
0.9811	-0.8265	-0.1583
0.6657	-0.5175	-0.06251
0.5867	-0.1516	0.008654
0.8348	0.06341	-0.07962
1.017	0.03516	-0.1505
1.028	-0.1476	-0.1341
0.9934	-0.382	-0.07262
0.8296	-0.4987	0.0005378
0.7242	-0.3987	0.001884
0.7276	-0.2739	-0.03801
0.761	-0.1016	-0.05604
0.854	0.08826	-0.1101
0.9041	0.078	-0.1662
0.9555	0.06286	-0.1509
0.9711	0.06226	-0.1102
0.9471	-0.03923	-0.06872
1.007	-0.09689	-0.04287
1.085	-0.1833	-0.03331
1.201	-0.277	-0.02514
1.257	-0.2825	-0.04316
1.215	-0.2738	-0.02605
1.234	-0.2265	-0.003609
1.242	-0.1493	-0.05616
1.245	-0.06732	-0.09012
1.223	-0.1023	-0.09743
1.067	-0.3068	-0.133
0.9179	-0.4285	-0.1789
0.9782	-0.4203	-0.1924
1.244	-0.4472	-0.1605
1.495	-0.5556	-0.146
1.554	-0.571	-0.1068
1.336	-0.3798	-0.01928
0.9611	-0.1457	0.0391
0.7433	0.0238	0.03542
0.7457	-0.004808	-0.0395
0.7473	-0.08742	-0.07431
0.6319	-0.05363	-0.04764
0.6236	-0.2088	-0.01118
0.6485	-0.3455	0.08175
0.5472	-0.3222	0.1381
0.5729	-0.3855	0.1591
0.5778	-0.3269	0.196
0.5854	-0.2576	0.1712
0.795	-0.2572	0.1379
0.9698	-0.1876	0.09959
1.186	-0.2261	0.02273
1.326	-0.2364	-0.003837
1.342	-0.1806	0.07215
1.535	-0.1527	0.1887
1.616	-0.1032	0.2157
1.446	-0.2251	0.1589
1.273	-0.5223	0.08528
1.207	-0.8412	-0.03822
1.167	-1.005	-0.1614
1.006	-0.8625	-0.1599
0.8542	-0.5452	-0.1071
0.7891	-0.2133	-0.1202
0.8473	-0.1233	-0.08554
0.9567	-0.2156	-0.01629
0.8943	-0.2053	-0.01247
0.8632	-0.3463	-0.009009
0.8803	-0.4892	-0.04575
0.7693	-0.3442	-0.07492
0.7159	-0.2259	-0.03341
0.7263	-0.04298	-0.03486
0.7882	0.1401	-0.0693
0.9305	0.09128	-0.123
0.9717	0.1074	-0.1407
0.9603	0.09351	-0.07411
1.016	-0.02007	-0.03078
1.084	-0.09232	-0.01382
1.137	-0.2187	-0.004137
1.18	-0.2637	0.0097
1.224	-0.2441	0.02686
1.236	-0.2027	0.01484
1.235	-0.03887	0.01759
1.26	0.03313	0.002052
1.238	-0.09178	-0.03432
1.153	-0.2731	-0.05229
1.051	-0.3592	-0.08773
1.021	-0.3745	-0.1421
1.11	-0.4465	-0.1992
1.234	-0.5007	-0.1872
1.257	-0.2825	-0.04316
1.215	-0.2738	-0.02605
1.234	-0.2265	-0.003609
1.242	-0.1493	-0.05616
1.245	-0.06732	-0.09012
1.223	-0.1023	-0.09743
1.067	-0.3068	-0.133
0.9179	-0.4285	-0.1789
0.9782	-0.4203	-0.1924
1.244	-0.4472	-0.1605
1.495	-0.5556	-0.146
1.554	-0.571	-0.1068
1.336	-0.3798	-0.01928
0.9611	-0.1457	0.0391
0.7433	0.0238	0.03542
0.7457	-0.004808	-0.0395
0.7473	-0.08742	-0.07431
0.6319	-0.05363	-0.04764
0.6236	-0.2088	-0.01118
0.6485	-0.3455	0.08175
0.5472	-0.3222	0.1381
0.5729	-0.3855	0.1591
0.5778	-0.3269	0.196
0.5854	-0.2576	0.1712
0.795	-0.2572	0.1379
0.9698	-0.1876	0.09959
1.186	-0.2261	0.02273
1.326	-0.2364	-0.003837
1.342	-0.1806	0.07215
1.535	-0.1527	0.1887
1.616	-0.1032	0.2157
1.446	-0.2251	0.1589
1.273	-0.5223	0.08528
1.207	-0.8412	-0.03822
1.167	-1.005	-0.1614
1.006	-0.8625	-0.1599
0.8542	-0.5452	-0.1071
0.7891	-0.2133	-0.1202
0.8473	-0.1233	-0.08554
0.9567	-0.2156	-0.01629
0.8943	-0.2053	-0.01247
0.8632	-0.3463	-0.009009
0.8803	-0.4892	-0.04575
0.7693	-0.3442	-0.07492
0.7159	-0.2259	-0.03341
0.7263	-0.04298	-0.03486
0.7882	0.1401	-0.0693
0.9305	0.09128	-0.123
0.9717	0.1074	-0.1407
0.9603	0.09351	-0.07411
1.016	-0.02007	-0.03078
1.084	-0.09232	-0.01382
1.137	-0.2187	-0.004137
1.18	-0.2637	0.0097
1.224	-0.2441	0.02686
1.236	-0.2027	0.01484
1.235	-0.03887	0.01759
1.26	0.03313	0.002052
1.238	-0.09178	-0.03432
1.153	-0.2731	-0.05229
1.051	-0.3592	-0.08773
1.021	-0.3745	-0.1421
1.11	-0.4465	-0.1992
1.234	-0.5007	-0.1872
1.414	-0.5118	-0.1173
1.526	-0.4948	-0.0577
1.277	-0.3441	0.01902
0.8788	-0.0824	0.03337
0.7193	0.03797	-0.0187
0.7398	-0.0515	-0.0427
0.7306	-0.07742	-0.0629
0.6912	-0.1081	-0.03059
0.6864	-0.2915	0.05055
0.642	-0.3891	0.08725
0.5647	-0.4067	0.1193
0.5502	-0.4198	0.1848
0.5759	-0.3618	0.2281
0.6848	-0.2939	0.1799
0.881	-0.1959	0.1089
1.06	-0.1271	0.0785
1.197	-0.1681	-4.846e-05
1.281	-0.1809	-0.03134
1.419	-0.1535	0.1048
1.645	-0.1455	0.275
1.67	-0.1303	0.3306
1.375	-0.1467	0.274
1.137	-0.2618	0.2219
1.198	-0.5925	0.08482
1.228	-0.9991	-0.1759
1.102	-0.9507	-0.2299
1.002	-0.5387	-0.1324
0.8365	-0.3124	-0.168
0.7709	-0.2267	-0.1656
0.8807	-0.198	-0.05458
0.8234	-0.1846	0.01333
0.7954	-0.1542	0.02147
0.8715	-0.3365	-0.0246
0.8209	-0.4533	-0.06002
0.8204	-0.3818	-0.07374
0.8097	-0.2913	-0.09441
0.7941	-0.0309	-0.07712
0.9104	0.1406	-0.09728
0.9692	0.154	-0.1265
0.9874	0.168	-0.09081
0.9753	0.07629	-0.05486
0.9719	-0.02485	-0.005909
1.07	-0.154	-0.005787
1.144	-0.2455	-0.04958
1.205	-0.2307	-0.03814
1.199	-0.2136	-0.02878
1.174	-0.1219	-0.002008
1.231	-0.0675	0.02091
1.256	-0.1093	-0.0275
1.293	-0.1823	-0.06259
1.212	-0.2805	-0.07877
0.9841	-0.3382	-0.1322
0.9181	-0.4102	-0.1995
1.078	-0.4704	-0.2001
1.338	-0.5065	-0.1348
1.423	-0.537	-0.05816
1.264	-0.4268	0.05169
1.081	-0.2298	0.09871
0.9177	-0.08324	0.03795
0.8364	-0.01559	-0.02498
0.8253	-0.01401	-0.08976
0.7848	-0.05313	-0.0908
0.7223	-0.1482	-0.03012
0.6272	-0.2576	0.01477
1.414	-0.5118	-0.1173
1.526	-0.4948	-0.0577
1.277	-0.3441	0.01902
0.8788	-0.0824	0.03337
0.7193	0.03797	-0.0187
0.7398	-0.0515	-0.0427
0.7306	-0.07742	-0.0629
0.6912	-0.1081	-0.03059
0.6864	-0.2915	0.05055
0.642	-0.3891	0.08725
0.5647	-0.4067	0.1193
0.5502	-0.4198	0.1848
0.5759	-0.3618	0.2281
0.6848	-0.2939	0.1799
0.881	-0.1959	0.1089
1.06	-0.1271	0.0785
1.197	-0.1681	-4.846e-05
1.281	-0.1809	-0.03134
1.419	-0.1535	0.1048
1.645	-0.1455	0.275
1.67	-0.1303	0.3306
1.375	-0.1467	0.274
1.137	-0.2618	0.2219
1.198	-0.5925	0.08482
1.228	-0.9991	-0.1759
1.102	-0.9507	-0.2299
1.002	-0.5387	-0.1324
0.8365	-0.3124	-0.168
0.7709	-0.2267	-0.1656
0.8807	-0.198	-0.05458
0.8234	-0.1846	0.01333
0.7954	-0.1542	0.02147
0.8715	-0.3365	-0.0246
0.8209	-0.4533	-0.06002
0.8204	-0.3818	-0.07374
0.8097	-0.2913	-0.09441
0.7941	-0.0309	-0.07712
0.9104	0.1406	-0.09728
0.9692	0.154	-0.1265
0.9874	0.168	-0.09081
0.9753	0.07629	-0.05486
0.9719	-0.02485	-0.005909
1.07	-0.154	-0.005787
1.144	-0.2455	-0.04958
1.205	-0.2307	-0.03814
1.199	-0.2136	-0.02878
1.174	-0.1219	-0.002008
1.231	-0.0675	0.02091
1.256	-0.1093	-0.0275
1.293	-0.1823	-0.06259
1.212	-0.2805	-0.07877
0.9841	-0.3382	-0.1322
0.9181	-0.4102	-0.1995
1.078	-0.4704	-0.2001
1.338	-0.5065	-0.1348
1.423	-0.537	-0.05816
1.264	-0.4268	0.05169
1.081	-0.2298	0.09871
0.9177	-0.08324	0.03795
0.8364	-0.01559	-0.02498
0.8253	-0.01401	-0.08976
0.7848	-0.05313	-0.0908
0.7223	-0.1482	-0.03012
0.6272	-0.2576	0.01477
0.5508	-0.3237	0.1182
0.5192	-0.3497	0.158
0.5189	-0.3507	0.1207
0.5832	-0.3452	0.178
0.7127	-0.3196	0.1707
0.9032	-0.2513	0.1125
1.074	-0.1847	0.109
1.165	-0.1796	0.05753
1.288	-0.1728	0.06765
1.485	-0.1163	0.1191
1.572	-0.09789	0.1607
1.507	-0.1246	0.2519
1.427	-0.2577	0.1936
1.291	-0.5779	0.05001
1.204	-0.8563	-0.03642
1.192	-0.9485	-0.1366
0.9997	-0.8552	-0.1136
0.8561	-0.4946	-0.06632
0.8786	-0.1133	-0.1337
0.8761	-0.05104	-0.1145
0.9249	-0.1558	-0.05067
0.8869	-0.1995	-0.01744
0.7951	-0.3554	0.01926
0.79	-0.5525	0.002365
0.7343	-0.4617	-0.009715
0.7544	-0.2753	-0.04103
0.8351	-0.04909	-0.09576
0.9065	0.2333	-0.1032
1.017	0.2499	-0.1305
0.9996	0.1952	-0.09938
0.956	0.1569	-0.01326
0.9777	-0.02461	0.01573
1.003	-0.1512	0.03234
1.115	-0.2566	0.002551
1.212	-0.3316	-0.0273
1.222	-0.2813	-0.01004
1.216	-0.1796	-0.01771
1.228	-0.02062	-0.01655
1.294	0.01662	-0.02576
1.315	-0.1355	-0.05733
1.21	-0.2712	-0.08464
1.044	-0.3419	-0.1398
0.9734	-0.4073	-0.2056
1.059	-0.4925	-0.2462
1.14	-0.5494	-0.2042
1.202	-0.5407	-0.06326
1.284	-0.4605	0.07217
1.225	-0.2798	0.06011
1.043	-0.06529	-0.02947
0.9031	0.03056	-0.02234
0.8271	-0.009733	-0.03381
0.7732	-0.0546	-0.0601
0.7058	-0.1378	0.02116
0.6555	-0.302	0.08402
0.6423	-0.3664	0.1238
0.6209	-0.3325	0.1314
0.5986	-0.3245	0.1196
0.5777	-0.2958	0.1741
0.6345	-0.2354	0.1632
0.7985	-0.1838	0.1352
0.9449	-0.1524	0.1359
1.101	-0.1549	0.06642
1.266	-0.1531	0.02803
1.418	-0.1255	0.06647
0.5508	-0.3237	0.1182
0.5192	-0.3497	0.158
0.5189	-0.3507	0.1207
0.5832	-0.3452	0.178
0.7127	-0.3196	0.1707
0.9032	-0.2513	0.1125
1.074	-0.1847	0.109
1.165	-0.1796	0.05753
1.288	-0.1728	0.06765
1.485	-0.1163	0.1191
1.572	-0.09789	0.1607
1.507	-0.1246	0.2519
1.427	-0.2577	0.1936
1.291	-0.5779	0.05001
1.204	-0.8563	-0.03642
1.192	-0.9485	-0.1366
0.9997	-0.8552	-0.1136
0.8561	-0.4946	-0.06632
0.8786	-0.1133	-0.1337
0.8761	-0.05104	-0.1145
0.9249	-0.1558	-0.05067
0.8869	-0.1995	-0.01744
0.7951	-0.3554	0.01926
0.79	-0.5525	0.002365
0.7343	-0.4617	-0.009715
0.7544	-0.2753	-0.04103
0.8351	-0.04909	-0.09576
0.9065	0.2333	-0.1032
1.017	0.2499	-0.1305
0.9996	0.1952	-0.09938
0.956	0.1569	-0.01326
0.9777	-0.02461	0.01573
1.003	-0.1512	0.03234
1.115	-0.2566	0.002551
1.212	-0.3316	-0.0273
1.222	-0.2813	-0.01004
1.216	-0.1796	-0.01771
1.228	-0.02062	-0.01655
1.294	0.01662	-0.02576
1.315	-0.1355	-0.05733
1.21	-0.2712	-0.08464
1.044	-0.3419	-0.1398
0.9734	-0.4073	-0.2056
1.059	-0.4925	-0.2462
1.14	-0.5494	-0.2042
1.202	-0.5407	-0.06326
1.284	-0.4605	0.07217
1.225	-0.2798	0.06011
1.043	-0.06529	-0.02947
0.9031	0.03056	-0.02234
0.8271	-0.009733	-0.03381
0.7732	-0.0546	-0.0601
0.7058	-0.1378	0.02116
0.6555	-0.302	0.08402
0.6423	-0.3664	0.1238
0.6209	-0.3325	0.1314
0.5986	-0.3245	0.1196
0.5777	-0.2958	0.1741
0.6345	-0.2354	0.1632
0.7985	-0.1838	0.1352
0.9449	-0.1524	0.1359
1.101	-0.1549	0.06642
1.266	-0.1531	0.02803
1.418	-0.1255	0.06647
1.569	-0.106	0.1693
1.522	-0.1122	0.26
1.335	-0.2188	0.2432
1.239	-0.4872	0.1649
1.228	-0.773	0.008759
1.222	-0.8749	-0.1377
1.05	-0.7285	-0.123
0.7673	-0.4109	-0.05115
0.6659	-0.1128	-0.05014
0.7889	-0.02299	-0.05627
0.9042	-0.1081	-0.03276
0.8494	-0.2497	-0.01425
0.8093	-0.483	0.01598
0.8138	-0.577	-0.01149
0.7528	-0.4101	-0.1001
0.7918	-0.3362	-0.1452
0.8425	-0.2327	-0.1515
0.8474	-0.04465	-0.1324
0.9357	0.01044	-0.1303
0.9865	0.178	-0.1161
1.002	0.2352	-0.06885
1.044	0.02152	-0.06543
1.105	-0.08401	-0.02075
1.124	-0.1591	0.02184
1.083	-0.2053	-0.01934
1.152	-0.2232	-0.03527
1.205	-0.2957	-0.0434
1.197	-0.2091	-0.03365
1.279	-0.1231	0.002017
1.306	-0.1443	-0.01205
1.26	-0.1922	-0.0224
1.155	-0.3165	-0.03946
0.9869	-0.3232	-0.1306
0.9706	-0.3266	-0.2484
1.15	-0.4722	-0.2943
1.322	-0.5481	-0.1925
1.303	-0.5689	-0.01823
1.148	-0.4342	0.07211
0.9814	-0.1596	0.0454
0.8604	-0.03057	-0.03158
0.8682	0.01912	-0.09398
0.8835	0.02994	-0.1094
0.8031	-0.05592	-0.06052
0.698	-0.1752	0.02816
0.5974	-0.2918	0.1025
0.5738	-0.352	0.1386
0.6042	-0.3766	0.1287
0.6112	-0.3769	0.1313
0.6502	-0.3403	0.1648
0.7151	-0.3017	0.1582
0.8283	-0.2448	0.144
1.045	-0.2122	0.1089
1.223	-0.2163	0.008558
1.305	-0.2013	-0.02226
1.422	-0.1753	0.08419
1.512	-0.1507	0.1936
1.419	-0.1711	0.1862
1.265	-0.3246	0.137
1.231	-0.6411	0.07379
1.241	-0.9231	-0.07191
1.134	-0.9242	-0.1318
0.8906	-0.6655	-0.0825
0.7171	-0.2843	-0.1114
0.7855	-0.01957	-0.1526
1.569	-0.106	0.1693
1.522	-0.1122	0.26
1.335	-0.2188	0.2432
1.239	-0.4872	0.1649
1.228	-0.773	0.008759
1.222	-0.8749	-0.1377
1.05	-0.7285	-0.123
0.7673	-0.4109	-0.05115
0.6659	-0.1128	-0.05014
0.7889	-0.02299	-0.05627
0.9042	-0.1081	-0.03276
0.8494	-0.2497	-0.01425
0.8093	-0.483	0.01598
0.8138	-0.577	-0.01149
0.7528	-0.4101	-0.1001
0.7918	-0.3362	-0.1452
0.8425	-0.2327	-0.1515
0.8474	-0.04465	-0.1324
0.9357	0.01044	-0.1303
0.9865	0.178	-0.1161
1.002	0.2352	-0.06885
1.044	0.02152	-0.06543
1.105	-0.08401	-0.02075
1.124	-0.1591	0.02184
1.083	-0.2053	-0.01934
1.152	-0.2232	-0.03527
1.205	-0.2957	-0.0434
1.197	-0.2091	-0.03365
1.279	-0.1231	0.002017
1.306	-0.1443	-0.01205
1.26	-0.1922	-0.0224
1.155	-0.3165	-0.03946
0.9869	-0.3232	-0.1306
0.9706	-0.3266	-0.2484
1.15	-0.4722	-0.2943
1.322	-0.5481	-0.1925
1.303	-0.5689	-0.01823
1.148	-0.4342	0.07211
0.9814	-0.1596	0.0454
0.8604	-0.03057	-0.03158
0.8682	0.01912	-0.09398
0.8835	0.02994	-0.1094
0.8031	-0.05592	-0.06052
0.698	-0.1752	0.02816
0.5974	-0.2918	0.1025
0.5738	-0.352	0.1386
0.6042	-0.3766	0.1287
0.6112	-0.3769	0.1313
0.6502	-0.3403	0.1648
0.7151	-0.3017	0.1582
0.8283	-0.2448	0.144
1.045	-0.2122	0.1089
1.223	-0.2163	0.008558
1.305	-0.2013	-0.02226
1.422	-0.1753	0.08419
1.512	-0.1507	0.1936
1.419	-0.1711	0.1862
1.265	-0.3246	0.137
1.231	-0.6411	0.07379
1.241	-0.9231	-0.07191
1.134	-0.9242	-0.1318
0.8906	-0.6655	-0.0825
0.7171	-0.2843	-0.1114
0.7855	-0.01957	-0.1526
0.8835	-0.0256	-0.158
0.8829	-0.1307	-0.1183
0.8933	-0.283	-0.01169
0.8534	-0.49	-0.0003058
0.8172	-0.5545	-0.0738
0.8606	-0.4689	-0.1159
0.8837	-0.3346	-0.1433
0.9207	-0.1435	-0.1392
0.9596	0.002373	-0.1266
0.984	0.08856	-0.1054
1.014	0.1777	-0.06227
0.9772	0.1379	-0.04899
0.9603	0.05094	-0.03575
0.9955	0.0006912	-0.02784
1.023	-0.1536	-0.04002
1.082	-0.2547	-0.03738
1.123	-0.2852	-0.03838
1.133	-0.3244	-0.02427
1.146	-0.2072	0.003938
1.179	-0.06696	0.007973
1.257	-0.02478	-0.00545
1.284	-0.06711	-0.02794
1.175	-0.1716	-0.05038
1.03	-0.2099	-0.1023
0.9808	-0.2761	-0.2148
1.021	-0.3799	-0.3177
1.107	-0.4833	-0.2977
1.231	-0.5864	-0.1423
1.256	-0.5176	0.0423
1.144	-0.3494	0.1169
1.035	-0.1416	0.0352
0.9412	0.03127	-0.04515
0.8831	0.004406	-0.0713
0.8814	-0.03687	-0.1157
0.8415	-0.111	-0.05434
0.7863	-0.2811	0.0581
0.7272	-0.3714	0.09198
0.6364	-0.428	0.1437
0.5986	-0.4105	0.1536
0.6079	-0.3327	0.1349
0.6326	-0.322	0.1688
0.7182	-0.2714	0.1378
0.8482	-0.2025	0.1002
0.9899	-0.1801	0.1098
1.101	-0.1639	0.07473
1.149	-0.1302	0.03518
1.235	-0.04543	0.0382
1.41	-0.02236	0.1057
1.472	-0.06381	0.2227
1.304	-0.09282	0.2835
1.157	-0.2173	0.2713
1.196	-0.3929	0.2226
1.225	-0.6132	0.06073
1.178	-0.9213	-0.1477
1.147	-0.934	-0.146
0.976	-0.5292	-0.079
0.7231	-0.2013	-0.1614
0.7225	-0.1569	-0.1439
0.8256	-0.218	-0.05
0.82	-0.2347	-0.029
0.8659	-0.2175	0.02779
0.9175	-0.3112	-0.01138
0.9269	-0.3826	-0.1273
0.972	-0.3202	-0.1719
0.9591	-0.2879	0.1762
1.094	-0.1743	0.1918
1.18	-0.07153	0.2491
1.164	-0.03149	0.3394
1.187	-0.07	0.4038
1.239	-0.1584	0.4023
1.238	-0.3492	0.3971
1.27	-0.579	0.3784
1.293	-0.6546	0.3039
1.182	-0.6734	0.1214
1.022	-0.7359	-0.1645
0.9623	-0.7191	-0.2812
0.9727	-0.5913	-0.2564
0.8854	-0.4468	-0.3583
0.7698	-0.3788	-0.3466
0.8199	-0.3832	-0.1951
0.9121	-0.342	-0.2169
0.9611	-0.1965	-0.2406
1.008	-0.07882	-0.2296
0.9677	-0.05457	-0.2868
0.938	-0.0738	-0.2477
0.9672	-0.1614	-0.1958
0.9384	-0.2425	-0.1648
0.9317	-0.2396	-0.1324
0.9345	-0.209	-0.1618
0.9026	-0.1796	-0.1319
0.9224	-0.1376	-0.1353
0.9572	-0.06143	-0.2079
0.9828	0.01784	-0.2226
0.9864	0.0457	-0.2217
0.9648	-0.01213	-0.1624
0.9912	-0.08852	-0.0987
1.063	-0.1205	-0.0993
1.172	-0.1528	-0.1159
1.232	-0.13	-0.1448
1.194	-0.1041	-0.1123
1.217	-0.1277	-0.07689
1.259	-0.1033	-0.08736
1.225	-0.1076	-0.0949
1.221	-0.1383	-0.155
1.191	-0.1814	-0.1993
1.021	-0.2862	-0.1835
0.8594	-0.3356	-0.1929
0.9452	-0.3601	-0.24
1.175	-0.4174	-0.2657
1.305	-0.4375	-0.2163
1.326	-0.4085	-0.1202
1.145	-0.2989	0.01508
0.8432	-0.1328	0.1121
0.7408	-0.05084	0.07656
0.755	-0.08082	0.024
0.772	-0.1046	-0.01269
0.8093	-0.1552	-0.05182
0.7996	-0.2606	0.003658
0.7528	-0.2879	0.1116
0.6569	-0.2887	0.1706
0.584	-0.2846	0.1666
0.5754	-0.2301	0.1354
0.6216	-0.2413	0.1265
0.7748	-0.2638	0.1014
0.8957	-0.2493	0.07053
0.9821	-0.2628	0.08549
1.103	-0.2213	0.08264
1.206	-0.1374	0.07949
1.367	-0.0781	0.1081
1.476	-0.0692	0.1558
1.427	-0.1724	0.2519
1.347	-0.3432	0.2663
1.286	-0.5586	0.117
1.282	-0.7796	-0.07463
1.245	-0.856	-0.1618
1.013	-0.7493	-0.08447
0.7166	-0.491	-0.02781
0.6421	-0.1977	-0.05539
0.8365	-0.08759	-0.03648
0.9953	-0.1642	-0.03297
0.9539	-0.2532	-0.03086
0.8916	-0.3603	-0.004955
0.8636	-0.4728	-0.06107
0.8522	-0.4386	-0.1221
0.9116	-0.353	-0.1398
0.9557	-0.2489	-0.1481
0.9443	-0.07143	-0.1289
0.9451	0.01515	-0.1193
0.9466	0.04791	-0.09181
0.9291	0.03506	-0.04138
0.8992	-0.06052	-0.005167
0.8857	-0.1126	0.0379
0.9188	-0.1869	0.02961
0.999	-0.2462	-0.0203
1.101	-0.2637	-0.04247
1.15	-0.2857	-0.03452
1.153	-0.2241	-0.004249
1.169	-0.1701	-0.005743
1.161	-0.07889	-0.01489
1.151	0.02855	-0.01344
1.177	-0.06505	-0.05282
1.181	-0.2398	-0.08909
1.128	-0.3869	-0.1383
1.042	-0.4213	-0.2276
1.003	-0.3735	-0.2727
1.074	-0.5035	-0.2356
1.194	-0.6349	-0.1522
1.266	-0.5694	-0.04977
1.224	-0.4207	0.06344
1.082	-0.1738	0.1153
0.9384	0.04465	0.08086
0.8624	0.07063	0.0206
0.8955	0.03485	-0.05102
0.9307	-0.03633	-0.07404
0.8937	-0.2268	-0.00303
0.8612	-0.3932	0.09544
0.7556	-0.4257	0.1514
0.643	-0.409	0.162
0.6571	-0.3801	0.1571
0.6875	-0.3395	0.1329
0.7506	-0.2904	0.1043
0.8282	-0.234	0.09892
0.857	-0.1894	0.1187
0.9011	-0.1496	0.1367
0.9446	-0.1351	0.1256
1.055	-0.1133	0.1169
1.231	-0.05165	0.09597
1.326	-0.04198	0.07199
1.326	-0.07696	0.1251
1.273	-0.1167	0.1938
1.247	-0.2082	0.1908
1.262	-0.3177	0.1428
