0.9888	-0.1005	0.01275
1.007	-0.1012	0.01285
1.01	-0.1235	0.003717
1.038	-0.1538	0.0009993
1.055	-0.1562	0.003557
1.056	-0.1345	0.01563
1.082	-0.1059	0.02128
1.115	-0.06416	0.01951
1.185	-0.07552	-0.000639
1.295	-0.1848	-0.05493
1.412	-0.3531	-0.1108
1.441	-0.4828	-0.1475
1.29	-0.4826	-0.1508
1.13	-0.445	-0.09377
1.07	-0.4207	-0.02989
0.9661	-0.3342	-0.05732
0.8463	-0.2909	-0.1357
0.8351	-0.3399	-0.1772
0.8595	-0.3975	-0.2081
0.8625	-0.4823	-0.2327
0.8784	-0.514	-0.2219
0.8779	-0.4541	-0.1771
0.8743	-0.4137	-0.133
0.8902	-0.3657	-0.1422
0.8885	-0.3183	-0.1599
0.8904	-0.3069	-0.1685
0.898	-0.2917	-0.1917
0.9038	-0.302	-0.1879
0.9303	-0.2741	-0.19
0.9388	-0.2214	-0.214
0.924	-0.2408	-0.2196
0.9224	-0.2354	-0.2294
0.9317	-0.2389	-0.2302
0.9478	-0.2973	-0.2019
0.9608	-0.3027	-0.1837
0.9633	-0.2808	-0.1824
0.9693	-0.2439	-0.1688
0.9784	-0.1902	-0.1404
0.9791	-0.1531	-0.1117
0.9805	-0.121	-0.08826
0.9794	-0.1179	-0.07572
0.964	-0.1286	-0.07639
0.9574	-0.1365	-0.08261
0.9654	-0.148	-0.1062
0.9893	-0.1603	-0.1523
1.047	-0.1967	-0.1695
1.112	-0.2279	-0.1426
1.159	-0.2403	-0.09168
1.206	-0.249	-0.007923
1.274	-0.2367	0.03887
1.316	-0.2004	0.003812
1.25	-0.143	-0.04946
1.135	-0.1347	-0.1615
1.086	-0.2511	-0.332
1.094	-0.4151	-0.3822
1.061	-0.5391	-0.2961
0.946	-0.6191	-0.1909
0.8571	-0.5858	-0.09399
0.8619	-0.3979	-0.06104
0.8922	-0.1841	-0.08326
0.9258	-0.07886	-0.08996
0.9393	-0.1088	-0.1238
0.9245	-0.1899	-0.1446
0.9237	-0.2652	-0.09033
0.9206	-0.3371	-0.0428
0.9178	-0.3271	-0.02366
0.9178	-0.2872	-0.02015
0.9045	-0.2775	-0.02678
0.9065	-0.2386	-0.01536
0.9284	-0.2449	-0.0156
0.9537	-0.2528	-0.005956
0.9554	-0.2003	0.0282
0.9296	-0.161	0.0383
0.9083	-0.115	0.04743
0.8919	-0.09673	0.05881
0.8873	-0.08423	0.04863
0.8988	-0.05009	0.03251
0.9232	-0.06377	0.01916
0.9779	-0.08525	0.01134
1.037	-0.1212	0.006613
1.068	-0.1451	0.0003241
1.09	-0.1177	-0.0103
1.125	-0.1095	-0.003796
1.193	-0.09162	-0.003222
1.34	-0.08529	-0.08081
1.476	-0.1777	-0.1767
1.435	-0.367	-0.1917
1.299	-0.5146	-0.1455
1.133	-0.4411	-0.05333
0.9238	-0.3094	0.04103
0.8917	-0.2825	-0.02
0.9375	-0.2539	-0.1792
0.8691	-0.2929	-0.2474
0.9327	-0.4061	-0.3103
1.023	-0.4801	-0.3404
0.9736	-0.5128	-0.2458
0.9409	-0.4252	-0.1806
0.865	-0.2963	-0.1405
0.8192	-0.23	-0.1352
0.8612	-0.1774	-0.1946
0.8653	-0.1834	-0.2146
0.9046	-0.1779	-0.2422
0.9251	-0.1493	-0.2412
0.8978	-0.1552	-0.2152
0.9094	-0.138	-0.2346
0.909	-0.1702	-0.2118
0.9382	-0.2238	-0.2
1	-0.2399	-0.1985
1.009	-0.2452	-0.1671
0.9832	-0.1901	-0.1582
0.9682	-0.1332	-0.1241
0.9793	-0.1092	-0.1
0.9816	-0.1103	-0.09235
0.9753	-0.1319	-0.07499
0.9777	-0.1287	-0.1084
0.9748	-0.1445	-0.1479
0.9869	-0.1618	-0.1638
1.007	-0.1647	-0.1712
1.04	-0.1695	-0.161
1.147	-0.1494	-0.13
1.261	-0.1488	-0.08722
1.274	-0.1604	-0.07438
1.304	-0.1895	-0.05404
1.379	-0.2351	-0.03517
1.265	-0.225	-0.1518
1.08	-0.2362	-0.3215
1.093	-0.342	-0.3306
1.133	-0.4917	-0.2643
0.9206	-0.3371	-0.0428
0.9178	-0.3271	-0.02366
0.9178	-0.2872	-0.02015
0.9045	-0.2775	-0.02678
0.9065	-0.2386	-0.01536
0.9284	-0.2449	-0.0156
0.9537	-0.2528	-0.005956
0.9554	-0.2003	0.0282
0.9296	-0.161	0.0383
0.9083	-0.115	0.04743
0.8919	-0.09673	0.05881
0.8873	-0.08423	0.04863
0.8988	-0.05009	0.03251
0.9232	-0.06377	0.01916
0.9779	-0.08525	0.01134
1.037	-0.1212	0.006613
1.068	-0.1451	0.0003241
1.09	-0.1177	-0.0103
1.125	-0.1095	-0.003796
1.193	-0.09162	-0.003222
1.34	-0.08529	-0.08081
1.476	-0.1777	-0.1767
1.435	-0.367	-0.1917
1.299	-0.5146	-0.1455
1.133	-0.4411	-0.05333
0.9238	-0.3094	0.04103
0.8917	-0.2825	-0.02
0.9375	-0.2539	-0.1792
0.8691	-0.2929	-0.2474
0.9327	-0.4061	-0.3103
1.023	-0.4801	-0.3404
0.9736	-0.5128	-0.2458
0.9409	-0.4252	-0.1806
0.865	-0.2963	-0.1405
0.8192	-0.23	-0.1352
0.8612	-0.1774	-0.1946
0.8653	-0.1834	-0.2146
0.9046	-0.1779	-0.2422
0.9251	-0.1493	-0.2412
0.8978	-0.1552	-0.2152
0.9094	-0.138	-0.2346
0.909	-0.1702	-0.2118
0.9382	-0.2238	-0.2
1	-0.2399	-0.1985
1.009	-0.2452	-0.1671
0.9832	-0.1901	-0.1582
0.9682	-0.1332	-0.1241
0.9793	-0.1092	-0.1
0.9816	-0.1103	-0.09235
0.9753	-0.1319	-0.07499
0.9777	-0.1287	-0.1084
0.9748	-0.1445	-0.1479
0.9869	-0.1618	-0.1638
1.007	-0.1647	-0.1712
1.04	-0.1695	-0.161
1.147	-0.1494	-0.13
1.261	-0.1488	-0.08722
1.274	-0.1604	-0.07438
1.304	-0.1895	-0.05404
1.379	-0.2351	-0.03517
1.265	-0.225	-0.1518
1.08	-0.2362	-0.3215
1.093	-0.342	-0.3306
1.133	-0.4917	-0.2643
1.102	-0.5723	-0.2392
1.057	-0.5151	-0.138
0.9435	-0.4152	-0.03114
0.8666	-0.2746	-0.04882
0.8895	-0.1245	-0.09848
0.9293	-0.1409	-0.1514
0.9593	-0.224	-0.1739
0.9197	-0.2809	-0.129
0.8419	-0.3676	-0.0957
0.8307	-0.3544	-0.07023
0.8477	-0.2843	-0.04476
0.8538	-0.2692	-0.03988
0.8609	-0.239	-0.01631
0.8593	-0.2365	0.01377
0.8597	-0.2198	0.01637
0.8642	-0.1594	0.01484
0.8626	-0.1465	0.02637
0.8634	-0.1136	0.02149
0.8824	-0.07619	0.000307
0.9429	-0.07902	-0.01035
1.029	-0.09925	-0.02123
1.076	-0.1723	-0.05337
1.077	-0.2234	-0.09462
1.092	-0.1883	-0.07492
1.157	-0.06772	-0.01594
1.263	0.07878	-0.0261
1.372	0.08005	-0.1199
1.451	-0.08507	-0.2635
1.408	-0.339	-0.3099
1.189	-0.5967	-0.1899
0.9513	-0.6671	-0.08028
0.8311	-0.5448	-0.03572
0.8384	-0.4186	-0.05027
0.8546	-0.2993	-0.1018
0.8203	-0.2428	-0.1136
0.938	-0.3679	-0.1798
1.072	-0.4854	-0.2512
0.9912	-0.4731	-0.1939
0.9101	-0.3856	-0.1499
0.846	-0.2408	-0.1947
0.7774	-0.1731	-0.2215
0.8063	-0.1793	-0.2132
0.8208	-0.1678	-0.2395
0.845	-0.1896	-0.2626
0.9175	-0.2177	-0.2411
0.9285	-0.2269	-0.2162
0.9083	-0.2144	-0.1628
0.9126	-0.1697	-0.1261
0.9177	-0.1399	-0.1399
0.9326	-0.1137	-0.1281
0.9623	-0.1014	-0.1159
0.9606	-0.1254	-0.1148
0.9444	-0.1576	-0.1082
0.9595	-0.1953	-0.1179
1.006	-0.2215	-0.132
1.07	-0.2256	-0.1476
1.102	-0.1891	-0.1407
1.131	-0.1041	-0.1132
1.246	-0.06858	-0.09214
1.398	-0.153	-0.06579
1.478	-0.3056	-0.08069
1.387	-0.4151	-0.1779
1.166	-0.4225	-0.3002
1.038	-0.4083	-0.3579
1.102	-0.5723	-0.2392
1.057	-0.5151	-0.138
0.9435	-0.4152	-0.03114
0.8666	-0.2746	-0.04882
0.8895	-0.1245	-0.09848
0.9293	-0.1409	-0.1514
0.9593	-0.224	-0.1739
0.9197	-0.2809	-0.129
0.8419	-0.3676	-0.0957
0.8307	-0.3544	-0.07023
0.8477	-0.2843	-0.04476
0.8538	-0.2692	-0.03988
0.8609	-0.239	-0.01631
0.8593	-0.2365	0.01377
0.8597	-0.2198	0.01637
0.8642	-0.1594	0.01484
0.8626	-0.1465	0.02637
0.8634	-0.1136	0.02149
0.8824	-0.07619	0.000307
0.9429	-0.07902	-0.01035
1.029	-0.09925	-0.02123
1.076	-0.1723	-0.05337
1.077	-0.2234	-0.09462
1.092	-0.1883	-0.07492
1.157	-0.06772	-0.01594
1.263	0.07878	-0.0261
1.372	0.08005	-0.1199
1.451	-0.08507	-0.2635
1.408	-0.339	-0.3099
1.189	-0.5967	-0.1899
0.9513	-0.6671	-0.08028
0.8311	-0.5448	-0.03572
0.8384	-0.4186	-0.05027
0.8546	-0.2993	-0.1018
0.8203	-0.2428	-0.1136
0.938	-0.3679	-0.1798
1.072	-0.4854	-0.2512
0.9912	-0.4731	-0.1939
0.9101	-0.3856	-0.1499
0.846	-0.2408	-0.1947
0.7774	-0.1731	-0.2215
0.8063	-0.1793	-0.2132
0.8208	-0.1678	-0.2395
0.845	-0.1896	-0.2626
0.9175	-0.2177	-0.2411
0.9285	-0.2269	-0.2162
0.9083	-0.2144	-0.1628
0.9126	-0.1697	-0.1261
0.9177	-0.1399	-0.1399
0.9326	-0.1137	-0.1281
0.9623	-0.1014	-0.1159
0.9606	-0.1254	-0.1148
0.9444	-0.1576	-0.1082
0.9595	-0.1953	-0.1179
1.006	-0.2215	-0.132
1.07	-0.2256	-0.1476
1.102	-0.1891	-0.1407
1.131	-0.1041	-0.1132
1.246	-0.06858	-0.09214
1.398	-0.153	-0.06579
1.478	-0.3056	-0.08069
1.387	-0.4151	-0.1779
1.166	-0.4225	-0.3002
1.038	-0.4083	-0.3579
1.089	-0.4377	-0.3298
1.138	-0.4521	-0.2589
1.009	-0.4347	-0.1619
0.8458	-0.4051	-0.1155
0.7858	-0.3302	-0.111
0.7527	-0.2629	-0.04323
0.7735	-0.2544	-0.03262
0.7903	-0.2636	-0.07992
0.7985	-0.3088	-0.06606
0.8941	-0.3619	-0.09038
0.9254	-0.3539	-0.1041
0.8975	-0.3012	-0.06122
0.8813	-0.2311	-0.03918
0.8467	-0.1841	9.201e-05
0.8708	-0.1706	0.005562
0.8897	-0.1541	-0.0101
0.8696	-0.1351	0.01317
0.8682	-0.1236	0.0203
0.8561	-0.0854	0.04611
0.8586	-0.03242	0.07137
0.919	-0.05615	0.03886
1.011	-0.1179	-0.005929
1.081	-0.1844	-0.05558
1.159	-0.3034	-0.1105
1.209	-0.2893	-0.1111
1.259	-0.1037	-0.09291
1.519	0.0008702	-0.1739
1.715	-0.02978	-0.2433
1.54	-0.2036	-0.1944
1.23	-0.5071	-0.1438
0.9544	-0.682	-0.09837
0.8345	-0.5348	-0.05025
0.7975	-0.2942	-0.02855
0.7205	-0.2302	-0.04792
0.8671	-0.2155	-0.1718
1.036	-0.2984	-0.3082
1.032	-0.5236	-0.3421
1.073	-0.5734	-0.2626
0.9783	-0.4974	-0.1591
0.8483	-0.3824	-0.1673
0.8248	-0.2079	-0.203
0.7716	-0.1572	-0.2169
0.8294	-0.1788	-0.2516
0.8777	-0.1932	-0.2539
0.8828	-0.1983	-0.2603
0.8994	-0.1736	-0.2563
0.8352	-0.1527	-0.2175
0.8643	-0.1357	-0.212
0.9059	-0.143	-0.1991
0.9286	-0.1097	-0.1641
0.9925	-0.04396	-0.1377
0.9713	-0.01272	-0.124
0.9892	-0.004229	-0.1233
0.9946	-0.06182	-0.1054
0.9637	-0.1204	-0.1074
1.023	-0.1472	-0.1446
1.069	-0.1704	-0.1729
1.125	-0.1663	-0.1778
1.177	-0.1781	-0.1254
1.218	-0.2247	-0.0404
1.322	-0.343	-0.003369
1.353	-0.4308	-0.07277
1.234	-0.3449	-0.2536
1.06	-0.2496	-0.4408
1.089	-0.4377	-0.3298
1.138	-0.4521	-0.2589
1.009	-0.4347	-0.1619
0.8458	-0.4051	-0.1155
0.7858	-0.3302	-0.111
0.7527	-0.2629	-0.04323
0.7735	-0.2544	-0.03262
0.7903	-0.2636	-0.07992
0.7985	-0.3088	-0.06606
0.8941	-0.3619	-0.09038
0.9254	-0.3539	-0.1041
0.8975	-0.3012	-0.06122
0.8813	-0.2311	-0.03918
0.8467	-0.1841	9.201e-05
0.8708	-0.1706	0.005562
0.8897	-0.1541	-0.0101
0.8696	-0.1351	0.01317
0.8682	-0.1236	0.0203
0.8561	-0.0854	0.04611
0.8586	-0.03242	0.07137
0.919	-0.05615	0.03886
1.011	-0.1179	-0.005929
1.081	-0.1844	-0.05558
1.159	-0.3034	-0.1105
1.209	-0.2893	-0.1111
1.259	-0.1037	-0.09291
1.519	0.0008702	-0.1739
1.715	-0.02978	-0.2433
1.54	-0.2036	-0.1944
1.23	-0.5071	-0.1438
0.9544	-0.682	-0.09837
0.8345	-0.5348	-0.05025
0.7975	-0.2942	-0.02855
0.7205	-0.2302	-0.04792
0.8671	-0.2155	-0.1718
1.036	-0.2984	-0.3082
1.032	-0.5236	-0.3421
1.073	-0.5734	-0.2626
0.9783	-0.4974	-0.1591
0.8483	-0.3824	-0.1673
0.8248	-0.2079	-0.203
0.7716	-0.1572	-0.2169
0.8294	-0.1788	-0.2516
0.8777	-0.1932	-0.2539
0.8828	-0.1983	-0.2603
0.8994	-0.1736	-0.2563
0.8352	-0.1527	-0.2175
0.8643	-0.1357	-0.212
0.9059	-0.143	-0.1991
0.9286	-0.1097	-0.1641
0.9925	-0.04396	-0.1377
0.9713	-0.01272	-0.124
0.9892	-0.004229	-0.1233
0.9946	-0.06182	-0.1054
0.9637	-0.1204	-0.1074
1.023	-0.1472	-0.1446
1.069	-0.1704	-0.1729
1.125	-0.1663	-0.1778
1.177	-0.1781	-0.1254
1.218	-0.2247	-0.0404
1.322	-0.343	-0.003369
1.353	-0.4308	-0.07277
1.234	-0.3449	-0.2536
1.06	-0.2496	-0.4408
1.023	-0.2511	-0.4914
1.177	-0.2987	-0.3717
1.275	-0.3917	-0.2414
1.163	-0.4341	-0.1805
0.9096	-0.2973	-0.08687
0.7045	-0.08336	-0.009132
0.7171	-0.01092	-0.03446
0.8534	-0.08876	-0.1253
0.9051	-0.2147	-0.1896
0.8892	-0.3408	-0.1424
0.8817	-0.3626	-0.07626
0.8445	-0.2865	-0.06702
0.8295	-0.2572	-0.04916
0.8372	-0.2153	-0.02804
0.8353	-0.1344	-0.02625
0.8617	-0.1351	-0.02221
0.8634	-0.1365	-0.004079
0.8669	-0.1192	0.02469
0.8896	-0.128	0.03555
0.9152	-0.1034	0.01372
1.009	-0.1142	-0.01496
1.115	-0.1483	-0.04334
1.184	-0.167	-0.06558
1.209	-0.1927	-0.05846
1.215	-0.1304	-0.05807
1.297	-0.0368	-0.09956
1.437	-0.06629	-0.2145
1.522	-0.3145	-0.3975
1.433	-0.6834	-0.4498
1.171	-0.7571	-0.2654
0.8374	-0.4841	-0.065
0.6469	-0.2473	-0.03669
0.7319	-0.1507	-0.1078
0.8508	-0.1643	-0.1831
0.956	-0.3279	-0.2648
1.058	-0.4939	-0.2778
0.9806	-0.4981	-0.208
0.9402	-0.4015	-0.1926
0.9129	-0.2456	-0.2155
0.762	-0.0388	-0.2154
0.7846	-0.02858	-0.2233
0.861	-0.1678	-0.2267
0.8839	-0.1634	-0.2395
0.9791	-0.2049	-0.2454
0.9494	-0.2472	-0.2208
0.88	-0.1607	-0.2084
0.9047	-0.1961	-0.1932
0.9041	-0.1689	-0.1757
0.9455	-0.09595	-0.1626
0.9834	-0.1363	-0.1411
0.9357	-0.08165	-0.1214
0.9141	-0.07892	-0.09053
0.9306	-0.1188	-0.09453
0.9694	-0.1347	-0.1477
1.031	-0.2045	-0.1812
1.069	-0.1576	-0.1861
1.111	-0.1124	-0.1726
1.174	-0.1213	-0.1331
1.235	-0.1467	-0.05598
1.317	-0.266	-0.01701
1.377	-0.303	-0.1206
1.301	-0.3051	-0.3007
1.142	-0.3589	-0.4475
1.071	-0.3813	-0.4658
1.023	-0.2511	-0.4914
1.177	-0.2987	-0.3717
1.275	-0.3917	-0.2414
1.163	-0.4341	-0.1805
0.9096	-0.2973	-0.08687
0.7045	-0.08336	-0.009132
0.7171	-0.01092	-0.03446
0.8534	-0.08876	-0.1253
0.9051	-0.2147	-0.1896
0.8892	-0.3408	-0.1424
0.8817	-0.3626	-0.07626
0.8445	-0.2865	-0.06702
0.8295	-0.2572	-0.04916
0.8372	-0.2153	-0.02804
0.8353	-0.1344	-0.02625
0.8617	-0.1351	-0.02221
0.8634	-0.1365	-0.004079
0.8669	-0.1192	0.02469
0.8896	-0.128	0.03555
0.9152	-0.1034	0.01372
1.009	-0.1142	-0.01496
1.115	-0.1483	-0.04334
1.184	-0.167	-0.06558
1.209	-0.1927	-0.05846
1.215	-0.1304	-0.05807
1.297	-0.0368	-0.09956
1.437	-0.06629	-0.2145
1.522	-0.3145	-0.3975
1.433	-0.6834	-0.4498
1.171	-0.7571	-0.2654
0.8374	-0.4841	-0.065
0.6469	-0.2473	-0.03669
0.7319	-0.1507	-0.1078
0.8508	-0.1643	-0.1831
0.956	-0.3279	-0.2648
1.058	-0.4939	-0.2778
0.9806	-0.4981	-0.208
0.9402	-0.4015	-0.1926
0.9129	-0.2456	-0.2155
0.762	-0.0388	-0.2154
0.7846	-0.02858	-0.2233
0.861	-0.1678	-0.2267
0.8839	-0.1634	-0.2395
0.9791	-0.2049	-0.2454
0.9494	-0.2472	-0.2208
0.88	-0.1607	-0.2084
0.9047	-0.1961	-0.1932
0.9041	-0.1689	-0.1757
0.9455	-0.09595	-0.1626
0.9834	-0.1363	-0.1411
0.9357	-0.08165	-0.1214
0.9141	-0.07892	-0.09053
0.9306	-0.1188	-0.09453
0.9694	-0.1347	-0.1477
1.031	-0.2045	-0.1812
1.069	-0.1576	-0.1861
1.111	-0.1124	-0.1726
1.174	-0.1213	-0.1331
1.235	-0.1467	-0.05598
1.317	-0.266	-0.01701
1.377	-0.303	-0.1206
1.301	-0.3051	-0.3007
1.142	-0.3589	-0.4475
1.071	-0.3813	-0.4658
1.117	-0.4325	-0.3318
1.147	-0.4718	-0.1796
1.036	-0.4351	-0.07732
0.8765	-0.3396	-0.04904
0.8135	-0.2049	-0.09338
0.8291	-0.1381	-0.128
0.888	-0.2107	-0.1736
0.9236	-0.3085	-0.2033
0.8965	-0.3606	-0.1517
0.8466	-0.3977	-0.09452
0.7921	-0.3452	-0.04945
0.7901	-0.2644	-0.0114
0.8243	-0.2325	-0.005795
0.8415	-0.1867	-0.007184
0.8573	-0.177	-0.00929
0.8494	-0.1516	0.00548
0.84	-0.1043	0.02851
0.8542	-0.1037	0.02865
0.8762	-0.06138	0.02608
0.9337	-0.03858	0.008694
1.02	-0.08362	-0.03531
1.103	-0.1639	-0.07476
1.17	-0.2709	-0.07616
1.219	-0.2676	-0.02678
1.264	-0.1189	-0.0001396
1.333	0.0678	-0.08992
1.441	0.09018	-0.2527
1.489	-0.2126	-0.3427
1.322	-0.6034	-0.2996
0.9988	-0.7044	-0.1603
0.7666	-0.5284	-0.02468
0.7665	-0.3726	-0.04459
0.8738	-0.2853	-0.1558
0.9372	-0.2489	-0.212
1.021	-0.3886	-0.2577
1.062	-0.5424	-0.2429
0.9703	-0.5459	-0.1746
0.9004	-0.4425	-0.1777
0.833	-0.2744	-0.1797
0.761	-0.1859	-0.1901
0.7896	-0.1744	-0.2272
0.832	-0.1599	-0.2353
0.9028	-0.1741	-0.2679
0.9528	-0.1718	-0.2606
0.8877	-0.1662	-0.224
0.8615	-0.1688	-0.2103
0.9079	-0.1521	-0.1647
0.9552	-0.1407	-0.1555
0.9804	-0.1051	-0.1409
0.9706	-0.07635	-0.08967
0.9615	-0.08901	-0.07318
0.9504	-0.1141	-0.05754
0.9355	-0.1571	-0.0807
0.944	-0.1826	-0.1169
0.9927	-0.1841	-0.1248
1.081	-0.1995	-0.1626
1.153	-0.197	-0.1616
1.177	-0.1594	-0.09541
1.24	-0.1465	-0.03725
1.336	-0.2127	-0.03145
1.336	-0.3483	-0.1064
1.278	-0.4317	-0.225
1.161	-0.3665	-0.3454
1.012	-0.3159	-0.4138
1.117	-0.4325	-0.3318
1.147	-0.4718	-0.1796
1.036	-0.4351	-0.07732
0.8765	-0.3396	-0.04904
0.8135	-0.2049	-0.09338
0.8291	-0.1381	-0.128
0.888	-0.2107	-0.1736
0.9236	-0.3085	-0.2033
0.8965	-0.3606	-0.1517
0.8466	-0.3977	-0.09452
0.7921	-0.3452	-0.04945
0.7901	-0.2644	-0.0114
0.8243	-0.2325	-0.005795
0.8415	-0.1867	-0.007184
0.8573	-0.177	-0.00929
0.8494	-0.1516	0.00548
0.84	-0.1043	0.02851
0.8542	-0.1037	0.02865
0.8762	-0.06138	0.02608
0.9337	-0.03858	0.008694
1.02	-0.08362	-0.03531
1.103	-0.1639	-0.07476
1.17	-0.2709	-0.07616
1.219	-0.2676	-0.02678
1.264	-0.1189	-0.0001396
1.333	0.0678	-0.08992
1.441	0.09018	-0.2527
1.489	-0.2126	-0.3427
1.322	-0.6034	-0.2996
0.9988	-0.7044	-0.1603
0.7666	-0.5284	-0.02468
0.7665	-0.3726	-0.04459
0.8738	-0.2853	-0.1558
0.9372	-0.2489	-0.212
1.021	-0.3886	-0.2577
1.062	-0.5424	-0.2429
0.9703	-0.5459	-0.1746
0.9004	-0.4425	-0.1777
0.833	-0.2744	-0.1797
0.761	-0.1859	-0.1901
0.7896	-0.1744	-0.2272
0.832	-0.1599	-0.2353
0.9028	-0.1741	-0.2679
0.9528	-0.1718	-0.2606
0.8877	-0.1662	-0.224
0.8615	-0.1688	-0.2103
0.9079	-0.1521	-0.1647
0.9552	-0.1407	-0.1555
0.9804	-0.1051	-0.1409
0.9706	-0.07635	-0.08967
0.9615	-0.08901	-0.07318
0.9504	-0.1141	-0.05754
0.9355	-0.1571	-0.0807
0.944	-0.1826	-0.1169
0.9927	-0.1841	-0.1248
1.081	-0.1995	-0.1626
1.153	-0.197	-0.1616
1.177	-0.1594	-0.09541
1.24	-0.1465	-0.03725
1.336	-0.2127	-0.03145
1.336	-0.3483	-0.1064
1.278	-0.4317	-0.225
1.161	-0.3665	-0.3454
1.012	-0.3159	-0.4138
1.104	-0.3886	-0.3616
1.261	-0.4397	-0.2565
1.187	-0.4457	-0.1614
1.029	-0.4237	-0.05827
0.8165	-0.2997	-0.02739
0.6931	-0.1435	-0.06411
0.7888	-0.09537	-0.07669
0.8327	-0.2081	-0.1037
0.8625	-0.3677	-0.1128
0.9075	-0.4143	-0.08063
0.8354	-0.3578	-0.07312
0.8365	-0.2813	-0.04668
0.8641	-0.235	-0.01722
0.8466	-0.1845	-0.01074
0.8818	-0.1365	0.009856
0.8544	-0.1407	0.01232
0.8271	-0.1059	0.02192
0.849	-0.05791	0.03581
0.8714	-0.04499	0.01334
0.9722	-0.03076	-0.004609
1.074	-0.09678	-0.03309
1.142	-0.176	-0.08038
1.193	-0.1868	-0.09187
1.214	-0.1496	-0.04427
1.28	-0.01851	-0.02204
1.423	0.05693	-0.1774
1.576	-0.1707	-0.4092
1.505	-0.6045	-0.4422
1.188	-0.7881	-0.2706
0.8617	-0.6199	-0.09649
0.6662	-0.4371	-0.03578
0.7374	-0.2665	-0.06571
0.8831	-0.1607	-0.1277
0.9505	-0.2769	-0.2116
1.054	-0.4154	-0.2691
1.007	-0.5055	-0.2393
0.9373	-0.5441	-0.2082
0.9364	-0.4161	-0.2115
0.7916	-0.2675	-0.1926
0.7596	-0.1852	-0.2043
0.8245	-0.1556	-0.2394
0.8728	-0.1904	-0.2713
0.9867	-0.1745	-0.3072
0.9491	-0.1871	-0.2747
0.8823	-0.2402	-0.2258
0.8996	-0.2091	-0.197
0.8873	-0.1829	-0.1556
0.9366	-0.1203	-0.1566
0.9705	-0.05654	-0.1377
0.9559	-0.06948	-0.08394
0.9519	-0.04977	-0.07245
0.9388	-0.06988	-0.07638
0.9568	-0.1066	-0.1074
0.9866	-0.1139	-0.1402
1.059	-0.1772	-0.1293
1.17	-0.2219	-0.1263
1.189	-0.2148	-0.121
1.191	-0.2115	-0.05409
1.339	-0.2815	0.04688
1.478	-0.3538	0.05117
1.364	-0.3145	-0.1237
1.074	-0.2823	-0.3733
0.8618	-0.2797	-0.4783
0.9399	-0.2791	-0.3801
1.104	-0.3886	-0.3616
1.261	-0.4397	-0.2565
1.187	-0.4457	-0.1614
1.029	-0.4237	-0.05827
0.8165	-0.2997	-0.02739
0.6931	-0.1435	-0.06411
0.7888	-0.09537	-0.07669
0.8327	-0.2081	-0.1037
0.8625	-0.3677	-0.1128
0.9075	-0.4143	-0.08063
0.8354	-0.3578	-0.07312
0.8365	-0.2813	-0.04668
0.8641	-0.235	-0.01722
0.8466	-0.1845	-0.01074
0.8818	-0.1365	0.009856
0.8544	-0.1407	0.01232
0.8271	-0.1059	0.02192
0.849	-0.05791	0.03581
0.8714	-0.04499	0.01334
0.9722	-0.03076	-0.004609
1.074	-0.09678	-0.03309
1.142	-0.176	-0.08038
1.193	-0.1868	-0.09187
1.214	-0.1496	-0.04427
1.28	-0.01851	-0.02204
1.423	0.05693	-0.1774
1.576	-0.1707	-0.4092
1.505	-0.6045	-0.4422
1.188	-0.7881	-0.2706
0.8617	-0.6199	-0.09649
0.6662	-0.4371	-0.03578
0.7374	-0.2665	-0.06571
0.8831	-0.1607	-0.1277
0.9505	-0.2769	-0.2116
1.054	-0.4154	-0.2691
1.007	-0.5055	-0.2393
0.9373	-0.5441	-0.2082
0.9364	-0.4161	-0.2115
0.7916	-0.2675	-0.1926
0.7596	-0.1852	-0.2043
0.8245	-0.1556	-0.2394
0.8728	-0.1904	-0.2713
0.9867	-0.1745	-0.3072
0.9491	-0.1871	-0.2747
0.8823	-0.2402	-0.2258
0.8996	-0.2091	-0.197
0.8873	-0.1829	-0.1556
0.9366	-0.1203	-0.1566
0.9705	-0.05654	-0.1377
0.9559	-0.06948	-0.08394
0.9519	-0.04977	-0.07245
0.9388	-0.06988	-0.07638
0.9568	-0.1066	-0.1074
0.9866	-0.1139	-0.1402
1.059	-0.1772	-0.1293
1.17	-0.2219	-0.1263
1.189	-0.2148	-0.121
1.191	-0.2115	-0.05409
1.339	-0.2815	0.04688
1.478	-0.3538	0.05117
1.364	-0.3145	-0.1237
1.074	-0.2823	-0.3733
0.8618	-0.2797	-0.4783
0.9399	-0.2791	-0.3801
1.178	-0.3367	-0.2804
1.208	-0.4149	-0.2127
1.052	-0.4418	-0.0985
0.8341	-0.3115	-0.08625
0.6836	-0.1127	-0.1401
0.7461	-0.0748	-0.1274
0.7952	-0.1342	-0.1283
0.8072	-0.1863	-0.1137
0.8406	-0.3008	-0.06539
0.7958	-0.4091	-0.03993
0.822	-0.3886	-0.02175
0.8438	-0.3131	-0.02516
0.8231	-0.2266	-0.002601
0.8597	-0.1328	0.03916
0.8421	-0.1246	0.04107
0.8498	-0.1425	0.05331
0.8447	-0.1119	0.06106
0.8076	-0.08606	0.04259
0.9043	-0.0574	0.017
1.018	-0.06888	-0.02046
1.077	-0.1455	-0.05044
1.102	-0.2095	-0.05437
1.167	-0.203	-0.005889
1.334	-0.06736	0.0195
1.458	0.07119	-0.113
1.513	-0.02212	-0.3157
1.472	-0.361	-0.371
1.271	-0.7362	-0.256
0.9937	-0.7865	-0.1108
0.7734	-0.5123	-0.02477
0.7826	-0.3321	-0.06437
0.8666	-0.2768	-0.1591
0.8776	-0.2608	-0.189
0.9964	-0.382	-0.2412
1.051	-0.5058	-0.2524
0.9406	-0.5309	-0.1683
0.875	-0.4246	-0.1622
0.7903	-0.2296	-0.1828
0.7369	-0.1412	-0.2005
0.7831	-0.1257	-0.2476
0.8119	-0.1499	-0.2493
0.8827	-0.1918	-0.26
0.9426	-0.1788	-0.2433
0.9186	-0.1938	-0.1899
0.91	-0.1818	-0.168
0.9125	-0.1353	-0.1384
0.9238	-0.1146	-0.135
0.9572	-0.07391	-0.1159
0.9682	-0.08292	-0.0777
0.9609	-0.1315	-0.08513
0.9685	-0.1822	-0.08169
1.011	-0.2267	-0.1153
1.089	-0.1995	-0.179
1.165	-0.1493	-0.1858
1.216	-0.1215	-0.133
1.294	-0.1987	-0.02951
1.401	-0.4123	0.01153
1.406	-0.5438	-0.08668
1.249	-0.4895	-0.2611
1.01	-0.3707	-0.3961
0.9067	-0.2991	-0.3975
1.099	-0.3162	-0.3267
1.295	-0.4057	-0.2562
1.201	-0.4849	-0.1626
1.178	-0.3367	-0.2804
1.208	-0.4149	-0.2127
1.052	-0.4418	-0.0985
0.8341	-0.3115	-0.08625
0.6836	-0.1127	-0.1401
0.7461	-0.0748	-0.1274
0.7952	-0.1342	-0.1283
0.8072	-0.1863	-0.1137
0.8406	-0.3008	-0.06539
0.7958	-0.4091	-0.03993
0.822	-0.3886	-0.02175
0.8438	-0.3131	-0.02516
0.8231	-0.2266	-0.002601
0.8597	-0.1328	0.03916
0.8421	-0.1246	0.04107
0.8498	-0.1425	0.05331
0.8447	-0.1119	0.06106
0.8076	-0.08606	0.04259
0.9043	-0.0574	0.017
1.018	-0.06888	-0.02046
1.077	-0.1455	-0.05044
1.102	-0.2095	-0.05437
1.167	-0.203	-0.005889
1.334	-0.06736	0.0195
1.458	0.07119	-0.113
1.513	-0.02212	-0.3157
1.472	-0.361	-0.371
1.271	-0.7362	-0.256
0.9937	-0.7865	-0.1108
0.7734	-0.5123	-0.02477
0.7826	-0.3321	-0.06437
0.8666	-0.2768	-0.1591
0.8776	-0.2608	-0.189
0.9964	-0.382	-0.2412
1.051	-0.5058	-0.2524
0.9406	-0.5309	-0.1683
0.875	-0.4246	-0.1622
0.7903	-0.2296	-0.1828
0.7369	-0.1412	-0.2005
0.7831	-0.1257	-0.2476
0.8119	-0.1499	-0.2493
0.8827	-0.1918	-0.26
0.9426	-0.1788	-0.2433
0.9186	-0.1938	-0.1899
0.91	-0.1818	-0.168
0.9125	-0.1353	-0.1384
0.9238	-0.1146	-0.135
0.9572	-0.07391	-0.1159
0.9682	-0.08292	-0.0777
0.9609	-0.1315	-0.08513
0.9685	-0.1822	-0.08169
1.011	-0.2267	-0.1153
1.089	-0.1995	-0.179
1.165	-0.1493	-0.1858
1.216	-0.1215	-0.133
1.294	-0.1987	-0.02951
1.401	-0.4123	0.01153
1.406	-0.5438	-0.08668
1.249	-0.4895	-0.2611
1.01	-0.3707	-0.3961
0.9067	-0.2991	-0.3975
1.099	-0.3162	-0.3267
1.295	-0.4057	-0.2562
1.201	-0.4849	-0.1626
0.9665	-0.4591	-0.06248
0.7254	-0.3188	-0.02185
0.6282	-0.1373	-0.04523
0.7791	-0.08872	-0.07288
0.8578	-0.2236	-0.0866
0.834	-0.3383	-0.08624
0.8767	-0.352	-0.07277
0.8719	-0.3067	-0.06508
0.8916	-0.226	-0.03891
0.8885	-0.1624	0.005782
0.8206	-0.1097	0.01998
0.8487	-0.09761	0.02333
0.8343	-0.1189	0.0479
0.8137	-0.08607	0.05612
0.8872	-0.03948	0.03706
0.9519	-0.0201	0.0135
1.037	-0.04053	-0.01202
1.077	-0.1004	-0.03865
1.107	-0.1237	-0.06471
1.206	-0.1212	-0.04912
1.279	-0.1127	0.02699
1.353	-0.09622	0.0414
1.473	-0.1215	-0.1337
1.577	-0.2317	-0.3668
1.392	-0.489	-0.3583
0.9635	-0.6775	-0.1495
0.8114	-0.5133	-0.05382
0.8507	-0.3114	-0.114
0.8596	-0.331	-0.1942
0.9488	-0.3538	-0.2263
1.006	-0.4177	-0.2205
1.018	-0.5389	-0.1665
0.9792	-0.4815	-0.06891
0.8775	-0.3591	-0.07767
0.8533	-0.2844	-0.1265
0.8341	-0.1702	-0.1319
0.8067	-0.08945	-0.2082
0.8234	-0.09797	-0.2163
0.8635	-0.1489	-0.1735
0.9214	-0.147	-0.2076
0.9214	-0.1262	-0.1918
0.9156	-0.1565	-0.1782
0.9339	-0.1462	-0.1756
0.9263	-0.1456	-0.1289
0.9305	-0.133	-0.1231
0.9399	-0.05709	-0.1058
0.9535	-0.0587	-0.08834
0.9624	-0.09939	-0.1114
0.9696	-0.1588	-0.1057
0.9913	-0.2266	-0.1071
1.025	-0.2127	-0.1188
1.116	-0.1672	-0.1153
1.194	-0.1205	-0.1257
1.255	-0.1417	-0.09963
1.423	-0.2457	-0.03072
1.531	-0.3886	-0.01668
1.4	-0.5262	-0.1366
1.177	-0.4967	-0.3188
1.017	-0.4403	-0.3557
1.001	-0.4707	-0.2671
1.072	-0.4139	-0.2083
1.016	-0.3735	-0.1396
0.9048	-0.3607	-0.07928
0.8266	-0.2758	-0.0863
0.9665	-0.4591	-0.06248
0.7254	-0.3188	-0.02185
0.6282	-0.1373	-0.04523
0.7791	-0.08872	-0.07288
0.8578	-0.2236	-0.0866
0.834	-0.3383	-0.08624
0.8767	-0.352	-0.07277
0.8719	-0.3067	-0.06508
0.8916	-0.226	-0.03891
0.8885	-0.1624	0.005782
0.8206	-0.1097	0.01998
0.8487	-0.09761	0.02333
0.8343	-0.1189	0.0479
0.8137	-0.08607	0.05612
0.8872	-0.03948	0.03706
0.9519	-0.0201	0.0135
1.037	-0.04053	-0.01202
1.077	-0.1004	-0.03865
1.107	-0.1237	-0.06471
1.206	-0.1212	-0.04912
1.279	-0.1127	0.02699
1.353	-0.09622	0.0414
1.473	-0.1215	-0.1337
1.577	-0.2317	-0.3668
1.392	-0.489	-0.3583
0.9635	-0.6775	-0.1495
0.8114	-0.5133	-0.05382
0.8507	-0.3114	-0.114
0.8596	-0.331	-0.1942
0.9488	-0.3538	-0.2263
1.006	-0.4177	-0.2205
1.018	-0.5389	-0.1665
0.9792	-0.4815	-0.06891
0.8775	-0.3591	-0.07767
0.8533	-0.2844	-0.1265
0.8341	-0.1702	-0.1319
0.8067	-0.08945	-0.2082
0.8234	-0.09797	-0.2163
0.8635	-0.1489	-0.1735
0.9214	-0.147	-0.2076
0.9214	-0.1262	-0.1918
0.9156	-0.1565	-0.1782
0.9339	-0.1462	-0.1756
0.9263	-0.1456	-0.1289
0.9305	-0.133	-0.1231
0.9399	-0.05709	-0.1058
0.9535	-0.0587	-0.08834
0.9624	-0.09939	-0.1114
0.9696	-0.1588	-0.1057
0.9913	-0.2266	-0.1071
1.025	-0.2127	-0.1188
1.116	-0.1672	-0.1153
1.194	-0.1205	-0.1257
1.255	-0.1417	-0.09963
1.423	-0.2457	-0.03072
1.531	-0.3886	-0.01668
1.4	-0.5262	-0.1366
1.177	-0.4967	-0.3188
1.017	-0.4403	-0.3557
1.001	-0.4707	-0.2671
1.072	-0.4139	-0.2083
1.016	-0.3735	-0.1396
0.9048	-0.3607	-0.07928
0.8266	-0.2758	-0.0863
0.7639	-0.2342	-0.089
0.8284	-0.2016	-0.07874
0.8455	-0.1953	-0.06034
0.8145	-0.2668	-0.03448
0.8971	-0.3044	-0.04391
0.9133	-0.3189	-0.05067
0.9183	-0.2975	-0.03426
0.9132	-0.2442	-0.02773
0.843	-0.2099	-0.01802
0.8454	-0.1536	0.001326
0.8138	-0.1383	0.02514
0.7981	-0.1404	0.06666
0.8446	-0.0975	0.101
0.858	-0.07721	0.06556
0.9301	-0.07838	-0.005025
1.005	-0.1433	-0.02479
1.04	-0.2349	-0.04803
1.071	-0.2385	-0.08431
1.129	-0.2099	-0.04193
1.256	-0.1536	-0.009593
1.344	-0.05153	-0.09149
1.482	-0.0672	-0.238
1.61	-0.3437	-0.3481
1.366	-0.6338	-0.2896
0.9397	-0.5722	-0.1055
0.723	-0.3552	0.008602
0.722	-0.2723	-0.02546
0.8637	-0.2573	-0.1413
1.041	-0.3719	-0.2309
1.119	-0.5739	-0.2841
1.068	-0.6197	-0.2564
0.9462	-0.5107	-0.1459
0.8109	-0.3265	-0.1108
0.704	-0.1842	-0.1116
0.7174	-0.1585	-0.1315
0.8008	-0.1768	-0.2067
0.8576	-0.2234	-0.2284
0.9276	-0.2363	-0.2485
0.9269	-0.206	-0.2366
0.8889	-0.1718	-0.1699
0.9139	-0.1285	-0.1563
0.9141	-0.112	-0.1342
0.9409	-0.0749	-0.1357
0.9747	-0.05496	-0.1457
0.9656	-0.05678	-0.1162
0.9828	-0.0323	-0.1181
0.9635	-0.08466	-0.0956
0.9535	-0.1607	-0.09126
1	-0.2166	-0.1307
1.079	-0.2457	-0.1431
1.207	-0.2026	-0.1354
1.28	-0.2062	-0.06002
1.312	-0.2695	0.02702
1.375	-0.3641	0.01815
1.375	-0.4368	-0.1061
1.24	-0.3898	-0.3061
1.069	-0.3637	-0.4217
1.074	-0.3939	-0.384
1.192	-0.3806	-0.2876
1.201	-0.3812	-0.1857
1.073	-0.3838	-0.08414
0.8581	-0.3162	-0.05264
0.7214	-0.2007	-0.07923
0.723	-0.1146	-0.06601
0.7639	-0.2342	-0.089
0.8284	-0.2016	-0.07874
0.8455	-0.1953	-0.06034
0.8145	-0.2668	-0.03448
0.8971	-0.3044	-0.04391
0.9133	-0.3189	-0.05067
0.9183	-0.2975	-0.03426
0.9132	-0.2442	-0.02773
0.843	-0.2099	-0.01802
0.8454	-0.1536	0.001326
0.8138	-0.1383	0.02514
0.7981	-0.1404	0.06666
0.8446	-0.0975	0.101
0.858	-0.07721	0.06556
0.9301	-0.07838	-0.005025
1.005	-0.1433	-0.02479
1.04	-0.2349	-0.04803
1.071	-0.2385	-0.08431
1.129	-0.2099	-0.04193
1.256	-0.1536	-0.009593
1.344	-0.05153	-0.09149
1.482	-0.0672	-0.238
1.61	-0.3437	-0.3481
1.366	-0.6338	-0.2896
0.9397	-0.5722	-0.1055
0.723	-0.3552	0.008602
0.722	-0.2723	-0.02546
0.8637	-0.2573	-0.1413
1.041	-0.3719	-0.2309
1.119	-0.5739	-0.2841
1.068	-0.6197	-0.2564
0.9462	-0.5107	-0.1459
0.8109	-0.3265	-0.1108
0.704	-0.1842	-0.1116
0.7174	-0.1585	-0.1315
0.8008	-0.1768	-0.2067
0.8576	-0.2234	-0.2284
0.9276	-0.2363	-0.2485
0.9269	-0.206	-0.2366
0.8889	-0.1718	-0.1699
0.9139	-0.1285	-0.1563
0.9141	-0.112	-0.1342
0.9409	-0.0749	-0.1357
0.9747	-0.05496	-0.1457
0.9656	-0.05678	-0.1162
0.9828	-0.0323	-0.1181
0.9635	-0.08466	-0.0956
0.9535	-0.1607	-0.09126
1	-0.2166	-0.1307
1.079	-0.2457	-0.1431
1.207	-0.2026	-0.1354
1.28	-0.2062	-0.06002
1.312	-0.2695	0.02702
1.375	-0.3641	0.01815
1.375	-0.4368	-0.1061
1.24	-0.3898	-0.3061
1.069	-0.3637	-0.4217
1.074	-0.3939	-0.384
1.192	-0.3806	-0.2876
1.201	-0.3812	-0.1857
1.073	-0.3838	-0.08414
0.8581	-0.3162	-0.05264
0.7214	-0.2007	-0.07923
0.723	-0.1146	-0.06601
0.7332	-0.13	-0.05808
0.7908	-0.2335	-0.06704
0.8913	-0.3714	-0.05735
0.9254	-0.4611	-0.05756
0.9072	-0.4113	-0.04086
0.8509	-0.271	-0.004947
0.8003	-0.1349	0.03873
0.8101	-0.08626	0.05616
0.852	-0.1261	0.03378
0.8694	-0.09611	0.05002
0.8456	-0.05132	0.07629
0.8385	-0.04343	0.07641
0.8834	0.0484	0.05624
0.9896	0.05973	-0.01062
1.117	-0.0524	-0.06675
1.167	-0.1634	-0.08074
1.152	-0.2709	-0.06069
1.211	-0.2512	-0.04994
1.415	-0.1715	-0.1703
1.652	-0.2044	-0.3826
1.722	-0.4224	-0.4744
1.415	-0.7324	-0.3337
0.8922	-0.7005	-0.1163
0.5958	-0.4015	0.01891
0.5077	-0.2303	0.09784
0.616	-0.1658	0.02457
1.002	-0.2432	-0.1882
1.239	-0.3497	-0.318
1.161	-0.4068	-0.3242
0.98	-0.5187	-0.2391
0.8268	-0.4584	-0.1757
0.7837	-0.313	-0.1777
0.763	-0.2194	-0.1617
0.7897	-0.07854	-0.2166
0.8892	-0.09871	-0.2806
0.9349	-0.1601	-0.2643
0.9289	-0.131	-0.2399
0.8876	-0.1443	-0.194
0.8731	-0.1041	-0.1755
0.9238	-0.1073	-0.153
0.9955	-0.1377	-0.08296
1.037	-0.109	-0.06308
0.9925	-0.1729	-0.08712
0.9544	-0.229	-0.1253
0.971	-0.2317	-0.155
1.055	-0.2212	-0.1573
1.227	-0.205	-0.1378
1.353	-0.3073	-0.07677
1.43	-0.4731	-0.0268
1.472	-0.5717	-0.1059
1.335	-0.5182	-0.2511
1.042	-0.382	-0.2538
0.8561	-0.3272	-0.2066
1.005	-0.3413	-0.2111
1.243	-0.4139	-0.1601
1.215	-0.459	-0.1343
1.027	-0.4164	-0.0952
0.799	-0.3127	0.01907
0.6741	-0.1496	0.04263
0.7679	-0.133	0.002041
0.7978	-0.2109	-0.01875
0.8189	-0.2384	-0.03333
0.9351	-0.3523	-0.03943
0.9045	-0.384	-0.03736
0.7332	-0.13	-0.05808
0.7908	-0.2335	-0.06704
0.8913	-0.3714	-0.05735
0.9254	-0.4611	-0.05756
0.9072	-0.4113	-0.04086
0.8509	-0.271	-0.004947
0.8003	-0.1349	0.03873
0.8101	-0.08626	0.05616
0.852	-0.1261	0.03378
0.8694	-0.09611	0.05002
0.8456	-0.05132	0.07629
0.8385	-0.04343	0.07641
0.8834	0.0484	0.05624
0.9896	0.05973	-0.01062
1.117	-0.0524	-0.06675
1.167	-0.1634	-0.08074
1.152	-0.2709	-0.06069
1.211	-0.2512	-0.04994
1.415	-0.1715	-0.1703
1.652	-0.2044	-0.3826
1.722	-0.4224	-0.4744
1.415	-0.7324	-0.3337
0.8922	-0.7005	-0.1163
0.5958	-0.4015	0.01891
0.5077	-0.2303	0.09784
0.616	-0.1658	0.02457
1.002	-0.2432	-0.1882
1.239	-0.3497	-0.318
1.161	-0.4068	-0.3242
0.98	-0.5187	-0.2391
0.8268	-0.4584	-0.1757
0.7837	-0.313	-0.1777
0.763	-0.2194	-0.1617
0.7897	-0.07854	-0.2166
0.8892	-0.09871	-0.2806
0.9349	-0.1601	-0.2643
0.9289	-0.131	-0.2399
0.8876	-0.1443	-0.194
0.8731	-0.1041	-0.1755
0.9238	-0.1073	-0.153
0.9955	-0.1377	-0.08296
1.037	-0.109	-0.06308
0.9925	-0.1729	-0.08712
0.9544	-0.229	-0.1253
0.971	-0.2317	-0.155
1.055	-0.2212	-0.1573
1.227	-0.205	-0.1378
1.353	-0.3073	-0.07677
1.43	-0.4731	-0.0268
1.472	-0.5717	-0.1059
1.335	-0.5182	-0.2511
1.042	-0.382	-0.2538
0.8561	-0.3272	-0.2066
1.005	-0.3413	-0.2111
1.243	-0.4139	-0.1601
1.215	-0.459	-0.1343
1.027	-0.4164	-0.0952
0.799	-0.3127	0.01907
0.6741	-0.1496	0.04263
0.7679	-0.133	0.002041
0.7978	-0.2109	-0.01875
0.8189	-0.2384	-0.03333
0.9351	-0.3523	-0.03943
0.9045	-0.384	-0.03736
0.871	-0.31	-0.01669
0.8697	-0.3263	0.01403
0.8246	-0.3006	0.05244
0.8692	-0.2502	0.07006
0.8849	-0.2331	0.06685
0.8694	-0.1629	0.07785
0.8809	-0.0963	0.0687
0.8713	-0.0435	0.03985
0.9286	-0.03331	-0.01365
1.024	-0.1279	-0.07954
1.081	-0.2465	-0.09074
1.082	-0.295	-0.06782
1.099	-0.2093	-0.003079
1.176	-0.03884	0.07041
1.25	0.05828	0.002544
1.48	-0.02399	-0.1806
1.71	-0.2628	-0.3276
1.478	-0.539	-0.3431
1.034	-0.7313	-0.2174
0.7895	-0.6694	-0.09018
0.6762	-0.4473	-0.01979
0.6677	-0.3146	0.04226
0.7953	-0.2357	0.006441
1.019	-0.2971	-0.12
1.194	-0.4428	-0.2111
1.129	-0.4655	-0.2304
0.9596	-0.4401	-0.1627
0.8013	-0.2897	-0.1165
0.6789	-0.1498	-0.1528
0.7391	-0.1589	-0.174
0.8394	-0.1653	-0.2028
0.9364	-0.2433	-0.2313
1.038	-0.2623	-0.215
0.9596	-0.2067	-0.1911
0.9055	-0.195	-0.1374
0.9251	-0.1321	-0.08841
0.897	-0.1277	-0.08181
0.9448	-0.1227	-0.06159
0.9638	-0.1113	-0.03902
0.9489	-0.1602	-0.0412
0.9758	-0.1387	-0.06348
0.9888	-0.1427	-0.09956
1.074	-0.1443	-0.1159
1.161	-0.1231	-0.09337
1.206	-0.1634	-0.03794
1.291	-0.2152	0.03507
1.357	-0.3338	0.0585
1.354	-0.3916	-0.05749
1.217	-0.3116	-0.2698
1.026	-0.2826	-0.4147
0.9951	-0.3283	-0.4126
1.096	-0.3718	-0.3487
1.152	-0.3782	-0.2962
1.102	-0.3955	-0.1504
1.03	-0.4253	0.03273
0.953	-0.3657	0.00344
0.8324	-0.1668	-0.08528
0.7435	0.02773	-0.0464
0.774	-0.06637	-0.07391
0.8574	-0.2852	-0.1129
0.8355	-0.3421	-0.04482
0.8114	-0.3852	-0.01804
0.8496	-0.3585	-0.01207
0.8144	-0.2178	0.007676
0.871	-0.31	-0.01669
0.8697	-0.3263	0.01403
0.8246	-0.3006	0.05244
0.8692	-0.2502	0.07006
0.8849	-0.2331	0.06685
0.8694	-0.1629	0.07785
0.8809	-0.0963	0.0687
0.8713	-0.0435	0.03985
0.9286	-0.03331	-0.01365
1.024	-0.1279	-0.07954
1.081	-0.2465	-0.09074
1.082	-0.295	-0.06782
1.099	-0.2093	-0.003079
1.176	-0.03884	0.07041
1.25	0.05828	0.002544
1.48	-0.02399	-0.1806
1.71	-0.2628	-0.3276
1.478	-0.539	-0.3431
1.034	-0.7313	-0.2174
0.7895	-0.6694	-0.09018
0.6762	-0.4473	-0.01979
0.6677	-0.3146	0.04226
0.7953	-0.2357	0.006441
1.019	-0.2971	-0.12
1.194	-0.4428	-0.2111
1.129	-0.4655	-0.2304
0.9596	-0.4401	-0.1627
0.8013	-0.2897	-0.1165
0.6789	-0.1498	-0.1528
0.7391	-0.1589	-0.174
0.8394	-0.1653	-0.2028
0.9364	-0.2433	-0.2313
1.038	-0.2623	-0.215
0.9596	-0.2067	-0.1911
0.9055	-0.195	-0.1374
0.9251	-0.1321	-0.08841
0.897	-0.1277	-0.08181
0.9448	-0.1227	-0.06159
0.9638	-0.1113	-0.03902
0.9489	-0.1602	-0.0412
0.9758	-0.1387	-0.06348
0.9888	-0.1427	-0.09956
1.074	-0.1443	-0.1159
1.161	-0.1231	-0.09337
1.206	-0.1634	-0.03794
1.291	-0.2152	0.03507
1.357	-0.3338	0.0585
1.354	-0.3916	-0.05749
1.217	-0.3116	-0.2698
1.026	-0.2826	-0.4147
0.9951	-0.3283	-0.4126
1.096	-0.3718	-0.3487
1.152	-0.3782	-0.2962
1.102	-0.3955	-0.1504
1.03	-0.4253	0.03273
0.953	-0.3657	0.00344
0.8324	-0.1668	-0.08528
0.7435	0.02773	-0.0464
0.774	-0.06637	-0.07391
0.8574	-0.2852	-0.1129
0.8355	-0.3421	-0.04482
0.8114	-0.3852	-0.01804
0.8496	-0.3585	-0.01207
0.8144	-0.2178	0.007676
0.8232	-0.1609	0.009941
0.8617	-0.1313	0.02856
0.8518	-0.1279	0.03617
0.8847	-0.1338	0.05577
0.874	-0.08873	0.06172
0.882	-0.07957	0.02661
0.96	-0.04952	0.01804
1.03	-0.07095	0.005223
1.144	-0.1556	-0.02175
1.211	-0.1872	-0.04631
1.233	-0.2231	-0.03434
1.287	-0.1239	-0.007303
1.353	-0.001194	-0.1097
1.482	-0.1391	-0.2651
1.496	-0.3857	-0.3112
1.194	-0.5591	-0.2169
0.7933	-0.5102	-0.07421
0.7111	-0.3342	-0.06041
0.9288	-0.291	-0.1436
1.026	-0.3156	-0.229
1.007	-0.4364	-0.267
1.022	-0.6075	-0.2143
0.9938	-0.5721	-0.1781
0.9606	-0.4012	-0.1754
0.8884	-0.2191	-0.1736
0.7938	-0.1162	-0.1923
0.7679	-0.1515	-0.1884
0.7516	-0.1541	-0.1988
0.7869	-0.147	-0.2196
0.8784	-0.1988	-0.2092
0.9301	-0.2157	-0.2078
0.9309	-0.232	-0.1952
0.8999	-0.2315	-0.159
0.8928	-0.1923	-0.114
0.9226	-0.1474	-0.0825
0.9582	-0.08034	-0.08992
0.9794	-0.06901	-0.08639
0.9829	-0.1221	-0.07273
1.005	-0.1729	-0.08748
1.034	-0.209	-0.1059
1.057	-0.1904	-0.1165
1.106	-0.1528	-0.1116
1.207	-0.1552	-0.07016
1.334	-0.2272	-0.01206
1.375	-0.3789	-0.01761
1.295	-0.4516	-0.1579
1.137	-0.3959	-0.3429
1.004	-0.3859	-0.3879
1.078	-0.4254	-0.3131
1.255	-0.44	-0.2678
1.27	-0.4531	-0.222
1.103	-0.4126	-0.134
0.8616	-0.3073	-0.07824
0.7686	-0.2369	-0.08214
0.8265	-0.1775	-0.1138
0.7848	-0.106	-0.1046
0.7966	-0.1644	-0.08942
0.8892	-0.33	-0.1042
0.8345	-0.4033	-0.07374
0.8215	-0.386	-0.06217
0.868	-0.336	-0.06599
0.8456	-0.2403	-0.0286
0.8578	-0.1709	-0.02065
0.8586	-0.1361	0.002285
0.8232	-0.1609	0.009941
0.8617	-0.1313	0.02856
0.8518	-0.1279	0.03617
0.8847	-0.1338	0.05577
0.874	-0.08873	0.06172
0.882	-0.07957	0.02661
0.96	-0.04952	0.01804
1.03	-0.07095	0.005223
1.144	-0.1556	-0.02175
1.211	-0.1872	-0.04631
1.233	-0.2231	-0.03434
1.287	-0.1239	-0.007303
1.353	-0.001194	-0.1097
1.482	-0.1391	-0.2651
1.496	-0.3857	-0.3112
1.194	-0.5591	-0.2169
0.7933	-0.5102	-0.07421
0.7111	-0.3342	-0.06041
0.9288	-0.291	-0.1436
1.026	-0.3156	-0.229
1.007	-0.4364	-0.267
1.022	-0.6075	-0.2143
0.9938	-0.5721	-0.1781
0.9606	-0.4012	-0.1754
0.8884	-0.2191	-0.1736
0.7938	-0.1162	-0.1923
0.7679	-0.1515	-0.1884
0.7516	-0.1541	-0.1988
0.7869	-0.147	-0.2196
0.8784	-0.1988	-0.2092
0.9301	-0.2157	-0.2078
0.9309	-0.232	-0.1952
0.8999	-0.2315	-0.159
0.8928	-0.1923	-0.114
0.9226	-0.1474	-0.0825
0.9582	-0.08034	-0.08992
0.9794	-0.06901	-0.08639
0.9829	-0.1221	-0.07273
1.005	-0.1729	-0.08748
1.034	-0.209	-0.1059
1.057	-0.1904	-0.1165
1.106	-0.1528	-0.1116
1.207	-0.1552	-0.07016
1.334	-0.2272	-0.01206
1.375	-0.3789	-0.01761
1.295	-0.4516	-0.1579
1.137	-0.3959	-0.3429
1.004	-0.3859	-0.3879
1.078	-0.4254	-0.3131
1.255	-0.44	-0.2678
1.27	-0.4531	-0.222
1.103	-0.4126	-0.134
0.8616	-0.3073	-0.07824
0.7686	-0.2369	-0.08214
0.8265	-0.1775	-0.1138
0.7848	-0.106	-0.1046
0.7966	-0.1644	-0.08942
0.8892	-0.33	-0.1042
0.8345	-0.4033	-0.07374
0.8215	-0.386	-0.06217
0.868	-0.336	-0.06599
0.8456	-0.2403	-0.0286
0.8578	-0.1709	-0.02065
0.8586	-0.1361	0.002285
0.8478	-0.1081	0.02603
0.8494	-0.0996	0.02359
0.8311	-0.07356	0.04471
0.8837	-0.05851	0.02693
0.9815	-0.07911	-0.01052
1.062	-0.1338	-0.03329
1.115	-0.2383	-0.06138
1.137	-0.2978	-0.07139
1.198	-0.2538	-0.0636
1.26	-0.1272	-0.02723
1.279	0.02124	-0.03825
1.367	-0.0211	-0.2289
1.469	-0.3246	-0.4846
1.357	-0.5658	-0.4765
1.012	-0.5219	-0.1964
0.7247	-0.4394	-0.0322
0.799	-0.4075	-0.0973
1.001	-0.2676	-0.1756
1.006	-0.2833	-0.2026
1.062	-0.4585	-0.247
1.051	-0.4361	-0.2196
0.8559	-0.4099	-0.1224
0.8797	-0.3903	-0.1479
0.8489	-0.225	-0.1724
0.7138	-0.1407	-0.1449
0.8011	-0.1476	-0.1945
0.8373	-0.1955	-0.198
0.8992	-0.19	-0.2254
0.9898	-0.1542	-0.2728
0.9122	-0.1995	-0.2018
0.8863	-0.1365	-0.159
0.887	-0.1032	-0.1465
0.8903	-0.1193	-0.1303
0.9329	-0.04886	-0.1191
0.9443	-0.06804	-0.08904
0.9646	-0.09837	-0.1094
0.9671	-0.1646	-0.1184
0.9972	-0.2697	-0.1212
1.069	-0.2779	-0.1515
1.122	-0.2515	-0.1354
1.199	-0.1555	-0.1111
1.311	-0.1141	-0.0716
1.406	-0.2252	-0.03313
1.394	-0.3955	-0.07224
1.285	-0.5042	-0.1858
1.153	-0.438	-0.3308
1.066	-0.4043	-0.3611
1.081	-0.4432	-0.2926
1.134	-0.4253	-0.2687
1.154	-0.4505	-0.1812
1.059	-0.461	-0.05411
0.8446	-0.3678	-0.05011
0.7259	-0.2329	-0.06865
0.7537	-0.1677	-0.07056
0.8113	-0.2243	-0.09712
0.863	-0.2994	-0.09105
0.8747	-0.3685	-0.07752
0.8549	-0.4095	-0.06985
0.8415	-0.3513	-0.05353
0.8304	-0.2813	-0.04282
0.8254	-0.2193	-0.02547
0.8411	-0.1311	0.001511
0.8566	-0.09858	0.04655
0.8438	-0.09123	0.06575
0.8478	-0.1081	0.02603
0.8494	-0.0996	0.02359
0.8311	-0.07356	0.04471
0.8837	-0.05851	0.02693
0.9815	-0.07911	-0.01052
1.062	-0.1338	-0.03329
1.115	-0.2383	-0.06138
1.137	-0.2978	-0.07139
1.198	-0.2538	-0.0636
1.26	-0.1272	-0.02723
1.279	0.02124	-0.03825
1.367	-0.0211	-0.2289
1.469	-0.3246	-0.4846
1.357	-0.5658	-0.4765
1.012	-0.5219	-0.1964
0.7247	-0.4394	-0.0322
0.799	-0.4075	-0.0973
1.001	-0.2676	-0.1756
1.006	-0.2833	-0.2026
1.062	-0.4585	-0.247
1.051	-0.4361	-0.2196
0.8559	-0.4099	-0.1224
0.8797	-0.3903	-0.1479
0.8489	-0.225	-0.1724
0.7138	-0.1407	-0.1449
0.8011	-0.1476	-0.1945
0.8373	-0.1955	-0.198
0.8992	-0.19	-0.2254
0.9898	-0.1542	-0.2728
0.9122	-0.1995	-0.2018
0.8863	-0.1365	-0.159
0.887	-0.1032	-0.1465
0.8903	-0.1193	-0.1303
0.9329	-0.04886	-0.1191
0.9443	-0.06804	-0.08904
0.9646	-0.09837	-0.1094
0.9671	-0.1646	-0.1184
0.9972	-0.2697	-0.1212
1.069	-0.2779	-0.1515
1.122	-0.2515	-0.1354
1.199	-0.1555	-0.1111
1.311	-0.1141	-0.0716
1.406	-0.2252	-0.03313
1.394	-0.3955	-0.07224
1.285	-0.5042	-0.1858
1.153	-0.438	-0.3308
1.066	-0.4043	-0.3611
1.081	-0.4432	-0.2926
1.134	-0.4253	-0.2687
1.154	-0.4505	-0.1812
1.059	-0.461	-0.05411
0.8446	-0.3678	-0.05011
0.7259	-0.2329	-0.06865
0.7537	-0.1677	-0.07056
0.8113	-0.2243	-0.09712
0.863	-0.2994	-0.09105
0.8747	-0.3685	-0.07752
0.8549	-0.4095	-0.06985
0.8415	-0.3513	-0.05353
0.8304	-0.2813	-0.04282
0.8254	-0.2193	-0.02547
0.8411	-0.1311	0.001511
0.8566	-0.09858	0.04655
0.8438	-0.09123	0.06575
0.8441	-0.06473	0.04984
0.8912	-0.04427	0.04501
0.9774	-0.02779	0.005923
1.082	-0.09062	-0.04126
1.149	-0.2016	-0.05822
1.191	-0.267	-0.08247
1.258	-0.2883	-0.077
1.35	-0.2119	-0.08395
1.52	-0.1415	-0.1874
1.701	-0.269	-0.323
1.592	-0.5269	-0.367
1.2	-0.6813	-0.274
0.8183	-0.56	-0.1258
0.5907	-0.3232	0.003907
0.6723	-0.2067	0.03134
0.8672	-0.1737	-0.07207
0.9549	-0.2564	-0.1684
1.113	-0.4241	-0.2463
1.088	-0.4748	-0.2762
0.929	-0.4335	-0.1972
0.9071	-0.3363	-0.164
0.7619	-0.2015	-0.1648
0.7334	-0.1482	-0.161
0.8424	-0.1627	-0.2097
0.8505	-0.1957	-0.2286
0.9516	-0.2072	-0.2354
0.9372	-0.1958	-0.2284
0.8687	-0.18	-0.1887
0.9022	-0.1424	-0.1667
0.8731	-0.1198	-0.1319
0.9253	-0.09757	-0.1185
0.9693	-0.09253	-0.1064
0.9683	-0.1312	-0.08138
1.007	-0.1871	-0.08898
0.9937	-0.2584	-0.08591
1.04	-0.2611	-0.1224
1.108	-0.1942	-0.1658
1.155	-0.1372	-0.1319
1.23	-0.1411	-0.06629
1.3	-0.2663	0.0359
1.377	-0.446	0.06992
1.328	-0.5239	-0.09633
1.145	-0.4036	-0.3307
1.016	-0.2923	-0.4258
1.084	-0.3826	-0.3854
1.276	-0.4692	-0.3165
1.27	-0.4975	-0.1992
1.056	-0.484	-0.07466
0.7831	-0.3317	-0.03965
0.647	-0.1674	-0.04958
0.7678	-0.08837	-0.0809
0.8326	-0.1463	-0.1176
0.8715	-0.2982	-0.1096
0.9465	-0.3659	-0.09144
0.8652	-0.373	-0.08552
0.8525	-0.3045	-0.06071
0.8548	-0.1996	-0.02171
0.8016	-0.1653	0.00553
0.8737	-0.1142	0.01836
0.8888	-0.1034	0.03087
0.8742	-0.1193	0.04652
0.8886	-0.073	0.05571
0.8602	-0.04765	0.05991
0.9043	-0.03279	0.05077
0.8441	-0.06473	0.04984
0.8912	-0.04427	0.04501
0.9774	-0.02779	0.005923
1.082	-0.09062	-0.04126
1.149	-0.2016	-0.05822
1.191	-0.267	-0.08247
1.258	-0.2883	-0.077
1.35	-0.2119	-0.08395
1.52	-0.1415	-0.1874
1.701	-0.269	-0.323
1.592	-0.5269	-0.367
1.2	-0.6813	-0.274
0.8183	-0.56	-0.1258
0.5907	-0.3232	0.003907
0.6723	-0.2067	0.03134
0.8672	-0.1737	-0.07207
0.9549	-0.2564	-0.1684
1.113	-0.4241	-0.2463
1.088	-0.4748	-0.2762
0.929	-0.4335	-0.1972
0.9071	-0.3363	-0.164
0.7619	-0.2015	-0.1648
0.7334	-0.1482	-0.161
0.8424	-0.1627	-0.2097
0.8505	-0.1957	-0.2286
0.9516	-0.2072	-0.2354
0.9372	-0.1958	-0.2284
0.8687	-0.18	-0.1887
0.9022	-0.1424	-0.1667
0.8731	-0.1198	-0.1319
0.9253	-0.09757	-0.1185
0.9693	-0.09253	-0.1064
0.9683	-0.1312	-0.08138
1.007	-0.1871	-0.08898
0.9937	-0.2584	-0.08591
1.04	-0.2611	-0.1224
1.108	-0.1942	-0.1658
1.155	-0.1372	-0.1319
1.23	-0.1411	-0.06629
1.3	-0.2663	0.0359
1.377	-0.446	0.06992
1.328	-0.5239	-0.09633
1.145	-0.4036	-0.3307
1.016	-0.2923	-0.4258
1.084	-0.3826	-0.3854
1.276	-0.4692	-0.3165
1.27	-0.4975	-0.1992
1.056	-0.484	-0.07466
0.7831	-0.3317	-0.03965
0.647	-0.1674	-0.04958
0.7678	-0.08837	-0.0809
0.8326	-0.1463	-0.1176
0.8715	-0.2982	-0.1096
0.9465	-0.3659	-0.09144
0.8652	-0.373	-0.08552
0.8525	-0.3045	-0.06071
0.8548	-0.1996	-0.02171
0.8016	-0.1653	0.00553
0.8737	-0.1142	0.01836
0.8888	-0.1034	0.03087
0.8742	-0.1193	0.04652
0.8886	-0.073	0.05571
0.8602	-0.04765	0.05991
0.9043	-0.03279	0.05077
1.007	-0.0545	-0.004507
1.145	-0.126	-0.07608
1.221	-0.2158	-0.07936
1.236	-0.2697	-0.02589
1.318	-0.1729	-0.009195
1.329	-0.04611	-0.07957
1.396	-0.04216	-0.2349
1.531	-0.3027	-0.4074
1.408	-0.7371	-0.4724
1.233	-0.8242	-0.3995
1.052	-0.5985	-0.2433
0.6803	-0.3741	-0.04048
0.5744	-0.1576	0.04275
0.8371	-0.2079	-0.1018
1.044	-0.414	-0.2587
1.193	-0.4193	-0.3098
1.142	-0.4562	-0.2724
0.8974	-0.4992	-0.157
0.8619	-0.3738	-0.1343
0.8089	-0.2454	-0.168
0.7407	-0.1391	-0.1684
0.8632	-0.1292	-0.2134
0.8756	-0.1663	-0.212
0.9301	-0.1356	-0.2005
0.9881	-0.149	-0.2232
0.8902	-0.1265	-0.1885
0.9151	-0.09289	-0.1718
0.9205	-0.1096	-0.1585
0.9247	-0.08572	-0.1231
0.997	-0.08936	-0.1064
0.9833	-0.1113	-0.1014
1.001	-0.1526	-0.1235
1.007	-0.206	-0.1321
1.028	-0.1932	-0.155
1.079	-0.1579	-0.1843
1.101	-0.1227	-0.1536
1.235	-0.1593	-0.09936
1.349	-0.2916	-0.01727
1.366	-0.423	0.008554
1.328	-0.4441	-0.08991
1.151	-0.2985	-0.2365
0.9526	-0.2064	-0.3671
0.9346	-0.3013	-0.3524
1.117	-0.4439	-0.2562
1.216	-0.5446	-0.2209
1.112	-0.5354	-0.1395
0.9504	-0.4309	-0.06664
0.7647	-0.2843	-0.07094
0.7091	-0.127	-0.05388
0.8175	-0.1086	-0.07428
0.9076	-0.2303	-0.1101
0.9732	-0.3208	-0.1014
0.9903	-0.3436	-0.09893
0.945	-0.2934	-0.07673
0.9188	-0.2077	-0.05322
0.8961	-0.1801	-0.02452
0.8743	-0.165	0.01748
0.8859	-0.1496	0.02117
0.8718	-0.1388	0.03219
0.8334	-0.08361	0.04731
0.8375	-0.0353	0.04181
0.8765	-0.01077	0.01976
0.968	-0.03209	-0.02988
1.084	-0.1186	-0.05001
1.007	-0.0545	-0.004507
1.145	-0.126	-0.07608
1.221	-0.2158	-0.07936
1.236	-0.2697	-0.02589
1.318	-0.1729	-0.009195
1.329	-0.04611	-0.07957
1.396	-0.04216	-0.2349
1.531	-0.3027	-0.4074
1.408	-0.7371	-0.4724
1.233	-0.8242	-0.3995
1.052	-0.5985	-0.2433
0.6803	-0.3741	-0.04048
0.5744	-0.1576	0.04275
0.8371	-0.2079	-0.1018
1.044	-0.414	-0.2587
1.193	-0.4193	-0.3098
1.142	-0.4562	-0.2724
0.8974	-0.4992	-0.157
0.8619	-0.3738	-0.1343
0.8089	-0.2454	-0.168
0.7407	-0.1391	-0.1684
0.8632	-0.1292	-0.2134
0.8756	-0.1663	-0.212
0.9301	-0.1356	-0.2005
0.9881	-0.149	-0.2232
0.8902	-0.1265	-0.1885
0.9151	-0.09289	-0.1718
0.9205	-0.1096	-0.1585
0.9247	-0.08572	-0.1231
0.997	-0.08936	-0.1064
0.9833	-0.1113	-0.1014
1.001	-0.1526	-0.1235
1.007	-0.206	-0.1321
1.028	-0.1932	-0.155
1.079	-0.1579	-0.1843
1.101	-0.1227	-0.1536
1.235	-0.1593	-0.09936
1.349	-0.2916	-0.01727
1.366	-0.423	0.008554
1.328	-0.4441	-0.08991
1.151	-0.2985	-0.2365
0.9526	-0.2064	-0.3671
0.9346	-0.3013	-0.3524
1.117	-0.4439	-0.2562
1.216	-0.5446	-0.2209
1.112	-0.5354	-0.1395
0.9504	-0.4309	-0.06664
0.7647	-0.2843	-0.07094
0.7091	-0.127	-0.05388
0.8175	-0.1086	-0.07428
0.9076	-0.2303	-0.1101
0.9732	-0.3208	-0.1014
0.9903	-0.3436	-0.09893
0.945	-0.2934	-0.07673
0.9188	-0.2077	-0.05322
0.8961	-0.1801	-0.02452
0.8743	-0.165	0.01748
0.8859	-0.1496	0.02117
0.8718	-0.1388	0.03219
0.8334	-0.08361	0.04731
0.8375	-0.0353	0.04181
0.8765	-0.01077	0.01976
0.968	-0.03209	-0.02988
1.084	-0.1186	-0.05001
1.13	-0.196	-0.05702
1.12	-0.227	-0.06362
1.135	-0.1556	-0.01296
1.176	-0.009637	0.03014
1.189	0.08164	-0.005271
1.276	-0.007446	-0.1321
1.455	-0.3442	-0.3474
1.469	-0.6381	-0.4658
1.301	-0.6371	-0.3081
1.085	-0.5823	-0.1177
0.8604	-0.5133	-0.1176
0.7774	-0.2378	-0.1373
0.8338	-0.1135	-0.1701
0.8858	-0.2739	-0.2559
0.9646	-0.3642	-0.2328
1.01	-0.5428	-0.1385
0.9428	-0.6528	-0.07018
0.8773	-0.4128	-0.07028
0.8443	-0.2464	-0.133
0.8302	-0.1282	-0.1563
0.8591	-0.03799	-0.175
0.8858	-0.1103	-0.1841
0.9318	-0.08892	-0.1614
0.9756	-0.1041	-0.1745
0.9512	-0.1511	-0.1573
0.9507	-0.1186	-0.1346
0.9829	-0.1317	-0.1479
0.9827	-0.08315	-0.1184
0.9759	-0.04709	-0.08415
0.9557	-0.05781	-0.06498
0.9441	-0.04954	-0.0547
0.9619	-0.09781	-0.0717
0.9769	-0.1303	-0.09717
0.9989	-0.1487	-0.1421
1.029	-0.1533	-0.175
1.073	-0.1368	-0.1671
1.134	-0.1476	-0.1317
1.185	-0.1392	-0.07257
1.226	-0.1806	-0.03116
1.263	-0.2759	-0.02886
1.286	-0.3236	-0.05338
1.23	-0.3124	-0.1248
1.059	-0.2954	-0.2802
0.9451	-0.358	-0.4252
1.036	-0.4353	-0.3923
1.149	-0.4898	-0.2506
1.102	-0.5132	-0.146
1.027	-0.3967	-0.07741
0.9619	-0.1986	-0.04905
0.8734	-0.02086	-0.05869
0.8824	0.02356	-0.09117
0.9302	-0.107	-0.1283
0.9473	-0.2067	-0.1149
0.9538	-0.2542	-0.07317
0.914	-0.3233	-0.04399
0.9065	-0.2694	-0.03831
0.8974	-0.1437	-0.03342
0.8771	-0.1585	0.009349
0.922	-0.1905	0.01944
0.9257	-0.1323	0.01054
0.9005	-0.1224	0.03659
0.8867	-0.09479	0.03273
0.8822	-0.01615	0.02867
0.9034	0.0363	0.0364
0.9457	-0.126	0.01646
0.9407	-0.125	0.02628
0.941	-0.1273	0.03027
0.9369	-0.1339	0.0305
0.9357	-0.1244	0.03609
0.9566	-0.118	0.0257
0.9931	-0.1226	0.01974
1.028	-0.1246	0.00492
1.054	-0.1171	-0.005692
1.065	-0.1097	-0.002227
1.067	-0.09949	-0.01789
1.073	-0.08379	-0.02079
1.096	-0.09742	-0.0213
1.172	-0.1839	-0.05456
1.296	-0.3352	-0.09922
1.356	-0.4555	-0.1198
1.298	-0.4584	-0.07882
1.205	-0.3379	0.005265
1.072	-0.1678	0.07222
0.9689	-0.1226	0.03917
0.9961	-0.2527	-0.09336
0.984	-0.3905	-0.2345
0.9268	-0.4528	-0.3579
0.9761	-0.4544	-0.3791
0.9916	-0.4144	-0.2887
0.9287	-0.3882	-0.2231
0.893	-0.3694	-0.1844
0.887	-0.3413	-0.1719
0.9141	-0.3138	-0.1805
0.9281	-0.2836	-0.182
0.9225	-0.2658	-0.2117
0.9279	-0.2492	-0.2145
0.9146	-0.2427	-0.2019
0.9086	-0.2478	-0.2135
0.916	-0.2338	-0.2152
0.9232	-0.2206	-0.2314
0.935	-0.1988	-0.2345
0.9406	-0.1829	-0.2309
0.9549	-0.2025	-0.2438
0.9622	-0.211	-0.2216
0.9625	-0.2132	-0.1851
0.9728	-0.2161	-0.1468
0.9744	-0.2035	-0.1101
0.9816	-0.187	-0.09916
0.9939	-0.1536	-0.09004
0.9981	-0.1271	-0.07649
0.9965	-0.127	-0.07489
0.9908	-0.1246	-0.09685
0.9998	-0.124	-0.1243
1.021	-0.1342	-0.131
1.065	-0.1511	-0.1195
1.143	-0.1723	-0.08615
1.219	-0.2086	-0.04994
1.294	-0.2656	-0.03897
1.33	-0.292	-0.05125
1.228	-0.271	-0.1301
1.046	-0.2775	-0.292
0.9674	-0.3572	-0.3987
1.011	-0.4817	-0.382
1.023	-0.5887	-0.291
0.9566	-0.6104	-0.1332
0.8997	-0.511	-0.04259
0.8652	-0.2875	-0.07058
0.85	-0.07486	-0.07717
0.8851	-0.07008	-0.08911
0.9585	-0.1562	-0.1144
1.046	-0.1891	-0.1151
1.05	-0.2821	-0.1204
0.9768	-0.3551	-0.08719
0.9654	-0.3496	-0.06223
0.9396	-0.3488	-0.06314
0.8839	-0.2782	-0.0392
0.9021	-0.2617	-0.03733
0.926	-0.3047	-0.03684
0.9374	-0.2499	-0.01559
0.938	-0.2466	0.003655
0.9191	-0.2238	0.01696
0.9229	-0.1512	0.01182
0.9242	-0.1543	0.01117
0.9259	-0.09951	0.01097
0.9186	-0.06266	5.224e-05
0.9075	-0.07374	-0.01488
0.9573	-0.08144	-0.03814
1.032	-0.1776	-0.04511
1.069	-0.2481	-0.03481
1.058	-0.2546	-0.02335
1.035	-0.1972	-0.005165
1.023	-0.06909	0.01298
1.024	0.005686	-0.01242
1.138	0.0006277	-0.09782
1.354	-0.1212	-0.1846
1.447	-0.3154	-0.2468
1.322	-0.4679	-0.2633
1.121	-0.5215	-0.1736
0.9654	-0.4442	-0.03261
0.8739	-0.3431	0.0127
0.8676	-0.2503	-0.0445
0.8588	-0.2076	-0.1235
0.8603	-0.3044	-0.2484
0.9661	-0.433	-0.3359
1.014	-0.5375	-0.2759
0.97	-0.5635	-0.198
0.9324	-0.4424	-0.1287
0.8854	-0.2936	-0.0786
0.8931	-0.2007	-0.1473
0.9223	-0.1751	-0.1937
0.9272	-0.193	-0.193
0.9495	-0.2032	-0.2221
0.9447	-0.233	-0.1874
0.9324	-0.2626	-0.1523
0.9368	-0.2468	-0.1599
0.9511	-0.2182	-0.1493
0.9829	-0.1927	-0.1569
0.9876	-0.183	-0.161
0.9786	-0.1865	-0.1526
0.9784	-0.1758	-0.1449
0.9682	-0.1705	-0.1253
0.9653	-0.1721	-0.1239
0.9769	-0.1698	-0.1264
0.9811	-0.1763	-0.1243
0.9667	-0.1684	-0.1294
0.9526	-0.1539	-0.1341
0.9607	-0.1606	-0.1441
0.9966	-0.1723	-0.1523
1.068	-0.1847	-0.1528
1.152	-0.1854	-0.132
1.209	-0.1796	-0.08143
1.27	-0.1888	-0.02712
0.8851	-0.07008	-0.08911
0.9585	-0.1562	-0.1144
1.046	-0.1891	-0.1151
1.05	-0.2821	-0.1204
0.9768	-0.3551	-0.08719
0.9654	-0.3496	-0.06223
0.9396	-0.3488	-0.06314
0.8839	-0.2782	-0.0392
0.9021	-0.2617	-0.03733
0.926	-0.3047	-0.03684
0.9374	-0.2499	-0.01559
0.938	-0.2466	0.003655
0.9191	-0.2238	0.01696
0.9229	-0.1512	0.01182
0.9242	-0.1543	0.01117
0.9259	-0.09951	0.01097
0.9186	-0.06266	5.224e-05
0.9075	-0.07374	-0.01488
0.9573	-0.08144	-0.03814
1.032	-0.1776	-0.04511
1.069	-0.2481	-0.03481
1.058	-0.2546	-0.02335
1.035	-0.1972	-0.005165
1.023	-0.06909	0.01298
1.024	0.005686	-0.01242
1.138	0.0006277	-0.09782
1.354	-0.1212	-0.1846
1.447	-0.3154	-0.2468
1.322	-0.4679	-0.2633
1.121	-0.5215	-0.1736
0.9654	-0.4442	-0.03261
0.8739	-0.3431	0.0127
0.8676	-0.2503	-0.0445
0.8588	-0.2076	-0.1235
0.8603	-0.3044	-0.2484
0.9661	-0.433	-0.3359
1.014	-0.5375	-0.2759
0.97	-0.5635	-0.198
0.9324	-0.4424	-0.1287
0.8854	-0.2936	-0.0786
0.8931	-0.2007	-0.1473
0.9223	-0.1751	-0.1937
0.9272	-0.193	-0.193
0.9495	-0.2032	-0.2221
0.9447	-0.233	-0.1874
0.9324	-0.2626	-0.1523
0.9368	-0.2468	-0.1599
0.9511	-0.2182	-0.1493
0.9829	-0.1927	-0.1569
0.9876	-0.183	-0.161
0.9786	-0.1865	-0.1526
0.9784	-0.1758	-0.1449
0.9682	-0.1705	-0.1253
0.9653	-0.1721	-0.1239
0.9769	-0.1698	-0.1264
0.9811	-0.1763	-0.1243
0.9667	-0.1684	-0.1294
0.9526	-0.1539	-0.1341
0.9607	-0.1606	-0.1441
0.9966	-0.1723	-0.1523
1.068	-0.1847	-0.1528
1.152	-0.1854	-0.132
1.209	-0.1796	-0.08143
1.27	-0.1888	-0.02712
1.321	-0.1816	-0.01292
1.271	-0.1506	-0.09035
1.193	-0.1249	-0.2254
1.181	-0.1708	-0.2943
1.165	-0.3773	-0.2559
1.093	-0.6286	-0.2117
0.9814	-0.6683	-0.1966
0.8957	-0.5157	-0.1324
0.8385	-0.3105	-0.07567
0.8332	-0.07559	-0.1037
0.913	-0.06298	-0.1306
0.9479	-0.2638	-0.1208
0.9803	-0.309	-0.129
1.009	-0.3438	-0.1336
0.9146	-0.3759	-0.09861
0.8872	-0.2904	-0.06428
0.8787	-0.3119	-0.03551
0.834	-0.2512	-0.005582
0.9044	-0.1545	-0.01019
0.934	-0.1821	-0.01979
0.943	-0.1301	-0.01534
0.9614	-0.1484	-0.003033
0.9139	-0.1626	0.0287
0.9031	-0.1064	0.04958
0.877	-0.1392	0.06103
0.8705	-0.1172	0.06746
0.8877	-0.1138	0.05833
0.8745	-0.1227	0.04253
0.9355	-0.09365	0.01046
1.007	-0.1298	-0.007251
1.079	-0.1263	-0.009203
1.156	-0.1387	-0.02038
1.202	-0.1681	0.005715
1.289	-0.1663	0.02124
1.399	-0.2376	-0.07641
1.521	-0.3403	-0.1992
1.504	-0.4214	-0.198
1.241	-0.3843	-0.1009
0.9311	-0.2644	-0.00576
0.7681	-0.1979	0.03652
0.8361	-0.176	-0.04267
0.9056	-0.2871	-0.2243
0.8906	-0.4454	-0.3627
1.013	-0.5203	-0.3583
1.059	-0.5818	-0.2604
0.9811	-0.5402	-0.1935
0.9541	-0.3913	-0.1383
0.8527	-0.2305	-0.08919
0.7882	-0.1271	-0.1351
0.8018	-0.1689	-0.1991
0.816	-0.2201	-0.251
0.9009	-0.2453	-0.2915
0.9234	-0.2873	-0.2509
0.8786	-0.2474	-0.2031
0.866	-0.226	-0.1566
0.8621	-0.2285	-0.116
0.878	-0.1586	-0.1312
0.8803	-0.1251	-0.1227
0.9006	-0.129	-0.1106
0.9534	-0.1362	-0.1044
0.9784	-0.1698	-0.07317
0.9843	-0.211	-0.08217
0.9977	-0.2338	-0.1121
1.061	-0.1835	-0.1444
1.321	-0.1816	-0.01292
1.271	-0.1506	-0.09035
1.193	-0.1249	-0.2254
1.181	-0.1708	-0.2943
1.165	-0.3773	-0.2559
1.093	-0.6286	-0.2117
0.9814	-0.6683	-0.1966
0.8957	-0.5157	-0.1324
0.8385	-0.3105	-0.07567
0.8332	-0.07559	-0.1037
0.913	-0.06298	-0.1306
0.9479	-0.2638	-0.1208
0.9803	-0.309	-0.129
1.009	-0.3438	-0.1336
0.9146	-0.3759	-0.09861
0.8872	-0.2904	-0.06428
0.8787	-0.3119	-0.03551
0.834	-0.2512	-0.005582
0.9044	-0.1545	-0.01019
0.934	-0.1821	-0.01979
0.943	-0.1301	-0.01534
0.9614	-0.1484	-0.003033
0.9139	-0.1626	0.0287
0.9031	-0.1064	0.04958
0.877	-0.1392	0.06103
0.8705	-0.1172	0.06746
0.8877	-0.1138	0.05833
0.8745	-0.1227	0.04253
0.9355	-0.09365	0.01046
1.007	-0.1298	-0.007251
1.079	-0.1263	-0.009203
1.156	-0.1387	-0.02038
1.202	-0.1681	0.005715
1.289	-0.1663	0.02124
1.399	-0.2376	-0.07641
1.521	-0.3403	-0.1992
1.504	-0.4214	-0.198
1.241	-0.3843	-0.1009
0.9311	-0.2644	-0.00576
0.7681	-0.1979	0.03652
0.8361	-0.176	-0.04267
0.9056	-0.2871	-0.2243
0.8906	-0.4454	-0.3627
1.013	-0.5203	-0.3583
1.059	-0.5818	-0.2604
0.9811	-0.5402	-0.1935
0.9541	-0.3913	-0.1383
0.8527	-0.2305	-0.08919
0.7882	-0.1271	-0.1351
0.8018	-0.1689	-0.1991
0.816	-0.2201	-0.251
0.9009	-0.2453	-0.2915
0.9234	-0.2873	-0.2509
0.8786	-0.2474	-0.2031
0.866	-0.226	-0.1566
0.8621	-0.2285	-0.116
0.878	-0.1586	-0.1312
0.8803	-0.1251	-0.1227
0.9006	-0.129	-0.1106
0.9534	-0.1362	-0.1044
0.9784	-0.1698	-0.07317
0.9843	-0.211	-0.08217
0.9977	-0.2338	-0.1121
1.061	-0.1835	-0.1444
1.127	-0.1168	-0.1617
1.182	-0.09949	-0.1278
1.304	-0.137	-0.08452
1.416	-0.2572	-0.04876
1.405	-0.3467	-0.09801
1.25	-0.3239	-0.261
1.028	-0.2996	-0.3927
0.9376	-0.3416	-0.4107
1.061	-0.3986	-0.311
1.207	-0.4656	-0.1782
1.194	-0.5221	-0.09647
1.042	-0.4533	-0.05544
0.8364	-0.3043	-0.08256
0.7752	-0.169	-0.1225
0.876	-0.1264	-0.131
0.8901	-0.2134	-0.1443
0.8874	-0.2261	-0.1304
0.9051	-0.205	-0.1194
0.8341	-0.2886	-0.08233
0.7904	-0.3195	-0.003322
0.7733	-0.267	0.001462
0.7775	-0.182	-0.002354
0.8233	-0.14	0.02059
0.8377	-0.1484	0.003153
0.8476	-0.1104	0.005314
0.8276	-0.0846	0.008742
0.8222	-0.06235	-0.01353
0.903	-0.07666	-0.01724
1.017	-0.1483	-0.03178
1.129	-0.1534	-0.05259
1.185	-0.1611	-0.04357
1.26	-0.1756	-0.01074
1.346	-0.1522	0.005642
1.386	-0.1237	-0.07416
1.478	-0.1286	-0.2303
1.405	-0.3688	-0.2965
1.116	-0.666	-0.2006
0.8796	-0.6158	-0.09998
0.7574	-0.4434	-0.1062
0.8793	-0.4123	-0.133
1.058	-0.3931	-0.1718
1.032	-0.4477	-0.2394
1.048	-0.5534	-0.2269
1.016	-0.5014	-0.1531
0.8728	-0.396	-0.1128
0.8349	-0.2578	-0.1083
0.7738	-0.1154	-0.1421
0.7369	-0.1401	-0.1777
0.7814	-0.1691	-0.1989
0.7889	-0.1737	-0.2297
0.838	-0.2189	-0.2335
0.873	-0.2157	-0.2105
0.8735	-0.2269	-0.1762
0.8972	-0.2116	-0.1374
0.8888	-0.1464	-0.1077
0.9099	-0.08962	-0.06206
0.9584	-0.04429	-0.04235
0.9746	-0.06935	-0.06195
0.9818	-0.09105	-0.05629
0.9874	-0.1234	-0.06065
1.027	-0.226	-0.1048
1.089	-0.2451	-0.1386
1.182	-0.2133	-0.1083
1.423	-0.2345	-1.724e-05
1.127	-0.1168	-0.1617
1.182	-0.09949	-0.1278
1.304	-0.137	-0.08452
1.416	-0.2572	-0.04876
1.405	-0.3467	-0.09801
1.25	-0.3239	-0.261
1.028	-0.2996	-0.3927
0.9376	-0.3416	-0.4107
1.061	-0.3986	-0.311
1.207	-0.4656	-0.1782
1.194	-0.5221	-0.09647
1.042	-0.4533	-0.05544
0.8364	-0.3043	-0.08256
0.7752	-0.169	-0.1225
0.876	-0.1264	-0.131
0.8901	-0.2134	-0.1443
0.8874	-0.2261	-0.1304
0.9051	-0.205	-0.1194
0.8341	-0.2886	-0.08233
0.7904	-0.3195	-0.003322
0.7733	-0.267	0.001462
0.7775	-0.182	-0.002354
0.8233	-0.14	0.02059
0.8377	-0.1484	0.003153
0.8476	-0.1104	0.005314
0.8276	-0.0846	0.008742
0.8222	-0.06235	-0.01353
0.903	-0.07666	-0.01724
1.017	-0.1483	-0.03178
1.129	-0.1534	-0.05259
1.185	-0.1611	-0.04357
1.26	-0.1756	-0.01074
1.346	-0.1522	0.005642
1.386	-0.1237	-0.07416
1.478	-0.1286	-0.2303
1.405	-0.3688	-0.2965
1.116	-0.666	-0.2006
0.8796	-0.6158	-0.09998
0.7574	-0.4434	-0.1062
0.8793	-0.4123	-0.133
1.058	-0.3931	-0.1718
1.032	-0.4477	-0.2394
1.048	-0.5534	-0.2269
1.016	-0.5014	-0.1531
0.8728	-0.396	-0.1128
0.8349	-0.2578	-0.1083
0.7738	-0.1154	-0.1421
0.7369	-0.1401	-0.1777
0.7814	-0.1691	-0.1989
0.7889	-0.1737	-0.2297
0.838	-0.2189	-0.2335
0.873	-0.2157	-0.2105
0.8735	-0.2269	-0.1762
0.8972	-0.2116	-0.1374
0.8888	-0.1464	-0.1077
0.9099	-0.08962	-0.06206
0.9584	-0.04429	-0.04235
0.9746	-0.06935	-0.06195
0.9818	-0.09105	-0.05629
0.9874	-0.1234	-0.06065
1.027	-0.226	-0.1048
1.089	-0.2451	-0.1386
1.182	-0.2133	-0.1083
1.423	-0.2345	-1.724e-05
1.64	-0.2791	0.07363
1.532	-0.4184	-0.03217
1.3	-0.5692	-0.2582
1.133	-0.4776	-0.3986
1.031	-0.3303	-0.3963
1.225	-0.3997	-0.3193
1.396	-0.4737	-0.2066
1.136	-0.4882	-0.1048
0.835	-0.4764	-0.03913
0.6667	-0.2996	-0.02904
0.6312	-0.1618	-0.06702
0.7642	-0.1874	-0.09111
0.7951	-0.2561	-0.09069
0.7644	-0.3332	-0.06723
0.7736	-0.3242	-0.03361
0.769	-0.2696	-0.007408
0.797	-0.1845	0.02553
0.8129	-0.05436	0.0479
0.8344	-0.03067	0.05883
0.8458	-0.06126	0.06309
0.8363	-0.05974	0.05814
0.8801	-0.07269	0.05099
0.9415	-0.1307	0.02107
1.041	-0.2182	-0.0255
1.173	-0.253	-0.05713
1.338	-0.2288	-0.05407
1.469	-0.1282	-0.02877
1.418	0.06515	-0.03937
1.379	0.1258	-0.1555
1.383	-0.196	-0.3019
1.194	-0.6296	-0.2708
0.9278	-0.6642	-0.1318
0.7957	-0.4409	-0.09406
0.939	-0.3399	-0.1497
1.139	-0.3393	-0.2507
1.044	-0.3881	-0.2818
0.9675	-0.4584	-0.2075
0.99	-0.4821	-0.168
0.8755	-0.4179	-0.1637
0.8297	-0.2797	-0.1861
0.7748	-0.2087	-0.2243
0.6961	-0.2066	-0.2272
0.7627	-0.19	-0.236
0.7785	-0.1805	-0.2341
0.8099	-0.1559	-0.2193
0.8523	-0.1385	-0.195
0.8231	-0.137	-0.1465
0.8818	-0.1019	-0.1197
0.8819	-0.06955	-0.1019
0.8546	-0.05434	-0.1031
0.9043	-0.05522	-0.1102
0.9345	-0.09497	-0.1012
1.038	-0.16	-0.1253
1.103	-0.1892	-0.1393
1.103	-0.1504	-0.1345
1.206	-0.09435	-0.1409
1.261	-0.04644	-0.129
1.262	-0.08753	-0.09401
1.339	-0.2756	-0.06665
1.341	-0.4784	-0.1461
1.163	-0.5344	-0.2991
1.008	-0.3771	-0.3478
1.102	-0.2485	-0.2923
1.377	-0.3557	-0.2569
1.64	-0.2791	0.07363
1.532	-0.4184	-0.03217
1.3	-0.5692	-0.2582
1.133	-0.4776	-0.3986
1.031	-0.3303	-0.3963
1.225	-0.3997	-0.3193
1.396	-0.4737	-0.2066
1.136	-0.4882	-0.1048
0.835	-0.4764	-0.03913
0.6667	-0.2996	-0.02904
0.6312	-0.1618	-0.06702
0.7642	-0.1874	-0.09111
0.7951	-0.2561	-0.09069
0.7644	-0.3332	-0.06723
0.7736	-0.3242	-0.03361
0.769	-0.2696	-0.007408
0.797	-0.1845	0.02553
0.8129	-0.05436	0.0479
0.8344	-0.03067	0.05883
0.8458	-0.06126	0.06309
0.8363	-0.05974	0.05814
0.8801	-0.07269	0.05099
0.9415	-0.1307	0.02107
1.041	-0.2182	-0.0255
1.173	-0.253	-0.05713
1.338	-0.2288	-0.05407
1.469	-0.1282	-0.02877
1.418	0.06515	-0.03937
1.379	0.1258	-0.1555
1.383	-0.196	-0.3019
1.194	-0.6296	-0.2708
0.9278	-0.6642	-0.1318
0.7957	-0.4409	-0.09406
0.939	-0.3399	-0.1497
1.139	-0.3393	-0.2507
1.044	-0.3881	-0.2818
0.9675	-0.4584	-0.2075
0.99	-0.4821	-0.168
0.8755	-0.4179	-0.1637
0.8297	-0.2797	-0.1861
0.7748	-0.2087	-0.2243
0.6961	-0.2066	-0.2272
0.7627	-0.19	-0.236
0.7785	-0.1805	-0.2341
0.8099	-0.1559	-0.2193
0.8523	-0.1385	-0.195
0.8231	-0.137	-0.1465
0.8818	-0.1019	-0.1197
0.8819	-0.06955	-0.1019
0.8546	-0.05434	-0.1031
0.9043	-0.05522	-0.1102
0.9345	-0.09497	-0.1012
1.038	-0.16	-0.1253
1.103	-0.1892	-0.1393
1.103	-0.1504	-0.1345
1.206	-0.09435	-0.1409
1.261	-0.04644	-0.129
1.262	-0.08753	-0.09401
1.339	-0.2756	-0.06665
1.341	-0.4784	-0.1461
1.163	-0.5344	-0.2991
1.008	-0.3771	-0.3478
1.102	-0.2485	-0.2923
1.377	-0.3557	-0.2569
1.533	-0.4729	-0.2587
1.282	-0.4854	-0.2044
0.818	-0.3587	-0.1113
0.6582	-0.1139	-0.07653
0.7223	-0.07527	-0.06765
0.7415	-0.1883	-0.06835
0.7864	-0.2332	-0.1034
0.7789	-0.3118	-0.1264
0.7376	-0.3347	-0.1037
0.7475	-0.2755	-0.03917
0.71	-0.2555	0.01862
0.735	-0.1945	0.02797
0.8239	-0.1559	0.02913
0.8585	-0.1867	0.04346
0.881	-0.1576	0.0315
0.9041	-0.09751	0.000934
1.006	-0.06368	-0.02477
1.118	-0.07921	-0.07041
1.151	-0.1485	-0.09255
1.245	-0.1776	-0.04635
1.377	-0.1143	-0.02722
1.47	-0.01736	-0.1427
1.512	-0.07187	-0.355
1.469	-0.4206	-0.4569
1.308	-0.8245	-0.338
0.9443	-0.8343	-0.1494
0.6526	-0.5073	-0.02464
0.7694	-0.2843	-0.002151
0.9601	-0.1996	-0.08456
1.005	-0.2248	-0.1865
1.094	-0.3857	-0.2419
1.053	-0.4531	-0.2089
0.9032	-0.4081	-0.1399
0.848	-0.2811	-0.1703
0.7207	-0.1332	-0.1975
0.6971	-0.1192	-0.1846
0.8103	-0.1341	-0.2367
0.8353	-0.1548	-0.2334
0.8979	-0.1664	-0.196
0.8801	-0.1404	-0.1802
0.837	-0.1171	-0.1281
0.8982	-0.02844	-0.1249
0.8886	0.02709	-0.1159
0.9341	0.001194	-0.09093
0.9805	-0.07674	-0.1026
0.9618	-0.1786	-0.07708
1.005	-0.1942	-0.1092
1.044	-0.1973	-0.1856
1.16	-0.2054	-0.1876
1.288	-0.207	-0.1309
1.327	-0.2859	-0.01441
1.362	-0.4261	0.02982
1.296	-0.5112	-0.1214
1.122	-0.3986	-0.3259
0.9913	-0.2876	-0.3991
1.117	-0.3713	-0.3689
1.405	-0.4603	-0.3546
1.455	-0.5252	-0.3118
1.302	-0.5521	-0.2217
0.9353	-0.4039	-0.1087
0.4959	-0.2204	0.02759
0.5882	-0.1643	0.01692
0.8459	-0.2045	-0.09355
0.8107	-0.2811	-0.09503
1.533	-0.4729	-0.2587
1.282	-0.4854	-0.2044
0.818	-0.3587	-0.1113
0.6582	-0.1139	-0.07653
0.7223	-0.07527	-0.06765
0.7415	-0.1883	-0.06835
0.7864	-0.2332	-0.1034
0.7789	-0.3118	-0.1264
0.7376	-0.3347	-0.1037
0.7475	-0.2755	-0.03917
0.71	-0.2555	0.01862
0.735	-0.1945	0.02797
0.8239	-0.1559	0.02913
0.8585	-0.1867	0.04346
0.881	-0.1576	0.0315
0.9041	-0.09751	0.000934
1.006	-0.06368	-0.02477
1.118	-0.07921	-0.07041
1.151	-0.1485	-0.09255
1.245	-0.1776	-0.04635
1.377	-0.1143	-0.02722
1.47	-0.01736	-0.1427
1.512	-0.07187	-0.355
1.469	-0.4206	-0.4569
1.308	-0.8245	-0.338
0.9443	-0.8343	-0.1494
0.6526	-0.5073	-0.02464
0.7694	-0.2843	-0.002151
0.9601	-0.1996	-0.08456
1.005	-0.2248	-0.1865
1.094	-0.3857	-0.2419
1.053	-0.4531	-0.2089
0.9032	-0.4081	-0.1399
0.848	-0.2811	-0.1703
0.7207	-0.1332	-0.1975
0.6971	-0.1192	-0.1846
0.8103	-0.1341	-0.2367
0.8353	-0.1548	-0.2334
0.8979	-0.1664	-0.196
0.8801	-0.1404	-0.1802
0.837	-0.1171	-0.1281
0.8982	-0.02844	-0.1249
0.8886	0.02709	-0.1159
0.9341	0.001194	-0.09093
0.9805	-0.07674	-0.1026
0.9618	-0.1786	-0.07708
1.005	-0.1942	-0.1092
1.044	-0.1973	-0.1856
1.16	-0.2054	-0.1876
1.288	-0.207	-0.1309
1.327	-0.2859	-0.01441
1.362	-0.4261	0.02982
1.296	-0.5112	-0.1214
1.122	-0.3986	-0.3259
0.9913	-0.2876	-0.3991
1.117	-0.3713	-0.3689
1.405	-0.4603	-0.3546
1.455	-0.5252	-0.3118
1.302	-0.5521	-0.2217
0.9353	-0.4039	-0.1087
0.4959	-0.2204	0.02759
0.5882	-0.1643	0.01692
0.8459	-0.2045	-0.09355
0.8107	-0.2811	-0.09503
0.8858	-0.3428	-0.09929
0.9055	-0.3667	-0.09625
0.7889	-0.3151	-0.00832
0.8403	-0.2223	0.0259
0.8106	-0.1645	0.03463
0.7764	-0.1159	0.0466
0.8239	-0.09261	0.04733
0.7845	-0.06743	0.06007
0.8698	-0.02884	0.01053
0.9669	-0.05357	-0.0299
1.029	-0.1109	-0.0382
1.174	-0.2015	-0.07441
1.236	-0.2534	-0.07716
1.317	-0.2007	-0.07296
1.394	-0.1861	-0.1081
1.456	-0.2337	-0.2731
1.593	-0.3359	-0.5354
1.477	-0.4545	-0.5485
1.03	-0.4308	-0.2183
0.6108	-0.3762	0.04987
0.6047	-0.4007	-0.02461
0.8552	-0.3211	-0.1248
0.9512	-0.2193	-0.1023
1.057	-0.2967	-0.204
1.07	-0.4285	-0.2418
0.9238	-0.5147	-0.1762
0.9785	-0.4709	-0.2147
0.9083	-0.3095	-0.1735
0.7375	-0.2369	-0.1696
0.8002	-0.1978	-0.2634
0.7911	-0.1832	-0.2277
0.8248	-0.2247	-0.2362
0.891	-0.1866	-0.2478
0.8225	-0.1669	-0.1894
0.8488	-0.1456	-0.1974
0.8472	-0.08152	-0.1617
0.8478	-0.09202	-0.1299
0.8983	-0.07014	-0.1125
0.8914	-0.06441	-0.08463
0.9815	-0.1399	-0.1205
1.052	-0.1797	-0.121
1.045	-0.1922	-0.1542
1.091	-0.1548	-0.2018
1.168	-0.09715	-0.1662
1.231	-0.07986	-0.1148
1.267	-0.1645	-0.006408
1.323	-0.3818	0.007059
1.286	-0.4784	-0.1952
1.129	-0.38	-0.3908
1.037	-0.2691	-0.4055
1.148	-0.2198	-0.3049
1.439	-0.3018	-0.2796
1.518	-0.4658	-0.2689
1.191	-0.5165	-0.1705
0.7822	-0.3561	-0.08578
0.6777	-0.1511	-0.06276
0.8341	-0.1342	-0.1281
0.8463	-0.2287	-0.1786
0.8025	-0.3084	-0.1467
0.8144	-0.3841	-0.115
0.7252	-0.3817	-0.04801
0.7256	-0.2983	0.002114
0.7767	-0.224	0.002203
0.7756	-0.1568	0.01867
0.8858	-0.3428	-0.09929
0.9055	-0.3667	-0.09625
0.7889	-0.3151	-0.00832
0.8403	-0.2223	0.0259
0.8106	-0.1645	0.03463
0.7764	-0.1159	0.0466
0.8239	-0.09261	0.04733
0.7845	-0.06743	0.06007
0.8698	-0.02884	0.01053
0.9669	-0.05357	-0.0299
1.029	-0.1109	-0.0382
1.174	-0.2015	-0.07441
1.236	-0.2534	-0.07716
1.317	-0.2007	-0.07296
1.394	-0.1861	-0.1081
1.456	-0.2337	-0.2731
1.593	-0.3359	-0.5354
1.477	-0.4545	-0.5485
1.03	-0.4308	-0.2183
0.6108	-0.3762	0.04987
0.6047	-0.4007	-0.02461
0.8552	-0.3211	-0.1248
0.9512	-0.2193	-0.1023
1.057	-0.2967	-0.204
1.07	-0.4285	-0.2418
0.9238	-0.5147	-0.1762
0.9785	-0.4709	-0.2147
0.9083	-0.3095	-0.1735
0.7375	-0.2369	-0.1696
0.8002	-0.1978	-0.2634
0.7911	-0.1832	-0.2277
0.8248	-0.2247	-0.2362
0.891	-0.1866	-0.2478
0.8225	-0.1669	-0.1894
0.8488	-0.1456	-0.1974
0.8472	-0.08152	-0.1617
0.8478	-0.09202	-0.1299
0.8983	-0.07014	-0.1125
0.8914	-0.06441	-0.08463
0.9815	-0.1399	-0.1205
1.052	-0.1797	-0.121
1.045	-0.1922	-0.1542
1.091	-0.1548	-0.2018
1.168	-0.09715	-0.1662
1.231	-0.07986	-0.1148
1.267	-0.1645	-0.006408
1.323	-0.3818	0.007059
1.286	-0.4784	-0.1952
1.129	-0.38	-0.3908
1.037	-0.2691	-0.4055
1.148	-0.2198	-0.3049
1.439	-0.3018	-0.2796
1.518	-0.4658	-0.2689
1.191	-0.5165	-0.1705
0.7822	-0.3561	-0.08578
0.6777	-0.1511	-0.06276
0.8341	-0.1342	-0.1281
0.8463	-0.2287	-0.1786
0.8025	-0.3084	-0.1467
0.8144	-0.3841	-0.115
0.7252	-0.3817	-0.04801
0.7256	-0.2983	0.002114
0.7767	-0.224	0.002203
0.7756	-0.1568	0.01867
0.8102	-0.1242	0.02197
0.7887	-0.1061	0.03971
0.7928	-0.04202	0.05234
0.893	-0.03002	0.02099
1.042	-0.08499	-0.01725
1.188	-0.1324	-0.06998
1.215	-0.1672	-0.09058
1.242	-0.1638	-0.06567
1.307	-0.1177	-0.06363
1.332	-0.02685	-0.1144
1.49	-0.02907	-0.2401
1.648	-0.3461	-0.3795
1.415	-0.7759	-0.4053
1.07	-0.8362	-0.3146
0.9258	-0.5101	-0.1384
0.6992	-0.2674	0.0534
0.6629	-0.2658	0.019
0.9643	-0.2952	-0.1411
1.043	-0.2992	-0.1711
1.1	-0.3649	-0.2448
1.124	-0.4966	-0.2628
0.9102	-0.5056	-0.1432
0.894	-0.3759	-0.1499
0.7967	-0.2645	-0.1407
0.6747	-0.1604	-0.1434
0.8056	-0.1381	-0.2275
0.7874	-0.1766	-0.2178
0.8687	-0.1739	-0.244
0.967	-0.2018	-0.2277
0.8661	-0.1906	-0.1612
0.9001	-0.129	-0.1677
0.8999	-0.08215	-0.1142
0.9016	-0.0361	-0.0973
0.9789	-0.0463	-0.09031
0.9887	-0.06632	-0.04585
0.9991	-0.09801	-0.07468
0.9782	-0.1852	-0.08993
1.028	-0.2154	-0.1181
1.119	-0.1941	-0.1391
1.182	-0.1898	-0.08499
1.287	-0.2044	-0.0251
1.319	-0.2741	0.0005142
1.297	-0.3636	-0.0905
1.208	-0.3614	-0.2624
1.096	-0.3087	-0.372
1.156	-0.3269	-0.3551
1.323	-0.3923	-0.2595
1.416	-0.4732	-0.1647
1.219	-0.5022	-0.05586
0.8806	-0.3949	-0.01552
0.7958	-0.2672	-0.07388
0.82	-0.2004	-0.107
0.7877	-0.2225	-0.1148
0.7942	-0.3297	-0.09517
0.7644	-0.4002	-0.04852
0.722	-0.4099	-0.02218
0.7347	-0.3355	-5.057e-05
0.7516	-0.2196	0.003655
0.8169	-0.1443	0.01557
0.8806	-0.06276	0.05338
0.8723	-0.04949	0.05654
0.8602	-0.04773	0.07446
0.8481	0.02363	0.1117
0.8578	0.01488	0.07379
0.8102	-0.1242	0.02197
0.7887	-0.1061	0.03971
0.7928	-0.04202	0.05234
0.893	-0.03002	0.02099
1.042	-0.08499	-0.01725
1.188	-0.1324	-0.06998
1.215	-0.1672	-0.09058
1.242	-0.1638	-0.06567
1.307	-0.1177	-0.06363
1.332	-0.02685	-0.1144
1.49	-0.02907	-0.2401
1.648	-0.3461	-0.3795
1.415	-0.7759	-0.4053
1.07	-0.8362	-0.3146
0.9258	-0.5101	-0.1384
0.6992	-0.2674	0.0534
0.6629	-0.2658	0.019
0.9643	-0.2952	-0.1411
1.043	-0.2992	-0.1711
1.1	-0.3649	-0.2448
1.124	-0.4966	-0.2628
0.9102	-0.5056	-0.1432
0.894	-0.3759	-0.1499
0.7967	-0.2645	-0.1407
0.6747	-0.1604	-0.1434
0.8056	-0.1381	-0.2275
0.7874	-0.1766	-0.2178
0.8687	-0.1739	-0.244
0.967	-0.2018	-0.2277
0.8661	-0.1906	-0.1612
0.9001	-0.129	-0.1677
0.8999	-0.08215	-0.1142
0.9016	-0.0361	-0.0973
0.9789	-0.0463	-0.09031
0.9887	-0.06632	-0.04585
0.9991	-0.09801	-0.07468
0.9782	-0.1852	-0.08993
1.028	-0.2154	-0.1181
1.119	-0.1941	-0.1391
1.182	-0.1898	-0.08499
1.287	-0.2044	-0.0251
1.319	-0.2741	0.0005142
1.297	-0.3636	-0.0905
1.208	-0.3614	-0.2624
1.096	-0.3087	-0.372
1.156	-0.3269	-0.3551
1.323	-0.3923	-0.2595
1.416	-0.4732	-0.1647
1.219	-0.5022	-0.05586
0.8806	-0.3949	-0.01552
0.7958	-0.2672	-0.07388
0.82	-0.2004	-0.107
0.7877	-0.2225	-0.1148
0.7942	-0.3297	-0.09517
0.7644	-0.4002	-0.04852
0.722	-0.4099	-0.02218
0.7347	-0.3355	-5.057e-05
0.7516	-0.2196	0.003655
0.8169	-0.1443	0.01557
0.8806	-0.06276	0.05338
0.8723	-0.04949	0.05654
0.8602	-0.04773	0.07446
0.8481	0.02363	0.1117
0.8578	0.01488	0.07379
0.9478	-0.02322	0.01956
1.101	-0.07037	0.006637
1.204	-0.1706	-0.01317
1.213	-0.1946	-0.01148
1.244	-0.1549	0.02679
1.298	-0.06387	0.02235
1.4	0.02753	-0.1166
1.533	-0.1482	-0.357
1.416	-0.5052	-0.4196
1.064	-0.6376	-0.1932
0.7445	-0.5124	0.004707
0.6555	-0.3613	-0.0122
0.843	-0.273	-0.07175
1.005	-0.2748	-0.08743
1.064	-0.3754	-0.144
1.094	-0.4626	-0.1744
0.9857	-0.4401	-0.1187
0.9104	-0.3337	-0.1058
0.86	-0.1983	-0.1338
0.7852	-0.1359	-0.1414
0.845	-0.1625	-0.1553
0.8598	-0.1434	-0.1619
0.8627	-0.1235	-0.1607
0.9248	-0.1507	-0.1414
0.9152	-0.1237	-0.1214
0.9306	-0.1016	-0.1283
0.9195	-0.08956	-0.1144
0.9064	-0.02139	-0.08082
0.9362	0.001446	-0.05187
0.9209	-0.05073	-0.04845
0.9489	-0.1137	-0.05186
0.9618	-0.146	-0.051
1.001	-0.1216	-0.1258
1.128	-0.07813	-0.1946
1.209	-0.05779	-0.1386
1.34	-0.1207	-0.05289
1.467	-0.2986	-0.02978
1.402	-0.4395	-0.08065
1.213	-0.4086	-0.1949
1.005	-0.3283	-0.2885
0.9593	-0.3232	-0.2655
1.143	-0.3464	-0.1773
1.259	-0.4077	-0.09903
1.162	-0.4606	-0.02801
1.015	-0.3483	-0.02158
0.8627	-0.1667	-0.05507
0.7822	-0.1091	-0.05755
0.8293	-0.1618	-0.07177
0.8246	-0.2147	-0.07855
0.7995	-0.2406	-0.06867
0.8142	-0.2781	-0.05654
0.7828	-0.2626	-0.01232
0.7941	-0.2025	0.01149
0.826	-0.1791	0.02309
0.8168	-0.1481	0.05059
0.8287	-0.1412	0.04828
0.8068	-0.1441	0.0576
0.7836	-0.09576	0.07419
0.8378	-0.08096	0.05076
0.9375	-0.08686	0.02255
1.073	-0.1066	-0.01045
1.182	-0.1665	-0.04013
1.245	-0.1982	-0.0298
1.319	-0.1862	0.008226
0.9478	-0.02322	0.01956
1.101	-0.07037	0.006637
1.204	-0.1706	-0.01317
1.213	-0.1946	-0.01148
1.244	-0.1549	0.02679
1.298	-0.06387	0.02235
1.4	0.02753	-0.1166
1.533	-0.1482	-0.357
1.416	-0.5052	-0.4196
1.064	-0.6376	-0.1932
0.7445	-0.5124	0.004707
0.6555	-0.3613	-0.0122
0.843	-0.273	-0.07175
1.005	-0.2748	-0.08743
1.064	-0.3754	-0.144
1.094	-0.4626	-0.1744
0.9857	-0.4401	-0.1187
0.9104	-0.3337	-0.1058
0.86	-0.1983	-0.1338
0.7852	-0.1359	-0.1414
0.845	-0.1625	-0.1553
0.8598	-0.1434	-0.1619
0.8627	-0.1235	-0.1607
0.9248	-0.1507	-0.1414
0.9152	-0.1237	-0.1214
0.9306	-0.1016	-0.1283
0.9195	-0.08956	-0.1144
0.9064	-0.02139	-0.08082
0.9362	0.001446	-0.05187
0.9209	-0.05073	-0.04845
0.9489	-0.1137	-0.05186
0.9618	-0.146	-0.051
1.001	-0.1216	-0.1258
1.128	-0.07813	-0.1946
1.209	-0.05779	-0.1386
1.34	-0.1207	-0.05289
1.467	-0.2986	-0.02978
1.402	-0.4395	-0.08065
1.213	-0.4086	-0.1949
1.005	-0.3283	-0.2885
0.9593	-0.3232	-0.2655
1.143	-0.3464	-0.1773
1.259	-0.4077	-0.09903
1.162	-0.4606	-0.02801
1.015	-0.3483	-0.02158
0.8627	-0.1667	-0.05507
0.7822	-0.1091	-0.05755
0.8293	-0.1618	-0.07177
0.8246	-0.2147	-0.07855
0.7995	-0.2406	-0.06867
0.8142	-0.2781	-0.05654
0.7828	-0.2626	-0.01232
0.7941	-0.2025	0.01149
0.826	-0.1791	0.02309
0.8168	-0.1481	0.05059
0.8287	-0.1412	0.04828
0.8068	-0.1441	0.0576
0.7836	-0.09576	0.07419
0.8378	-0.08096	0.05076
0.9375	-0.08686	0.02255
1.073	-0.1066	-0.01045
1.182	-0.1665	-0.04013
1.245	-0.1982	-0.0298
1.319	-0.1862	0.008226
1.384	-0.07864	0.0228
1.479	0.02513	-0.07656
1.554	-0.1488	-0.2518
1.362	-0.4943	-0.2993
1.004	-0.6526	-0.198
0.8338	-0.5519	-0.1138
0.8066	-0.4057	-0.08866
0.8527	-0.34	-0.08655
0.9716	-0.3275	-0.1188
0.996	-0.4136	-0.1756
1.001	-0.5366	-0.2093
1.016	-0.5313	-0.1995
0.9405	-0.4018	-0.1815
0.8754	-0.2142	-0.1781
0.8229	-0.1228	-0.1862
0.8108	-0.147	-0.225
0.8296	-0.09755	-0.2721
0.8045	-0.08434	-0.2729
0.8626	-0.1517	-0.2437
0.9097	-0.1426	-0.2118
0.8768	-0.1417	-0.1748
0.8845	-0.1471	-0.1563
0.877	-0.1128	-0.1399
0.8797	-0.1026	-0.1104
0.9126	-0.08338	-0.1041
0.9403	-0.07703	-0.08778
0.9728	-0.125	-0.07785
0.9806	-0.2191	-0.1185
1.02	-0.2968	-0.1342
1.085	-0.2721	-0.1314
1.157	-0.2292	-0.1191
1.258	-0.218	-0.06337
1.339	-0.2454	-0.04388
1.387	-0.4059	-0.08834
1.309	-0.5478	-0.1873
1.1	-0.4474	-0.3166
0.9838	-0.2943	-0.3754
1.095	-0.3181	-0.3275
1.318	-0.3869	-0.24
1.35	-0.4649	-0.1672
1.086	-0.5546	-0.08932
0.7636	-0.4431	-0.07368
0.6876	-0.2412	-0.1236
0.8033	-0.1493	-0.1098
0.7881	-0.1465	-0.09114
0.7679	-0.2447	-0.08159
0.8248	-0.3193	-0.05138
0.7891	-0.321	-0.05149
0.8082	-0.2834	-0.02209
0.8211	-0.1757	0.003367
0.7749	-0.1016	0.01296
0.8029	-0.06619	0.0546
0.8046	-0.06224	0.07055
0.8338	-0.08032	0.07526
0.9063	-0.03625	0.05155
0.9899	-0.02641	-0.002635
1.107	-0.07822	-0.03212
1.134	-0.169	-0.05672
1.192	-0.2687	-0.05581
1.311	-0.2596	-0.02055
1.384	-0.2108	-0.03588
1.563	-0.2286	-0.2558
1.718	-0.4152	-0.5382
1.496	-0.7488	-0.4751
1.384	-0.07864	0.0228
1.479	0.02513	-0.07656
1.554	-0.1488	-0.2518
1.362	-0.4943	-0.2993
1.004	-0.6526	-0.198
0.8338	-0.5519	-0.1138
0.8066	-0.4057	-0.08866
0.8527	-0.34	-0.08655
0.9716	-0.3275	-0.1188
0.996	-0.4136	-0.1756
1.001	-0.5366	-0.2093
1.016	-0.5313	-0.1995
0.9405	-0.4018	-0.1815
0.8754	-0.2142	-0.1781
0.8229	-0.1228	-0.1862
0.8108	-0.147	-0.225
0.8296	-0.09755	-0.2721
0.8045	-0.08434	-0.2729
0.8626	-0.1517	-0.2437
0.9097	-0.1426	-0.2118
0.8768	-0.1417	-0.1748
0.8845	-0.1471	-0.1563
0.877	-0.1128	-0.1399
0.8797	-0.1026	-0.1104
0.9126	-0.08338	-0.1041
0.9403	-0.07703	-0.08778
0.9728	-0.125	-0.07785
0.9806	-0.2191	-0.1185
1.02	-0.2968	-0.1342
1.085	-0.2721	-0.1314
1.157	-0.2292	-0.1191
1.258	-0.218	-0.06337
1.339	-0.2454	-0.04388
1.387	-0.4059	-0.08834
1.309	-0.5478	-0.1873
1.1	-0.4474	-0.3166
0.9838	-0.2943	-0.3754
1.095	-0.3181	-0.3275
1.318	-0.3869	-0.24
1.35	-0.4649	-0.1672
1.086	-0.5546	-0.08932
0.7636	-0.4431	-0.07368
0.6876	-0.2412	-0.1236
0.8033	-0.1493	-0.1098
0.7881	-0.1465	-0.09114
0.7679	-0.2447	-0.08159
0.8248	-0.3193	-0.05138
0.7891	-0.321	-0.05149
0.8082	-0.2834	-0.02209
0.8211	-0.1757	0.003367
0.7749	-0.1016	0.01296
0.8029	-0.06619	0.0546
0.8046	-0.06224	0.07055
0.8338	-0.08032	0.07526
0.9063	-0.03625	0.05155
0.9899	-0.02641	-0.002635
1.107	-0.07822	-0.03212
1.134	-0.169	-0.05672
1.192	-0.2687	-0.05581
1.311	-0.2596	-0.02055
1.384	-0.2108	-0.03588
1.563	-0.2286	-0.2558
1.718	-0.4152	-0.5382
1.496	-0.7488	-0.4751
0.982	-0.8343	-0.203
0.6703	-0.5175	-0.05954
0.738	-0.198	-0.0247
0.8661	-0.1791	-0.07627
0.9641	-0.2911	-0.1398
1.093	-0.3813	-0.2105
1.082	-0.5194	-0.2798
0.9509	-0.5611	-0.1892
0.872	-0.4156	-0.1295
0.7756	-0.2713	-0.1706
0.7233	-0.1696	-0.1676
0.7863	-0.131	-0.2213
0.8024	-0.1862	-0.2378
0.8532	-0.2086	-0.1984
0.9011	-0.2009	-0.1957
0.8509	-0.1745	-0.1442
0.8757	-0.08165	-0.1185
0.8876	-0.01117	-0.118
0.8875	0.01387	-0.09976
0.9432	0.006125	-0.1042
0.9451	-0.05785	-0.1108
0.9812	-0.1298	-0.1479
1.054	-0.1512	-0.1618
1.125	-0.1126	-0.1453
1.186	-0.07377	-0.1324
1.213	-0.07098	-0.05498
1.331	-0.1907	0.03939
1.409	-0.4713	0.04533
1.262	-0.6081	-0.1182
1.043	-0.4599	-0.3519
0.938	-0.3115	-0.4031
1.093	-0.3125	-0.3036
1.406	-0.4079	-0.2301
1.548	-0.5364	-0.1693
1.396	-0.5338	-0.1134
0.9992	-0.293	-0.1367
0.6368	-0.0319	-0.1657
0.6949	-0.0003013	-0.1485
0.8708	-0.1223	-0.1523
0.788	-0.252	-0.1181
0.7855	-0.3775	-0.06724
0.8331	-0.3978	-0.07315
0.7411	-0.3376	-0.05518
0.7673	-0.3466	-0.02314
0.7811	-0.2531	0.006602
0.7693	-0.1184	0.04447
0.8616	-0.1214	0.02837
0.8373	-0.06845	0.01143
0.8315	-0.05778	0.02369
0.8998	-0.1086	0.00489
0.9597	-0.1108	-0.01876
1.09	-0.197	-0.04004
1.148	-0.2232	-0.06323
1.196	-0.1984	-0.05366
1.276	-0.1932	-0.04963
1.317	-0.0942	-0.08709
1.51	-0.04658	-0.203
1.701	-0.1429	-0.3748
1.522	-0.4454	-0.3905
1.122	-0.7512	-0.2469
0.8388	-0.6369	-0.128
0.6983	-0.3592	-0.03577
0.7855	-0.2468	-0.03445
0.9918	-0.1994	-0.1272
0.982	-0.8343	-0.203
0.6703	-0.5175	-0.05954
0.738	-0.198	-0.0247
0.8661	-0.1791	-0.07627
0.9641	-0.2911	-0.1398
1.093	-0.3813	-0.2105
1.082	-0.5194	-0.2798
0.9509	-0.5611	-0.1892
0.872	-0.4156	-0.1295
0.7756	-0.2713	-0.1706
0.7233	-0.1696	-0.1676
0.7863	-0.131	-0.2213
0.8024	-0.1862	-0.2378
0.8532	-0.2086	-0.1984
0.9011	-0.2009	-0.1957
0.8509	-0.1745	-0.1442
0.8757	-0.08165	-0.1185
0.8876	-0.01117	-0.118
0.8875	0.01387	-0.09976
0.9432	0.006125	-0.1042
0.9451	-0.05785	-0.1108
0.9812	-0.1298	-0.1479
1.054	-0.1512	-0.1618
1.125	-0.1126	-0.1453
1.186	-0.07377	-0.1324
1.213	-0.07098	-0.05498
1.331	-0.1907	0.03939
1.409	-0.4713	0.04533
1.262	-0.6081	-0.1182
1.043	-0.4599	-0.3519
0.938	-0.3115	-0.4031
1.093	-0.3125	-0.3036
1.406	-0.4079	-0.2301
1.548	-0.5364	-0.1693
1.396	-0.5338	-0.1134
0.9992	-0.293	-0.1367
0.6368	-0.0319	-0.1657
0.6949	-0.0003013	-0.1485
0.8708	-0.1223	-0.1523
0.788	-0.252	-0.1181
0.7855	-0.3775	-0.06724
0.8331	-0.3978	-0.07315
0.7411	-0.3376	-0.05518
0.7673	-0.3466	-0.02314
0.7811	-0.2531	0.006602
0.7693	-0.1184	0.04447
0.8616	-0.1214	0.02837
0.8373	-0.06845	0.01143
0.8315	-0.05778	0.02369
0.8998	-0.1086	0.00489
0.9597	-0.1108	-0.01876
1.09	-0.197	-0.04004
1.148	-0.2232	-0.06323
1.196	-0.1984	-0.05366
1.276	-0.1932	-0.04963
1.317	-0.0942	-0.08709
1.51	-0.04658	-0.203
1.701	-0.1429	-0.3748
1.522	-0.4454	-0.3905
1.122	-0.7512	-0.2469
0.8388	-0.6369	-0.128
0.6983	-0.3592	-0.03577
0.7855	-0.2468	-0.03445
0.9918	-0.1994	-0.1272
1.009	-0.3083	-0.1906
1.053	-0.5083	-0.2434
1.051	-0.5346	-0.2116
0.8902	-0.4654	-0.1357
0.8586	-0.3349	-0.1595
0.7682	-0.1942	-0.1728
0.7138	-0.1741	-0.1936
0.801	-0.1715	-0.2361
0.8052	-0.2083	-0.2235
0.9009	-0.2557	-0.2314
0.934	-0.2387	-0.2013
0.8565	-0.2137	-0.1331
0.8874	-0.1356	-0.1084
0.8842	-0.08934	-0.07921
0.905	-0.09072	-0.06676
0.9427	-0.09498	-0.06669
0.9347	-0.1471	-0.07419
0.98	-0.19	-0.1099
1.037	-0.2359	-0.1479
1.128	-0.2198	-0.1737
1.204	-0.1318	-0.131
1.236	-0.1072	-0.06344
1.288	-0.1704	-0.03128
1.305	-0.3364	-0.01846
1.286	-0.477	-0.1028
1.143	-0.497	-0.2558
0.9307	-0.4615	-0.3412
0.9496	-0.4193	-0.336
1.172	-0.4442	-0.273
1.356	-0.4542	-0.197
1.337	-0.4227	-0.1436
1.082	-0.3894	-0.1203
0.8105	-0.2755	-0.134
0.7319	-0.2131	-0.1536
0.7759	-0.2532	-0.1153
0.7576	-0.2909	-0.05266
0.7187	-0.36	-0.02961
0.7601	-0.388	-0.02344
0.7767	-0.3356	-0.02784
0.7747	-0.275	-0.02626
0.8015	-0.1966	-0.01295
0.8038	-0.1426	-0.007643
0.8278	-0.137	0.03403
0.8446	-0.1108	0.0823
0.8458	-0.08256	0.07468
0.9093	-0.0918	0.02684
0.9822	-0.1058	-0.02104
1.028	-0.1454	-0.03421
1.1	-0.19	-0.04416
1.279	-0.1705	-0.04426
1.45	-0.1471	-0.03617
1.46	-0.1545	-0.1339
1.526	-0.2373	-0.3145
1.593	-0.4935	-0.3919
1.264	-0.6891	-0.2744
0.808	-0.5255	-0.09737
0.7414	-0.2724	-0.03732
0.8951	-0.2537	-0.07646
0.958	-0.3058	-0.1367
1.003	-0.3847	-0.2023
1.046	-0.5464	-0.2597
1.014	-0.6007	-0.2626
0.9814	-0.5397	-0.2217
0.8984	-0.3992	-0.1839
1.009	-0.3083	-0.1906
1.053	-0.5083	-0.2434
1.051	-0.5346	-0.2116
0.8902	-0.4654	-0.1357
0.8586	-0.3349	-0.1595
0.7682	-0.1942	-0.1728
0.7138	-0.1741	-0.1936
0.801	-0.1715	-0.2361
0.8052	-0.2083	-0.2235
0.9009	-0.2557	-0.2314
0.934	-0.2387	-0.2013
0.8565	-0.2137	-0.1331
0.8874	-0.1356	-0.1084
0.8842	-0.08934	-0.07921
0.905	-0.09072	-0.06676
0.9427	-0.09498	-0.06669
0.9347	-0.1471	-0.07419
0.98	-0.19	-0.1099
1.037	-0.2359	-0.1479
1.128	-0.2198	-0.1737
1.204	-0.1318	-0.131
1.236	-0.1072	-0.06344
1.288	-0.1704	-0.03128
1.305	-0.3364	-0.01846
1.286	-0.477	-0.1028
1.143	-0.497	-0.2558
0.9307	-0.4615	-0.3412
0.9496	-0.4193	-0.336
1.172	-0.4442	-0.273
1.356	-0.4542	-0.197
1.337	-0.4227	-0.1436
1.082	-0.3894	-0.1203
0.8105	-0.2755	-0.134
0.7319	-0.2131	-0.1536
0.7759	-0.2532	-0.1153
0.7576	-0.2909	-0.05266
0.7187	-0.36	-0.02961
0.7601	-0.388	-0.02344
0.7767	-0.3356	-0.02784
0.7747	-0.275	-0.02626
0.8015	-0.1966	-0.01295
0.8038	-0.1426	-0.007643
0.8278	-0.137	0.03403
0.8446	-0.1108	0.0823
0.8458	-0.08256	0.07468
0.9093	-0.0918	0.02684
0.9822	-0.1058	-0.02104
1.028	-0.1454	-0.03421
1.1	-0.19	-0.04416
1.279	-0.1705	-0.04426
1.45	-0.1471	-0.03617
1.46	-0.1545	-0.1339
1.526	-0.2373	-0.3145
1.593	-0.4935	-0.3919
1.264	-0.6891	-0.2744
0.808	-0.5255	-0.09737
0.7414	-0.2724	-0.03732
0.8951	-0.2537	-0.07646
0.958	-0.3058	-0.1367
1.003	-0.3847	-0.2023
1.046	-0.5464	-0.2597
1.014	-0.6007	-0.2626
0.9814	-0.5397	-0.2217
0.8984	-0.3992	-0.1839
0.7385	-0.1979	-0.1246
0.7142	-0.1568	-0.1324
0.7819	-0.2352	-0.226
0.7851	-0.2406	-0.2594
0.8257	-0.243	-0.276
0.8629	-0.2585	-0.2659
0.8509	-0.2114	-0.2094
0.8738	-0.1851	-0.1916
0.8749	-0.1657	-0.1487
0.893	-0.06494	-0.1023
0.9337	-0.001086	-0.08144
0.9267	-0.03448	-0.07223
0.9602	-0.08724	-0.08481
0.9836	-0.1315	-0.07252
0.9856	-0.1889	-0.1088
1.068	-0.2321	-0.1426
1.158	-0.2175	-0.1108
1.266	-0.2312	-0.09207
1.402	-0.324	-0.05279
1.438	-0.4841	-0.08722
1.298	-0.5975	-0.2372
1.045	-0.4785	-0.3652
0.9518	-0.3244	-0.3688
1.147	-0.345	-0.2508
1.314	-0.4194	-0.1903
1.202	-0.4792	-0.1592
0.9672	-0.4419	-0.09129
0.7544	-0.2939	-0.0941
0.6595	-0.1604	-0.117
0.7976	-0.1006	-0.1488
0.8658	-0.199	-0.1611
0.7764	-0.3481	-0.1084
0.8027	-0.3795	-0.07149
0.8	-0.3739	-0.04665
0.777	-0.2989	-0.03175
0.8183	-0.1681	0.002338
0.7992	-0.1142	0.04902
0.8259	-0.09282	0.04675
0.8503	-0.08045	0.04585
0.8493	-0.0665	0.01646
0.9378	-0.0725	-0.02936
1.056	-0.1328	-0.03353
1.146	-0.1812	-0.06171
1.144	-0.2062	-0.08903
1.166	-0.1911	-0.06316
1.248	-0.1343	-0.006563
1.262	-0.02217	0.004502
1.404	0.03345	-0.1702
1.588	-0.2719	-0.4505
1.423	-0.7108	-0.4867
1.036	-0.7572	-0.2303
0.7866	-0.4876	-0.02047
0.8086	-0.2908	-0.007962
0.9427	-0.2754	-0.08168
0.9558	-0.3276	-0.1138
0.9656	-0.4361	-0.1357
1.04	-0.5838	-0.2045
0.9888	-0.5669	-0.1896
0.8841	-0.368	-0.1465
0.7791	-0.2079	-0.1695
0.7104	-0.1665	-0.16
0.7792	-0.2013	-0.1785
0.8009	-0.2134	-0.2225
0.8108	-0.1801	-0.2198
0.7385	-0.1979	-0.1246
0.7142	-0.1568	-0.1324
0.7819	-0.2352	-0.226
0.7851	-0.2406	-0.2594
0.8257	-0.243	-0.276
0.8629	-0.2585	-0.2659
0.8509	-0.2114	-0.2094
0.8738	-0.1851	-0.1916
0.8749	-0.1657	-0.1487
0.893	-0.06494	-0.1023
0.9337	-0.001086	-0.08144
0.9267	-0.03448	-0.07223
0.9602	-0.08724	-0.08481
0.9836	-0.1315	-0.07252
0.9856	-0.1889	-0.1088
1.068	-0.2321	-0.1426
1.158	-0.2175	-0.1108
1.266	-0.2312	-0.09207
1.402	-0.324	-0.05279
1.438	-0.4841	-0.08722
1.298	-0.5975	-0.2372
1.045	-0.4785	-0.3652
0.9518	-0.3244	-0.3688
1.147	-0.345	-0.2508
1.314	-0.4194	-0.1903
1.202	-0.4792	-0.1592
0.9672	-0.4419	-0.09129
0.7544	-0.2939	-0.0941
0.6595	-0.1604	-0.117
0.7976	-0.1006	-0.1488
0.8658	-0.199	-0.1611
0.7764	-0.3481	-0.1084
0.8027	-0.3795	-0.07149
0.8	-0.3739	-0.04665
0.777	-0.2989	-0.03175
0.8183	-0.1681	0.002338
0.7992	-0.1142	0.04902
0.8259	-0.09282	0.04675
0.8503	-0.08045	0.04585
0.8493	-0.0665	0.01646
0.9378	-0.0725	-0.02936
1.056	-0.1328	-0.03353
1.146	-0.1812	-0.06171
1.144	-0.2062	-0.08903
1.166	-0.1911	-0.06316
1.248	-0.1343	-0.006563
1.262	-0.02217	0.004502
1.404	0.03345	-0.1702
1.588	-0.2719	-0.4505
1.423	-0.7108	-0.4867
1.036	-0.7572	-0.2303
0.7866	-0.4876	-0.02047
0.8086	-0.2908	-0.007962
0.9427	-0.2754	-0.08168
0.9558	-0.3276	-0.1138
0.9656	-0.4361	-0.1357
1.04	-0.5838	-0.2045
0.9888	-0.5669	-0.1896
0.8841	-0.368	-0.1465
0.7791	-0.2079	-0.1695
0.7104	-0.1665	-0.16
0.7792	-0.2013	-0.1785
0.8009	-0.2134	-0.2225
0.8108	-0.1801	-0.2198
0.876	-0.2012	-0.2146
0.87	-0.1987	-0.1828
0.8816	-0.1652	-0.1479
0.8774	-0.1614	-0.1301
0.8675	-0.09462	-0.08932
0.9121	-0.06552	-0.07096
0.9375	-0.09229	-0.09883
1.003	-0.09206	-0.1259
1.036	-0.1492	-0.1309
1.035	-0.2111	-0.1477
1.083	-0.2192	-0.171
1.088	-0.1665	-0.1664
1.165	-0.104	-0.1375
1.329	-0.1643	-0.08181
1.407	-0.3113	-0.04189
1.361	-0.4746	-0.07621
1.172	-0.5193	-0.1873
0.9788	-0.3938	-0.3099
1.003	-0.3478	-0.3212
1.218	-0.4297	-0.2438
1.331	-0.5132	-0.1771
1.156	-0.5554	-0.0845
0.8907	-0.4527	-0.02416
0.7771	-0.2594	-0.07672
0.7982	-0.1698	-0.1057
0.8176	-0.2096	-0.09266
0.8113	-0.2966	-0.1008
0.8054	-0.3784	-0.07446
0.7937	-0.4141	-0.06006
0.8158	-0.3424	-0.05745
0.835	-0.2286	-0.01702
0.811	-0.1707	0.009242
0.7992	-0.1269	0.03313
0.8143	-0.11	0.05109
0.8279	-0.09576	0.05221
0.8389	-0.04454	0.05294
0.9287	-0.03573	0.01835
1.095	-0.03528	-0.03129
1.183	-0.05125	-0.06298
1.179	-0.1384	-0.06171
1.196	-0.2025	-0.03111
1.261	-0.1925	-0.03176
1.363	-0.116	-0.1086
1.484	-0.1147	-0.2469
1.48	-0.4059	-0.3503
1.305	-0.7943	-0.3528
1.027	-0.8042	-0.2305
0.7772	-0.4726	-0.06306
0.8448	-0.2458	-0.07377
1.015	-0.2241	-0.1662
1.01	-0.3253	-0.1776
1.085	-0.4747	-0.2207
1.055	-0.5372	-0.1997
0.8893	-0.4813	-0.1304
0.8894	-0.3107	-0.1691
0.7973	-0.168	-0.1712
0.7283	-0.1297	-0.1625
0.8016	-0.1248	-0.2009
0.79	-0.177	-0.2034
0.8707	-0.2006	-0.2239
0.9305	-0.2044	-0.2122
0.8866	-0.1985	-0.1561
0.9086	-0.122	-0.1133
0.8951	-0.07461	-0.07426
0.876	-0.2012	-0.2146
0.87	-0.1987	-0.1828
0.8816	-0.1652	-0.1479
0.8774	-0.1614	-0.1301
0.8675	-0.09462	-0.08932
0.9121	-0.06552	-0.07096
0.9375	-0.09229	-0.09883
1.003	-0.09206	-0.1259
1.036	-0.1492	-0.1309
1.035	-0.2111	-0.1477
1.083	-0.2192	-0.171
1.088	-0.1665	-0.1664
1.165	-0.104	-0.1375
1.329	-0.1643	-0.08181
1.407	-0.3113	-0.04189
1.361	-0.4746	-0.07621
1.172	-0.5193	-0.1873
0.9788	-0.3938	-0.3099
1.003	-0.3478	-0.3212
1.218	-0.4297	-0.2438
1.331	-0.5132	-0.1771
1.156	-0.5554	-0.0845
0.8907	-0.4527	-0.02416
0.7771	-0.2594	-0.07672
0.7982	-0.1698	-0.1057
0.8176	-0.2096	-0.09266
0.8113	-0.2966	-0.1008
0.8054	-0.3784	-0.07446
0.7937	-0.4141	-0.06006
0.8158	-0.3424	-0.05745
0.835	-0.2286	-0.01702
0.811	-0.1707	0.009242
0.7992	-0.1269	0.03313
0.8143	-0.11	0.05109
0.8279	-0.09576	0.05221
0.8389	-0.04454	0.05294
0.9287	-0.03573	0.01835
1.095	-0.03528	-0.03129
1.183	-0.05125	-0.06298
1.179	-0.1384	-0.06171
1.196	-0.2025	-0.03111
1.261	-0.1925	-0.03176
1.363	-0.116	-0.1086
1.484	-0.1147	-0.2469
1.48	-0.4059	-0.3503
1.305	-0.7943	-0.3528
1.027	-0.8042	-0.2305
0.7772	-0.4726	-0.06306
0.8448	-0.2458	-0.07377
1.015	-0.2241	-0.1662
1.01	-0.3253	-0.1776
1.085	-0.4747	-0.2207
1.055	-0.5372	-0.1997
0.8893	-0.4813	-0.1304
0.8894	-0.3107	-0.1691
0.7973	-0.168	-0.1712
0.7283	-0.1297	-0.1625
0.8016	-0.1248	-0.2009
0.79	-0.177	-0.2034
0.8707	-0.2006	-0.2239
0.9305	-0.2044	-0.2122
0.8866	-0.1985	-0.1561
0.9086	-0.122	-0.1133
0.8951	-0.07461	-0.07426
0.9059	-0.001312	-0.08061
0.9482	0.0439	-0.0745
0.9801	-0.03765	-0.06416
1.03	-0.1352	-0.0962
1.011	-0.2119	-0.1044
1.018	-0.1961	-0.1307
1.098	-0.1504	-0.1461
1.194	-0.1579	-0.09485
1.294	-0.1838	-0.02709
1.314	-0.3035	0.04288
1.271	-0.407	0.02282
1.207	-0.3808	-0.1412
1.138	-0.3538	-0.3064
1.116	-0.3674	-0.3429
1.142	-0.3717	-0.3458
1.286	-0.4313	-0.3365
1.44	-0.5302	-0.1844
1.224	-0.4722	-0.09007
0.8281	-0.298	-0.1103
0.7342	-0.1288	-0.07704
0.7642	-0.03118	-0.1158
0.7761	-0.1383	-0.1445
0.8425	-0.2671	-0.1128
0.824	-0.3271	-0.1262
0.8288	-0.3967	-0.07238
0.8725	-0.3328	-0.02534
0.8402	-0.2448	0.002799
0.8547	-0.1742	0.03833
0.874	-0.05513	-0.008156
0.8664	-0.05799	-0.01741
0.852	-0.06147	-0.00499
0.8089	-0.0125	-0.01917
0.8597	-0.04945	-0.02382
1.01	-0.1254	-0.05118
1.156	-0.2347	-0.05982
1.178	-0.2614	-0.07
1.11	-0.2106	-0.06902
1.147	-0.1733	-0.03512
1.229	0.02528	-0.04497
1.347	0.1682	-0.1463
1.479	-0.1297	-0.347
1.368	-0.6448	-0.425
1.073	-0.8641	-0.2351
0.7718	-0.6342	-0.04977
0.6694	-0.3989	-0.05471
0.8425	-0.3428	-0.1398
0.9255	-0.1673	-0.2184
0.9546	-0.1592	-0.2792
1.024	-0.461	-0.2507
0.9685	-0.6095	-0.1659
0.9784	-0.6435	-0.1365
0.9151	-0.5112	-0.1345
0.7584	-0.2247	-0.1454
0.799	-0.1888	-0.1688
0.7969	-0.1221	-0.2088
0.7972	-0.04887	-0.2651
0.9135	-0.1902	-0.2562
0.9541	-0.2041	-0.2369
0.9658	-0.2222	-0.2189
0.931	-0.2336	-0.1518
0.9082	-0.1423	-0.1262
0.9456	-0.1473	-0.1111
0.961	-0.1174	-0.08147
0.9975	-0.124	-0.07304
0.9059	-0.001312	-0.08061
0.9482	0.0439	-0.0745
0.9801	-0.03765	-0.06416
1.03	-0.1352	-0.0962
1.011	-0.2119	-0.1044
1.018	-0.1961	-0.1307
1.098	-0.1504	-0.1461
1.194	-0.1579	-0.09485
1.294	-0.1838	-0.02709
1.314	-0.3035	0.04288
1.271	-0.407	0.02282
1.207	-0.3808	-0.1412
1.138	-0.3538	-0.3064
1.116	-0.3674	-0.3429
1.142	-0.3717	-0.3458
1.286	-0.4313	-0.3365
1.44	-0.5302	-0.1844
1.224	-0.4722	-0.09007
0.8281	-0.298	-0.1103
0.7342	-0.1288	-0.07704
0.7642	-0.03118	-0.1158
0.7761	-0.1383	-0.1445
0.8425	-0.2671	-0.1128
0.824	-0.3271	-0.1262
0.8288	-0.3967	-0.07238
0.8725	-0.3328	-0.02534
0.8402	-0.2448	0.002799
0.8547	-0.1742	0.03833
0.874	-0.05513	-0.008156
0.8664	-0.05799	-0.01741
0.852	-0.06147	-0.00499
0.8089	-0.0125	-0.01917
0.8597	-0.04945	-0.02382
1.01	-0.1254	-0.05118
1.156	-0.2347	-0.05982
1.178	-0.2614	-0.07
1.11	-0.2106	-0.06902
1.147	-0.1733	-0.03512
1.229	0.02528	-0.04497
1.347	0.1682	-0.1463
1.479	-0.1297	-0.347
1.368	-0.6448	-0.425
1.073	-0.8641	-0.2351
0.7718	-0.6342	-0.04977
0.6694	-0.3989	-0.05471
0.8425	-0.3428	-0.1398
0.9255	-0.1673	-0.2184
0.9546	-0.1592	-0.2792
1.024	-0.461	-0.2507
0.9685	-0.6095	-0.1659
0.9784	-0.6435	-0.1365
0.9151	-0.5112	-0.1345
0.7584	-0.2247	-0.1454
0.799	-0.1888	-0.1688
0.7969	-0.1221	-0.2088
0.7972	-0.04887	-0.2651
0.9135	-0.1902	-0.2562
0.9541	-0.2041	-0.2369
0.9658	-0.2222	-0.2189
0.931	-0.2336	-0.1518
0.9082	-0.1423	-0.1262
0.9456	-0.1473	-0.1111
0.961	-0.1174	-0.08147
0.9975	-0.124	-0.07304
1	-0.1679	-0.05732
0.9828	-0.1513	-0.0764
0.9895	-0.1798	-0.1158
0.998	-0.1276	-0.1408
1.063	-0.05451	-0.1535
1.171	-0.0588	-0.1123
1.303	-0.1384	-0.02774
1.352	-0.352	0.01816
1.203	-0.4613	-0.1042
0.9615	-0.3896	-0.308
0.8644	-0.3511	-0.3412
1.065	-0.383	-0.2921
1.261	-0.3888	-0.285
1.141	-0.3866	-0.1716
0.9738	-0.4322	-0.008435
0.9169	-0.3739	-0.009175
0.89	-0.1722	-0.09435
0.9268	-0.006192	-0.1115
0.9132	-0.04275	-0.1188
0.8856	-0.2159	-0.1229
0.9127	-0.3063	-0.09053
0.8616	-0.387	-0.08342
0.8535	-0.3802	-0.06344
0.8648	-0.2672	-0.0294
0.8297	-0.2955	-0.02986
0.8899	-0.2567	-0.01296
0.9134	-0.1937	0.002204
0.9022	-0.2098	0.001121
0.9058	-0.08902	0.008747
0.8682	-0.02659	0.01166
0.8965	0.002294	0.003786
0.9293	0.05457	-0.02838
0.982	-0.03987	-0.05404
1.077	-0.163	-0.05281
1.084	-0.2824	-0.03868
1.09	-0.2946	-0.01138
1.138	-0.1398	0.004376
1.211	0.002114	-0.03969
1.366	0.015	-0.1811
1.528	-0.177	-0.361
1.503	-0.4392	-0.4334
1.228	-0.5798	-0.2803
0.909	-0.5171	-0.06108
0.7078	-0.3727	-0.04376
0.714	-0.2972	-0.1065
0.8567	-0.2004	-0.1606
0.9655	-0.234	-0.3023
1.053	-0.4079	-0.3528
1.012	-0.5111	-0.2289
0.9116	-0.552	-0.1038
0.8974	-0.4035	-0.07519
0.8228	-0.2214	-0.1241
0.8179	-0.176	-0.1784
0.8817	-0.1296	-0.2171
0.8841	-0.1584	-0.2325
0.9431	-0.1625	-0.2107
0.9499	-0.1302	-0.1881
0.9296	-0.1622	-0.1708
0.959	-0.1448	-0.148
0.9565	-0.1612	-0.1331
0.9871	-0.1725	-0.1203
0.9912	-0.1483	-0.09977
0.9625	-0.1685	-0.08466
0.9593	-0.1451	-0.07743
