0.8615	0.411	0.1856
0.8612	0.4124	0.1866
0.8666	0.4086	0.1847
0.874	0.4089	0.1845
0.877	0.4116	0.1824
0.8784	0.4118	0.1837
0.8783	0.4158	0.1846
0.8795	0.4189	0.1819
0.8844	0.4193	0.1828
0.8859	0.4207	0.182
0.8834	0.4193	0.182
0.8814	0.4181	0.1863
0.8817	0.4192	0.1882
0.8833	0.4199	0.1864
0.8831	0.4203	0.182
0.8835	0.4194	0.18
0.8827	0.419	0.1806
0.8786	0.4203	0.1804
0.877	0.4199	0.1811
0.8773	0.4186	0.1816
0.877	0.4178	0.184
0.8776	0.4171	0.1887
0.8772	0.4165	0.189
0.8754	0.4161	0.1885
0.8766	0.415	0.1911
0.881	0.4141	0.1895
0.8819	0.4142	0.1838
0.878	0.414	0.1811
0.8777	0.4159	0.1813
0.8827	0.4204	0.1819
0.8834	0.4219	0.1823
0.8803	0.4199	0.182
0.8807	0.4186	0.1827
0.8812	0.418	0.1835
0.8789	0.4168	0.1824
0.8762	0.4156	0.1809
0.876	0.416	0.1819
0.8796	0.4194	0.1865
0.8809	0.4206	0.1888
0.8779	0.4159	0.1849
0.8778	0.4148	0.1825
0.8793	0.418	0.1834
0.8796	0.4178	0.1832
0.8827	0.4173	0.1832
0.8839	0.4162	0.1836
0.8798	0.4144	0.1835
0.8783	0.4161	0.1852
0.8793	0.419	0.1879
0.8783	0.4202	0.1893
0.8788	0.4191	0.1882
0.8787	0.4176	0.1849
0.877	0.4183	0.1827
0.8775	0.4191	0.1828
0.8779	0.4198	0.1822
0.8791	0.4197	0.179
0.8826	0.418	0.1754
0.8831	0.4151	0.1767
0.8803	0.4124	0.186
0.8767	0.4148	0.1921
0.8761	0.4168	0.1887
0.8799	0.4167	0.188
0.8823	0.4184	0.189
0.8809	0.4161	0.1872
0.8799	0.4143	0.1863
0.8805	0.417	0.1781
0.8802	0.419	0.1735
0.8787	0.4223	0.1813
0.8762	0.4275	0.1836
0.8748	0.4293	0.1838
0.8799	0.4225	0.1861
0.884	0.4131	0.1832
0.8817	0.408	0.1834
0.8813	0.4053	0.1861
0.8807	0.4081	0.1887
0.8788	0.4107	0.1883
0.8792	0.4125	0.1829
0.8787	0.4204	0.1842
0.8791	0.4251	0.1851
0.8794	0.4248	0.1816
0.8782	0.4208	0.1842
0.8798	0.414	0.1833
0.8789	0.4157	0.1819
0.8743	0.4214	0.1841
0.8737	0.424	0.1823
0.8767	0.4248	0.1841
0.8795	0.4233	0.1864
0.8816	0.422	0.1855
0.8818	0.4194	0.1836
0.881	0.4148	0.1836
0.8846	0.41	0.1855
0.8845	0.4084	0.1826
0.8795	0.4079	0.1821
0.8782	0.4105	0.1836
0.8823	0.4164	0.1849
0.8822	0.4195	0.1855
0.8787	0.4191	0.185
0.8788	0.4192	0.1852
0.8793	0.4197	0.1853
0.877	0.4191	0.1835
0.8747	0.4183	0.1813
0.8748	0.4187	0.1817
0.8788	0.4219	0.1858
0.8806	0.4226	0.1878
0.8779	0.4173	0.1837
0.8781	0.4156	0.1812
0.8799	0.4181	0.1823
0.8803	0.4175	0.1822
0.8835	0.4166	0.1825
0.8846	0.4152	0.1832
0.8804	0.4133	0.1833
0.8789	0.415	0.1852
0.8797	0.418	0.1881
0.8785	0.4194	0.1897
0.8789	0.4185	0.1886
0.8787	0.4172	0.1854
0.8768	0.4182	0.1832
0.8773	0.4192	0.1832
0.8776	0.42	0.1825
0.8788	0.42	0.1792
0.8823	0.4184	0.1755
0.8829	0.4155	0.1767
0.8801	0.4128	0.1859
0.8766	0.4151	0.192
0.8761	0.4171	0.1886
0.8799	0.4169	0.1879
0.8823	0.4185	0.1888
0.881	0.4161	0.187
0.88	0.4143	0.1862
0.8806	0.4169	0.178
0.8803	0.4189	0.1734
0.8788	0.4221	0.1813
0.8763	0.4274	0.1836
0.8748	0.4292	0.1838
0.8799	0.4223	0.1861
0.884	0.413	0.1833
0.8817	0.4079	0.1834
0.8813	0.4053	0.1862
0.8807	0.4081	0.1887
0.8787	0.4108	0.1884
0.8792	0.4125	0.183
0.8787	0.4204	0.1842
0.8791	0.4251	0.1851
0.8794	0.4248	0.1816
0.8782	0.4208	0.1842
0.8798	0.414	0.1833
0.8789	0.4157	0.1819
0.8743	0.4214	0.184
0.8737	0.424	0.1823
0.8767	0.4248	0.184
0.8795	0.4233	0.1864
0.8817	0.422	0.1855
0.8818	0.4193	0.1836
0.8814	0.4149	0.1808
0.8824	0.4109	0.1837
0.8822	0.4093	0.1862
0.8824	0.4118	0.1867
0.8827	0.4123	0.1877
0.8801	0.4108	0.1872
0.8802	0.4111	0.1875
0.8814	0.4144	0.179
0.8794	0.419	0.1729
0.8773	0.4224	0.1793
0.8753	0.4248	0.1799
0.8753	0.4233	0.1832
0.8772	0.4206	0.1884
0.8783	0.4201	0.1848
0.8802	0.4203	0.1884
0.8808	0.4216	0.1911
0.8787	0.4191	0.1891
0.8766	0.4145	0.1902
0.8776	0.4143	0.1841
0.8803	0.4161	0.1792
0.8818	0.4172	0.179
0.8831	0.4161	0.1785
0.8813	0.4162	0.1826
0.8785	0.4165	0.1837
0.8802	0.414	0.1841
0.8801	0.4144	0.189
0.8797	0.4165	0.1885
0.8806	0.4191	0.1814
0.8778	0.4216	0.1778
0.8772	0.4187	0.1809
0.8792	0.4155	0.1814
0.8791	0.4157	0.1819
0.8799	0.4183	0.1874
0.881	0.4195	0.1913
0.8801	0.4184	0.191
0.8787	0.4215	0.1843
0.8779	0.4221	0.1806
0.8767	0.4164	0.186
0.8766	0.4158	0.186
0.8815	0.4169	0.1837
0.8851	0.4148	0.1844
0.8823	0.4146	0.1825
0.8778	0.4151	0.1833
0.8755	0.4149	0.1834
0.8782	0.4156	0.1793
0.8806	0.4174	0.1795
0.8793	0.4187	0.1818
0.8811	0.4188	0.1818
0.8818	0.4201	0.1832
0.8785	0.4219	0.1849
0.8794	0.4221	0.1833
0.8796	0.4228	0.182
0.8788	0.4209	0.1881
0.8805	0.4138	0.198
0.8796	0.4105	0.1977
0.8781	0.4141	0.1892
0.8778	0.4157	0.185
0.8771	0.4149	0.1806
0.8781	0.4156	0.1735
0.8794	0.4155	0.1732
0.8802	0.4168	0.1774
0.8803	0.419	0.1793
0.8812	0.419	0.1812
0.8822	0.4194	0.1837
0.8809	0.4227	0.1814
0.8796	0.4194	0.187
0.8784	0.4176	0.1908
0.8786	0.4188	0.1916
0.8794	0.4177	0.1922
0.8778	0.4143	0.1907
0.879	0.4127	0.1898
0.8813	0.4141	0.1802
0.8803	0.4173	0.1729
0.8788	0.4197	0.1784
0.8772	0.4215	0.1783
0.8775	0.4198	0.1812
0.8792	0.4172	0.1863
0.88	0.4172	0.1828
0.8816	0.418	0.1866
0.8817	0.4201	0.1898
0.8791	0.4183	0.1882
0.8766	0.4144	0.1898
0.8772	0.4148	0.1841
0.8797	0.4171	0.1795
0.8809	0.4184	0.1796
0.8822	0.4174	0.1793
0.8804	0.4175	0.1834
0.8778	0.4177	0.1845
0.8795	0.415	0.1848
0.8797	0.4151	0.1896
0.8794	0.4169	0.1889
0.8805	0.4193	0.1816
0.8779	0.4215	0.1779
0.8774	0.4185	0.1808
0.8795	0.4151	0.1813
0.8794	0.4153	0.1816
0.8802	0.4178	0.1871
0.8813	0.4191	0.191
0.8804	0.418	0.1907
0.8789	0.4212	0.184
0.8781	0.4219	0.1804
0.8767	0.4163	0.1858
0.8766	0.4158	0.1859
0.8814	0.4169	0.1837
0.885	0.4149	0.1845
0.8822	0.4147	0.1826
0.8776	0.4152	0.1834
0.8754	0.4151	0.1836
0.8781	0.4158	0.1794
0.8806	0.4175	0.1796
0.8792	0.4188	0.1819
0.8811	0.4188	0.1818
0.8817	0.4201	0.1832
0.8785	0.4219	0.1849
0.8794	0.4221	0.1833
0.8797	0.4228	0.182
0.8788	0.4209	0.1881
0.8806	0.4138	0.198
0.8796	0.4104	0.1977
0.8781	0.414	0.1892
0.8778	0.4156	0.185
0.8771	0.4149	0.1806
0.8781	0.4156	0.1735
0.8794	0.4155	0.1732
0.8802	0.4168	0.1774
0.8802	0.419	0.1793
0.8812	0.419	0.1812
0.8822	0.4194	0.1837
0.881	0.4195	0.1858
0.8813	0.42	0.1889
0.8796	0.4199	0.1884
0.8776	0.4171	0.1846
0.8784	0.4177	0.1853
0.8766	0.4183	0.1889
0.8768	0.4159	0.189
0.8795	0.4172	0.1855
0.8792	0.4178	0.1824
0.8786	0.4172	0.1828
0.8783	0.4166	0.1838
0.8803	0.4145	0.1841
0.8822	0.4167	0.1848
0.8814	0.4177	0.1842
0.8819	0.417	0.1813
0.8816	0.4186	0.1784
0.8797	0.4168	0.1804
0.8779	0.4168	0.1832
0.8766	0.4189	0.1826
0.8771	0.4191	0.1836
0.8783	0.4201	0.1852
0.8806	0.4201	0.1872
0.882	0.4196	0.1888
0.881	0.4157	0.1873
0.8799	0.4131	0.1886
0.878	0.4163	0.1892
0.8766	0.4166	0.1836
0.8777	0.4166	0.179
0.8784	0.417	0.176
0.8785	0.4157	0.1761
0.8792	0.4176	0.1818
0.881	0.4184	0.1846
0.8828	0.4181	0.1844
0.8815	0.4186	0.1876
0.8787	0.4173	0.1885
0.878	0.418	0.1855
0.8803	0.4188	0.1858
0.8824	0.4181	0.1875
0.8807	0.4185	0.1877
0.8785	0.4189	0.1866
0.8774	0.4187	0.1837
0.8769	0.4166	0.1835
0.8773	0.4159	0.183
0.8779	0.4188	0.1776
0.8801	0.4193	0.1752
0.8809	0.417	0.1779
0.8798	0.4152	0.1822
0.8796	0.4146	0.1866
0.8794	0.415	0.1887
0.8812	0.4158	0.1898
0.8831	0.4175	0.1901
0.882	0.4176	0.1874
0.8783	0.4178	0.1847
0.8736	0.4198	0.182
0.8751	0.4192	0.1795
0.8795	0.419	0.1807
0.8804	0.4197	0.1825
0.8807	0.4182	0.1839
0.881	0.4182	0.1856
0.8811	0.418	0.1856
0.878	0.4183	0.1858
0.8767	0.4183	0.1847
0.8813	0.4136	0.181
0.882	0.4119	0.1805
0.8817	0.4106	0.1859
0.8816	0.4174	0.1882
0.8797	0.421	0.1869
0.8775	0.42	0.1823
0.8784	0.4212	0.1826
0.8765	0.4215	0.186
0.8767	0.4185	0.1863
0.8793	0.4189	0.1833
0.8791	0.4185	0.1808
0.8785	0.4172	0.1819
0.8782	0.416	0.1836
0.8803	0.4135	0.1846
0.8822	0.4155	0.1857
0.8814	0.4165	0.1855
0.882	0.416	0.1828
0.8817	0.4178	0.1799
0.8798	0.4162	0.1817
0.878	0.4166	0.1843
0.8767	0.419	0.1835
0.8771	0.4194	0.1841
0.8783	0.4205	0.1855
0.8806	0.4206	0.1871
0.882	0.4201	0.1885
0.881	0.4163	0.1868
0.8799	0.4135	0.188
0.878	0.4167	0.1886
0.8766	0.4169	0.1831
0.8777	0.4167	0.1785
0.8784	0.417	0.1756
0.8785	0.4156	0.1758
0.8792	0.4175	0.1817
0.881	0.4182	0.1846
0.8828	0.4178	0.1844
0.8815	0.4184	0.1877
0.8787	0.4171	0.1887
0.878	0.4178	0.1857
0.8803	0.4187	0.186
0.8824	0.418	0.1877
0.8807	0.4184	0.1878
0.8785	0.4189	0.1867
0.8774	0.4188	0.1838
0.8769	0.4167	0.1836
0.8773	0.4159	0.183
0.8779	0.4189	0.1776
0.8801	0.4194	0.1751
0.8809	0.4171	0.1778
0.8798	0.4152	0.1822
0.8796	0.4146	0.1865
0.8794	0.415	0.1886
0.8812	0.4158	0.1898
0.8831	0.4175	0.19
0.882	0.4176	0.1874
0.8783	0.4178	0.1847
0.8736	0.4198	0.182
0.8751	0.4191	0.1795
0.8795	0.419	0.1807
0.8804	0.4197	0.1826
0.8807	0.4181	0.1839
0.881	0.4182	0.1856
0.8811	0.418	0.1857
0.878	0.4183	0.1858
0.8767	0.4183	0.1848
0.8813	0.4136	0.181
0.882	0.4119	0.1805
0.8811	0.4138	0.1857
0.8818	0.4154	0.1883
0.8789	0.419	0.1858
0.8767	0.4202	0.1854
0.8773	0.4203	0.1854
0.8788	0.4212	0.1847
0.8811	0.4195	0.1842
0.8804	0.4177	0.1791
0.8775	0.4153	0.1781
0.8773	0.4158	0.1823
0.8786	0.4207	0.1838
0.8794	0.4218	0.1875
0.8798	0.4179	0.1884
0.8797	0.4141	0.1841
0.8808	0.413	0.1822
0.8819	0.4137	0.1826
0.8813	0.415	0.1853
0.8796	0.4179	0.1851
0.8771	0.4195	0.1847
0.8769	0.4192	0.1875
0.8788	0.419	0.1855
0.8797	0.4189	0.1817
0.8804	0.4194	0.1792
0.8804	0.4184	0.18
0.8794	0.4159	0.1852
0.8796	0.4152	0.1857
0.88	0.4151	0.1851
0.8801	0.4156	0.1858
0.8796	0.4182	0.1847
0.8793	0.42	0.1857
0.8796	0.4199	0.1848
0.8779	0.4197	0.1843
0.8769	0.418	0.1858
0.8793	0.417	0.1847
0.8815	0.4184	0.1833
0.8805	0.4182	0.1821
0.8774	0.4163	0.1811
0.8776	0.4158	0.1801
0.8801	0.4156	0.179
0.8806	0.4149	0.1806
0.8818	0.4158	0.1854
0.8822	0.4173	0.1922
0.8803	0.4179	0.1931
0.8779	0.418	0.1882
0.8766	0.4179	0.1874
0.8791	0.4174	0.1855
0.8805	0.4177	0.1792
0.8793	0.4203	0.1768
0.8783	0.4219	0.1784
0.8772	0.42	0.1804
0.8794	0.4182	0.1825
0.8804	0.4166	0.1848
0.8791	0.4158	0.1861
0.8815	0.4172	0.1863
0.8819	0.4163	0.1872
0.8802	0.4143	0.1869
0.8797	0.415	0.1844
0.878	0.4171	0.1826
0.8777	0.4182	0.1822
0.878	0.4157	0.1834
0.8779	0.4149	0.1857
0.8794	0.4178	0.1869
0.8802	0.4186	0.1879
0.8803	0.4193	0.1861
0.8788	0.4224	0.1763
0.8816	0.4181	0.1818
0.8799	0.4182	0.1819
0.8783	0.4176	0.1837
0.8791	0.417	0.1853
0.8803	0.4181	0.1858
0.8822	0.4171	0.1861
0.8811	0.416	0.1813
0.8778	0.4145	0.1802
0.8772	0.4157	0.1842
0.8782	0.4211	0.1853
0.8788	0.4227	0.1884
0.8791	0.419	0.1888
0.879	0.4151	0.1841
0.8801	0.4139	0.1818
0.8814	0.4145	0.1819
0.881	0.4156	0.1844
0.8794	0.4182	0.1842
0.877	0.4195	0.1838
0.877	0.419	0.1867
0.879	0.4186	0.1849
0.8799	0.4185	0.1813
0.8807	0.4189	0.179
0.8807	0.4179	0.1799
0.8797	0.4155	0.1853
0.8798	0.4148	0.186
0.8802	0.4149	0.1854
0.8802	0.4155	0.1861
0.8796	0.4182	0.1851
0.8793	0.4201	0.186
0.8795	0.4201	0.1851
0.8778	0.4198	0.1845
0.8768	0.4182	0.1859
0.8792	0.4172	0.1847
0.8814	0.4186	0.1832
0.8804	0.4184	0.182
0.8774	0.4164	0.181
0.8775	0.4159	0.1799
0.8801	0.4156	0.1789
0.8806	0.4148	0.1805
0.8818	0.4157	0.1853
0.8822	0.4173	0.1921
0.8803	0.4178	0.1931
0.878	0.4179	0.1882
0.8766	0.4178	0.1874
0.8792	0.4173	0.1855
0.8806	0.4177	0.1793
0.8793	0.4203	0.1769
0.8784	0.4219	0.1785
0.8772	0.42	0.1805
0.8794	0.4182	0.1825
0.8803	0.4167	0.1849
0.8791	0.4158	0.1861
0.8814	0.4172	0.1863
0.8818	0.4163	0.1872
0.8802	0.4143	0.1869
0.8797	0.4151	0.1844
0.878	0.4172	0.1826
0.8777	0.4182	0.1822
0.878	0.4157	0.1834
0.8779	0.4149	0.1857
0.8794	0.4178	0.1869
0.8802	0.4186	0.1878
0.8803	0.4192	0.1861
0.8801	0.4198	0.1779
0.8786	0.4191	0.1749
0.8788	0.4193	0.1831
0.8811	0.4188	0.1871
0.8813	0.4189	0.1861
0.8806	0.4186	0.187
0.8809	0.4164	0.1848
0.8792	0.4159	0.1843
0.8769	0.4165	0.1868
0.8767	0.416	0.1845
0.8791	0.4157	0.1827
0.882	0.4152	0.1826
0.8815	0.4145	0.182
0.8797	0.4169	0.1834
0.8781	0.4197	0.1838
0.8768	0.4196	0.1834
0.8781	0.4203	0.1829
0.8782	0.4208	0.1818
0.8781	0.4193	0.1834
0.88	0.4177	0.1869
0.8805	0.4156	0.1886
0.8806	0.4154	0.1856
0.8799	0.4186	0.1838
0.8798	0.4193	0.1864
0.8811	0.416	0.1847
0.8806	0.4152	0.1785
0.8807	0.4168	0.1772
0.8805	0.4163	0.183
0.8786	0.416	0.1866
0.8777	0.4171	0.1858
0.8784	0.4169	0.1905
0.8805	0.417	0.1913
0.8798	0.418	0.1836
0.8786	0.4193	0.1817
0.8797	0.4197	0.1822
0.8776	0.4184	0.1809
0.8771	0.4167	0.1821
0.8797	0.4152	0.1828
0.8792	0.4171	0.1837
0.8792	0.4206	0.1836
0.8804	0.4206	0.1825
0.8815	0.4195	0.1834
0.8822	0.4193	0.1822
0.8787	0.4179	0.1827
0.8769	0.4153	0.1897
0.8786	0.4141	0.1906
0.8784	0.4149	0.1825
0.8802	0.4159	0.1811
0.8828	0.4164	0.1867
0.8815	0.4159	0.1863
0.8803	0.417	0.1822
0.8794	0.4181	0.1826
0.8778	0.4174	0.1843
0.8768	0.4186	0.1837
0.8758	0.4199	0.1811
0.877	0.42	0.1809
0.8808	0.4195	0.1854
0.8822	0.4177	0.1869
0.8803	0.4173	0.1846
0.879	0.4163	0.1847
0.8801	0.4158	0.1855
0.8823	0.4171	0.1875
0.8813	0.4168	0.1886
0.8794	0.4173	0.1822
0.882	0.4169	0.1742
0.8772	0.4181	0.1738
0.8759	0.4191	0.1837
0.8778	0.419	0.1887
0.8784	0.4191	0.1881
0.8786	0.4187	0.189
0.8799	0.4164	0.1864
0.8792	0.4159	0.1855
0.8777	0.4164	0.1874
0.878	0.4159	0.1846
0.8808	0.4156	0.1824
0.8837	0.4152	0.182
0.883	0.4146	0.1812
0.881	0.417	0.1825
0.879	0.4199	0.1829
0.8773	0.4198	0.1826
0.8782	0.4206	0.1823
0.8779	0.4211	0.1814
0.8776	0.4195	0.1832
0.8793	0.4179	0.1869
0.8797	0.4157	0.1887
0.8799	0.4155	0.1859
0.8792	0.4186	0.1841
0.8792	0.4192	0.1868
0.8806	0.4159	0.185
0.8803	0.4151	0.1788
0.8806	0.4167	0.1775
0.8805	0.4161	0.1832
0.8788	0.4159	0.1868
0.8779	0.417	0.1858
0.8787	0.4168	0.1904
0.8808	0.417	0.1913
0.8801	0.4179	0.1835
0.8789	0.4193	0.1816
0.8799	0.4197	0.1821
0.8778	0.4184	0.1808
0.8772	0.4167	0.1819
0.8797	0.4153	0.1827
0.8792	0.4171	0.1837
0.8791	0.4206	0.1836
0.8803	0.4206	0.1825
0.8814	0.4195	0.1834
0.882	0.4193	0.1822
0.8786	0.418	0.1827
0.8768	0.4153	0.1897
0.8785	0.4141	0.1906
0.8784	0.4149	0.1826
0.8802	0.4159	0.1811
0.8828	0.4164	0.1867
0.8815	0.4159	0.1863
0.8803	0.417	0.1822
0.8795	0.4181	0.1826
0.8778	0.4174	0.1843
0.8768	0.4186	0.1837
0.8759	0.4199	0.1811
0.877	0.42	0.1809
0.8809	0.4195	0.1854
0.8822	0.4177	0.1869
0.8803	0.4173	0.1846
0.879	0.4163	0.1847
0.8801	0.4158	0.1855
0.8823	0.4171	0.1875
0.8813	0.4168	0.1886
0.8794	0.4173	0.1822
0.8794	0.4179	0.1778
0.8784	0.4174	0.18
0.8782	0.4187	0.1787
0.8784	0.4198	0.178
0.878	0.4194	0.1837
0.8787	0.4176	0.1896
0.8791	0.4154	0.1913
0.8803	0.4145	0.1879
0.8807	0.4146	0.1853
0.8779	0.4159	0.1846
0.8774	0.4178	0.1841
0.8798	0.4192	0.1868
0.8801	0.4189	0.1877
0.879	0.4162	0.1868
0.8797	0.4156	0.1867
0.8814	0.4193	0.1801
0.8814	0.421	0.1762
0.8794	0.4193	0.1788
0.8784	0.419	0.1773
0.8795	0.418	0.1793
0.8796	0.4164	0.1858
0.8801	0.4171	0.1865
0.8806	0.4162	0.1845
0.878	0.4147	0.1825
0.8777	0.4161	0.1835
0.8813	0.4186	0.1881
0.8815	0.42	0.1903
0.879	0.4171	0.1897
0.8782	0.4142	0.1883
0.8782	0.4155	0.1868
0.8782	0.4174	0.1833
0.8795	0.4182	0.1794
0.8793	0.4182	0.1802
0.8785	0.4202	0.1843
0.8806	0.4223	0.1854
0.8805	0.4195	0.1804
0.8788	0.4162	0.1793
0.8791	0.414	0.1858
0.8787	0.414	0.188
0.8789	0.4186	0.1874
0.8796	0.4209	0.1857
0.8805	0.4184	0.1811
0.8816	0.4159	0.1799
0.8801	0.4154	0.1808
0.8777	0.416	0.182
0.8761	0.416	0.1825
0.8782	0.4159	0.1808
0.8821	0.4165	0.1831
0.8802	0.4183	0.187
0.8803	0.4202	0.1883
0.8847	0.4191	0.1892
0.8825	0.4189	0.1886
0.8774	0.4209	0.1863
0.8763	0.4205	0.1834
0.8758	0.4179	0.1819
0.8755	0.4168	0.1823
0.8776	0.4167	0.1842
0.8806	0.4154	0.1867
0.882	0.4135	0.1859
0.882	0.4131	0.1833
0.8807	0.4152	0.1812
0.879	0.4178	0.1823
0.8787	0.4188	0.1858
0.8796	0.4197	0.1843
0.8771	0.4208	0.1888
0.8794	0.4183	0.1827
0.8806	0.4186	0.1767
0.8813	0.4193	0.1737
0.8806	0.4188	0.1789
0.8805	0.4172	0.1856
0.88	0.4152	0.1885
0.8803	0.4146	0.1867
0.88	0.4148	0.1854
0.8767	0.4162	0.1859
0.876	0.4182	0.1862
0.8783	0.4195	0.1894
0.8787	0.4191	0.1903
0.8778	0.4163	0.1892
0.8789	0.4156	0.1886
0.881	0.4192	0.1815
0.8813	0.4208	0.1769
0.8796	0.419	0.1789
0.8789	0.4187	0.1769
0.8801	0.4178	0.1785
0.8803	0.4161	0.1847
0.8807	0.4169	0.1853
0.8813	0.4161	0.1833
0.8785	0.4146	0.1814
0.8781	0.4161	0.1826
0.8815	0.4187	0.1874
0.8816	0.42	0.1899
0.879	0.4172	0.1895
0.8781	0.4143	0.1884
0.878	0.4156	0.187
0.8779	0.4175	0.1837
0.8793	0.4183	0.1798
0.8791	0.4183	0.1806
0.8782	0.4203	0.1847
0.8804	0.4223	0.1858
0.8804	0.4195	0.1807
0.8787	0.4162	0.1795
0.8791	0.4139	0.1859
0.8788	0.4139	0.1881
0.879	0.4186	0.1874
0.8797	0.4208	0.1856
0.8806	0.4183	0.181
0.8817	0.4158	0.1798
0.8802	0.4154	0.1806
0.8778	0.416	0.1818
0.8762	0.416	0.1824
0.8783	0.4159	0.1807
0.8821	0.4165	0.183
0.8802	0.4184	0.187
0.8803	0.4202	0.1883
0.8847	0.4191	0.1892
0.8824	0.4189	0.1887
0.8774	0.4209	0.1864
0.8762	0.4205	0.1835
0.8757	0.4179	0.1819
0.8755	0.4168	0.1823
0.8776	0.4167	0.1843
0.8805	0.4154	0.1867
0.882	0.4135	0.1859
0.882	0.413	0.1833
0.8807	0.4152	0.1812
0.879	0.4178	0.1823
0.8787	0.4187	0.1858
0.8796	0.4197	0.1843
0.8801	0.4201	0.1824
0.8804	0.4199	0.1829
0.88	0.419	0.1815
0.8788	0.4156	0.1826
0.8779	0.4156	0.1836
0.8775	0.4176	0.1819
0.8776	0.4177	0.1816
0.8781	0.4208	0.1828
0.8789	0.4208	0.1862
0.8805	0.4152	0.1888
0.8831	0.4135	0.1876
0.8838	0.4148	0.1841
0.8817	0.4164	0.1831
0.8802	0.4187	0.1877
0.8781	0.4197	0.188
0.876	0.4197	0.181
0.877	0.4192	0.1805
0.8795	0.4182	0.1868
0.8803	0.4153	0.1867
0.8785	0.4137	0.1812
0.878	0.4162	0.1806
0.8793	0.4163	0.1844
0.8789	0.4161	0.185
0.8803	0.4185	0.1835
0.8814	0.4183	0.1839
0.8787	0.4188	0.1852
0.8771	0.42	0.1847
0.8782	0.4207	0.1798
0.8795	0.422	0.1783
0.8802	0.4183	0.1857
0.8817	0.4134	0.188
0.8816	0.4135	0.1847
0.8798	0.4153	0.1853
0.8801	0.4156	0.1848
0.8795	0.4151	0.1832
0.8792	0.4167	0.1838
0.88	0.4198	0.1847
0.878	0.4209	0.1867
0.8783	0.4214	0.1867
0.8806	0.421	0.1853
0.881	0.4187	0.1859
0.8799	0.4173	0.1845
0.877	0.4149	0.1802
0.8757	0.412	0.178
0.8775	0.4135	0.1799
0.8808	0.4163	0.1817
0.8828	0.4178	0.1837
0.881	0.4203	0.1875
0.8797	0.4207	0.1872
0.8784	0.4182	0.1857
0.8764	0.4169	0.185
0.8775	0.4179	0.1837
0.8787	0.4186	0.1861
0.8796	0.4181	0.1873
0.8815	0.4163	0.1847
0.882	0.4138	0.182
0.8814	0.4149	0.1798
0.8808	0.4184	0.1829
0.8799	0.4215	0.1861
0.8791	0.4216	0.1843
0.8793	0.4155	0.1845
0.8794	0.4131	0.1857
0.8786	0.4173	0.1865
0.8788	0.4185	0.1867
0.8815	0.4216	0.1793
0.8793	0.4202	0.1809
0.8778	0.4184	0.1805
0.8766	0.4146	0.1825
0.8761	0.4144	0.184
0.8765	0.4165	0.1827
0.8775	0.4167	0.1825
0.8787	0.4201	0.1837
0.8801	0.4205	0.1869
0.882	0.4151	0.1893
0.8847	0.4137	0.1878
0.8853	0.4152	0.1841
0.8829	0.417	0.1828
0.8811	0.4193	0.1872
0.8786	0.4203	0.1875
0.8761	0.4202	0.1804
0.8768	0.4196	0.18
0.879	0.4185	0.1863
0.8797	0.4155	0.1863
0.8778	0.4137	0.1809
0.8773	0.4162	0.1805
0.8786	0.4162	0.1844
0.8784	0.4159	0.1851
0.8799	0.4183	0.1837
0.8811	0.4181	0.1841
0.8786	0.4186	0.1855
0.8771	0.4198	0.185
0.8784	0.4206	0.18
0.8797	0.4219	0.1785
0.8805	0.4183	0.1858
0.882	0.4134	0.1881
0.8818	0.4136	0.1847
0.88	0.4153	0.1853
0.8803	0.4157	0.1848
0.8796	0.4152	0.1831
0.8793	0.4168	0.1837
0.8801	0.4199	0.1846
0.878	0.421	0.1866
0.8782	0.4214	0.1866
0.8805	0.421	0.1852
0.8809	0.4187	0.1859
0.8798	0.4173	0.1845
0.8769	0.4149	0.1802
0.8756	0.412	0.178
0.8774	0.4134	0.1799
0.8807	0.4163	0.1818
0.8828	0.4178	0.1837
0.881	0.4202	0.1875
0.8797	0.4207	0.1872
0.8784	0.4182	0.1857
0.8764	0.4169	0.185
0.8775	0.4179	0.1837
0.8787	0.4186	0.1861
0.8796	0.4181	0.1873
0.8816	0.4163	0.1847
0.8821	0.4138	0.182
0.8814	0.4149	0.1798
0.8808	0.4184	0.1829
0.8799	0.4215	0.1861
0.8791	0.4216	0.1843
0.8793	0.4155	0.1845
0.8794	0.4131	0.1856
0.8786	0.4173	0.1865
0.8788	0.4185	0.1867
0.8795	0.4196	0.1822
0.8792	0.4214	0.1783
0.8784	0.4193	0.1789
0.8777	0.4173	0.1801
0.8779	0.4167	0.1834
0.8781	0.4163	0.1863
0.8784	0.4166	0.1855
0.879	0.4145	0.186
0.8792	0.4132	0.1861
0.8818	0.4155	0.1846
0.8831	0.4166	0.1867
0.8807	0.4172	0.1886
0.8795	0.4186	0.186
0.8797	0.4187	0.1833
0.8802	0.4194	0.1844
0.8802	0.4197	0.1837
0.8795	0.4202	0.1789
0.8798	0.4203	0.1789
0.8793	0.4185	0.1821
0.8777	0.4183	0.184
0.878	0.4179	0.1862
0.8802	0.417	0.1875
0.8806	0.4163	0.1874
0.8768	0.4137	0.1831
0.8749	0.4143	0.1814
0.8771	0.4173	0.1853
0.8792	0.4179	0.1843
0.8824	0.4168	0.1842
0.8836	0.4163	0.1847
0.8807	0.4172	0.1805
0.8794	0.4173	0.1823
0.8798	0.4186	0.187
0.8809	0.4196	0.1881
0.8819	0.4171	0.1868
0.879	0.4168	0.1829
0.8761	0.4186	0.1809
0.8768	0.4185	0.1817
0.8787	0.4184	0.1851
0.8802	0.4196	0.185
0.8797	0.421	0.1798
0.88	0.4201	0.1805
0.8816	0.4169	0.1852
0.8805	0.4143	0.1877
0.8784	0.4144	0.1875
0.8773	0.4158	0.1868
0.878	0.414	0.1861
0.8786	0.4122	0.1814
0.8783	0.4139	0.1795
0.8791	0.418	0.181
0.8786	0.4224	0.1841
0.8795	0.4228	0.1884
0.8822	0.4209	0.1857
0.8819	0.4185	0.1837
0.8815	0.4169	0.1845
0.882	0.4184	0.1828
0.8812	0.418	0.1844
0.879	0.4164	0.1846
0.8765	0.4168	0.1827
0.8766	0.416	0.182
0.8777	0.4145	0.1821
0.8782	0.415	0.1848
0.8792	0.4193	0.1857
0.8796	0.4232	0.1867
0.8793	0.4209	0.1856
0.878	0.4121	0.1805
0.8804	0.4174	0.1814
0.8809	0.4178	0.1837
0.8804	0.4174	0.1849
0.8803	0.4176	0.1868
0.8798	0.4178	0.188
0.8792	0.4181	0.1855
0.879	0.4158	0.1845
0.8785	0.4142	0.1835
0.8807	0.4162	0.1815
0.8817	0.4169	0.1835
0.8791	0.4172	0.1856
0.8781	0.4184	0.1836
0.8786	0.4183	0.1817
0.8794	0.4189	0.1835
0.8797	0.4192	0.1836
0.8793	0.4197	0.1795
0.88	0.4199	0.18
0.8796	0.4182	0.1835
0.8783	0.4181	0.1856
0.8787	0.4178	0.1877
0.8809	0.4171	0.1889
0.8812	0.4164	0.1885
0.8773	0.4139	0.1839
0.8753	0.4145	0.1818
0.8774	0.4175	0.1854
0.8793	0.4181	0.1842
0.8823	0.4169	0.1838
0.8835	0.4165	0.1842
0.8805	0.4173	0.1799
0.8792	0.4174	0.1817
0.8796	0.4186	0.1864
0.8806	0.4195	0.1876
0.8817	0.4171	0.1864
0.8788	0.4167	0.1827
0.8759	0.4185	0.1808
0.8768	0.4184	0.1817
0.8787	0.4184	0.1852
0.8802	0.4195	0.1851
0.8798	0.421	0.18
0.8801	0.4201	0.1808
0.8817	0.4169	0.1854
0.8806	0.4143	0.1879
0.8785	0.4144	0.1876
0.8774	0.4158	0.1869
0.8781	0.414	0.1862
0.8787	0.4122	0.1814
0.8784	0.414	0.1795
0.8791	0.4181	0.181
0.8786	0.4225	0.184
0.8795	0.4228	0.1884
0.8822	0.4209	0.1856
0.8819	0.4185	0.1837
0.8815	0.4169	0.1845
0.882	0.4184	0.1827
0.8811	0.418	0.1843
0.879	0.4164	0.1846
0.8765	0.4168	0.1827
0.8766	0.416	0.1821
0.8777	0.4145	0.1821
0.8782	0.415	0.1848
0.8792	0.4193	0.1858
0.8796	0.4232	0.1868
0.8793	0.4209	0.1857
0.8792	0.4169	0.1806
0.8796	0.4144	0.1818
0.8795	0.4148	0.1862
0.8793	0.4169	0.1864
0.8802	0.4162	0.1823
0.8806	0.4159	0.1808
0.8816	0.4162	0.1863
0.8823	0.4167	0.187
0.8798	0.4195	0.1844
0.878	0.4205	0.1847
0.8786	0.4198	0.1832
0.8783	0.4196	0.1846
0.8775	0.4183	0.1859
0.8776	0.4172	0.1835
0.8785	0.4168	0.1842
0.8793	0.4157	0.1852
0.879	0.4157	0.184
0.8795	0.4178	0.1818
0.8813	0.4177	0.1795
0.8815	0.4155	0.1814
0.8814	0.4155	0.1837
0.8814	0.4176	0.1833
0.8788	0.4187	0.1825
0.8774	0.4179	0.1819
0.8786	0.4181	0.184
0.8785	0.4183	0.188
0.879	0.4186	0.1899
0.8799	0.4189	0.1892
0.8787	0.4158	0.1877
0.8796	0.4154	0.1855
0.8813	0.4194	0.1821
0.8801	0.4199	0.1812
0.8795	0.4181	0.1814
0.8799	0.4188	0.1803
0.8774	0.4186	0.1821
0.8764	0.4153	0.1839
0.8794	0.4145	0.1863
0.8801	0.4166	0.1876
0.8793	0.4163	0.182
0.8802	0.4155	0.1801
0.8799	0.4161	0.1835
0.8807	0.4169	0.1855
0.8814	0.4178	0.187
0.8792	0.4179	0.1863
0.8784	0.4183	0.1854
0.8786	0.4187	0.1847
0.8799	0.4189	0.1825
0.8822	0.42	0.1827
0.8811	0.4194	0.1823
0.8775	0.4181	0.1823
0.8759	0.419	0.1839
0.8776	0.4202	0.1843
0.8791	0.4198	0.1853
0.8791	0.4176	0.1847
0.8796	0.4139	0.1831
0.8799	0.412	0.1834
0.8804	0.4129	0.1834
0.8813	0.4147	0.1843
0.8807	0.4169	0.1845
0.8806	0.4175	0.1847
0.8797	0.4181	0.1852
0.8785	0.4193	0.1837
0.8791	0.4189	0.1852
0.8786	0.4192	0.1865
0.8786	0.4224	0.1877
0.8789	0.4176	0.1838
0.8787	0.4164	0.185
0.8785	0.4176	0.1835
0.8795	0.4163	0.1788
0.8801	0.4157	0.1776
0.8812	0.4157	0.1837
0.8821	0.4162	0.1854
0.8797	0.4189	0.1837
0.8781	0.42	0.1848
0.8788	0.4194	0.1841
0.8786	0.4192	0.1859
0.8779	0.418	0.1875
0.878	0.417	0.1851
0.8788	0.4166	0.1856
0.8796	0.4155	0.1865
0.8792	0.4156	0.1849
0.8797	0.4178	0.1823
0.8813	0.4178	0.1797
0.8815	0.4156	0.1812
0.8813	0.4156	0.1833
0.8813	0.4177	0.1827
0.8786	0.4188	0.1818
0.8773	0.418	0.1812
0.8785	0.4182	0.1834
0.8783	0.4184	0.1875
0.8789	0.4186	0.1895
0.8798	0.4189	0.1889
0.8787	0.4159	0.1876
0.8796	0.4154	0.1856
0.8813	0.4194	0.1822
0.8801	0.4199	0.1814
0.8795	0.4181	0.1816
0.8799	0.4188	0.1806
0.8775	0.4186	0.1824
0.8764	0.4153	0.1841
0.8795	0.4145	0.1865
0.8801	0.4166	0.1877
0.8793	0.4163	0.1821
0.8802	0.4155	0.1801
0.8799	0.4161	0.1835
0.8807	0.4169	0.1855
0.8814	0.4178	0.187
0.8792	0.4179	0.1862
0.8783	0.4184	0.1853
0.8786	0.4187	0.1846
0.8798	0.4189	0.1824
0.8822	0.42	0.1826
0.8811	0.4194	0.1823
0.8775	0.4181	0.1823
0.8759	0.419	0.1839
0.8776	0.4202	0.1843
0.8791	0.4198	0.1853
0.8791	0.4176	0.1847
0.8796	0.4139	0.1831
0.8799	0.412	0.1834
0.8804	0.4129	0.1835
0.8813	0.4147	0.1843
0.8807	0.4169	0.1845
0.8806	0.4175	0.1847
0.8797	0.4181	0.1852
0.8785	0.4194	0.1837
0.8791	0.4189	0.1852
0.8786	0.4192	0.1865
0.8786	0.4193	0.1851
0.8794	0.4184	0.1859
0.8797	0.4187	0.1847
0.8801	0.4179	0.1822
0.8786	0.4176	0.1828
0.8775	0.4178	0.1846
0.8786	0.4177	0.1849
0.8789	0.4179	0.1812
0.8796	0.4161	0.1802
0.8808	0.4154	0.1829
0.8809	0.4168	0.1811
0.8804	0.4157	0.1804
0.8791	0.4139	0.1826
0.8789	0.4155	0.1839
0.8814	0.4212	0.1878
0.8826	0.4231	0.1889
0.8801	0.4188	0.1876
0.8781	0.418	0.1892
0.8781	0.4188	0.1875
0.8776	0.4165	0.1853
0.8773	0.4163	0.1854
0.8782	0.4165	0.1835
0.8784	0.4158	0.1823
0.8774	0.4167	0.182
0.8784	0.4173	0.1815
0.883	0.4174	0.1803
0.8845	0.4178	0.1778
0.8824	0.4187	0.1786
0.8814	0.4187	0.1816
0.8775	0.4169	0.187
0.8748	0.416	0.1903
0.8771	0.4167	0.1858
0.8775	0.4177	0.1845
0.8781	0.4189	0.1863
0.8797	0.4188	0.1846
0.8801	0.4167	0.1848
0.8811	0.4154	0.1846
0.8808	0.4168	0.1852
0.8807	0.4183	0.1875
0.8801	0.4186	0.1855
0.8788	0.4192	0.1833
0.8827	0.4198	0.1837
0.8845	0.4196	0.1836
0.8808	0.4181	0.1807
0.8791	0.4158	0.1765
0.8765	0.4147	0.1777
0.874	0.4149	0.1827
0.8749	0.4155	0.1894
0.8761	0.417	0.1924
0.8775	0.4179	0.1864
0.8789	0.4181	0.1825
0.8807	0.4186	0.1819
0.8832	0.4173	0.1804
0.8828	0.4171	0.1839
0.8821	0.4181	0.1896
0.8823	0.4179	0.1905
0.8808	0.4192	0.1849
0.8794	0.4189	0.1809
0.8785	0.4172	0.1827
0.878	0.418	0.1834
0.8782	0.4179	0.1828
0.8783	0.4169	0.1815
0.8791	0.4148	0.1811
0.8786	0.4153	0.1828
0.8776	0.4171	0.1811
0.8786	0.418	0.1859
0.8793	0.4192	0.1871
0.8802	0.4189	0.1857
0.879	0.4185	0.1864
0.8782	0.4186	0.1879
0.8795	0.4183	0.1874
0.8798	0.4183	0.1828
0.8804	0.4162	0.1809
0.8814	0.4154	0.1829
0.8813	0.4166	0.1804
0.8806	0.4155	0.1792
0.8791	0.4137	0.1812
0.8787	0.4154	0.1825
0.8811	0.4211	0.1864
0.8822	0.423	0.1878
0.8797	0.4188	0.1868
0.8777	0.418	0.1887
0.8777	0.4189	0.1873
0.8773	0.4167	0.1854
0.8771	0.4164	0.1857
0.8781	0.4166	0.1839
0.8783	0.4159	0.1829
0.8774	0.4167	0.1826
0.8785	0.4174	0.1821
0.8831	0.4174	0.1808
0.8847	0.4178	0.1782
0.8825	0.4186	0.1788
0.8815	0.4186	0.1817
0.8777	0.4168	0.187
0.8749	0.416	0.1902
0.8771	0.4167	0.1857
0.8775	0.4176	0.1843
0.8781	0.4189	0.1861
0.8797	0.4188	0.1844
0.88	0.4167	0.1846
0.8811	0.4154	0.1845
0.8807	0.4168	0.1851
0.8806	0.4183	0.1875
0.8801	0.4186	0.1855
0.8787	0.4192	0.1833
0.8827	0.4198	0.1837
0.8845	0.4196	0.1837
0.8808	0.4182	0.1808
0.8791	0.4158	0.1766
0.8766	0.4147	0.1778
0.874	0.4149	0.1828
0.8749	0.4155	0.1894
0.8761	0.417	0.1924
0.8775	0.4179	0.1864
0.8789	0.4181	0.1825
0.8807	0.4186	0.1819
0.8832	0.4173	0.1804
0.8828	0.417	0.1839
0.8821	0.4181	0.1896
0.8823	0.4179	0.1904
0.8808	0.4192	0.1849
0.8794	0.4189	0.1809
0.8785	0.4172	0.1827
0.878	0.418	0.1834
0.8782	0.4179	0.1828
0.8783	0.4169	0.1815
0.8791	0.4148	0.1811
0.8786	0.4153	0.1828
0.8776	0.4183	0.1835
0.8783	0.4176	0.1857
0.8786	0.4182	0.1864
0.8784	0.4188	0.1855
0.8791	0.4174	0.1851
0.8812	0.4187	0.1822
0.8831	0.4177	0.1832
0.8828	0.4169	0.1851
0.881	0.4185	0.1845
0.8781	0.417	0.1853
0.8772	0.4171	0.1841
0.8787	0.4172	0.1844
0.8787	0.4153	0.1865
0.8786	0.4161	0.1863
0.8791	0.4187	0.1832
0.8785	0.4214	0.1791
0.8796	0.4206	0.1811
0.8809	0.4162	0.1819
0.8807	0.4147	0.1805
0.8809	0.4156	0.1861
0.8808	0.4159	0.1874
0.8792	0.4165	0.1848
0.8776	0.4178	0.1893
0.8779	0.4174	0.1915
0.8789	0.4173	0.1868
0.8793	0.4185	0.1795
0.8793	0.4175	0.1758
0.8785	0.4167	0.1814
0.879	0.4174	0.1846
0.8809	0.4187	0.1833
0.8806	0.4201	0.1871
0.8784	0.4208	0.1849
0.8778	0.423	0.1776
0.8799	0.4217	0.1797
0.8804	0.4151	0.186
0.8788	0.4125	0.1892
0.8795	0.4142	0.1871
0.8809	0.4153	0.1858
0.8815	0.4161	0.1885
0.8818	0.4162	0.1847
0.8805	0.416	0.1797
0.8784	0.4155	0.182
0.8765	0.4142	0.184
0.8761	0.4156	0.1844
0.8771	0.4203	0.1842
0.8798	0.4217	0.1819
0.8817	0.4195	0.1817
0.879	0.4194	0.1808
0.8783	0.421	0.1814
0.8801	0.4203	0.1897
0.8791	0.4178	0.1923
0.8792	0.4169	0.1878
0.8795	0.4172	0.1855
0.8788	0.4169	0.1823
0.8804	0.417	0.1826
0.8816	0.417	0.1819
0.8822	0.4152	0.1785
0.8817	0.4142	0.1812
0.8795	0.4154	0.1817
0.8797	0.4165	0.1827
0.8823	0.4173	0.1862
0.8826	0.4182	0.1852
0.877	0.4187	0.1866
0.8725	0.4191	0.1859
0.8721	0.4204	0.1833
0.8757	0.4172	0.186
0.878	0.4167	0.1867
0.879	0.4172	0.1856
0.8805	0.4161	0.1849
0.8828	0.418	0.1817
0.8847	0.4175	0.1824
0.8843	0.4173	0.1841
0.8821	0.4192	0.1834
0.8788	0.4178	0.1843
0.8775	0.418	0.1831
0.8788	0.418	0.1837
0.8785	0.4158	0.186
0.8782	0.4165	0.1861
0.8785	0.4188	0.1832
0.878	0.4213	0.1793
0.8791	0.4202	0.1815
0.8805	0.4158	0.1824
0.8804	0.4142	0.181
0.8807	0.4151	0.1866
0.8807	0.4154	0.1878
0.8792	0.4161	0.1852
0.8777	0.4175	0.1896
0.8781	0.4172	0.1917
0.8791	0.4173	0.1869
0.8795	0.4185	0.1795
0.8795	0.4176	0.1757
0.8787	0.4169	0.1813
0.8792	0.4176	0.1844
0.881	0.4189	0.1832
0.8807	0.4203	0.1869
0.8784	0.421	0.1847
0.8778	0.4231	0.1775
0.8799	0.4218	0.1796
0.8804	0.4151	0.1859
0.8787	0.4125	0.1892
0.8795	0.4142	0.1872
0.8808	0.4153	0.1859
0.8814	0.416	0.1886
0.8817	0.4161	0.1847
0.8805	0.4159	0.1798
0.8784	0.4154	0.1821
0.8765	0.4142	0.184
0.8761	0.4156	0.1845
0.8771	0.4203	0.1842
0.8799	0.4217	0.1819
0.8817	0.4195	0.1817
0.879	0.4194	0.1808
0.8783	0.4211	0.1813
0.8802	0.4203	0.1897
0.8791	0.4179	0.1923
0.8792	0.4169	0.1878
0.8795	0.4172	0.1855
0.8788	0.4169	0.1822
0.8804	0.417	0.1825
0.8816	0.417	0.1819
0.8822	0.4152	0.1785
0.8817	0.4142	0.1812
0.8794	0.4154	0.1817
0.8797	0.4165	0.1827
0.8823	0.4173	0.1862
0.8826	0.4182	0.1852
0.877	0.4186	0.1866
0.8725	0.4191	0.1859
0.8738	0.4185	0.1832
0.8741	0.4185	0.1852
0.8764	0.419	0.1874
0.8807	0.417	0.1871
0.8801	0.416	0.1798
0.8812	0.4163	0.1775
0.8839	0.4156	0.1883
0.8839	0.4172	0.1918
0.884	0.4198	0.1875
0.8822	0.4202	0.1852
0.8793	0.4196	0.181
0.8784	0.4183	0.1781
0.8778	0.4186	0.1782
0.8759	0.4184	0.18
0.8755	0.4139	0.1837
0.8789	0.4124	0.1852
0.8799	0.4157	0.1854
0.8791	0.4159	0.185
0.881	0.4169	0.184
0.8814	0.42	0.1842
0.8804	0.42	0.1843
0.8797	0.4197	0.1874
0.878	0.4198	0.1897
0.878	0.4173	0.1871
0.8797	0.4152	0.1852
0.8801	0.4153	0.1816
0.8797	0.416	0.1791
0.8798	0.4185	0.1811
0.8802	0.4204	0.1816
0.8802	0.4183	0.183
0.8798	0.4169	0.183
0.8788	0.4182	0.1836
0.8773	0.4186	0.1894
0.8758	0.4188	0.1912
0.8768	0.4172	0.1875
0.8805	0.4138	0.1821
0.8818	0.4144	0.1796
0.881	0.4175	0.1823
0.8816	0.4181	0.1834
0.8811	0.416	0.1829
0.8801	0.4155	0.1828
0.8802	0.4188	0.1812
0.8796	0.4205	0.1818
0.8792	0.4189	0.1846
0.878	0.418	0.1878
0.8773	0.4178	0.189
0.8793	0.418	0.186
0.8799	0.4195	0.1848
0.8787	0.4199	0.1847
0.878	0.4201	0.1805
0.878	0.4197	0.1791
0.8795	0.4137	0.1816
0.8809	0.4104	0.1827
0.8807	0.4131	0.1861
0.8793	0.4139	0.1891
0.8775	0.4182	0.187
0.8781	0.4208	0.1871
0.8803	0.4176	0.1873
0.8812	0.4189	0.1831
0.8814	0.4189	0.1816
0.8818	0.4171	0.1816
0.8811	0.4182	0.1811
0.8796	0.4188	0.182
0.8796	0.42	0.1821
0.9903	0.2261	0.1252
0.8664	0.4195	0.191
0.8014	0.5195	0.2367
0.8145	0.5353	0.2327
0.8429	0.5204	0.1851
0.8608	0.4915	0.168
0.8885	0.4453	0.1741
0.8865	0.4128	0.1643
0.878	0.3702	0.1665
0.8864	0.3323	0.193
0.9011	0.3223	0.197
0.9281	0.3283	0.1799
0.9364	0.3528	0.1792
0.9109	0.381	0.1898
0.8847	0.4149	0.1976
0.8703	0.4453	0.1955
0.8612	0.4596	0.1878
0.8598	0.4641	0.1838
0.8643	0.4539	0.1736
0.8721	0.4509	0.1636
0.8748	0.4522	0.1661
0.8665	0.4429	0.1671
0.8624	0.4327	0.1695
0.8677	0.4179	0.179
0.8788	0.4074	0.1782
0.8883	0.4019	0.1809
0.8847	0.3958	0.1995
0.8803	0.3949	0.2106
0.8787	0.3963	0.2121
0.873	0.4029	0.2118
0.8731	0.4124	0.208
0.8768	0.422	0.2028
0.8798	0.429	0.1956
0.884	0.4278	0.18
0.888	0.4271	0.1616
0.8951	0.4239	0.1528
0.8945	0.4211	0.1485
0.8847	0.4276	0.1511
0.8806	0.4275	0.1638
0.8779	0.4214	0.1783
0.8754	0.4188	0.1912
0.8773	0.4102	0.1945
0.8782	0.4019	0.1998
0.8769	0.4031	0.206
0.8701	0.4064	0.1986
0.8652	0.4147	0.1985
0.8716	0.4256	0.2
0.8791	0.4255	0.189
0.8838	0.4179	0.1724
0.8859	0.4106	0.1626
0.8838	0.4107	0.1734
0.88	0.4149	0.1766
0.8737	0.4113	0.1779
0.8763	0.4054	0.1984
0.8946	0.4132	0.2009
0.9031	0.4453	0.1875
0.8968	0.4793	0.1711
0.8866	0.4629	0.1639
0.8495	0.3886	0.1844
0.8219	0.3364	0.1888
0.8588	0.3621	0.1767
0.8939	0.406	0.186
0.9033	0.4365	0.2024
0.9261	0.4603	0.2026
0.9103	0.4587	0.1764
0.8602	0.454	0.1682
0.839	0.4313	0.1981
0.8484	0.3961	0.2
0.8772	0.3953	0.1782
0.8937	0.3968	0.1783
0.8839	0.4008	0.1813
0.8836	0.4111	0.1792
0.8915	0.4105	0.177
0.8878	0.4176	0.1709
0.8855	0.4174	0.1709
0.8821	0.4164	0.1759
0.8737	0.4206	0.1817
0.8776	0.4209	0.1906
0.8772	0.4272	0.1942
0.8736	0.4241	0.1943
0.8788	0.422	0.1972
0.8758	0.4227	0.1967
0.8768	0.418	0.1937
0.8796	0.4197	0.1867
0.8775	0.4163	0.1796
0.8825	0.4144	0.1826
0.8823	0.4159	0.1805
0.8809	0.413	0.1713
0.8821	0.4139	0.1719
0.8801	0.4142	0.1757
0.8789	0.4204	0.1795
0.8753	0.4255	0.1857
0.8762	0.4218	0.1862
0.8788	0.4206	0.1883
0.8785	0.4152	0.1917
0.8803	0.4121	0.1881
0.8802	0.4142	0.1866
0.8811	0.4131	0.1857
0.8824	0.4151	0.1836
0.8823	0.4151	0.1837
0.8835	0.4138	0.1825
0.8814	0.4159	0.1848
0.8784	0.4149	0.186
0.8762	0.4166	0.1829
0.8747	0.4226	0.1831
0.8756	0.4247	0.1822
0.8772	0.4236	0.1821
0.8803	0.4221	0.1868
0.8814	0.4203	0.1869
0.8801	0.4192	0.1808
0.8797	0.4188	0.1786
0.8787	0.417	0.182
0.88	0.4153	0.1821
0.8813	0.4136	0.1821
0.8805	0.412	0.1851
0.8812	0.4131	0.1858
0.8798	0.4139	0.1872
0.8783	0.4164	0.187
0.8789	0.4193	0.1863
0.8783	0.4178	0.1897
0.8783	0.4184	0.1889
0.88	0.4192	0.1851
0.8802	0.418	0.1833
0.8792	0.4196	0.1812
0.8792	0.4195	0.18
0.8794	0.4185	0.181
0.8792	0.4194	0.1819
0.8794	0.4201	0.1803
0.9054	0.415	0.1627
0.8666	0.4295	0.1692
0.8503	0.4222	0.2073
0.8602	0.3982	0.2126
0.8872	0.4048	0.191
0.9005	0.4103	0.1892
0.8872	0.4154	0.1891
0.8837	0.4248	0.1835
0.8891	0.4217	0.1781
0.8837	0.4256	0.1693
0.8806	0.4219	0.1672
0.8771	0.4175	0.171
0.8693	0.4187	0.1764
0.8741	0.4169	0.1855
0.8749	0.4217	0.1898
0.8726	0.418	0.191
0.8789	0.4159	0.1951
0.8769	0.4173	0.1958
0.8787	0.4137	0.1939
0.8819	0.4167	0.1878
0.8799	0.4146	0.1814
0.8848	0.414	0.1847
0.8843	0.4166	0.1828
0.8825	0.4146	0.1734
0.8832	0.416	0.1738
0.8806	0.4167	0.1772
0.8789	0.4229	0.1805
0.8749	0.4278	0.1862
0.8755	0.4238	0.1862
0.8779	0.422	0.188
0.8775	0.4161	0.1911
0.8793	0.4125	0.1873
0.8793	0.4141	0.1857
0.8803	0.4127	0.1848
0.8819	0.4144	0.1828
0.882	0.4143	0.1831
0.8833	0.4129	0.1821
0.8815	0.415	0.1845
0.8786	0.4142	0.1859
0.8764	0.416	0.1829
0.8751	0.4221	0.1833
0.876	0.4245	0.1824
0.8775	0.4236	0.1824
0.8806	0.4222	0.1871
0.8816	0.4205	0.1872
0.8802	0.4195	0.1811
0.8797	0.4191	0.1788
0.8787	0.4173	0.1822
0.88	0.4156	0.1821
0.8812	0.4139	0.1821
0.8804	0.4122	0.1851
0.881	0.4132	0.1858
0.8797	0.414	0.1871
0.8781	0.4164	0.1869
0.8789	0.4193	0.1862
0.8782	0.4177	0.1896
0.8782	0.4183	0.1888
0.88	0.4191	0.1851
0.8803	0.4179	0.1832
0.8793	0.4195	0.1812
0.8792	0.4194	0.18
0.8794	0.4184	0.1811
0.8793	0.4193	0.182
0.8794	0.4201	0.1804
0.8795	0.4202	0.18
0.8795	0.4152	0.182
0.8799	0.4108	0.1843
0.8809	0.4133	0.1871
0.8807	0.4155	0.1885
0.8783	0.4174	0.1893
0.8766	0.4205	0.1859
0.8771	0.4199	0.1809
0.8777	0.4175	0.1827
0.8798	0.417	0.1848
0.8822	0.4189	0.1845
0.8819	0.4226	0.1847
0.8815	0.4216	0.1837
0.8802	0.4155	0.1847
0.8782	0.4124	0.1857
0.8793	0.4136	0.185
0.8799	0.4141	0.1848
0.8797	0.4153	0.183
0.8799	0.4183	0.1815
0.879	0.4209	0.1802
0.8788	0.4223	0.1801
0.878	0.419	0.1851
0.8767	0.4165	0.188
0.8776	0.4199	0.1869
0.8792	0.4204	0.1857
0.8812	0.4185	0.1819
0.8817	0.4146	0.1797
0.877	0.4111	0.1818
0.8757	0.4147	0.1866
0.8819	0.4162	0.1898
0.8833	0.4169	0.1846
0.8807	0.4188	0.1817
0.8815	0.4141	0.1846
0.8794	0.4142	0.1828
0.8776	0.4208	0.1824
0.8803	0.4229	0.1836
0.8807	0.422	0.1842
0.881	0.4217	0.1864
0.8802	0.4208	0.1836
0.8744	0.4174	0.1826
0.8733	0.4165	0.185
0.8787	0.4182	0.1831
0.8801	0.417	0.1844
0.8798	0.4135	0.1858
0.8823	0.4107	0.1848
0.8817	0.4127	0.1858
0.8802	0.4169	0.1841
0.8819	0.4187	0.1841
0.8821	0.4186	0.1855
0.8808	0.4185	0.1838
0.8773	0.4204	0.1833
0.8745	0.4205	0.1798
0.8771	0.4183	0.1798
0.8781	0.4169	0.1867
0.8774	0.4165	0.1859
0.8792	0.4171	0.1844
0.8807	0.4143	0.1879
0.8825	0.4139	0.186
0.8822	0.4189	0.183
0.8803	0.419	0.1836
0.8799	0.4175	0.1838
0.8789	0.4202	0.1819
0.8791	0.4226	0.1801
0.8791	0.423	0.1835
0.8781	0.415	0.1801
0.878	0.4153	0.181
0.8787	0.4131	0.1832
0.8802	0.416	0.1864
0.8806	0.4175	0.1884
0.8786	0.4182	0.1896
0.8773	0.4201	0.1867
0.878	0.4185	0.1819
0.8786	0.4156	0.1837
0.8806	0.4148	0.1856
0.8828	0.4168	0.1851
0.8823	0.4208	0.1851
0.8817	0.4204	0.1838
0.8801	0.4148	0.1845
0.878	0.4124	0.1852
0.8789	0.414	0.1844
0.8795	0.415	0.1841
0.8792	0.4165	0.1823
0.8794	0.4196	0.1808
0.8786	0.4222	0.1797
0.8785	0.4234	0.1797
0.8778	0.4199	0.1849
0.8766	0.4172	0.1879
0.8776	0.4202	0.187
0.8793	0.4205	0.1859
0.8814	0.4183	0.1821
0.8819	0.4143	0.18
0.8772	0.4106	0.1821
0.8758	0.4142	0.1869
0.882	0.4156	0.1901
0.8834	0.4164	0.1848
0.8808	0.4184	0.1819
0.8815	0.4138	0.1847
0.8794	0.4139	0.1828
0.8776	0.4207	0.1824
0.8802	0.4229	0.1835
0.8807	0.4221	0.1841
0.881	0.4219	0.1863
0.8802	0.421	0.1835
0.8743	0.4176	0.1825
0.8733	0.4167	0.1849
0.8787	0.4184	0.1831
0.88	0.4172	0.1844
0.8797	0.4136	0.1858
0.8823	0.4108	0.1849
0.8817	0.4127	0.1858
0.8802	0.4169	0.1841
0.8819	0.4186	0.1842
0.8821	0.4185	0.1855
0.8808	0.4184	0.1839
0.8774	0.4203	0.1834
0.8746	0.4204	0.1799
0.8771	0.4183	0.1799
0.8781	0.4169	0.1867
0.8774	0.4165	0.1859
0.8792	0.4171	0.1843
0.8807	0.4143	0.1879
0.8825	0.4139	0.186
0.8822	0.419	0.183
0.8803	0.4191	0.1835
0.8799	0.4176	0.1838
0.8789	0.4202	0.1819
0.8791	0.4226	0.1801
0.8791	0.423	0.1835
0.8765	0.4204	0.1845
0.8765	0.4154	0.1787
0.8804	0.4122	0.1785
0.8824	0.412	0.1857
0.8805	0.4118	0.19
0.8783	0.4142	0.1888
0.877	0.4204	0.1869
0.8786	0.4219	0.1861
0.8828	0.4175	0.1857
0.8827	0.4156	0.1852
0.8802	0.4176	0.1837
0.8797	0.4192	0.1835
0.8797	0.4198	0.183
0.8798	0.4194	0.182
0.8781	0.4186	0.1818
0.8747	0.4188	0.1818
0.8749	0.4179	0.1863
0.8808	0.4166	0.1888
0.883	0.4159	0.1854
0.8787	0.4153	0.1861
0.8785	0.4162	0.1816
0.881	0.416	0.1753
0.8812	0.4167	0.1817
0.881	0.4198	0.187
0.8785	0.4191	0.1873
0.8773	0.4162	0.1848
0.8785	0.4159	0.1798
0.878	0.4172	0.1827
0.8801	0.4183	0.1839
0.8827	0.418	0.1835
0.8813	0.418	0.1866
0.88	0.4178	0.1844
0.8791	0.4169	0.1849
0.878	0.4179	0.1864
0.8784	0.4183	0.1856
0.8781	0.419	0.1863
0.8772	0.4212	0.1813
0.8779	0.4193	0.1802
0.8807	0.417	0.1866
0.8827	0.4171	0.1868
0.8808	0.4145	0.1834
0.8787	0.4134	0.1832
0.8801	0.4158	0.1847
0.8808	0.4165	0.1835
0.8796	0.4172	0.1821
0.879	0.418	0.1846
0.8782	0.4168	0.1879
0.8775	0.4181	0.1883
0.8784	0.4193	0.183
0.8787	0.418	0.178
0.8785	0.4191	0.179
0.8786	0.4188	0.1827
0.8786	0.4162	0.1853
0.8813	0.4178	0.1848
0.883	0.4193	0.1842
0.8809	0.4182	0.1865
0.8804	0.4176	0.1855
0.8805	0.4154	0.182
0.8804	0.4149	0.1829
0.8802	0.418	0.1852
0.8779	0.419	0.1852
0.8776	0.4187	0.1857
0.8782	0.4191	0.1859
0.8773	0.4172	0.1844
0.8779	0.4199	0.1847
0.8768	0.4159	0.1805
0.8803	0.4135	0.1801
0.8822	0.4137	0.1861
0.8803	0.4137	0.189
0.8783	0.416	0.1867
0.8772	0.422	0.184
0.879	0.4232	0.1828
0.8833	0.4183	0.1825
0.8833	0.416	0.1824
0.8807	0.4176	0.1817
0.8801	0.4189	0.1823
0.8801	0.4192	0.1828
0.88	0.4186	0.1825
0.8782	0.4178	0.1829
0.8747	0.418	0.1834
0.8748	0.4172	0.1882
0.8806	0.4161	0.1906
0.8828	0.4155	0.1872
0.8784	0.4151	0.1875
0.8782	0.4161	0.1827
0.8808	0.4161	0.176
0.881	0.4169	0.182
0.8809	0.4201	0.1869
0.8785	0.4194	0.1869
0.8773	0.4165	0.1842
0.8786	0.4161	0.1791
0.8781	0.4174	0.182
0.8802	0.4185	0.1832
0.8829	0.4181	0.1828
0.8814	0.418	0.186
0.8801	0.4178	0.184
0.8791	0.4169	0.1847
0.8781	0.4178	0.1863
0.8785	0.4182	0.1856
0.8781	0.4189	0.1865
0.8772	0.4211	0.1816
0.8779	0.4192	0.1805
0.8806	0.4169	0.1868
0.8827	0.417	0.1871
0.8807	0.4145	0.1836
0.8787	0.4134	0.1833
0.8801	0.4158	0.1848
0.8808	0.4165	0.1835
0.8796	0.4172	0.1821
0.879	0.418	0.1845
0.8782	0.4169	0.1878
0.8775	0.4181	0.1882
0.8785	0.4193	0.1829
0.8788	0.418	0.1779
0.8785	0.4191	0.1789
0.8786	0.4188	0.1826
0.8786	0.4162	0.1853
0.8813	0.4178	0.1847
0.883	0.4193	0.1842
0.8809	0.4182	0.1865
0.8804	0.4176	0.1855
0.8805	0.4154	0.182
0.8804	0.4148	0.183
0.8802	0.418	0.1852
0.8779	0.419	0.1852
0.8776	0.4187	0.1858
0.8782	0.4191	0.1859
0.8773	0.4172	0.1844
0.8776	0.4161	0.1825
0.8785	0.4185	0.181
0.8786	0.4194	0.1838
0.8792	0.4169	0.1878
0.8806	0.413	0.1867
0.8812	0.4103	0.1844
0.881	0.4118	0.1838
0.8804	0.4172	0.1832
0.88	0.4226	0.1827
0.8804	0.4234	0.181
0.8794	0.4232	0.1799
0.8789	0.4243	0.183
0.881	0.421	0.1871
0.8797	0.4165	0.1879
0.8782	0.4145	0.1873
0.8794	0.4137	0.1841
0.8789	0.4147	0.1799
0.88	0.4157	0.1812
0.8801	0.4168	0.185
0.8771	0.4145	0.1882
0.8774	0.412	0.1885
0.8786	0.4147	0.1825
0.8789	0.4173	0.179
0.8797	0.4207	0.1809
0.8804	0.4228	0.181
0.881	0.4214	0.1821
0.8791	0.4208	0.1845
0.8782	0.4171	0.1854
0.8796	0.4158	0.1877
0.8809	0.4203	0.1907
0.8811	0.4206	0.1888
0.8774	0.4178	0.1838
0.8762	0.4162	0.1814
0.8808	0.4167	0.1813
0.8814	0.4157	0.1821
0.8802	0.4103	0.1835
0.8829	0.4097	0.1827
0.8826	0.4161	0.1822
0.8782	0.4202	0.1856
0.876	0.4203	0.1874
0.8767	0.4211	0.1859
0.8786	0.4212	0.1858
0.8794	0.4205	0.1848
0.8792	0.4215	0.1797
0.8801	0.4198	0.1787
0.881	0.4149	0.1847
0.8804	0.413	0.1873
0.8771	0.4142	0.1844
0.8752	0.4148	0.1826
0.8795	0.4151	0.181
0.8838	0.4172	0.1821
0.8832	0.4177	0.185
0.8794	0.4176	0.1841
0.8764	0.4205	0.1839
0.8771	0.4218	0.1845
0.8779	0.4191	0.1847
0.8792	0.4162	0.1873
0.8826	0.417	0.188
0.8824	0.4194	0.1884
0.8802	0.4182	0.1894
0.8795	0.4174	0.1864
0.8791	0.4163	0.1811
0.8784	0.4141	0.1782
0.8771	0.418	0.1816
0.8828	0.4134	0.1819
0.8796	0.4193	0.178
0.8773	0.4217	0.1803
0.8769	0.4195	0.1851
0.878	0.4153	0.1853
0.8789	0.4118	0.1844
0.8793	0.4124	0.185
0.8794	0.417	0.1854
0.8797	0.4218	0.1854
0.8808	0.4222	0.184
0.8802	0.4218	0.1826
0.88	0.423	0.1853
0.8822	0.4199	0.1888
0.8808	0.4157	0.1889
0.8791	0.414	0.1875
0.8801	0.4136	0.1837
0.8794	0.4149	0.179
0.8801	0.4162	0.1801
0.88	0.4174	0.1837
0.8768	0.4152	0.1868
0.877	0.4127	0.1872
0.8781	0.4154	0.1814
0.8784	0.4178	0.1782
0.8792	0.4211	0.1804
0.88	0.423	0.1808
0.8807	0.4214	0.1821
0.8789	0.4208	0.1848
0.8781	0.4169	0.1858
0.8796	0.4155	0.1883
0.8809	0.4201	0.1912
0.8813	0.4203	0.1894
0.8776	0.4175	0.1843
0.8764	0.416	0.1818
0.881	0.4165	0.1815
0.8815	0.4156	0.1822
0.8803	0.4102	0.1835
0.883	0.4097	0.1827
0.8827	0.4162	0.1821
0.8782	0.4203	0.1854
0.8759	0.4204	0.1872
0.8767	0.4212	0.1857
0.8785	0.4213	0.1856
0.8793	0.4206	0.1846
0.8791	0.4216	0.1796
0.88	0.4199	0.1786
0.881	0.4149	0.1847
0.8804	0.413	0.1873
0.8771	0.4142	0.1845
0.8752	0.4148	0.1827
0.8795	0.4151	0.1811
0.8838	0.4171	0.1822
0.8832	0.4177	0.1851
0.8794	0.4175	0.1841
0.8765	0.4204	0.1839
0.8771	0.4217	0.1846
0.8779	0.4191	0.1847
0.8792	0.4162	0.1873
0.8826	0.417	0.188
0.8825	0.4194	0.1884
0.8802	0.4182	0.1894
0.8794	0.4174	0.1863
0.8791	0.4163	0.181
0.8784	0.4142	0.1782
0.8771	0.418	0.1816
0.8778	0.4196	0.1827
0.8811	0.416	0.1788
0.8823	0.4143	0.1794
0.8799	0.414	0.1807
0.8785	0.418	0.1833
0.8779	0.4203	0.1874
0.876	0.4167	0.1868
0.878	0.4177	0.187
0.8807	0.4203	0.1867
0.88	0.4198	0.1852
0.8804	0.4199	0.1873
0.8802	0.4205	0.1875
0.8803	0.4198	0.1852
0.8807	0.4144	0.1835
0.8783	0.4114	0.182
0.8785	0.4145	0.1815
0.8803	0.416	0.1807
0.8808	0.4174	0.1785
0.8803	0.4184	0.1806
0.8785	0.4168	0.1874
0.8784	0.4173	0.1888
0.88	0.4196	0.1867
0.8806	0.4203	0.1876
0.8793	0.419	0.1847
0.8793	0.4175	0.1783
0.8797	0.4175	0.1767
0.8778	0.4171	0.1813
0.8785	0.416	0.186
0.8794	0.4155	0.1874
0.8773	0.4178	0.1922
0.8775	0.4209	0.1921
0.8773	0.4196	0.1812
0.8781	0.4163	0.1782
0.8834	0.4144	0.184
0.8844	0.414	0.1848
0.8811	0.4153	0.1837
0.8802	0.4169	0.1837
0.8802	0.4195	0.1814
0.8801	0.4213	0.1796
0.8803	0.4216	0.1817
0.878	0.4226	0.1867
0.8764	0.4215	0.19
0.8777	0.4157	0.1856
0.8782	0.4113	0.1821
0.8794	0.4127	0.1838
0.8793	0.4135	0.1823
0.8773	0.4135	0.1824
0.879	0.4166	0.1839
0.8816	0.4184	0.1843
0.881	0.42	0.1873
0.8803	0.4206	0.1865
0.8801	0.419	0.1823
0.8798	0.4183	0.1809
0.8797	0.418	0.1826
0.8798	0.4196	0.1849
0.8799	0.4217	0.1859
0.8797	0.4208	0.1882
0.8792	0.4166	0.1863
0.8781	0.4127	0.1824
0.8774	0.4137	0.1842
0.8784	0.4141	0.1837
0.8788	0.4158	0.1827
0.8786	0.4197	0.1831
0.8797	0.4182	0.1803
0.8761	0.4237	0.1843
0.8824	0.4169	0.1821
0.8849	0.4136	0.183
0.8827	0.4127	0.1837
0.8808	0.4167	0.1852
0.8793	0.4193	0.1881
0.8765	0.4161	0.1865
0.8776	0.4176	0.1857
0.8796	0.4206	0.1848
0.8785	0.4204	0.1831
0.8788	0.4206	0.1852
0.8786	0.4213	0.1857
0.8789	0.4204	0.1837
0.8796	0.4149	0.1825
0.8776	0.4117	0.1815
0.8782	0.4145	0.1815
0.8804	0.4159	0.1811
0.8812	0.4172	0.1792
0.8809	0.4181	0.1815
0.8793	0.4164	0.1884
0.8792	0.4169	0.1898
0.8808	0.4192	0.1875
0.8812	0.42	0.1883
0.8798	0.4187	0.1852
0.8797	0.4174	0.1786
0.8799	0.4175	0.1768
0.8779	0.4171	0.1812
0.8784	0.4161	0.1858
0.8792	0.4156	0.1871
0.877	0.4179	0.1918
0.8772	0.4211	0.1917
0.877	0.4197	0.1808
0.8778	0.4164	0.1779
0.8832	0.4145	0.1838
0.8843	0.4141	0.1846
0.881	0.4153	0.1836
0.8802	0.417	0.1838
0.8802	0.4194	0.1814
0.8802	0.4213	0.1797
0.8804	0.4216	0.1818
0.8781	0.4226	0.1868
0.8765	0.4215	0.1901
0.8778	0.4156	0.1857
0.8783	0.4113	0.1822
0.8795	0.4127	0.1839
0.8794	0.4134	0.1824
0.8773	0.4135	0.1824
0.879	0.4166	0.1839
0.8816	0.4184	0.1842
0.881	0.42	0.1873
0.8803	0.4207	0.1864
0.88	0.419	0.1822
0.8797	0.4184	0.1809
0.8796	0.4181	0.1826
0.8798	0.4196	0.1848
0.8799	0.4218	0.1859
0.8797	0.4208	0.1882
0.8792	0.4166	0.1863
0.8781	0.4127	0.1824
0.8774	0.4137	0.1843
0.8784	0.4141	0.1837
0.8788	0.4158	0.1827
0.8786	0.4197	0.1831
0.8797	0.4182	0.1803
0.8811	0.4177	0.1822
0.882	0.4166	0.1867
0.8804	0.4149	0.1859
0.878	0.4214	0.1821
0.8789	0.423	0.1804
0.8797	0.4183	0.1847
0.8788	0.4175	0.1865
0.8799	0.4163	0.1842
0.8821	0.4149	0.1863
0.8818	0.4153	0.1882
0.8781	0.4161	0.1877
0.8761	0.418	0.1856
0.8787	0.418	0.1818
0.8796	0.4166	0.1814
0.8791	0.4171	0.1815
0.8802	0.4177	0.1813
0.8807	0.4195	0.1832
0.8805	0.4208	0.1836
0.8778	0.4162	0.1827
0.8747	0.4153	0.1828
0.8766	0.4206	0.1834
0.8814	0.4202	0.1835
0.884	0.4166	0.1838
0.8821	0.4156	0.1868
0.8792	0.4144	0.1889
0.8781	0.4137	0.1871
0.8773	0.4163	0.1849
0.8798	0.4193	0.1853
0.8811	0.4198	0.1845
0.878	0.4217	0.1819
0.8784	0.4219	0.1815
0.8798	0.417	0.1817
0.8791	0.4146	0.1828
0.8795	0.4144	0.1863
0.8795	0.4142	0.1862
0.8791	0.4148	0.1828
0.8799	0.4163	0.182
0.8819	0.4208	0.1849
0.8816	0.4241	0.1854
0.8806	0.4221	0.1828
0.8812	0.4165	0.1832
0.8789	0.414	0.1837
0.8773	0.4178	0.183
0.8775	0.4182	0.1827
0.8763	0.4139	0.1822
0.8774	0.4138	0.1848
0.8779	0.4152	0.1891
0.8759	0.4159	0.1922
0.8772	0.4186	0.1904
0.8819	0.4194	0.1782
0.885	0.419	0.1725
0.8834	0.419	0.1817
0.8821	0.4184	0.1839
0.8811	0.4195	0.1827
0.8784	0.4202	0.1885
0.8782	0.4192	0.188
0.8788	0.4188	0.1867
0.8798	0.4166	0.1853
0.88	0.4144	0.1797
0.8773	0.4156	0.1821
0.8763	0.4167	0.1845
0.8758	0.4171	0.1843
0.8761	0.4163	0.1861
0.8808	0.4165	0.1833
0.8867	0.4125	0.1844
0.8838	0.4155	0.1868
0.88	0.4161	0.1848
0.8765	0.4236	0.1804
0.8771	0.4255	0.1787
0.8781	0.4204	0.1833
0.8776	0.419	0.1855
0.8793	0.417	0.1836
0.882	0.415	0.1861
0.8823	0.4148	0.1884
0.8789	0.4153	0.1881
0.877	0.417	0.1861
0.8797	0.4169	0.1824
0.8805	0.4156	0.182
0.8798	0.4162	0.182
0.8807	0.4172	0.1817
0.881	0.4192	0.1834
0.8805	0.4207	0.1837
0.8777	0.4164	0.1827
0.8744	0.4156	0.1827
0.8762	0.421	0.1832
0.8809	0.4206	0.1832
0.8836	0.4171	0.1836
0.8817	0.416	0.1866
0.8789	0.4147	0.1887
0.8779	0.4139	0.1869
0.8772	0.4165	0.1848
0.8798	0.4194	0.1852
0.8812	0.4197	0.1845
0.8782	0.4216	0.1819
0.8786	0.4217	0.1816
0.88	0.4168	0.1818
0.8793	0.4144	0.183
0.8796	0.4142	0.1864
0.8797	0.4141	0.1862
0.8792	0.4146	0.1829
0.88	0.4162	0.1821
0.8819	0.4207	0.1849
0.8816	0.4241	0.1854
0.8806	0.4221	0.1828
0.8812	0.4165	0.1832
0.8789	0.4141	0.1837
0.8772	0.4179	0.183
0.8774	0.4183	0.1826
0.8762	0.414	0.1822
0.8774	0.4139	0.1848
0.8779	0.4153	0.189
0.8759	0.4159	0.1922
0.8771	0.4186	0.1904
0.8819	0.4194	0.1782
0.885	0.419	0.1725
0.8834	0.419	0.1817
0.8821	0.4184	0.1839
0.8812	0.4195	0.1827
0.8784	0.4202	0.1885
0.8782	0.4191	0.188
0.8789	0.4188	0.1867
0.8798	0.4166	0.1853
0.88	0.4144	0.1797
0.8773	0.4156	0.1821
0.8763	0.4167	0.1845
0.8758	0.4171	0.1843
0.8761	0.4163	0.1861
0.8808	0.4165	0.1833
0.8833	0.4213	0.1823
0.8817	0.421	0.1826
0.8818	0.4124	0.1837
0.8823	0.409	0.1869
0.882	0.4119	0.187
0.8821	0.4142	0.1883
0.8771	0.421	0.1846
0.8734	0.4267	0.1792
0.8759	0.4231	0.1824
0.8752	0.4225	0.183
0.8763	0.422	0.1831
0.8816	0.4175	0.1866
0.882	0.4192	0.1858
0.882	0.4174	0.1818
0.8833	0.4139	0.1796
0.8821	0.4161	0.1823
0.8799	0.4142	0.1841
0.8779	0.4135	0.1843
0.8774	0.4142	0.185
0.8779	0.4135	0.1821
0.8798	0.4165	0.1836
0.8814	0.4183	0.1876
0.8803	0.4194	0.1862
0.879	0.4192	0.1877
0.8784	0.4182	0.1891
0.8791	0.4202	0.1863
0.8792	0.4195	0.184
0.8767	0.4169	0.1812
0.8764	0.4166	0.1805
0.8793	0.417	0.183
0.8811	0.4181	0.1839
0.8814	0.4185	0.1836
0.8809	0.4173	0.1842
0.8811	0.4164	0.1839
0.881	0.4172	0.1814
0.8788	0.4178	0.1793
0.8775	0.4183	0.1806
0.8789	0.4197	0.1842
0.8793	0.4201	0.1869
0.8778	0.4191	0.1876
0.879	0.4161	0.1883
0.8812	0.4145	0.1881
0.8801	0.4172	0.1856
0.8798	0.4174	0.1832
0.8806	0.4147	0.181
0.8794	0.414	0.18
0.8799	0.4141	0.1827
0.8803	0.4166	0.1858
0.8788	0.4198	0.1851
0.8785	0.4198	0.1817
0.878	0.4196	0.1831
0.8766	0.4197	0.1879
0.8769	0.4187	0.1885
0.8799	0.4194	0.1863
0.8823	0.4193	0.1832
0.8819	0.4171	0.1816
0.8813	0.4167	0.1814
0.8787	0.4164	0.1804
0.8767	0.4149	0.1805
0.8798	0.4147	0.1816
0.8813	0.4165	0.1842
0.8807	0.4196	0.1842
0.8797	0.4209	0.1839
0.8777	0.4196	0.1919
0.8769	0.4223	0.1918
0.8782	0.4198	0.1861
0.8804	0.4101	0.1833
0.8821	0.4064	0.1844
0.8826	0.4096	0.1836
0.883	0.4124	0.1848
0.8781	0.4199	0.1815
0.8743	0.4263	0.1769
0.8767	0.4233	0.181
0.8757	0.4232	0.1825
0.8765	0.423	0.1833
0.8816	0.4187	0.1874
0.8819	0.4203	0.187
0.8818	0.4184	0.1831
0.883	0.4147	0.1809
0.8818	0.4166	0.1835
0.8796	0.4144	0.1851
0.8777	0.4135	0.1849
0.8772	0.4139	0.1853
0.8778	0.4132	0.1821
0.8798	0.416	0.1834
0.8814	0.4178	0.1872
0.8804	0.4189	0.1857
0.8791	0.4187	0.1872
0.8785	0.4179	0.1886
0.8792	0.42	0.1858
0.8793	0.4193	0.1836
0.8768	0.4169	0.1809
0.8765	0.4166	0.1803
0.8793	0.4171	0.183
0.8811	0.4182	0.1839
0.8814	0.4187	0.1838
0.8809	0.4175	0.1844
0.8811	0.4166	0.1841
0.881	0.4174	0.1816
0.8787	0.4179	0.1795
0.8775	0.4184	0.1807
0.8789	0.4198	0.1843
0.8793	0.4201	0.1869
0.8778	0.4191	0.1876
0.879	0.416	0.1883
0.8812	0.4144	0.1881
0.8801	0.4172	0.1856
0.8798	0.4174	0.1832
0.8806	0.4147	0.1809
0.8794	0.4139	0.1799
0.8799	0.4141	0.1826
0.8803	0.4166	0.1857
0.8788	0.4198	0.1851
0.8785	0.4198	0.1817
0.878	0.4196	0.1831
0.8766	0.4198	0.1879
0.8769	0.4188	0.1885
0.8799	0.4194	0.1863
0.8823	0.4194	0.1832
0.8819	0.4171	0.1816
0.8813	0.4167	0.1814
0.8787	0.4164	0.1804
0.8767	0.4149	0.1805
0.8798	0.4147	0.1816
0.8813	0.4165	0.1842
0.8807	0.4196	0.1842
0.8797	0.4209	0.1839
0.8777	0.4196	0.1919
0.8782	0.4171	0.1944
0.8789	0.4148	0.1852
0.8799	0.4146	0.1807
0.8809	0.4146	0.1804
0.8792	0.4155	0.1813
0.8791	0.4188	0.1882
0.8795	0.4195	0.1904
0.8791	0.4191	0.1821
0.8807	0.4199	0.176
0.8808	0.4199	0.1775
0.8784	0.4196	0.1814
0.8768	0.4177	0.1847
0.8771	0.4151	0.185
0.8773	0.4154	0.1856
0.8773	0.4164	0.1874
0.8798	0.4167	0.187
0.8825	0.4172	0.1854
0.8833	0.4174	0.1824
0.8829	0.418	0.1809
0.8819	0.4184	0.1826
0.8806	0.4177	0.1839
0.8785	0.4171	0.1853
0.8776	0.4178	0.1861
0.8776	0.4174	0.1862
0.8794	0.4166	0.1855
0.8806	0.4185	0.1839
0.8766	0.4183	0.1835
0.8758	0.4169	0.1824
0.8793	0.418	0.1835
0.8792	0.417	0.1871
0.8796	0.4177	0.1855
0.8813	0.4195	0.1848
0.8805	0.4177	0.186
0.8781	0.4165	0.1845
0.8772	0.4158	0.1835
0.8806	0.4169	0.1811
0.8829	0.418	0.1808
0.881	0.4153	0.1816
0.88	0.4157	0.1777
0.8792	0.4176	0.1778
0.8789	0.4186	0.185
0.8806	0.4206	0.1912
0.8806	0.4207	0.1916
0.8777	0.4189	0.1858
0.8761	0.4167	0.1803
0.8774	0.4178	0.1824
0.8793	0.4173	0.1881
0.8802	0.4129	0.1886
0.8792	0.4148	0.1847
0.8783	0.4186	0.1827
0.8802	0.4182	0.1824
0.882	0.4172	0.1833
0.8821	0.4157	0.1849
0.882	0.4162	0.184
0.8798	0.4176	0.1813
0.8764	0.4192	0.1817
0.8755	0.422	0.1817
0.8776	0.4207	0.1819
0.8793	0.4177	0.1863
0.8806	0.4156	0.1862
0.8815	0.4155	0.1844
0.8803	0.4175	0.1874
0.8803	0.4168	0.1871
0.8813	0.4173	0.1851
0.877	0.4168	0.1917
0.8778	0.4168	0.1806
0.8791	0.4173	0.1761
0.8804	0.417	0.1768
0.879	0.4172	0.1793
0.8792	0.4195	0.1878
0.8797	0.4194	0.1915
0.8794	0.4182	0.1842
0.8811	0.4186	0.1788
0.8812	0.4183	0.1805
0.8788	0.4181	0.1843
0.8771	0.4163	0.1871
0.8772	0.414	0.1869
0.8773	0.4148	0.1867
0.8772	0.4161	0.1878
0.8796	0.4168	0.1868
0.8823	0.4176	0.1846
0.8831	0.4181	0.1812
0.8827	0.4187	0.1795
0.8817	0.4192	0.1812
0.8804	0.4185	0.1826
0.8784	0.4178	0.1842
0.8775	0.4183	0.1853
0.8776	0.4178	0.1856
0.8794	0.4168	0.1852
0.8806	0.4185	0.1839
0.8766	0.4182	0.1837
0.8759	0.4167	0.1828
0.8794	0.4177	0.184
0.8792	0.4167	0.1876
0.8797	0.4174	0.186
0.8813	0.4192	0.1852
0.8805	0.4175	0.1864
0.8782	0.4164	0.1848
0.8772	0.4157	0.1836
0.8806	0.4169	0.1811
0.8829	0.418	0.1807
0.881	0.4154	0.1815
0.8799	0.4158	0.1775
0.8792	0.4177	0.1776
0.8788	0.4187	0.1848
0.8806	0.4207	0.191
0.8806	0.4208	0.1914
0.8777	0.4189	0.1857
0.8761	0.4168	0.1803
0.8774	0.4178	0.1823
0.8793	0.4173	0.1881
0.8802	0.4129	0.1886
0.8792	0.4147	0.1848
0.8783	0.4186	0.1828
0.8802	0.4182	0.1825
0.882	0.4172	0.1834
0.8821	0.4156	0.185
0.882	0.4162	0.184
0.8798	0.4176	0.1813
0.8764	0.4192	0.1817
0.8755	0.422	0.1817
0.8776	0.4207	0.1819
0.8793	0.4177	0.1863
0.8805	0.4156	0.1862
0.8815	0.4155	0.1843
0.8803	0.4175	0.1874
0.8803	0.4169	0.1871
0.8813	0.4173	0.1851
0.8796	0.4187	0.1856
0.8778	0.4175	0.1856
0.8779	0.4161	0.1858
0.878	0.4152	0.1822
0.8761	0.4175	0.1762
0.8756	0.4191	0.1768
0.8801	0.4179	0.1797
0.8836	0.4184	0.1795
0.8836	0.417	0.1815
0.8831	0.416	0.1851
0.8802	0.418	0.1884
0.8784	0.4182	0.1913
0.881	0.418	0.1914
0.8808	0.418	0.1913
0.8769	0.4179	0.1887
0.8761	0.4178	0.1855
0.8769	0.4176	0.187
0.8771	0.4174	0.1835
0.8784	0.4162	0.1732
0.8798	0.4163	0.172
0.8806	0.4169	0.1809
0.8805	0.4172	0.1847
0.8793	0.4192	0.1837
0.88	0.4196	0.1864
0.8822	0.4181	0.1865
0.8824	0.4176	0.1858
0.8802	0.4168	0.1863
0.8774	0.4154	0.1828
0.8766	0.4153	0.1829
0.878	0.4178	0.1865
0.879	0.4193	0.1866
0.8793	0.4179	0.1852
0.8796	0.4173	0.1856
0.8807	0.4173	0.1874
0.8817	0.4165	0.1861
0.8809	0.4163	0.1816
0.8789	0.4175	0.1781
0.8783	0.4204	0.1775
0.8803	0.421	0.1798
0.8802	0.4177	0.1825
0.8762	0.4162	0.185
0.8749	0.417	0.1851
0.878	0.418	0.1853
0.8807	0.4181	0.1869
0.8833	0.4153	0.1863
0.8847	0.4133	0.1871
0.8822	0.4131	0.1868
0.879	0.4148	0.1859
0.8773	0.4208	0.1868
0.8765	0.4234	0.1838
0.8776	0.4212	0.1821
0.8788	0.4205	0.1823
0.8786	0.4191	0.1815
0.878	0.4178	0.1822
0.8783	0.4161	0.182
0.8807	0.4131	0.1833
0.8823	0.4136	0.1837
0.8805	0.4149	0.1802
0.8798	0.4178	0.1799
0.8795	0.4216	0.1831
0.8785	0.4206	0.1874
0.8795	0.4187	0.1917
0.8808	0.4167	0.1928
0.8798	0.4147	0.1895
0.8811	0.4155	0.1806
0.8788	0.4163	0.1849
0.8784	0.4162	0.187
0.8781	0.4161	0.1839
0.876	0.4188	0.1775
0.8754	0.4205	0.1773
0.8797	0.4191	0.1794
0.8832	0.4194	0.1784
0.8832	0.4177	0.1799
0.8828	0.4163	0.1832
0.88	0.4179	0.1866
0.8783	0.4179	0.1897
0.881	0.4175	0.1902
0.8808	0.4174	0.1905
0.877	0.4173	0.1884
0.8763	0.4172	0.1856
0.8771	0.4172	0.1875
0.8772	0.4171	0.1843
0.8785	0.416	0.1742
0.8799	0.4162	0.173
0.8807	0.4169	0.1819
0.8805	0.4173	0.1855
0.8793	0.4193	0.1844
0.88	0.4198	0.1868
0.8821	0.4184	0.1868
0.8824	0.4178	0.1858
0.8801	0.417	0.1861
0.8773	0.4156	0.1825
0.8766	0.4155	0.1825
0.8779	0.4179	0.1861
0.879	0.4193	0.1862
0.8792	0.4178	0.1849
0.8795	0.4172	0.1853
0.8807	0.4172	0.1872
0.8817	0.4164	0.1859
0.8809	0.4162	0.1816
0.8789	0.4174	0.1781
0.8783	0.4204	0.1776
0.8803	0.421	0.1799
0.8803	0.4177	0.1827
0.8762	0.4162	0.1851
0.8749	0.417	0.1852
0.878	0.418	0.1854
0.8807	0.4181	0.187
0.8833	0.4153	0.1864
0.8847	0.4134	0.1872
0.8822	0.4131	0.1868
0.879	0.4148	0.1859
0.8773	0.4208	0.1868
0.8765	0.4234	0.1838
0.8776	0.4212	0.1821
0.8788	0.4205	0.1822
0.8786	0.4191	0.1814
0.878	0.4178	0.1822
0.8783	0.4161	0.1819
0.8807	0.4131	0.1832
0.8823	0.4136	0.1837
0.8805	0.4149	0.1802
0.8798	0.4178	0.18
0.8795	0.4216	0.1832
0.8785	0.4205	0.1874
0.8795	0.4187	0.1918
0.8808	0.4167	0.1928
0.8798	0.4147	0.1895
0.8778	0.4161	0.1847
0.8785	0.4165	0.1819
0.8806	0.4166	0.1813
0.8807	0.4167	0.1815
0.8805	0.4157	0.1813
0.8797	0.4177	0.1799
0.8776	0.4204	0.1777
0.8766	0.4204	0.1809
0.878	0.4192	0.1892
0.8793	0.4176	0.1887
0.88	0.4175	0.1833
0.8815	0.4197	0.1841
0.8809	0.424	0.1861
0.88	0.4218	0.1853
0.8807	0.4076	0.179
0.8796	0.4025	0.1772
0.8795	0.415	0.1861
0.8789	0.4191	0.1883
0.8776	0.4162	0.1859
0.8789	0.4228	0.1871
0.8792	0.4258	0.1848
0.8792	0.4231	0.1855
0.8782	0.4212	0.1909
0.8769	0.4164	0.1892
0.8797	0.4151	0.1814
0.8809	0.4151	0.1773
0.8798	0.414	0.1791
0.8796	0.4161	0.1833
0.8797	0.4153	0.1849
0.8821	0.415	0.1811
0.8833	0.4168	0.1794
0.8807	0.4179	0.1827
0.8778	0.4204	0.183
0.876	0.4185	0.1852
0.8766	0.4159	0.1896
0.8794	0.4164	0.1852
0.8809	0.4185	0.184
0.8803	0.422	0.1885
0.879	0.4199	0.1848
0.8786	0.4174	0.1825
0.8783	0.4183	0.1844
0.879	0.4157	0.1853
0.8824	0.4152	0.1872
0.8827	0.417	0.1842
0.8783	0.4171	0.1823
0.877	0.4175	0.1845
0.8771	0.4178	0.1811
0.8763	0.4197	0.1801
0.8793	0.4199	0.1824
0.8832	0.4134	0.1833
0.8834	0.4112	0.1862
0.8813	0.4165	0.1842
0.8806	0.4168	0.179
0.8803	0.416	0.18
0.8769	0.4203	0.1894
0.876	0.4211	0.1943
0.8791	0.4216	0.1853
0.8797	0.4231	0.1814
0.8786	0.4188	0.1849
0.8781	0.4175	0.1834
0.8782	0.4192	0.1826
0.8798	0.4172	0.1834
0.8803	0.4142	0.1832
0.8787	0.4118	0.1828
0.8788	0.4133	0.1846
0.8799	0.4149	0.1839
0.882	0.4159	0.1845
0.882	0.4168	0.1852
0.8815	0.4162	0.185
0.8803	0.4186	0.1831
0.8778	0.4214	0.1801
0.8766	0.4214	0.1825
0.8777	0.4201	0.1899
0.8788	0.4183	0.1886
0.8795	0.418	0.1826
0.881	0.42	0.183
0.8804	0.424	0.1848
0.8796	0.4217	0.1839
0.8804	0.4073	0.1777
0.8795	0.4022	0.176
0.8795	0.4146	0.1852
0.8789	0.4188	0.1877
0.8777	0.4159	0.1856
0.8791	0.4226	0.1871
0.8795	0.4256	0.185
0.8795	0.423	0.1859
0.8784	0.4212	0.1914
0.8771	0.4164	0.1897
0.8798	0.4152	0.1819
0.8809	0.4152	0.1778
0.8798	0.4141	0.1795
0.8796	0.4162	0.1836
0.8796	0.4154	0.185
0.882	0.4151	0.1812
0.8832	0.4168	0.1793
0.8806	0.418	0.1826
0.8778	0.4204	0.1828
0.8759	0.4185	0.185
0.8766	0.4159	0.1894
0.8793	0.4164	0.185
0.8809	0.4184	0.1839
0.8803	0.4219	0.1884
0.879	0.4199	0.1847
0.8786	0.4174	0.1824
0.8783	0.4182	0.1844
0.879	0.4157	0.1853
0.8824	0.4152	0.1873
0.8827	0.417	0.1843
0.8783	0.4171	0.1824
0.8771	0.4175	0.1846
0.8771	0.4178	0.1811
0.8763	0.4197	0.1801
0.8793	0.4199	0.1824
0.8832	0.4134	0.1833
0.8833	0.4112	0.1862
0.8813	0.4166	0.1842
0.8806	0.4168	0.179
0.8803	0.416	0.18
0.8769	0.4203	0.1894
0.876	0.4211	0.1942
0.8791	0.4216	0.1853
0.8797	0.4231	0.1813
0.8786	0.4188	0.1849
0.8781	0.4174	0.1834
0.8782	0.4192	0.1826
0.8798	0.4172	0.1834
0.8803	0.4142	0.1832
0.8787	0.4118	0.1828
0.8789	0.4127	0.1823
0.8806	0.4149	0.1843
0.8806	0.4149	0.1862
0.8809	0.4168	0.1848
0.8834	0.4193	0.1843
0.8821	0.4204	0.1863
0.8773	0.4204	0.1857
0.8764	0.4199	0.1839
0.8766	0.4199	0.1838
0.8766	0.4188	0.1817
0.8797	0.4183	0.1811
0.8807	0.4182	0.1818
0.8799	0.4172	0.1819
0.8809	0.4164	0.1852
0.8803	0.4152	0.1865
0.8798	0.4155	0.1872
0.8798	0.4167	0.1896
0.8784	0.4169	0.1884
0.8785	0.4174	0.1824
0.8802	0.4175	0.1734
0.8812	0.4177	0.1734
0.8806	0.4179	0.1834
0.8787	0.4177	0.1879
0.8777	0.418	0.1877
0.8781	0.4177	0.1889
0.8793	0.418	0.1901
0.8802	0.4187	0.1886
0.8792	0.4183	0.1843
0.8777	0.4169	0.1821
0.8779	0.4163	0.1829
0.88	0.4181	0.1831
0.8812	0.418	0.1824
0.8807	0.4151	0.1815
0.8802	0.4143	0.1808
0.8795	0.4162	0.1812
0.8789	0.418	0.1824
0.8796	0.4184	0.1849
0.8808	0.4187	0.1866
0.88	0.4196	0.184
0.8783	0.4199	0.1834
0.8787	0.42	0.1868
0.8789	0.4196	0.1876
0.8795	0.419	0.1865
0.8815	0.4186	0.1823
0.8803	0.4165	0.1794
0.878	0.4142	0.1838
0.8769	0.4139	0.1857
0.8767	0.4139	0.185
0.8796	0.415	0.1872
0.8808	0.417	0.1871
0.8794	0.4176	0.186
0.8794	0.4166	0.1837
0.8784	0.416	0.1801
0.8783	0.4186	0.1791
0.8818	0.423	0.1771
0.8853	0.423	0.178
0.8845	0.418	0.1866
0.879	0.4152	0.1915
0.8751	0.4161	0.1901
0.876	0.4149	0.1894
0.8787	0.415	0.1882
0.88	0.4182	0.1847
0.8788	0.4197	0.1761
0.8782	0.4215	0.1717
0.8809	0.4206	0.1783
0.8796	0.4191	0.1853
0.8782	0.4161	0.1897
0.8783	0.4155	0.1891
0.8813	0.4164	0.1883
0.8808	0.4166	0.1894
0.877	0.4163	0.1876
0.8769	0.4161	0.1846
0.8777	0.4167	0.1834
0.8781	0.4165	0.1805
0.8814	0.417	0.1794
0.8823	0.4179	0.1799
0.8813	0.4176	0.18
0.8819	0.4175	0.1836
0.881	0.4168	0.1853
0.88	0.4173	0.1864
0.8797	0.4185	0.1892
0.8779	0.4185	0.1884
0.8779	0.4187	0.1828
0.8794	0.4185	0.174
0.8804	0.4183	0.1742
0.8799	0.4181	0.1842
0.8781	0.4176	0.1888
0.8772	0.4176	0.1884
0.8777	0.4172	0.1894
0.8792	0.4173	0.1904
0.8802	0.418	0.1888
0.8793	0.4177	0.1843
0.878	0.4164	0.182
0.8782	0.4159	0.1826
0.8804	0.4178	0.1828
0.8815	0.4179	0.1821
0.881	0.4151	0.1812
0.8805	0.4144	0.1805
0.8797	0.4163	0.1809
0.879	0.4182	0.1822
0.8796	0.4187	0.1848
0.8807	0.419	0.1865
0.8799	0.4198	0.184
0.8782	0.4201	0.1834
0.8786	0.4202	0.1869
0.8788	0.4197	0.1877
0.8794	0.419	0.1866
0.8814	0.4185	0.1824
0.8802	0.4164	0.1795
0.878	0.4142	0.1839
0.8769	0.4138	0.1858
0.8767	0.4138	0.1851
0.8796	0.4149	0.1872
0.8808	0.4169	0.1871
0.8795	0.4175	0.1859
0.8794	0.4166	0.1837
0.8784	0.416	0.1801
0.8783	0.4186	0.179
0.8818	0.423	0.1771
0.8854	0.423	0.1779
0.8845	0.4181	0.1865
0.879	0.4153	0.1915
0.8751	0.4162	0.1901
0.876	0.4149	0.1894
0.8787	0.415	0.1882
0.88	0.4182	0.1847
0.8788	0.4197	0.1761
0.8782	0.4215	0.1717
0.8794	0.4197	0.1822
0.8795	0.4147	0.1884
0.8803	0.4153	0.1863
0.8813	0.4196	0.1882
0.8791	0.4231	0.1822
0.8769	0.421	0.1774
0.8763	0.416	0.1848
0.8771	0.4133	0.1893
0.8815	0.4112	0.1897
0.8861	0.414	0.1866
0.884	0.4165	0.185
0.878	0.417	0.1882
0.8757	0.4208	0.1864
0.8757	0.4188	0.1841
0.8759	0.4155	0.1819
0.8795	0.4167	0.1786
0.8827	0.4166	0.181
0.882	0.4175	0.1843
0.8823	0.4183	0.1832
0.8812	0.4185	0.1787
0.8783	0.4187	0.1779
0.8789	0.4177	0.1806
0.8774	0.4189	0.1822
0.8766	0.4207	0.1861
0.88	0.4204	0.1851
0.8809	0.4186	0.1822
0.8812	0.4168	0.1834
0.8809	0.416	0.1841
0.8797	0.4158	0.1916
0.8806	0.4178	0.1958
0.8798	0.4185	0.1886
0.8797	0.4176	0.1856
0.8791	0.418	0.1851
0.8751	0.4157	0.1866
0.8734	0.4134	0.189
0.8749	0.415	0.1827
0.8779	0.4155	0.1809
0.8814	0.4161	0.1816
0.8832	0.4176	0.1772
0.8823	0.4174	0.18
0.8815	0.4174	0.1815
0.8806	0.4173	0.1799
0.8792	0.4182	0.1825
0.8825	0.4236	0.1802
0.8847	0.4256	0.1801
0.8818	0.4207	0.1852
0.8785	0.4197	0.1845
0.8754	0.4196	0.1821
0.8757	0.4147	0.1836
0.8785	0.4132	0.1903
0.8789	0.4122	0.1947
0.8782	0.4106	0.1901
0.8771	0.4147	0.1865
0.8781	0.4166	0.1849
0.8798	0.4169	0.185
0.8792	0.4208	0.186
0.8773	0.4211	0.1818
0.8772	0.418	0.182
0.8827	0.4166	0.1843
0.8849	0.417	0.1831
0.8801	0.4173	0.1843
0.8805	0.417	0.1801
0.8827	0.4181	0.1772
0.881	0.4189	0.1802
