0.9253	-0.2823	-0.001156
0.9001	-0.2351	0.002853
0.8642	-0.1793	0.01703
0.8567	-0.166	0.03975
0.8489	-0.1526	0.01494
0.8437	-0.1601	0.0002401
0.8131	-0.1823	0.005133
0.7194	-0.1963	0.02888
0.6405	-0.2224	0.1027
0.6524	-0.2491	0.1558
0.7418	-0.2739	0.1754
0.829	-0.2576	0.1761
0.8444	-0.195	0.1738
0.8391	-0.1379	0.2191
0.9115	-0.1257	0.2416
1.051	-0.1883	0.2206
1.145	-0.2365	0.2175
1.126	-0.2148	0.2178
1.08	-0.2241	0.2324
1.115	-0.2984	0.2557
1.216	-0.3888	0.2508
1.376	-0.4479	0.237
1.477	-0.4665	0.2367
1.398	-0.4831	0.2177
1.273	-0.4871	0.1227
1.061	-0.4729	-0.01155
0.7931	-0.4785	-0.08524
0.7635	-0.502	-0.09922
0.8268	-0.5287	-0.1209
0.8406	-0.5255	-0.1501
0.9454	-0.4787	-0.1788
1.047	-0.4166	-0.2186
1	-0.3387	-0.1838
0.8851	-0.2972	-0.08877
0.871	-0.3176	-0.0623
0.8987	-0.3021	-0.07671
0.9055	-0.2286	-0.122
0.9451	-0.164	-0.1826
0.9029	-0.1408	-0.1539
0.7763	-0.1322	-0.09186
0.6492	-0.1049	-0.06547
0.6201	-0.1073	-0.06775
0.7233	-0.1449	-0.1082
0.7974	-0.1557	-0.1615
0.879	-0.1411	-0.2138
0.9212	-0.08524	-0.208
0.9328	-0.01344	-0.1663
1.065	-0.02168	-0.1863
1.061	-0.0477	-0.1948
1.019	-0.03098	-0.191
1.089	-0.05082	-0.2076
1.044	-0.1041	-0.1872
1.115	-0.1693	-0.2011
1.309	-0.2431	-0.252
1.415	-0.2717	-0.3232
1.489	-0.2725	-0.4191
1.41	-0.2882	-0.4206
1.271	-0.3813	-0.3535
1.151	-0.5952	-0.2812
1.058	-0.7279	-0.2425
1.133	-0.6457	-0.298
1.141	-0.5481	-0.3223
1.054	-0.4814	-0.2412
1.016	-0.3411	-0.104
0.9599	-0.2482	0.02457
1.018	-0.2174	0.01927
1.114	-0.1763	-0.1052
1.094	-0.223	-0.2062
1.025	-0.2913	-0.1973
0.8612	-0.3173	-0.09525
0.6817	-0.346	0.01367
0.5717	-0.3091	0.0853
0.5207	-0.2482	0.1073
0.5753	-0.1924	0.09266
0.637	-0.1508	0.08569
0.6831	-0.1818	0.08731
0.7472	-0.1873	0.0976
0.7653	-0.2018	0.1335
0.8422	-0.28	0.1732
0.9735	-0.3023	0.193
0.9837	-0.2769	0.2015
0.9681	-0.2598	0.2277
1.046	-0.2695	0.256
1.135	-0.2906	0.2353
1.205	-0.3094	0.1951
1.245	-0.3576	0.1669
1.212	-0.4079	0.1203
1.105	-0.4545	0.0807
0.9247	-0.4644	0.05909
0.8061	-0.4604	-0.002977
0.8841	-0.5415	-0.0904
1.007	-0.5836	-0.1458
1.083	-0.5489	-0.1768
1.151	-0.5062	-0.1925
1.089	-0.4071	-0.1702
0.9523	-0.3547	-0.1187
0.9183	-0.3531	-0.0876
0.9121	-0.3309	-0.1082
0.9251	-0.3519	-0.1483
0.9544	-0.3348	-0.1744
0.9058	-0.2809	-0.1921
0.8509	-0.2476	-0.1915
0.809	-0.2089	-0.1848
0.792	-0.2383	-0.1916
0.805	-0.2635	-0.1887
0.7815	-0.2282	-0.184
0.7944	-0.1927	-0.1738
0.8019	-0.1177	-0.1462
0.7842	-0.08428	-0.1375
0.836	-0.09682	-0.1326
0.901	-0.04835	-0.1155
0.9732	-0.03174	-0.1232
1.046	-0.06823	-0.1499
1.163	-0.1092	-0.1673
1.3	-0.1823	-0.1739
1.299	-0.2738	-0.2065
1.343	-0.4211	-0.2864
1.393	-0.5449	-0.3284
1.238	-0.524	-0.2867
1.141	-0.5612	-0.2662
1.15	-0.6463	-0.2948
1.167	-0.5797	-0.2937
1.19	-0.5395	-0.2575
1.087	-0.4977	-0.1711
0.9804	-0.3417	-0.03303
0.9832	-0.2784	0.04066
1.018	-0.2675	0.005288
1.099	-0.24	-0.07688
0.9599	-0.2482	0.02457
1.018	-0.2174	0.01927
1.114	-0.1763	-0.1052
1.094	-0.223	-0.2062
1.025	-0.2913	-0.1973
0.8612	-0.3173	-0.09525
0.6817	-0.346	0.01367
0.5717	-0.3091	0.0853
0.5207	-0.2482	0.1073
0.5753	-0.1924	0.09266
0.637	-0.1508	0.08569
0.6831	-0.1818	0.08731
0.7472	-0.1873	0.0976
0.7653	-0.2018	0.1335
0.8422	-0.28	0.1732
0.9735	-0.3023	0.193
0.9837	-0.2769	0.2015
0.9681	-0.2598	0.2277
1.046	-0.2695	0.256
1.135	-0.2906	0.2353
1.205	-0.3094	0.1951
1.245	-0.3576	0.1669
1.212	-0.4079	0.1203
1.105	-0.4545	0.0807
0.9247	-0.4644	0.05909
0.8061	-0.4604	-0.002977
0.8841	-0.5415	-0.0904
1.007	-0.5836	-0.1458
1.083	-0.5489	-0.1768
1.151	-0.5062	-0.1925
1.089	-0.4071	-0.1702
0.9523	-0.3547	-0.1187
0.9183	-0.3531	-0.0876
0.9121	-0.3309	-0.1082
0.9251	-0.3519	-0.1483
0.9544	-0.3348	-0.1744
0.9058	-0.2809	-0.1921
0.8509	-0.2476	-0.1915
0.809	-0.2089	-0.1848
0.792	-0.2383	-0.1916
0.805	-0.2635	-0.1887
0.7815	-0.2282	-0.184
0.7944	-0.1927	-0.1738
0.8019	-0.1177	-0.1462
0.7842	-0.08428	-0.1375
0.836	-0.09682	-0.1326
0.901	-0.04835	-0.1155
0.9732	-0.03174	-0.1232
1.046	-0.06823	-0.1499
1.163	-0.1092	-0.1673
1.3	-0.1823	-0.1739
1.299	-0.2738	-0.2065
1.343	-0.4211	-0.2864
1.393	-0.5449	-0.3284
1.238	-0.524	-0.2867
1.141	-0.5612	-0.2662
1.15	-0.6463	-0.2948
1.167	-0.5797	-0.2937
1.19	-0.5395	-0.2575
1.087	-0.4977	-0.1711
0.9804	-0.3417	-0.03303
0.9832	-0.2784	0.04066
1.018	-0.2675	0.005288
1.099	-0.24	-0.07688
1.165	-0.2413	-0.1439
1.101	-0.2366	-0.129
0.9358	-0.2631	-0.07662
0.8125	-0.2614	-0.05786
0.6988	-0.2427	-0.001765
0.5754	-0.2615	0.06847
0.5581	-0.2353	0.08906
0.5591	-0.2125	0.1004
0.5982	-0.2047	0.07893
0.6864	-0.2076	0.06442
0.6969	-0.2473	0.08593
0.7076	-0.2424	0.09697
0.7364	-0.2362	0.159
0.815	-0.2489	0.2272
0.9735	-0.2449	0.236
1.094	-0.2626	0.2375
1.175	-0.262	0.2371
1.238	-0.2581	0.2346
1.316	-0.2822	0.2052
1.389	-0.3308	0.1731
1.384	-0.4529	0.1713
1.303	-0.546	0.1471
1.099	-0.4934	0.1069
0.8605	-0.441	0.05055
0.808	-0.4999	-0.0344
0.9096	-0.5363	-0.1142
0.9919	-0.5299	-0.1632
1.066	-0.5448	-0.1933
1.112	-0.4994	-0.2169
1.026	-0.4307	-0.1761
0.9394	-0.3876	-0.1058
0.8967	-0.3461	-0.09052
0.86	-0.3516	-0.1089
0.9034	-0.3464	-0.1593
0.9102	-0.3111	-0.2181
0.8516	-0.2735	-0.2364
0.7943	-0.2143	-0.2086
0.7215	-0.175	-0.1635
0.7065	-0.1437	-0.1501
0.7171	-0.1367	-0.1646
0.7421	-0.155	-0.195
0.842	-0.1438	-0.2217
0.918	-0.1395	-0.2363
0.9078	-0.1269	-0.2446
0.9029	-0.1012	-0.2011
0.9852	-0.08682	-0.1673
1.081	-0.07077	-0.2059
1.159	-0.08899	-0.2315
1.235	-0.1172	-0.2118
1.26	-0.1326	-0.2013
1.298	-0.1672	-0.2259
1.324	-0.2356	-0.2537
1.304	-0.3294	-0.2787
1.269	-0.4004	-0.3008
1.155	-0.5225	-0.3066
1.094	-0.6777	-0.3144
1.15	-0.6693	-0.2984
1.165	-0.6194	-0.266
1.142	-0.6283	-0.2244
1.077	-0.5186	-0.1474
0.9983	-0.3634	-0.09589
1.035	-0.2676	-0.0939
1.119	-0.2025	-0.1325
1.124	-0.208	-0.1664
1.165	-0.2413	-0.1439
1.101	-0.2366	-0.129
0.9358	-0.2631	-0.07662
0.8125	-0.2614	-0.05786
0.6988	-0.2427	-0.001765
0.5754	-0.2615	0.06847
0.5581	-0.2353	0.08906
0.5591	-0.2125	0.1004
0.5982	-0.2047	0.07893
0.6864	-0.2076	0.06442
0.6969	-0.2473	0.08593
0.7076	-0.2424	0.09697
0.7364	-0.2362	0.159
0.815	-0.2489	0.2272
0.9735	-0.2449	0.236
1.094	-0.2626	0.2375
1.175	-0.262	0.2371
1.238	-0.2581	0.2346
1.316	-0.2822	0.2052
1.389	-0.3308	0.1731
1.384	-0.4529	0.1713
1.303	-0.546	0.1471
1.099	-0.4934	0.1069
0.8605	-0.441	0.05055
0.808	-0.4999	-0.0344
0.9096	-0.5363	-0.1142
0.9919	-0.5299	-0.1632
1.066	-0.5448	-0.1933
1.112	-0.4994	-0.2169
1.026	-0.4307	-0.1761
0.9394	-0.3876	-0.1058
0.8967	-0.3461	-0.09052
0.86	-0.3516	-0.1089
0.9034	-0.3464	-0.1593
0.9102	-0.3111	-0.2181
0.8516	-0.2735	-0.2364
0.7943	-0.2143	-0.2086
0.7215	-0.175	-0.1635
0.7065	-0.1437	-0.1501
0.7171	-0.1367	-0.1646
0.7421	-0.155	-0.195
0.842	-0.1438	-0.2217
0.918	-0.1395	-0.2363
0.9078	-0.1269	-0.2446
0.9029	-0.1012	-0.2011
0.9852	-0.08682	-0.1673
1.081	-0.07077	-0.2059
1.159	-0.08899	-0.2315
1.235	-0.1172	-0.2118
1.26	-0.1326	-0.2013
1.298	-0.1672	-0.2259
1.324	-0.2356	-0.2537
1.304	-0.3294	-0.2787
1.269	-0.4004	-0.3008
1.155	-0.5225	-0.3066
1.094	-0.6777	-0.3144
1.15	-0.6693	-0.2984
1.165	-0.6194	-0.266
1.142	-0.6283	-0.2244
1.077	-0.5186	-0.1474
0.9983	-0.3634	-0.09589
1.035	-0.2676	-0.0939
1.119	-0.2025	-0.1325
1.124	-0.208	-0.1664
1.051	-0.2429	-0.1267
0.9195	-0.2975	-0.0729
0.7977	-0.3517	-0.03322
0.736	-0.3205	0.005783
0.6836	-0.2652	0.03554
0.6711	-0.2143	0.07684
0.7013	-0.1904	0.1094
0.7093	-0.2208	0.1323
0.7349	-0.2165	0.1379
0.7444	-0.2167	0.1082
0.7263	-0.2562	0.09692
0.7068	-0.2536	0.1151
0.6609	-0.2045	0.1542
0.701	-0.1452	0.2016
0.8215	-0.1439	0.2025
0.9272	-0.1765	0.1878
1.019	-0.1681	0.1955
1.059	-0.1745	0.1733
1.121	-0.1938	0.1201
1.198	-0.2432	0.07698
1.209	-0.3889	0.05781
1.251	-0.4904	0.0683
1.251	-0.4587	0.07169
1.166	-0.4389	0.05529
1.134	-0.472	0.04891
1.067	-0.4729	0.02867
0.9476	-0.533	0.0005545
0.8943	-0.6973	-0.001091
0.9035	-0.7869	-0.0147
0.9349	-0.7782	-0.07161
0.9411	-0.7244	-0.1489
0.9417	-0.6179	-0.1884
0.9533	-0.5074	-0.1711
0.9734	-0.3666	-0.167
0.9977	-0.2135	-0.1797
0.97	-0.1492	-0.1644
0.9437	-0.1638	-0.1551
0.9047	-0.204	-0.1424
0.7924	-0.2881	-0.1238
0.7275	-0.3946	-0.1679
0.7389	-0.3855	-0.2232
0.7525	-0.2969	-0.2273
0.7911	-0.221	-0.254
0.9026	-0.1088	-0.3046
1.005	-0.0724	-0.3013
1.005	-0.1329	-0.257
0.9818	-0.1394	-0.2052
0.9823	-0.1173	-0.1631
0.9848	-0.0999	-0.1625
0.9929	-0.08831	-0.165
1.005	-0.09863	-0.1355
1.031	-0.1044	-0.1128
1.04	-0.1096	-0.1101
1.042	-0.1002	-0.1055
1.08	-0.08857	-0.07801
1.128	-0.1261	-0.06031
1.19	-0.2047	-0.09193
1.286	-0.2693	-0.1395
1.377	-0.2686	-0.178
1.424	-0.2636	-0.1955
1.393	-0.3329	-0.2007
1.281	-0.485	-0.2507
1.188	-0.6585	-0.3294
1.188	-0.6567	-0.3353
1.051	-0.2429	-0.1267
0.9195	-0.2975	-0.0729
0.7977	-0.3517	-0.03322
0.736	-0.3205	0.005783
0.6836	-0.2652	0.03554
0.6711	-0.2143	0.07684
0.7013	-0.1904	0.1094
0.7093	-0.2208	0.1323
0.7349	-0.2165	0.1379
0.7444	-0.2167	0.1082
0.7263	-0.2562	0.09692
0.7068	-0.2536	0.1151
0.6609	-0.2045	0.1542
0.701	-0.1452	0.2016
0.8215	-0.1439	0.2025
0.9272	-0.1765	0.1878
1.019	-0.1681	0.1955
1.059	-0.1745	0.1733
1.121	-0.1938	0.1201
1.198	-0.2432	0.07698
1.209	-0.3889	0.05781
1.251	-0.4904	0.0683
1.251	-0.4587	0.07169
1.166	-0.4389	0.05529
1.134	-0.472	0.04891
1.067	-0.4729	0.02867
0.9476	-0.533	0.0005545
0.8943	-0.6973	-0.001091
0.9035	-0.7869	-0.0147
0.9349	-0.7782	-0.07161
0.9411	-0.7244	-0.1489
0.9417	-0.6179	-0.1884
0.9533	-0.5074	-0.1711
0.9734	-0.3666	-0.167
0.9977	-0.2135	-0.1797
0.97	-0.1492	-0.1644
0.9437	-0.1638	-0.1551
0.9047	-0.204	-0.1424
0.7924	-0.2881	-0.1238
0.7275	-0.3946	-0.1679
0.7389	-0.3855	-0.2232
0.7525	-0.2969	-0.2273
0.7911	-0.221	-0.254
0.9026	-0.1088	-0.3046
1.005	-0.0724	-0.3013
1.005	-0.1329	-0.257
0.9818	-0.1394	-0.2052
0.9823	-0.1173	-0.1631
0.9848	-0.0999	-0.1625
0.9929	-0.08831	-0.165
1.005	-0.09863	-0.1355
1.031	-0.1044	-0.1128
1.04	-0.1096	-0.1101
1.042	-0.1002	-0.1055
1.08	-0.08857	-0.07801
1.128	-0.1261	-0.06031
1.19	-0.2047	-0.09193
1.286	-0.2693	-0.1395
1.377	-0.2686	-0.178
1.424	-0.2636	-0.1955
1.393	-0.3329	-0.2007
1.281	-0.485	-0.2507
1.188	-0.6585	-0.3294
1.188	-0.6567	-0.3353
1.187	-0.5717	-0.281
1.117	-0.5986	-0.2462
1.023	-0.4766	-0.1681
0.9584	-0.2677	-0.0723
0.9789	-0.2389	-0.08707
1.038	-0.1804	-0.1362
1.021	-0.1205	-0.142
0.971	-0.1627	-0.1322
0.8932	-0.2068	-0.0929
0.7484	-0.3001	-0.03133
0.6463	-0.3245	0.02408
0.6037	-0.2482	0.05947
0.6119	-0.2103	0.06189
0.665	-0.1768	0.05396
0.6804	-0.1488	0.08494
0.6918	-0.1405	0.152
0.7194	-0.1665	0.1958
0.8073	-0.2341	0.1943
0.9594	-0.2628	0.2211
1.029	-0.2246	0.3081
1.038	-0.1814	0.336
1.057	-0.2109	0.3047
1.094	-0.2471	0.3158
1.138	-0.2529	0.3034
1.173	-0.3307	0.2343
1.272	-0.4637	0.1949
1.378	-0.5989	0.2453
1.394	-0.6512	0.2983
1.269	-0.576	0.1936
1.026	-0.4726	0.03267
0.8812	-0.3643	-0.05276
0.8877	-0.3662	-0.09943
0.9288	-0.5066	-0.1008
0.9709	-0.5555	-0.1133
1.004	-0.5298	-0.134
1.051	-0.5137	-0.1171
1.05	-0.4533	-0.1366
0.9856	-0.3556	-0.1289
0.9554	-0.2652	-0.08468
0.9256	-0.2641	-0.09553
0.8996	-0.3005	-0.1083
0.8917	-0.3223	-0.1314
0.8475	-0.3709	-0.1594
0.7874	-0.3826	-0.1521
0.6858	-0.3545	-0.1524
0.6144	-0.2593	-0.1275
0.6825	-0.08774	-0.1049
0.7862	0.02146	-0.1574
0.8771	0.0319	-0.2046
0.928	-0.02569	-0.183
0.927	-0.09076	-0.1526
0.9662	-0.1148	-0.1494
0.9963	-0.09939	-0.1417
1.034	-0.05616	-0.1593
1.126	-0.05532	-0.1924
1.217	-0.1308	-0.1948
1.389	-0.2875	-0.2459
1.513	-0.4052	-0.3088
1.41	-0.3945	-0.2895
1.281	-0.4551	-0.2777
1.197	-0.6002	-0.3154
1.159	-0.6781	-0.3538
1.263	-0.7338	-0.391
1.331	-0.7457	-0.3949
1.187	-0.5717	-0.281
1.117	-0.5986	-0.2462
1.023	-0.4766	-0.1681
0.9584	-0.2677	-0.0723
0.9789	-0.2389	-0.08707
1.038	-0.1804	-0.1362
1.021	-0.1205	-0.142
0.971	-0.1627	-0.1322
0.8932	-0.2068	-0.0929
0.7484	-0.3001	-0.03133
0.6463	-0.3245	0.02408
0.6037	-0.2482	0.05947
0.6119	-0.2103	0.06189
0.665	-0.1768	0.05396
0.6804	-0.1488	0.08494
0.6918	-0.1405	0.152
0.7194	-0.1665	0.1958
0.8073	-0.2341	0.1943
0.9594	-0.2628	0.2211
1.029	-0.2246	0.3081
1.038	-0.1814	0.336
1.057	-0.2109	0.3047
1.094	-0.2471	0.3158
1.138	-0.2529	0.3034
1.173	-0.3307	0.2343
1.272	-0.4637	0.1949
1.378	-0.5989	0.2453
1.394	-0.6512	0.2983
1.269	-0.576	0.1936
1.026	-0.4726	0.03267
0.8812	-0.3643	-0.05276
0.8877	-0.3662	-0.09943
0.9288	-0.5066	-0.1008
0.9709	-0.5555	-0.1133
1.004	-0.5298	-0.134
1.051	-0.5137	-0.1171
1.05	-0.4533	-0.1366
0.9856	-0.3556	-0.1289
0.9554	-0.2652	-0.08468
0.9256	-0.2641	-0.09553
0.8996	-0.3005	-0.1083
0.8917	-0.3223	-0.1314
0.8475	-0.3709	-0.1594
0.7874	-0.3826	-0.1521
0.6858	-0.3545	-0.1524
0.6144	-0.2593	-0.1275
0.6825	-0.08774	-0.1049
0.7862	0.02146	-0.1574
0.8771	0.0319	-0.2046
0.928	-0.02569	-0.183
0.927	-0.09076	-0.1526
0.9662	-0.1148	-0.1494
0.9963	-0.09939	-0.1417
1.034	-0.05616	-0.1593
1.126	-0.05532	-0.1924
1.217	-0.1308	-0.1948
1.389	-0.2875	-0.2459
1.513	-0.4052	-0.3088
1.41	-0.3945	-0.2895
1.281	-0.4551	-0.2777
1.197	-0.6002	-0.3154
1.159	-0.6781	-0.3538
1.263	-0.7338	-0.391
1.331	-0.7457	-0.3949
1.226	-0.6174	-0.2969
1.021	-0.3846	-0.1104
0.7866	-0.1792	0.06194
0.7457	-0.09236	0.09251
0.9429	-0.09751	-0.02421
1.037	-0.1433	-0.117
0.9191	-0.2058	-0.1023
0.7519	-0.2639	-0.02194
0.6099	-0.2939	0.06028
0.5462	-0.2813	0.06384
0.5672	-0.2504	0.04713
0.5921	-0.2271	0.08148
0.6026	-0.22	0.1023
0.6461	-0.2267	0.1126
0.7202	-0.2448	0.158
0.7936	-0.2938	0.1877
0.8337	-0.3304	0.1834
0.8491	-0.3206	0.2072
0.9274	-0.311	0.2497
1.026	-0.2679	0.2591
1.054	-0.1939	0.2555
1.063	-0.1884	0.273
1.104	-0.2144	0.3019
1.178	-0.2064	0.31
1.238	-0.217	0.2797
1.307	-0.304	0.2318
1.435	-0.4685	0.2029
1.449	-0.5738	0.1904
1.255	-0.4848	0.167
1.004	-0.3593	0.1236
0.8737	-0.3499	0.04723
0.8708	-0.4045	-0.04047
0.8516	-0.5236	-0.08246
0.8684	-0.6172	-0.08101
0.9504	-0.5973	-0.08489
0.9827	-0.5412	-0.1255
1.033	-0.4465	-0.1687
1.033	-0.3723	-0.1512
0.916	-0.3399	-0.1025
0.8786	-0.2683	-0.08788
0.9125	-0.2724	-0.1118
0.9343	-0.3208	-0.1508
0.9323	-0.2852	-0.1703
0.8617	-0.2656	-0.1739
0.7667	-0.25	-0.1576
0.6689	-0.212	-0.1059
0.6433	-0.2256	-0.09994
0.7139	-0.2087	-0.1439
0.7944	-0.1554	-0.1824
0.9039	-0.1303	-0.232
0.9695	-0.09664	-0.2354
0.9813	-0.08953	-0.1975
1.013	-0.09112	-0.1743
1.021	-0.06271	-0.1418
1.052	-0.05698	-0.1369
1.075	-0.07146	-0.1424
1.071	-0.09614	-0.1154
1.11	-0.09982	-0.09934
1.131	-0.1171	-0.1046
1.171	-0.1966	-0.1339
1.259	-0.237	-0.1749
1.306	-0.2485	-0.1893
1.312	-0.2951	-0.1632
1.243	-0.3936	-0.138
1.226	-0.6174	-0.2969
1.021	-0.3846	-0.1104
0.7866	-0.1792	0.06194
0.7457	-0.09236	0.09251
0.9429	-0.09751	-0.02421
1.037	-0.1433	-0.117
0.9191	-0.2058	-0.1023
0.7519	-0.2639	-0.02194
0.6099	-0.2939	0.06028
0.5462	-0.2813	0.06384
0.5672	-0.2504	0.04713
0.5921	-0.2271	0.08148
0.6026	-0.22	0.1023
0.6461	-0.2267	0.1126
0.7202	-0.2448	0.158
0.7936	-0.2938	0.1877
0.8337	-0.3304	0.1834
0.8491	-0.3206	0.2072
0.9274	-0.311	0.2497
1.026	-0.2679	0.2591
1.054	-0.1939	0.2555
1.063	-0.1884	0.273
1.104	-0.2144	0.3019
1.178	-0.2064	0.31
1.238	-0.217	0.2797
1.307	-0.304	0.2318
1.435	-0.4685	0.2029
1.449	-0.5738	0.1904
1.255	-0.4848	0.167
1.004	-0.3593	0.1236
0.8737	-0.3499	0.04723
0.8708	-0.4045	-0.04047
0.8516	-0.5236	-0.08246
0.8684	-0.6172	-0.08101
0.9504	-0.5973	-0.08489
0.9827	-0.5412	-0.1255
1.033	-0.4465	-0.1687
1.033	-0.3723	-0.1512
0.916	-0.3399	-0.1025
0.8786	-0.2683	-0.08788
0.9125	-0.2724	-0.1118
0.9343	-0.3208	-0.1508
0.9323	-0.2852	-0.1703
0.8617	-0.2656	-0.1739
0.7667	-0.25	-0.1576
0.6689	-0.212	-0.1059
0.6433	-0.2256	-0.09994
0.7139	-0.2087	-0.1439
0.7944	-0.1554	-0.1824
0.9039	-0.1303	-0.232
0.9695	-0.09664	-0.2354
0.9813	-0.08953	-0.1975
1.013	-0.09112	-0.1743
1.021	-0.06271	-0.1418
1.052	-0.05698	-0.1369
1.075	-0.07146	-0.1424
1.071	-0.09614	-0.1154
1.11	-0.09982	-0.09934
1.131	-0.1171	-0.1046
1.171	-0.1966	-0.1339
1.259	-0.237	-0.1749
1.306	-0.2485	-0.1893
1.312	-0.2951	-0.1632
1.243	-0.3936	-0.138
1.141	-0.5431	-0.1644
1.121	-0.6149	-0.1801
1.17	-0.6162	-0.1513
1.198	-0.6662	-0.1118
1.134	-0.6942	-0.07023
1.012	-0.5855	-0.07542
0.9039	-0.383	-0.09098
0.8619	-0.2271	-0.06453
0.9046	-0.1803	-0.05942
0.9472	-0.2163	-0.04876
0.9691	-0.2704	-0.01736
0.954	-0.3144	-0.03082
0.8735	-0.3423	-0.03917
0.8408	-0.289	-0.01865
0.8564	-0.2013	-0.01464
0.8702	-0.1401	-0.005225
0.8974	-0.1082	0.02128
0.8785	-0.155	0.05615
0.8506	-0.1905	0.08518
0.8517	-0.1806	0.0871
0.8399	-0.2013	0.09479
0.8324	-0.2146	0.1269
0.8205	-0.2205	0.1511
0.8172	-0.2049	0.1708
0.8227	-0.1773	0.2108
0.8155	-0.1974	0.2318
0.835	-0.2142	0.2142
0.8593	-0.2235	0.2199
0.8801	-0.2226	0.2381
0.9388	-0.1862	0.2429
1.011	-0.1698	0.2688
1.03	-0.1748	0.284
1.017	-0.1813	0.3024
1.094	-0.1951	0.3405
1.197	-0.2484	0.3056
1.234	-0.3601	0.2566
1.334	-0.4444	0.2776
1.457	-0.4441	0.2611
1.45	-0.4029	0.1966
1.307	-0.3904	0.1594
1.07	-0.4309	0.1139
0.8945	-0.5099	0.04907
0.8347	-0.6095	-0.002217
0.7884	-0.6669	-0.06458
0.8778	-0.6654	-0.1466
1.063	-0.6157	-0.2103
1.07	-0.5071	-0.24
0.983	-0.4164	-0.2126
0.9165	-0.3692	-0.1424
0.8388	-0.3309	-0.116
0.8309	-0.3143	-0.1271
0.8472	-0.2959	-0.1637
0.8297	-0.2713	-0.2392
0.8144	-0.2488	-0.2536
0.7565	-0.2219	-0.2097
0.6884	-0.2151	-0.1805
0.6779	-0.2019	-0.1543
0.7374	-0.1727	-0.1498
0.8526	-0.1651	-0.1765
0.9449	-0.1557	-0.2234
0.9695	-0.1248	-0.2456
0.9669	-0.09778	-0.207
1.032	-0.08523	-0.1704
1.162	-0.06174	-0.1645
1.141	-0.5431	-0.1644
1.121	-0.6149	-0.1801
1.17	-0.6162	-0.1513
1.198	-0.6662	-0.1118
1.134	-0.6942	-0.07023
1.012	-0.5855	-0.07542
0.9039	-0.383	-0.09098
0.8619	-0.2271	-0.06453
0.9046	-0.1803	-0.05942
0.9472	-0.2163	-0.04876
0.9691	-0.2704	-0.01736
0.954	-0.3144	-0.03082
0.8735	-0.3423	-0.03917
0.8408	-0.289	-0.01865
0.8564	-0.2013	-0.01464
0.8702	-0.1401	-0.005225
0.8974	-0.1082	0.02128
0.8785	-0.155	0.05615
0.8506	-0.1905	0.08518
0.8517	-0.1806	0.0871
0.8399	-0.2013	0.09479
0.8324	-0.2146	0.1269
0.8205	-0.2205	0.1511
0.8172	-0.2049	0.1708
0.8227	-0.1773	0.2108
0.8155	-0.1974	0.2318
0.835	-0.2142	0.2142
0.8593	-0.2235	0.2199
0.8801	-0.2226	0.2381
0.9388	-0.1862	0.2429
1.011	-0.1698	0.2688
1.03	-0.1748	0.284
1.017	-0.1813	0.3024
1.094	-0.1951	0.3405
1.197	-0.2484	0.3056
1.234	-0.3601	0.2566
1.334	-0.4444	0.2776
1.457	-0.4441	0.2611
1.45	-0.4029	0.1966
1.307	-0.3904	0.1594
1.07	-0.4309	0.1139
0.8945	-0.5099	0.04907
0.8347	-0.6095	-0.002217
0.7884	-0.6669	-0.06458
0.8778	-0.6654	-0.1466
1.063	-0.6157	-0.2103
1.07	-0.5071	-0.24
0.983	-0.4164	-0.2126
0.9165	-0.3692	-0.1424
0.8388	-0.3309	-0.116
0.8309	-0.3143	-0.1271
0.8472	-0.2959	-0.1637
0.8297	-0.2713	-0.2392
0.8144	-0.2488	-0.2536
0.7565	-0.2219	-0.2097
0.6884	-0.2151	-0.1805
0.6779	-0.2019	-0.1543
0.7374	-0.1727	-0.1498
0.8526	-0.1651	-0.1765
0.9449	-0.1557	-0.2234
0.9695	-0.1248	-0.2456
0.9669	-0.09778	-0.207
1.032	-0.08523	-0.1704
1.162	-0.06174	-0.1645
1.235	-0.02605	-0.1686
1.26	-0.03262	-0.1626
1.313	-0.1291	-0.1554
1.365	-0.3092	-0.1986
1.371	-0.4645	-0.2899
1.318	-0.5043	-0.3468
1.219	-0.522	-0.2939
1.117	-0.6132	-0.2166
1.09	-0.688	-0.2178
1.122	-0.6207	-0.2238
1.099	-0.4797	-0.1944
1.025	-0.3737	-0.1239
0.9633	-0.2482	-0.01366
0.9604	-0.1648	0.0138
1.019	-0.1951	-0.05439
1.036	-0.2217	-0.1325
1.004	-0.2658	-0.1904
0.9607	-0.3308	-0.1739
0.8723	-0.3437	-0.124
0.7162	-0.3507	-0.06529
0.5115	-0.3401	0.05284
0.4669	-0.3193	0.08619
0.574	-0.2386	0.05074
0.5838	-0.1023	0.1091
0.6352	-0.1147	0.1112
0.741	-0.1903	0.08198
0.7958	-0.2294	0.1573
0.9466	-0.3179	0.203
1.073	-0.3387	0.2521
1.14	-0.2934	0.3086
1.165	-0.2966	0.3142
1.069	-0.2956	0.3742
1.063	-0.2733	0.399
1.087	-0.2534	0.3427
1.121	-0.2733	0.281
1.319	-0.3936	0.1823
1.383	-0.5354	0.04632
1.141	-0.5386	-0.08707
0.7963	-0.4353	-0.0762
0.7156	-0.4025	-0.01537
0.9158	-0.4573	-0.1286
1.048	-0.5098	-0.2099
1.125	-0.5231	-0.2002
1.087	-0.4919	-0.1954
0.9445	-0.4473	-0.1009
0.8895	-0.3902	-0.04055
0.8189	-0.3353	-0.05825
0.8176	-0.3052	-0.09071
0.8582	-0.2502	-0.1692
0.8282	-0.2001	-0.1947
0.8625	-0.1806	-0.1828
0.8446	-0.171	-0.1631
0.7805	-0.2029	-0.1204
0.7646	-0.2339	-0.1256
0.7408	-0.2359	-0.131
0.7907	-0.2294	-0.1441
0.8682	-0.1971	-0.1773
0.9116	-0.1593	-0.1704
0.9287	-0.1427	-0.1643
0.931	-0.1363	-0.1634
1.014	-0.1142	-0.1594
1.105	-0.1108	-0.1794
1.178	-0.1606	-0.2037
1.261	-0.212	-0.1995
1.235	-0.02605	-0.1686
1.26	-0.03262	-0.1626
1.313	-0.1291	-0.1554
1.365	-0.3092	-0.1986
1.371	-0.4645	-0.2899
1.318	-0.5043	-0.3468
1.219	-0.522	-0.2939
1.117	-0.6132	-0.2166
1.09	-0.688	-0.2178
1.122	-0.6207	-0.2238
1.099	-0.4797	-0.1944
1.025	-0.3737	-0.1239
0.9633	-0.2482	-0.01366
0.9604	-0.1648	0.0138
1.019	-0.1951	-0.05439
1.036	-0.2217	-0.1325
1.004	-0.2658	-0.1904
0.9607	-0.3308	-0.1739
0.8723	-0.3437	-0.124
0.7162	-0.3507	-0.06529
0.5115	-0.3401	0.05284
0.4669	-0.3193	0.08619
0.574	-0.2386	0.05074
0.5838	-0.1023	0.1091
0.6352	-0.1147	0.1112
0.741	-0.1903	0.08198
0.7958	-0.2294	0.1573
0.9466	-0.3179	0.203
1.073	-0.3387	0.2521
1.14	-0.2934	0.3086
1.165	-0.2966	0.3142
1.069	-0.2956	0.3742
1.063	-0.2733	0.399
1.087	-0.2534	0.3427
1.121	-0.2733	0.281
1.319	-0.3936	0.1823
1.383	-0.5354	0.04632
1.141	-0.5386	-0.08707
0.7963	-0.4353	-0.0762
0.7156	-0.4025	-0.01537
0.9158	-0.4573	-0.1286
1.048	-0.5098	-0.2099
1.125	-0.5231	-0.2002
1.087	-0.4919	-0.1954
0.9445	-0.4473	-0.1009
0.8895	-0.3902	-0.04055
0.8189	-0.3353	-0.05825
0.8176	-0.3052	-0.09071
0.8582	-0.2502	-0.1692
0.8282	-0.2001	-0.1947
0.8625	-0.1806	-0.1828
0.8446	-0.171	-0.1631
0.7805	-0.2029	-0.1204
0.7646	-0.2339	-0.1256
0.7408	-0.2359	-0.131
0.7907	-0.2294	-0.1441
0.8682	-0.1971	-0.1773
0.9116	-0.1593	-0.1704
0.9287	-0.1427	-0.1643
0.931	-0.1363	-0.1634
1.014	-0.1142	-0.1594
1.105	-0.1108	-0.1794
1.178	-0.1606	-0.2037
1.261	-0.212	-0.1995
1.332	-0.2816	-0.2053
1.463	-0.3612	-0.2617
1.503	-0.3519	-0.292
1.374	-0.3442	-0.2671
1.222	-0.4791	-0.2272
1.064	-0.6023	-0.1998
1.073	-0.5844	-0.2255
1.15	-0.58	-0.252
1.048	-0.5934	-0.2212
1.04	-0.53	-0.1859
1.027	-0.4655	-0.144
0.8686	-0.3601	-0.0608
0.9123	-0.2416	-0.03571
1.02	-0.2331	-0.09126
1.053	-0.2116	-0.1201
1.061	-0.2011	-0.1336
0.9278	-0.2827	-0.1019
0.7898	-0.3231	-0.01807
0.6695	-0.3438	-0.002804
0.5951	-0.3339	0.01466
0.6415	-0.2789	0.06699
0.6576	-0.2838	0.06653
0.6914	-0.2741	0.06762
0.7077	-0.2653	0.08017
0.6958	-0.2805	0.1104
0.7653	-0.2601	0.1707
0.7831	-0.2921	0.1914
0.8278	-0.3173	0.2178
0.9604	-0.283	0.2672
1.06	-0.2536	0.278
1.143	-0.2234	0.2894
1.153	-0.2267	0.321
1.134	-0.2198	0.3437
1.154	-0.1662	0.3392
1.165	-0.1483	0.2923
1.237	-0.2506	0.2429
1.357	-0.4774	0.2085
1.381	-0.6132	0.1337
1.231	-0.5399	0.03506
0.9839	-0.4412	-0.01845
0.8761	-0.4192	-0.07477
0.9557	-0.4511	-0.1581
1.035	-0.5313	-0.1776
1.076	-0.5884	-0.1639
1.105	-0.5881	-0.1708
1.009	-0.5302	-0.1479
0.8414	-0.3861	-0.1097
0.7574	-0.2927	-0.07731
0.7097	-0.2902	-0.06778
0.7035	-0.2634	-0.1247
0.7471	-0.2541	-0.2061
0.774	-0.2373	-0.2538
0.8214	-0.2115	-0.2466
0.8434	-0.2419	-0.1917
0.8241	-0.2485	-0.142
0.8279	-0.2226	-0.1449
0.8258	-0.191	-0.1779
0.8474	-0.173	-0.1917
0.8966	-0.1844	-0.2052
0.9312	-0.1696	-0.2112
0.9853	-0.1549	-0.1981
1.058	-0.1623	-0.201
1.125	-0.1463	-0.1923
1.178	-0.07113	-0.196
0.5	-0.1495	0.1125
0.5045	-0.2242	0.1178
0.5595	-0.2846	0.1423
0.6688	-0.3513	0.1495
0.7791	-0.3639	0.167
0.8499	-0.332	0.2481
0.9891	-0.3253	0.3039
1.221	-0.2967	0.299
1.353	-0.2616	0.2874
1.288	-0.2694	0.2713
1.19	-0.311	0.2519
1.193	-0.3846	0.2388
1.3	-0.4703	0.2205
1.438	-0.5614	0.1438
1.341	-0.5509	0.0451
0.9838	-0.4207	0.05019
0.7101	-0.3735	0.0647
0.7171	-0.4095	0.01106
0.9002	-0.4697	-0.02447
1.015	-0.5505	-0.1255
1.085	-0.5456	-0.2174
1.073	-0.4856	-0.14
0.9042	-0.4161	-0.07167
0.9167	-0.348	-0.05807
0.9703	-0.3218	-0.05664
0.9295	-0.2675	-0.1149
0.9924	-0.2211	-0.1306
0.9338	-0.22	-0.1353
0.8558	-0.1915	-0.1307
0.8126	-0.1975	-0.06129
0.6943	-0.2416	-0.07016
0.6737	-0.2606	-0.09936
0.6456	-0.2638	-0.1113
0.6863	-0.1862	-0.178
0.7829	-0.05218	-0.1837
0.7904	-0.007078	-0.1633
0.8757	-0.06858	-0.1615
0.9833	-0.1518	-0.1402
1.105	-0.1818	-0.1756
1.176	-0.1835	-0.2146
1.147	-0.2329	-0.1965
1.171	-0.3288	-0.1965
1.171	-0.3767	-0.2264
1.266	-0.3279	-0.2455
1.475	-0.3093	-0.2569
1.558	-0.359	-0.2812
1.522	-0.4357	-0.3084
1.345	-0.5746	-0.3385
1.098	-0.6554	-0.3452
0.9456	-0.6455	-0.2831
0.9338	-0.6535	-0.2179
0.9621	-0.6054	-0.2153
0.9467	-0.4861	-0.1823
0.9766	-0.3794	-0.07628
0.984	-0.3024	-0.03023
0.9745	-0.268	-0.04843
1.003	-0.2658	-0.04505
0.9338	-0.2927	-0.04869
0.8446	-0.3234	-0.03277
0.7886	-0.303	-0.00359
0.7118	-0.2409	-0.009019
0.6339	-0.1528	0.0204
0.5812	-0.1003	0.07377
0.6118	-0.1354	0.09323
0.654	-0.1616	0.1016
0.6916	-0.1654	0.09478
0.7469	-0.2139	0.08199
0.7542	-0.2702	0.1094
0.7932	-0.3086	0.1578
0.8976	-0.2928	0.1901
1.048	-0.2647	0.2252
1.178	-0.3307	0.2563
1.194	-0.3794	0.2759
1.212	-0.3588	0.2798
1.253	-0.3628	0.2101
1.317	-0.3843	0.1099
1.405	-0.4585	0.06214
1.23	-0.541	0.03028
0.8823	-0.5102	-0.01203
0.7613	-0.4852	-0.0533
0.8668	-0.5634	-0.1062
1.043	-0.6086	-0.1749
1.194	-0.5853	-0.2401
1.206	-0.5683	-0.2409
1.057	-0.5078	-0.1415
0.9394	-0.4175	-0.05781
0.9586	-0.3805	-0.08652
0.9432	-0.3225	-0.1186
0.9448	-0.2391	-0.115
1.007	-0.2134	-0.1603
0.9327	-0.1835	-0.1776
0.8045	-0.1637	-0.131
0.7172	-0.206	-0.1143
0.6411	-0.2267	-0.08984
0.6592	-0.2492	-0.06844
0.7159	-0.2566	-0.115
0.7479	-0.1758	-0.1645
0.7991	-0.1064	-0.1898
0.8437	-0.07132	-0.1912
0.8971	-0.06589	-0.1837
0.9882	-0.09197	-0.192
1.096	-0.1132	-0.1823
1.189	-0.186	-0.1744
1.247	-0.2694	-0.1803
1.345	-0.3445	-0.2197
1.494	-0.4164	-0.3219
1.547	-0.4121	-0.3787
1.414	-0.4449	-0.3477
1.198	-0.5717	-0.3228
1.058	-0.6726	-0.3162
1.019	-0.6843	-0.2917
1.059	-0.6222	-0.2759
1.094	-0.5556	-0.2376
1.038	-0.4826	-0.1346
0.9942	-0.3889	-0.05437
0.9917	-0.3064	-0.02437
1.03	-0.2531	-0.05771
1.093	-0.2553	-0.1475
1.022	-0.2633	-0.1453
0.9007	-0.2632	-0.07004
0.8176	-0.2855	-0.0001824
0.6886	-0.266	0.05614
0.5813	-0.2152	0.05566
0.5297	-0.1692	0.07243
0.5266	-0.1437	0.09629
0.5768	-0.1859	0.08983
0.6205	-0.2415	0.1288
0.6724	-0.2958	0.1665
0.654	-0.1616	0.1016
0.6916	-0.1654	0.09478
0.7469	-0.2139	0.08199
0.7542	-0.2702	0.1094
0.7932	-0.3086	0.1578
0.8976	-0.2928	0.1901
1.048	-0.2647	0.2252
1.178	-0.3307	0.2563
1.194	-0.3794	0.2759
1.212	-0.3588	0.2798
1.253	-0.3628	0.2101
1.317	-0.3843	0.1099
1.405	-0.4585	0.06214
1.23	-0.541	0.03028
0.8823	-0.5102	-0.01203
0.7613	-0.4852	-0.0533
0.8668	-0.5634	-0.1062
1.043	-0.6086	-0.1749
1.194	-0.5853	-0.2401
1.206	-0.5683	-0.2409
1.057	-0.5078	-0.1415
0.9394	-0.4175	-0.05781
0.9586	-0.3805	-0.08652
0.9432	-0.3225	-0.1186
0.9448	-0.2391	-0.115
1.007	-0.2134	-0.1603
0.9327	-0.1835	-0.1776
0.8045	-0.1637	-0.131
0.7172	-0.206	-0.1143
0.6411	-0.2267	-0.08984
0.6592	-0.2492	-0.06844
0.7159	-0.2566	-0.115
0.7479	-0.1758	-0.1645
0.7991	-0.1064	-0.1898
0.8437	-0.07132	-0.1912
0.8971	-0.06589	-0.1837
0.9882	-0.09197	-0.192
1.096	-0.1132	-0.1823
1.189	-0.186	-0.1744
1.247	-0.2694	-0.1803
1.345	-0.3445	-0.2197
1.494	-0.4164	-0.3219
1.547	-0.4121	-0.3787
1.414	-0.4449	-0.3477
1.198	-0.5717	-0.3228
1.058	-0.6726	-0.3162
1.019	-0.6843	-0.2917
1.059	-0.6222	-0.2759
1.094	-0.5556	-0.2376
1.038	-0.4826	-0.1346
0.9942	-0.3889	-0.05437
0.9917	-0.3064	-0.02437
1.03	-0.2531	-0.05771
1.093	-0.2553	-0.1475
1.022	-0.2633	-0.1453
0.9007	-0.2632	-0.07004
0.8176	-0.2855	-0.0001824
0.6886	-0.266	0.05614
0.5813	-0.2152	0.05566
0.5297	-0.1692	0.07243
0.5266	-0.1437	0.09629
0.5768	-0.1859	0.08983
0.6205	-0.2415	0.1288
0.6724	-0.2958	0.1665
0.7515	-0.3399	0.2009
0.8761	-0.2993	0.2439
1.018	-0.2481	0.2483
1.082	-0.242	0.2546
1.132	-0.2561	0.2594
1.217	-0.2913	0.2537
1.271	-0.3259	0.2383
1.312	-0.4207	0.1877
1.329	-0.5498	0.1414
1.214	-0.5426	0.1372
0.9898	-0.4213	0.1481
0.8457	-0.3427	0.11
0.8688	-0.4012	0.01698
1.025	-0.5339	-0.1083
1.199	-0.5908	-0.2163
1.177	-0.5762	-0.2099
1.052	-0.5315	-0.1428
1.012	-0.4758	-0.1005
0.9475	-0.4324	-0.08579
0.8901	-0.3614	-0.1117
0.8886	-0.3263	-0.1313
0.8585	-0.3549	-0.1455
0.8506	-0.3522	-0.1764
0.8438	-0.3189	-0.184
0.8254	-0.2683	-0.1967
0.8363	-0.2276	-0.1982
0.8226	-0.2271	-0.1549
0.7831	-0.1996	-0.1194
0.741	-0.154	-0.1053
0.7433	-0.165	-0.1138
0.7705	-0.1674	-0.125
0.7788	-0.1121	-0.1187
0.8413	-0.0898	-0.1318
0.8999	-0.09814	-0.1387
0.9426	-0.1042	-0.1358
1.043	-0.1346	-0.1545
1.127	-0.1865	-0.1583
1.214	-0.2946	-0.1594
1.294	-0.398	-0.1901
1.292	-0.4215	-0.2469
1.255	-0.4388	-0.3123
1.2	-0.4785	-0.3335
1.165	-0.5498	-0.3042
1.163	-0.644	-0.2717
1.14	-0.6798	-0.2708
1.127	-0.6285	-0.2738
1.098	-0.5533	-0.2268
1.03	-0.4889	-0.137
1.013	-0.3775	-0.05277
1.043	-0.2993	-0.04125
1.069	-0.308	-0.06897
1.084	-0.2744	-0.06731
1.053	-0.2712	-0.08113
0.981	-0.3369	-0.0751
0.9218	-0.3544	-0.02075
0.8532	-0.3512	0.02597
0.742	-0.3051	0.0835
0.6601	-0.2243	0.115
0.6483	-0.1873	0.1061
0.6528	-0.1729	0.1121
0.6418	-0.1859	0.11
0.6225	-0.2001	0.1141
0.6047	-0.2122	0.1417
0.6111	-0.2358	0.166
0.7515	-0.3399	0.2009
0.8761	-0.2993	0.2439
1.018	-0.2481	0.2483
1.082	-0.242	0.2546
1.132	-0.2561	0.2594
1.217	-0.2913	0.2537
1.271	-0.3259	0.2383
1.312	-0.4207	0.1877
1.329	-0.5498	0.1414
1.214	-0.5426	0.1372
0.9898	-0.4213	0.1481
0.8457	-0.3427	0.11
0.8688	-0.4012	0.01698
1.025	-0.5339	-0.1083
1.199	-0.5908	-0.2163
1.177	-0.5762	-0.2099
1.052	-0.5315	-0.1428
1.012	-0.4758	-0.1005
0.9475	-0.4324	-0.08579
0.8901	-0.3614	-0.1117
0.8886	-0.3263	-0.1313
0.8585	-0.3549	-0.1455
0.8506	-0.3522	-0.1764
0.8438	-0.3189	-0.184
0.8254	-0.2683	-0.1967
0.8363	-0.2276	-0.1982
0.8226	-0.2271	-0.1549
0.7831	-0.1996	-0.1194
0.741	-0.154	-0.1053
0.7433	-0.165	-0.1138
0.7705	-0.1674	-0.125
0.7788	-0.1121	-0.1187
0.8413	-0.0898	-0.1318
0.8999	-0.09814	-0.1387
0.9426	-0.1042	-0.1358
1.043	-0.1346	-0.1545
1.127	-0.1865	-0.1583
1.214	-0.2946	-0.1594
1.294	-0.398	-0.1901
1.292	-0.4215	-0.2469
1.255	-0.4388	-0.3123
1.2	-0.4785	-0.3335
1.165	-0.5498	-0.3042
1.163	-0.644	-0.2717
1.14	-0.6798	-0.2708
1.127	-0.6285	-0.2738
1.098	-0.5533	-0.2268
1.03	-0.4889	-0.137
1.013	-0.3775	-0.05277
1.043	-0.2993	-0.04125
1.069	-0.308	-0.06897
1.084	-0.2744	-0.06731
1.053	-0.2712	-0.08113
0.981	-0.3369	-0.0751
0.9218	-0.3544	-0.02075
0.8532	-0.3512	0.02597
0.742	-0.3051	0.0835
0.6601	-0.2243	0.115
0.6483	-0.1873	0.1061
0.6528	-0.1729	0.1121
0.6418	-0.1859	0.11
0.6225	-0.2001	0.1141
0.6047	-0.2122	0.1417
0.6111	-0.2358	0.166
0.6564	-0.2219	0.1829
0.7353	-0.2164	0.1935
0.8496	-0.2278	0.2164
1.007	-0.2342	0.2228
1.203	-0.2538	0.1999
1.356	-0.2388	0.1842
1.392	-0.2336	0.1584
1.405	-0.3337	0.1424
1.441	-0.5117	0.1425
1.376	-0.6274	0.132
1.143	-0.5916	0.1355
0.8243	-0.5523	0.1093
0.6641	-0.6038	0.02953
0.7382	-0.6984	-0.03077
0.8464	-0.8343	-0.04153
0.9723	-0.8535	-0.07009
1.073	-0.7172	-0.171
1.028	-0.6213	-0.2326
0.9986	-0.5257	-0.1981
0.9347	-0.3903	-0.1551
0.7731	-0.2634	-0.1104
0.7761	-0.211	-0.09869
0.8353	-0.2895	-0.1587
0.8223	-0.2772	-0.2384
0.8661	-0.2476	-0.2946
0.855	-0.3383	-0.274
0.7789	-0.3615	-0.2275
0.7471	-0.4009	-0.2298
0.7147	-0.3345	-0.224
0.7118	-0.1178	-0.2213
0.8201	-0.05478	-0.2381
1.009	-0.04459	-0.2487
1.085	-0.06323	-0.2605
1.005	-0.09372	-0.202
0.9885	-0.05754	-0.09119
1.015	-0.08608	-0.04098
1.027	-0.08461	-0.04213
1.126	-0.07437	-0.05896
1.192	-0.1147	-0.06587
1.155	-0.1609	-0.06247
1.139	-0.2556	-0.06914
1.169	-0.261	-0.08245
1.235	-0.24	-0.1202
1.308	-0.2986	-0.153
1.29	-0.3354	-0.1663
1.213	-0.4239	-0.2285
1.186	-0.5279	-0.3438
1.165	-0.5798	-0.3946
1.129	-0.6557	-0.2839
1.092	-0.6935	-0.1298
1.041	-0.6401	-0.08508
1.08	-0.5316	-0.1143
1.136	-0.3839	-0.1597
1.1	-0.2359	-0.1839
1.031	-0.1455	-0.1183
0.8871	-0.1337	-0.00572
0.7733	-0.195	0.03117
0.7753	-0.2899	0.01485
0.757	-0.3455	0.01812
0.7325	-0.3528	0.008924
0.7053	-0.3209	0.005725
0.6507	-0.2596	0.0461
0.6305	-0.2207	0.1024
0.6257	-0.2026	0.1489
0.6564	-0.2219	0.1829
0.7353	-0.2164	0.1935
0.8496	-0.2278	0.2164
1.007	-0.2342	0.2228
1.203	-0.2538	0.1999
1.356	-0.2388	0.1842
1.392	-0.2336	0.1584
1.405	-0.3337	0.1424
1.441	-0.5117	0.1425
1.376	-0.6274	0.132
1.143	-0.5916	0.1355
0.8243	-0.5523	0.1093
0.6641	-0.6038	0.02953
0.7382	-0.6984	-0.03077
0.8464	-0.8343	-0.04153
0.9723	-0.8535	-0.07009
1.073	-0.7172	-0.171
1.028	-0.6213	-0.2326
0.9986	-0.5257	-0.1981
0.9347	-0.3903	-0.1551
0.7731	-0.2634	-0.1104
0.7761	-0.211	-0.09869
0.8353	-0.2895	-0.1587
0.8223	-0.2772	-0.2384
0.8661	-0.2476	-0.2946
0.855	-0.3383	-0.274
0.7789	-0.3615	-0.2275
0.7471	-0.4009	-0.2298
0.7147	-0.3345	-0.224
0.7118	-0.1178	-0.2213
0.8201	-0.05478	-0.2381
1.009	-0.04459	-0.2487
1.085	-0.06323	-0.2605
1.005	-0.09372	-0.202
0.9885	-0.05754	-0.09119
1.015	-0.08608	-0.04098
1.027	-0.08461	-0.04213
1.126	-0.07437	-0.05896
1.192	-0.1147	-0.06587
1.155	-0.1609	-0.06247
1.139	-0.2556	-0.06914
1.169	-0.261	-0.08245
1.235	-0.24	-0.1202
1.308	-0.2986	-0.153
1.29	-0.3354	-0.1663
1.213	-0.4239	-0.2285
1.186	-0.5279	-0.3438
1.165	-0.5798	-0.3946
1.129	-0.6557	-0.2839
1.092	-0.6935	-0.1298
1.041	-0.6401	-0.08508
1.08	-0.5316	-0.1143
1.136	-0.3839	-0.1597
1.1	-0.2359	-0.1839
1.031	-0.1455	-0.1183
0.8871	-0.1337	-0.00572
0.7733	-0.195	0.03117
0.7753	-0.2899	0.01485
0.757	-0.3455	0.01812
0.7325	-0.3528	0.008924
0.7053	-0.3209	0.005725
0.6507	-0.2596	0.0461
0.6305	-0.2207	0.1024
0.6257	-0.2026	0.1489
0.6343	-0.2082	0.1514
0.6774	-0.2581	0.1428
0.7504	-0.3151	0.1683
0.864	-0.3334	0.2172
0.97	-0.3193	0.2831
1.02	-0.3329	0.2928
1.092	-0.3436	0.2581
1.218	-0.3122	0.2647
1.255	-0.3168	0.2514
1.246	-0.3872	0.2193
1.371	-0.4928	0.2001
1.459	-0.5457	0.1186
1.27	-0.5114	0.0319
0.9429	-0.4799	0.01575
0.7715	-0.4569	-0.00409
0.81	-0.4817	-0.06737
0.955	-0.562	-0.1402
1.123	-0.5672	-0.1886
1.146	-0.5244	-0.2004
1.056	-0.4866	-0.1807
1.006	-0.441	-0.133
0.9265	-0.4103	-0.08953
0.8721	-0.3517	-0.09835
0.8673	-0.2865	-0.1252
0.838	-0.2773	-0.1196
0.8634	-0.2598	-0.1366
0.8505	-0.1926	-0.1786
0.7999	-0.1672	-0.1764
0.7891	-0.1899	-0.137
0.6905	-0.1621	-0.0924
0.6432	-0.1552	-0.09266
0.724	-0.1832	-0.1194
0.7933	-0.161	-0.132
0.8682	-0.1484	-0.1858
0.8929	-0.1347	-0.2179
0.9022	-0.1364	-0.1977
0.9693	-0.1745	-0.2072
1.012	-0.1641	-0.2064
1.076	-0.1677	-0.2011
1.157	-0.199	-0.2125
1.216	-0.2431	-0.2088
1.298	-0.3368	-0.23
1.32	-0.3885	-0.2514
1.268	-0.4192	-0.2385
1.217	-0.484	-0.2363
1.148	-0.5116	-0.2604
1.08	-0.5019	-0.2799
1.065	-0.5072	-0.2653
1.082	-0.5441	-0.2474
1.09	-0.5816	-0.2422
1.065	-0.5856	-0.2145
1.041	-0.5274	-0.1504
1.039	-0.4261	-0.08363
1.05	-0.359	-0.09151
1.071	-0.2963	-0.1229
1.078	-0.2207	-0.0898
1.054	-0.2235	-0.06448
0.995	-0.2948	-0.0338
0.9209	-0.3493	0.01191
0.8757	-0.3576	-0.007444
0.8168	-0.322	0.001355
0.7218	-0.2483	0.04096
0.6593	-0.1717	0.04204
0.6292	-0.1518	0.08878
0.6343	-0.2082	0.1514
0.6774	-0.2581	0.1428
0.7504	-0.3151	0.1683
0.864	-0.3334	0.2172
0.97	-0.3193	0.2831
1.02	-0.3329	0.2928
1.092	-0.3436	0.2581
1.218	-0.3122	0.2647
1.255	-0.3168	0.2514
1.246	-0.3872	0.2193
1.371	-0.4928	0.2001
1.459	-0.5457	0.1186
1.27	-0.5114	0.0319
0.9429	-0.4799	0.01575
0.7715	-0.4569	-0.00409
0.81	-0.4817	-0.06737
0.955	-0.562	-0.1402
1.123	-0.5672	-0.1886
1.146	-0.5244	-0.2004
1.056	-0.4866	-0.1807
1.006	-0.441	-0.133
0.9265	-0.4103	-0.08953
0.8721	-0.3517	-0.09835
0.8673	-0.2865	-0.1252
0.838	-0.2773	-0.1196
0.8634	-0.2598	-0.1366
0.8505	-0.1926	-0.1786
0.7999	-0.1672	-0.1764
0.7891	-0.1899	-0.137
0.6905	-0.1621	-0.0924
0.6432	-0.1552	-0.09266
0.724	-0.1832	-0.1194
0.7933	-0.161	-0.132
0.8682	-0.1484	-0.1858
0.8929	-0.1347	-0.2179
0.9022	-0.1364	-0.1977
0.9693	-0.1745	-0.2072
1.012	-0.1641	-0.2064
1.076	-0.1677	-0.2011
1.157	-0.199	-0.2125
1.216	-0.2431	-0.2088
1.298	-0.3368	-0.23
1.32	-0.3885	-0.2514
1.268	-0.4192	-0.2385
1.217	-0.484	-0.2363
1.148	-0.5116	-0.2604
1.08	-0.5019	-0.2799
1.065	-0.5072	-0.2653
1.082	-0.5441	-0.2474
1.09	-0.5816	-0.2422
1.065	-0.5856	-0.2145
1.041	-0.5274	-0.1504
1.039	-0.4261	-0.08363
1.05	-0.359	-0.09151
1.071	-0.2963	-0.1229
1.078	-0.2207	-0.0898
1.054	-0.2235	-0.06448
0.995	-0.2948	-0.0338
0.9209	-0.3493	0.01191
0.8757	-0.3576	-0.007444
0.8168	-0.322	0.001355
0.7218	-0.2483	0.04096
0.6593	-0.1717	0.04204
0.6292	-0.1518	0.08878
0.5996	-0.1998	0.1572
0.5819	-0.2519	0.213
0.5839	-0.2742	0.2444
0.6363	-0.2855	0.2133
0.7695	-0.2914	0.2082
0.8963	-0.3001	0.2254
0.932	-0.2883	0.2241
1.012	-0.2712	0.2375
1.151	-0.2859	0.2193
1.152	-0.2805	0.1971
1.118	-0.2655	0.2223
1.141	-0.2633	0.2373
1.123	-0.2964	0.2151
1.178	-0.4692	0.1632
1.282	-0.6627	0.1025
1.277	-0.6374	0.0653
1.146	-0.4875	0.02635
0.9328	-0.4379	-0.009136
0.8104	-0.4603	0.002436
0.8098	-0.5219	-0.03188
0.9023	-0.6334	-0.1237
1.058	-0.6669	-0.136
1.043	-0.6273	-0.1158
0.9302	-0.5496	-0.1066
0.896	-0.3952	-0.08208
0.882	-0.2578	-0.1181
0.9382	-0.1958	-0.1819
0.9848	-0.1937	-0.2078
0.9282	-0.2381	-0.2101
0.8502	-0.2975	-0.1862
0.7435	-0.316	-0.1591
0.7015	-0.29	-0.1507
0.7685	-0.2817	-0.1671
0.8045	-0.2485	-0.1916
0.8232	-0.1869	-0.2069
0.8665	-0.1407	-0.2238
0.9045	-0.09597	-0.218
0.9318	-0.08751	-0.1951
0.9296	-0.08594	-0.1788
0.9323	-0.06981	-0.1487
0.9813	-0.06152	-0.1256
1.045	-0.05074	-0.1351
1.118	-0.09907	-0.1491
1.173	-0.1918	-0.1508
1.159	-0.2396	-0.1501
1.183	-0.2472	-0.1528
1.285	-0.2627	-0.1669
1.321	-0.3038	-0.1974
1.269	-0.3306	-0.2178
1.19	-0.3596	-0.2121
1.103	-0.439	-0.1961
1.061	-0.5255	-0.1756
1.098	-0.5704	-0.1658
1.14	-0.5735	-0.1736
1.101	-0.5741	-0.1743
1.003	-0.5546	-0.1629
0.8907	-0.4898	-0.1383
0.8638	-0.4723	-0.09036
0.9462	-0.4842	-0.02411
0.9745	-0.4515	0.03308
0.9887	-0.4235	0.00768
1.024	-0.3985	-0.07053
0.9899	-0.3736	-0.07715
0.969	-0.3732	-0.06362
0.5996	-0.1998	0.1572
0.5819	-0.2519	0.213
0.5839	-0.2742	0.2444
0.6363	-0.2855	0.2133
0.7695	-0.2914	0.2082
0.8963	-0.3001	0.2254
0.932	-0.2883	0.2241
1.012	-0.2712	0.2375
1.151	-0.2859	0.2193
1.152	-0.2805	0.1971
1.118	-0.2655	0.2223
1.141	-0.2633	0.2373
1.123	-0.2964	0.2151
1.178	-0.4692	0.1632
1.282	-0.6627	0.1025
1.277	-0.6374	0.0653
1.146	-0.4875	0.02635
0.9328	-0.4379	-0.009136
0.8104	-0.4603	0.002436
0.8098	-0.5219	-0.03188
0.9023	-0.6334	-0.1237
1.058	-0.6669	-0.136
1.043	-0.6273	-0.1158
0.9302	-0.5496	-0.1066
0.896	-0.3952	-0.08208
0.882	-0.2578	-0.1181
0.9382	-0.1958	-0.1819
0.9848	-0.1937	-0.2078
0.9282	-0.2381	-0.2101
0.8502	-0.2975	-0.1862
0.7435	-0.316	-0.1591
0.7015	-0.29	-0.1507
0.7685	-0.2817	-0.1671
0.8045	-0.2485	-0.1916
0.8232	-0.1869	-0.2069
0.8665	-0.1407	-0.2238
0.9045	-0.09597	-0.218
0.9318	-0.08751	-0.1951
0.9296	-0.08594	-0.1788
0.9323	-0.06981	-0.1487
0.9813	-0.06152	-0.1256
1.045	-0.05074	-0.1351
1.118	-0.09907	-0.1491
1.173	-0.1918	-0.1508
1.159	-0.2396	-0.1501
1.183	-0.2472	-0.1528
1.285	-0.2627	-0.1669
1.321	-0.3038	-0.1974
1.269	-0.3306	-0.2178
1.19	-0.3596	-0.2121
1.103	-0.439	-0.1961
1.061	-0.5255	-0.1756
1.098	-0.5704	-0.1658
1.14	-0.5735	-0.1736
1.101	-0.5741	-0.1743
1.003	-0.5546	-0.1629
0.8907	-0.4898	-0.1383
0.8638	-0.4723	-0.09036
0.9462	-0.4842	-0.02411
0.9745	-0.4515	0.03308
0.9887	-0.4235	0.00768
1.024	-0.3985	-0.07053
0.9899	-0.3736	-0.07715
0.969	-0.3732	-0.06362
0.944	-0.3569	-0.06099
0.9095	-0.3015	-0.0166
0.9181	-0.2334	-0.008198
0.8849	-0.2141	-0.004711
0.835	-0.2322	0.04934
0.7641	-0.2065	0.1041
0.6712	-0.1578	0.1621
0.6495	-0.1406	0.1738
0.6638	-0.1505	0.1604
0.6902	-0.1707	0.1738
0.7218	-0.1907	0.1825
0.7675	-0.2028	0.2281
0.856	-0.1872	0.2683
0.9343	-0.1609	0.2549
1.01	-0.1496	0.2485
1.098	-0.1248	0.2511
1.138	-0.09973	0.2575
1.111	-0.1089	0.2729
1.108	-0.1873	0.2819
1.192	-0.4223	0.2464
1.347	-0.6907	0.1692
1.474	-0.7146	0.119
1.287	-0.596	0.09233
0.9124	-0.538	0.04115
0.788	-0.4671	-0.04172
0.8105	-0.504	-0.1086
0.8962	-0.6679	-0.1355
1.062	-0.6646	-0.1678
1.101	-0.5745	-0.2015
1.079	-0.4928	-0.2148
1.063	-0.3943	-0.1998
0.9757	-0.3671	-0.1497
0.8744	-0.2873	-0.1037
0.8545	-0.2489	-0.1069
0.8731	-0.2896	-0.1597
0.8049	-0.2077	-0.1904
0.7827	-0.2059	-0.1721
0.8066	-0.257	-0.1539
0.7247	-0.227	-0.1391
0.7033	-0.2655	-0.1333
0.733	-0.2397	-0.1409
0.7306	-0.1485	-0.1458
0.7826	-0.1206	-0.1573
0.8931	-0.09821	-0.1839
1.048	-0.09855	-0.225
1.098	-0.09536	-0.2383
1.087	-0.1049	-0.1968
1.183	-0.1388	-0.1503
1.214	-0.1592	-0.1425
1.244	-0.247	-0.1833
1.398	-0.369	-0.2431
1.439	-0.4593	-0.2689
1.332	-0.5104	-0.2751
1.2	-0.5257	-0.3029
1.078	-0.5376	-0.3292
1.033	-0.5118	-0.3368
1.071	-0.5047	-0.3202
1.09	-0.5501	-0.2511
1.026	-0.5685	-0.1676
0.9356	-0.5281	-0.1258
0.8831	-0.4337	-0.1168
0.921	-0.3741	-0.1142
1.012	-0.3466	-0.1201
1.022	-0.3191	-0.1373
0.944	-0.3569	-0.06099
0.9095	-0.3015	-0.0166
0.9181	-0.2334	-0.008198
0.8849	-0.2141	-0.004711
0.835	-0.2322	0.04934
0.7641	-0.2065	0.1041
0.6712	-0.1578	0.1621
0.6495	-0.1406	0.1738
0.6638	-0.1505	0.1604
0.6902	-0.1707	0.1738
0.7218	-0.1907	0.1825
0.7675	-0.2028	0.2281
0.856	-0.1872	0.2683
0.9343	-0.1609	0.2549
1.01	-0.1496	0.2485
1.098	-0.1248	0.2511
1.138	-0.09973	0.2575
1.111	-0.1089	0.2729
1.108	-0.1873	0.2819
1.192	-0.4223	0.2464
1.347	-0.6907	0.1692
1.474	-0.7146	0.119
1.287	-0.596	0.09233
0.9124	-0.538	0.04115
0.788	-0.4671	-0.04172
0.8105	-0.504	-0.1086
0.8962	-0.6679	-0.1355
1.062	-0.6646	-0.1678
1.101	-0.5745	-0.2015
1.079	-0.4928	-0.2148
1.063	-0.3943	-0.1998
0.9757	-0.3671	-0.1497
0.8744	-0.2873	-0.1037
0.8545	-0.2489	-0.1069
0.8731	-0.2896	-0.1597
0.8049	-0.2077	-0.1904
0.7827	-0.2059	-0.1721
0.8066	-0.257	-0.1539
0.7247	-0.227	-0.1391
0.7033	-0.2655	-0.1333
0.733	-0.2397	-0.1409
0.7306	-0.1485	-0.1458
0.7826	-0.1206	-0.1573
0.8931	-0.09821	-0.1839
1.048	-0.09855	-0.225
1.098	-0.09536	-0.2383
1.087	-0.1049	-0.1968
1.183	-0.1388	-0.1503
1.214	-0.1592	-0.1425
1.244	-0.247	-0.1833
1.398	-0.369	-0.2431
1.439	-0.4593	-0.2689
1.332	-0.5104	-0.2751
1.2	-0.5257	-0.3029
1.078	-0.5376	-0.3292
1.033	-0.5118	-0.3368
1.071	-0.5047	-0.3202
1.09	-0.5501	-0.2511
1.026	-0.5685	-0.1676
0.9356	-0.5281	-0.1258
0.8831	-0.4337	-0.1168
0.921	-0.3741	-0.1142
1.012	-0.3466	-0.1201
1.022	-0.3191	-0.1373
0.985	-0.3374	-0.1031
0.9219	-0.3414	-0.02122
0.8151	-0.3378	0.01776
0.7557	-0.3306	0.01703
0.7131	-0.2803	0.009744
0.6732	-0.2517	0.0204
0.663	-0.2478	0.05382
0.6215	-0.2465	0.08197
0.6009	-0.2466	0.1086
0.6724	-0.2523	0.1265
0.8104	-0.2656	0.1587
0.9214	-0.2488	0.1888
0.9235	-0.2414	0.1829
0.9194	-0.2705	0.222
1.019	-0.2935	0.272
1.134	-0.3046	0.2556
1.185	-0.3293	0.2139
1.219	-0.4137	0.1534
1.253	-0.5422	0.09416
1.255	-0.5999	0.07199
1.174	-0.5184	0.06651
1.015	-0.4212	0.03086
0.8908	-0.425	-0.02942
0.8741	-0.4811	-0.04762
0.9507	-0.5525	-0.05498
1.034	-0.5592	-0.1083
1.049	-0.4748	-0.1534
1.026	-0.4068	-0.1513
0.9943	-0.3531	-0.1267
0.9539	-0.313	-0.1068
0.9155	-0.2936	-0.1073
0.9204	-0.2969	-0.1231
0.9385	-0.35	-0.137
0.9045	-0.3628	-0.1389
0.8601	-0.3497	-0.1218
0.7884	-0.3317	-0.09737
0.6985	-0.2568	-0.09308
0.6742	-0.2013	-0.1066
0.6732	-0.1536	-0.1188
0.6973	-0.1201	-0.1318
0.7892	-0.1424	-0.1706
0.8918	-0.1438	-0.2155
0.9174	-0.1442	-0.2068
0.9016	-0.1591	-0.1876
0.9638	-0.1558	-0.2106
1.052	-0.1624	-0.2307
1.151	-0.2081	-0.2628
1.226	-0.3106	-0.2993
1.188	-0.4122	-0.2874
1.25	-0.4333	-0.2865
1.393	-0.3886	-0.2898
1.418	-0.3721	-0.273
1.368	-0.4419	-0.3044
1.214	-0.5343	-0.3477
1.069	-0.5822	-0.3526
1.02	-0.5931	-0.3148
0.993	-0.5943	-0.2565
1.023	-0.5715	-0.2376
1.014	-0.5067	-0.2122
0.9884	-0.4358	-0.1547
0.9776	-0.3764	-0.09982
0.925	-0.3407	-0.05146
0.9656	-0.3357	-0.064
1.015	-0.3314	-0.1067
0.985	-0.3374	-0.1031
0.9219	-0.3414	-0.02122
0.8151	-0.3378	0.01776
0.7557	-0.3306	0.01703
0.7131	-0.2803	0.009744
0.6732	-0.2517	0.0204
0.663	-0.2478	0.05382
0.6215	-0.2465	0.08197
0.6009	-0.2466	0.1086
0.6724	-0.2523	0.1265
0.8104	-0.2656	0.1587
0.9214	-0.2488	0.1888
0.9235	-0.2414	0.1829
0.9194	-0.2705	0.222
1.019	-0.2935	0.272
1.134	-0.3046	0.2556
1.185	-0.3293	0.2139
1.219	-0.4137	0.1534
1.253	-0.5422	0.09416
1.255	-0.5999	0.07199
1.174	-0.5184	0.06651
1.015	-0.4212	0.03086
0.8908	-0.425	-0.02942
0.8741	-0.4811	-0.04762
0.9507	-0.5525	-0.05498
1.034	-0.5592	-0.1083
1.049	-0.4748	-0.1534
1.026	-0.4068	-0.1513
0.9943	-0.3531	-0.1267
0.9539	-0.313	-0.1068
0.9155	-0.2936	-0.1073
0.9204	-0.2969	-0.1231
0.9385	-0.35	-0.137
0.9045	-0.3628	-0.1389
0.8601	-0.3497	-0.1218
0.7884	-0.3317	-0.09737
0.6985	-0.2568	-0.09308
0.6742	-0.2013	-0.1066
0.6732	-0.1536	-0.1188
0.6973	-0.1201	-0.1318
0.7892	-0.1424	-0.1706
0.8918	-0.1438	-0.2155
0.9174	-0.1442	-0.2068
0.9016	-0.1591	-0.1876
0.9638	-0.1558	-0.2106
1.052	-0.1624	-0.2307
1.151	-0.2081	-0.2628
1.226	-0.3106	-0.2993
1.188	-0.4122	-0.2874
1.25	-0.4333	-0.2865
1.393	-0.3886	-0.2898
1.418	-0.3721	-0.273
1.368	-0.4419	-0.3044
1.214	-0.5343	-0.3477
1.069	-0.5822	-0.3526
1.02	-0.5931	-0.3148
0.993	-0.5943	-0.2565
1.023	-0.5715	-0.2376
1.014	-0.5067	-0.2122
0.9884	-0.4358	-0.1547
0.9776	-0.3764	-0.09982
0.925	-0.3407	-0.05146
0.9656	-0.3357	-0.064
1.015	-0.3314	-0.1067
0.9977	-0.3464	-0.109
0.9886	-0.3743	-0.08232
0.9174	-0.3549	-0.02179
0.8079	-0.3108	0.01342
0.7025	-0.2726	0.01065
0.6398	-0.23	0.04317
0.6487	-0.1978	0.07583
0.6465	-0.1779	0.0914
0.6288	-0.196	0.102
0.6216	-0.2499	0.1075
0.6592	-0.2765	0.1419
0.7696	-0.2921	0.1718
0.8958	-0.2937	0.1834
0.9835	-0.2697	0.2159
1.022	-0.2726	0.2612
1.076	-0.2765	0.2811
1.144	-0.285	0.2616
1.17	-0.3245	0.2448
1.226	-0.3941	0.2151
1.282	-0.5021	0.1633
1.237	-0.5203	0.1609
1.144	-0.4435	0.1629
1.037	-0.4223	0.1046
0.9153	-0.4271	0.02672
0.8861	-0.463	-0.03884
0.948	-0.5597	-0.06579
0.9751	-0.612	-0.06522
0.9833	-0.5966	-0.08657
0.9758	-0.5427	-0.1178
0.9233	-0.4615	-0.1377
0.9015	-0.4046	-0.1416
0.894	-0.3945	-0.1238
0.8591	-0.3755	-0.119
0.8448	-0.3455	-0.1238
0.8843	-0.3601	-0.1167
0.9471	-0.3503	-0.1256
0.9514	-0.307	-0.1474
0.9145	-0.2874	-0.1732
0.8732	-0.256	-0.1787
0.8146	-0.268	-0.1443
0.7775	-0.2849	-0.1188
0.7474	-0.2295	-0.1115
0.7406	-0.1813	-0.1319
0.8153	-0.1323	-0.1812
0.9186	-0.1246	-0.2195
0.992	-0.1649	-0.2503
1.03	-0.1566	-0.2384
1.041	-0.1439	-0.2015
1.043	-0.1372	-0.1959
1.084	-0.1689	-0.1779
1.16	-0.2529	-0.1832
1.216	-0.3081	-0.2402
1.271	-0.3776	-0.2989
1.289	-0.4463	-0.3384
1.226	-0.5017	-0.3188
1.156	-0.5936	-0.3046
1.11	-0.6294	-0.331
1.094	-0.5963	-0.3181
1.135	-0.5662	-0.307
1.158	-0.5236	-0.2952
1.103	-0.4585	-0.2306
1.01	-0.4052	-0.1402
0.9558	-0.3814	-0.05987
0.9707	-0.3569	-0.06907
0.9977	-0.3464	-0.109
0.9886	-0.3743	-0.08232
0.9174	-0.3549	-0.02179
0.8079	-0.3108	0.01342
0.7025	-0.2726	0.01065
0.6398	-0.23	0.04317
0.6487	-0.1978	0.07583
0.6465	-0.1779	0.0914
0.6288	-0.196	0.102
0.6216	-0.2499	0.1075
0.6592	-0.2765	0.1419
0.7696	-0.2921	0.1718
0.8958	-0.2937	0.1834
0.9835	-0.2697	0.2159
1.022	-0.2726	0.2612
1.076	-0.2765	0.2811
1.144	-0.285	0.2616
1.17	-0.3245	0.2448
1.226	-0.3941	0.2151
1.282	-0.5021	0.1633
1.237	-0.5203	0.1609
1.144	-0.4435	0.1629
1.037	-0.4223	0.1046
0.9153	-0.4271	0.02672
0.8861	-0.463	-0.03884
0.948	-0.5597	-0.06579
0.9751	-0.612	-0.06522
0.9833	-0.5966	-0.08657
0.9758	-0.5427	-0.1178
0.9233	-0.4615	-0.1377
0.9015	-0.4046	-0.1416
0.894	-0.3945	-0.1238
0.8591	-0.3755	-0.119
0.8448	-0.3455	-0.1238
0.8843	-0.3601	-0.1167
0.9471	-0.3503	-0.1256
0.9514	-0.307	-0.1474
0.9145	-0.2874	-0.1732
0.8732	-0.256	-0.1787
0.8146	-0.268	-0.1443
0.7775	-0.2849	-0.1188
0.7474	-0.2295	-0.1115
0.7406	-0.1813	-0.1319
0.8153	-0.1323	-0.1812
0.9186	-0.1246	-0.2195
0.992	-0.1649	-0.2503
1.03	-0.1566	-0.2384
1.041	-0.1439	-0.2015
1.043	-0.1372	-0.1959
1.084	-0.1689	-0.1779
1.16	-0.2529	-0.1832
1.216	-0.3081	-0.2402
1.271	-0.3776	-0.2989
1.289	-0.4463	-0.3384
1.226	-0.5017	-0.3188
1.156	-0.5936	-0.3046
1.11	-0.6294	-0.331
1.094	-0.5963	-0.3181
1.135	-0.5662	-0.307
1.158	-0.5236	-0.2952
1.103	-0.4585	-0.2306
1.01	-0.4052	-0.1402
0.9558	-0.3814	-0.05987
0.9707	-0.3569	-0.06907
1.012	-0.3305	-0.1186
1.029	-0.3154	-0.1159
0.9956	-0.329	-0.08928
0.9253	-0.386	-0.03096
0.8624	-0.4015	-0.004575
0.8145	-0.3307	-0.02923
0.7621	-0.2291	-0.01648
0.7078	-0.167	0.005147
0.6527	-0.1571	0.05405
0.6076	-0.1401	0.1194
0.6022	-0.1623	0.1164
0.6259	-0.2336	0.1341
0.681	-0.2757	0.1911
0.8024	-0.3043	0.1793
0.9199	-0.298	0.1729
0.9565	-0.2722	0.2415
0.9624	-0.273	0.285
0.9667	-0.2648	0.2863
0.9991	-0.2755	0.2852
1.09	-0.3082	0.276
1.166	-0.3529	0.2714
1.221	-0.4038	0.2507
1.294	-0.416	0.2228
1.328	-0.4712	0.1918
1.256	-0.5394	0.1477
1.099	-0.4691	0.1234
0.9662	-0.3988	0.02666
0.9407	-0.4487	-0.1252
0.9896	-0.5146	-0.1753
1.027	-0.5996	-0.1836
1.023	-0.6634	-0.175
0.993	-0.6094	-0.1146
0.9409	-0.5438	-0.09555
0.9383	-0.472	-0.1077
0.9759	-0.3459	-0.1234
0.9624	-0.2783	-0.159
0.929	-0.2424	-0.1409
0.8663	-0.2185	-0.1054
0.814	-0.2418	-0.1198
0.8288	-0.2372	-0.1402
0.8146	-0.2468	-0.1687
0.7814	-0.2763	-0.1717
0.7544	-0.2723	-0.1448
0.7182	-0.2881	-0.1464
0.7234	-0.2912	-0.1413
0.7745	-0.2396	-0.1633
0.8843	-0.1677	-0.2176
0.9866	-0.1337	-0.2248
0.9875	-0.1603	-0.2246
0.9628	-0.1647	-0.2137
0.9705	-0.1459	-0.1882
1.004	-0.1595	-0.2098
1.076	-0.2014	-0.2296
1.168	-0.2852	-0.2259
1.236	-0.3646	-0.2438
1.259	-0.3814	-0.2677
1.241	-0.3707	-0.2813
1.195	-0.3709	-0.2932
1.144	-0.4016	-0.2791
1.121	-0.4716	-0.2327
1.138	-0.561	-0.2215
1.154	-0.6166	-0.2628
1.14	-0.6071	-0.2847
1.083	-0.5559	-0.2417
0.8164	-0.2946	0.1962
0.9261	-0.3037	0.2247
1.027	-0.3093	0.2533
1.101	-0.3079	0.3298
1.164	-0.2795	0.3623
1.248	-0.2135	0.3306
1.298	-0.1979	0.3065
1.303	-0.3051	0.2736
1.313	-0.4653	0.2644
1.325	-0.5693	0.2584
1.273	-0.5854	0.167
1.096	-0.5251	0.04457
0.8343	-0.4411	-0.028
0.7455	-0.4445	-0.08001
0.9123	-0.5074	-0.1518
1.039	-0.5335	-0.2152
1.061	-0.5407	-0.2375
1.037	-0.5133	-0.1895
0.9294	-0.4694	-0.104
0.8798	-0.4463	-0.08757
0.8965	-0.4134	-0.1033
0.9186	-0.3792	-0.1064
0.956	-0.3224	-0.1372
0.9047	-0.2695	-0.1373
0.8015	-0.229	-0.09893
0.705	-0.1584	-0.0685
0.6373	-0.1538	-0.06312
0.6312	-0.168	-0.09686
0.6409	-0.1183	-0.1193
0.733	-0.09226	-0.1291
0.8621	-0.05807	-0.151
0.9273	-0.01851	-0.1731
0.9731	-0.01474	-0.1947
0.9991	-0.005125	-0.1913
1.092	-0.03942	-0.1871
1.229	-0.09596	-0.1938
1.24	-0.1237	-0.1878
1.206	-0.2021	-0.1944
1.251	-0.3063	-0.2082
1.298	-0.3259	-0.2266
1.309	-0.3596	-0.2548
1.347	-0.5477	-0.2743
1.338	-0.6658	-0.2832
1.236	-0.5669	-0.2996
1.139	-0.5129	-0.3379
1.077	-0.5432	-0.3311
1.074	-0.5277	-0.276
1.047	-0.5232	-0.2157
0.9804	-0.5146	-0.1075
1	-0.4657	-0.05214
1.023	-0.3973	-0.08914
1.027	-0.3076	-0.1006
1.021	-0.2629	-0.1172
0.9385	-0.2967	-0.1198
0.8787	-0.3457	-0.07238
0.8136	-0.3983	-0.02194
0.7363	-0.4359	0.03121
0.7343	-0.3743	0.02708
0.7162	-0.2566	0.01918
0.689	-0.1931	0.07513
0.7043	-0.1802	0.092
0.7164	-0.1849	0.1017
0.7198	-0.1835	0.1178
0.7337	-0.1936	0.1074
0.7717	-0.2322	0.1469
0.8393	-0.2451	0.1864
0.933	-0.2298	0.2125
0.9965	-0.2102	0.2529
1.038	-0.1967	0.242
1.1	-0.1885	0.2364
1.113	-0.1589	0.2452
1.101	-0.1718	0.2271
1.14	-0.3067	0.2215
1.207	-0.5241	0.1926
1.238	-0.6488	0.1294
1.16	-0.6034	0.04237
1.007	-0.5464	-0.04118
0.9058	-0.5111	-0.07344
0.934	-0.4889	-0.1182
1.006	-0.5264	-0.1625
1.043	-0.5229	-0.1626
1.089	-0.4935	-0.1611
1.051	-0.4725	-0.1444
0.9438	-0.4131	-0.1074
0.9306	-0.3836	-0.0679
0.923	-0.3503	-0.06844
0.9057	-0.2766	-0.1026
0.9098	-0.2153	-0.108
0.8474	-0.165	-0.1266
0.7706	-0.1665	-0.1205
0.6921	-0.2095	-0.07439
0.6352	-0.246	-0.07454
0.6536	-0.2644	-0.07692
0.6829	-0.229	-0.1262
0.7579	-0.1738	-0.2305
0.8867	-0.134	-0.2537
0.98	-0.1102	-0.246
1.032	-0.1191	-0.2384
1.095	-0.1124	-0.1946
1.187	-0.06248	-0.1791
1.236	-0.02868	-0.1908
1.222	-0.06519	-0.1962
1.183	-0.1649	-0.2092
1.18	-0.2825	-0.2414
1.297	-0.3801	-0.2875
1.487	-0.4221	-0.313
1.561	-0.475	-0.3079
1.407	-0.6288	-0.3023
1.158	-0.721	-0.3011
0.9805	-0.6334	-0.2962
0.9344	-0.5452	-0.295
0.9771	-0.534	-0.2781
0.9892	-0.5105	-0.2344
1.022	-0.4426	-0.1715
1.048	-0.3569	-0.1028
1.005	-0.3285	-0.08995
1.02	-0.3273	-0.1093
0.9907	-0.2815	-0.09398
0.8843	-0.2784	-0.08973
0.8269	-0.2951	-0.06798
0.7688	-0.2671	0.007122
0.7529	-0.2626	0.04878
0.7203	-0.2455	0.05662
0.634	-0.2093	0.06291
0.6019	-0.1833	0.06917
0.5763	-0.1566	0.1098
0.5823	-0.1869	0.1571
0.6151	-0.2321	0.176
0.7717	-0.2322	0.1469
0.8393	-0.2451	0.1864
0.933	-0.2298	0.2125
0.9965	-0.2102	0.2529
1.038	-0.1967	0.242
1.1	-0.1885	0.2364
1.113	-0.1589	0.2452
1.101	-0.1718	0.2271
1.14	-0.3067	0.2215
1.207	-0.5241	0.1926
1.238	-0.6488	0.1294
1.16	-0.6034	0.04237
1.007	-0.5464	-0.04118
0.9058	-0.5111	-0.07344
0.934	-0.4889	-0.1182
1.006	-0.5264	-0.1625
1.043	-0.5229	-0.1626
1.089	-0.4935	-0.1611
1.051	-0.4725	-0.1444
0.9438	-0.4131	-0.1074
0.9306	-0.3836	-0.0679
0.923	-0.3503	-0.06844
0.9057	-0.2766	-0.1026
0.9098	-0.2153	-0.108
0.8474	-0.165	-0.1266
0.7706	-0.1665	-0.1205
0.6921	-0.2095	-0.07439
0.6352	-0.246	-0.07454
0.6536	-0.2644	-0.07692
0.6829	-0.229	-0.1262
0.7579	-0.1738	-0.2305
0.8867	-0.134	-0.2537
0.98	-0.1102	-0.246
1.032	-0.1191	-0.2384
1.095	-0.1124	-0.1946
1.187	-0.06248	-0.1791
1.236	-0.02868	-0.1908
1.222	-0.06519	-0.1962
1.183	-0.1649	-0.2092
1.18	-0.2825	-0.2414
1.297	-0.3801	-0.2875
1.487	-0.4221	-0.313
1.561	-0.475	-0.3079
1.407	-0.6288	-0.3023
1.158	-0.721	-0.3011
0.9805	-0.6334	-0.2962
0.9344	-0.5452	-0.295
0.9771	-0.534	-0.2781
0.9892	-0.5105	-0.2344
1.022	-0.4426	-0.1715
1.048	-0.3569	-0.1028
1.005	-0.3285	-0.08995
1.02	-0.3273	-0.1093
0.9907	-0.2815	-0.09398
0.8843	-0.2784	-0.08973
0.8269	-0.2951	-0.06798
0.7688	-0.2671	0.007122
0.7529	-0.2626	0.04878
0.7203	-0.2455	0.05662
0.634	-0.2093	0.06291
0.6019	-0.1833	0.06917
0.5763	-0.1566	0.1098
0.5823	-0.1869	0.1571
0.6151	-0.2321	0.176
0.6717	-0.2495	0.2079
0.8288	-0.2258	0.2675
0.9639	-0.1523	0.2807
1.029	-0.1422	0.2557
1.115	-0.184	0.2798
1.224	-0.2284	0.2944
1.234	-0.2938	0.2554
1.21	-0.4129	0.1632
1.402	-0.6902	0.01956
1.535	-0.868	-0.00804
1.271	-0.6465	0.05231
0.913	-0.3967	0.03018
0.8059	-0.4081	0.01068
0.9158	-0.483	-0.02792
0.9999	-0.5579	-0.1388
1.014	-0.5977	-0.1626
1.023	-0.5299	-0.1228
0.9733	-0.471	-0.1266
0.9461	-0.4177	-0.1228
0.926	-0.3334	-0.1079
0.8692	-0.3045	-0.1167
0.8565	-0.3075	-0.143
0.8264	-0.3187	-0.1736
0.8145	-0.3297	-0.1838
0.8259	-0.2979	-0.1843
0.8018	-0.247	-0.1855
0.8224	-0.2126	-0.1573
0.8236	-0.2045	-0.1278
0.7983	-0.2039	-0.1316
0.7967	-0.21	-0.1382
0.7757	-0.2076	-0.151
0.8218	-0.1425	-0.1746
0.9298	-0.06739	-0.1792
1.019	-0.07407	-0.1843
1.079	-0.1152	-0.1985
1.107	-0.1197	-0.1859
1.178	-0.1302	-0.1541
1.277	-0.171	-0.1368
1.337	-0.2472	-0.1468
1.361	-0.3781	-0.1909
1.303	-0.4761	-0.2564
1.196	-0.5103	-0.2883
1.103	-0.583	-0.2652
1.051	-0.7256	-0.255
1.071	-0.8091	-0.2801
1.112	-0.7413	-0.2787
1.133	-0.6305	-0.2454
1.097	-0.5028	-0.1948
0.974	-0.3418	-0.1131
0.9023	-0.2221	-0.04023
0.9831	-0.1584	-0.04364
1.094	-0.1995	-0.1204
1.089	-0.2432	-0.159
0.9726	-0.2401	-0.09803
0.8301	-0.3482	-0.01708
0.7558	-0.4267	0.02579
0.7694	-0.4094	0.03662
0.7494	-0.3505	0.03801
0.6909	-0.1921	0.04601
0.6747	-0.1012	0.07021
0.661	-0.1002	0.09823
0.6635	-0.117	0.104
0.6584	-0.2128	0.1382
0.6318	-0.2902	0.1935
0.6717	-0.2495	0.2079
0.8288	-0.2258	0.2675
0.9639	-0.1523	0.2807
1.029	-0.1422	0.2557
1.115	-0.184	0.2798
1.224	-0.2284	0.2944
1.234	-0.2938	0.2554
1.21	-0.4129	0.1632
1.402	-0.6902	0.01956
1.535	-0.868	-0.00804
1.271	-0.6465	0.05231
0.913	-0.3967	0.03018
0.8059	-0.4081	0.01068
0.9158	-0.483	-0.02792
0.9999	-0.5579	-0.1388
1.014	-0.5977	-0.1626
1.023	-0.5299	-0.1228
0.9733	-0.471	-0.1266
0.9461	-0.4177	-0.1228
0.926	-0.3334	-0.1079
0.8692	-0.3045	-0.1167
0.8565	-0.3075	-0.143
0.8264	-0.3187	-0.1736
0.8145	-0.3297	-0.1838
0.8259	-0.2979	-0.1843
0.8018	-0.247	-0.1855
0.8224	-0.2126	-0.1573
0.8236	-0.2045	-0.1278
0.7983	-0.2039	-0.1316
0.7967	-0.21	-0.1382
0.7757	-0.2076	-0.151
0.8218	-0.1425	-0.1746
0.9298	-0.06739	-0.1792
1.019	-0.07407	-0.1843
1.079	-0.1152	-0.1985
1.107	-0.1197	-0.1859
1.178	-0.1302	-0.1541
1.277	-0.171	-0.1368
1.337	-0.2472	-0.1468
1.361	-0.3781	-0.1909
1.303	-0.4761	-0.2564
1.196	-0.5103	-0.2883
1.103	-0.583	-0.2652
1.051	-0.7256	-0.255
1.071	-0.8091	-0.2801
1.112	-0.7413	-0.2787
1.133	-0.6305	-0.2454
1.097	-0.5028	-0.1948
0.974	-0.3418	-0.1131
0.9023	-0.2221	-0.04023
0.9831	-0.1584	-0.04364
1.094	-0.1995	-0.1204
1.089	-0.2432	-0.159
0.9726	-0.2401	-0.09803
0.8301	-0.3482	-0.01708
0.7558	-0.4267	0.02579
0.7694	-0.4094	0.03662
0.7494	-0.3505	0.03801
0.6909	-0.1921	0.04601
0.6747	-0.1012	0.07021
0.661	-0.1002	0.09823
0.6635	-0.117	0.104
0.6584	-0.2128	0.1382
0.6318	-0.2902	0.1935
0.6691	-0.281	0.1981
0.7303	-0.2495	0.2115
0.8091	-0.2474	0.2543
0.9047	-0.2152	0.2659
0.9583	-0.1784	0.2771
1.025	-0.2142	0.2956
1.106	-0.2175	0.2959
1.163	-0.2508	0.3053
1.205	-0.3263	0.3172
1.255	-0.3647	0.3102
1.356	-0.4814	0.2426
1.414	-0.5515	0.1399
1.287	-0.477	0.1351
1.09	-0.4064	0.1236
1.004	-0.41	0.009258
0.9342	-0.5127	-0.04952
0.8319	-0.6664	-0.07177
0.8368	-0.7951	-0.1074
0.8719	-0.8197	-0.1281
0.8701	-0.7622	-0.1803
0.9177	-0.698	-0.2098
0.9584	-0.5878	-0.2122
0.9668	-0.4878	-0.2208
0.9698	-0.4201	-0.2087
0.9322	-0.33	-0.2159
0.8964	-0.2572	-0.2171
0.9008	-0.2242	-0.2186
0.9073	-0.2377	-0.245
0.8885	-0.2647	-0.2316
0.8384	-0.2843	-0.205
0.7639	-0.288	-0.1782
0.7126	-0.2476	-0.162
0.7292	-0.2092	-0.182
0.7811	-0.1579	-0.1877
0.8515	-0.09712	-0.1942
0.9295	-0.117	-0.1828
0.9526	-0.1449	-0.1479
0.9549	-0.08623	-0.1485
0.9916	-0.0376	-0.1182
1.027	-0.04867	-0.0746
1.05	-0.04473	-0.08803
1.086	-0.03275	-0.07775
1.109	-0.04376	-0.04989
1.116	-0.1025	-0.06511
1.194	-0.2342	-0.0797
1.297	-0.3208	-0.1016
1.318	-0.3	-0.1407
1.332	-0.3074	-0.134
1.319	-0.4244	-0.1221
1.255	-0.5924	-0.1667
1.228	-0.7241	-0.2442
1.186	-0.7526	-0.311
1.121	-0.7158	-0.2728
1.07	-0.6887	-0.1778
1.019	-0.5959	-0.1427
1.028	-0.4326	-0.1081
1.053	-0.3212	-0.1072
1.034	-0.2748	-0.1335
0.9971	-0.2779	-0.07456
0.8856	-0.2889	-0.03169
0.7638	-0.2899	-0.02565
0.7447	-0.3051	-0.008858
0.7543	-0.2911	-0.009069
0.7352	-0.263	0.03398
0.6691	-0.281	0.1981
0.7303	-0.2495	0.2115
0.8091	-0.2474	0.2543
0.9047	-0.2152	0.2659
0.9583	-0.1784	0.2771
1.025	-0.2142	0.2956
1.106	-0.2175	0.2959
1.163	-0.2508	0.3053
1.205	-0.3263	0.3172
1.255	-0.3647	0.3102
1.356	-0.4814	0.2426
1.414	-0.5515	0.1399
1.287	-0.477	0.1351
1.09	-0.4064	0.1236
1.004	-0.41	0.009258
0.9342	-0.5127	-0.04952
0.8319	-0.6664	-0.07177
0.8368	-0.7951	-0.1074
0.8719	-0.8197	-0.1281
0.8701	-0.7622	-0.1803
0.9177	-0.698	-0.2098
0.9584	-0.5878	-0.2122
0.9668	-0.4878	-0.2208
0.9698	-0.4201	-0.2087
0.9322	-0.33	-0.2159
0.8964	-0.2572	-0.2171
0.9008	-0.2242	-0.2186
0.9073	-0.2377	-0.245
0.8885	-0.2647	-0.2316
0.8384	-0.2843	-0.205
0.7639	-0.288	-0.1782
0.7126	-0.2476	-0.162
0.7292	-0.2092	-0.182
0.7811	-0.1579	-0.1877
0.8515	-0.09712	-0.1942
0.9295	-0.117	-0.1828
0.9526	-0.1449	-0.1479
0.9549	-0.08623	-0.1485
0.9916	-0.0376	-0.1182
1.027	-0.04867	-0.0746
1.05	-0.04473	-0.08803
1.086	-0.03275	-0.07775
1.109	-0.04376	-0.04989
1.116	-0.1025	-0.06511
1.194	-0.2342	-0.0797
1.297	-0.3208	-0.1016
1.318	-0.3	-0.1407
1.332	-0.3074	-0.134
1.319	-0.4244	-0.1221
1.255	-0.5924	-0.1667
1.228	-0.7241	-0.2442
1.186	-0.7526	-0.311
1.121	-0.7158	-0.2728
1.07	-0.6887	-0.1778
1.019	-0.5959	-0.1427
1.028	-0.4326	-0.1081
1.053	-0.3212	-0.1072
1.034	-0.2748	-0.1335
0.9971	-0.2779	-0.07456
0.8856	-0.2889	-0.03169
0.7638	-0.2899	-0.02565
0.7447	-0.3051	-0.008858
0.7543	-0.2911	-0.009069
0.7352	-0.263	0.03398
0.7108	-0.2296	0.09552
0.7069	-0.2002	0.1395
0.718	-0.2042	0.1563
0.7329	-0.1938	0.1409
0.7624	-0.2063	0.1438
0.7792	-0.2357	0.1268
0.7966	-0.2236	0.1564
0.8416	-0.2235	0.2317
0.8939	-0.2275	0.2235
0.9439	-0.2294	0.2329
0.9629	-0.2419	0.2708
0.9943	-0.2317	0.2827
1.077	-0.2458	0.3022
1.167	-0.3381	0.2572
1.277	-0.4462	0.1912
1.308	-0.462	0.1888
1.222	-0.4644	0.189
1.2	-0.5376	0.1586
1.172	-0.5322	0.1295
1.043	-0.5047	0.07284
0.9104	-0.5554	-0.04134
0.8399	-0.5328	-0.1027
0.939	-0.5076	-0.1199
1.032	-0.5302	-0.1785
0.9823	-0.4785	-0.1771
0.9868	-0.4269	-0.1362
0.9674	-0.4	-0.1342
0.9086	-0.3802	-0.1059
0.9027	-0.3651	-0.09114
0.8761	-0.2897	-0.1153
0.8801	-0.2218	-0.1282
0.8641	-0.1987	-0.1508
0.8154	-0.2124	-0.1614
0.802	-0.2424	-0.1551
0.7626	-0.209	-0.1602
0.7447	-0.1542	-0.1532
0.7434	-0.06955	-0.1468
0.7365	0.02162	-0.152
0.772	0.01449	-0.1782
0.8399	-0.01891	-0.2312
0.9931	-0.09611	-0.2551
1.177	-0.237	-0.2615
1.235	-0.2849	-0.2974
1.168	-0.2261	-0.3
1.056	-0.1679	-0.2082
0.9754	-0.1643	-0.1189
1.01	-0.2054	-0.1555
1.199	-0.29	-0.2604
1.403	-0.3636	-0.3369
1.441	-0.3445	-0.3714
1.313	-0.3556	-0.3622
1.167	-0.4787	-0.3557
1.091	-0.636	-0.3521
1.062	-0.7623	-0.3175
1.083	-0.7636	-0.2966
1.079	-0.6523	-0.249
1.006	-0.4831	-0.149
0.9519	-0.2796	-0.0818
0.9391	-0.1581	-0.07066
1.011	-0.1213	-0.1084
1.082	-0.115	-0.1524
1.017	-0.1842	-0.1546
0.914	-0.3064	-0.09791
0.8186	-0.3998	-0.0106
0.7108	-0.2296	0.09552
0.7069	-0.2002	0.1395
0.718	-0.2042	0.1563
0.7329	-0.1938	0.1409
0.7624	-0.2063	0.1438
0.7792	-0.2357	0.1268
0.7966	-0.2236	0.1564
0.8416	-0.2235	0.2317
0.8939	-0.2275	0.2235
0.9439	-0.2294	0.2329
0.9629	-0.2419	0.2708
0.9943	-0.2317	0.2827
1.077	-0.2458	0.3022
1.167	-0.3381	0.2572
1.277	-0.4462	0.1912
1.308	-0.462	0.1888
1.222	-0.4644	0.189
1.2	-0.5376	0.1586
1.172	-0.5322	0.1295
1.043	-0.5047	0.07284
0.9104	-0.5554	-0.04134
0.8399	-0.5328	-0.1027
0.939	-0.5076	-0.1199
1.032	-0.5302	-0.1785
0.9823	-0.4785	-0.1771
0.9868	-0.4269	-0.1362
0.9674	-0.4	-0.1342
0.9086	-0.3802	-0.1059
0.9027	-0.3651	-0.09114
0.8761	-0.2897	-0.1153
0.8801	-0.2218	-0.1282
0.8641	-0.1987	-0.1508
0.8154	-0.2124	-0.1614
0.802	-0.2424	-0.1551
0.7626	-0.209	-0.1602
0.7447	-0.1542	-0.1532
0.7434	-0.06955	-0.1468
0.7365	0.02162	-0.152
0.772	0.01449	-0.1782
0.8399	-0.01891	-0.2312
0.9931	-0.09611	-0.2551
1.177	-0.237	-0.2615
1.235	-0.2849	-0.2974
1.168	-0.2261	-0.3
1.056	-0.1679	-0.2082
0.9754	-0.1643	-0.1189
1.01	-0.2054	-0.1555
1.199	-0.29	-0.2604
1.403	-0.3636	-0.3369
1.441	-0.3445	-0.3714
1.313	-0.3556	-0.3622
1.167	-0.4787	-0.3557
1.091	-0.636	-0.3521
1.062	-0.7623	-0.3175
1.083	-0.7636	-0.2966
1.079	-0.6523	-0.249
1.006	-0.4831	-0.149
0.9519	-0.2796	-0.0818
0.9391	-0.1581	-0.07066
1.011	-0.1213	-0.1084
1.082	-0.115	-0.1524
1.017	-0.1842	-0.1546
0.914	-0.3064	-0.09791
0.8186	-0.3998	-0.0106
0.777	-0.4116	-0.001527
0.7882	-0.3818	-0.01568
0.7383	-0.3641	0.0198
0.7157	-0.3145	0.0164
0.6929	-0.2182	0.0333
0.6013	-0.1214	0.1169
0.6261	-0.122	0.156
0.73	-0.227	0.1418
0.7908	-0.2978	0.1451
0.8479	-0.3257	0.1783
0.851	-0.3172	0.2005
0.8725	-0.2641	0.2195
0.9794	-0.2368	0.2527
1.048	-0.2006	0.2516
1.066	-0.188	0.2366
1.005	-0.2047	0.2444
0.9455	-0.204	0.2324
1.095	-0.3458	0.1856
1.306	-0.5833	0.1168
1.338	-0.6604	0.06984
1.173	-0.52	0.08166
0.968	-0.3406	0.07051
0.9137	-0.32	-0.009005
0.9422	-0.4034	-0.08647
0.981	-0.5341	-0.1224
1.064	-0.6551	-0.127
1.079	-0.65	-0.1333
0.9909	-0.5872	-0.1267
0.9146	-0.5026	-0.09469
0.8971	-0.416	-0.107
0.9413	-0.3586	-0.1397
0.9953	-0.3015	-0.1622
1.008	-0.2889	-0.1893
0.9987	-0.2976	-0.176
0.9467	-0.3027	-0.1578
0.8446	-0.3095	-0.1333
0.7444	-0.2841	-0.08513
0.6878	-0.2498	-0.09083
0.6878	-0.2025	-0.1084
0.7011	-0.1382	-0.1283
0.7061	-0.08297	-0.1868
0.7294	-0.06558	-0.2052
0.7946	-0.08793	-0.1903
0.9076	-0.1065	-0.1954
0.9995	-0.1406	-0.1909
1.038	-0.1639	-0.1619
1.083	-0.1284	-0.1382
1.144	-0.08697	-0.1304
1.187	-0.06827	-0.1206
1.179	-0.1011	-0.1052
1.167	-0.2018	-0.09853
1.208	-0.3145	-0.1285
1.25	-0.3807	-0.1784
1.263	-0.3986	-0.1885
1.241	-0.438	-0.1619
1.195	-0.4777	-0.1482
1.177	-0.4561	-0.18
1.125	-0.4384	-0.2335
1.049	-0.4534	-0.2595
1.03	-0.5318	-0.2545
1.003	-0.6748	-0.2329
0.9612	-0.6975	-0.1849
0.9215	-0.5959	-0.1026
0.8923	-0.5071	-0.06355
0.777	-0.4116	-0.001527
0.7882	-0.3818	-0.01568
0.7383	-0.3641	0.0198
0.7157	-0.3145	0.0164
0.6929	-0.2182	0.0333
0.6013	-0.1214	0.1169
0.6261	-0.122	0.156
0.73	-0.227	0.1418
0.7908	-0.2978	0.1451
0.8479	-0.3257	0.1783
0.851	-0.3172	0.2005
0.8725	-0.2641	0.2195
0.9794	-0.2368	0.2527
1.048	-0.2006	0.2516
1.066	-0.188	0.2366
1.005	-0.2047	0.2444
0.9455	-0.204	0.2324
1.095	-0.3458	0.1856
1.306	-0.5833	0.1168
1.338	-0.6604	0.06984
1.173	-0.52	0.08166
0.968	-0.3406	0.07051
0.9137	-0.32	-0.009005
0.9422	-0.4034	-0.08647
0.981	-0.5341	-0.1224
1.064	-0.6551	-0.127
1.079	-0.65	-0.1333
0.9909	-0.5872	-0.1267
0.9146	-0.5026	-0.09469
0.8971	-0.416	-0.107
0.9413	-0.3586	-0.1397
0.9953	-0.3015	-0.1622
1.008	-0.2889	-0.1893
0.9987	-0.2976	-0.176
0.9467	-0.3027	-0.1578
0.8446	-0.3095	-0.1333
0.7444	-0.2841	-0.08513
0.6878	-0.2498	-0.09083
0.6878	-0.2025	-0.1084
0.7011	-0.1382	-0.1283
0.7061	-0.08297	-0.1868
0.7294	-0.06558	-0.2052
0.7946	-0.08793	-0.1903
0.9076	-0.1065	-0.1954
0.9995	-0.1406	-0.1909
1.038	-0.1639	-0.1619
1.083	-0.1284	-0.1382
1.144	-0.08697	-0.1304
1.187	-0.06827	-0.1206
1.179	-0.1011	-0.1052
1.167	-0.2018	-0.09853
1.208	-0.3145	-0.1285
1.25	-0.3807	-0.1784
1.263	-0.3986	-0.1885
1.241	-0.438	-0.1619
1.195	-0.4777	-0.1482
1.177	-0.4561	-0.18
1.125	-0.4384	-0.2335
1.049	-0.4534	-0.2595
1.03	-0.5318	-0.2545
1.003	-0.6748	-0.2329
0.9612	-0.6975	-0.1849
0.9215	-0.5959	-0.1026
0.8923	-0.5071	-0.06355
0.9462	-0.4101	-0.1143
1.016	-0.3617	-0.1639
1.031	-0.3998	-0.1777
1.007	-0.4365	-0.1548
0.952	-0.4684	-0.09041
0.907	-0.4576	-0.05348
0.8767	-0.3422	-0.03738
0.8557	-0.1452	-0.02804
0.8157	0.02911	-0.02927
0.7394	0.02973	0.03498
0.7306	-0.04252	0.1184
0.7641	-0.06138	0.1377
0.7624	-0.1457	0.1481
0.7821	-0.2456	0.1892
0.8075	-0.2957	0.2239
0.8131	-0.3071	0.215
0.8161	-0.2243	0.2034
0.8236	-0.201	0.2274
0.8529	-0.2271	0.2694
0.8874	-0.1912	0.3343
0.9398	-0.1956	0.3683
0.9994	-0.1668	0.3388
1.033	-0.1173	0.3337
1.078	-0.1247	0.3447
1.156	-0.201	0.3129
1.251	-0.4309	0.2632
1.327	-0.614	0.1853
1.314	-0.6297	0.0867
1.099	-0.6	0.02747
0.7909	-0.5927	0.018
0.7519	-0.6755	-0.01682
0.9249	-0.7401	-0.14
1.002	-0.7156	-0.2287
1.014	-0.6344	-0.217
0.979	-0.4944	-0.1863
0.9004	-0.3758	-0.1395
0.8963	-0.303	-0.1374
0.92	-0.2865	-0.1681
0.9351	-0.2863	-0.1491
0.9476	-0.2578	-0.1512
0.9253	-0.2644	-0.1513
0.8986	-0.2734	-0.1433
0.8603	-0.2828	-0.1617
0.8412	-0.3103	-0.1359
0.8559	-0.3067	-0.1025
0.8358	-0.2786	-0.08661
0.8106	-0.2221	-0.09091
0.7983	-0.1874	-0.1232
0.8186	-0.206	-0.1358
0.9091	-0.2273	-0.1713
0.9759	-0.2584	-0.1987
0.971	-0.2664	-0.1806
0.9525	-0.219	-0.1667
0.9479	-0.1565	-0.1206
0.9403	-0.108	-0.09593
0.9502	-0.1049	-0.1282
1	-0.1245	-0.1445
1.032	-0.1285	-0.1606
1.054	-0.1531	-0.1583
1.087	-0.2235	-0.1485
1.128	-0.3163	-0.1919
1.261	-0.3596	-0.2233
1.424	-0.3155	-0.2101
1.505	-0.2898	-0.2095
0.9462	-0.4101	-0.1143
1.016	-0.3617	-0.1639
1.031	-0.3998	-0.1777
1.007	-0.4365	-0.1548
0.952	-0.4684	-0.09041
0.907	-0.4576	-0.05348
0.8767	-0.3422	-0.03738
0.8557	-0.1452	-0.02804
0.8157	0.02911	-0.02927
0.7394	0.02973	0.03498
0.7306	-0.04252	0.1184
0.7641	-0.06138	0.1377
0.7624	-0.1457	0.1481
0.7821	-0.2456	0.1892
0.8075	-0.2957	0.2239
0.8131	-0.3071	0.215
0.8161	-0.2243	0.2034
0.8236	-0.201	0.2274
0.8529	-0.2271	0.2694
0.8874	-0.1912	0.3343
0.9398	-0.1956	0.3683
0.9994	-0.1668	0.3388
1.033	-0.1173	0.3337
1.078	-0.1247	0.3447
1.156	-0.201	0.3129
1.251	-0.4309	0.2632
1.327	-0.614	0.1853
1.314	-0.6297	0.0867
1.099	-0.6	0.02747
0.7909	-0.5927	0.018
0.7519	-0.6755	-0.01682
0.9249	-0.7401	-0.14
1.002	-0.7156	-0.2287
1.014	-0.6344	-0.217
0.979	-0.4944	-0.1863
0.9004	-0.3758	-0.1395
0.8963	-0.303	-0.1374
0.92	-0.2865	-0.1681
0.9351	-0.2863	-0.1491
0.9476	-0.2578	-0.1512
0.9253	-0.2644	-0.1513
0.8986	-0.2734	-0.1433
0.8603	-0.2828	-0.1617
0.8412	-0.3103	-0.1359
0.8559	-0.3067	-0.1025
0.8358	-0.2786	-0.08661
0.8106	-0.2221	-0.09091
0.7983	-0.1874	-0.1232
0.8186	-0.206	-0.1358
0.9091	-0.2273	-0.1713
0.9759	-0.2584	-0.1987
0.971	-0.2664	-0.1806
0.9525	-0.219	-0.1667
0.9479	-0.1565	-0.1206
0.9403	-0.108	-0.09593
0.9502	-0.1049	-0.1282
1	-0.1245	-0.1445
1.032	-0.1285	-0.1606
1.054	-0.1531	-0.1583
1.087	-0.2235	-0.1485
1.128	-0.3163	-0.1919
1.261	-0.3596	-0.2233
1.424	-0.3155	-0.2101
1.505	-0.2898	-0.2095
1.538	-0.3434	-0.245
1.51	-0.4202	-0.2912
1.345	-0.5423	-0.3085
1.072	-0.6867	-0.2901
0.9085	-0.7173	-0.2597
0.9437	-0.6662	-0.2283
0.9992	-0.6183	-0.1796
1.016	-0.5031	-0.1307
0.9877	-0.3322	-0.1136
0.919	-0.1952	-0.1069
0.9272	-0.1166	-0.09855
0.9376	-0.1465	-0.09399
0.8741	-0.2453	-0.09327
0.8083	-0.3314	-0.07956
0.7168	-0.4209	-0.0176
0.6464	-0.4563	0.05378
0.6381	-0.4048	0.05978
0.5964	-0.3016	0.01357
0.5399	-0.1744	0.005727
0.5736	-0.1291	0.07895
0.6892	-0.1478	0.153
0.785	-0.1847	0.157
0.8308	-0.2849	0.1545
0.873	-0.3378	0.2007
0.9637	-0.3186	0.2652
1.06	-0.3378	0.3386
1.05	-0.3422	0.3531
1.049	-0.2924	0.3275
1.16	-0.2435	0.3826
1.215	-0.2093	0.3825
1.176	-0.2311	0.3101
1.172	-0.3657	0.2608
1.226	-0.5695	0.1435
1.231	-0.6687	0.08155
1.089	-0.5541	0.06016
0.8744	-0.4147	-0.03302
0.8178	-0.3913	-0.05473
0.9674	-0.4149	-0.1018
1.12	-0.4918	-0.1744
1.176	-0.5358	-0.1516
1.116	-0.4852	-0.1358
0.9851	-0.4315	-0.08704
0.9161	-0.359	-0.04646
0.897	-0.2967	-0.07952
0.919	-0.264	-0.08981
0.9564	-0.2282	-0.1203
0.9318	-0.2221	-0.1556
0.8827	-0.2156	-0.1438
0.7647	-0.2175	-0.1376
0.635	-0.2283	-0.124
0.6167	-0.2169	-0.08915
0.6067	-0.2024	-0.07702
0.6379	-0.1642	-0.1134
0.7758	-0.1384	-0.1622
0.8892	-0.1413	-0.1903
0.9165	-0.1464	-0.2023
0.931	-0.1634	-0.2
1.003	-0.1486	-0.187
1.08	-0.1304	-0.1559
1.142	-0.1506	-0.1452
1.209	-0.1805	-0.1937
1.256	-0.2486	-0.2524
1.353	-0.3386	-0.2847
1.497	-0.4099	-0.2956
1.538	-0.3434	-0.245
1.51	-0.4202	-0.2912
1.345	-0.5423	-0.3085
1.072	-0.6867	-0.2901
0.9085	-0.7173	-0.2597
0.9437	-0.6662	-0.2283
0.9992	-0.6183	-0.1796
1.016	-0.5031	-0.1307
0.9877	-0.3322	-0.1136
0.919	-0.1952	-0.1069
0.9272	-0.1166	-0.09855
0.9376	-0.1465	-0.09399
0.8741	-0.2453	-0.09327
0.8083	-0.3314	-0.07956
0.7168	-0.4209	-0.0176
0.6464	-0.4563	0.05378
0.6381	-0.4048	0.05978
0.5964	-0.3016	0.01357
0.5399	-0.1744	0.005727
0.5736	-0.1291	0.07895
0.6892	-0.1478	0.153
0.785	-0.1847	0.157
0.8308	-0.2849	0.1545
0.873	-0.3378	0.2007
0.9637	-0.3186	0.2652
1.06	-0.3378	0.3386
1.05	-0.3422	0.3531
1.049	-0.2924	0.3275
1.16	-0.2435	0.3826
1.215	-0.2093	0.3825
1.176	-0.2311	0.3101
1.172	-0.3657	0.2608
1.226	-0.5695	0.1435
1.231	-0.6687	0.08155
1.089	-0.5541	0.06016
0.8744	-0.4147	-0.03302
0.8178	-0.3913	-0.05473
0.9674	-0.4149	-0.1018
1.12	-0.4918	-0.1744
1.176	-0.5358	-0.1516
1.116	-0.4852	-0.1358
0.9851	-0.4315	-0.08704
0.9161	-0.359	-0.04646
0.897	-0.2967	-0.07952
0.919	-0.264	-0.08981
0.9564	-0.2282	-0.1203
0.9318	-0.2221	-0.1556
0.8827	-0.2156	-0.1438
0.7647	-0.2175	-0.1376
0.635	-0.2283	-0.124
0.6167	-0.2169	-0.08915
0.6067	-0.2024	-0.07702
0.6379	-0.1642	-0.1134
0.7758	-0.1384	-0.1622
0.8892	-0.1413	-0.1903
0.9165	-0.1464	-0.2023
0.931	-0.1634	-0.2
1.003	-0.1486	-0.187
1.08	-0.1304	-0.1559
1.142	-0.1506	-0.1452
1.209	-0.1805	-0.1937
1.256	-0.2486	-0.2524
1.353	-0.3386	-0.2847
1.497	-0.4099	-0.2956
1.599	-0.476	-0.2931
1.531	-0.5196	-0.2864
1.256	-0.554	-0.2855
1.016	-0.5977	-0.2848
0.9888	-0.5877	-0.276
1.062	-0.5208	-0.2592
1.011	-0.4725	-0.2154
0.9297	-0.4466	-0.1767
0.9466	-0.4052	-0.1422
0.8731	-0.3464	-0.05869
0.8651	-0.3222	-0.02412
0.9261	-0.338	-0.07138
0.861	-0.2959	-0.08498
0.8738	-0.256	-0.07641
0.8523	-0.3085	-0.05638
0.7782	-0.3515	-0.008086
0.8087	-0.3593	0.003279
0.7595	-0.3211	0.02599
0.7046	-0.2473	0.09662
0.7184	-0.2337	0.1095
0.7275	-0.213	0.09363
0.7527	-0.1826	0.1146
0.7624	-0.2196	0.1283
0.7727	-0.2621	0.1572
0.7995	-0.291	0.2083
0.8767	-0.2917	0.2396
0.9562	-0.2648	0.2599
0.9581	-0.2612	0.2637
0.9878	-0.244	0.2656
1.063	-0.2235	0.2739
1.138	-0.2484	0.2456
1.226	-0.3432	0.1894
1.3	-0.5277	0.1316
1.302	-0.6384	0.09731
1.226	-0.5806	0.09727
1.117	-0.5138	0.05276
0.9617	-0.4615	-0.04414
0.8934	-0.4265	-0.09091
0.9655	-0.4911	-0.09599
0.9867	-0.5359	-0.1192
1.005	-0.5105	-0.1295
1.019	-0.4888	-0.1241
0.9416	-0.4235	-0.1298
0.9085	-0.3519	-0.1207
0.8945	-0.3359	-0.1063
0.8605	-0.3068	-0.1026
0.857	-0.2747	-0.1004
0.8478	-0.2779	-0.1223
0.8461	-0.2626	-0.1535
0.8153	-0.2354	-0.1577
0.7652	-0.238	-0.1338
0.7663	-0.2327	-0.113
0.7813	-0.2167	-0.1357
0.7965	-0.2014	-0.1684
0.8139	-0.1778	-0.1809
0.8456	-0.1911	-0.1933
0.8867	-0.2089	-0.198
0.914	-0.194	-0.2022
0.9774	-0.1938	-0.2132
1.064	-0.1866	-0.2177
1.112	-0.162	-0.2162
1.118	-0.1363	-0.2036
1.107	-0.1252	-0.183
1.117	-0.1937	-0.1794
1.599	-0.476	-0.2931
1.531	-0.5196	-0.2864
1.256	-0.554	-0.2855
1.016	-0.5977	-0.2848
0.9888	-0.5877	-0.276
1.062	-0.5208	-0.2592
1.011	-0.4725	-0.2154
0.9297	-0.4466	-0.1767
0.9466	-0.4052	-0.1422
0.8731	-0.3464	-0.05869
0.8651	-0.3222	-0.02412
0.9261	-0.338	-0.07138
0.861	-0.2959	-0.08498
0.8738	-0.256	-0.07641
0.8523	-0.3085	-0.05638
0.7782	-0.3515	-0.008086
0.8087	-0.3593	0.003279
0.7595	-0.3211	0.02599
0.7046	-0.2473	0.09662
0.7184	-0.2337	0.1095
0.7275	-0.213	0.09363
0.7527	-0.1826	0.1146
0.7624	-0.2196	0.1283
0.7727	-0.2621	0.1572
0.7995	-0.291	0.2083
0.8767	-0.2917	0.2396
0.9562	-0.2648	0.2599
0.9581	-0.2612	0.2637
0.9878	-0.244	0.2656
1.063	-0.2235	0.2739
1.138	-0.2484	0.2456
1.226	-0.3432	0.1894
1.3	-0.5277	0.1316
1.302	-0.6384	0.09731
1.226	-0.5806	0.09727
1.117	-0.5138	0.05276
0.9617	-0.4615	-0.04414
0.8934	-0.4265	-0.09091
0.9655	-0.4911	-0.09599
0.9867	-0.5359	-0.1192
1.005	-0.5105	-0.1295
1.019	-0.4888	-0.1241
0.9416	-0.4235	-0.1298
0.9085	-0.3519	-0.1207
0.8945	-0.3359	-0.1063
0.8605	-0.3068	-0.1026
0.857	-0.2747	-0.1004
0.8478	-0.2779	-0.1223
0.8461	-0.2626	-0.1535
0.8153	-0.2354	-0.1577
0.7652	-0.238	-0.1338
0.7663	-0.2327	-0.113
0.7813	-0.2167	-0.1357
0.7965	-0.2014	-0.1684
0.8139	-0.1778	-0.1809
0.8456	-0.1911	-0.1933
0.8867	-0.2089	-0.198
0.914	-0.194	-0.2022
0.9774	-0.1938	-0.2132
1.064	-0.1866	-0.2177
1.112	-0.162	-0.2162
1.118	-0.1363	-0.2036
1.107	-0.1252	-0.183
1.117	-0.1937	-0.1794
1.179	-0.3013	-0.2311
1.304	-0.3443	-0.3117
1.41	-0.3379	-0.3184
1.426	-0.365	-0.2519
1.41	-0.4369	-0.2183
1.346	-0.4975	-0.2723
1.173	-0.5278	-0.3626
1.032	-0.5255	-0.3869
1.022	-0.5278	-0.324
1.017	-0.5548	-0.2403
1.003	-0.5213	-0.1871
1.031	-0.4386	-0.1546
1.008	-0.3678	-0.1271
0.9662	-0.3114	-0.1302
0.9596	-0.2797	-0.1312
0.9242	-0.2555	-0.09987
0.8683	-0.2748	-0.07299
0.8077	-0.3161	-0.03879
0.7646	-0.312	-0.01902
0.7615	-0.3113	-0.0356
0.7392	-0.2884	-0.03396
0.6993	-0.2465	-0.01377
0.6595	-0.2331	0.04096
0.6426	-0.2153	0.117
0.6787	-0.2214	0.1126
0.7066	-0.239	0.08336
0.7408	-0.2788	0.1091
0.7936	-0.3544	0.122
0.7942	-0.3546	0.1478
0.7993	-0.313	0.2035
0.8602	-0.2878	0.212
0.9311	-0.2358	0.216
1.023	-0.2016	0.2194
1.109	-0.1876	0.1958
1.119	-0.1583	0.21
1.107	-0.1549	0.2193
1.119	-0.1711	0.2117
1.138	-0.1911	0.2282
1.219	-0.2872	0.2059
1.435	-0.5389	0.1278
1.661	-0.7986	0.03704
1.568	-0.7139	0.01275
1.178	-0.4147	0.0267
0.7802	-0.2943	-0.03426
0.5462	-0.2858	-0.06255
0.6719	-0.3989	-0.03489
0.8952	-0.6226	-0.08897
1.014	-0.7324	-0.1695
1.208	-0.7618	-0.2062
1.09	-0.6393	-0.1865
0.8564	-0.4377	-0.135
0.9226	-0.3383	-0.1288
0.8847	-0.2586	-0.1541
0.8896	-0.2869	-0.1948
0.9375	-0.3307	-0.2102
0.8509	-0.3216	-0.1901
0.8673	-0.3693	-0.2123
0.789	-0.3527	-0.2223
0.7469	-0.3333	-0.2021
0.8067	-0.3122	-0.1947
0.7519	-0.2637	-0.1689
0.7825	-0.2746	-0.1524
0.7933	-0.2431	-0.1564
0.7839	-0.217	-0.1674
