0.9743	0.01139	0.1129
0.9865	0.01138	0.1249
1.02	-0.03641	0.1317
1.028	-0.05922	0.1535
0.9904	-0.04294	0.1604
0.9763	-0.01962	0.1423
1.021	-0.01321	0.1313
1.027	-0.02736	0.1226
1.015	-0.03521	0.1269
1.021	-0.04332	0.1411
1.01	-0.05446	0.1488
1.018	-0.04898	0.1492
1.022	-0.05016	0.1465
1.011	-0.05591	0.142
1.024	-0.04304	0.1281
1.028	-0.0283	0.118
1.026	-0.01976	0.1152
1.021	-0.02571	0.1231
1.008	-0.03675	0.1442
1.002	-0.03208	0.1436
0.9975	-0.03342	0.1231
1.012	-0.03466	0.1193
1.024	-0.02933	0.1369
1.013	-0.03271	0.1444
1.018	-0.02984	0.138
1.021	-0.03069	0.1416
1.018	-0.03663	0.1347
1.024	-0.0324	0.1255
1.016	-0.03639	0.1353
1.011	-0.05139	0.1361
1.011	-0.05478	0.134
1.012	-0.03046	0.1375
1.018	-0.005651	0.1437
1.014	-0.01681	0.1439
1.016	-0.05411	0.117
1.024	-0.07453	0.105
1.022	-0.04564	0.1219
1.01	-0.01767	0.1299
0.9797	-0.01801	0.1467
0.9816	-0.01356	0.1586
1.032	-0.02855	0.1353
1.052	-0.04507	0.123
1.035	-0.03911	0.1301
1.026	-0.04418	0.1273
1.017	-0.04125	0.1309
1.007	-0.03522	0.1371
1.008	-0.03792	0.1335
1.01	-0.03248	0.1336
1.013	-0.03706	0.1339
1.015	-0.0392	0.1365
1.009	-0.03602	0.14
1.01	-0.0404	0.1384
1.013	-0.03599	0.1397
1.013	-0.03409	0.1373
1.018	-0.03352	0.1335
1.02	-0.02871	0.1343
1.019	-0.0319	0.1324
1.02	-0.03313	0.1315
1.017	-0.03477	0.1275
1.017	-0.03639	0.1243
1.015	-0.031	0.1295
1.013	-0.02915	0.1295
1.012	-0.02855	0.1284
1.012	-0.02958	0.1308
1.013	-0.03465	0.1334
1.015	-0.03712	0.1391
1.017	-0.03914	0.1408
1.016	-0.04326	0.1393
1.017	-0.05111	0.1379
1.018	-0.05526	0.1345
1.017	-0.04764	0.1341
1.016	-0.03437	0.133
1.013	-0.02102	0.1308
1.012	-0.01919	0.1309
1.012	-0.02955	0.1301
1.012	-0.03585	0.131
1.019	-0.0376	0.133
1.021	-0.03634	0.1361
1.017	-0.02891	0.1389
1.014	-0.0254	0.1355
1.013	-0.03138	0.1338
1.015	-0.03578	0.1329
1.016	-0.03792	0.1292
1.015	-0.04096	0.1297
1.014	-0.03724	0.13
1.014	-0.03739	0.1312
1.015	-0.04014	0.1352
1.016	-0.02912	0.1363
1.013	-0.03381	0.1351
1.017	-0.03288	0.1402
1.016	-0.03795	0.1344
1.023	-0.03325	0.1259
1.016	-0.03689	0.1361
1.011	-0.05152	0.1371
1.012	-0.05451	0.135
1.013	-0.02975	0.1385
1.019	-0.004528	0.1445
1.015	-0.01534	0.1445
1.017	-0.05241	0.1174
1.025	-0.07272	0.1052
1.022	-0.04387	0.1219
1.01	-0.01606	0.1297
0.9796	-0.01667	0.1465
0.9813	-0.01256	0.1583
1.031	-0.02793	0.1349
1.051	-0.04483	0.1226
1.035	-0.03921	0.1298
1.025	-0.04456	0.127
1.016	-0.04185	0.1307
1.007	-0.03595	0.1369
1.008	-0.0387	0.1335
1.01	-0.03324	0.1336
1.013	-0.03775	0.134
1.015	-0.03977	0.1365
1.01	-0.03643	0.1401
1.01	-0.04066	0.1385
1.013	-0.0361	0.1398
1.013	-0.03407	0.1374
1.018	-0.03339	0.1336
1.02	-0.0285	0.1344
1.02	-0.03165	0.1324
1.02	-0.03287	0.1315
1.017	-0.03452	0.1275
1.017	-0.03617	0.1243
1.015	-0.03083	0.1295
1.013	-0.02903	0.1295
1.012	-0.02849	0.1283
1.012	-0.02956	0.1308
1.013	-0.03468	0.1334
1.015	-0.03718	0.1391
1.017	-0.03922	0.1408
1.016	-0.04336	0.1393
1.017	-0.05121	0.1379
1.018	-0.05534	0.1345
1.017	-0.04771	0.1341
1.016	-0.03442	0.133
1.013	-0.02105	0.1308
1.012	-0.01921	0.1309
1.012	-0.02955	0.1301
1.012	-0.03583	0.131
1.019	-0.03757	0.133
1.021	-0.0363	0.1361
1.017	-0.02888	0.1389
1.014	-0.02537	0.1355
1.013	-0.03135	0.1338
1.015	-0.03576	0.1329
1.016	-0.03791	0.1292
1.015	-0.04096	0.1297
1.014	-0.03724	0.13
1.014	-0.0374	0.1312
1.015	-0.04015	0.1352
1.016	-0.02913	0.1363
1.015	-0.0248	0.1382
1.015	-0.03558	0.1372
1.016	-0.04232	0.1343
1.016	-0.04346	0.135
1.017	-0.04321	0.1333
1.019	-0.04481	0.1328
1.018	-0.0424	0.1328
1.01	-0.02838	0.1307
1.008	-0.02191	0.1309
1.016	-0.02891	0.1304
1.018	-0.03067	0.1326
1.015	-0.03277	0.1344
1.015	-0.03978	0.1328
1.015	-0.04176	0.1366
1.015	-0.04167	0.1373
1.015	-0.03411	0.1332
1.013	-0.02575	0.1331
1.016	-0.02972	0.133
1.02	-0.03061	0.1336
1.022	-0.03173	0.1342
1.019	-0.03539	0.1309
1.011	-0.03304	0.1303
1.008	-0.03822	0.1326
1.011	-0.04205	0.1324
1.015	-0.04118	0.1343
1.018	-0.04677	0.1374
1.019	-0.04636	0.1354
1.016	-0.03917	0.1334
1.015	-0.03163	0.1334
1.017	-0.02847	0.1325
1.018	-0.02681	0.1302
1.015	-0.02371	0.1296
1.009	-0.03161	0.136
1.008	-0.03514	0.1394
1.014	-0.02949	0.1361
1.017	-0.03071	0.1347
1.016	-0.03305	0.133
1.017	-0.04184	0.1346
1.017	-0.05025	0.1388
1.019	-0.04734	0.1356
1.019	-0.04302	0.1295
1.011	-0.03485	0.1264
1.01	-0.03154	0.128
1.02	-0.03745	0.131
1.026	-0.03887	0.1332
1.024	-0.03356	0.136
1.019	-0.02218	0.1316
1.011	-0.01691	0.1286
1.007	-0.01864	0.133
1.008	-0.01763	0.1357
1.006	-0.03086	0.1399
1.005	-0.05392	0.141
1.006	-0.06032	0.1375
1.01	-0.05222	0.1379
1.023	-0.04281	0.1363
1.028	-0.03497	0.1311
1.025	-0.02454	0.1269
1.025	-0.01858	0.1282
1.018	-0.0307	0.1319
1.012	-0.04798	0.129
1.024	-0.05302	0.1313
1.03	-0.05218	0.1358
1.022	-0.04819	0.1262
1.015	-0.04061	0.1241
1.041	-0.004932	0.0695
1.005	-0.02264	0.1358
0.9885	-0.03182	0.1674
0.9842	-0.03351	0.1799
0.9888	-0.03346	0.1755
0.9994	-0.03576	0.1642
1.008	-0.03482	0.1501
1.011	-0.02299	0.1338
1.016	-0.01917	0.1219
1.03	-0.02898	0.1127
1.035	-0.03335	0.11
1.032	-0.03762	0.1104
1.031	-0.04616	0.1105
1.028	-0.04895	0.1182
1.024	-0.04896	0.1242
1.02	-0.04085	0.126
1.014	-0.03144	0.1316
1.013	-0.03401	0.1365
1.015	-0.03333	0.141
1.015	-0.03289	0.1442
1.011	-0.03512	0.1422
1.004	-0.03157	0.1415
1.001	-0.03586	0.1429
1.005	-0.03915	0.1409
1.01	-0.03806	0.1404
1.015	-0.04374	0.1411
1.018	-0.04365	0.1367
1.016	-0.03696	0.1326
1.016	-0.03003	0.1309
1.019	-0.0275	0.1288
1.021	-0.02644	0.1258
1.019	-0.02388	0.1251
1.012	-0.0322	0.1317
1.01	-0.03603	0.1357
1.016	-0.03054	0.1332
1.018	-0.0318	0.1328
1.016	-0.03408	0.132
1.017	-0.04272	0.1345
1.016	-0.05094	0.1393
1.018	-0.0478	0.1367
1.018	-0.04326	0.131
1.01	-0.03488	0.128
1.009	-0.0314	0.1297
1.019	-0.03718	0.1324
1.025	-0.03851	0.1344
1.024	-0.03316	0.1368
1.018	-0.02179	0.1322
1.011	-0.01656	0.1288
1.007	-0.01836	0.1329
1.008	-0.01742	0.1354
1.006	-0.03074	0.1394
1.005	-0.05387	0.1404
1.007	-0.06034	0.1369
1.01	-0.0523	0.1373
1.023	-0.04293	0.1358
1.028	-0.03511	0.1307
1.025	-0.02468	0.1266
1.025	-0.01872	0.1281
1.018	-0.03082	0.1319
1.012	-0.04807	0.1291
1.024	-0.05308	0.1315
1.029	-0.05221	0.136
1.022	-0.04819	0.1264
1.015	-0.04059	0.1243
1.01	-0.03721	0.1386
1.012	-0.03103	0.1432
1.016	-0.01883	0.1365
1.003	-0.01083	0.1322
0.9801	-0.006347	0.1328
0.9757	-0.01081	0.1351
1.001	-0.02555	0.1343
1.034	-0.03554	0.1343
1.049	-0.03924	0.1351
1.041	-0.04275	0.1342
1.022	-0.04604	0.1352
1.01	-0.04569	0.137
1.012	-0.04162	0.1408
1.014	-0.03618	0.1406
1.014	-0.0291	0.1339
1.02	-0.03277	0.1323
1.027	-0.05153	0.1314
1.037	-0.0643	0.1299
1.033	-0.06047	0.1295
1.011	-0.04996	0.1259
0.9907	-0.04266	0.1309
0.9824	-0.03429	0.1371
0.9897	-0.02693	0.134
0.9945	-0.03086	0.1327
1	-0.02724	0.1292
1.023	-0.004659	0.1237
1.034	0.01267	0.127
1.04	0.01044	0.1357
1.045	-0.01551	0.1399
1.029	-0.05565	0.1383
1.018	-0.07295	0.1366
1.019	-0.07202	0.1316
1.007	-0.07366	0.127
0.992	-0.0414	0.1346
0.9983	-0.002311	0.1421
1.036	-0.009965	0.1363
1.059	-0.02035	0.128
1.032	-0.03043	0.1298
1.001	-0.04804	0.1411
0.9813	-0.04413	0.1463
0.976	-0.04825	0.1397
1.011	-0.0533	0.1338
1.025	-0.04536	0.1289
1.002	-0.04527	0.1226
1.005	-0.03805	0.124
1.014	-0.03093	0.1337
1.015	-0.02613	0.1396
1.031	-0.01941	0.1337
1.038	-0.02253	0.1306
1.027	-0.02031	0.1328
1.012	-0.0205	0.1311
1.006	-0.03621	0.1382
1.021	-0.05213	0.1401
1.032	-0.0566	0.1349
1.027	-0.05411	0.1377
1.025	-0.04463	0.1285
1.013	-0.01469	0.12
1.002	-0.008618	0.1193
1.023	-0.04978	0.1123
1.035	-0.06055	0.1183
1.014	-0.0342	0.1436
0.9772	-0.03293	0.1741
0.9576	-0.02494	0.1799
0.9665	0.02137	0.1696
0.9519	0.01037	0.304
1.04	-0.03556	0.1239
1.085	-0.05468	0.02737
1.083	-0.0613	-0.002436
1.052	-0.05889	0.01271
1.028	-0.05673	0.05082
1.03	-0.05963	0.09353
1.04	-0.0555	0.135
1.035	-0.0451	0.1697
1.013	-0.03623	0.192
0.9859	-0.0299	0.2048
0.9709	-0.02324	0.2079
0.9753	-0.01621	0.2045
0.9829	-0.01085	0.191
0.9915	-0.006347	0.1675
1.006	-0.01439	0.1482
1.023	-0.03858	0.1305
1.041	-0.05713	0.1149
1.043	-0.05882	0.104
1.025	-0.05309	0.09397
1.008	-0.04951	0.09645
0.9998	-0.04363	0.1038
1.006	-0.03751	0.1048
1.008	-0.04153	0.1095
1.011	-0.03702	0.1132
1.03	-0.01284	0.1151
1.037	0.006554	0.1255
1.039	0.006574	0.1402
1.042	-0.01716	0.1491
1.023	-0.05532	0.1506
1.012	-0.071	0.1503
1.012	-0.06891	0.1453
1	-0.06987	0.1396
0.9861	-0.03738	0.1451
0.9936	0.001545	0.1499
1.033	-0.006589	0.1413
1.057	-0.01767	0.1301
1.031	-0.02857	0.1294
1.002	-0.04701	0.1387
0.9828	-0.04389	0.1425
0.9782	-0.04868	0.1349
1.013	-0.05424	0.1287
1.027	-0.04664	0.124
1.005	-0.04672	0.1183
1.007	-0.03951	0.1206
1.015	-0.03226	0.1314
1.016	-0.02725	0.1383
1.031	-0.02024	0.1334
1.038	-0.02306	0.1312
1.027	-0.02053	0.1339
1.011	-0.02046	0.1327
1.005	-0.03595	0.1401
1.02	-0.05172	0.1419
1.031	-0.05609	0.1366
1.026	-0.05357	0.1391
1.024	-0.04411	0.1296
1.012	-0.01424	0.1207
1.002	-0.008262	0.1196
1.023	-0.04954	0.1123
1.035	-0.06042	0.118
1.014	-0.03417	0.1431
0.9775	-0.03299	0.1735
0.9579	-0.02507	0.1792
0.9668	0.02119	0.169
0.9865	0.0357	0.1581
1.036	-0.00405	0.1116
1.074	-0.05237	0.07726
1.06	-0.09948	0.08955
1.058	-0.1216	0.1047
1.044	-0.109	0.1299
1.01	-0.07895	0.145
1.003	-0.03082	0.1444
0.9824	-0.003637	0.1543
0.9765	0.0006257	0.1477
1.014	0.008318	0.1356
1.033	-0.001288	0.1251
1.027	-0.009096	0.1187
1.02	-0.01263	0.1368
1.014	-0.02721	0.1418
1.012	-0.03253	0.1368
1.009	-0.03424	0.1422
1.005	-0.02754	0.1455
1.008	-0.03362	0.146
1.018	-0.07708	0.1222
1.024	-0.09711	0.1059
1.021	-0.08214	0.1194
1.012	-0.07302	0.1251
1	-0.05114	0.1417
0.998	-0.01506	0.1574
1.013	0.0003329	0.1443
1.034	0.001864	0.1321
1.047	0.001187	0.1218
1.042	-0.00738	0.1194
1.011	-0.01121	0.1392
0.9933	-0.01363	0.1551
1.013	-0.02761	0.1509
1.004	-0.04602	0.1358
0.9601	-0.05747	0.1298
0.9629	-0.05584	0.1333
1.027	-0.05192	0.1241
1.074	-0.04398	0.1101
1.062	-0.03603	0.1124
1.057	-0.05814	0.1276
1.062	-0.08139	0.1409
1.027	-0.06593	0.146
0.9851	-0.03722	0.1504
0.9592	-0.01569	0.1462
0.9651	-0.006989	0.1261
0.9974	-0.007876	0.1196
1.018	-0.008371	0.1277
1.031	-0.01855	0.1297
1.022	-0.02717	0.1359
1.013	-0.02539	0.141
1.018	-0.02775	0.1384
1.01	-0.03187	0.1376
1.01	-0.03904	0.1342
1.015	-0.04589	0.1327
1.025	-0.0489	0.1329
1.04	-0.05393	0.1282
1.026	-0.05004	0.1277
0.9964	-0.03723	0.1323
0.9906	-0.02787	0.1381
1.026	-0.02437	0.1419
1.046	-0.03277	0.1435
1.033	-0.07	0.1406
1.042	-0.09386	0.1274
1.018	-0.04231	0.1227
0.9754	0.01271	0.1303
1.002	-0.006463	0.05842
1.005	0.00676	0.121
1.022	-0.01293	0.1411
1.005	-0.04936	0.1704
1.011	-0.0732	0.1787
1.011	-0.06998	0.1842
0.9935	-0.05319	0.1744
1.001	-0.01929	0.1493
0.9933	-0.005177	0.1387
0.9965	-0.01147	0.1175
1.039	-0.01112	0.09718
1.059	-0.02468	0.0846
1.052	-0.03327	0.08116
1.041	-0.03495	0.1061
1.029	-0.04572	0.1201
1.021	-0.04601	0.1251
1.011	-0.04219	0.1401
1.003	-0.03011	0.1518
1.002	-0.03143	0.1588
1.008	-0.07111	0.1392
1.013	-0.08853	0.1248
1.009	-0.07218	0.1383
1.002	-0.06281	0.1422
0.991	-0.04166	0.1556
0.9911	-0.007031	0.1675
1.009	0.00642	0.1502
1.032	0.005789	0.134
1.047	0.00296	0.1201
1.044	-0.007554	0.1149
1.014	-0.01298	0.1328
0.9975	-0.01658	0.1476
1.017	-0.03127	0.1432
1.008	-0.04995	0.1286
0.9639	-0.06127	0.1237
0.966	-0.0592	0.1285
1.029	-0.05462	0.1209
1.075	-0.04589	0.1085
1.062	-0.03712	0.1123
1.056	-0.05845	0.1286
1.061	-0.08104	0.1429
1.025	-0.06506	0.1485
0.9835	-0.036	0.1532
0.9576	-0.01429	0.1489
0.9635	-0.005561	0.1286
0.9961	-0.006556	0.1216
1.017	-0.007259	0.1291
1.03	-0.0177	0.1305
1.022	-0.02663	0.1362
1.013	-0.02514	0.1408
1.019	-0.02776	0.1378
1.011	-0.03211	0.1367
1.01	-0.03944	0.1332
1.016	-0.04638	0.1317
1.026	-0.04942	0.1319
1.041	-0.05443	0.1274
1.027	-0.05049	0.1271
0.9967	-0.03759	0.1319
0.9908	-0.02812	0.1379
1.026	-0.02451	0.1419
1.046	-0.03281	0.1437
1.033	-0.06995	0.1409
1.041	-0.09374	0.1277
1.018	-0.04214	0.1231
0.9751	0.0129	0.1307
0.9871	0.004949	0.1277
1.012	-0.03226	0.1193
1.032	-0.05885	0.1188
1.028	-0.03035	0.1306
0.9848	0.004388	0.1464
0.9745	-0.003361	0.1498
0.9951	-0.01655	0.1474
1.018	-0.04333	0.1394
1.039	-0.05774	0.1283
1.04	-0.05501	0.1305
1.03	-0.06498	0.1361
1.024	-0.05458	0.1368
1.027	-0.0464	0.1359
1.03	-0.04472	0.1333
1.026	-0.02587	0.1349
1.018	-0.01711	0.1361
0.9962	-0.01446	0.1315
0.9874	-0.01952	0.1237
1.005	-0.03248	0.12
1.023	-0.03808	0.1198
1.031	-0.04048	0.1199
1.022	-0.04324	0.1347
1.008	-0.05234	0.1504
1.006	-0.05159	0.1488
1.008	-0.0318	0.1455
1.009	-0.01881	0.1386
1.011	-0.02172	0.1304
1.015	-0.02378	0.132
1.015	-0.02443	0.1317
1.016	-0.03308	0.1298
1.02	-0.03044	0.1311
1.021	-0.02707	0.1322
1.024	-0.04776	0.1327
1.026	-0.06499	0.1317
1.023	-0.06331	0.1314
1.021	-0.05348	0.132
1.014	-0.04503	0.1341
1.006	-0.03991	0.1368
1.008	-0.02732	0.1328
1.012	-0.01056	0.1248
1.018	-0.006581	0.1253
1.019	-0.01419	0.1355
1.008	-0.01727	0.143
1.003	-0.02454	0.1427
1.009	-0.03717	0.1417
1.01	-0.03714	0.1422
1.013	-0.03884	0.1365
1.02	-0.04971	0.1256
1.023	-0.05653	0.1211
1.025	-0.05898	0.1254
1.025	-0.05919	0.1317
1.024	-0.04928	0.1375
1.017	-0.0295	0.1402
1.005	-0.02225	0.1362
1.006	-0.02519	0.1322
1.018	-0.0239	0.131
1.022	-0.02177	0.1283
1.02	-0.01742	0.1277
1.02	-0.02116	0.1284
1.017	-0.03167	0.1312
1.007	-0.03581	0.1387
1.003	-0.03883	0.1444
1.003	-0.04033	0.1476
1.001	-0.04058	0.1484
0.9941	-0.0206	0.1614
1.032	-0.06563	0.1196
1.057	-0.09044	0.1012
1.05	-0.05453	0.1063
1.001	-0.009854	0.1225
0.984	-0.007384	0.1307
0.9973	-0.0116	0.1352
1.014	-0.03157	0.1344
1.03	-0.04169	0.1297
1.028	-0.0372	0.137
1.017	-0.04766	0.1457
1.012	-0.03949	0.148
1.017	-0.03474	0.1471
1.022	-0.03711	0.1432
1.021	-0.02242	0.1426
1.015	-0.01748	0.1412
0.9967	-0.01801	0.1339
0.99	-0.02539	0.1236
1.009	-0.03975	0.1178
1.028	-0.04584	0.116
1.036	-0.04795	0.1151
1.027	-0.04977	0.1296
1.012	-0.0575	0.1455
1.009	-0.05513	0.1444
1.01	-0.03367	0.1421
1.01	-0.01912	0.1362
1.011	-0.02071	0.1292
1.014	-0.02175	0.1318
1.013	-0.02173	0.1324
1.014	-0.03007	0.1312
1.018	-0.02743	0.1329
1.019	-0.02433	0.1342
1.022	-0.04549	0.1347
1.024	-0.0633	0.1336
1.022	-0.06226	0.1329
1.02	-0.05304	0.1332
1.013	-0.04514	0.1348
1.006	-0.04047	0.1371
1.008	-0.02819	0.1328
1.013	-0.01161	0.1244
1.019	-0.007691	0.1247
1.02	-0.01525	0.1348
1.009	-0.01819	0.1423
1.004	-0.02527	0.142
1.009	-0.03767	0.1411
1.01	-0.03741	0.1417
1.013	-0.0389	0.1362
1.02	-0.04958	0.1254
1.023	-0.05627	0.121
1.025	-0.05862	0.1255
1.025	-0.05879	0.1319
1.023	-0.04888	0.1378
1.016	-0.02913	0.1405
1.005	-0.02195	0.1364
1.006	-0.02497	0.1325
1.018	-0.02376	0.1312
1.022	-0.02172	0.1284
1.02	-0.01744	0.1278
1.02	-0.02124	0.1285
1.017	-0.03179	0.1312
1.007	-0.03595	0.1387
1.003	-0.03898	0.1443
1.003	-0.04047	0.1475
1.001	-0.0407	0.1483
1.008	-0.03918	0.143
1.02	-0.03982	0.1303
1.027	-0.0509	0.1157
1.029	-0.05645	0.1139
1.028	-0.05239	0.1175
1.03	-0.04705	0.1167
1.028	-0.03576	0.1256
1.021	-0.02715	0.1358
1.008	-0.02791	0.141
0.9996	-0.02606	0.1505
1.003	-0.01454	0.154
1.004	-0.006988	0.1516
1.005	-0.01436	0.1496
1.008	-0.02092	0.1397
1.01	-0.02507	0.1249
1.019	-0.03649	0.1175
1.024	-0.04424	0.1199
1.023	-0.04851	0.1243
1.023	-0.05353	0.129
1.021	-0.05766	0.133
1.02	-0.05941	0.1342
1.019	-0.05101	0.1337
1.016	-0.04325	0.1318
1.015	-0.03886	0.1326
1.013	-0.03018	0.1324
1.011	-0.02745	0.13
1.013	-0.0253	0.1321
1.015	-0.02251	0.134
1.016	-0.0242	0.1374
1.017	-0.02375	0.1396
1.018	-0.02688	0.1375
1.013	-0.03218	0.1416
1.008	-0.0395	0.145
1.01	-0.04367	0.143
1.014	-0.03112	0.1395
1.016	-0.0287	0.1294
1.018	-0.0427	0.1225
1.016	-0.03917	0.1246
1.015	-0.02511	0.124
1.015	-0.02027	0.1247
1.015	-0.02488	0.1287
1.018	-0.03795	0.1273
1.019	-0.04682	0.1291
1.017	-0.0529	0.136
1.021	-0.06314	0.1398
1.021	-0.05713	0.1449
1.014	-0.0457	0.145
1.012	-0.04618	0.1333
1.014	-0.03568	0.1263
1.011	-0.02157	0.1303
1.01	-0.01801	0.1352
1.011	-0.0159	0.1424
1.013	-0.01767	0.1467
1.016	-0.02021	0.1351
1.018	-0.0231	0.1243
1.018	-0.02824	0.1245
1.017	-0.03405	0.1229
1.016	-0.04043	0.1253
1.018	-0.04187	0.1323
1.018	-0.04413	0.1361
1.015	-0.04548	0.1399
1.011	-0.04349	0.1424
1.009	-0.04465	0.1396
1.014	-0.04173	0.1362
1.011	-0.02144	0.1418
1.017	-0.02723	0.1338
1.021	-0.04264	0.1217
1.022	-0.05172	0.1207
1.022	-0.05043	0.1238
1.024	-0.04715	0.1218
1.024	-0.03726	0.129
1.018	-0.02949	0.1374
1.007	-0.03062	0.1408
1	-0.02875	0.1489
1.005	-0.01694	0.1514
1.006	-0.008915	0.1485
1.008	-0.01572	0.1463
1.011	-0.0217	0.1366
1.012	-0.0253	0.1223
1.02	-0.03626	0.1155
1.026	-0.04366	0.1186
1.024	-0.0477	0.1238
1.023	-0.05261	0.1291
1.021	-0.05674	0.1337
1.019	-0.05858	0.1352
1.018	-0.05033	0.135
1.015	-0.04275	0.1332
1.014	-0.03856	0.1339
1.012	-0.03007	0.1336
1.01	-0.02751	0.131
1.012	-0.02549	0.1328
1.015	-0.02279	0.1344
1.016	-0.02453	0.1375
1.017	-0.0241	0.1395
1.018	-0.0272	0.1372
1.014	-0.03246	0.1411
1.008	-0.03972	0.1445
1.011	-0.04381	0.1425
1.014	-0.03119	0.139
1.016	-0.0287	0.129
1.018	-0.04265	0.1222
1.016	-0.03908	0.1244
1.015	-0.02499	0.124
1.015	-0.02014	0.1247
1.015	-0.02475	0.1288
1.018	-0.03784	0.1275
1.018	-0.04673	0.1292
1.017	-0.05284	0.1362
1.021	-0.06311	0.1399
1.021	-0.05711	0.1451
1.014	-0.04571	0.1451
1.012	-0.04621	0.1334
1.014	-0.03572	0.1264
1.011	-0.02161	0.1303
1.01	-0.01806	0.1351
1.011	-0.01594	0.1423
1.013	-0.01771	0.1467
1.016	-0.02024	0.135
1.018	-0.02312	0.1243
1.019	-0.02825	0.1244
1.017	-0.03405	0.1229
1.016	-0.04042	0.1252
1.018	-0.04185	0.1323
1.018	-0.04412	0.1361
1.015	-0.04546	0.1399
1.011	-0.04348	0.1425
1.009	-0.04464	0.1397
1.014	-0.04172	0.1362
1.018	-0.03933	0.134
1.018	-0.03899	0.1285
1.019	-0.03402	0.1249
1.017	-0.03171	0.1271
1.015	-0.03051	0.1334
1.015	-0.02821	0.1408
1.015	-0.0282	0.1403
1.014	-0.02979	0.1372
1.013	-0.03271	0.1336
1.016	-0.03802	0.1276
1.018	-0.04347	0.1274
1.016	-0.04101	0.1284
1.014	-0.03623	0.1324
1.013	-0.03488	0.138
1.012	-0.03298	0.1373
1.013	-0.03575	0.1378
1.015	-0.03699	0.1318
1.017	-0.03242	0.1278
1.019	-0.03238	0.1389
1.019	-0.03266	0.14
1.015	-0.02998	0.1321
1.013	-0.02995	0.1306
1.014	-0.03258	0.1306
1.013	-0.03573	0.1347
1.013	-0.03719	0.1386
1.017	-0.03728	0.1354
1.018	-0.03907	0.1314
1.017	-0.04119	0.1289
1.015	-0.03929	0.127
1.015	-0.03902	0.1288
1.017	-0.04368	0.1338
1.016	-0.04346	0.1352
1.014	-0.03723	0.1342
1.014	-0.03069	0.1365
1.016	-0.02603	0.1372
1.018	-0.02444	0.1359
1.016	-0.0258	0.1359
1.013	-0.03171	0.134
1.01	-0.03642	0.1335
1.011	-0.03503	0.1349
1.017	-0.03514	0.1336
1.02	-0.03744	0.1298
1.018	-0.03905	0.1285
1.016	-0.0409	0.1328
1.016	-0.04027	0.1345
1.012	-0.03873	0.1329
1.011	-0.03698	0.1346
1.015	-0.03407	0.1343
1.016	-0.03163	0.1333
1.016	-0.02958	0.1339
1.018	-0.03094	0.1325
1.017	-0.03245	0.1318
1.017	-0.0334	0.1312
1.016	-0.03872	0.1336
1.016	-0.03953	0.1394
1.016	-0.03666	0.1394
1.015	-0.03632	0.1382
1.015	-0.03539	0.1378
1.015	-0.0371	0.1308
1.014	-0.03761	0.1249
1.014	-0.03542	0.1251
1.016	-0.03623	0.126
1.016	-0.03521	0.1317
1.012	-0.03328	0.1379
1.013	-0.03689	0.1437
1.015	-0.03692	0.1346
1.017	-0.03281	0.1284
1.016	-0.0316	0.129
1.016	-0.0315	0.1343
1.016	-0.03017	0.141
1.016	-0.03087	0.1402
1.015	-0.03286	0.1369
1.015	-0.03588	0.1333
1.017	-0.041	0.1272
1.019	-0.04603	0.1271
1.016	-0.043	0.1281
1.015	-0.03756	0.1321
1.013	-0.03554	0.1377
1.011	-0.03302	0.1371
1.012	-0.03526	0.1376
1.015	-0.03611	0.1316
1.017	-0.03129	0.1277
1.018	-0.03114	0.1388
1.018	-0.03143	0.14
1.015	-0.02887	0.1321
1.013	-0.02904	0.1306
1.014	-0.03191	0.1306
1.013	-0.03532	0.1347
1.014	-0.03703	0.1387
1.017	-0.03734	0.1354
1.018	-0.03931	0.1314
1.017	-0.04155	0.129
1.016	-0.03973	0.1271
1.016	-0.03947	0.1288
1.017	-0.04411	0.1338
1.016	-0.04384	0.1352
1.014	-0.03752	0.1342
1.014	-0.03089	0.1365
1.016	-0.02614	0.1372
1.018	-0.02445	0.1359
1.016	-0.02574	0.1358
1.013	-0.0316	0.134
1.01	-0.03628	0.1335
1.011	-0.03486	0.1349
1.017	-0.03498	0.1336
1.02	-0.03729	0.1298
1.018	-0.03893	0.1285
1.016	-0.04081	0.1328
1.016	-0.04022	0.1345
1.012	-0.03871	0.1329
1.011	-0.03699	0.1346
1.015	-0.0341	0.1343
1.016	-0.03168	0.1333
1.017	-0.02964	0.1339
1.018	-0.031	0.1325
1.017	-0.03251	0.1318
1.017	-0.03345	0.1312
1.016	-0.03875	0.1336
1.016	-0.03956	0.1394
1.016	-0.03667	0.1394
1.015	-0.03632	0.1382
1.015	-0.03538	0.1378
1.015	-0.03709	0.1308
1.014	-0.03759	0.1249
1.014	-0.0354	0.1251
1.016	-0.03621	0.126
1.016	-0.03519	0.1317
1.012	-0.03326	0.1379
1.011	-0.03389	0.1358
1.016	-0.03466	0.1338
1.017	-0.03679	0.1337
1.015	-0.03885	0.1345
1.017	-0.03606	0.138
1.023	-0.03102	0.1382
1.024	-0.03042	0.1376
1.014	-0.03143	0.1367
1.005	-0.03138	0.1363
1.007	-0.03527	0.1368
1.01	-0.03849	0.1298
1.013	-0.03925	0.127
1.018	-0.04124	0.1296
1.017	-0.03393	0.1254
1.018	-0.02168	0.1272
1.017	-0.01949	0.1334
1.015	-0.0246	0.1358
1.02	-0.04131	0.1378
1.022	-0.05816	0.1362
1.021	-0.05455	0.1338
1.02	-0.04971	0.1328
1.013	-0.04745	0.1325
1.009	-0.03815	0.1328
1.011	-0.03479	0.1324
1.009	-0.03031	0.1331
1.009	-0.02446	0.135
1.014	-0.02685	0.138
1.016	-0.02583	0.1394
1.018	-0.02258	0.1378
1.017	-0.02276	0.1373
1.015	-0.02486	0.1354
1.017	-0.0291	0.1329
1.018	-0.03252	0.1328
1.017	-0.03747	0.1291
1.016	-0.04288	0.1254
1.014	-0.04441	0.127
1.014	-0.04547	0.1291
1.015	-0.04565	0.1323
1.015	-0.04195	0.1342
1.015	-0.04112	0.1299
1.017	-0.04473	0.1295
1.019	-0.04343	0.1363
1.016	-0.03858	0.1383
1.013	-0.03251	0.1368
1.011	-0.02593	0.138
1.012	-0.02398	0.1386
1.017	-0.02155	0.139
1.018	-0.02395	0.1412
1.014	-0.03641	0.1428
1.013	-0.04022	0.1357
1.015	-0.03309	0.1217
1.019	-0.03024	0.1176
1.021	-0.03455	0.1219
1.018	-0.04338	0.1271
1.012	-0.04869	0.1338
1.01	-0.04194	0.1355
1.013	-0.03355	0.137
1.02	-0.03102	0.1404
1.024	-0.02676	0.1402
1.02	-0.027	0.1418
1.006	-0.03538	0.138
0.9952	-0.04195	0.1284
1.003	-0.04146	0.1277
1.019	-0.03175	0.1322
1.021	-0.02361	0.1303
1.025	-0.03424	0.1299
1.024	-0.04195	0.1311
1.02	-0.04637	0.1329
1.02	-0.04368	0.1371
1.024	-0.0373	0.1378
1.023	-0.03459	0.1376
1.012	-0.03325	0.1371
1.002	-0.031	0.1368
1.004	-0.03308	0.1374
1.006	-0.03505	0.1304
1.01	-0.03512	0.1276
1.016	-0.03698	0.1301
1.016	-0.03	0.1258
1.017	-0.01842	0.1275
1.017	-0.01713	0.1336
1.015	-0.02322	0.1359
1.021	-0.04088	0.1378
1.024	-0.05858	0.1361
1.022	-0.05564	0.1337
1.022	-0.05126	0.1327
1.015	-0.04925	0.1323
1.01	-0.04	0.1327
1.011	-0.03651	0.1323
1.009	-0.03177	0.133
1.009	-0.02556	0.1349
1.014	-0.02757	0.1379
1.016	-0.02616	0.1394
1.017	-0.02256	0.1378
1.017	-0.02245	0.1373
1.014	-0.02433	0.1355
1.016	-0.02845	0.133
1.018	-0.03181	0.1329
1.017	-0.03678	0.1291
1.015	-0.04228	0.1254
1.014	-0.04392	0.1271
1.014	-0.04513	0.1291
1.015	-0.04546	0.1323
1.015	-0.04189	0.1342
1.015	-0.04118	0.1299
1.018	-0.04488	0.1295
1.019	-0.04365	0.1363
1.016	-0.03883	0.1382
1.013	-0.03277	0.1367
1.011	-0.02617	0.1379
1.012	-0.02419	0.1386
1.017	-0.0217	0.139
1.018	-0.02404	0.1412
1.014	-0.03645	0.1428
1.013	-0.04022	0.1357
1.015	-0.03305	0.1217
1.019	-0.03017	0.1176
1.021	-0.03446	0.1219
1.017	-0.04329	0.1271
1.012	-0.0486	0.1339
1.01	-0.04186	0.1355
1.013	-0.03349	0.137
1.02	-0.03097	0.1404
1.024	-0.02673	0.1402
1.02	-0.02699	0.1418
1.006	-0.03539	0.138
0.9952	-0.04197	0.1284
1.003	-0.04149	0.1277
1.019	-0.03179	0.1322
1.027	-0.02774	0.133
1.021	-0.03607	0.1306
1.016	-0.03575	0.1311
1.02	-0.03345	0.1351
1.02	-0.04145	0.1377
1.023	-0.04001	0.1378
1.021	-0.03571	0.1318
1.014	-0.04423	0.127
1.012	-0.04591	0.1297
1.009	-0.03756	0.1323
1.011	-0.03149	0.1348
1.014	-0.02783	0.1359
1.01	-0.0311	0.1338
1.01	-0.03326	0.135
1.01	-0.02747	0.1371
1.016	-0.02631	0.1366
1.021	-0.02827	0.1329
1.017	-0.02941	0.1307
1.017	-0.03408	0.1344
1.018	-0.0386	0.1354
1.016	-0.04366	0.1343
1.016	-0.04655	0.1339
1.014	-0.04088	0.1302
1.016	-0.03756	0.1301
1.018	-0.03877	0.1323
1.019	-0.03548	0.1319
1.02	-0.03406	0.1326
1.016	-0.03475	0.1326
1.013	-0.03362	0.1332
1.013	-0.03439	0.1347
1.011	-0.03346	0.1342
1.009	-0.03327	0.1359
1.011	-0.0348	0.1391
1.015	-0.03453	0.1403
1.017	-0.03953	0.1383
1.017	-0.04132	0.1305
1.018	-0.03144	0.1246
1.018	-0.02474	0.1275
1.018	-0.02587	0.1296
1.017	-0.02591	0.1309
1.015	-0.02663	0.1365
1.012	-0.03495	0.1378
1.013	-0.04438	0.136
1.014	-0.0473	0.1388
1.017	-0.04862	0.1403
1.017	-0.04853	0.1327
1.017	-0.04352	0.1239
1.017	-0.03858	0.1244
1.013	-0.03536	0.1263
1.012	-0.03135	0.127
1.015	-0.02911	0.1341
1.015	-0.02762	0.1394
1.016	-0.02714	0.1389
1.015	-0.03131	0.1413
1.012	-0.03302	0.1458
1.013	-0.03132	0.1428
1.015	-0.03516	0.1344
1.017	-0.03789	0.1311
1.018	-0.02977	0.1305
1.017	-0.0244	0.1281
1.016	-0.03012	0.1275
1.012	-0.03312	0.1301
1.011	-0.03496	0.1322
1.015	-0.03723	0.1314
1.024	-0.04593	0.1327
1.016	-0.05201	0.1281
1.011	-0.04764	0.1283
1.015	-0.04056	0.1331
1.016	-0.04389	0.1372
1.02	-0.03842	0.1387
1.02	-0.03107	0.134
1.014	-0.03764	0.13
1.013	-0.03846	0.1332
1.011	-0.03021	0.1356
1.013	-0.02501	0.1377
1.016	-0.02273	0.1381
1.012	-0.02768	0.1352
1.011	-0.03158	0.1356
1.011	-0.02741	0.1369
1.017	-0.02761	0.1358
1.021	-0.0306	0.1316
1.016	-0.03238	0.129
1.017	-0.03731	0.1327
1.017	-0.04175	0.1337
1.015	-0.04646	0.1328
1.015	-0.0488	0.1327
1.013	-0.04247	0.1294
1.015	-0.03846	0.1296
1.018	-0.03902	0.1322
1.019	-0.03516	0.1321
1.019	-0.03329	0.133
1.016	-0.03369	0.1332
1.013	-0.0324	0.1339
1.013	-0.03315	0.1353
1.011	-0.03231	0.1348
1.009	-0.0323	0.1364
1.011	-0.03406	0.1395
1.015	-0.03406	0.1405
1.018	-0.03931	0.1384
1.018	-0.04133	0.1305
1.018	-0.03164	0.1245
1.018	-0.02508	0.1273
1.018	-0.02629	0.1294
1.017	-0.02636	0.1306
1.015	-0.02707	0.1363
1.012	-0.03534	0.1376
1.012	-0.0447	0.1359
1.014	-0.04753	0.1387
1.017	-0.04875	0.1402
1.017	-0.04857	0.1327
1.017	-0.04348	0.124
1.017	-0.03848	0.1245
1.013	-0.03522	0.1263
1.012	-0.03119	0.127
1.015	-0.02894	0.1342
1.015	-0.02746	0.1395
1.016	-0.02701	0.139
1.016	-0.03121	0.1413
1.012	-0.03296	0.1458
1.013	-0.03129	0.1428
1.016	-0.03516	0.1344
1.017	-0.03792	0.1311
1.018	-0.02982	0.1305
1.017	-0.02445	0.128
1.016	-0.03018	0.1274
1.012	-0.03318	0.1301
1.011	-0.03501	0.1322
1.015	-0.03727	0.1314
1.019	-0.03722	0.131
1.019	-0.04789	0.1307
1.018	-0.05586	0.1296
1.017	-0.05282	0.1317
1.015	-0.05271	0.1341
1.013	-0.04345	0.1355
1.013	-0.03067	0.1365
1.014	-0.0274	0.1338
1.015	-0.02221	0.1315
1.014	-0.01939	0.1353
1.014	-0.02115	0.1401
1.015	-0.02486	0.1401
1.014	-0.03118	0.1377
1.015	-0.03264	0.1348
1.018	-0.03446	0.1333
1.017	-0.0407	0.1367
1.011	-0.04504	0.1371
1.008	-0.03973	0.1299
1.014	-0.02691	0.1279
1.02	-0.02549	0.1313
1.02	-0.03172	0.1307
1.019	-0.03529	0.1308
1.018	-0.03941	0.1321
1.017	-0.04112	0.129
1.018	-0.04946	0.1228
1.019	-0.05719	0.1224
1.016	-0.04928	0.1331
1.011	-0.04195	0.1404
1.009	-0.03453	0.1395
1.011	-0.02303	0.1388
1.012	-0.02123	0.1381
1.014	-0.02736	0.1427
1.017	-0.03647	0.1453
1.018	-0.03656	0.1393
1.019	-0.02405	0.1374
1.017	-0.02131	0.1331
1.015	-0.02781	0.1274
1.014	-0.03053	0.1289
1.013	-0.03727	0.1246
1.012	-0.04337	0.1201
1.014	-0.03697	0.1237
1.016	-0.03369	0.1289
1.018	-0.03874	0.1355
1.017	-0.03831	0.1394
1.018	-0.03955	0.1417
1.019	-0.04182	0.1388
1.015	-0.03986	0.1312
1.016	-0.04471	0.1303
1.018	-0.04892	0.1343
1.017	-0.04523	0.1422
1.013	-0.04022	0.1439
1.01	-0.0316	0.1362
1.011	-0.01827	0.1359
1.012	-0.01222	0.1332
1.012	-0.01763	0.1279
1.017	-0.01874	0.1306
1.02	-0.02493	0.1292
1.021	-0.04234	0.1253
1.015	-0.04364	0.1274
1.009	-0.03876	0.137
1.01	-0.0389	0.139
1.01	-0.03798	0.1248
1.019	-0.04749	0.1186
1.026	-0.05253	0.1259
1.011	0.016	0.1604
1.017	-0.04374	0.14
1.019	-0.07434	0.1287
1.02	-0.07686	0.1269
1.018	-0.07241	0.1292
1.015	-0.05414	0.1322
1.015	-0.03131	0.1355
1.015	-0.01928	0.1349
1.015	-0.007841	0.1341
1.013	-0.001757	0.1386
1.013	-0.00312	0.1434
1.013	-0.008809	0.1429
1.012	-0.01882	0.1395
1.013	-0.0249	0.1356
1.017	-0.03162	0.1329
1.016	-0.04241	0.1353
1.011	-0.05053	0.135
1.008	-0.04795	0.1273
1.014	-0.03668	0.1252
1.02	-0.03567	0.1287
1.021	-0.04132	0.1284
1.02	-0.04351	0.129
1.018	-0.0457	0.131
1.017	-0.04522	0.1285
1.018	-0.05135	0.1228
1.019	-0.05704	0.123
1.017	-0.04743	0.134
1.011	-0.03883	0.1415
1.009	-0.03062	0.1407
1.011	-0.0188	0.14
1.012	-0.0171	0.1392
1.014	-0.02368	0.1436
1.017	-0.03347	0.146
1.018	-0.03439	0.1397
1.018	-0.02276	0.1376
1.017	-0.02086	0.1331
1.015	-0.02809	0.1272
1.014	-0.03139	0.1286
1.013	-0.03853	0.1241
1.012	-0.04485	0.1197
1.014	-0.03849	0.1233
1.016	-0.03512	0.1286
1.018	-0.03996	0.1352
1.017	-0.03925	0.1392
1.018	-0.04018	0.1416
1.019	-0.04213	0.1388
1.016	-0.03989	0.1312
1.016	-0.0445	0.1304
1.018	-0.04852	0.1344
1.017	-0.04472	0.1424
1.013	-0.03966	0.144
1.01	-0.03105	0.1363
1.011	-0.01779	0.1361
1.012	-0.01182	0.1333
1.012	-0.01734	0.128
1.017	-0.01857	0.1306
1.02	-0.02488	0.1292
1.02	-0.04238	0.1253
1.015	-0.04376	0.1274
1.009	-0.03893	0.137
1.01	-0.0391	0.139
1.01	-0.03818	0.1248
1.019	-0.04768	0.1185
1.026	-0.05269	0.1259
1.02	-0.04731	0.1364
1.018	-0.04371	0.1435
1.014	-0.03681	0.1414
1.007	-0.03282	0.1421
1.012	-0.03306	0.142
1.019	-0.03505	0.1291
1.021	-0.03891	0.1254
1.019	-0.03503	0.1393
1.014	-0.02865	0.1467
1.013	-0.0251	0.1422
1.012	-0.01946	0.1349
1.015	-0.01864	0.1285
1.017	-0.02721	0.1288
1.013	-0.03398	0.1306
1.011	-0.03598	0.131
1.013	-0.03728	0.1318
1.018	-0.02923	0.1259
1.021	-0.02373	0.1237
1.017	-0.03985	0.1306
1.017	-0.05649	0.1311
1.017	-0.05627	0.1295
1.014	-0.05043	0.1315
1.014	-0.05013	0.1359
1.012	-0.05588	0.1442
1.009	-0.05367	0.145
1.011	-0.03375	0.1376
1.018	-0.0122	0.1349
1.024	-0.005794	0.1353
1.021	0.0001583	0.1341
1.016	0.009959	0.1342
1.013	-0.004491	0.1333
1.013	-0.03432	0.1295
1.015	-0.05327	0.1297
1.008	-0.07312	0.1353
0.9981	-0.08959	0.1389
1	-0.08207	0.1337
1.014	-0.06011	0.1215
1.033	-0.03983	0.1197
1.038	-0.02855	0.1259
1.037	-0.02036	0.128
1.037	-0.001628	0.1355
1.023	0.01299	0.14
1.009	0.00599	0.1367
0.998	-0.01129	0.1425
0.9877	-0.02918	0.1488
0.9903	-0.0434	0.1489
0.9997	-0.04724	0.1458
1.006	-0.04338	0.136
1.006	-0.0474	0.1283
1.015	-0.06414	0.1204
1.038	-0.07163	0.1141
1.046	-0.06677	0.1223
1.036	-0.06014	0.1267
1.03	-0.04549	0.1263
1.025	-0.03243	0.1351
1.017	-0.02413	0.1384
1.012	-0.00825	0.1383
1.003	0.004005	0.1376
0.9969	0.002007	0.1337
1	-0.007703	0.1421
1.001	-0.01966	0.1503
1.007	-0.03217	0.1455
1.017	-0.04223	0.1369
1.02	-0.04964	0.1259
1.029	-0.1399	0.08398
1.021	-0.05515	0.1278
1.014	-0.009721	0.1444
1.007	0.00506	0.1519
1.012	-0.0007215	0.1516
1.02	-0.01618	0.1351
1.023	-0.03558	0.1267
1.022	-0.04557	0.1362
1.017	-0.04932	0.1406
1.015	-0.05134	0.1345
1.014	-0.04682	0.127
1.017	-0.04337	0.1217
1.018	-0.04659	0.1239
1.013	-0.04641	0.1281
1.01	-0.04097	0.1309
1.012	-0.03525	0.1338
1.016	-0.02131	0.1297
1.019	-0.0115	0.1287
1.015	-0.02508	0.1361
1.015	-0.04093	0.1365
1.016	-0.04149	0.1343
1.013	-0.03767	0.1355
1.014	-0.04024	0.1387
1.012	-0.04931	0.1458
1.009	-0.0505	0.1454
1.011	-0.03374	0.1369
1.019	-0.01485	0.1334
1.025	-0.01044	0.1332
1.022	-0.005756	0.1318
1.017	0.003496	0.1318
1.014	-0.01085	0.1311
1.013	-0.04004	0.1276
1.016	-0.05796	0.1282
1.008	-0.07655	0.1343
0.9982	-0.09168	0.1384
1	-0.08287	0.1336
1.014	-0.05977	0.1218
1.033	-0.03858	0.1203
1.038	-0.02667	0.1267
1.037	-0.01811	0.1289
1.037	0.0007132	0.1363
1.023	0.01521	0.1408
1.009	0.007898	0.1373
0.9979	-0.009802	0.143
0.9877	-0.02817	0.1491
0.9903	-0.04288	0.149
0.9998	-0.04716	0.1458
1.006	-0.04368	0.1358
1.006	-0.04799	0.1281
1.015	-0.06491	0.1201
1.038	-0.07248	0.1138
1.046	-0.06761	0.122
1.036	-0.0609	0.1265
1.03	-0.04611	0.1261
1.025	-0.03289	0.135
1.017	-0.0244	0.1384
1.012	-0.008353	0.1383
1.003	0.004053	0.1376
0.9969	0.002176	0.1337
1	-0.007449	0.1422
1.001	-0.01936	0.1504
1.007	-0.03185	0.1456
1.017	-0.04194	0.137
1.02	-0.04939	0.126
1.019	-0.05784	0.1226
1.019	-0.06466	0.123
1.019	-0.06233	0.1204
1.022	-0.04762	0.1259
1.022	-0.03341	0.1315
1.019	-0.03138	0.1358
1.012	-0.03088	0.1405
1.008	-0.02983	0.1386
1.015	-0.03065	0.139
1.022	-0.02734	0.1364
1.022	-0.02725	0.1321
1.016	-0.02862	0.1367
1.013	-0.02738	0.1357
1.014	-0.03148	0.1347
1.012	-0.03434	0.136
1.013	-0.03631	0.1299
1.014	-0.04001	0.1284
1.011	-0.03864	0.1286
1.01	-0.0395	0.1283
1.013	-0.04142	0.1327
1.017	-0.04209	0.1384
1.021	-0.04306	0.1416
1.019	-0.03525	0.1338
1.015	-0.03003	0.1293
1.014	-0.03064	0.1343
1.011	-0.02785	0.133
1.012	-0.03327	0.1339
1.017	-0.03814	0.1363
1.02	-0.03527	0.1332
1.02	-0.03708	0.1294
1.019	-0.03521	0.1272
1.018	-0.032	0.1339
1.015	-0.03491	0.1369
1.01	-0.03568	0.1331
1.01	-0.0361	0.1373
1.014	-0.03338	0.1372
1.015	-0.0289	0.1331
1.014	-0.0313	0.1346
1.016	-0.03586	0.1346
1.018	-0.0422	0.1348
1.018	-0.04401	0.1337
1.017	-0.03743	0.13
1.015	-0.03474	0.1274
1.014	-0.03507	0.1275
1.014	-0.03803	0.1346
1.014	-0.0404	0.1384
1.015	-0.03342	0.1354
1.016	-0.0301	0.1363
1.015	-0.03217	0.1372
1.015	-0.03132	0.1334
1.017	-0.03336	0.1251
1.016	-0.0347	0.1232
1.014	-0.03413	0.1342
1.014	-0.0353	0.1372
1.015	-0.03394	0.1344
1.015	-0.03419	0.1418
1.016	-0.03805	0.1432
1.016	-0.03885	0.1365
1.015	-0.0368	0.1336
1.018	-0.03518	0.1292
1.019	-0.03514	0.1265
1.017	-0.03725	0.129
1.015	-0.03911	0.1311
1.011	-0.03876	0.1335
1.011	-0.01533	0.1578
1.013	-0.0402	0.1352
1.015	-0.04945	0.1197
1.018	-0.04193	0.1191
1.019	-0.032	0.1232
1.017	-0.03242	0.1286
1.01	-0.03322	0.1356
1.008	-0.03282	0.1365
1.015	-0.03388	0.1395
1.022	-0.03058	0.1387
1.022	-0.03037	0.1357
1.017	-0.03151	0.1407
1.014	-0.02998	0.1396
1.015	-0.03372	0.138
1.013	-0.03618	0.1383
1.014	-0.03771	0.1311
1.015	-0.04097	0.1285
1.012	-0.03918	0.1277
1.011	-0.03965	0.1268
1.013	-0.04123	0.1307
1.017	-0.04164	0.1362
1.021	-0.04242	0.1395
1.018	-0.0345	0.1319
1.015	-0.02924	0.1278
1.014	-0.02988	0.1332
1.011	-0.02717	0.1324
1.011	-0.03271	0.1338
1.016	-0.03772	0.1366
1.02	-0.035	0.1338
1.02	-0.03695	0.1302
1.019	-0.03521	0.1282
1.018	-0.03209	0.1348
1.015	-0.03508	0.1378
1.01	-0.03589	0.1339
1.01	-0.03633	0.1378
1.014	-0.0336	0.1376
1.015	-0.02909	0.1333
1.014	-0.03145	0.1346
1.016	-0.03597	0.1344
1.018	-0.04227	0.1345
1.018	-0.04403	0.1333
1.017	-0.03741	0.1296
1.015	-0.03469	0.1271
1.014	-0.035	0.1272
1.014	-0.03794	0.1344
1.014	-0.04031	0.1383
1.015	-0.03334	0.1354
1.015	-0.03004	0.1363
1.015	-0.03213	0.1373
1.015	-0.03129	0.1335
1.017	-0.03334	0.1252
1.016	-0.0347	0.1233
1.014	-0.03415	0.1343
1.014	-0.03532	0.1373
1.015	-0.03396	0.1345
1.015	-0.03422	0.1419
1.016	-0.03808	0.1433
1.016	-0.03888	0.1365
1.015	-0.03682	0.1336
1.018	-0.0352	0.1292
1.019	-0.03515	0.1264
1.017	-0.03726	0.1289
1.015	-0.03911	0.1311
1.011	-0.03876	0.1334
1.011	-0.03803	0.1358
1.015	-0.03426	0.1379
1.016	-0.02868	0.1363
1.016	-0.02913	0.1313
1.018	-0.03129	0.1298
1.018	-0.03243	0.1304
1.016	-0.03494	0.1332
1.014	-0.03615	0.1359
1.013	-0.03881	0.1373
1.013	-0.03934	0.1393
1.014	-0.03552	0.1334
1.016	-0.03537	0.1263
1.018	-0.03598	0.1285
1.016	-0.03486	0.1318
1.015	-0.0346	0.134
1.016	-0.034	0.1351
1.015	-0.03544	0.1345
1.015	-0.03791	0.1352
1.017	-0.03773	0.1344
1.015	-0.03741	0.1325
1.014	-0.03705	0.1324
1.016	-0.03449	0.1362
1.018	-0.0333	0.141
1.019	-0.03368	0.1395
1.011	-0.03177	0.135
1.009	-0.03181	0.1317
1.015	-0.03522	0.129
1.018	-0.03619	0.1269
1.018	-0.03509	0.1263
1.015	-0.03485	0.1298
1.011	-0.0355	0.1316
1.01	-0.03577	0.1325
1.01	-0.03522	0.1385
1.019	-0.03689	0.136
1.032	-0.04073	0.1189
1.026	-0.04139	0.1151
1.011	-0.03666	0.1443
1.003	-0.03093	0.17
1.008	-0.0276	0.1606
1.019	-0.0252	0.1418
1.02	-0.02383	0.1289
1.016	-0.02952	0.1169
1.014	-0.0482	0.1127
1.013	-0.05892	0.1227
1.013	-0.04321	0.1386
1.017	-0.03067	0.1376
1.02	-0.03037	0.1304
1.015	-0.02934	0.1315
1.013	-0.0372	0.13
1.015	-0.04168	0.131
1.013	-0.0417	0.131
1.014	-0.04152	0.1317
1.016	-0.0278	0.1373
1.015	-0.02374	0.1366
1.016	-0.02849	0.1391
1.014	-0.02464	0.1403
1.016	-0.02803	0.1345
1.02	-0.03446	0.1317
1.019	-0.0402	0.1287
1.013	-0.04386	0.1303
1.01	-0.03953	0.133
1.015	-0.04076	0.1321
1.016	-0.04182	0.1319
1.014	-0.03401	0.1321
1.014	-0.03067	0.1425
1.017	-0.03418	0.1426
1.018	-0.03261	0.139
1.016	-0.03466	0.1324
1.017	-0.03674	0.1295
1.018	-0.03679	0.129
1.015	-0.03768	0.1311
1.013	-0.03714	0.1335
1.012	-0.0382	0.1348
1.012	-0.03746	0.1369
1.013	-0.03279	0.1314
1.015	-0.03223	0.1248
1.018	-0.03282	0.1275
1.016	-0.03203	0.1313
1.015	-0.03232	0.134
1.017	-0.03242	0.1355
1.016	-0.0346	0.1352
1.016	-0.03778	0.1361
1.017	-0.03821	0.1354
1.015	-0.03835	0.1335
1.015	-0.0383	0.1333
1.016	-0.03588	0.1369
1.018	-0.03469	0.1415
1.019	-0.03494	0.1398
1.011	-0.0328	0.1351
1.008	-0.03256	0.1317
1.015	-0.03568	0.1288
1.018	-0.03636	0.1266
1.018	-0.035	0.126
1.015	-0.03455	0.1294
1.011	-0.03506	0.1312
1.01	-0.03525	0.1322
1.01	-0.03469	0.1383
1.019	-0.03638	0.1358
1.032	-0.04029	0.1188
1.027	-0.04105	0.1151
1.011	-0.03642	0.1444
1.003	-0.03081	0.1701
1.008	-0.02758	0.1607
1.019	-0.02527	0.142
1.02	-0.02396	0.129
1.016	-0.0297	0.117
1.014	-0.0484	0.1128
1.013	-0.05912	0.1228
1.013	-0.04339	0.1386
1.016	-0.03081	0.1376
1.02	-0.03048	0.1304
1.015	-0.0294	0.1315
1.013	-0.03722	0.13
1.015	-0.04167	0.131
1.013	-0.04166	0.131
1.014	-0.04146	0.1316
1.016	-0.02773	0.1372
1.015	-0.02367	0.1365
1.016	-0.02842	0.1391
1.014	-0.02458	0.1403
1.016	-0.02799	0.1345
1.02	-0.03443	0.1317
1.019	-0.04018	0.1287
1.013	-0.04386	0.1304
1.01	-0.03954	0.133
1.015	-0.04078	0.1321
1.016	-0.04185	0.1319
1.014	-0.03404	0.1321
1.017	-0.031	0.1418
1.015	-0.03269	0.1478
1.015	-0.03274	0.139
1.015	-0.03642	0.1324
1.014	-0.03984	0.1314
1.016	-0.0371	0.1306
1.017	-0.03613	0.1258
1.016	-0.03538	0.1227
1.015	-0.03192	0.1268
1.013	-0.03282	0.1291
1.015	-0.03683	0.1344
1.018	-0.03889	0.1384
1.017	-0.03548	0.134
1.015	-0.03197	0.1357
1.014	-0.03286	0.1376
1.014	-0.03317	0.1388
1.013	-0.03547	0.1423
1.014	-0.03684	0.1357
1.017	-0.03484	0.1324
1.017	-0.03518	0.1335
1.017	-0.03418	0.1298
1.014	-0.03357	0.1314
1.012	-0.03612	0.1319
1.016	-0.03726	0.1318
1.018	-0.0372	0.1333
1.017	-0.03613	0.128
1.018	-0.03518	0.128
1.015	-0.03574	0.1343
1.012	-0.03587	0.1346
1.014	-0.03564	0.1302
1.014	-0.03546	0.1307
1.017	-0.03497	0.1387
1.018	-0.03477	0.1414
1.015	-0.03478	0.1379
1.015	-0.03486	0.1373
1.015	-0.035	0.1366
1.014	-0.03449	0.1338
1.014	-0.03485	0.1322
1.014	-0.03556	0.1318
1.016	-0.03393	0.1313
1.02	-0.03301	0.1296
1.02	-0.03401	0.1261
1.017	-0.03591	0.1267
1.013	-0.03954	0.1364
1.012	-0.03895	0.1405
1.013	-0.03348	0.1328
1.014	-0.03148	0.1313
1.014	-0.03279	0.1354
1.013	-0.03569	0.1366
1.012	-0.03819	0.1389
1.014	-0.03679	0.1371
1.016	-0.03733	0.1337
1.019	-0.03848	0.135
1.02	-0.03585	0.1337
1.019	-0.03513	0.1274
1.017	-0.03427	0.1224
1.015	-0.03345	0.1259
1.014	-0.03529	0.1336
1.014	-0.03448	0.1373
1.015	-0.03247	0.1391
1.017	-0.03129	0.1387
1.014	-0.03168	0.1349
1.014	-0.03475	0.1321
1.015	-0.03781	0.1348
1.016	-0.03595	0.129
1.014	-0.03737	0.142
1.014	-0.03633	0.1376
1.014	-0.03863	0.1335
1.013	-0.04071	0.1337
1.016	-0.03687	0.1333
1.017	-0.03513	0.1283
1.016	-0.03394	0.1246
1.015	-0.03038	0.1281
1.014	-0.03142	0.1298
1.016	-0.03575	0.1345
1.019	-0.03823	0.1381
1.017	-0.03526	0.1334
1.015	-0.03215	0.135
1.014	-0.03338	0.1368
1.014	-0.03391	0.138
1.013	-0.03634	0.1417
1.014	-0.03772	0.1353
1.016	-0.03566	0.1322
1.017	-0.03586	0.1335
1.016	-0.03468	0.1299
1.014	-0.03386	0.1316
1.012	-0.03622	0.1321
1.016	-0.03718	0.1321
1.017	-0.03698	0.1336
1.017	-0.03581	0.1283
1.018	-0.0348	0.1282
1.015	-0.03534	0.1345
1.013	-0.03549	0.1347
1.014	-0.03531	0.1302
1.014	-0.03521	0.1307
1.017	-0.03479	0.1386
1.018	-0.03468	0.1413
1.015	-0.03476	0.1378
1.015	-0.0349	0.1372
1.015	-0.0351	0.1364
1.014	-0.03462	0.1337
1.014	-0.03499	0.1321
1.014	-0.03571	0.1317
1.016	-0.03406	0.1313
1.019	-0.03312	0.1296
1.02	-0.03409	0.1262
1.017	-0.03596	0.1267
1.013	-0.03956	0.1364
1.012	-0.03894	0.1406
1.013	-0.03346	0.1328
1.014	-0.03144	0.1314
1.014	-0.03274	0.1355
1.013	-0.03564	0.1366
1.012	-0.03814	0.1389
1.014	-0.03675	0.1371
1.016	-0.0373	0.1337
1.019	-0.03846	0.135
1.02	-0.03584	0.1336
1.019	-0.03513	0.1274
1.017	-0.03427	0.1224
1.015	-0.03346	0.1259
1.014	-0.03531	0.1336
1.014	-0.0345	0.1373
1.015	-0.03249	0.1391
1.017	-0.03131	0.1387
1.014	-0.03169	0.1349
1.014	-0.03476	0.1321
1.015	-0.03781	0.1348
1.014	-0.0391	0.1361
1.016	-0.03697	0.1338
1.016	-0.03565	0.1356
1.014	-0.03645	0.1328
1.013	-0.03587	0.1284
1.013	-0.03661	0.1304
1.016	-0.03622	0.1319
1.016	-0.03399	0.1346
1.016	-0.03254	0.1358
1.016	-0.03254	0.1349
1.016	-0.03753	0.1356
1.018	-0.03939	0.1341
1.018	-0.03449	0.133
1.015	-0.03372	0.1311
1.013	-0.0349	0.13
1.013	-0.03438	0.1329
1.015	-0.0362	0.1331
1.016	-0.03599	0.1323
1.017	-0.0334	0.134
1.018	-0.03323	0.1358
1.016	-0.03337	0.1368
1.014	-0.03564	0.136
1.012	-0.03964	0.1336
1.014	-0.03852	0.1326
1.015	-0.03336	0.1337
1.014	-0.02877	0.1338
1.014	-0.03113	0.1346
1.016	-0.04071	0.1351
1.02	-0.0437	0.1307
1.021	-0.03742	0.1288
1.017	-0.03395	0.1305
1.016	-0.03426	0.1316
1.013	-0.03223	0.1343
1.01	-0.03149	0.1355
1.012	-0.03395	0.1364
1.014	-0.03641	0.1372
1.018	-0.03764	0.1329
1.018	-0.03477	0.1295
1.014	-0.03377	0.1306
1.014	-0.03733	0.1338
1.014	-0.03633	0.1372
1.014	-0.03327	0.1354
1.017	-0.03345	0.1341
1.016	-0.03602	0.1364
1.013	-0.03727	0.134
1.014	-0.03456	0.1328
1.016	-0.03362	0.1342
1.016	-0.03464	0.1333
1.018	-0.03607	0.1336
1.02	-0.0381	0.1301
1.019	-0.03745	0.1278
1.013	-0.03683	0.1325
1.009	-0.03485	0.1327
1.01	-0.03253	0.1319
1.014	-0.0355	0.1346
1.017	-0.03676	0.1363
1.017	-0.03534	0.1385
1.016	-0.03403	0.136
1.016	-0.03128	0.1316
1.016	-0.03262	0.1311
1.016	-0.03612	0.1307
1.015	-0.03705	0.1328
1.014	-0.03651	0.1355
1.015	-0.03454	0.1365
1.046	-0.1221	0.006455
1.009	-0.05155	0.1368
0.9952	0.008428	0.2125
0.9933	0.036	0.2257
1.012	0.05529	0.1876
1.017	0.05964	0.168
1.005	-0.0198	0.1344
1.01	-0.0948	0.1128
1.033	-0.1357	0.1039
1.041	-0.1431	0.08322
1.019	-0.108	0.07755
1.014	-0.09311	0.08912
1.017	-0.07053	0.1226
1.01	-0.03032	0.1378
1.016	0.02477	0.1374
1.017	0.07043	0.1528
1.011	0.05265	0.1513
1.016	0.03708	0.1445
1.021	0.01212	0.1382
1.023	-0.0381	0.1303
1.014	-0.0551	0.1379
1	-0.07023	0.1455
0.9992	-0.07755	0.1445
1.001	-0.0698	0.1286
1.003	-0.06483	0.1193
1.016	-0.05442	0.1292
1.033	-0.06046	0.1284
1.039	-0.06063	0.135
1.031	-0.04458	0.149
1.015	-0.03838	0.1498
1.003	-0.03567	0.1463
1.011	-0.03592	0.1313
1.017	-0.02315	0.1265
1.016	0.0009875	0.1337
1.017	0.01177	0.1278
1.013	0.01471	0.1327
1.009	0.004631	0.137
1.012	-0.01887	0.1279
1.016	-0.04034	0.1252
1.022	-0.05714	0.121
1.018	-0.06743	0.1244
1.016	-0.07351	0.1326
1.015	-0.07249	0.1362
1.003	-0.05693	0.1414
1.002	-0.03369	0.1341
1.009	-0.01865	0.1342
1.013	-0.02573	0.1436
1.027	-0.04283	0.1297
1.033	-0.04779	0.1233
1.025	-0.04203	0.1321
1.019	-0.03119	0.1308
1.016	-0.02	0.1382
1.011	-0.01895	0.1487
1.009	-0.02753	0.148
1.01	-0.03368	0.1445
1.013	-0.0323	0.1324
1.02	-0.02859	0.1243
1.023	-0.02491	0.1279
1.019	-0.02703	0.1287
1.008	-0.03754	0.1331
0.998	-0.04037	0.1395
1	-0.03737	0.1363
1.014	-0.05119	0.1296
1.026	-0.07092	0.1257
1.027	-0.06864	0.1216
1.027	-0.04632	0.1158
1.032	-0.01923	0.1161
1.022	-0.003705	0.131
0.9995	-0.00529	0.1528
0.9941	-0.009124	0.1593
1.011	-0.01547	0.1476
1.023	-0.02487	0.136
1.018	-0.03163	0.1322
1.008	-0.04642	0.1366
1.001	-0.05853	0.1343
1.013	-0.05749	0.1144
1.028	-0.05221	0.1076
1.027	-0.04049	0.1228
1.028	-0.03143	0.1313
1.02	-0.03375	0.1393
1.008	-0.0426	0.1549
1.013	-0.05376	0.1552
1.015	-0.06028	0.1466
1.016	-0.05792	0.146
1.013	-0.03739	0.1384
1.008	-0.005453	0.1248
1.016	0.014	0.1202
1.016	0.02053	0.1225
1.013	0.01505	0.1263
1.014	-0.01233	0.127
1.014	-0.05019	0.1287
1.019	-0.07239	0.1314
1.016	-0.07835	0.1332
1.007	-0.08025	0.1403
1.005	-0.068	0.1409
1.007	-0.04704	0.1307
1.016	-0.03525	0.1269
1.025	-0.02621	0.129
1.029	-0.01993	0.1277
1.03	-0.02113	0.1299
1.025	-0.02365	0.136
1.017	-0.02714	0.1376
1.012	-0.03073	0.1405
1.01	-0.03278	0.1428
1.008	-0.03541	0.1418
1.007	-0.03457	0.1415
1.009	-0.03123	0.1319
1.015	-0.03475	0.125
1.018	-0.03846	0.1332
1.013	-0.03452	0.1423
1.012	-0.03225	0.1411
1.017	-0.0323	0.1281
1.016	-0.03111	0.1235
1.014	-0.03212	0.1317
1.012	-0.0342	0.1327
1.011	-0.03779	0.1339
1.015	-0.04	0.1382
1.022	-0.03526	0.1315
1.026	-0.03314	0.1202
1.023	-0.04126	0.1211
1.017	-0.05015	0.1302
1.015	-0.05338	0.1332
1.017	-0.05462	0.1336
1.017	-0.05093	0.1362
1.011	-0.03647	0.137
1.01	-0.02153	0.1357
1.013	-0.0153	0.136
1.012	-0.01413	0.1392
1.006	-0.01449	0.1514
1.015	-0.03413	0.1298
1.027	-0.03199	0.1199
1.023	-0.02881	0.1286
1.003	-0.03385	0.1471
0.9991	-0.03532	0.1522
1.016	-0.03592	0.1403
1.028	-0.03812	0.1292
1.022	-0.03759	0.1264
1.011	-0.04597	0.132
1.003	-0.05308	0.131
1.013	-0.04871	0.1123
1.028	-0.04178	0.1066
1.026	-0.02989	0.1227
1.026	-0.02186	0.1319
1.018	-0.02606	0.1403
1.007	-0.03727	0.1562
1.011	-0.05094	0.1566
1.014	-0.05983	0.1479
1.015	-0.05951	0.1472
1.012	-0.04051	0.1393
1.008	-0.009575	0.1256
1.016	0.009437	0.1207
1.016	0.01602	0.1227
1.013	0.011	0.1263
1.015	-0.01561	0.1268
1.015	-0.05254	0.1285
1.02	-0.07374	0.1311
1.017	-0.07876	0.1328
1.008	-0.07982	0.1399
1.005	-0.06692	0.1406
1.007	-0.04551	0.1305
1.016	-0.03348	0.1268
1.025	-0.0244	0.129
1.029	-0.01825	0.1277
1.03	-0.0197	0.1299
1.024	-0.02256	0.1361
1.017	-0.02642	0.1377
1.012	-0.03038	0.1407
1.01	-0.03278	0.1429
1.008	-0.03568	0.1419
1.007	-0.03505	0.1416
1.009	-0.03184	0.132
1.015	-0.03541	0.1251
1.018	-0.0391	0.1332
1.013	-0.03509	0.1423
1.012	-0.03271	0.1411
1.017	-0.03263	0.1281
1.016	-0.0313	0.1235
1.014	-0.03218	0.1316
1.012	-0.03414	0.1326
1.011	-0.03764	0.1338
1.015	-0.0398	0.1382
1.022	-0.03502	0.1315
1.026	-0.0329	0.1202
1.023	-0.04104	0.1211
1.017	-0.04996	0.1303
1.015	-0.05323	0.1332
1.017	-0.05452	0.1336
1.017	-0.05089	0.1362
1.011	-0.03647	0.137
1.01	-0.02157	0.1357
1.013	-0.01537	0.136
1.012	-0.01422	0.1392
1.013	-0.01775	0.1402
1.011	-0.0226	0.1388
1.01	-0.02778	0.1352
1.015	-0.03629	0.1311
1.017	-0.0387	0.1347
1.017	-0.03752	0.1389
1.018	-0.04252	0.139
1.019	-0.04479	0.1358
1.021	-0.04379	0.1242
1.019	-0.04381	0.1195
1.015	-0.0433	0.1295
1.013	-0.05225	0.1368
1.014	-0.05768	0.1363
1.014	-0.03208	0.1322
1.013	-6.344e-05	0.1248
1.016	0.005168	0.1201
1.016	-0.004489	0.1291
1.012	-0.02014	0.1534
1.008	-0.03249	0.1652
1.011	-0.0418	0.148
1.018	-0.07423	0.1298
1.021	-0.08787	0.1238
1.02	-0.06206	0.1171
1.022	-0.052	0.109
1.021	-0.03781	0.1111
1.019	-0.01894	0.1265
1.019	-0.02267	0.1403
1.014	-0.01753	0.1472
1.006	-0.0197	0.15
1.005	-0.02654	0.1468
1.008	-0.02071	0.1466
1.01	-0.02527	0.1455
1.011	-0.02528	0.1341
1.014	-0.02777	0.1246
1.021	-0.03979	0.1219
1.025	-0.04305	0.1194
1.022	-0.04556	0.1226
1.016	-0.0452	0.1337
1.014	-0.0443	0.1383
1.016	-0.04361	0.1397
1.016	-0.04064	0.1431
1.012	-0.04044	0.1386
1.011	-0.0345	0.1362
1.014	-0.0307	0.1339
1.022	-0.0324	0.1185
1.025	-0.03208	0.1164
1.015	-0.03381	0.1353
1.007	-0.03486	0.1438
1.008	-0.03584	0.1395
1.009	-0.03598	0.1359
1.013	-0.03476	0.1326
1.018	-0.03522	0.1346
1.018	-0.03337	0.1366
1.018	-0.03058	0.1314
1.016	-0.02478	0.1294
1.016	-0.02257	0.1298
1.016	-0.03523	0.1317
1.015	-0.04536	0.1382
1.015	-0.04428	0.1393
1.017	-0.04264	0.1369
1.019	-0.04013	0.1315
1.017	-0.03849	0.1259
1.013	-0.0395	0.129
1.012	-0.03759	0.13
1.014	-0.03068	0.1424
1.012	-0.0279	0.1369
1.011	-0.02796	0.1317
1.015	-0.03321	0.1277
1.017	-0.03374	0.1324
1.017	-0.03169	0.1381
1.017	-0.03658	0.1398
1.018	-0.03927	0.1381
1.02	-0.03903	0.1274
1.018	-0.04003	0.1232
1.014	-0.04058	0.1333
1.012	-0.05057	0.1403
1.013	-0.05696	0.1392
1.013	-0.03218	0.1342
1.013	-0.0007974	0.126
1.016	0.003991	0.1204
1.017	-0.00592	0.1286
1.012	-0.02165	0.1523
1.009	-0.03393	0.1637
1.011	-0.04307	0.1463
1.019	-0.07525	0.1281
1.022	-0.08859	0.1222
1.021	-0.06249	0.1157
1.022	-0.05215	0.108
1.021	-0.03772	0.1105
1.019	-0.01867	0.1262
1.019	-0.02227	0.1403
1.014	-0.01708	0.1475
1.006	-0.01923	0.1505
1.005	-0.02611	0.1474
1.008	-0.02036	0.1473
1.01	-0.025	0.1461
1.011	-0.02511	0.1347
1.014	-0.02769	0.1251
1.021	-0.03981	0.1223
1.025	-0.04313	0.1195
1.022	-0.04569	0.1227
1.016	-0.04536	0.1336
1.014	-0.04447	0.1382
1.016	-0.04378	0.1395
1.016	-0.04079	0.1429
1.013	-0.04056	0.1384
1.011	-0.03458	0.136
1.014	-0.03075	0.1337
1.022	-0.03241	0.1183
1.025	-0.03206	0.1163
1.015	-0.03377	0.1353
1.007	-0.0348	0.1438
1.008	-0.03578	0.1395
1.009	-0.03592	0.136
1.013	-0.03471	0.1327
1.018	-0.03517	0.1347
1.018	-0.03334	0.1367
1.018	-0.03056	0.1315
1.016	-0.02477	0.1295
1.016	-0.02258	0.1299
1.016	-0.03525	0.1317
1.015	-0.04538	0.1382
1.015	-0.04431	0.1393
1.017	-0.04267	0.1368
1.019	-0.04015	0.1315
1.017	-0.03851	0.1259
1.013	-0.03952	0.1289
1.012	-0.0376	0.13
1.012	-0.03209	0.1312
1.013	-0.02846	0.1378
1.014	-0.02938	0.1403
1.016	-0.02935	0.1401
1.018	-0.02938	0.139
1.017	-0.03369	0.1356
1.014	-0.03795	0.1295
1.014	-0.04257	0.1271
1.016	-0.04454	0.131
1.016	-0.03937	0.1306
1.016	-0.0346	0.1303
1.018	-0.03257	0.1329
1.017	-0.02997	0.1336
1.013	-0.02705	0.1355
1.012	-0.02818	0.1354
1.014	-0.03481	0.137
1.017	-0.03998	0.1372
1.017	-0.04228	0.1293
1.016	-0.04178	0.1292
1.016	-0.0371	0.1392
1.015	-0.03378	0.1405
1.014	-0.03341	0.1311
1.014	-0.03431	0.1276
1.015	-0.03736	0.131
1.014	-0.03791	0.1317
1.015	-0.03347	0.1363
1.017	-0.03186	0.143
1.017	-0.02999	0.1422
1.013	-0.01802	0.1331
1.011	-0.01525	0.1226
1.012	-0.04224	0.1224
1.016	-0.06859	0.1226
1.026	-0.06919	0.1152
1.041	-0.07007	0.1073
1.031	-0.05998	0.1143
0.9899	-0.01658	0.1589
0.9682	0.0108	0.1973
0.9887	0.008069	0.1859
1.017	0.002455	0.1593
1.037	-0.0168	0.1298
1.044	-0.03761	0.1054
1.035	-0.04101	0.1053
1.028	-0.03922	0.1212
1.022	-0.03955	0.1343
1.013	-0.05349	0.1192
1.007	-0.06992	0.104
1.003	-0.06418	0.1095
1.004	-0.05701	0.1153
1.002	-0.05236	0.1465
1.002	-0.03522	0.1688
1.017	-0.02795	0.1491
1.031	-0.02813	0.1381
1.032	-0.02108	0.1331
1.019	-0.01945	0.1311
1.007	-0.0225	0.1412
1.008	-0.02694	0.1417
1.011	-0.0303	0.1392
1.017	-0.02964	0.1326
1.019	-0.0287	0.1272
1.015	-0.0256	0.1331
1.014	-0.02645	0.1321
1.015	-0.02925	0.1295
1.017	-0.02788	0.1314
1.019	-0.03478	0.1306
1.016	-0.06131	0.1377
1.015	-0.05062	0.1372
1.016	-0.04619	0.1356
1.017	-0.04178	0.1336
1.017	-0.03799	0.1323
1.016	-0.03886	0.13
1.013	-0.04003	0.1256
1.012	-0.04199	0.1251
1.014	-0.04178	0.1308
1.015	-0.035	0.1319
1.015	-0.02921	0.1328
1.017	-0.02676	0.1361
1.017	-0.02425	0.1371
1.013	-0.02188	0.1388
1.012	-0.0239	0.1383
1.015	-0.03161	0.1393
1.017	-0.03796	0.1387
1.017	-0.04141	0.13
1.017	-0.04193	0.1293
1.017	-0.0381	0.1386
1.016	-0.03538	0.1395
1.015	-0.03538	0.1298
1.015	-0.03643	0.1262
1.015	-0.03941	0.1296
1.014	-0.03972	0.1305
1.015	-0.03493	0.1353
1.017	-0.03292	0.1423
1.016	-0.03061	0.1418
1.013	-0.01824	0.133
1.011	-0.0151	0.1227
1.012	-0.04182	0.1227
1.016	-0.06798	0.1231
1.026	-0.06847	0.1158
1.041	-0.06934	0.1078
1.031	-0.05929	0.1148
0.9899	-0.016	0.1593
0.9683	0.01125	0.1976
0.9888	0.008363	0.1861
1.017	0.002597	0.1594
1.037	-0.01679	0.1298
1.044	-0.03772	0.1054
1.035	-0.0412	0.1052
1.028	-0.03947	0.121
1.022	-0.03982	0.1341
1.013	-0.05375	0.119
1.007	-0.07016	0.1039
1.003	-0.06437	0.1094
1.004	-0.05715	0.1152
1.002	-0.05244	0.1464
1.002	-0.03524	0.1688
1.017	-0.02792	0.1491
1.031	-0.02807	0.1382
1.032	-0.021	0.1332
1.019	-0.01935	0.1311
1.007	-0.0224	0.1412
1.008	-0.02685	0.1417
1.011	-0.03022	0.1392
1.017	-0.02958	0.1327
1.019	-0.02866	0.1272
1.015	-0.02558	0.1331
1.014	-0.02645	0.1321
1.015	-0.02926	0.1295
1.017	-0.0279	0.1314
1.019	-0.03482	0.1306
1.014	-0.04722	0.1325
1.012	-0.05012	0.1384
1.016	-0.04745	0.1442
1.022	-0.05083	0.1399
1.026	-0.05474	0.1239
1.022	-0.05041	0.1155
1.01	-0.04833	0.1237
1.002	-0.04417	0.1425
1.003	-0.02575	0.1545
1.009	-0.0138	0.1346
1.015	-0.01759	0.1028
1.016	-0.0229	0.1072
1.018	-0.02897	0.1383
1.023	-0.03135	0.1513
1.025	-0.02882	0.1436
1.022	-0.03046	0.1458
1.021	-0.03161	0.1468
1.017	-0.03293	0.132
1.011	-0.03629	0.1279
1.004	-0.03407	0.1326
0.9983	-0.03268	0.1408
1.007	-0.03837	0.147
1.022	-0.04811	0.1334
1.025	-0.05688	0.1254
1.024	-0.05552	0.1256
1.019	-0.04443	0.1268
1.013	-0.03243	0.1361
1.017	-0.02542	0.1306
1.016	-0.02999	0.1194
1.012	-0.04228	0.1207
1.013	-0.04325	0.1255
1.012	-0.03635	0.1294
1.013	-0.03521	0.1323
1.015	-0.02839	0.1379
1.014	-0.01444	0.1426
1.016	-0.001173	0.1472
1.015	-0.0007575	0.1497
1.015	-0.02668	0.1443
1.018	-0.05036	0.1403
1.018	-0.05267	0.1349
1.017	-0.04632	0.1312
1.015	-0.03916	0.1297
1.015	-0.04386	0.1232
1.017	-0.04862	0.1236
1.018	-0.04483	0.1274
1.015	-0.04665	0.1334
1.012	-0.04452	0.1422
1.012	-0.03983	0.1402
1.013	-0.03859	0.1329
1.014	-0.03353	0.126
1.015	-0.03046	0.1246
1.015	-0.03101	0.127
1.016	-0.03188	0.1271
1.016	-0.02921	0.1344
1.016	-0.02736	0.1402
1.016	-0.02671	0.1386
1.016	-0.01832	0.1391
1.015	-0.01972	0.1393
1.015	-0.03186	0.1389
1.016	-0.03569	0.1358
1.017	-0.03904	0.1336
1.016	-0.04518	0.1349
1.016	-0.04712	0.1322
1.016	-0.04431	0.1305
1.012	-0.02463	0.1216
1.01	-0.03664	0.1328
1.014	-0.03925	0.1422
1.021	-0.04552	0.1405
1.026	-0.05098	0.126
1.022	-0.04756	0.1182
1.011	-0.04613	0.1266
1.003	-0.04259	0.145
1.004	-0.02486	0.1564
1.01	-0.01363	0.1358
1.016	-0.01815	0.1034
1.018	-0.02412	0.1072
1.019	-0.03072	0.1378
1.024	-0.03346	0.1504
1.025	-0.0311	0.1425
1.022	-0.03272	0.1447
1.021	-0.03367	0.1457
1.016	-0.03465	0.131
1.01	-0.03758	0.1272
1.004	-0.03489	0.1321
0.9977	-0.03304	0.1406
1.006	-0.0383	0.147
1.021	-0.04768	0.1336
1.024	-0.05619	0.1257
1.024	-0.05466	0.126
1.019	-0.04351	0.1272
1.013	-0.03153	0.1365
1.017	-0.02461	0.131
1.017	-0.02933	0.1197
1.013	-0.0418	0.121
1.013	-0.04295	0.1256
1.012	-0.03623	0.1295
1.013	-0.03524	0.1322
1.015	-0.02855	0.1378
1.014	-0.01469	0.1424
1.016	-0.001474	0.147
1.015	-0.001074	0.1495
1.015	-0.02698	0.1442
1.017	-0.05062	0.1402
1.018	-0.05287	0.1348
1.017	-0.04646	0.1312
1.015	-0.03924	0.1296
1.015	-0.04387	0.1232
1.017	-0.04858	0.1236
1.018	-0.04475	0.1275
1.015	-0.04655	0.1335
1.012	-0.04441	0.1422
1.012	-0.03971	0.1403
1.013	-0.03849	0.1329
1.014	-0.03345	0.1261
1.015	-0.03039	0.1246
1.015	-0.03097	0.127
1.016	-0.03187	0.1271
1.016	-0.02922	0.1344
1.016	-0.02738	0.1402
1.016	-0.02674	0.1386
1.016	-0.01836	0.1391
1.015	-0.01976	0.1393
1.015	-0.0319	0.1388
1.016	-0.03573	0.1358
1.017	-0.03907	0.1336
1.016	-0.0452	0.1349
1.016	-0.04713	0.1322
1.016	-0.04431	0.1306
1.016	-0.04044	0.1306
1.014	-0.03896	0.1307
1.009	-0.03685	0.1318
1.01	-0.03447	0.1298
1.015	-0.03459	0.1297
1.018	-0.03549	0.1314
1.017	-0.03626	0.1312
1.017	-0.03783	0.1326
1.018	-0.03734	0.1342
1.018	-0.03483	0.1368
1.016	-0.03345	0.1398
1.014	-0.02851	0.1414
1.012	-0.02197	0.1423
1.013	-0.02203	0.1342
1.015	-0.03035	0.1237
1.017	-0.04272	0.1239
1.019	-0.04706	0.1218
1.018	-0.04423	0.1225
1.017	-0.04402	0.139
1.015	-0.0415	0.1452
1.013	-0.03671	0.1388
1.013	-0.03413	0.1429
1.012	-0.03156	0.1431
1.012	-0.03161	0.1356
1.014	-0.03206	0.1351
1.016	-0.03131	0.1347
1.02	-0.03643	0.1322
1.019	-0.03583	0.129
1.017	-0.01992	0.1268
1.015	-0.01372	0.1295
1.011	-0.02704	0.1275
1.011	-0.04047	0.1231
1.018	-0.05148	0.1245
1.02	-0.05612	0.1307
1.01	-0.04652	0.1433
1.007	-0.03715	0.1469
1.015	-0.03299	0.1374
1.021	-0.03205	0.1325
1.025	-0.03727	0.1275
1.024	-0.04186	0.1229
1.017	-0.04344	0.1332
1.011	-0.0382	0.1432
1.011	-0.02638	0.1411
1.013	-0.01944	0.1417
1.013	-0.02015	0.1403
1.011	-0.02789	0.1344
1.01	-0.03382	0.1335
1.013	-0.03455	0.1295
1.017	-0.04071	0.1269
1.019	-0.04521	0.1288
1.018	-0.04299	0.1261
1.017	-0.0388	0.1261
1.017	-0.03335	0.1312
1.016	-0.03276	0.141
1.014	-0.03234	0.1452
1.015	-0.03095	0.1343
1.015	-0.03427	0.1307
1.018	-0.03699	0.1337
1.019	-0.04306	0.1307
1.014	-0.04521	0.1346
1.012	-0.03732	0.1354
1.015	-0.03494	0.1257
1.014	-0.0337	0.1232
1.015	-0.0328	0.1296
1.018	-0.04474	0.1471
1.016	-0.03064	0.1419
1.011	-0.02361	0.1391
1.011	-0.02142	0.1341
1.016	-0.02474	0.1318
1.018	-0.03022	0.1317
1.017	-0.03576	0.1302
1.016	-0.0415	0.1307
1.017	-0.04412	0.1318
1.017	-0.04345	0.1341
1.015	-0.04266	0.1371
1.013	-0.03722	0.139
1.011	-0.02933	0.1402
1.012	-0.0275	0.1326
1.015	-0.03367	0.1227
1.017	-0.04389	0.1233
1.019	-0.0463	0.1217
1.019	-0.04191	0.1228
1.018	-0.04061	0.1396
1.015	-0.03748	0.146
1.013	-0.03255	0.1397
1.014	-0.03023	0.1438
1.012	-0.02822	0.144
1.012	-0.02906	0.1363
1.014	-0.03039	0.1356
1.016	-0.03052	0.135
1.019	-0.03645	0.1324
1.019	-0.03652	0.129
1.017	-0.02111	0.1266
1.015	-0.01521	0.1293
1.011	-0.02866	0.1272
1.011	-0.04205	0.1228
1.018	-0.05289	0.1242
1.02	-0.05726	0.1304
1.01	-0.04734	0.143
1.007	-0.03763	0.1467
1.015	-0.03315	0.1373
1.021	-0.03193	0.1325
1.025	-0.03693	0.1275
1.024	-0.04137	0.1229
1.017	-0.04286	0.1333
1.011	-0.03761	0.1433
1.011	-0.02583	0.1413
1.013	-0.01897	0.1418
1.013	-0.01979	0.1404
1.011	-0.02766	0.1344
1.01	-0.0337	0.1336
1.013	-0.03454	0.1295
1.017	-0.0408	0.1269
1.019	-0.04537	0.1288
1.018	-0.04319	0.126
1.017	-0.03901	0.1261
1.017	-0.03356	0.1312
1.016	-0.03295	0.1409
1.014	-0.0325	0.1452
1.015	-0.03106	0.1342
1.015	-0.03433	0.1307
1.018	-0.03701	0.1337
1.019	-0.04304	0.1307
1.014	-0.04516	0.1346
1.012	-0.03726	0.1354
1.015	-0.03486	0.1257
1.014	-0.03362	0.1232
1.015	-0.03273	0.1296
1.016	-0.03705	0.1387
1.015	-0.0336	0.1422
1.014	-0.02581	0.1394
1.016	-0.02499	0.1418
1.018	-0.03007	0.1432
1.017	-0.03317	0.1373
1.013	-0.0341	0.1312
1.012	-0.03819	0.1284
1.015	-0.0391	0.1287
1.015	-0.03873	0.1249
1.015	-0.03853	0.1223
1.016	-0.03643	0.1284
1.015	-0.04131	0.1322
1.014	-0.04478	0.1377
1.017	-0.04017	0.1401
1.021	-0.03641	0.1337
1.024	-0.03393	0.1358
1.018	-0.03381	0.1334
1.003	-0.03197	0.1216
0.9958	-0.02312	0.1269
1.008	-0.02075	0.1479
1.032	-0.02891	0.159
1.036	-0.02995	0.145
1.014	-0.03262	0.1299
1.008	-0.05265	0.1283
1.021	-0.06081	0.1256
1.021	-0.04822	0.1266
1.013	-0.03629	0.1275
1.006	-0.02769	0.1285
1	-0.03329	0.135
1.007	-0.04275	0.1343
1.017	-0.03757	0.127
1.019	-0.02745	0.1108
1.015	-0.008919	0.114
1.011	-0.0001633	0.1583
1.02	-0.01187	0.1778
1.027	-0.02703	0.1516
1.025	-0.05312	0.1341
1.023	-0.0629	0.1279
1.02	-0.05403	0.1188
1.018	-0.06332	0.1176
1.011	-0.06376	0.1217
1.005	-0.05556	0.1346
1.009	-0.04956	0.1435
1.01	-0.02291	0.1293
1.012	-0.00259	0.1268
1.012	0.0007045	0.1362
1.01	-0.002594	0.1311
1.016	-0.02081	0.1304
1.018	-0.03663	0.1336
1.018	-0.04286	0.1386
1.02	-0.04383	0.1458
1.018	-0.03996	0.1402
1.018	-0.04133	0.136
1.017	-0.04299	0.1355
1.015	-0.04133	0.1347
1.016	-0.0418	0.136
1.016	-0.04171	0.1273
1.015	-0.04056	0.1244
1.014	-0.03848	0.1317
1.016	-0.03446	0.1331
1.018	-0.03247	0.1348
1.016	-0.03452	0.1324
1.013	-0.03579	0.1281
1.01	-0.03754	0.1229
1.011	-0.03486	0.1326
1.013	-0.02686	0.1348
1.016	-0.02535	0.141
1.019	-0.02958	0.1449
1.019	-0.03191	0.1407
1.015	-0.0323	0.1355
1.013	-0.03611	0.1327
1.016	-0.03703	0.1326
1.016	-0.03688	0.128
1.015	-0.0371	0.1245
1.016	-0.03551	0.1296
1.015	-0.04092	0.1325
1.014	-0.04491	0.1372
1.016	-0.04073	0.139
1.02	-0.03729	0.1322
1.024	-0.035	0.1341
1.017	-0.03496	0.1317
1.003	-0.03308	0.1201
0.9954	-0.02409	0.1257
1.007	-0.02153	0.1471
1.032	-0.02946	0.1585
1.036	-0.03026	0.1448
1.014	-0.0327	0.13
1.008	-0.05253	0.1286
1.022	-0.06053	0.1261
1.021	-0.04783	0.1272
1.013	-0.03585	0.1281
1.006	-0.02724	0.1291
1.001	-0.03288	0.1355
1.007	-0.0424	0.1346
1.017	-0.03731	0.1272
1.019	-0.02727	0.1109
1.015	-0.008839	0.114
1.011	-0.0001655	0.1582
1.02	-0.01194	0.1776
1.027	-0.02715	0.1514
1.025	-0.05327	0.1339
1.022	-0.06306	0.1276
1.02	-0.05419	0.1186
1.018	-0.06345	0.1174
1.011	-0.06387	0.1216
1.005	-0.05564	0.1345
1.009	-0.04961	0.1434
1.01	-0.02292	0.1293
1.012	-0.002576	0.1268
1.012	0.00074	0.1363
1.01	-0.002544	0.1312
1.016	-0.02075	0.1305
1.018	-0.03657	0.1336
1.018	-0.04281	0.1387
1.02	-0.04379	0.1459
1.018	-0.03992	0.1402
1.018	-0.0413	0.136
1.017	-0.04298	0.1355
1.015	-0.04133	0.1347
1.016	-0.04181	0.136
1.016	-0.04172	0.1273
1.015	-0.04058	0.1243
1.014	-0.0385	0.1316
1.016	-0.03448	0.1331
1.018	-0.03249	0.1348
1.016	-0.03453	0.1323
1.013	-0.0358	0.1281
1.011	-0.03714	0.1303
1.012	-0.03923	0.1308
1.012	-0.02963	0.1332
1.012	-0.01358	0.1362
1.014	-0.01639	0.1348
1.018	-0.0362	0.1361
1.022	-0.0469	0.1387
1.021	-0.04297	0.1388
1.017	-0.03822	0.1363
1.015	-0.03651	0.1317
1.014	-0.03931	0.1297
1.015	-0.0425	0.1318
1.014	-0.03719	0.1369
1.013	-0.03389	0.1379
1.015	-0.03189	0.1317
1.014	-0.02663	0.1295
1.014	-0.03107	0.1312
1.017	-0.03765	0.1296
1.018	-0.03851	0.1312
1.016	-0.03553	0.1344
1.014	-0.03202	0.1346
1.014	-0.03569	0.1355
1.015	-0.037	0.1341
1.015	-0.03701	0.132
1.016	-0.03844	0.1329
1.016	-0.03376	0.1336
1.015	-0.03378	0.135
1.014	-0.03698	0.1359
1.015	-0.03656	0.1348
1.015	-0.03658	0.1342
1.014	-0.0367	0.1328
1.015	-0.03633	0.1329
1.016	-0.03222	0.137
1.018	-0.0307	0.1372
1.018	-0.03292	0.1306
1.015	-0.0319	0.1283
1.014	-0.03413	0.1325
1.014	-0.03681	0.1322
1.015	-0.03723	0.1318
1.016	-0.03958	0.1359
1.015	-0.03865	0.1354
1.016	-0.03574	0.132
1.017	-0.03324	0.1308
1.015	-0.03225	0.1312
1.014	-0.03657	0.1316
1.014	-0.03859	0.1334
1.012	-0.03482	0.1403
1.011	-0.03278	0.142
1.015	-0.03352	0.1331
1.018	-0.03765	0.129
1.018	-0.04256	0.1309
1.018	-0.03843	0.131
1.018	-0.02992	0.1338
1.016	-0.02725	0.1365
1.015	-0.02782	0.1343
1.013	-0.03038	0.1338
1.015	-0.03658	0.1342
1.018	-0.04041	0.1341
1.017	-0.03984	0.1362
1.015	-0.04042	0.1349
1.014	-0.03878	0.129
1.015	-0.03538	0.1252
1.014	-0.03557	0.1275
1.01	-0.03325	0.134
1.015	-0.0332	0.1425
1.015	-0.04269	0.1365
1.015	-0.03635	0.1344
1.013	-0.02077	0.1345
1.015	-0.02236	0.1316
1.019	-0.0401	0.1324
1.021	-0.04848	0.1351
1.02	-0.04244	0.1358
1.016	-0.03601	0.134
1.014	-0.03318	0.1304
1.013	-0.03545	0.1292
1.014	-0.03864	0.1321
1.013	-0.03375	0.1377
1.013	-0.03117	0.1391
1.015	-0.03007	0.133
1.014	-0.02574	0.1308
1.015	-0.03105	0.1324
1.018	-0.03837	0.1306
1.018	-0.03978	0.1319
1.016	-0.03714	0.1348
1.014	-0.03377	0.1347
1.014	-0.03738	0.1354
1.015	-0.03849	0.1338
1.015	-0.03821	0.1315
1.016	-0.03927	0.1324
1.016	-0.03421	0.1331
1.015	-0.03388	0.1345
1.014	-0.03676	0.1355
1.015	-0.03611	0.1345
1.015	-0.03597	0.134
1.014	-0.03601	0.1327
1.015	-0.03564	0.133
1.016	-0.03158	0.1371
1.018	-0.03017	0.1373
1.018	-0.03252	0.1308
1.015	-0.03165	0.1285
1.014	-0.03402	0.1327
1.014	-0.03682	0.1323
1.015	-0.03735	0.1319
1.016	-0.03977	0.136
1.016	-0.03889	0.1355
1.016	-0.03599	0.132
1.017	-0.03349	0.1308
1.015	-0.03247	0.1311
1.014	-0.03674	0.1315
1.014	-0.03871	0.1334
1.012	-0.03489	0.1402
1.011	-0.03279	0.1419
1.015	-0.03349	0.1331
1.018	-0.0376	0.1289
1.018	-0.04248	0.1309
1.018	-0.03834	0.131
1.018	-0.02983	0.1338
1.016	-0.02717	0.1366
1.015	-0.02775	0.1343
1.013	-0.03032	0.1338
1.015	-0.03655	0.1343
1.018	-0.0404	0.1341
1.017	-0.03984	0.1362
1.015	-0.04044	0.135
1.014	-0.0388	0.129
1.015	-0.03541	0.1252
1.014	-0.0356	0.1275
1.01	-0.03328	0.134
1.01	-0.03268	0.1381
1.015	-0.03647	0.1372
1.018	-0.03646	0.1364
1.019	-0.03682	0.1369
1.02	-0.03626	0.1346
1.018	-0.03413	0.1335
1.014	-0.03491	0.134
1.014	-0.03186	0.133
1.014	-0.02835	0.1349
1.013	-0.03014	0.1349
1.014	-0.0344	0.1303
1.014	-0.04173	0.1279
1.014	-0.04278	0.1276
1.015	-0.0328	0.1311
1.014	-0.03067	0.1393
1.016	-0.03984	0.1422
1.018	-0.04046	0.1353
1.017	-0.03417	0.1306
1.015	-0.03319	0.131
1.014	-0.03359	0.1301
1.016	-0.03559	0.1318
1.017	-0.03828	0.1327
1.015	-0.03605	0.1288
1.015	-0.03567	0.1301
1.015	-0.03619	0.1376
1.015	-0.03229	0.1405
1.015	-0.03044	0.1375
1.014	-0.02977	0.1374
1.014	-0.0316	0.1374
1.015	-0.04098	0.1343
1.016	-0.04638	0.1338
1.016	-0.04085	0.1333
1.017	-0.03224	0.134
1.016	-0.02814	0.1342
1.012	-0.03126	0.1268
1.012	-0.03533	0.1219
1.016	-0.03512	0.1236
1.018	-0.03264	0.1284
1.016	-0.033	0.1389
1.016	-0.04076	0.1447
1.016	-0.04349	0.139
1.016	-0.03595	0.1341
1.016	-0.03472	0.1343
1.016	-0.03633	0.1343
1.016	-0.0349	0.1352
1.016	-0.03677	0.1349
1.013	-0.03328	0.1337
1.011	-0.02706	0.1331
1.013	-0.02933	0.1316
1.015	-0.03425	0.1326
1.017	-0.03684	0.1319
1.016	-0.03734	0.1298
1.016	-0.0383	0.13
1.016	-0.0393	0.1288
1.015	-0.03698	0.1337
1.016	-0.03508	0.1394
1.015	-0.03469	0.1385
1.015	-0.03584	0.1388
1.017	-0.03809	0.1342
1.018	-0.03657	0.1299
1.016	-0.03265	0.1342
1.014	-0.02976	0.1353
1.014	-0.03131	0.1332
1.013	-0.0365	0.1315
1.01	-0.03425	0.1318
1.014	-0.03855	0.1309
1.017	-0.03859	0.1311
1.018	-0.03871	0.1332
1.019	-0.03774	0.1326
1.018	-0.03513	0.1331
1.014	-0.03543	0.1349
1.014	-0.03197	0.1348
1.015	-0.02813	0.1373
1.014	-0.02967	0.1374
1.015	-0.0338	0.1327
1.015	-0.04108	0.13
1.015	-0.04217	0.1291
1.015	-0.03228	0.132
1.015	-0.03026	0.1397
1.016	-0.03958	0.142
1.018	-0.04034	0.1347
1.017	-0.03417	0.1297
1.015	-0.0333	0.1299
1.013	-0.03378	0.129
1.016	-0.03582	0.1308
1.017	-0.03852	0.1319
1.015	-0.03629	0.1282
1.015	-0.03587	0.1296
1.015	-0.03635	0.1374
1.015	-0.0324	0.1405
1.015	-0.03049	0.1377
1.014	-0.02977	0.1377
1.014	-0.03156	0.1378
1.015	-0.04091	0.1348
1.016	-0.04629	0.1343
1.016	-0.04075	0.1337
1.018	-0.03215	0.1343
1.016	-0.02805	0.1344
1.012	-0.03119	0.127
1.012	-0.03528	0.1219
1.016	-0.03509	0.1236
1.018	-0.03262	0.1283
1.016	-0.03301	0.1387
1.015	-0.04078	0.1446
1.016	-0.04352	0.1388
1.016	-0.03598	0.134
1.016	-0.03475	0.1342
1.016	-0.03636	0.1342
1.016	-0.03493	0.1352
1.016	-0.03679	0.1349
1.013	-0.03329	0.1337
1.011	-0.02707	0.1331
1.013	-0.02933	0.1317
1.015	-0.03425	0.1327
1.017	-0.03684	0.1319
1.016	-0.03732	0.1299
1.016	-0.03829	0.13
1.016	-0.03929	0.1288
1.015	-0.03697	0.1338
1.016	-0.03507	0.1394
1.015	-0.03468	0.1385
1.015	-0.03584	0.1388
1.017	-0.03809	0.1342
1.018	-0.03657	0.1298
1.016	-0.03265	0.1342
1.014	-0.02976	0.1353
1.014	-0.03131	0.1332
1.013	-0.03651	0.1315
1.013	-0.03853	0.1299
1.013	-0.03823	0.1312
1.014	-0.03745	0.1319
1.017	-0.03591	0.1331
1.018	-0.03406	0.1355
1.017	-0.0302	0.1352
1.016	-0.03079	0.134
1.016	-0.03967	0.1346
1.014	-0.0418	0.1357
1.013	-0.03189	0.1344
1.015	-0.02843	0.1312
1.019	-0.0339	0.1299
1.021	-0.03633	0.1331
1.016	-0.03791	0.1362
1.014	-0.03749	0.1347
1.015	-0.0355	0.1328
1.013	-0.03712	0.1321
1.012	-0.03633	0.1336
1.013	-0.03551	0.1353
1.016	-0.03786	0.1342
1.017	-0.03803	0.1352
1.016	-0.0366	0.1347
1.014	-0.03335	0.1315
1.013	-0.03124	0.1324
1.016	-0.03235	0.1342
1.017	-0.03248	0.1346
1.016	-0.03243	0.1318
1.017	-0.03277	0.1303
1.015	-0.03331	0.1338
1.014	-0.03406	0.1338
1.016	-0.03577	0.1323
1.017	-0.04167	0.1317
1.018	-0.04465	0.1321
1.016	-0.03908	0.1349
1.013	-0.03443	0.1347
1.014	-0.03292	0.1356
1.013	-0.03022	0.1386
1.014	-0.03256	0.1363
1.016	-0.04005	0.1317
1.017	-0.04161	0.129
1.016	-0.03599	0.1311
1.015	-0.03057	0.1335
1.014	-0.02817	0.1322
1.016	-0.02859	0.1343
1.017	-0.0331	0.1368
1.017	-0.03808	0.1364
1.013	-0.03959	0.1348
1.012	-0.0398	0.133
1.015	-0.03831	0.1326
1.015	-0.03558	0.1315
1.015	-0.03138	0.1319
1.016	-0.02944	0.1342
1.017	-0.0372	0.1332
1.017	-0.04091	0.1298
1.017	-0.03679	0.1285
1.017	-0.03733	0.1331
1.016	-0.03468	0.136
1.014	-0.03204	0.1351
1.012	-0.03517	0.1377
1.013	-0.0346	0.1365
1.013	-0.03461	0.1337
1.015	-0.03379	0.1346
1.017	-0.03161	0.1328
1.015	-0.03478	0.1347
1.011	-0.03032	0.1391
1.013	-0.03681	0.1328
1.016	-0.03996	0.1293
1.019	-0.04024	0.1286
1.02	-0.03871	0.1308
1.018	-0.03421	0.1312
1.017	-0.03362	0.1312
1.016	-0.04112	0.1332
1.013	-0.04193	0.1355
1.012	-0.03091	0.1353
1.014	-0.02665	0.1328
1.017	-0.03165	0.1319
1.019	-0.03394	0.1352
1.015	-0.03567	0.1381
1.014	-0.0356	0.1363
1.015	-0.03409	0.1339
1.013	-0.03626	0.1327
1.012	-0.03602	0.1337
1.013	-0.03569	0.135
1.016	-0.03843	0.1336
1.018	-0.03888	0.1344
1.016	-0.03761	0.1337
1.015	-0.0344	0.1306
1.014	-0.03222	0.1316
1.016	-0.03319	0.1335
1.017	-0.03312	0.1341
1.016	-0.03286	0.1315
1.017	-0.03298	0.1303
1.015	-0.03331	0.1339
1.014	-0.0339	0.1341
1.016	-0.03548	0.1326
1.017	-0.0413	0.1321
1.018	-0.04425	0.1325
1.016	-0.03869	0.1353
1.013	-0.03407	0.135
1.014	-0.03264	0.1358
1.013	-0.03001	0.1388
1.014	-0.03244	0.1364
1.016	-0.04001	0.1317
1.017	-0.04164	0.1289
1.016	-0.03607	0.131
1.015	-0.03069	0.1334
1.014	-0.02831	0.1321
1.016	-0.02874	0.1341
1.017	-0.03324	0.1367
1.017	-0.0382	0.1363
1.013	-0.03968	0.1347
1.012	-0.03986	0.133
1.015	-0.03834	0.1326
1.015	-0.03559	0.1316
1.015	-0.03135	0.132
1.016	-0.0294	0.1343
1.017	-0.03715	0.1332
1.017	-0.04085	0.1298
1.017	-0.03674	0.1286
1.017	-0.03728	0.1332
1.016	-0.03465	0.136
1.014	-0.03201	0.1351
1.012	-0.03515	0.1377
1.013	-0.0346	0.1365
1.013	-0.03462	0.1337
1.015	-0.0338	0.1346
1.017	-0.03163	0.1328
1.015	-0.0348	0.1347
1.012	-0.03404	0.1373
1.011	-0.03225	0.134
1.015	-0.03753	0.1311
1.021	-0.04273	0.128
1.02	-0.04286	0.1276
1.018	-0.0357	0.1318
1.016	-0.02973	0.135
1.015	-0.03278	0.1355
1.016	-0.03912	0.1305
1.015	-0.04157	0.1291
1.012	-0.03301	0.1368
1.009	-0.02466	0.1398
1.01	-0.02878	0.1382
1.018	-0.0359	0.1376
1.022	-0.04068	0.1336
1.02	-0.03981	0.1313
1.016	-0.03747	0.1336
1.013	-0.03836	0.1345
1.013	-0.03683	0.1332
1.014	-0.03668	0.1306
1.014	-0.03271	0.1274
1.014	-0.02765	0.13
1.013	-0.02961	0.1362
1.014	-0.0291	0.1375
1.017	-0.03609	0.1326
1.018	-0.04326	0.1303
1.017	-0.03658	0.1341
1.015	-0.03485	0.1336
1.014	-0.03534	0.1315
1.017	-0.03613	0.1341
1.018	-0.04024	0.1358
1.015	-0.03742	0.1369
1.014	-0.03499	0.1341
1.014	-0.03109	0.1315
1.013	-0.02901	0.1331
1.015	-0.0383	0.132
1.016	-0.04167	0.1343
1.014	-0.03746	0.1371
1.014	-0.03451	0.135
1.016	-0.03203	0.1359
1.017	-0.03412	0.1333
1.016	-0.03473	0.1295
1.016	-0.0327	0.1312
1.017	-0.03607	0.1328
1.017	-0.03822	0.1348
1.017	-0.03629	0.1353
1.013	-0.03561	0.1341
1.011	-0.03442	0.1336
1.014	-0.03233	0.1329
1.015	-0.03229	0.133
1.016	-0.0352	0.1305
1.017	-0.03694	0.1295
1.016	-0.03517	0.1339
1.014	-0.03452	0.1344
1.014	-0.03221	0.1332
1.015	-0.03061	0.1346
1.014	-0.03837	0.1354
1.013	-0.04403	0.1359
1.017	-0.04237	0.1348
1.021	-0.0413	0.1344
1.021	-0.03643	0.1352
1.019	-0.03101	0.1344
1.012	-0.03078	0.1339
1.008	-0.02993	0.1328
1.016	-0.03008	0.1276
1.011	-0.02851	0.1313
1.013	-0.03443	0.1327
1.018	-0.04055	0.1317
1.017	-0.04167	0.1319
1.015	-0.03547	0.1356
1.014	-0.03032	0.1379
1.014	-0.03399	0.1373
1.016	-0.04073	0.1311
1.016	-0.04336	0.1287
1.013	-0.03478	0.1357
1.011	-0.02624	0.1381
1.012	-0.03004	0.1364
1.019	-0.0368	0.1358
1.024	-0.04117	0.1321
1.021	-0.03993	0.13
1.017	-0.03726	0.1328
1.014	-0.0379	0.1341
1.013	-0.03619	0.1333
1.014	-0.03596	0.131
1.013	-0.03198	0.128
1.013	-0.02698	0.1308
1.013	-0.02905	0.137
1.014	-0.02868	0.1383
1.016	-0.03582	0.1332
1.018	-0.04315	0.1308
1.017	-0.0366	0.1345
1.014	-0.03498	0.1338
1.013	-0.03554	0.1316
1.017	-0.03639	0.134
1.018	-0.04051	0.1356
1.015	-0.03768	0.1366
1.014	-0.03522	0.1338
1.014	-0.03127	0.1312
1.014	-0.02914	0.1328
1.015	-0.03838	0.1317
1.016	-0.04168	0.1342
1.014	-0.03743	0.137
1.014	-0.03445	0.1349
1.016	-0.03194	0.1359
1.017	-0.03403	0.1334
1.016	-0.03463	0.1296
1.016	-0.03261	0.1313
1.017	-0.03599	0.1329
1.017	-0.03816	0.1349
1.017	-0.03626	0.1354
1.013	-0.0356	0.1341
1.011	-0.03443	0.1336
1.014	-0.03235	0.1329
1.015	-0.03232	0.133
1.016	-0.03524	0.1305
1.017	-0.03698	0.1294
1.016	-0.03521	0.1339
1.014	-0.03455	0.1344
1.014	-0.03224	0.1332
1.015	-0.03063	0.1345
1.014	-0.03838	0.1354
1.013	-0.04403	0.1358
1.017	-0.04237	0.1348
1.021	-0.04129	0.1344
1.021	-0.03642	0.1352
1.019	-0.03099	0.1344
1.012	-0.03077	0.1339
1.008	-0.02992	0.1328
1.014	-0.03046	0.1312
1.015	-0.03234	0.1308
1.013	-0.03188	0.1301
1.016	-0.03397	0.1308
1.017	-0.03826	0.1342
1.016	-0.0409	0.1347
1.015	-0.03963	0.1312
1.014	-0.03487	0.1314
1.016	-0.03309	0.1372
1.016	-0.03511	0.1389
1.015	-0.0369	0.1354
1.014	-0.03732	0.1355
1.014	-0.03688	0.1347
1.015	-0.03616	0.1293
1.018	-0.03469	0.1293
1.018	-0.0338	0.1357
1.018	-0.03401	0.1382
1.016	-0.03424	0.1359
1.014	-0.03367	0.1353
1.015	-0.03246	0.134
1.014	-0.03324	0.1304
1.014	-0.03669	0.1304
1.014	-0.04094	0.1308
1.013	-0.04058	0.1305
1.014	-0.03435	0.1316
1.016	-0.0319	0.1317
1.015	-0.034	0.1332
1.015	-0.03297	0.1357
1.015	-0.03122	0.1354
1.016	-0.03337	0.132
1.017	-0.03902	0.1298
1.017	-0.04278	0.1328
1.015	-0.03779	0.1378
1.015	-0.03014	0.1414
1.015	-0.02868	0.1412
1.015	-0.03236	0.1379
1.015	-0.03855	0.1322
1.015	-0.04005	0.127
1.015	-0.03661	0.1266
1.015	-0.03665	0.1265
1.016	-0.03758	0.1313
1.015	-0.03726	0.1377
1.015	-0.03619	0.1351
1.017	-0.03306	0.1366
1.02	-0.0322	0.1382
1.018	-0.03276	0.1345
1.014	-0.03151	0.1333
1.012	-0.03052	0.1288
1.012	-0.03228	0.1298
1.012	-0.03783	0.1356
1.012	-0.04133	0.1345
1.016	-0.03946	0.132
1.018	-0.03713	0.1295
1.017	-0.03556	0.1302
1.016	-0.03553	0.1318
1.015	-0.03633	0.1351
1.014	-0.03521	0.1413
1.015	-0.03482	0.1383
1.017	-0.0345	0.1352
1.019	-0.03334	0.1354
1.017	-0.03158	0.1337
1.013	-0.02915	0.1355
1.012	-0.03334	0.1333
1.012	-0.04051	0.1276
1.018	-0.04384	0.1208
1.017	-0.03847	0.1299
1.014	-0.03309	0.1342
1.016	-0.03211	0.1368
1.017	-0.03478	0.14
1.016	-0.03685	0.1391
1.015	-0.03576	0.1338
1.013	-0.03165	0.1321
1.015	-0.03077	0.1363
1.016	-0.03375	0.1368
1.014	-0.03646	0.1326
1.014	-0.03764	0.1324
1.014	-0.03778	0.1317
1.015	-0.03743	0.1268
1.017	-0.03611	0.1276
1.018	-0.0352	0.1347
1.018	-0.03525	0.1379
1.016	-0.03522	0.1363
1.014	-0.03434	0.1362
1.015	-0.03282	0.1352
1.014	-0.03329	0.1319
1.014	-0.03649	0.1318
1.014	-0.04054	0.1322
1.013	-0.04006	0.1316
1.015	-0.03378	0.1325
1.016	-0.03133	0.1322
1.015	-0.03349	0.1334
1.015	-0.03256	0.1356
1.015	-0.03093	0.1351
1.016	-0.0332	0.1315
1.017	-0.03896	0.1292
1.017	-0.04283	0.1322
1.015	-0.03792	0.1373
1.015	-0.03033	0.1409
1.015	-0.02889	0.1409
1.015	-0.03258	0.1376
1.015	-0.03875	0.1321
1.015	-0.04023	0.1269
1.015	-0.03674	0.1267
1.015	-0.03674	0.1267
1.016	-0.03763	0.1315
1.015	-0.03726	0.1379
1.015	-0.03616	0.1353
1.017	-0.033	0.1368
1.02	-0.03213	0.1384
1.018	-0.03268	0.1346
1.014	-0.03143	0.1334
1.012	-0.03045	0.1288
1.012	-0.03222	0.1298
1.012	-0.03779	0.1355
1.012	-0.04131	0.1344
1.016	-0.03945	0.1319
1.018	-0.03714	0.1294
1.017	-0.03558	0.1301
1.016	-0.03555	0.1317
1.015	-0.03636	0.1351
1.014	-0.03524	0.1413
1.015	-0.03485	0.1383
1.017	-0.03452	0.1352
1.019	-0.03336	0.1354
1.017	-0.03159	0.1337
1.013	-0.02916	0.1355
1.012	-0.03334	0.1333
1.012	-0.0405	0.1276
1.018	-0.04137	0.1232
1.021	-0.03965	0.124
1.015	-0.03803	0.1334
1.012	-0.03539	0.1392
1.011	-0.03201	0.1406
1.014	-0.03048	0.1414
1.016	-0.03025	0.1385
1.017	-0.03036	0.1339
1.018	-0.03526	0.1313
1.018	-0.03916	0.1335
1.018	-0.03825	0.1332
1.016	-0.03807	0.1312
1.014	-0.03655	0.1328
1.012	-0.03522	0.1305
1.013	-0.03685	0.1272
1.015	-0.03802	0.1312
1.017	-0.03798	0.1356
1.017	-0.03579	0.1337
1.016	-0.0323	0.1332
1.012	-0.03026	0.1344
1.012	-0.03026	0.1325
1.016	-0.03228	0.1337
1.017	-0.03528	0.1351
1.017	-0.03849	0.1356
1.017	-0.03973	0.1378
1.016	-0.03802	0.1363
1.015	-0.03635	0.1347
1.016	-0.03517	0.1335
1.015	-0.03384	0.1321
1.013	-0.03272	0.1328
1.014	-0.03167	0.1306
1.016	-0.03276	0.129
1.017	-0.03512	0.1311
1.015	-0.03522	0.1341
1.012	-0.03602	0.1359
1.014	-0.04023	0.1335
1.018	-0.04168	0.1322
1.018	-0.03653	0.1343
1.016	-0.03208	0.1356
1.014	-0.03251	0.1375
1.012	-0.03434	0.1376
1.014	-0.03616	0.1335
1.018	-0.03607	0.1299
1.019	-0.03477	0.1287
1.016	-0.03472	0.1293
1.013	-0.03407	0.1331
1.012	-0.0336	0.1367
1.015	-0.03339	0.1356
1.016	-0.03377	0.1326
1.015	-0.0373	0.1326
1.015	-0.03963	0.1361
1.015	-0.03746	0.1369
1.015	-0.03411	0.1314
1.017	-0.03254	0.1308
1.016	-0.03332	0.1372
1.016	-0.03489	0.1372
1.016	-0.03708	0.1316
1.014	-0.03915	0.1287
1.017	-0.03852	0.1294
1.016	-0.03619	0.1299
1.014	-0.03362	0.1318
1.014	-0.03199	0.1383
1.014	-0.03328	0.1404
1.014	-0.03568	0.1359
1.011	-0.02944	0.1284
1.018	-0.03502	0.127
1.015	-0.038	0.1344
1.013	-0.03791	0.1386
1.013	-0.03562	0.1389
1.016	-0.03417	0.139
1.018	-0.03339	0.1359
1.018	-0.03263	0.1314
1.019	-0.03655	0.1292
1.019	-0.03953	0.132
1.018	-0.03785	0.1323
1.016	-0.03711	0.1308
1.013	-0.03525	0.1329
1.011	-0.0338	0.1311
1.012	-0.03549	0.1281
1.014	-0.03686	0.1322
1.016	-0.03711	0.1367
1.017	-0.03524	0.1347
1.016	-0.03208	0.134
1.012	-0.03034	0.135
1.012	-0.03057	0.1329
1.016	-0.03276	0.1339
1.017	-0.03586	0.135
1.017	-0.03909	0.1354
1.018	-0.0403	0.1375
1.016	-0.03851	0.1359
1.015	-0.03673	0.1343
1.016	-0.03542	0.1331
1.015	-0.03396	0.1318
1.013	-0.03272	0.1325
1.014	-0.03157	0.1304
1.016	-0.03258	0.1289
1.017	-0.0349	0.1311
1.014	-0.03498	0.1342
1.012	-0.03578	0.136
1.014	-0.04003	0.1337
1.018	-0.04152	0.1324
1.018	-0.03641	0.1344
1.016	-0.03201	0.1358
1.014	-0.03249	0.1376
1.012	-0.03436	0.1376
1.014	-0.03621	0.1335
1.018	-0.03614	0.1299
1.019	-0.03486	0.1287
1.016	-0.0348	0.1293
1.013	-0.03415	0.1331
1.012	-0.03367	0.1367
1.015	-0.03345	0.1355
1.016	-0.0338	0.1326
1.015	-0.03732	0.1326
1.015	-0.03963	0.1361
1.015	-0.03745	0.1369
1.015	-0.03409	0.1314
1.017	-0.03251	0.1308
1.016	-0.03328	0.1372
1.016	-0.03486	0.1372
1.016	-0.03705	0.1316
1.014	-0.03913	0.1287
1.017	-0.0385	0.1294
1.016	-0.03618	0.1299
1.014	-0.03362	0.1318
1.014	-0.032	0.1383
1.014	-0.03328	0.1404
1.014	-0.03569	0.1359
1.012	-0.03615	0.1303
1.012	-0.03228	0.1291
1.014	-0.02896	0.1365
1.016	-0.03273	0.1389
1.019	-0.03728	0.1323
1.02	-0.03883	0.1308
1.018	-0.0392	0.1316
1.016	-0.03898	0.133
1.013	-0.0398	0.1367
1.014	-0.03752	0.1363
1.016	-0.03361	0.1353
1.017	-0.03291	0.1322
1.016	-0.03307	0.1255
1.015	-0.03308	0.1277
1.014	-0.03206	0.1345
1.014	-0.0326	0.1387
1.014	-0.03577	0.1394
1.014	-0.03668	0.1316
1.015	-0.03609	0.1276
1.015	-0.03667	0.1334
1.015	-0.03763	0.136
1.015	-0.03581	0.1357
1.015	-0.03172	0.1355
1.016	-0.03165	0.1341
1.017	-0.03634	0.1339
1.017	-0.03865	0.1335
1.014	-0.03774	0.1334
1.013	-0.03983	0.133
1.017	-0.0398	0.1291
1.017	-0.03406	0.1295
1.015	-0.03075	0.1382
1.016	-0.03054	0.1408
1.016	-0.03222	0.1325
1.014	-0.03351	0.1289
1.013	-0.03186	0.1312
1.014	-0.03354	0.1295
1.016	-0.03898	0.1278
1.017	-0.04223	0.1298
1.016	-0.04003	0.1367
1.014	-0.03488	0.1453
1.014	-0.03223	0.1443
1.014	-0.03244	0.1363
1.016	-0.03454	0.1281
1.017	-0.03586	0.126
1.016	-0.03538	0.1347
1.015	-0.03585	0.1379
1.015	-0.036	0.1323
1.015	-0.03584	0.1306
1.019	-0.03605	0.1314
1.019	-0.03529	0.1325
1.014	-0.03475	0.1319
1.012	-0.0344	0.1294
1.013	-0.03372	0.1304
1.013	-0.03308	0.1354
1.014	-0.03198	0.1394
1.016	-0.03407	0.1376
1.017	-0.04028	0.1339
1.018	-0.04108	0.1327
1.017	-0.03571	0.1335
1.015	-0.03398	0.1341
1.015	-0.03527	0.1323
1.012	-0.03649	0.1333
1.012	-0.03859	0.1351
1.015	-0.03772	0.1343
