-0.01249	0.9829	0.05753
-0.0128	1.007	0.06363
-0.003004	1.012	0.06252
-0.002363	0.9972	0.05972
0.009089	0.9884	0.05866
0.0209	0.9879	0.05207
0.02663	0.9875	0.05323
0.02585	0.9889	0.06545
0.01215	0.9895	0.07444
0.01196	0.984	0.06961
0.02044	0.9862	0.06237
0.008761	1.012	0.0696
-0.02027	1.041	0.08596
-0.03246	1.056	0.0977
-0.02163	1.036	0.08751
-0.02154	0.9616	0.06207
-0.002118	0.927	0.05085
0.06223	0.9644	0.04927
0.1065	0.9552	0.03671
0.09292	0.9449	0.03666
0.0514	0.9937	0.06652
0.002012	1.029	0.07413
-0.03536	1.056	0.05337
-0.04128	1.054	0.06129
-0.05312	1.019	0.08901
-0.05858	1.013	0.1032
-0.01517	1.018	0.1145
0.02942	1.021	0.1228
0.04146	1.003	0.07886
0.02661	0.9654	0.01261
0.02045	0.947	0.009613
0.04269	0.931	0.02552
0.04196	0.9367	0.03476
0.02487	0.9712	0.06045
0.01378	1.009	0.06962
0.001446	1.029	0.08061
0.003851	1.02	0.08817
0.00505	1.017	0.08029
-0.0004163	1.012	0.08896
-0.005192	1.004	0.08852
-0.01242	1.007	0.08033
-0.003464	0.9999	0.07442
0.0129	0.9994	0.05883
0.01964	0.9979	0.05317
0.01996	0.9903	0.0523
0.01379	0.9945	0.05709
0.007232	0.999	0.0669
0.009822	0.9994	0.06494
0.02481	0.9823	0.06171
0.03452	0.9713	0.05947
0.0287	0.9923	0.06314
0.01541	1.01	0.07316
-0.003427	1.02	0.0738
-0.009874	1.017	0.068
-0.008831	0.9899	0.06191
-0.0145	0.964	0.05987
-0.005233	0.9606	0.06161
0.01091	0.9844	0.06779
0.02104	1.017	0.07678
0.02751	1.027	0.07686
0.02159	1.01	0.07574
0.01693	0.9834	0.07432
0.01643	0.9734	0.0691
0.01197	0.9926	0.0735
0.006542	1.022	0.08233
-0.007844	1.022	0.07511
-0.01383	0.9878	0.04074
0.01483	0.9723	0.01535
0.04849	0.9905	0.02866
0.04721	0.9979	0.05252
0.0229	0.9988	0.08139
-3.744e-05	1.007	0.09817
-0.009202	1.002	0.08452
-0.006016	0.9994	0.0739
-0.006913	1.002	0.06966
-0.005213	0.9978	0.07309
-0.004195	0.9987	0.07929
-0.00845	0.9965	0.07382
0.001604	0.9838	0.08081
0.01345	0.9715	0.08372
0.02814	0.9756	0.06932
0.05006	0.997	0.04554
0.05301	1.005	0.02406
0.03909	0.9993	0.04611
0.01259	1.003	0.06999
-0.008824	1.004	0.06837
-0.008095	0.9949	0.07469
-0.009519	0.992	0.06862
0.001971	0.9802	0.05893
-0.03144	1.005	0.07634
-0.008103	1.029	0.0947
0.02324	1.043	0.1115
0.02769	1.029	0.07583
0.009721	0.9906	0.01657
0.003751	0.9684	0.01868
0.02842	0.9468	0.03761
0.0314	0.9462	0.04788
0.01854	0.9746	0.07291
0.01157	1.007	0.08014
0.002813	1.023	0.08838
0.007977	1.012	0.0928
0.01099	1.007	0.08182
0.006395	1.002	0.08772
0.00164	0.9947	0.08507
-0.006263	0.9992	0.07534
0.001524	0.9946	0.06862
0.01643	0.9963	0.05289
0.0216	0.997	0.04765
0.02043	0.9913	0.04765
0.01297	0.997	0.05359
0.005407	1.002	0.06468
0.007323	1.003	0.064
0.02198	0.9864	0.06191
0.03166	0.9751	0.06061
0.02607	0.9955	0.06496
0.01322	1.013	0.07539
-0.005063	1.022	0.07618
-0.0109	1.018	0.07028
-0.009265	0.9898	0.06392
-0.01441	0.9633	0.06147
-0.004702	0.9595	0.06274
0.01175	0.983	0.06842
0.02207	1.015	0.07695
0.02859	1.026	0.07662
0.02262	1.009	0.0752
0.01783	0.9823	0.07357
0.01714	0.9726	0.06825
0.01246	0.9922	0.07264
0.006815	1.022	0.08154
-0.007783	1.022	0.07445
-0.01394	0.9882	0.04024
0.01458	0.9728	0.01503
0.04814	0.991	0.02852
0.04682	0.9984	0.05254
0.02251	0.9993	0.08153
-0.0003959	1.007	0.09841
-0.009501	1.003	0.08481
-0.006239	0.9996	0.07422
-0.007053	1.002	0.06997
-0.005272	0.9978	0.07335
-0.004182	0.9987	0.0795
-0.008379	0.9964	0.07396
0.001717	0.9836	0.0809
0.01358	0.9713	0.08374
0.02829	0.9754	0.06929
0.0502	0.9968	0.04547
0.05313	1.004	0.02396
0.03918	0.9992	0.046
0.01266	1.003	0.06988
-0.008788	1.004	0.06827
-0.008087	0.9949	0.0746
-0.009536	0.9921	0.06855
-0.007423	1.004	0.06552
0.001037	1.015	0.07408
-0.00381	1.014	0.07328
-0.005154	1.004	0.07595
0.003555	0.9897	0.0715
0.01476	0.9859	0.06181
0.02344	0.9876	0.05756
0.01964	0.9917	0.05714
0.01603	0.9948	0.06298
0.01041	0.9824	0.06895
0.00608	0.9762	0.07615
0.02843	0.9922	0.07258
0.04208	1.008	0.0626
0.02677	1.016	0.06258
0.01467	1.013	0.06692
0.0001552	0.9965	0.07544
-0.01039	0.9827	0.07336
-0.003043	0.9853	0.06486
0.006517	0.9996	0.06482
0.01597	1.009	0.0645
0.01033	1.004	0.06555
-0.007105	1.001	0.05896
-0.008328	1.004	0.05104
-0.004213	0.9967	0.0587
-0.001397	0.9806	0.07451
0.007802	0.9759	0.08512
0.02361	0.9826	0.07513
0.03599	0.9856	0.06498
0.0307	0.9924	0.06413
0.02491	1	0.05822
0.02065	0.9978	0.066
0.007145	1.007	0.07567
0.003819	1.017	0.07348
0.009439	1.012	0.07448
0.009925	1.013	0.07005
0.006782	1.005	0.05907
0.00569	0.9849	0.05199
0.0057	0.978	0.05586
-0.001026	0.984	0.06344
-0.003856	0.995	0.06271
0.002746	1.001	0.06162
0.01132	0.9985	0.06399
0.01681	0.9849	0.07397
0.01142	0.9817	0.0785
0.0103	1.01	0.07123
0.01796	1.022	0.0783
0.01619	1.001	0.08249
0.01161	0.9915	0.07669
0.01135	0.9893	0.07798
0.01477	0.9805	0.06743
0.02005	0.9719	0.06061
0.01856	0.9749	0.05727
0.01338	0.9994	0.03402
0.008089	1.022	0.0338
0.004831	1.036	0.05734
0.005349	1.039	0.06632
0.001506	0.995	0.07587
-0.006348	0.9468	0.0854
-0.01133	0.9513	0.07919
-0.006341	0.9731	0.06833
0.01368	1.011	0.06743
0.03483	1.039	0.07
0.03796	1.028	0.06041
0.02513	1.02	0.05675
0.05559	0.9581	0.08319
0.01575	0.9862	0.07616
-0.01631	0.9983	0.06837
-0.03002	0.9971	0.06929
-0.0238	0.9891	0.06594
-0.009068	0.989	0.05855
0.006203	0.9928	0.05675
0.009976	0.9978	0.05834
0.01348	1.001	0.06546
0.01366	0.9876	0.07195
0.0134	0.9804	0.079
0.038	0.9953	0.07478
0.05223	1.01	0.06386
0.03615	1.017	0.06278
0.0223	1.013	0.06613
0.005453	0.9956	0.07384
-0.007627	0.9814	0.07121
-0.0027	0.9837	0.06244
0.004785	0.998	0.0624
0.01266	1.008	0.06233
0.006025	1.003	0.0638
-0.01183	1	0.05774
-0.01296	1.004	0.05039
-0.008319	0.9964	0.05861
-0.004679	0.9806	0.07491
0.005518	0.9761	0.08591
0.02237	0.983	0.07617
0.03575	0.9861	0.06617
0.03132	0.9929	0.06533
0.0262	1	0.05933
0.02238	0.9983	0.06695
0.009094	1.008	0.0764
0.005779	1.017	0.07396
0.01124	1.012	0.07472
0.01143	1.013	0.07007
0.007913	1.005	0.0589
0.006411	0.9847	0.05169
0.006019	0.9779	0.05547
-0.001068	0.9838	0.06301
-0.004192	0.9948	0.06229
0.002197	1.001	0.06124
0.01065	0.9983	0.06369
0.01609	0.9848	0.07375
0.01073	0.9816	0.07837
0.009694	1.01	0.07118
0.01747	1.022	0.07833
0.01585	1.001	0.08258
0.01142	0.9915	0.07681
0.0113	0.9894	0.07813
0.01484	0.9806	0.06758
0.02022	0.972	0.06075
0.01879	0.975	0.0574
0.01363	0.9994	0.03411
0.00835	1.022	0.03387
0.00507	1.036	0.05737
0.00555	1.039	0.06632
0.001657	0.9949	0.07585
-0.006252	0.9468	0.08536
-0.01129	0.9513	0.07914
-0.006347	0.9731	0.06828
0.01363	1.011	0.06738
0.03475	1.039	0.06995
0.03787	1.028	0.06037
0.02503	1.02	0.05672
0.01384	0.995	0.06894
0.008342	0.9618	0.07697
0.004271	0.9639	0.07804
0.008053	0.973	0.07284
0.01343	0.9982	0.06534
0.01015	1.018	0.06177
0.004872	1.014	0.06134
-0.001981	1.008	0.07071
-0.01225	0.992	0.07834
-0.01458	0.995	0.07459
0.004916	0.9972	0.0679
0.03549	0.9826	0.05555
0.04171	0.9893	0.04792
0.02024	0.9918	0.05499
-0.0002527	0.9895	0.06921
-0.003734	0.9934	0.07782
0.01505	1.001	0.06495
0.0363	1.014	0.05229
0.02893	1.015	0.05795
0.004493	1.015	0.06693
-0.00634	1.002	0.08059
0.0006816	0.9721	0.08524
0.009399	0.9609	0.07211
0.009504	0.9637	0.05909
0.004366	0.9957	0.05396
0.0003276	1.033	0.06293
0.003038	1.029	0.06587
0.007035	1.022	0.05514
0.01162	1.015	0.05807
0.0203	1.001	0.07434
0.01612	0.9829	0.08975
0.003452	0.9472	0.08627
-0.0019	0.9455	0.07577
-0.002791	0.9836	0.07879
0.007298	1.006	0.07152
0.02526	1.015	0.06489
0.03758	1.01	0.07008
0.03729	1.003	0.06211
0.02792	0.9997	0.04854
0.02203	0.9835	0.04743
0.01255	0.9883	0.05228
-0.002155	1.015	0.03825
-0.009577	1.021	0.03455
-0.0138	1.011	0.06758
-0.0153	0.9976	0.0821
-0.009467	0.9824	0.08697
-0.000743	0.9787	0.09788
0.01051	1.005	0.07906
0.01978	1.025	0.06874
0.02054	1.014	0.07201
0.02594	1.004	0.06021
0.03071	0.9813	0.06365
0.01964	0.9574	0.072
0.01254	0.9637	0.06754
0.00861	0.9749	0.06902
0.0008901	0.9926	0.07129
0.002145	1.005	0.0706
0.001416	1.002	0.07192
0.003152	1.008	0.0705
0.01453	1.007	0.05999
0.02094	1.007	0.04652
0.02188	1.01	0.04763
0.01708	0.9991	0.05421
0.01111	0.9942	0.0566
0.03002	1.009	0.07554
0.004229	0.9804	0.07417
-0.008307	0.9818	0.07234
-0.005466	0.9871	0.06813
0.003216	1.007	0.06359
0.005094	1.021	0.06355
0.005169	1.012	0.06628
0.002842	1.003	0.07792
-0.004275	0.9845	0.0867
-0.005009	0.9864	0.083
0.01463	0.9887	0.0754
0.04415	0.9751	0.06145
0.04846	0.9835	0.05181
0.0246	0.988	0.05673
0.001591	0.9877	0.06893
-0.004237	0.9935	0.07582
0.01259	1.002	0.06166
0.03241	1.017	0.0482
0.02419	1.018	0.05355
-0.0005085	1.019	0.06266
-0.0111	1.006	0.07682
-0.003435	0.9755	0.08223
0.006205	0.9635	0.07
0.007379	0.9655	0.05793
0.003334	0.9967	0.05369
0.0003073	1.033	0.06343
0.00387	1.028	0.06697
0.00851	1.021	0.05664
0.0135	1.013	0.05978
0.02236	0.999	0.07607
0.01815	0.9814	0.09135
0.005275	0.9458	0.08761
-0.000405	0.9444	0.07679
-0.001699	0.9827	0.07945
0.007961	1.005	0.07182
0.02551	1.015	0.06487
0.03746	1.01	0.0698
0.03689	1.003	0.06164
0.02732	1	0.04795
0.02132	0.984	0.0468
0.0118	0.9889	0.05167
-0.002862	1.015	0.03771
-0.01019	1.021	0.03412
-0.01428	1.011	0.06727
-0.01562	0.9978	0.08193
-0.009632	0.9826	0.08692
-0.0007651	0.9787	0.09794
0.01061	1.005	0.0792
0.01997	1.025	0.06893
0.02079	1.014	0.07223
0.02622	1.004	0.06044
0.03098	0.9811	0.06386
0.01989	0.9572	0.07218
0.01274	0.9636	0.06768
0.008755	0.9747	0.0691
0.0009775	0.9926	0.07133
0.002177	1.005	0.0706
0.0014	1.002	0.07188
0.003098	1.008	0.07044
0.01445	1.007	0.05991
0.02084	1.007	0.04644
0.02178	1.01	0.04755
0.01698	0.9992	0.05414
0.01103	0.9943	0.05654
0.007608	0.9923	0.06464
0.003478	0.9911	0.07083
0.004732	0.9956	0.07534
0.00784	1	0.08219
0.009325	1.009	0.07976
0.009749	1.011	0.07247
0.006279	1.005	0.06806
0.003338	0.9934	0.06465
0.004927	0.9759	0.06253
0.01239	0.9752	0.06558
0.01617	0.9854	0.07287
0.01067	0.9892	0.07704
0.01028	0.9923	0.07507
0.01591	0.9973	0.06121
0.02026	1.001	0.05038
0.02095	1.003	0.0575
0.01316	1.004	0.05999
0.006216	1.001	0.06254
0.004418	0.9967	0.06984
-0.0004959	0.9959	0.06537
-0.0007781	0.9981	0.06752
0.006805	1.003	0.07333
0.01041	1.003	0.07255
0.01004	0.999	0.07506
0.01213	0.996	0.06992
0.01482	0.9917	0.06208
0.01551	0.9914	0.06066
0.01508	0.9937	0.06084
0.01392	0.9953	0.06118
0.01335	0.9964	0.06125
0.01315	0.9919	0.06837
0.0103	0.9905	0.07605
0.007199	0.9942	0.07657
0.006498	0.9946	0.07229
0.00635	0.9958	0.06559
0.006864	0.996	0.06471
0.007952	0.9958	0.06463
0.008848	1	0.06523
0.008927	1.001	0.0674
0.00829	0.9992	0.06214
0.008449	1.001	0.06131
0.009903	1.001	0.06548
0.01374	0.9981	0.06512
0.01744	0.9956	0.06674
0.0162	0.9938	0.06861
0.01139	0.9963	0.06803
0.008851	0.9967	0.06626
0.01063	0.99	0.06477
0.01023	0.9887	0.07021
0.007471	0.9936	0.07652
0.00832	0.9962	0.07213
0.009851	0.9987	0.06528
0.01007	1.001	0.06474
0.008202	0.9973	0.06255
0.004737	0.9914	0.06077
0.007177	0.9919	0.06518
0.01493	1.001	0.06602
0.01897	1.005	0.06363
0.01442	0.9981	0.06564
0.006071	0.9939	0.07076
0.001033	0.9944	0.07684
0.002651	0.9948	0.07468
0.01326	0.9962	0.06122
0.02063	0.9968	0.0542
0.01575	0.994	0.06039
0.009705	0.9896	0.06476
0.009369	0.9934	0.06834
0.01111	0.9986	0.07506
0.0114	1.009	0.07317
0.01079	1.012	0.06692
0.006448	1.007	0.06386
0.002809	0.9967	0.06194
0.003883	0.9795	0.06129
0.01101	0.9788	0.06566
0.01463	0.9886	0.07403
0.009137	0.9917	0.07898
0.008872	0.9939	0.07748
0.01472	0.9981	0.06379
0.01936	1.001	0.05286
0.02035	1.002	0.05968
0.01287	1.003	0.06172
0.006207	0.9997	0.06374
0.004638	0.9949	0.07049
-0.000107	0.9941	0.06551
-0.0002833	0.9965	0.06724
0.007344	1.002	0.07272
0.01094	1.002	0.07171
0.01052	0.9985	0.07411
0.01252	0.9959	0.06897
0.0151	0.9919	0.06121
0.01568	0.9919	0.05994
0.01514	0.9943	0.0603
0.01389	0.996	0.06084
0.01325	0.9971	0.06111
0.013	0.9925	0.0684
0.01011	0.9911	0.07622
0.00701	0.9946	0.07684
0.006319	0.9949	0.07262
0.006197	0.9959	0.06594
0.006745	0.996	0.06505
0.007873	0.9957	0.06492
0.008809	1	0.06546
0.008924	1.001	0.06756
0.008317	0.999	0.06223
0.008499	1.001	0.06133
0.009966	1.001	0.06544
0.01381	0.998	0.06504
0.01751	0.9954	0.06663
0.01626	0.9937	0.06848
0.01144	0.9963	0.0679
0.008887	0.9968	0.06614
0.01065	0.9901	0.06468
0.01024	0.9888	0.07013
0.007466	0.9937	0.07648
0.008305	0.9963	0.07211
0.00983	0.9988	0.06528
0.01005	1.001	0.06476
0.008176	0.9974	0.06259
0.004713	0.9914	0.06081
0.007156	0.992	0.06523
0.01492	1.001	0.06606
0.01896	1.005	0.06367
0.01441	0.9981	0.06567
0.006071	0.9939	0.07078
0.001036	0.9944	0.07685
0.002658	0.9948	0.07468
0.01327	0.9961	0.06122
0.02064	0.9968	0.05419
0.01666	0.9973	0.06091
0.0129	0.9972	0.06768
0.007388	0.9933	0.06913
0.001309	0.991	0.06879
0.00619	0.994	0.06776
0.01288	1	0.06767
0.01479	1.004	0.06556
0.01408	1.001	0.06598
0.01116	0.9989	0.07289
0.01014	0.9964	0.07324
0.009048	0.993	0.0678
0.008264	0.9939	0.0642
0.008833	0.9931	0.06176
0.007962	0.9921	0.06313
0.007763	0.9927	0.06478
0.007577	0.9932	0.06561
0.008642	0.9977	0.06724
0.01156	0.9993	0.06793
0.0131	0.9974	0.06953
0.01331	0.9992	0.06862
0.01163	1.001	0.06368
0.01074	1	0.06236
0.01042	0.9954	0.06807
0.007536	0.9926	0.07241
0.007037	0.9971	0.06976
0.01216	0.9994	0.06499
0.01701	0.9974	0.06225
0.01547	0.9915	0.06505
0.01062	0.9844	0.06761
0.006384	0.9883	0.06717
0.00562	0.9996	0.06973
0.01103	1.01	0.06647
0.01482	1.011	0.06044
0.0131	0.9991	0.06149
0.008893	0.9919	0.06278
0.002779	0.9922	0.06465
0.001003	0.988	0.07098
0.002686	0.9886	0.08073
0.004052	0.9927	0.08316
0.01135	0.9941	0.07288
0.01824	0.9986	0.06112
0.02029	1.003	0.05526
0.02122	1.001	0.06215
0.01035	0.9922	0.06987
0.001518	0.9851	0.06692
0.01002	0.9959	0.06541
0.01142	1.01	0.0614
0.01077	1.009	0.05816
0.02328	1.001	0.06052
0.02497	0.9973	0.06137
0.01056	0.9968	0.06815
0.0004685	0.9941	0.07214
0.0004395	0.9917	0.07051
0.001124	0.9908	0.07243
0.0002813	0.9864	0.0708
-0.0006425	0.9883	0.07056
-0.0002829	0.9965	0.07063
0.01047	0.9988	0.06598
0.01989	0.9975	0.06392
0.01884	0.9986	0.0637
0.02008	0.9998	0.06708
0.0191	0.9946	0.07
0.01519	0.9889	0.06869
0.01342	0.9917	0.06864
0.01706	1.011	0.06148
0.01064	1.006	0.06442
0.003709	0.998	0.06421
-0.00283	0.9926	0.06368
0.00228	0.9933	0.06342
0.009651	0.998	0.06459
0.01248	1.001	0.06391
0.01278	0.9977	0.06569
0.01081	0.9959	0.07373
0.0106	0.994	0.07489
0.01011	0.9912	0.06993
0.009713	0.9928	0.06649
0.01045	0.9927	0.06392
0.009566	0.9922	0.06496
0.009195	0.9933	0.06615
0.008729	0.9941	0.06645
0.009452	0.9988	0.06756
0.01201	1	0.06779
0.01321	0.9984	0.06901
0.01313	1	0.06783
0.01122	1.002	0.06274
0.01018	1.001	0.06138
0.009783	0.9956	0.06715
0.0069	0.9926	0.07162
0.006454	0.9969	0.06916
0.01168	0.9991	0.0646
0.01665	0.997	0.06206
0.01524	0.9911	0.06505
0.01052	0.984	0.06777
0.006412	0.9879	0.06745
0.005743	0.9993	0.07008
0.01122	1.01	0.06685
0.01505	1.011	0.06081
0.01334	0.9991	0.06182
0.009124	0.9919	0.06305
0.00298	0.9923	0.06485
0.001161	0.9882	0.0711
0.002795	0.9887	0.08077
0.00411	0.9928	0.08313
0.01136	0.9942	0.07279
0.01821	0.9988	0.061
0.02024	1.003	0.05512
0.02114	1.001	0.06201
0.01026	0.9923	0.06974
0.001431	0.9851	0.06681
0.009944	0.9959	0.06533
0.01136	1.01	0.06134
0.01072	1.009	0.05813
0.02325	1.001	0.06052
0.02496	0.9973	0.06139
0.01057	0.9968	0.06819
0.0004851	0.994	0.07218
0.0004652	0.9916	0.07056
0.001155	0.9908	0.07248
0.0003138	0.9864	0.07084
-0.0006116	0.9883	0.0706
-0.0002561	0.9965	0.07066
0.01049	0.9988	0.066
0.0199	0.9975	0.06392
0.01884	0.9986	0.0637
0.02008	0.9998	0.06707
0.0191	0.9946	0.06998
0.01519	0.989	0.06867
0.01341	0.9917	0.06862
0.01039	1.001	0.06414
0.01201	1.01	0.05894
0.01541	1.008	0.05811
0.01084	1.003	0.05834
-0.0008031	0.9963	0.06886
-0.008159	0.9892	0.07697
-0.002399	0.9915	0.07118
0.008082	0.9946	0.07059
0.01669	0.9939	0.06937
0.01995	0.991	0.06676
0.0156	0.9853	0.07153
0.01186	0.9905	0.06659
0.01155	0.9981	0.06161
0.01547	1	0.0639
0.01659	1.002	0.06449
0.006029	1.001	0.06793
-0.001798	1.003	0.06602
-0.0001448	1	0.06858
0.00709	0.9936	0.07113
0.01895	0.9938	0.05336
0.02069	0.9927	0.05072
0.01158	0.9905	0.06892
0.006376	0.9921	0.07359
0.004389	0.9993	0.07307
0.008299	1.002	0.07416
0.02069	0.9935	0.0674
0.02529	0.9931	0.06513
0.01735	1.003	0.07208
0.007268	1.007	0.07195
0.0009517	1.006	0.06671
0.001182	0.9975	0.06403
0.0009222	0.9895	0.06232
-6.659e-05	0.9877	0.0642
0.003183	0.9896	0.06498
0.003431	0.99	0.06523
0.008353	0.9912	0.06735
0.01891	0.9962	0.06687
0.02206	0.9979	0.06627
0.0236	0.997	0.06241
0.02249	0.9982	0.06024
0.0201	1.001	0.06858
0.02093	1.003	0.07484
0.01188	0.9984	0.07437
-0.0006508	0.9895	0.07288
-0.004563	0.9877	0.06859
-0.003449	0.996	0.06585
0.001102	1.002	0.06654
0.004576	1.003	0.06524
0.004912	1.003	0.06448
0.00709	0.9993	0.06263
0.01386	0.9955	0.05757
0.01899	0.9957	0.05803
0.01805	0.993	0.06249
0.01671	0.9911	0.06589
0.01562	0.992	0.06926
0.01496	0.9935	0.07029
0.01366	0.9972	0.07013
0.007539	0.999	0.07117
0.004432	0.9985	0.07382
0.008261	0.9978	0.07323
0.01372	0.9965	0.06475
0.0158	0.9977	0.06256
0.008059	0.9971	0.07175
-0.002982	0.9901	0.07313
-0.002463	0.9826	0.07211
0.009314	1	0.06036
0.01929	1.005	0.05562
0.01838	1.003	0.05395
0.008174	0.9994	0.06399
0.0006105	0.9937	0.07256
0.005072	0.9964	0.06779
0.01363	0.9991	0.06845
0.02008	0.9976	0.0685
0.02125	0.9937	0.067
0.01508	0.9869	0.07264
0.009922	0.991	0.06828
0.008669	0.9977	0.06358
0.01211	0.9994	0.0659
0.01317	1.001	0.0663
0.002909	0.9989	0.06939
-0.004371	1.001	0.06705
-0.002017	0.9989	0.06915
0.005977	0.9923	0.07126
0.01857	0.9929	0.05311
0.02096	0.9921	0.05018
0.01235	0.9903	0.06818
0.007506	0.9922	0.07277
0.005708	0.9998	0.07224
0.009656	1.003	0.07341
0.02196	0.9942	0.06678
0.02637	0.9938	0.06468
0.01816	1.004	0.07181
0.0078	1.008	0.07184
0.001198	1.006	0.06676
0.00117	0.9977	0.06421
0.0006974	0.9896	0.06258
-0.000448	0.9877	0.06451
0.002706	0.9895	0.06531
0.002917	0.9898	0.06553
0.007855	0.991	0.06762
0.01847	0.9959	0.06708
0.02171	0.9977	0.06641
0.02335	0.9968	0.06248
0.02235	0.998	0.06025
0.02006	1.001	0.06854
0.02097	1.003	0.07476
0.012	0.9984	0.07426
-0.0004909	0.9896	0.07277
-0.004379	0.9878	0.06848
-0.003262	0.9961	0.06574
0.001276	1.002	0.06646
0.004723	1.003	0.06518
0.005024	1.003	0.06445
0.007162	0.9993	0.06261
0.01389	0.9956	0.05758
0.01899	0.9958	0.05805
0.01802	0.993	0.06252
0.01666	0.9911	0.06593
0.01555	0.992	0.06931
0.01489	0.9935	0.07034
0.01359	0.9972	0.07017
0.00748	0.999	0.0712
0.004385	0.9985	0.07384
0.008228	0.9978	0.07324
0.0137	0.9965	0.06475
0.01579	0.9977	0.06255
0.008065	0.9971	0.07174
-0.002966	0.9901	0.07311
-0.003231	0.9871	0.06589
0.006368	0.9954	0.06449
0.01479	1.003	0.06471
0.0163	1.002	0.06114
0.01534	0.9978	0.06027
0.01511	0.9954	0.06201
0.01403	0.9973	0.06368
0.01472	0.9977	0.06701
0.01404	0.9958	0.06871
0.008771	0.9981	0.0666
0.008798	0.9976	0.06428
0.01082	0.9957	0.06532
0.003726	0.996	0.07091
-0.001904	0.9936	0.07393
0.002064	0.9939	0.07149
0.008646	0.9946	0.07144
0.01327	0.9948	0.07027
0.01373	1.001	0.0661
0.01421	1.005	0.06643
0.01612	1	0.06622
0.01448	0.9881	0.06429
0.01462	0.978	0.06547
0.01432	0.9812	0.06454
0.01069	0.9962	0.05784
0.01259	1.008	0.05234
0.01195	1.008	0.05837
0.005747	1.008	0.06993
0.005229	1.006	0.07447
0.005975	0.9953	0.07295
0.004622	0.994	0.0719
0.005182	0.9931	0.07258
0.007194	0.9883	0.06883
0.01022	0.9918	0.06631
0.01247	0.9986	0.07036
0.01251	1.006	0.07278
0.01258	1.004	0.07263
0.01264	0.9948	0.06541
0.01229	0.9902	0.05491
0.01436	0.9815	0.05529
0.0142	0.9776	0.06269
0.008427	0.9881	0.06959
0.005556	1.002	0.07195
0.005649	1.008	0.06852
0.005756	1.004	0.06498
0.01017	1.005	0.06609
0.01399	1.006	0.06684
0.01587	1.001	0.0639
0.01898	0.9964	0.06547
0.01426	0.9927	0.06723
0.006499	0.9925	0.06626
0.006809	0.9932	0.06674
0.008277	0.9921	0.06477
0.008414	0.9936	0.06773
0.00729	0.9953	0.07347
0.005814	0.9967	0.07202
0.007802	0.9972	0.06845
0.008558	0.9979	0.06656
0.009436	0.9985	0.06812
0.00957	0.9946	0.06735
0.008833	0.9937	0.06204
0.01455	0.9964	0.05916
0.01786	0.9954	0.05871
0.01526	0.9955	0.06448
0.01235	0.9993	0.07522
0.008735	0.9956	0.07708
0.009063	0.9984	0.06959
0.01171	1.002	0.06647
0.01014	0.9991	0.06137
0.008104	0.9942	0.06006
0.008185	0.9916	0.06193
0.008288	0.9941	0.06396
0.01063	0.9953	0.06765
0.01172	0.9943	0.06959
0.00812	0.9976	0.06757
0.00954	0.9979	0.06515
0.01259	0.9966	0.06598
0.006137	0.9973	0.07127
0.0007705	0.9951	0.07395
0.004674	0.9954	0.07119
0.01094	0.9959	0.07088
0.01507	0.9959	0.06951
0.01495	1.002	0.06525
0.01483	1.005	0.06556
0.01618	1	0.06542
0.01406	0.988	0.06361
0.01385	0.9776	0.06496
0.01333	0.9807	0.06421
0.009609	0.9956	0.05771
0.01154	1.008	0.05237
0.01101	1.007	0.05855
0.004991	1.008	0.07021
0.004693	1.006	0.07482
0.005671	0.995	0.07333
0.004537	0.9939	0.07226
0.005288	0.9931	0.0729
0.007449	0.9884	0.06909
0.01058	0.992	0.0665
0.01288	0.9989	0.07047
0.01292	1.006	0.07282
0.01296	1.004	0.07261
0.01297	0.995	0.06534
0.01254	0.9903	0.0548
0.01452	0.9816	0.05516
0.01427	0.9776	0.06256
0.008423	0.9882	0.06946
0.005489	1.002	0.07184
0.005535	1.008	0.06844
0.005614	1.004	0.06493
0.01002	1.005	0.06607
0.01384	1.005	0.06683
0.01574	1	0.06392
0.01887	0.9963	0.06551
0.01419	0.9927	0.06727
0.006457	0.9925	0.06631
0.006797	0.9932	0.06679
0.008291	0.9921	0.06481
0.008448	0.9937	0.06777
0.007337	0.9953	0.07349
0.005869	0.9967	0.07203
0.007857	0.9972	0.06846
0.008609	0.9979	0.06655
0.009479	0.9985	0.06811
0.009602	0.9946	0.06733
0.008854	0.9937	0.06202
0.01456	0.9964	0.05914
0.01786	0.9954	0.05869
0.01525	0.9955	0.06447
0.01233	0.9993	0.07521
0.008503	1.001	0.081
0.009314	0.9991	0.07414
0.01331	0.9949	0.05519
0.01254	0.9914	0.05015
0.007242	0.9906	0.06702
0.004336	0.9949	0.07193
0.006747	1.001	0.06451
0.007736	1.002	0.06597
0.008436	1.001	0.0654
0.01	0.9985	0.0657
0.009227	0.9928	0.07248
0.01024	0.9898	0.07182
0.01104	0.9918	0.06996
0.01202	0.9964	0.06894
0.01402	1.002	0.06549
0.01233	0.9993	0.06818
0.01215	0.9913	0.07052
0.0112	0.989	0.0684
0.006317	0.9912	0.06664
0.007479	0.9953	0.06373
0.0156	0.9994	0.06086
0.0201	1.001	0.06108
0.01498	1.002	0.06333
0.008433	1.003	0.06526
0.001902	1.001	0.06884
-0.003673	0.9972	0.07176
0.002696	0.9935	0.06849
0.009386	0.9947	0.06223
0.01127	0.997	0.05894
0.01537	0.9969	0.06296
0.01441	0.9962	0.06989
0.01407	0.9921	0.07359
0.01451	0.9901	0.07321
0.01197	0.9925	0.06831
0.01334	0.9943	0.0666
0.01196	0.9964	0.06675
0.007992	0.9967	0.06509
0.006346	0.9966	0.0686
0.005489	0.9982	0.07007
0.006799	0.9975	0.06734
0.00912	0.9975	0.06544
0.01269	0.9985	0.06296
0.01288	0.9982	0.06383
0.01005	0.9984	0.06474
0.01082	0.9978	0.0634
0.01268	0.997	0.06011
0.0149	0.9963	0.06044
0.01101	0.9939	0.07525
-4.94e-05	0.9942	0.08085
-0.0003909	0.9979	0.06849
0.012	0.999	0.06609
0.01872	0.9959	0.06669
0.01494	0.9933	0.06437
0.01079	0.9938	0.0701
0.007986	0.9939	0.06941
0.007892	0.9936	0.06212
0.01123	0.9951	0.06019
0.01471	0.9975	0.06043
0.01767	0.9994	0.0644
0.01105	1	0.06984
0.005435	0.9989	0.07068
0.009742	0.9939	0.06858
0.006497	0.9898	0.06799
0.004132	0.9912	0.071
0.006246	1.007	0.06889
0.00869	1.003	0.07023
0.01426	0.9972	0.05603
0.01477	0.9924	0.05328
0.01032	0.9905	0.07075
0.007822	0.9942	0.07521
0.01021	0.9995	0.06678
0.01083	1.001	0.06703
0.01091	1	0.06532
0.0117	0.9974	0.06469
0.01012	0.992	0.07084
0.01036	0.9893	0.06986
0.0105	0.9916	0.06797
0.01098	0.9965	0.06716
0.01266	1.002	0.06408
0.01082	0.9997	0.06724
0.01066	0.9918	0.07008
0.009849	0.9895	0.06843
0.005218	0.9917	0.06707
0.006685	0.9958	0.06445
0.01513	0.9997	0.06176
0.01994	1.001	0.06205
0.01511	1.003	0.06427
0.008773	1.003	0.06608
0.002393	1.001	0.0695
-0.003098	0.9971	0.07221
0.003289	0.9934	0.06874
0.009941	0.9945	0.06228
0.01174	0.9968	0.05882
0.01574	0.9968	0.06271
0.01465	0.9961	0.06955
0.01419	0.992	0.07321
0.01452	0.99	0.07282
0.01189	0.9925	0.06796
0.01319	0.9944	0.06631
0.01176	0.9965	0.06653
0.007777	0.9968	0.06495
0.006135	0.9967	0.06854
0.0053	0.9982	0.07008
0.006645	0.9975	0.0674
0.009008	0.9975	0.06555
0.01263	0.9985	0.06309
0.01286	0.9982	0.06397
0.01007	0.9984	0.06487
0.01086	0.9978	0.06352
0.01274	0.997	0.06021
0.01497	0.9963	0.06051
0.01109	0.9939	0.07529
2.444e-05	0.9942	0.08086
-0.0003278	0.9979	0.06847
0.01205	0.9989	0.06606
0.01875	0.9959	0.06665
0.01495	0.9933	0.06432
0.01079	0.9938	0.07005
0.007975	0.9939	0.06936
0.007871	0.9936	0.06208
0.01121	0.9951	0.06016
0.01468	0.9975	0.06041
0.01764	0.9995	0.06439
0.01102	1	0.06984
0.005415	0.9989	0.07069
0.009727	0.9939	0.06859
0.006488	0.9898	0.06801
0.004129	0.9912	0.07102
0.007083	0.9949	0.06938
0.008849	1.008	0.06146
0.01253	1.014	0.0592
0.008948	0.9937	0.06568
0.008545	0.9872	0.07124
0.01478	0.9996	0.07095
0.01429	0.9976	0.06917
0.01403	0.997	0.06653
0.01255	0.995	0.06366
0.0107	0.9832	0.06151
0.01133	0.9846	0.06064
0.008243	0.9929	0.06599
0.007811	1.001	0.07122
0.009875	1.006	0.07119
0.009313	0.9998	0.07139
0.007686	0.9961	0.07114
0.006572	0.996	0.07012
0.00828	0.9929	0.06885
0.01048	0.9936	0.06554
0.01187	0.9991	0.06225
0.01313	1.004	0.06104
0.01326	1.003	0.06108
0.01188	1	0.06245
0.009527	0.9986	0.06475
0.008776	0.994	0.06677
0.008746	0.9909	0.07002
0.009259	0.9896	0.07067
0.01013	0.9892	0.06767
0.009386	0.9918	0.06817
0.01213	0.9939	0.07031
0.01516	0.9966	0.06947
0.01318	1.001	0.06467
0.0129	1.003	0.06098
0.01146	0.9992	0.06398
0.006779	0.9933	0.06737
0.005255	0.9944	0.06914
0.005639	1.001	0.06953
0.007649	1.002	0.06689
0.01038	0.9951	0.06551
0.009969	0.993	0.06622
0.007276	0.999	0.07014
0.005207	0.9988	0.07135
0.008747	0.995	0.06276
0.01658	0.9911	0.05598
0.01947	0.9894	0.0607
0.01552	0.9951	0.07545
0.01066	0.997	0.08207
0.008511	0.9961	0.06702
0.009595	0.9984	0.05787
0.01185	0.9963	0.0615
0.01101	0.9935	0.0598
0.009167	0.9956	0.06564
0.009269	1.001	0.07157
0.009827	1.002	0.06697
0.01158	0.9998	0.06645
0.01008	1.001	0.06313
0.003345	1.003	0.06553
-0.0008872	1.007	0.07824
0.0004361	1.007	0.07999
0.008742	0.9878	0.07596
0.01952	0.9674	0.06605
0.02177	0.9669	0.0558
0.01999	0.9759	0.05849
0.01866	0.9923	0.05699
0.019	0.9963	0.07525
0.008689	1.018	0.06205
0.005534	1.027	0.05735
-0.001019	1.008	0.06325
-0.0017	0.9992	0.06936
0.005977	1.009	0.07018
0.007861	1.003	0.06963
0.0103	0.9988	0.06809
0.01142	0.9937	0.06601
0.01177	0.9796	0.06428
0.01403	0.9794	0.06347
0.01195	0.987	0.06855
0.01193	0.9951	0.07329
0.01388	1.001	0.07261
0.0128	0.9956	0.07212
0.01038	0.9931	0.0712
0.008339	0.9943	0.0696
0.009098	0.9926	0.06789
0.01043	0.9943	0.06429
0.01109	1.001	0.06087
0.01182	1.007	0.05967
0.01163	1.005	0.05984
0.01014	1.002	0.06144
0.007847	1.001	0.06402
0.007303	0.9958	0.06633
0.007581	0.9923	0.06988
0.008457	0.9904	0.07078
0.009707	0.9895	0.06798
0.009309	0.9916	0.06862
0.01235	0.9934	0.07084
0.01562	0.9958	0.07001
0.01379	0.9999	0.06518
0.01357	1.002	0.06142
0.01214	0.9983	0.06433
0.007391	0.9926	0.0676
0.005764	0.9938	0.06926
0.006017	1	0.06954
0.007885	1.002	0.06681
0.01048	0.9951	0.06537
0.009944	0.9931	0.06604
0.007152	0.9992	0.06994
0.005012	0.9991	0.07115
0.008511	0.9953	0.06259
0.01633	0.9915	0.05584
0.01923	0.9897	0.0606
0.01531	0.9953	0.07538
0.0105	0.9971	0.08204
0.008399	0.9962	0.06703
0.009535	0.9984	0.05791
0.01184	0.9963	0.06156
0.01104	0.9935	0.05987
0.009227	0.9955	0.06571
0.00935	1.001	0.07164
0.009917	1.002	0.06703
0.01167	0.9996	0.0665
0.01016	1.001	0.06316
0.003413	1.003	0.06554
-0.000837	1.007	0.07824
0.0004673	1.007	0.07998
0.008754	0.9878	0.07594
0.01952	0.9674	0.06602
0.02175	0.967	0.05577
0.01997	0.9759	0.05846
0.01862	0.9923	0.05697
0.01334	1.008	0.05752
0.01102	1.011	0.06799
0.008399	1.013	0.07015
-0.0007521	1.014	0.06897
-0.0006832	1.006	0.0704
0.007872	1	0.06995
0.01071	0.9955	0.06932
0.01022	0.9915	0.06839
0.009858	0.9948	0.06847
0.009532	0.9957	0.06861
0.01002	0.9915	0.06774
0.012	0.9927	0.06906
0.01315	0.9931	0.06673
0.0122	0.9875	0.05066
0.01321	0.9861	0.03899
0.01501	0.9935	0.05699
0.01375	1.005	0.08157
0.007509	1.01	0.08596
0.001713	0.9991	0.0831
0.004277	0.9868	0.07934
0.009815	0.9857	0.07104
0.01358	0.9937	0.0682
0.01529	1.001	0.07026
0.0141	1.002	0.06476
0.01114	1.001	0.05841
0.008911	1.002	0.05804
0.01277	1.002	0.05818
0.01301	1.001	0.05843
0.004212	0.9949	0.05479
0.001906	0.9882	0.05402
0.004182	0.9888	0.06196
0.005804	0.9913	0.06988
0.01221	0.9958	0.07806
0.01765	1	0.07951
0.01745	0.9967	0.07445
0.01429	0.9939	0.07121
0.01246	0.9947	0.06955
0.01322	0.9959	0.07414
0.01206	0.9978	0.07173
0.007907	0.9975	0.06263
0.004277	0.9967	0.06223
0.003134	0.9968	0.06065
0.004216	0.9996	0.06052
0.008223	1.002	0.06443
0.012	0.9991	0.06557
0.01273	0.9982	0.06744
0.0147	0.9991	0.06885
0.01618	0.9972	0.07066
0.01413	0.993	0.06896
0.01069	0.9848	0.06208
0.008459	0.983	0.06127
0.009669	0.9892	0.06735
0.007602	0.9966	0.06963
0.003738	1.004	0.06575
0.003779	1.006	0.0652
0.00472	1.006	0.06706
0.01452	1.003	0.0699
0.02223	0.9984	0.07506
0.01512	0.9972	0.07282
0.01082	0.9892	0.06868
0.005967	0.9818	0.06621
0.003351	0.9824	0.05898
0.01602	0.9896	0.05573
0.01936	1.005	0.05827
0.007679	1.011	0.06206
0.01006	1.005	0.06866
0.01031	1.002	0.06947
0.002598	1.001	0.06833
0.003073	0.9944	0.07043
0.01133	0.9907	0.07077
0.01344	0.9892	0.07077
0.01203	0.9885	0.07018
0.01071	0.9949	0.07026
0.009523	0.9983	0.07014
0.009328	0.9959	0.0688
0.01083	0.9981	0.06953
0.01172	0.9987	0.06661
0.01071	0.9927	0.05001
0.01184	0.9905	0.03792
0.01386	0.9968	0.05565
0.01291	1.007	0.08013
0.007014	1.011	0.08455
0.001551	0.9988	0.08185
0.004408	0.9856	0.07834
0.01018	0.9839	0.07035
0.0141	0.9915	0.06784
0.0159	0.9989	0.0702
0.01472	0.9998	0.06497
0.01173	0.9994	0.05883
0.009404	1.001	0.05861
0.01314	1.001	0.05882
0.01325	1	0.05907
0.004321	0.9948	0.05539
0.001895	0.9885	0.05452
0.004072	0.9895	0.06234
0.005622	0.9921	0.07013
0.01199	0.9966	0.07819
0.01741	1.001	0.07951
0.01722	0.9975	0.07435
0.01408	0.9946	0.07105
0.01229	0.9952	0.06934
0.0131	0.9961	0.07391
0.012	0.9979	0.0715
0.007888	0.9975	0.06243
0.004299	0.9965	0.06207
0.003188	0.9965	0.06053
0.004292	0.9993	0.06045
0.00831	1.002	0.06441
0.01209	0.9988	0.06558
0.01281	0.9979	0.06749
0.01477	0.9989	0.06892
0.01623	0.9971	0.07074
0.01416	0.993	0.06904
0.0107	0.9848	0.06215
0.008458	0.9831	0.06134
0.009655	0.9893	0.0674
0.007577	0.9967	0.06966
0.003708	1.004	0.06577
0.003746	1.006	0.06521
0.004689	1.006	0.06705
0.01449	1.003	0.06988
0.02221	0.9985	0.07504
0.01511	0.9972	0.07279
0.01081	0.9892	0.06865
0.005965	0.9818	0.06619
0.003354	0.9824	0.05896
0.01602	0.9896	0.05572
0.01937	1.005	0.05826
0.009043	1.01	0.06232
0.004127	1.008	0.06688
0.004842	1.006	0.06791
0.01258	0.9946	0.0693
0.0191	0.9904	0.07277
0.01271	0.9883	0.07269
0.004706	0.9847	0.07145
0.0009222	0.9972	0.06998
0.001064	1.008	0.06707
0.01073	1.006	0.06759
0.01571	0.9959	0.06655
0.00987	0.9837	0.06498
0.008709	0.9856	0.07147
0.01106	0.9935	0.07044
0.01582	0.9962	0.05653
0.01998	0.9994	0.05228
0.01341	1.002	0.06314
0.009154	1.003	0.0725
0.01014	1.001	0.07322
0.00732	0.9954	0.06837
0.008029	0.994	0.06043
0.008363	0.994	0.06193
0.005397	0.9952	0.074
0.00704	0.9979	0.07537
0.01085	0.999	0.06403
0.01275	0.9983	0.06026
0.01132	0.997	0.0668
0.01048	0.9953	0.06691
0.01192	0.9923	0.06393
0.0124	0.9914	0.06755
0.01253	0.9925	0.06961
0.007913	0.9935	0.06969
0.00479	0.9974	0.06872
0.01043	1.002	0.06704
0.01438	1.004	0.06747
0.01323	0.998	0.06815
0.006541	0.9888	0.07123
0.003193	0.9892	0.06997
0.01209	0.9964	0.0634
0.01455	1.001	0.06194
0.01049	1.004	0.06288
0.01218	1.003	0.06194
0.01049	0.9973	0.06056
0.008262	0.9878	0.06276
0.00982	0.9869	0.0647
0.01166	0.9915	0.06099
0.01493	0.9942	0.06281
0.01351	1.003	0.0736
0.008416	1.008	0.08008
0.004	1.004	0.07867
0.001111	1.001	0.0774
0.005894	0.9944	0.07238
0.01266	0.9872	0.06437
0.01573	0.9914	0.06488
0.01615	0.9934	0.06548
0.01208	0.9915	0.06228
0.0101	0.9935	0.05726
0.01041	0.9931	0.05307
0.00687	0.9948	0.06084
0.006143	0.992	0.06491
0.0113	0.9874	0.06272
0.01393	0.9998	0.06852
0.01246	1.011	0.07228
0.01189	1.012	0.07479
0.01116	1.013	0.07952
0.006081	1.006	0.07244
0.006452	1	0.06583
0.01375	0.988	0.06282
0.01982	0.9835	0.06436
0.01301	0.982	0.06418
0.004652	0.9797	0.06404
0.0006032	0.9937	0.06438
0.0005754	1.006	0.06357
0.01016	1.005	0.06616
0.01514	0.9968	0.06694
0.009361	0.9856	0.06678
0.008303	0.988	0.07422
0.01079	0.9962	0.07368
0.01567	0.9988	0.05983
0.01996	1.002	0.0553
0.01349	1.004	0.06563
0.009319	1.005	0.07429
0.01035	1.001	0.07426
0.00756	0.9956	0.06869
0.008265	0.9937	0.06013
0.008575	0.9933	0.06112
0.005569	0.9943	0.07285
0.007164	0.9969	0.07404
0.01092	0.998	0.06268
0.01277	0.9973	0.059
0.0113	0.9962	0.06574
0.01043	0.9947	0.06611
0.01184	0.9919	0.06342
0.01231	0.9913	0.06732
0.01243	0.9926	0.06964
0.007826	0.9937	0.06993
0.004717	0.9977	0.06911
0.01037	1.002	0.06752
0.01435	1.004	0.06799
0.01321	0.9984	0.06864
0.00654	0.9891	0.07167
0.003207	0.9895	0.07032
0.01211	0.9966	0.06364
0.01458	1.001	0.06208
0.01052	1.004	0.06291
0.01221	1.003	0.06189
0.01052	0.9972	0.06044
0.008286	0.9876	0.0626
0.009838	0.9868	0.06452
0.01167	0.9914	0.06081
0.01494	0.9941	0.06263
0.01351	1.003	0.07345
0.008409	1.008	0.07997
0.003989	1.004	0.0786
0.001099	1.001	0.07737
0.005881	0.9944	0.07238
0.01265	0.9872	0.0644
0.01572	0.9914	0.06493
0.01614	0.9935	0.06554
0.01207	0.9915	0.06235
0.0101	0.9935	0.05732
0.01041	0.9932	0.05313
0.006872	0.9948	0.06089
0.006146	0.992	0.06494
0.01131	0.9874	0.06274
0.01394	0.9998	0.06853
0.01246	1.011	0.07227
0.01189	1.012	0.07477
0.01092	1.012	0.07465
0.009654	1.005	0.07115
0.009647	0.9965	0.07064
0.009011	0.9904	0.06551
0.009921	0.987	0.06461
0.01114	0.9868	0.06702
0.008705	0.9886	0.06373
0.004111	0.9917	0.06508
0.002236	0.9922	0.06467
0.008057	0.994	0.06332
0.01651	0.9963	0.06811
0.02001	0.994	0.06761
0.0179	0.9946	0.06635
0.01089	0.9981	0.06994
0.00662	1	0.06837
0.00752	1.001	0.06027
0.005037	1.002	0.0575
0.004521	1.001	0.06449
0.01117	0.9995	0.06589
0.01456	0.9987	0.06422
0.01391	0.9982	0.07275
0.01334	0.9984	0.07891
0.01067	0.9964	0.07633
0.006879	0.9912	0.06718
0.005613	0.9885	0.05912
0.01081	0.9898	0.06252
0.01609	0.9932	0.0643
0.01345	0.9959	0.06681
0.008092	0.9965	0.07241
0.00474	0.9987	0.06838
0.005024	1	0.06757
0.00685	0.9997	0.06574
0.01072	0.9996	0.06164
0.0161	0.9989	0.07038
0.01468	0.9995	0.07168
0.01356	0.9981	0.06444
0.01257	0.9897	0.06521
0.006232	0.9866	0.06667
0.006541	0.9921	0.06447
0.00896	0.9951	0.05853
0.01124	0.9983	0.05684
0.01687	1.002	0.06125
0.01482	1.002	0.06495
0.00684	0.9993	0.0716
0.003095	0.9961	0.07462
0.007941	0.9926	0.0725
0.01106	0.9929	0.07344
0.009516	0.9959	0.07282
0.01359	0.9997	0.07089
0.01264	0.9988	0.06888
0.006532	0.9925	0.06521
0.004965	0.9894	0.06437
0.005893	0.9924	0.06443
0.01075	0.9993	0.06422
0.01427	1.003	0.06571
0.016	1.001	0.06412
0.01671	1	0.05764
0.01206	0.9982	0.05644
0.008232	0.9951	0.06596
0.007674	0.9941	0.0698
0.008411	0.9914	0.06819
0.008732	0.9912	0.07633
0.008814	0.9929	0.07699
0.009877	0.9944	0.06657
0.007507	1.001	0.05836
0.009999	1.002	0.06404
0.01209	0.9984	0.06938
0.01231	0.9959	0.0676
0.01321	0.9944	0.06823
0.01389	0.9948	0.07092
0.01062	0.9961	0.06715
0.0051	0.998	0.06758
0.002357	0.9968	0.06611
0.00746	0.9968	0.06375
0.01539	0.9972	0.06769
0.0186	0.9934	0.06657
0.0164	0.9927	0.06495
0.009473	0.9954	0.06842
0.005416	0.9969	0.06692
0.006619	0.998	0.05905
0.00448	0.9986	0.0566
0.004306	0.9983	0.06396
0.01126	0.9976	0.06572
0.0149	0.9975	0.06437
0.01442	0.9978	0.07316
0.01396	0.9986	0.07949
0.01131	0.9971	0.077
0.007486	0.9922	0.06787
0.006134	0.9897	0.05975
0.01121	0.991	0.06306
0.01635	0.9944	0.0647
0.01358	0.997	0.06707
0.008099	0.9973	0.07252
0.004642	0.9993	0.06835
0.004847	1.001	0.06744
0.006624	0.9997	0.06553
0.01047	0.9994	0.06138
0.01586	0.9986	0.07011
0.01447	0.999	0.07141
0.01338	0.9976	0.06421
0.01245	0.9893	0.06502
0.006155	0.9862	0.06654
0.006514	0.9918	0.0644
0.008976	0.9948	0.05851
0.01129	0.9981	0.05687
0.01695	1.002	0.06131
0.01491	1.002	0.06504
0.00693	0.9994	0.0717
0.00318	0.9963	0.07472
0.008014	0.9928	0.07259
0.01112	0.9931	0.07352
0.009553	0.9961	0.07288
0.01361	0.9998	0.07093
0.01264	0.9989	0.0689
0.006519	0.9926	0.0652
0.004942	0.9894	0.06435
0.005863	0.9924	0.0644
0.01072	0.9993	0.06419
0.01424	1.003	0.06568
0.01597	1.001	0.06409
0.01669	1	0.0576
0.01205	0.9981	0.05642
0.008222	0.995	0.06595
0.007671	0.994	0.06979
0.008413	0.9913	0.06819
0.008739	0.9912	0.07634
0.008824	0.9929	0.077
0.009889	0.9944	0.06658
0.009819	0.9999	0.06499
0.01035	1.003	0.06618
0.01083	1.002	0.06465
0.01087	0.9989	0.06433
0.01137	0.9903	0.06426
0.01006	0.9857	0.06568
0.009025	0.9915	0.06678
0.008188	0.9991	0.06752
0.008688	1.002	0.06865
0.0125	1	0.06824
0.01352	0.9985	0.06684
0.01192	0.9971	0.06578
0.01223	0.994	0.06668
0.01143	0.9954	0.06801
0.009514	0.9992	0.06745
0.01006	1.003	0.06479
0.009698	1.002	0.06319
0.006351	0.9898	0.06578
0.003932	0.9805	0.06655
0.003412	0.984	0.06579
0.007207	0.9927	0.06792
0.01681	1.007	0.06812
0.02081	1.011	0.06794
0.01624	1.005	0.06888
0.01442	1.003	0.06851
0.01117	0.9959	0.06816
0.005389	0.9866	0.0651
0.005766	0.9868	0.06076
0.005302	0.9923	0.06212
0.005181	0.998	0.06924
0.008705	0.9964	0.07276
0.009231	0.995	0.06869
0.009976	0.9961	0.06605
0.01076	0.9964	0.06683
0.01338	0.9992	0.06806
0.01559	0.998	0.06865
0.0121	0.9982	0.06691
0.01471	0.9995	0.06609
0.01648	0.9966	0.0649
0.01083	0.9956	0.06308
0.009214	0.993	0.06358
0.006839	0.993	0.06438
0.005706	0.9955	0.06565
0.008168	0.9934	0.06565
0.007232	0.9953	0.06536
0.005261	1.001	0.06758
0.004745	1.006	0.07058
0.009135	1.002	0.07248
0.01206	0.9938	0.06882
0.01087	0.9906	0.06514
0.01405	0.9915	0.06628
0.01555	0.9961	0.06594
0.01491	0.9989	0.06649
0.01348	0.996	0.06621
0.01026	0.9932	0.06302
0.01119	0.9897	0.065
0.01085	0.9908	0.06798
0.009096	0.9991	0.06841
0.007032	1.004	0.07202
0.004718	1.001	0.07313
0.009771	0.9966	0.06807
0.01231	0.9956	0.0644
0.009206	0.9965	0.06329
0.006753	0.9975	0.06272
-0.04612	1.068	0.03077
0.009081	0.9808	0.05123
0.05545	0.9285	0.07306
0.05349	0.9261	0.06517
0.05437	0.9856	0.09404
0.0322	1.049	0.1136
-0.001115	0.997	0.09131
-0.01964	0.9998	0.1081
-0.001237	1.017	0.09026
-0.0003961	1.012	0.03641
-0.03364	1.068	0.02693
-0.02178	1.042	0.02114
-0.01541	0.9944	0.02648
-0.0223	0.9705	0.0454
0.003791	0.9212	0.0512
0.02046	0.9383	0.05925
0.03992	0.9549	0.06976
0.05274	0.9848	0.09727
0.04125	1.027	0.1096
0.03281	1.015	0.08312
0.01947	1.025	0.07638
0.0178	1.004	0.07968
0.02643	0.9873	0.062
0.02235	1.007	0.05247
0.01869	0.9891	0.05419
0.01379	1.001	0.05351
0.004852	1.016	0.05762
-0.008003	1.019	0.06567
-0.02271	1.034	0.0752
-0.02351	1.014	0.08576
-0.01556	0.9874	0.08062
-0.006441	0.9587	0.0576
0.005321	0.9395	0.04514
0.01209	0.9431	0.06328
0.01368	0.9571	0.08618
0.01456	1.002	0.08364
0.01807	1.037	0.06882
0.02741	1.05	0.05973
0.03281	1.047	0.06052
0.02676	1.018	0.06415
0.01255	1.001	0.06474
-0.007422	0.9828	0.06389
-0.01393	0.9564	0.05813
0.01381	0.957	0.05662
0.04426	0.9826	0.05591
0.03866	0.9982	0.05286
0.01658	0.9909	0.06758
0.003881	0.9998	0.08976
-0.0007381	1.013	0.09491
-0.001717	1.008	0.08027
-0.0006024	1.003	0.06612
-0.001018	0.9918	0.06342
-0.009985	0.9931	0.05957
-0.01032	1.002	0.06084
0.007666	1	0.06281
0.01866	1.001	0.055
0.02203	0.998	0.05244
0.02295	1	0.05904
0.01647	1.01	0.07136
0.01286	1.007	0.07986
0.01344	0.9912	0.07927
0.01682	0.9786	0.07554
0.01596	0.982	0.06386
0.00866	0.9873	0.05605
0.01149	0.9875	0.06351
0.01747	0.985	0.07307
0.017	0.9836	0.07511
0.01342	1.004	0.06643
0.001505	1.024	0.0618
-0.006528	1.021	0.06735
-0.0006428	1.001	0.06335
0.006899	0.9758	0.05599
0.009458	0.9771	0.0602
0.003901	0.99	0.07459
0.002143	0.9975	0.08117
0.01398	1.008	0.06558
0.01858	1.002	0.05922
0.0156	0.9889	0.06256
0.01462	0.9846	0.0568
0.00921	0.9954	0.07046
0.007371	1.019	0.083
0.01063	1.029	0.07223
0.0209	1.031	0.06732
0.02904	1.013	0.06343
0.01459	0.968	0.06205
0.005249	0.9452	0.0674
0.005642	0.9404	0.06545
-0.003041	0.9568	0.06732
0.0002596	1.012	0.06862
0.00771	1.039	0.06267
0.01009	1.029	0.06194
0.013	1.018	0.065
0.004847	0.9928	0.07039
0.001948	0.9851	0.07231
0.01089	0.9988	0.06665
0.01826	0.9938	0.06249
0.02582	0.991	0.05883
0.02656	0.9948	0.05968
0.01522	0.9974	0.0733
0.003403	1.003	0.08124
0.001452	0.9975	0.07118
0.001636	0.9948	0.06269
0.00118	0.9912	0.06313
0.005793	0.9753	0.06592
0.007571	0.9783	0.06834
0.00944	1.001	0.06496
0.01227	1.015	0.06691
0.01198	1.011	0.07137
0.01461	1.004	0.06185
0.01294	1.004	0.0577
0.01117	1.001	0.06266
0.01702	0.9961	0.06316
0.01763	0.9874	0.06775
0.01448	0.9821	0.07162
0.01339	0.9846	0.07125
0.008646	0.9877	0.07231
0.00372	0.9917	0.06781
0.004255	0.9933	0.06254
0.006178	1	0.06371
0.008784	1.009	0.06753
0.01146	1.007	0.07505
0.009463	1.006	0.08045
0.006593	0.9992	0.07806
0.005163	0.9921	0.07245
0.004382	0.9975	0.06235
0.008511	0.9995	0.05388
0.01791	0.998	0.05477
0.02096	0.9911	0.05592
0.002882	0.9874	0.05198
0.01473	0.9863	0.06434
0.01883	0.9845	0.07024
0.01837	1.004	0.06556
0.008153	1.022	0.06443
0.0005503	1.018	0.07262
0.00586	0.9964	0.07025
0.01212	0.9711	0.06347
0.01298	0.9725	0.06739
0.005589	0.986	0.08076
0.002091	0.9945	0.08586
0.01245	1.006	0.06855
0.01594	1.001	0.06046
0.01228	0.9892	0.06221
0.01103	0.9858	0.05515
0.005734	0.9972	0.06787
0.004308	1.022	0.07985
0.008198	1.032	0.06891
0.01922	1.033	0.06416
0.02813	1.015	0.06069
0.01442	0.9695	0.0599
0.005709	0.9463	0.06594
0.006588	0.941	0.06471
-0.001773	0.9569	0.06723
0.001684	1.012	0.06909
0.009139	1.039	0.06355
0.0114	1.028	0.06309
0.01409	1.017	0.06628
0.005662	0.9919	0.07166
0.002464	0.9842	0.07346
0.01111	0.9981	0.06759
0.01822	0.9933	0.06319
0.02557	0.9906	0.05926
0.02615	0.9947	0.05984
0.01472	0.9974	0.07324
0.002877	1.003	0.081
0.0009472	0.9978	0.07081
0.001194	0.9951	0.06224
0.0008291	0.9915	0.06266
0.005549	0.9756	0.06548
0.007437	0.9786	0.06796
0.009409	1.001	0.06466
0.01233	1.015	0.06671
0.0121	1.011	0.07126
0.01478	1.004	0.06184
0.01313	1.004	0.05776
0.01136	1.001	0.06278
0.0172	0.996	0.06331
0.01778	0.9873	0.06792
0.01459	0.9819	0.07179
0.01346	0.9845	0.0714
0.008675	0.9876	0.07244
0.003714	0.9916	0.0679
0.004221	0.9933	0.06259
0.006124	1	0.06373
0.008718	1.009	0.06752
0.01139	1.007	0.07502
0.009395	1.006	0.0804
0.006534	0.9993	0.078
0.005116	0.9922	0.07239
0.00435	0.9975	0.06229
0.008493	0.9996	0.05383
0.01791	0.9981	0.05473
0.02097	0.9911	0.0559
0.01062	0.9858	0.05677
0.004654	0.9936	0.06175
0.009575	0.9962	0.06606
0.01551	0.9955	0.06669
0.02154	0.9988	0.06124
0.01668	0.9984	0.06039
0.003855	0.9979	0.07305
0.001727	0.9935	0.08069
0.006843	0.9884	0.07795
0.009023	0.9938	0.07674
0.007873	1.002	0.07341
0.009565	1.004	0.06916
0.01074	0.9979	0.06837
0.009601	0.9945	0.06612
0.01226	0.9971	0.06419
0.01127	0.9951	0.06248
0.00943	0.9941	0.06145
0.01071	0.9944	0.06482
0.009279	0.9919	0.06557
0.01163	0.9983	0.06216
0.01579	1.006	0.06103
0.01514	1.004	0.06175
0.009082	0.9936	0.06214
0.0029	0.9877	0.06496
0.005412	0.9936	0.07016
0.009594	0.9962	0.07133
0.01059	0.9949	0.07093
0.009299	0.9991	0.07259
0.008513	0.9984	0.0717
0.01424	0.9957	0.06781
0.01681	0.9953	0.06331
0.01463	0.9947	0.0632
0.01274	0.9956	0.06652
0.008167	0.9931	0.06702
0.00655	0.9934	0.06819
0.005016	0.9989	0.06932
0.00266	0.9996	0.06947
0.007242	0.9986	0.06982
0.01227	0.9998	0.06411
0.01448	1.001	0.05958
0.01526	0.9993	0.06104
0.01319	0.9957	0.06003
0.01053	0.9929	0.06149
0.009216	0.9912	0.0687
0.01088	0.9887	0.07762
0.01147	0.9894	0.08
0.01014	0.998	0.06857
0.01228	1.001	0.06295
0.01243	0.9954	0.06726
0.007346	0.9978	0.06287
0.003777	1.01	0.05944
0.00424	1.017	0.06219
0.0062	1.005	0.06621
0.006895	0.9781	0.07119
0.009117	0.9679	0.06877
0.0165	0.979	0.06762
0.02111	0.9902	0.06962
0.01688	1.004	0.0661
0.012	1.014	0.06437
0.008452	1.008	0.06446
0.004108	0.9929	0.07035
0.006701	0.9888	0.07588
0.01494	1.003	0.06701
0.01844	1.007	0.05875
0.01744	0.9911	0.06755
0.0001281	0.9971	0.06665
0.0001022	0.9981	0.06652
0.005351	0.9958	0.06402
0.01326	0.9979	0.05663
0.01153	0.9966	0.05487
0.00215	0.9954	0.06741
0.003141	0.9908	0.07557
0.01067	0.9858	0.07377
0.01438	0.9915	0.07372
0.01387	1	0.07163
0.01541	1.003	0.06856
0.0158	0.9972	0.06879
0.01345	0.9944	0.06733
0.01469	0.9974	0.06594
0.01225	0.9957	0.0645
0.009079	0.995	0.06352
0.009269	0.9954	0.06672
0.007058	0.9929	0.06717
0.008957	0.9993	0.06336
0.01299	1.007	0.0618
0.01248	1.004	0.06209
0.006798	0.9939	0.0621
0.001133	0.9879	0.0646
0.004238	0.9935	0.06957
0.009023	0.996	0.07061
0.01057	0.9946	0.07016
0.009748	0.9987	0.07186
0.009311	0.998	0.07106
0.01526	0.9953	0.0673
0.01792	0.995	0.06295
0.01573	0.9945	0.06301
0.01372	0.9955	0.06648
0.008967	0.993	0.06711
0.007131	0.9934	0.06837
0.005364	0.9989	0.06957
0.002786	0.9997	0.06975
0.007173	0.9988	0.0701
0.01204	0.9999	0.06436
0.01415	1.001	0.0598
0.01487	0.9994	0.0612
0.01278	0.9958	0.06013
0.01015	0.993	0.06153
0.008888	0.9912	0.06869
0.01062	0.9887	0.07757
0.0113	0.9894	0.07991
0.01005	0.9979	0.06847
0.01227	1.001	0.06285
0.01249	0.9953	0.06716
0.00745	0.9977	0.06278
0.003911	1.01	0.05937
0.004388	1.017	0.06214
0.006345	1.005	0.06618
0.007026	0.9781	0.07119
0.009224	0.9679	0.06878
0.01658	0.9789	0.06765
0.02116	0.9902	0.06965
0.0169	1.004	0.06614
0.01199	1.014	0.06441
0.008422	1.008	0.0645
0.004063	0.9929	0.07038
0.006648	0.9888	0.07591
0.01488	1.003	0.06702
0.01839	1.007	0.05875
0.01278	0.9945	0.05944
0.003333	0.995	0.06711
0.0006614	0.9977	0.07289
0.004663	0.9932	0.06627
0.008534	0.9958	0.06382
0.01034	0.9938	0.06592
0.01139	0.9914	0.06394
0.01283	0.9937	0.06517
0.01381	0.9931	0.06592
0.01336	0.9988	0.06721
0.009474	1.008	0.06673
0.006491	1.013	0.06507
0.0103	1	0.07419
0.01488	0.9756	0.0777
0.01432	0.9719	0.07013
0.009842	0.9869	0.06893
0.008552	0.9977	0.06743
0.01349	1.002	0.06507
0.01368	1.001	0.06497
0.007959	1.002	0.0578
0.006783	1.007	0.05602
0.00736	1.006	0.06313
0.00623	1	0.06449
0.007676	0.9983	0.06599
0.00897	1.001	0.06894
0.008569	0.9979	0.06779
0.01022	0.9884	0.06908
0.01234	0.9827	0.07179
0.01326	0.9867	0.07033
0.01343	0.994	0.06585
0.01284	0.9987	0.06364
0.01184	1.005	0.06559
0.01024	1.008	0.06889
0.009344	0.9979	0.07191
0.009104	0.9863	0.07117
0.01009	0.9814	0.06998
0.01187	0.9792	0.06927
0.01068	0.9918	0.06288
0.009051	1.011	0.05953
0.009048	1.011	0.06301
0.009798	1.005	0.06593
0.01047	1.001	0.06723
0.008446	0.9946	0.06662
0.006816	0.9906	0.06692
0.003818	0.9818	0.07001
0.0007647	0.9844	0.07569
0.01035	1.005	0.0738
0.02381	1.018	0.0538
0.02794	1.021	0.0423
0.02703	1.017	0.05462
0.01468	1.001	0.06739
-0.004296	0.9785	0.07438
-0.008205	0.9699	0.07757
-0.002868	0.9705	0.07838
0.004305	0.9748	0.07843
0.01455	0.9925	0.06966
0.01574	1.004	0.06511
0.01334	1.004	0.06833
0.01445	1.006	0.06534
0.01271	1.003	0.06482
0.0121	0.9988	0.06625
0.01089	0.9975	0.06307
0.00959	0.9977	0.05912
0.01239	1.003	0.0574
0.01978	1.001	0.06779
0.006665	0.9987	0.07103
0.001756	0.9998	0.074
0.004503	0.9941	0.06582
0.007772	0.9958	0.06269
0.009387	0.9932	0.06468
0.01048	0.9905	0.06296
0.01208	0.9927	0.06462
0.01326	0.992	0.06584
0.013	0.9978	0.06754
0.009282	1.008	0.06738
0.00642	1.012	0.0659
0.01031	0.9997	0.07508
0.01493	0.9754	0.07854
0.01438	0.9718	0.07083
0.009901	0.9869	0.06943
0.008593	0.9979	0.06771
0.01351	1.002	0.06514
0.01368	1.001	0.06485
0.007942	1.002	0.05753
0.006756	1.007	0.05564
0.007329	1.007	0.0627
0.006202	1	0.06405
0.007655	0.9984	0.06558
0.00896	1.001	0.0686
0.00857	0.9979	0.06753
0.01024	0.9883	0.06892
0.01236	0.9826	0.07172
0.01329	0.9866	0.07035
0.01347	0.9939	0.06593
0.01287	0.9986	0.06377
0.01187	1.005	0.06576
0.01027	1.008	0.06906
0.009368	0.9979	0.07208
0.009121	0.9863	0.07131
0.0101	0.9814	0.0701
0.01187	0.9792	0.06936
0.01068	0.9918	0.06293
0.009044	1.011	0.05954
0.009038	1.011	0.06299
0.009787	1.005	0.06589
0.01045	1.001	0.06717
0.008435	0.9947	0.06656
0.006806	0.9907	0.06685
0.00381	0.9818	0.06995
0.0007595	0.9844	0.07564
0.01034	1.005	0.07377
0.02381	1.018	0.05377
0.02794	1.021	0.04229
0.02703	1.017	0.05462
0.01468	1.001	0.0674
-0.004292	0.9784	0.0744
-0.008201	0.9699	0.07759
-0.002864	0.9705	0.0784
0.004308	0.9748	0.07845
0.01455	0.9925	0.06968
0.01574	1.004	0.06512
0.01334	1.004	0.06834
0.01445	1.006	0.06535
0.01271	1.003	0.06482
0.0121	0.9989	0.06625
0.01089	0.9975	0.06307
0.009588	0.9977	0.05911
0.01239	1.003	0.05739
0.01342	1.004	0.06356
0.0116	1.004	0.06833
0.006792	0.997	0.0665
0.003819	0.9844	0.06913
0.005664	0.9848	0.07471
0.005865	0.99	0.07568
0.009863	0.9972	0.07101
0.01913	1.006	0.06604
0.02033	1.004	0.0613
0.01046	0.9969	0.05667
0.002832	0.9913	0.06146
0.004112	0.9928	0.0703
0.007233	0.9948	0.07345
0.01105	0.996	0.0734
0.01291	0.999	0.06856
0.01111	0.9946	0.06417
0.01276	0.9943	0.06366
0.01528	1	0.05615
0.01713	1.001	0.05186
0.01596	0.9997	0.0647
0.006853	0.9935	0.07612
-0.001044	0.9852	0.07622
-0.002913	0.9846	0.07391
0.00387	0.9911	0.06999
0.01706	0.9994	0.06661
0.0185	0.9998	0.06528
0.008549	0.9994	0.06749
0.006869	1.004	0.07207
0.01526	1.007	0.06856
0.01893	1.006	0.06061
0.01741	0.9989	0.05916
0.01403	0.995	0.06471
0.003418	0.9955	0.06882
-0.003304	0.9952	0.06895
0.0004999	0.995	0.072
0.008713	0.9874	0.06663
0.01686	0.9768	0.05585
0.01531	0.9803	0.05923
0.01212	0.9959	0.06503
0.01271	1.009	0.06661
0.009906	1.013	0.06876
0.01041	1.008	0.07037
0.01075	0.9965	0.07212
0.009398	0.9866	0.06935
0.01052	0.9925	0.06885
0.01046	1.005	0.07219
0.01326	1.005	0.0698
0.01243	0.9923	0.06497
0.005531	0.9848	0.0624
0.004021	0.9923	0.06571
0.007316	0.995	0.06875
0.009674	0.995	0.06673
0.01014	0.9983	0.06553
0.01403	0.9939	0.06327
0.01652	0.9943	0.06324
0.01278	0.9971	0.06424
0.01123	0.9991	0.06417
0.009502	1.004	0.06908
0.007385	0.9989	0.06812
0.007961	0.9977	0.06135
0.007443	0.9991	0.0633
0.00769	0.9969	0.06971
0.008356	0.9993	0.07237
0.01039	0.9937	0.07258
0.01738	0.9911	0.07863
0.01516	0.9966	0.06783
0.009749	0.9934	0.05829
0.006064	0.984	0.05849
0.007171	0.9868	0.06488
0.006674	0.9934	0.06838
0.01006	1.001	0.0669
0.01884	1.01	0.065
0.0197	1.008	0.06279
0.009606	1	0.05993
0.001899	0.9937	0.06568
0.003205	0.9944	0.07474
0.006437	0.9955	0.07749
0.01042	0.9958	0.07661
0.01248	0.9982	0.07069
0.01088	0.9934	0.06514
0.01272	0.9929	0.06355
0.0154	0.9987	0.05513
0.01737	0.9991	0.05016
0.01628	0.9984	0.0626
0.007205	0.9925	0.07388
-0.0006951	0.9846	0.07408
-0.002598	0.9843	0.07206
0.004127	0.991	0.06855
0.01725	0.9996	0.06566
0.01861	1	0.06482
0.008589	0.9999	0.06749
0.006845	1.005	0.07246
0.01519	1.008	0.06924
0.01882	1.006	0.06148
0.01728	0.9993	0.0601
0.0139	0.9953	0.06563
0.003293	0.9957	0.06965
-0.003411	0.9953	0.06963
0.0004173	0.9949	0.07249
0.008658	0.9873	0.06693
0.01683	0.9766	0.05596
0.01531	0.9801	0.05918
0.01214	0.9956	0.06485
0.01274	1.009	0.06633
0.00995	1.012	0.06843
0.01046	1.007	0.07002
0.0108	0.9964	0.07179
0.009441	0.9865	0.06907
0.01055	0.9925	0.06863
0.01049	1.005	0.07204
0.01328	1.006	0.06972
0.01244	0.9924	0.06496
0.005527	0.9849	0.06244
0.00401	0.9924	0.0658
0.007301	0.995	0.06886
0.009657	0.9951	0.06685
0.01013	0.9984	0.06565
0.01401	0.9939	0.06338
0.01651	0.9943	0.06333
0.01277	0.9971	0.0643
0.01122	0.9991	0.06421
0.009499	1.004	0.06909
0.007385	0.9989	0.06812
0.007964	0.9976	0.06133
0.007448	0.9991	0.06327
0.007696	0.9969	0.06966
0.008363	0.9993	0.07232
0.01039	0.9937	0.07253
0.01492	0.9876	0.07192
0.01562	0.9894	0.06612
0.01217	0.9926	0.06181
0.009939	1	0.06722
0.008245	1.002	0.06871
0.005509	0.9994	0.06548
0.008176	0.9975	0.06494
0.01404	0.9922	0.06249
0.01344	0.9915	0.06615
0.009336	0.9937	0.07303
0.007155	0.9961	0.06883
0.00693	1	0.06399
0.007577	1	0.06564
0.0123	0.9984	0.06428
0.01861	0.9972	0.06209
0.01561	0.9963	0.06461
0.007912	0.9959	0.06788
0.002456	0.9972	0.07148
0.003005	0.9981	0.07123
0.0126	0.9952	0.06293
0.01699	0.9944	0.0604
0.01414	0.9955	0.06784
0.01279	0.9941	0.07248
0.008595	0.9939	0.07049
0.005325	0.9951	0.06486
0.007429	0.9991	0.06267
0.009876	1.002	0.06866
0.0102	0.9961	0.07164
0.006924	0.9921	0.0679
0.005882	0.9929	0.06726
0.01333	0.9937	0.06613
0.01815	0.9967	0.06428
0.01513	0.9985	0.06615
0.01172	0.998	0.06641
0.008458	0.9988	0.06814
0.00789	0.9981	0.06703
0.008168	0.9977	0.05944
0.005546	0.9989	0.0597
0.007223	0.9983	0.06581
0.012	0.9972	0.06689
0.01485	0.9964	0.06448
0.01455	0.9943	0.06606
0.01073	0.9921	0.07284
0.007965	0.9913	0.07449
0.008501	0.9913	0.07112
0.01072	0.9926	0.07106
0.0104	0.9954	0.07032
0.009158	0.9974	0.06523
0.01013	0.9987	0.06196
0.01003	1.002	0.06151
0.01063	1.002	0.06282
0.01036	1.001	0.06761
0.00873	1.001	0.06906
0.009541	0.9987	0.06764
0.009222	0.9931	0.06806
0.008806	0.9904	0.06578
0.009365	0.9898	0.0656
0.01006	0.9904	0.06726
0.01293	0.9934	0.06499
0.01432	0.9972	0.06467
0.01396	0.9985	0.06387
0.01436	0.9998	0.06285
0.01239	1.002	0.0672
0.007412	1	0.07041
0.004414	0.9911	0.07732
0.008602	0.9927	0.06761
0.007994	0.9951	0.06129
0.008009	1.002	0.06596
0.008	1.003	0.06751
0.006439	0.9991	0.06476
0.009832	0.9965	0.06485
0.01604	0.9906	0.063
0.01549	0.9897	0.06713
0.0112	0.9919	0.07428
0.00868	0.9944	0.07017
0.008033	0.9988	0.06524
0.008235	0.9994	0.06666
0.01254	0.9979	0.06499
0.01848	0.9971	0.06246
0.0152	0.9965	0.06464
0.007311	0.9963	0.06761
0.001756	0.9979	0.07098
0.00229	0.9989	0.07058
0.01194	0.9959	0.06221
0.01644	0.9951	0.05968
0.01373	0.9961	0.0672
0.01253	0.9945	0.07195
0.008484	0.9942	0.07011
0.005347	0.9952	0.06464
0.00756	0.999	0.0626
0.01008	1.001	0.06872
0.01045	0.9958	0.07181
0.007193	0.9918	0.06814
0.006139	0.9926	0.06754
0.01355	0.9934	0.06642
0.01833	0.9964	0.06455
0.01525	0.9983	0.06639
0.01178	0.9979	0.06659
0.00847	0.9987	0.06826
0.007857	0.9981	0.0671
0.008101	0.9977	0.05945
0.005458	0.999	0.05967
0.007125	0.9984	0.06574
0.0119	0.9973	0.0668
0.01476	0.9965	0.06437
0.01448	0.9944	0.06595
0.01067	0.9922	0.07275
0.007931	0.9913	0.07442
0.008488	0.9913	0.07106
0.01073	0.9926	0.07103
0.01042	0.9954	0.0703
0.009187	0.9974	0.06524
0.01017	0.9987	0.06198
0.01007	1.002	0.06154
0.01066	1.002	0.06286
0.01039	1.001	0.06765
0.008754	1.001	0.0691
0.009557	0.9986	0.06767
0.009231	0.9931	0.06809
0.008807	0.9903	0.0658
0.009361	0.9898	0.06561
0.01005	0.9904	0.06726
0.01292	0.9934	0.06499
0.01431	0.9972	0.06466
0.01394	0.9985	0.06385
0.01435	0.9998	0.06283
0.01238	1.002	0.06718
0.007404	1	0.0704
0.004464	0.9971	0.07212
0.004494	0.9936	0.07229
0.005917	0.9908	0.06796
0.01088	0.9904	0.0667
0.01447	0.9943	0.06548
0.01385	1.002	0.05774
0.01344	1.004	0.05698
0.01024	1.001	0.06793
0.00657	0.9974	0.07312
0.006559	0.9933	0.07121
0.006429	0.9931	0.07259
0.007955	0.993	0.07029
0.01229	0.9933	0.06405
0.01567	0.9972	0.06108
0.01489	0.9975	0.06165
0.0113	0.9969	0.06625
0.009713	0.9958	0.06719
0.008889	0.994	0.06684
0.007923	0.9947	0.06938
0.00877	0.9947	0.06788
0.01098	0.9978	0.06859
0.01371	0.9995	0.06848
0.01412	0.9965	0.06568
0.01036	0.9977	0.06685
0.007202	0.9985	0.06489
0.007728	0.9979	0.065
0.007628	0.9973	0.06824
0.008048	0.9942	0.06881
0.009873	0.9944	0.06956
0.009024	0.996	0.06647
0.009217	0.9957	0.06491
0.01063	0.9942	0.06726
0.0125	0.9941	0.06517
0.01466	0.9992	0.05868
0.01217	1.002	0.05427
0.01175	0.9989	0.06076
0.01419	0.9963	0.07345
0.01262	0.9953	0.08006
0.009487	0.9949	0.07649
0.005414	0.9926	0.06772
0.004305	0.9919	0.0633
0.006362	0.9934	0.06529
0.007626	0.9939	0.06952
0.00935	0.9973	0.07105
0.007526	0.9984	0.07084
0.005475	0.9918	0.07053
0.01129	0.9904	0.06805
0.02183	0.9979	0.06131
0.02678	1.005	0.05113
0.01968	1.013	0.05211
0.009046	1.015	0.06153
0.003132	1	0.06473
0.002322	0.9861	0.06976
0.003323	0.9869	0.07449
0.003606	0.9853	0.0743
0.005915	0.9871	0.07382
0.005324	0.9932	0.07055
0.004959	0.9929	0.0684
0.01405	0.997	0.06856
0.02312	0.9994	0.06892
0.02341	0.9973	0.06879
0.01572	0.9991	0.06634
0.008065	0.9976	0.06431
0.007517	0.9968	0.06076
0.009071	1.005	0.06539
0.006053	0.9977	0.06592
0.005555	0.9927	0.06297
0.009454	0.9909	0.06358
0.0126	0.9939	0.06429
0.01196	1.001	0.05827
0.01182	1.003	0.05886
0.009028	1	0.07069
0.005821	0.9967	0.07631
0.006257	0.9927	0.0744
0.00651	0.9927	0.07546
0.008328	0.9928	0.07258
0.01285	0.9932	0.06564
0.01633	0.9972	0.06192
0.01555	0.9976	0.06179
0.0119	0.9971	0.06579
0.0102	0.996	0.06627
0.00923	0.9941	0.06562
0.008114	0.9948	0.06803
0.008819	0.9948	0.06654
0.0109	0.9979	0.06739
0.01354	0.9995	0.0675
0.01389	0.9965	0.06497
0.0101	0.9977	0.06644
0.006943	0.9985	0.06476
0.007493	0.9979	0.06512
0.007435	0.9972	0.06855
0.007907	0.9942	0.06925
0.009789	0.9944	0.07008
0.008995	0.996	0.067
0.009236	0.9957	0.06541
0.01069	0.9942	0.06768
0.01259	0.9941	0.0655
0.01476	0.9993	0.05889
0.01227	1.002	0.05438
0.01185	0.9989	0.06077
0.01427	0.9963	0.07337
0.01269	0.9954	0.07992
0.00953	0.9949	0.07631
0.005436	0.9927	0.06753
0.004307	0.9919	0.06311
0.006348	0.9934	0.06512
0.0076	0.9939	0.06938
0.009316	0.9973	0.07095
0.007489	0.9984	0.07078
0.005438	0.9917	0.07051
0.01125	0.9904	0.06807
0.0218	0.9979	0.06135
0.02676	1.005	0.05119
0.01967	1.013	0.05218
0.009041	1.015	0.0616
0.003135	1	0.0648
0.00233	0.9861	0.06981
0.003334	0.9869	0.07454
0.003619	0.9853	0.07432
0.005929	0.9871	0.07383
0.005337	0.9932	0.07055
0.00497	0.9929	0.06839
0.01405	0.997	0.06854
0.02312	0.9994	0.0689
0.02341	0.9974	0.06876
0.01572	0.9991	0.06632
0.008063	0.9976	0.06428
0.007514	0.9968	0.06074
0.009381	0.9964	0.05834
0.009847	0.9963	0.06183
0.007272	1.002	0.06672
0.005181	1.003	0.07051
0.006668	0.9995	0.0704
0.006826	0.9957	0.06876
0.008128	0.9915	0.06828
0.01238	0.9937	0.06284
0.01523	0.9963	0.05996
0.0147	0.9962	0.0661
0.00985	0.9942	0.07019
0.005904	0.9926	0.07022
0.007325	0.9947	0.06919
0.01126	0.9939	0.06727
0.01444	0.9939	0.06837
0.01415	0.9976	0.06915
0.01244	0.9998	0.06627
0.01271	1.001	0.06403
0.01177	0.9953	0.06421
0.008376	0.9922	0.06577
0.006558	0.9985	0.06722
0.007065	0.9985	0.06819
0.00717	0.997	0.06751
0.007219	1	0.06421
0.007474	0.9994	0.0626
0.006469	0.9996	0.06616
0.008685	0.9977	0.07036
0.01465	0.9898	0.07096
0.01611	0.989	0.07073
0.0137	0.9937	0.06803
0.01262	0.9939	0.06301
0.01194	0.9945	0.06306
0.01244	0.9996	0.06525
0.01372	1.001	0.06585
0.01102	0.9975	0.06598
0.005977	0.9958	0.0649
0.005282	0.9948	0.06624
0.00878	0.9946	0.06869
0.01039	1	0.06948
0.007799	1.002	0.06905
0.005569	0.9954	0.06293
0.006935	0.9926	0.05985
0.01024	0.9932	0.06897
0.01221	0.9917	0.07435
0.0113	0.9951	0.07034
0.01146	1	0.06757
0.01404	0.9996	0.06486
0.01542	0.9992	0.06382
0.01472	0.9981	0.06663
0.01261	0.993	0.06718
0.009697	0.9914	0.06774
0.006066	0.9958	0.06893
0.004953	0.999	0.0666
0.007807	0.9983	0.06398
0.01038	0.999	0.06231
0.01133	0.9993	0.06146
0.009699	0.9967	0.06407
0.009051	0.996	0.06707
0.01192	0.9942	0.06869
0.01185	0.9924	0.07104
0.009888	0.9936	0.07102
0.008749	0.9944	0.07113
0.007845	0.9955	0.07136
0.008366	0.9959	0.06507
0.01284	0.9932	0.06313
0.01421	0.9945	0.06239
0.01163	1.002	0.06509
0.008918	1.003	0.06807
0.009454	1.001	0.06797
0.008537	0.9972	0.06679
0.008798	0.9932	0.06695
0.01215	0.9953	0.06215
0.01432	0.9978	0.05982
0.01333	0.9973	0.06636
0.008257	0.995	0.07069
0.004296	0.9931	0.07082
0.00587	0.9948	0.06976
0.01008	0.9938	0.06773
0.0136	0.9935	0.06868
0.01367	0.997	0.06928
0.01231	0.9992	0.06624
0.01288	1	0.06386
0.01218	0.9947	0.06394
0.008939	0.9917	0.06544
0.007198	0.9982	0.06688
0.007711	0.9983	0.06788
0.00776	0.9969	0.06725
0.00771	1	0.06402
0.007837	0.9995	0.06249
0.006694	0.9998	0.06613
0.008774	0.9979	0.0704
0.01462	0.99	0.07106
0.01598	0.9892	0.07087
0.0135	0.9939	0.06819
0.01238	0.994	0.06318
0.01169	0.9946	0.06321
0.0122	0.9997	0.06539
0.01352	1.001	0.06596
0.01085	0.9975	0.06606
0.005866	0.9957	0.06494
0.005223	0.9947	0.06625
0.008769	0.9945	0.06867
0.01042	1	0.06944
0.00786	1.002	0.069
0.00565	0.9953	0.06287
0.007026	0.9925	0.05979
0.01033	0.9932	0.06892
0.0123	0.9917	0.07431
0.01137	0.9951	0.07031
0.01151	1	0.06755
0.01408	0.9996	0.06485
0.01544	0.9992	0.06382
0.01471	0.9981	0.06665
0.01259	0.9931	0.0672
0.00967	0.9915	0.06776
0.006034	0.9959	0.06895
0.004919	0.999	0.06662
0.007775	0.9983	0.064
0.01035	0.999	0.06233
0.01131	0.9993	0.06147
0.009684	0.9967	0.06407
0.009043	0.996	0.06707
0.01191	0.9942	0.06868
0.01185	0.9924	0.07103
0.009897	0.9936	0.07101
0.00876	0.9943	0.07112
0.007857	0.9955	0.07135
0.008378	0.9959	0.06506
0.009333	0.9954	0.06266
0.01266	0.9954	0.06622
0.01631	0.9963	0.0642
0.01515	1	0.06083
0.01142	1.002	0.06165
0.008549	0.9999	0.06829
0.006526	0.9969	0.07409
0.00423	0.9956	0.07069
0.006403	0.9949	0.06624
0.01233	0.9924	0.06416
0.01345	0.9931	0.06564
0.01287	1	0.06878
0.01243	1.002	0.06465
0.009218	0.9933	0.06552
0.007097	0.9899	0.0731
0.007338	0.9906	0.07154
0.01069	0.9895	0.06821
0.01499	0.9978	0.06549
0.01417	1.005	0.0591
0.0106	1.001	0.05871
0.008253	1.001	0.06253
0.005768	1.001	0.06535
0.005301	0.9968	0.06798
0.01068	0.9979	0.06857
0.01378	0.995	0.06881
0.01015	0.9925	0.06829
0.009875	0.9939	0.06879
0.01114	0.9933	0.07301
0.011	0.9947	0.07325
0.01366	0.9937	0.06844
0.01251	0.9926	0.0662
0.009182	0.9953	0.0652
0.008939	0.9966	0.0601
0.008497	0.9985	0.05674
0.009073	0.9988	0.062
0.009941	0.9982	0.06806
0.01019	0.9986	0.06862
0.009283	0.9973	0.06869
0.007624	0.998	0.07171
0.008823	0.9985	0.07299
0.0103	0.9976	0.07057
0.01224	0.997	0.07041
0.01406	0.994	0.06787
0.01249	0.9928	0.06017
0.01119	0.9945	0.05852
0.01042	0.9957	0.06256
0.01002	0.996	0.06592
0.01052	0.9959	0.06747
0.009702	0.9964	0.06731
0.007827	0.9943	0.06749
0.00707	0.993	0.06708
0.009555	0.9978	0.06736
0.0106	0.999	0.06869
0.009084	0.9975	0.06751
0.01037	0.9988	0.06676
0.01179	0.9982	0.06688
0.01221	0.999	0.06465
0.01276	1.001	0.06301
0.01221	0.9985	0.0628
0.01101	0.994	0.06413
0.009992	0.9897	0.07111
0.009517	0.9876	0.0769
0.005128	0.9884	0.07333
0.001754	0.9944	0.07023
0.007671	1.005	0.06892
0.01299	1	0.06746
0.01769	0.9977	0.06233
0.01692	0.9995	0.05733
0.01314	1.001	0.05763
0.009948	0.9977	0.06452
0.007487	0.9948	0.07106
0.004727	0.994	0.06864
0.006479	0.9938	0.06524
0.01207	0.9919	0.06412
0.01296	0.9932	0.06638
0.01225	1.001	0.07008
0.01178	1.002	0.06627
0.008621	0.9942	0.06725
0.006608	0.9908	0.07473
0.00699	0.9915	0.07293
0.0105	0.9903	0.06926
0.01495	0.9983	0.06616
0.01425	1.005	0.05939
0.01078	1.001	0.05865
0.0085	1.001	0.06219
0.006047	1	0.0648
0.005579	0.9965	0.06732
0.01093	0.9975	0.06786
0.01399	0.9946	0.06813
0.0103	0.9921	0.0677
0.009963	0.9936	0.06833
0.01117	0.9931	0.07269
0.01098	0.9945	0.07308
0.0136	0.9937	0.06841
0.01242	0.9926	0.06629
0.009072	0.9953	0.06538
0.008826	0.9968	0.06034
0.008391	0.9986	0.057
0.008982	0.9989	0.06226
0.009871	0.9983	0.0683
0.01014	0.9987	0.06882
0.009259	0.9974	0.06884
0.007622	0.9981	0.0718
0.008839	0.9986	0.07302
0.01032	0.9976	0.07056
0.01228	0.9969	0.07036
0.0141	0.9939	0.0678
0.01253	0.9927	0.06007
0.01123	0.9945	0.05842
0.01045	0.9956	0.06247
0.01004	0.9959	0.06584
0.01054	0.9958	0.06741
0.009707	0.9964	0.06727
0.007824	0.9943	0.06746
0.007061	0.993	0.06707
0.009543	0.9978	0.06738
0.01058	0.999	0.06872
0.009069	0.9976	0.06754
0.01036	0.9989	0.06679
0.01178	0.9983	0.06692
0.0122	0.999	0.06468
0.01275	1.001	0.06303
0.0122	0.9985	0.06281
0.01101	0.994	0.06414
0.009994	0.9897	0.07111
0.009521	0.9876	0.0769
0.005133	0.9884	0.07332
0.00176	0.9944	0.07022
0.008074	1.003	0.06896
0.01454	1.005	0.06024
0.01639	1.003	0.05787
0.01585	0.9966	0.06727
0.01179	0.9906	0.06879
0.009828	0.9965	0.06513
0.009714	0.9975	0.06549
0.008093	0.9956	0.06309
0.006671	1.001	0.06316
0.004233	0.9963	0.06981
0.00517	0.9907	0.07311
0.01196	0.9909	0.07018
0.015	0.9914	0.0666
0.01456	0.9971	0.06673
0.0178	0.998	0.06688
0.01739	0.9944	0.06201
0.01187	0.9992	0.06094
0.01022	1.008	0.06609
0.008681	1.008	0.06543
0.004503	0.9982	0.06182
0.002875	0.99	0.06178
0.003314	0.9905	0.0654
0.002233	0.9925	0.07431
0.00229	0.9952	0.07645
0.00958	0.9963	0.06871
0.01665	0.995	0.06779
0.01677	0.9931	0.07283
0.01548	0.9911	0.07186
0.01378	0.9924	0.0674
0.01463	0.9942	0.06673
0.01732	0.9961	0.06651
0.01493	1	0.06291
0.01048	1.002	0.06079
0.008314	1.002	0.0611
0.007952	1.001	0.06226
0.005896	0.9995	0.06474
0.004309	0.9991	0.06607
0.006019	0.9969	0.06535
0.006301	0.9937	0.0655
0.008747	0.9924	0.06723
0.01174	0.9926	0.06708
0.01064	0.9931	0.06736
0.01149	0.9926	0.07089
0.01126	0.9944	0.07152
0.01213	0.9989	0.06976
0.01845	1.004	0.0688
0.01714	1.004	0.0668
0.005609	0.9928	0.06808
-0.003462	0.9797	0.07293
-0.00438	0.978	0.07141
0.004168	0.9919	0.06237
0.02229	1.011	0.05872
0.03236	1.016	0.06168
0.0262	1.006	0.06008
0.01984	0.9977	0.06063
0.009867	0.9925	0.06653
-0.0007732	0.9906	0.06746
-0.0002006	0.9944	0.06781
0.001228	0.9969	0.06764
0.00356	0.9951	0.06584
0.0034	0.9951	0.07115
-0.0001606	0.9957	0.07544
0.002503	0.9948	0.07371
0.004934	0.9938	0.07252
0.01479	0.9884	0.07233
0.0221	0.9983	0.05992
0.02385	1.002	0.05572
0.02248	0.9983	0.06456
0.01705	0.9935	0.06633
0.01344	0.9997	0.06335
0.0116	1	0.06455
0.00836	0.9976	0.06298
0.005564	1.002	0.06374
0.002087	0.9965	0.07087
0.002359	0.9903	0.07443
0.008856	0.99	0.07156
0.01194	0.9902	0.06787
0.01181	0.9958	0.06775
0.01557	0.9968	0.06758
0.01579	0.9933	0.06237
0.01094	0.9984	0.06098
0.009937	1.007	0.06584
0.008958	1.008	0.06497
0.005222	0.9984	0.06122
0.003897	0.9904	0.06111
0.004497	0.991	0.06475
0.003445	0.9931	0.07372
0.003419	0.9958	0.07598
0.01054	0.9968	0.06837
0.01739	0.9954	0.0676
0.01726	0.9934	0.07278
0.01572	0.9913	0.07193
0.01378	0.9925	0.06756
0.01444	0.9942	0.06695
0.01699	0.996	0.06677
0.01453	1	0.06318
0.01004	1.002	0.06104
0.007882	1.002	0.06131
0.007567	1.001	0.06242
0.005584	0.9993	0.06484
0.004086	0.9989	0.06612
0.005889	0.9968	0.06535
0.006259	0.9936	0.06546
0.008782	0.9924	0.06716
0.01183	0.9927	0.06699
0.01077	0.9932	0.06727
0.01165	0.9927	0.07079
0.01142	0.9945	0.07144
0.01228	0.999	0.06969
0.01858	1.004	0.06875
0.01724	1.004	0.06677
0.005673	0.9928	0.06807
-0.003432	0.9797	0.07294
-0.00438	0.978	0.07143
0.004143	0.9919	0.0624
0.02225	1.011	0.05876
0.03231	1.016	0.06172
0.02614	1.006	0.06012
0.01978	0.9976	0.06066
0.009816	0.9925	0.06655
-0.0008146	0.9906	0.06748
-0.0002301	0.9944	0.06782
0.001211	0.9969	0.06764
0.003555	0.9951	0.06583
0.003405	0.9951	0.07114
-0.0001476	0.9957	0.07543
0.002521	0.9948	0.0737
0.004956	0.9938	0.07251
0.01303	0.9907	0.06966
0.02285	0.9903	0.06686
0.02158	0.9977	0.06426
0.02082	1.006	0.05835
0.01979	1.007	0.05631
0.01625	1.001	0.05951
0.01555	0.9944	0.06269
0.01306	0.9922	0.06539
0.009419	0.9932	0.06667
0.006196	0.9941	0.07034
0.003631	0.9936	0.07358
8.541e-05	0.9953	0.071
-0.00365	1.001	0.07152
0.0006936	1	0.0715
0.008388	0.989	0.06781
0.01147	0.9862	0.06804
0.01168	1	0.06456
0.01247	1.004	0.05934
0.01707	0.9959	0.05968
0.01927	0.9929	0.06302
0.01735	0.9927	0.06994
0.01627	0.9986	0.07104
0.01197	1.005	0.06388
0.009086	1	0.06297
0.01029	0.9986	0.06914
0.006755	0.9971	0.07243
0.002693	0.9916	0.07222
0.003918	0.989	0.06995
0.007878	0.9876	0.0658
0.01212	0.994	0.06703
0.0121	1.004	0.06683
0.007219	1.003	0.05732
0.002589	0.9977	0.05673
0.003308	0.9944	0.06632
0.01002	0.9956	0.07016
0.01637	0.9983	0.0707
0.01963	0.9985	0.07103
0.02188	0.9967	0.06849
0.0198	0.9928	0.06709
0.014	0.9919	0.0677
0.01097	0.9936	0.06425
0.007599	0.9961	0.06187
0.002278	1.001	0.06468
0.00161	1.001	0.06739
0.002396	0.9939	0.07247
0.002631	0.9915	0.07259
0.00792	0.9957	0.06438
0.01174	0.998	0.06133
0.01092	0.9987	0.06337
0.01357	1.002	0.06643
0.01762	1	0.06713
0.01937	0.9953	0.0651
0.01747	0.9922	0.0689
0.01015	0.9873	0.07332
0.006044	0.9864	0.0729
0.007142	0.9919	0.0729
0.006197	1	0.06917
0.006909	1.007	0.05923
0.009929	1.005	0.05497
0.008814	0.9988	0.06084
0.005915	0.9929	0.06555
0.005924	0.9932	0.06456
0.009059	1	0.06399
0.01245	1.003	0.06654
0.01213	0.9976	0.07044
0.01847	0.9891	0.07268
0.0152	0.9921	0.07261
0.01373	0.9987	0.06727
0.01302	1	0.06442
0.01056	0.995	0.06592
0.0114	0.9902	0.06695
0.01064	0.9902	0.06743
0.008698	0.993	0.06666
0.006969	0.9955	0.06865
0.005578	0.996	0.07069
0.002825	0.9984	0.06741
-0.00051	1.004	0.0677
0.003872	1.003	0.06787
0.0113	0.9916	0.0647
0.01389	0.9882	0.06564
0.01347	1.001	0.063
0.01356	1.005	0.05862
0.01747	0.9957	0.05972
0.01907	0.9921	0.0637
0.01667	0.9916	0.07108
0.01525	0.9973	0.07247
0.01075	1.003	0.06542
0.00781	0.9991	0.06446
0.009084	0.9975	0.07045
0.00571	0.9963	0.07348
0.001877	0.9911	0.07296
0.003363	0.9888	0.07036
0.007588	0.9876	0.06591
0.01207	0.9943	0.06688
0.01226	1.004	0.06647
0.007537	1.004	0.05683
0.003007	0.9982	0.05617
0.003773	0.9949	0.06575
0.01048	0.9961	0.06964
0.01679	0.9986	0.07025
0.01997	0.9988	0.07069
0.02214	0.9968	0.06828
0.01995	0.9928	0.06699
0.01406	0.9918	0.06771
0.01094	0.9935	0.06435
0.007508	0.996	0.06203
0.002141	1.001	0.06487
0.001446	1	0.0676
0.002225	0.9937	0.07267
0.002469	0.9913	0.07277
0.007781	0.9956	0.06452
0.01163	0.998	0.06143
0.01085	0.9987	0.06343
0.01353	1.002	0.06644
0.01761	1	0.06711
0.01939	0.9954	0.06505
0.01751	0.9923	0.06884
0.01021	0.9873	0.07325
0.006106	0.9865	0.07282
0.007203	0.9919	0.07283
0.006253	1	0.06911
0.006955	1.007	0.05918
0.009963	1.005	0.05494
0.008834	0.9988	0.06083
0.005923	0.9929	0.06556
0.00592	0.9932	0.06458
0.009047	1	0.06401
0.01243	1.003	0.06656
0.01485	1.001	0.06855
0.01666	0.9978	0.06858
0.0149	0.9947	0.07027
0.01295	0.9893	0.07136
0.01283	0.9829	0.0713
0.01127	0.9853	0.07352
0.01093	0.9929	0.07299
0.008233	0.9974	0.06943
0.00447	0.9995	0.06559
0.005771	0.9984	0.05976
0.004581	0.9968	0.05724
0.002627	0.9999	0.05984
0.006645	1.006	0.06429
0.01418	1.007	0.06752
0.02005	1.004	0.06418
0.01707	0.9986	0.06313
0.009491	0.9943	0.06811
0.005731	0.9926	0.0683
0.008807	0.9911	0.06968
0.01604	0.9895	0.07197
0.01562	0.992	0.06812
0.007954	0.9955	0.06835
0.005391	0.9979	0.07127
0.008602	0.9969	0.07011
0.008527	0.9916	0.06756
0.007275	0.9896	0.06594
0.01151	0.9892	0.06719
0.01213	0.9916	0.06568
0.01066	1.001	0.06064
0.01561	1.008	0.06101
0.01697	1.006	0.06757
0.01504	0.9997	0.06932
0.01314	0.9957	0.06179
0.002253	0.9986	0.06154
-0.006567	0.9998	0.07028
-0.0003917	0.9968	0.07063
0.008071	0.9954	0.06615
0.01227	0.9936	0.06634
0.01475	0.9929	0.06824
0.01488	0.9936	0.06751
0.01595	0.9931	0.06543
0.01475	0.9945	0.06609
0.01217	0.9953	0.06731
0.01176	0.9946	0.06704
0.01024	0.9958	0.06699
0.0116	0.9967	0.06705
0.01391	0.9972	0.06759
0.0139	0.997	0.06881
0.0111	0.9961	0.06904
0.003967	0.9964	0.06752
-0.0003997	0.9969	0.06603
-0.001278	0.9991	0.06618
0.005847	1	0.06613
0.0193	0.9987	0.06462
0.02012	0.9967	0.06487
0.01191	0.9941	0.06671
0.006865	0.994	0.06608
0.006543	0.9964	0.0643
0.009388	0.9971	0.06505
0.01075	0.9966	0.06989
0.01251	0.9958	0.0717
0.0152	0.9953	0.06568
0.01463	0.9952	0.06324
0.009719	0.995	0.06518
0.00728	0.9988	0.06475
0.008877	0.9994	0.0655
0.008373	0.9983	0.06772
0.008402	0.9936	0.06927
0.01048	0.9871	0.06968
0.01096	0.9889	0.07238
0.01227	0.9955	0.07234
0.01072	0.9989	0.06925
0.007588	1	0.06583
0.009035	0.998	0.06033
0.007594	0.9957	0.05807
0.005098	0.9983	0.06081
0.008401	1.004	0.0653
0.01516	1.006	0.06848
0.02027	1.002	0.06502
0.01664	0.9973	0.0638
0.008548	0.9933	0.06857
0.004453	0.9921	0.06855
0.007368	0.991	0.06973
0.0146	0.9897	0.07186
0.01431	0.9925	0.06787
0.006881	0.9961	0.06801
0.004611	0.9986	0.07089
0.008138	0.9976	0.06972
0.00837	0.9922	0.0672
0.007388	0.9901	0.06564
0.01183	0.9896	0.06696
0.01261	0.9919	0.06552
0.01123	1.001	0.06057
0.01619	1.008	0.06101
0.01751	1.006	0.06763
0.01551	0.9995	0.06942
0.0135	0.9955	0.06192
0.002497	0.9984	0.06167
-0.006442	0.9996	0.07041
-0.0003777	0.9966	0.07075
0.007993	0.9952	0.06625
0.01212	0.9935	0.06641
0.01456	0.9928	0.06828
0.01467	0.9936	0.06752
0.01574	0.9931	0.06542
0.01456	0.9945	0.06606
0.01202	0.9954	0.06727
0.01165	0.9947	0.06699
0.01017	0.9959	0.06694
0.01157	0.9968	0.067
0.01392	0.9973	0.06755
0.01394	0.9971	0.06878
0.01117	0.9962	0.06902
0.004042	0.9964	0.06751
-0.0003221	0.9969	0.06603
-0.001205	0.999	0.06618
0.00591	1	0.06615
0.01934	0.9986	0.06464
0.02015	0.9967	0.06489
0.01193	0.9941	0.06673
0.006866	0.9939	0.06609
0.006532	0.9963	0.06431
0.009368	0.9971	0.06506
0.01072	0.9966	0.06989
0.01249	0.9957	0.07171
0.01517	0.9953	0.06568
0.01461	0.9952	0.06323
0.009698	0.995	0.06517
0.006835	0.9962	0.06519
0.009602	0.9991	0.06723
0.01005	0.9986	0.06869
0.009402	0.9923	0.06898
0.009032	0.9914	0.07014
0.00717	0.9982	0.06873
0.009086	0.9993	0.06587
0.009527	0.9942	0.06322
0.00868	0.9905	0.06467
0.0103	0.99	0.07069
0.01018	0.9968	0.07067
0.01387	1.006	0.06197
0.01796	1.007	0.058
0.01522	1.003	0.06257
0.01059	0.9992	0.06417
0.006478	0.9943	0.06854
0.005758	0.993	0.07469
0.006155	0.9916	0.07018
0.006567	0.9911	0.07092
0.00993	0.9969	0.07254
0.01119	0.9983	0.06338
0.01314	0.9935	0.06281
0.01398	0.9927	0.06511
0.008207	0.9936	0.06164
0.00754	0.9932	0.06258
0.01286	0.9958	0.0681
0.01519	1.001	0.07415
0.01368	1.002	0.07269
0.008512	0.9962	0.06646
0.004647	0.9914	0.06356
0.006311	0.9935	0.06356
0.01075	0.9972	0.06683
0.01293	0.999	0.06788
0.0106	1.001	0.06525
0.00837	1	0.06413
0.009541	0.9982	0.06414
0.01126	0.9966	0.06265
0.01092	0.9967	0.06316
0.007618	0.9956	0.0707
0.004678	0.9934	0.07492
0.006438	0.9949	0.07115
0.0117	0.9957	0.06788
0.02084	0.9941	0.06418
0.02352	0.9937	0.06243
0.01037	0.9931	0.06629
0.003681	0.9948	0.07091
0.008676	0.9981	0.07227
0.01013	1	0.06788
0.01317	1.002	0.06225
0.01166	0.9991	0.06082
0.004661	0.9948	0.06226
0.005093	0.9937	0.06539
0.005674	0.9937	0.06739
0.006425	0.9967	0.06724
0.01138	0.9989	0.06737
0.0128	0.9973	0.0677
0.01077	0.9961	0.06873
0.01049	0.994	0.06947
0.01296	0.9933	0.06822
0.01303	0.9949	0.06788
0.01172	0.9951	0.06828
0.01246	0.9968	0.06657
0.01172	0.9985	0.06362
0.01081	0.9975	0.06381
0.006236	0.9909	0.06895
0.01034	0.9989	0.06642
0.01122	1.001	0.06574
0.01047	0.9957	0.06552
0.009715	0.9946	0.06717
0.00738	1.001	0.06675
0.008856	1.001	0.06506
0.008961	0.9943	0.06349
0.007914	0.9896	0.0658
0.009467	0.9884	0.07237
0.009403	0.9948	0.07262
0.01324	1.004	0.06391
0.01752	1.005	0.05969
0.01501	1.002	0.06388
0.01059	0.998	0.06501
0.006664	0.9936	0.0689
0.006085	0.9928	0.0746
0.006572	0.9918	0.06972
0.007022	0.9917	0.07019
0.01037	0.9977	0.07165
0.01158	0.9993	0.06244
0.01345	0.9945	0.06192
0.0142	0.9936	0.06434
0.008325	0.9944	0.06104
0.007564	0.9938	0.06218
0.0128	0.9962	0.06791
0.01506	1.001	0.07414
0.01351	1.002	0.07284
0.008324	0.996	0.06673
0.004457	0.9911	0.0639
0.006137	0.9931	0.06393
0.0106	0.9968	0.0672
0.01282	0.9986	0.06822
0.01052	1	0.06553
0.008337	1	0.06433
0.009543	0.9981	0.06426
0.01129	0.9965	0.06269
0.01097	0.9967	0.06314
0.007683	0.9956	0.07063
0.004747	0.9934	0.07481
0.006504	0.995	0.07101
0.01176	0.9958	0.06774
0.02089	0.9942	0.06405
0.02356	0.9938	0.06232
0.01039	0.9932	0.0662
0.003687	0.9949	0.07085
0.008669	0.9981	0.07224
0.01012	1	0.06787
0.01315	1.002	0.06227
0.01163	0.9991	0.06086
0.004636	0.9947	0.06231
0.005069	0.9937	0.06544
0.005655	0.9937	0.06744
0.006411	0.9966	0.06729
0.01138	0.9989	0.06741
0.0128	0.9973	0.06773
0.01078	0.996	0.06874
0.01049	0.994	0.06948
0.01297	0.9933	0.06822
0.01303	0.9949	0.06787
0.01173	0.9951	0.06827
0.01247	0.9968	0.06655
0.01173	0.9985	0.0636
0.01082	0.9975	0.06379
0.009412	0.9958	0.07053
0.008189	0.9918	0.07209
0.009227	0.9917	0.06133
0.008886	1	0.05622
0.008853	1.004	0.06154
0.008904	0.9997	0.06712
0.00876	0.9986	0.07133
0.01082	0.9984	0.07062
0.01136	0.9977	0.06952
0.01078	0.9978	0.07111
0.009344	0.9911	0.06855
0.008575	0.9885	0.06694
0.01325	0.9951	0.06603
0.01636	0.9964	0.06448
0.01306	0.9958	0.0687
0.007259	0.9954	0.07017
0.004078	0.993	0.06647
0.007371	0.9956	0.06298
0.01052	0.9982	0.05973
0.01112	0.998	0.06141
0.01267	0.9988	0.06526
0.01123	0.9982	0.06837
0.009709	0.9979	0.07024
0.01118	0.9981	0.0676
0.01156	0.9976	0.06724
0.01148	0.9959	0.06876
0.01139	0.9929	0.06767
0.01048	0.9933	0.06774
0.006867	0.9958	0.06732
0.004035	0.9962	0.0662
0.007541	0.996	0.06553
0.01041	0.996	0.06632
0.01112	0.9993	0.07083
0.0127	1.003	0.07054
0.01439	0.9993	0.05973
0.01697	0.9968	0.05141
0.01195	0.9983	0.05978
-4.405e-05	0.9948	0.07735
-0.002604	0.9817	0.08449
0.008557	0.9741	0.078
0.01883	0.989	0.06932
0.0196	1.013	0.06358
0.02091	1.02	0.06047
0.0185	1.005	0.05924
0.008806	0.9919	0.05835
0.006241	0.9924	0.06279
0.006232	0.9939	0.06976
0.005274	0.9947	0.06853
0.006856	0.9956	0.06494
0.006494	0.9928	0.06491
0.006692	0.9939	0.06605
0.003285	0.9965	0.06728
-0.001041	0.9977	0.06649
0.005038	0.9973	0.06635
0.01396	0.9962	0.06755
0.01901	1	0.06946
0.01911	1.002	0.07119
0.01466	0.9988	0.06916
0.01354	0.9943	0.06863
0.01656	0.9864	0.06906
0.01799	0.9866	0.06684
0.0146	0.9965	0.06643
0.009192	1.003	0.06633
0.006969	1.002	0.0666
0.005749	1.003	0.07169
0.004157	0.9922	0.06973
0.005567	0.9884	0.05753
0.006035	0.9956	0.05233
0.007012	0.9995	0.05838
0.00809	0.996	0.0651
0.008864	0.9964	0.07052
0.01165	0.9977	0.07092
0.01269	0.9983	0.07068
0.01239	0.9994	0.07283
0.011	0.9933	0.07053
0.01011	0.991	0.06891
0.01453	0.9975	0.06776
0.01731	0.9985	0.06583
0.01363	0.9974	0.06959
0.007478	0.9964	0.07059
0.003978	0.9934	0.06644
0.007018	0.9955	0.06258
0.009994	0.9976	0.05906
0.01049	0.9971	0.06057
0.01202	0.9977	0.06437
0.01062	0.997	0.0675
0.00919	0.9968	0.06948
0.01079	0.9972	0.067
0.0113	0.9969	0.06683
0.01136	0.9954	0.06855
0.01139	0.9926	0.06764
0.01059	0.9933	0.06787
0.007053	0.9959	0.06757
0.004268	0.9965	0.06652
0.007792	0.9965	0.06588
0.01066	0.9964	0.06668
0.01134	0.9997	0.07115
0.01288	1.003	0.07081
0.01452	0.9997	0.05993
0.01704	0.997	0.05153
0.01197	0.9984	0.05983
-6.543e-05	0.9948	0.07734
-0.002659	0.9817	0.08443
0.008479	0.974	0.0779
0.01874	0.9888	0.0692
0.0195	1.013	0.06345
0.02083	1.019	0.06034
0.01843	1.005	0.05913
0.008751	0.9917	0.05827
0.006206	0.9923	0.06273
0.006215	0.9938	0.06973
0.005275	0.9946	0.06853
0.00687	0.9956	0.06495
0.006519	0.9929	0.06494
0.006724	0.994	0.06609
0.003319	0.9966	0.06733
-0.001009	0.9978	0.06653
0.005067	0.9974	0.0664
0.01398	0.9963	0.06758
0.01903	1	0.06949
0.01912	1.002	0.0712
0.01466	0.9989	0.06917
0.01354	0.9943	0.06863
0.01655	0.9864	0.06905
0.01798	0.9866	0.06683
0.01459	0.9964	0.06641
0.009179	1.003	0.06631
0.006957	1.002	0.06658
0.005794	0.9984	0.06756
0.002453	0.9965	0.06499
0.002312	0.9949	0.06121
0.009594	0.9934	0.06204
0.01233	0.9926	0.06562
0.007211	0.9965	0.06558
0.00805	0.9995	0.06622
0.01113	0.9982	0.06788
0.01112	1.002	0.06618
0.0137	1	0.06769
0.01455	0.9902	0.06898
0.01128	0.9883	0.0678
0.009014	0.9946	0.06881
0.009671	0.9967	0.06845
0.01126	0.9949	0.06812
0.01078	0.9975	0.06671
0.007255	0.9998	0.06559
0.006203	1	0.06906
0.01165	1.001	0.06919
0.01398	0.9963	0.06625
0.01212	0.9942	0.06528
0.0128	0.9956	0.06466
0.01008	0.994	0.06369
0.006111	0.9949	0.06343
0.006756	0.9959	0.06519
0.009588	0.9959	0.06478
0.01457	0.9968	0.06264
0.01847	0.9963	0.06584
0.01869	0.995	0.07266
0.01073	0.992	0.07507
-0.00312	0.99	0.07248
-0.0055	0.9956	0.07021
0.0009054	1.007	0.06488
0.005236	1.007	0.06
0.0113	0.9953	0.06227
0.0167	0.992	0.06399
0.01927	0.9995	0.06808
0.02144	1.002	0.07168
0.02238	1.003	0.06752
0.0201	0.9994	0.06809
0.01438	0.9852	0.06893
0.009385	0.9779	0.065
0.006448	0.9841	0.06075
0.006713	0.9936	0.05252
0.00958	1.004	0.05382
0.005531	1.007	0.06666
-0.01009	1.001	0.07643
-0.01606	0.9976	0.07921
0.00248	0.9972	0.07623
0.01299	0.9977	0.0752
0.01167	0.9961	0.07081
0.01993	0.9913	0.06628
0.01659	0.9913	0.0733
0.01526	0.9945	0.07103
0.03007	0.9955	0.05511
0.02649	0.9908	0.04747
0.008327	0.9935	0.05723
-0.000505	1.017	0.07824
0.0123	1.025	0.08143
0.03791	1.005	0.05806
0.0378	0.9972	0.04901
0.002597	0.9858	0.0633
-0.02633	0.9633	0.06723
-0.02509	0.9706	0.06802
-0.01853	0.9873	0.0857
-0.002494	0.9975	0.07165
0.009754	1.003	0.06181
0.02383	1.004	0.06013
0.02909	1.004	0.06332
0.02341	1.007	0.06401
0.02167	1.007	0.06578
0.02105	1.003	0.06853
0.01695	1.004	0.06763
0.01563	0.9999	0.06956
0.01312	0.988	0.07089
0.007305	0.9848	0.06942
0.00338	0.9905	0.06993
0.003267	0.9925	0.06894
0.004876	0.9911	0.06798
0.005038	0.9944	0.06599
0.002619	0.9976	0.06443
0.002928	0.9992	0.06762
0.009812	1.001	0.06764
0.01352	0.9967	0.06474
0.01284	0.9953	0.06394
0.01444	0.9971	0.06359
0.01232	0.9958	0.06296
0.008661	0.9967	0.06304
0.009325	0.9975	0.06513
0.01194	0.9972	0.065
0.01653	0.9978	0.06308
0.01993	0.9969	0.06643
0.01959	0.9952	0.07333
0.0111	0.9919	0.07574
-0.003231	0.9896	0.0731
-0.005998	0.995	0.07073
0.0001311	1.006	0.06528
0.004302	1.007	0.06026
0.01032	0.9947	0.06239
0.01577	0.9915	0.06399
0.01846	0.999	0.06798
0.0208	1.002	0.0715
0.02194	1.003	0.06729
0.01986	0.9994	0.06785
0.01433	0.9853	0.06869
0.009499	0.978	0.06479
0.006686	0.9844	0.06058
0.00703	0.9938	0.0524
0.009936	1.004	0.05375
0.005886	1.007	0.06664
-0.00977	1.001	0.07645
-0.0158	0.9977	0.07926
0.002679	0.9973	0.0763
0.01312	0.9978	0.07529
0.01172	0.9961	0.0709
0.01992	0.9913	0.06636
0.01652	0.9912	0.07337
0.01515	0.9944	0.07109
0.02994	0.9954	0.05514
0.02636	0.9907	0.04749
0.008202	0.9935	0.05723
-0.0006137	1.017	0.07823
0.01221	1.025	0.0814
0.03785	1.005	0.05803
0.03776	0.9972	0.04897
0.002592	0.9859	0.06327
-0.02632	0.9634	0.06721
-0.02506	0.9707	0.06799
-0.0187	0.987	0.07368
-0.005004	0.9933	0.06939
0.008714	1.002	0.06931
0.0063	1.005	0.07107
0.03356	1.013	0.06793
0.05697	1.014	0.07027
0.03838	1.003	0.06745
0.02409	1.004	0.06294
0.002787	0.9997	0.06356
-0.008994	0.9907	0.06519
-0.0001328	0.9894	0.0674
-0.002479	0.9895	0.06451
0.007665	0.9911	0.06531
0.01205	0.9872	0.06881
0.007652	0.9876	0.0674
0.01206	0.9928	0.07127
0.004097	0.9948	0.0743
0.006646	1.002	0.07171
0.01195	1.003	0.06942
0.01331	1.001	0.06443
0.01992	0.999	0.06202
0.007472	0.9933	0.06199
0.006233	0.9982	0.05586
0.01788	1.005	0.05464
0.01408	1.004	0.06123
0.009566	1.001	0.06326
0.005478	0.9942	0.06666
0.006586	0.992	0.0717
0.00965	0.9936	0.07142
0.009959	0.9976	0.07161
0.01293	1.007	0.07162
0.0105	0.9971	0.0726
0.00869	0.9574	0.07577
0.006209	0.9383	0.07676
0.006278	0.9734	0.07573
0.01723	1.02	0.06795
0.0244	1.043	0.05648
0.02788	1.052	0.05285
0.02152	1.046	0.0558
-0.001863	1.014	0.05982
-0.01703	0.9749	0.06842
-0.01375	0.9597	0.07722
-0.004564	0.9552	0.07467
0.003242	0.9657	0.07252
0.009193	0.9981	0.0724
0.0187	1.01	0.0604
0.03194	1.006	0.04955
0.03938	1.003	0.04982
0.03446	0.9899	0.06084
0.01581	0.9909	0.07112
-0.001902	0.9952	0.06916
-0.00135	0.9942	0.073
0.005821	1.001	0.07642
0.008636	0.9997	0.06973
0.006565	1.001	0.06817
0.001951	1.004	0.06714
0.003745	1.002	0.06877
0.004106	1.004	0.07145
0.001268	0.9982	0.06773
0.003422	0.9934	0.06743
0.007324	0.9962	0.06674
0.01357	0.9943	0.06786
0.02209	0.9947	0.06919
0.02994	0.9902	0.06037
