0.007085	0.2559	0.976
0.02184	0.2437	0.9556
0.03011	0.2343	0.916
0.04637	0.224	0.9286
0.04458	0.2204	0.9816
0.006956	0.2234	1.046
-0.03517	0.2212	1.04
-0.02791	0.209	0.9634
0.0195	0.2071	0.9297
0.03108	0.2264	0.9459
-0.0003443	0.2415	0.9787
-0.01107	0.2463	0.9885
0.02312	0.2588	0.973
0.05633	0.2649	0.9736
0.0524	0.2605	0.9725
0.01817	0.2559	0.9707
-0.00747	0.2465	0.9647
-0.002079	0.2379	0.942
0.000326	0.2312	0.936
-0.004229	0.2264	0.9497
-0.01918	0.228	0.9576
-0.04034	0.2349	0.9644
-0.02463	0.2426	0.9749
0.003187	0.2403	0.9694
0.02982	0.2356	0.9617
0.04699	0.2438	0.9675
0.03563	0.2616	0.9702
0.03663	0.2703	0.9769
0.03099	0.2669	0.987
0.01749	0.2711	0.9852
0.02096	0.2643	0.9713
0.01087	0.2458	0.9604
0.008378	0.2399	0.9638
0.004215	0.2274	0.9607
-0.01145	0.2187	0.958
-0.008242	0.2191	0.9662
-0.01041	0.2081	0.9676
-0.006594	0.2113	0.9691
0.0101	0.2267	0.9659
0.01486	0.2331	0.962
0.01718	0.2417	0.9718
0.01631	0.2504	0.973
0.01595	0.2554	0.9663
0.01862	0.2585	0.9606
0.02114	0.2585	0.9556
0.02101	0.2564	0.9588
0.01081	0.2532	0.9614
0.007374	0.2509	0.9669
0.01016	0.2482	0.9779
0.00746	0.2448	0.9798
0.005371	0.2423	0.9714
0.00286	0.2417	0.9625
0.003267	0.2409	0.9626
0.004871	0.2383	0.9673
0.005112	0.238	0.972
0.00891	0.2372	0.9725
0.01186	0.2359	0.9634
0.01411	0.2374	0.9593
0.01574	0.2374	0.9615
0.01458	0.2386	0.9605
0.01409	0.2406	0.9635
0.013	0.2415	0.9673
0.01101	0.2437	0.9673
0.01026	0.2439	0.9713
0.009915	0.244	0.9774
0.009527	0.2446	0.9751
0.009261	0.2414	0.9644
0.0102	0.2389	0.9578
0.01027	0.243	0.9624
0.007291	0.2518	0.9693
0.006147	0.2535	0.9705
0.007652	0.2449	0.9694
0.008354	0.2397	0.9685
0.009889	0.2396	0.9668
0.009943	0.2385	0.9651
0.007696	0.2394	0.9641
0.008469	0.2407	0.9647
0.01084	0.2411	0.9653
0.01308	0.2427	0.9646
0.01491	0.2411	0.9639
0.01571	0.2398	0.9645
0.01593	0.2421	0.9658
0.01199	0.2421	0.9664
0.009556	0.243	0.9677
0.01135	0.2447	0.9685
0.008676	0.2449	0.9691
0.00563	0.2458	0.9708
0.003677	0.2426	0.9697
0.00492	0.2658	0.963
0.01344	0.2256	0.9659
0.002189	0.2224	0.9655
0.0087	0.2283	0.9698
0.01133	0.2329	0.9785
0.006889	0.2504	0.9765
0.0188	0.2582	0.9632
0.01564	0.2527	0.9538
0.01812	0.2568	0.9591
0.01684	0.2505	0.9583
0.0021	0.2441	0.9577
0.004589	0.2436	0.9679
0.0004631	0.229	0.9707
0.001528	0.2269	0.9731
0.01511	0.2362	0.9705
0.01679	0.2363	0.9666
0.01635	0.2393	0.9759
0.01326	0.2435	0.9764
0.01134	0.2453	0.9688
0.01315	0.2467	0.9621
0.01546	0.2463	0.9561
0.01568	0.245	0.9585
0.006271	0.2435	0.9604
0.00391	0.2435	0.9654
0.007909	0.2435	0.9761
0.006426	0.2427	0.978
0.005445	0.2425	0.9696
0.003852	0.2439	0.961
0.004934	0.2445	0.9614
0.006953	0.2428	0.9665
0.007354	0.2428	0.9716
0.01109	0.2419	0.9724
0.01379	0.2401	0.9636
0.01566	0.2408	0.9598
0.01685	0.2398	0.9621
0.01522	0.24	0.9611
0.01429	0.241	0.9642
0.01281	0.2411	0.9679
0.01052	0.2427	0.9678
0.009562	0.2424	0.9716
0.009114	0.2422	0.9776
0.00871	0.2428	0.9752
0.008503	0.2397	0.9644
0.009554	0.2375	0.9577
0.00978	0.242	0.9622
0.006972	0.2512	0.9691
0.005997	0.2532	0.9702
0.007655	0.2449	0.9692
0.008483	0.24	0.9683
0.01011	0.2401	0.9667
0.01022	0.2391	0.965
0.007995	0.2401	0.964
0.00876	0.2414	0.9647
0.0111	0.2416	0.9653
0.01329	0.2431	0.9647
0.01506	0.2414	0.964
0.0158	0.24	0.9646
0.01595	0.2421	0.9659
0.01196	0.2421	0.9665
0.00949	0.2428	0.9678
0.01126	0.2445	0.9685
0.008569	0.2447	0.9691
0.005521	0.2455	0.9708
0.003575	0.2424	0.9697
0.002548	0.2403	0.9676
0.007362	0.2424	0.9671
0.008657	0.2411	0.9675
0.008944	0.2405	0.9677
0.01625	0.2417	0.9635
0.01788	0.242	0.9576
0.01214	0.2431	0.9607
0.009492	0.2417	0.9755
0.009854	0.2412	0.9806
0.01008	0.2427	0.9642
0.0116	0.2424	0.9575
0.01353	0.2436	0.9642
0.01106	0.2451	0.9646
0.007871	0.2433	0.968
0.008308	0.2398	0.9699
0.008112	0.239	0.9679
0.00712	0.2435	0.9694
0.007146	0.2448	0.9641
0.007716	0.2418	0.9617
0.009012	0.2425	0.9666
0.0102	0.244	0.9692
0.01231	0.2437	0.9729
0.01429	0.244	0.9705
0.01359	0.2433	0.9651
0.01278	0.2412	0.9641
0.01119	0.2394	0.9637
0.007916	0.2388	0.9658
0.007679	0.2394	0.967
0.009801	0.2418	0.9655
0.01136	0.2442	0.9638
0.01213	0.2439	0.9645
0.01205	0.2442	0.9669
0.01168	0.2446	0.9668
0.009549	0.2435	0.9671
0.00822	0.2431	0.9665
0.009247	0.2425	0.9666
0.008315	0.2418	0.9703
0.006865	0.2406	0.9693
0.006042	0.2399	0.9679
0.005939	0.2422	0.9703
0.008844	0.2427	0.9705
0.01242	0.2413	0.9688
0.01385	0.2417	0.9666
0.0132	0.2423	0.9654
0.01304	0.2418	0.9649
0.01269	0.2398	0.9628
0.01131	0.2398	0.9617
0.01192	0.244	0.9616
0.01188	0.2455	0.9617
0.01006	0.2428	0.9663
0.007853	0.2434	0.9697
0.005199	0.2469	0.9685
0.005051	0.2475	0.9705
0.006689	0.245	0.9701
0.008207	0.2414	0.9643
0.01014	0.2399	0.9633
0.0133	0.2399	0.9682
0.01543	0.2381	0.9751
0.01365	0.2376	0.9756
0.01284	0.2399	0.9684
0.01261	0.243	0.9628
0.01051	0.2443	0.9605
0.00998	0.2426	0.9612
0.007761	0.2416	0.9637
0.0136	0.2454	0.9634
0.008634	0.2452	0.9658
0.004495	0.2425	0.9682
0.00247	0.2411	0.9697
0.009574	0.2418	0.9662
0.0123	0.2418	0.9605
0.008301	0.2429	0.9634
0.007591	0.2415	0.9779
0.009747	0.241	0.9824
0.01143	0.2426	0.9655
0.01395	0.2423	0.9581
0.01641	0.2435	0.9643
0.01405	0.245	0.9643
0.01061	0.2433	0.9673
0.01054	0.2397	0.969
0.009686	0.2389	0.9669
0.007977	0.2434	0.9685
0.007316	0.2447	0.9632
0.00729	0.2417	0.9611
0.008127	0.2424	0.9661
0.00901	0.2439	0.969
0.01098	0.2437	0.9728
0.01297	0.244	0.9706
0.01239	0.2433	0.9653
0.0118	0.2412	0.9644
0.01048	0.2394	0.964
0.007494	0.2389	0.9662
0.007538	0.2395	0.9674
0.009907	0.2419	0.9657
0.01166	0.2443	0.964
0.01257	0.244	0.9646
0.01256	0.2442	0.967
0.01221	0.2446	0.9667
0.01005	0.2435	0.967
0.008649	0.2431	0.9664
0.009578	0.2425	0.9665
0.008537	0.2418	0.9702
0.006977	0.2406	0.9692
0.006053	0.2399	0.9678
0.005866	0.2422	0.9702
0.008708	0.2427	0.9705
0.01225	0.2413	0.9688
0.01366	0.2417	0.9665
0.01301	0.2423	0.9655
0.01287	0.2418	0.965
0.01255	0.2398	0.9628
0.01121	0.2398	0.9618
0.01186	0.244	0.9616
0.01186	0.2455	0.9618
0.01007	0.2428	0.9664
0.007892	0.2434	0.9697
0.005258	0.2469	0.9685
0.005119	0.2475	0.9705
0.00676	0.245	0.9701
0.008273	0.2414	0.9643
0.0102	0.2399	0.9632
0.01334	0.2399	0.9682
0.01546	0.2381	0.9751
0.01366	0.2376	0.9756
0.01284	0.2399	0.9684
0.0126	0.243	0.9628
0.01049	0.2443	0.9605
0.009956	0.2426	0.9612
0.007735	0.2416	0.9637
0.006377	0.2425	0.9655
0.00944	0.2436	0.9652
0.01092	0.2443	0.9648
0.0101	0.2437	0.9674
0.006657	0.2425	0.9687
0.005236	0.2423	0.9694
0.01072	0.2424	0.9699
0.01248	0.2433	0.9659
0.01028	0.2452	0.962
0.01159	0.2453	0.9633
0.01091	0.2416	0.9718
0.008999	0.2388	0.9762
0.01089	0.2397	0.9695
0.0138	0.2395	0.967
0.01412	0.24	0.9678
0.01062	0.2414	0.9649
0.00893	0.2411	0.9647
0.01045	0.2429	0.9629
0.008883	0.2442	0.9603
0.006692	0.2435	0.9627
0.007316	0.2442	0.9669
0.01011	0.247	0.9712
0.01178	0.2479	0.9713
0.009007	0.2416	0.9673
0.008424	0.2382	0.9635
0.009558	0.2403	0.9599
0.008484	0.2394	0.9614
0.01094	0.2407	0.9695
0.01327	0.2425	0.9737
0.01266	0.2424	0.9703
0.01341	0.2432	0.9682
0.01266	0.2422	0.9665
0.01015	0.243	0.965
0.007755	0.244	0.973
0.006987	0.244	0.9755
0.01014	0.2446	0.9643
0.01113	0.2411	0.9604
0.007635	0.2397	0.9619
0.005924	0.2405	0.9623
0.007106	0.2397	0.9665
0.01113	0.2423	0.9682
0.01546	0.2444	0.9694
0.01438	0.2446	0.9705
0.01173	0.2448	0.961
0.01172	0.2413	0.9491
0.01085	0.2386	0.9559
0.007879	0.2402	0.9822
0.005864	0.2424	0.9915
0.007414	0.2446	0.9691
0.01003	0.2456	0.9614
0.01096	0.244	0.9694
0.01055	0.2431	0.9615
0.01017	0.2432	0.9621
0.01163	0.2414	0.9669
0.01168	0.2381	0.9622
0.009657	0.2375	0.9661
0.008804	0.2404	0.967
0.008238	0.2422	0.9677
0.008381	0.2437	0.9714
0.008975	0.2466	0.9672
0.01032	0.2465	0.9677
0.01269	0.2457	0.9663
0.01365	0.2451	0.9649
0.01342	0.2428	0.9676
-0.0001063	0.237	0.9679
0.0111	0.2388	0.9653
0.01623	0.2405	0.9635
0.01608	0.241	0.9653
0.01152	0.2409	0.9663
0.008115	0.2417	0.9672
0.0114	0.2425	0.9681
0.01119	0.244	0.9646
0.007486	0.2463	0.9613
0.007882	0.2466	0.9632
0.006895	0.2429	0.9721
0.005186	0.2401	0.9769
0.007681	0.2407	0.9704
0.01146	0.2402	0.968
0.01276	0.2404	0.9688
0.01024	0.2415	0.9658
0.009428	0.241	0.9653
0.01165	0.2426	0.9634
0.01055	0.2437	0.9606
0.008612	0.243	0.9627
0.009268	0.2437	0.9668
0.01191	0.2465	0.9709
0.01328	0.2475	0.971
0.01014	0.2413	0.9669
0.009131	0.238	0.9631
0.009848	0.2402	0.9595
0.0084	0.2394	0.9611
0.01055	0.2408	0.9692
0.01266	0.2426	0.9735
0.01191	0.2426	0.9702
0.01263	0.2434	0.9682
0.0119	0.2423	0.9666
0.009489	0.2432	0.9651
0.007232	0.2441	0.9732
0.006621	0.2441	0.9756
0.009935	0.2446	0.9644
0.01108	0.2411	0.9605
0.007715	0.2397	0.962
0.006104	0.2405	0.9624
0.007353	0.2396	0.9666
0.01141	0.2423	0.9682
0.01574	0.2443	0.9694
0.01464	0.2445	0.9705
0.01194	0.2448	0.9609
0.01189	0.2413	0.9491
0.01096	0.2386	0.9559
0.007924	0.2402	0.9822
0.005857	0.2424	0.9915
0.007365	0.2446	0.969
0.009954	0.2457	0.9614
0.01086	0.2441	0.9694
0.01045	0.2431	0.9615
0.01007	0.2432	0.9621
0.01154	0.2414	0.9669
0.01161	0.2381	0.9622
0.009608	0.2375	0.9661
0.008778	0.2404	0.967
0.008232	0.2422	0.9678
0.008392	0.2437	0.9714
0.009	0.2466	0.9673
0.01035	0.2464	0.9677
0.01272	0.2457	0.9663
0.01369	0.2451	0.9649
0.01345	0.2428	0.9676
0.01092	0.2406	0.9636
0.008907	0.237	0.965
0.0101	0.2363	0.9682
0.01034	0.2405	0.9669
0.01	0.2424	0.9693
0.008331	0.2431	0.9683
0.006151	0.2442	0.9649
0.008299	0.2447	0.9637
0.01121	0.2447	0.9632
0.01185	0.2428	0.9637
0.01065	0.2422	0.9656
0.01023	0.243	0.9687
0.01171	0.2418	0.971
0.009159	0.2406	0.9754
0.007668	0.2407	0.9769
0.01029	0.2411	0.9683
0.00898	0.2423	0.9553
0.007872	0.2436	0.9526
0.009509	0.2436	0.965
0.01262	0.2433	0.9697
0.01601	0.243	0.9646
0.0135	0.242	0.9682
0.01074	0.2414	0.9708
0.009987	0.2414	0.9718
0.009234	0.2415	0.9751
0.0113	0.2417	0.9713
0.009434	0.243	0.9652
0.00551	0.2445	0.9618
0.005334	0.2436	0.9621
0.006593	0.2428	0.962
0.01011	0.2433	0.9608
0.01254	0.2433	0.9652
0.01254	0.2436	0.9669
0.01218	0.2419	0.9676
0.01242	0.2385	0.9697
0.01289	0.238	0.9668
0.01088	0.2401	0.9675
0.01097	0.243	0.9682
0.01148	0.2444	0.9666
0.007628	0.2436	0.969
0.00442	0.244	0.9693
0.003993	0.2443	0.9693
0.00728	0.2424	0.968
0.01018	0.2411	0.9641
0.01192	0.2413	0.9648
0.0161	0.242	0.9649
0.01533	0.2413	0.964
0.01315	0.242	0.9666
0.0135	0.244	0.9673
0.009705	0.2429	0.9672
0.006144	0.2425	0.9667
0.005452	0.2421	0.9658
0.006975	0.2413	0.9697
0.008255	0.2428	0.9721
0.00708	0.2417	0.9713
0.01027	0.242	0.9686
0.01341	0.2451	0.9606
0.01263	0.2436	0.9587
0.01337	0.242	0.9631
0.01378	0.2417	0.9644
0.01366	0.2419	0.9677
0.0104	0.2423	0.9687
0.004384	0.2396	0.9668
0.004076	0.2396	0.9669
0.01728	0.25	0.9624
0.00942	0.2411	0.9679
0.00795	0.2374	0.9727
0.007604	0.2402	0.9714
0.007878	0.2416	0.9728
0.007381	0.2424	0.9704
0.006485	0.2438	0.9654
0.009739	0.2447	0.9629
0.01342	0.245	0.9614
0.01444	0.2434	0.9612
0.01325	0.2429	0.963
0.01252	0.2436	0.9661
0.01348	0.2422	0.9688
0.01028	0.2408	0.9737
0.008106	0.2408	0.9758
0.0101	0.241	0.9679
0.008256	0.242	0.9555
0.006763	0.2432	0.9532
0.008176	0.243	0.9659
0.01122	0.2427	0.9709
0.01467	0.2425	0.9658
0.01235	0.2416	0.9693
0.009845	0.2411	0.9718
0.009388	0.2412	0.9726
0.008937	0.2414	0.9756
0.01129	0.2417	0.9716
0.009655	0.2431	0.9653
0.00591	0.2447	0.9616
0.005847	0.2438	0.9618
0.007157	0.243	0.9616
0.01067	0.2435	0.9603
0.01304	0.2435	0.9647
0.01295	0.2437	0.9664
0.01249	0.242	0.9672
0.01261	0.2386	0.9694
0.01296	0.238	0.9666
0.01085	0.2401	0.9675
0.01086	0.243	0.9683
0.01132	0.2444	0.9667
0.007432	0.2435	0.9691
0.004215	0.2439	0.9694
0.003798	0.2442	0.9695
0.007112	0.2424	0.9681
0.01005	0.241	0.9642
0.01183	0.2412	0.9649
0.01605	0.242	0.965
0.01532	0.2413	0.9641
0.01317	0.2421	0.9666
0.01355	0.2441	0.9673
0.009772	0.2429	0.9672
0.006218	0.2425	0.9666
0.005525	0.2421	0.9657
0.007041	0.2413	0.9696
0.00831	0.2428	0.9721
0.00712	0.2417	0.9712
0.0103	0.242	0.9686
0.01342	0.2451	0.9606
0.01262	0.2436	0.9587
0.01335	0.242	0.9631
0.01376	0.2417	0.9644
0.01363	0.2419	0.9677
0.01037	0.2423	0.9687
0.004358	0.2396	0.9668
0.004054	0.2396	0.967
0.007399	0.2425	0.9669
0.01001	0.2434	0.9691
0.01259	0.243	0.97
0.01365	0.241	0.9686
0.01184	0.2409	0.9686
0.01052	0.2453	0.9666
0.01092	0.2475	0.9648
0.009477	0.2451	0.9652
0.009358	0.2433	0.9653
0.009962	0.2401	0.9647
0.008055	0.238	0.9655
0.009044	0.2429	0.9683
0.01041	0.2441	0.9685
0.01005	0.2406	0.9673
0.01092	0.2414	0.9681
0.01055	0.2414	0.9665
0.01055	0.2411	0.9639
0.01078	0.2429	0.9637
0.01013	0.2422	0.9651
0.01049	0.2415	0.9685
0.01011	0.2425	0.9736
0.009984	0.2434	0.9734
0.01041	0.2432	0.9622
0.01063	0.2407	0.9576
0.01057	0.2406	0.9675
0.007673	0.2459	0.9703
0.006378	0.2472	0.9674
0.009875	0.2426	0.9671
0.01234	0.2417	0.9631
0.01218	0.2425	0.9635
0.01211	0.241	0.9663
0.0122	0.2414	0.9673
0.01156	0.2409	0.9698
0.01038	0.2397	0.9682
0.009424	0.2412	0.9691
0.008917	0.242	0.97
0.007643	0.2424	0.9647
0.006619	0.2425	0.9647
0.00805	0.2425	0.9657
0.009533	0.2447	0.9649
0.01027	0.2447	0.9666
0.01134	0.2439	0.9658
0.01187	0.2446	0.9665
0.01265	0.2426	0.9682
0.01262	0.2397	0.9667
0.01126	0.2393	0.9653
0.009745	0.2403	0.9671
0.008138	0.2408	0.9699
0.008409	0.2401	0.9695
0.009185	0.2406	0.9684
0.009436	0.244	0.9673
0.01107	0.2469	0.9662
0.01147	0.2456	0.9659
0.01035	0.2441	0.9664
0.01006	0.2444	0.9673
0.01003	0.2431	0.9653
0.01061	0.2399	0.9631
0.01157	0.2385	0.9603
0.01037	0.2412	0.955
0.00793	0.2431	0.9605
0.007893	0.2422	0.9781
0.008614	0.2428	0.9825
0.009333	0.243	0.9673
0.01155	0.2422	0.963
0.002214	0.2359	0.9716
0.01168	0.241	0.9694
0.01712	0.2432	0.9679
0.01849	0.2425	0.9655
0.01552	0.2428	0.9654
0.01238	0.2471	0.9639
0.01089	0.2488	0.9629
0.007825	0.2458	0.9641
0.006558	0.2434	0.9651
0.006557	0.2397	0.9652
0.004563	0.2373	0.9664
0.005896	0.242	0.9695
0.007914	0.2431	0.9698
0.008392	0.2397	0.9686
0.01016	0.2407	0.9691
0.01064	0.2409	0.9672
0.01135	0.2408	0.9643
0.01212	0.2429	0.9638
0.0118	0.2424	0.965
0.01228	0.2418	0.9681
0.01184	0.2429	0.9731
0.0115	0.2438	0.9729
0.01161	0.2437	0.9617
0.01146	0.2411	0.9571
0.01101	0.241	0.9671
0.007746	0.2461	0.97
0.006138	0.2474	0.9672
0.009393	0.2427	0.967
0.0117	0.2417	0.9631
0.01147	0.2424	0.9636
0.01139	0.2408	0.9665
0.01154	0.2413	0.9675
0.01102	0.2407	0.9701
0.009972	0.2395	0.9684
0.009164	0.2411	0.9693
0.008804	0.2418	0.9702
0.007662	0.2423	0.9648
0.006745	0.2425	0.9647
0.008253	0.2425	0.9657
0.009781	0.2447	0.9649
0.01054	0.2448	0.9665
0.01159	0.244	0.9657
0.01209	0.2447	0.9664
0.01282	0.2427	0.9681
0.01274	0.2398	0.9666
0.01133	0.2394	0.9652
0.009761	0.2403	0.9671
0.00811	0.2408	0.9698
0.008348	0.2402	0.9695
0.009101	0.2406	0.9684
0.009341	0.244	0.9674
0.01098	0.2469	0.9662
0.01138	0.2456	0.966
0.01028	0.244	0.9665
0.01001	0.2444	0.9673
0.009994	0.243	0.9653
0.01059	0.2399	0.9631
0.01157	0.2385	0.9603
0.01038	0.2412	0.955
0.007957	0.2431	0.9605
0.007926	0.2422	0.978
0.00865	0.2428	0.9825
0.009366	0.243	0.9673
0.01158	0.2423	0.963
0.01196	0.24	0.9722
0.01223	0.2385	0.9683
0.01512	0.2422	0.9613
0.01471	0.2432	0.9639
0.008831	0.2429	0.9697
0.004827	0.2449	0.973
0.00597	0.2446	0.9661
0.005106	0.2449	0.9625
0.004723	0.2449	0.965
0.01033	0.2429	0.9627
0.01293	0.2408	0.9666
0.01277	0.2394	0.9698
0.01412	0.2406	0.9677
0.01367	0.2402	0.9685
0.01456	0.2404	0.9658
0.01401	0.2429	0.9634
0.008947	0.2425	0.9607
0.006574	0.2422	0.9609
0.006385	0.2424	0.9703
0.00573	0.2435	0.9727
0.007769	0.2463	0.9692
0.009178	0.2454	0.9704
0.008484	0.2437	0.9714
0.01106	0.2423	0.9692
0.01219	0.2403	0.9642
0.01136	0.2387	0.961
0.01491	0.2377	0.962
0.01555	0.2405	0.9642
0.01263	0.2438	0.9645
0.01028	0.2441	0.9616
0.006111	0.2436	0.9647
0.003892	0.2428	0.9801
0.004766	0.2429	0.9838
0.01006	0.2437	0.9644
0.01449	0.2448	0.9569
0.0114	0.244	0.9646
0.01176	0.239	0.9621
0.01275	0.2373	0.9614
0.009469	0.2418	0.9657
0.009767	0.2438	0.9704
0.008599	0.2426	0.9762
0.007802	0.2434	0.9692
0.00873	0.2441	0.9647
0.006739	0.2436	0.9676
0.009121	0.2445	0.9634
0.01304	0.2433	0.9656
0.01317	0.2393	0.9668
0.0114	0.2376	0.9604
0.009711	0.2407	0.9623
0.01076	0.2437	0.9682
0.0107	0.2434	0.9712
0.01067	0.2441	0.9691
0.01091	0.2441	0.967
0.009461	0.2422	0.9679
0.01042	0.2416	0.9665
0.009599	0.2411	0.9671
0.007838	0.2419	0.9672
0.009159	0.243	0.9664
0.01152	0.2422	0.9676
0.01354	0.2418	0.9681
0.01044	0.2415	0.971
0.009052	0.2421	0.9689
0.01144	0.2439	0.9602
0.009197	0.2435	0.9572
0.01426	0.25	0.9596
0.008474	0.2406	0.9663
0.009178	0.2397	0.9653
0.009045	0.2387	0.9706
0.004804	0.238	0.9767
0.002979	0.2407	0.9791
0.006279	0.2417	0.9705
0.007196	0.2434	0.965
0.008034	0.2448	0.9656
0.01425	0.2439	0.9618
0.01689	0.2426	0.9646
0.01629	0.2416	0.9672
0.01687	0.2429	0.9649
0.01547	0.2424	0.9659
0.01535	0.2421	0.9636
0.01387	0.2441	0.9618
0.00801	0.2432	0.9598
0.005054	0.2424	0.9607
0.004513	0.2421	0.9706
0.003735	0.2429	0.9735
0.005852	0.2453	0.9703
0.007502	0.2444	0.9717
0.007164	0.2427	0.9727
0.01015	0.2413	0.9704
0.01171	0.2395	0.9651
0.01129	0.2382	0.9617
0.01518	0.2374	0.9625
0.01609	0.2404	0.9644
0.01335	0.2439	0.9645
0.01107	0.2443	0.9613
0.006903	0.244	0.9643
0.004613	0.2432	0.9796
0.005364	0.2433	0.9833
0.0105	0.2441	0.964
0.01477	0.2452	0.9565
0.01151	0.2443	0.9643
0.01173	0.2392	0.9619
0.01261	0.2374	0.9613
0.009242	0.2418	0.9657
0.009492	0.2437	0.9705
0.008308	0.2425	0.9763
0.007524	0.2433	0.9693
0.008488	0.2439	0.9649
0.006548	0.2435	0.9678
0.008989	0.2443	0.9636
0.01297	0.2432	0.9658
0.01315	0.2393	0.9669
0.01143	0.2375	0.9605
0.009781	0.2407	0.9623
0.01085	0.2437	0.9682
0.01081	0.2434	0.9712
0.01077	0.2441	0.969
0.01101	0.2442	0.967
0.009541	0.2423	0.9678
0.01048	0.2416	0.9665
0.009635	0.2412	0.967
0.007853	0.2419	0.9671
0.009155	0.243	0.9664
0.0115	0.2423	0.9676
0.01351	0.2418	0.9681
0.0104	0.2415	0.971
0.009013	0.2421	0.9689
0.0114	0.2439	0.9602
0.009165	0.2435	0.9572
0.008144	0.2422	0.9582
0.007706	0.2423	0.9618
0.006784	0.2429	0.9753
0.009335	0.2442	0.9822
0.01083	0.2436	0.9703
0.01181	0.241	0.966
0.01178	0.2409	0.9695
0.01178	0.2403	0.9641
0.01238	0.2386	0.9647
0.01098	0.2401	0.966
0.01296	0.2425	0.9619
0.01261	0.2431	0.9642
0.006641	0.2432	0.9668
0.005807	0.246	0.9682
0.008644	0.2471	0.9679
0.009459	0.2429	0.9664
0.009799	0.2419	0.9648
0.01106	0.2433	0.9607
0.01119	0.2423	0.9635
0.01161	0.2426	0.9693
0.01352	0.242	0.9714
0.01098	0.2403	0.9717
0.006198	0.2383	0.9684
0.004717	0.2368	0.968
0.006024	0.2413	0.9677
0.008662	0.2454	0.9658
0.01067	0.244	0.9664
0.01421	0.2415	0.9675
0.01644	0.2405	0.9685
0.01445	0.245	0.9649
0.01501	0.2482	0.9629
0.01404	0.2451	0.9652
0.007812	0.2439	0.9645
0.006501	0.2421	0.966
0.007739	0.2401	0.9668
0.004378	0.2402	0.9652
0.003676	0.2395	0.9636
0.00681	0.2411	0.9634
0.008825	0.2418	0.9736
0.01049	0.2405	0.9809
0.0094	0.2426	0.9748
0.01016	0.2448	0.9668
0.01819	0.245	0.9584
0.01987	0.2435	0.9552
0.01269	0.2419	0.9595
0.01145	0.2412	0.9631
0.0124	0.2404	0.9666
0.008029	0.2413	0.97
0.006026	0.2417	0.9725
0.006616	0.243	0.9715
0.00546	0.2444	0.9675
0.005169	0.2429	0.9695
0.005926	0.2437	0.9693
0.009326	0.2441	0.9662
0.01481	0.2419	0.9665
0.01638	0.2421	0.963
0.01511	0.2422	0.9627
0.01317	0.2417	0.9659
0.01171	0.2417	0.9661
0.01152	0.2407	0.9675
0.007628	0.2397	0.9658
0.003286	0.2403	0.9675
0.004289	0.242	0.972
0.005878	0.2431	0.9695
0.006223	0.2422	0.9655
0.0112	0.2432	0.9603
0.01266	0.2443	0.9691
0.0155	0.2459	0.9745
0.01598	0.2453	0.963
0.01527	0.2425	0.9604
0.01336	0.242	0.9661
0.0116	0.241	0.9629
0.01078	0.2388	0.9654
0.008406	0.2399	0.9682
0.009874	0.242	0.9651
0.009453	0.2423	0.9677
0.003777	0.2423	0.9703
0.003491	0.2451	0.9713
0.007031	0.2463	0.9703
0.008602	0.2422	0.9679
0.009666	0.2414	0.9655
0.01155	0.2429	0.9606
0.01217	0.2422	0.9628
0.0129	0.2427	0.968
0.01495	0.2421	0.9699
0.0124	0.2406	0.9701
0.00748	0.2387	0.9668
0.005769	0.2372	0.9666
0.006788	0.2417	0.9667
0.009117	0.2457	0.9651
0.01083	0.2443	0.966
0.01411	0.2417	0.9674
0.01613	0.2406	0.9687
0.01399	0.245	0.9653
0.01446	0.2482	0.9635
0.01348	0.245	0.9658
0.007283	0.2437	0.9651
0.006047	0.2419	0.9666
0.007387	0.2399	0.9673
0.004141	0.2401	0.9655
0.003556	0.2394	0.9638
0.006796	0.241	0.9635
0.0089	0.2417	0.9736
0.01063	0.2405	0.9808
0.009585	0.2426	0.9746
0.01036	0.2448	0.9665
0.0184	0.2451	0.9582
0.02005	0.2435	0.9549
0.01283	0.242	0.9593
0.01156	0.2412	0.9629
0.01247	0.2405	0.9665
0.008053	0.2414	0.9699
0.006013	0.2417	0.9725
0.006575	0.243	0.9715
0.005399	0.2444	0.9676
0.005096	0.2429	0.9695
0.005851	0.2437	0.9694
0.009256	0.244	0.9663
0.01475	0.2419	0.9666
0.01633	0.2421	0.963
0.01508	0.2422	0.9628
0.01315	0.2417	0.9659
0.0117	0.2417	0.9662
0.01153	0.2407	0.9675
0.007647	0.2397	0.9658
0.00331	0.2403	0.9675
0.004317	0.242	0.972
0.005905	0.2431	0.9694
0.007821	0.2442	0.9657
0.01167	0.245	0.9638
0.01347	0.2434	0.9664
0.01381	0.2418	0.9679
0.01455	0.2417	0.9637
0.0144	0.2409	0.9631
0.01293	0.2407	0.9657
0.0117	0.2432	0.9709
0.01254	0.2444	0.9719
0.01166	0.2441	0.9622
0.00581	0.2457	0.9564
0.002358	0.2448	0.9601
0.003729	0.2416	0.9683
0.004672	0.2404	0.9737
0.008443	0.2395	0.9725
0.01179	0.2391	0.9751
0.01135	0.2412	0.9747
0.01616	0.243	0.9636
0.01773	0.2417	0.961
0.01088	0.239	0.9695
0.008423	0.2397	0.973
0.007386	0.2459	0.9691
0.007037	0.2497	0.9601
0.01089	0.2455	0.955
0.01079	0.2409	0.9602
0.009867	0.24	0.9631
0.01431	0.2395	0.963
0.01489	0.2395	0.9674
0.008587	0.2403	0.9729
0.006147	0.2411	0.9764
0.008559	0.241	0.971
0.01129	0.2445	0.9605
0.01325	0.2508	0.9586
0.009729	0.2499	0.9654
0.004997	0.2456	0.9784
0.006108	0.2432	0.9787
0.01193	0.2411	0.9553
0.01597	0.2408	0.95
0.01068	0.2379	0.9733
0.004681	0.2349	0.9795
0.004814	0.2352	0.9723
0.007302	0.2357	0.9744
0.01235	0.2421	0.9683
0.0143	0.2485	0.9597
0.01365	0.2467	0.9592
0.01359	0.2449	0.9551
0.01076	0.2437	0.9606
0.008179	0.2435	0.9751
0.006755	0.2456	0.9775
0.01005	0.2446	0.9679
0.01514	0.2424	0.9571
0.01289	0.2406	0.9581
0.01214	0.2389	0.963
0.01322	0.2398	0.9642
0.01065	0.2422	0.9682
0.008474	0.2437	0.9704
0.004058	0.2422	0.974
0.002488	0.2415	0.9756
0.005455	0.2431	0.9705
0.005893	0.2422	0.9684
0.009072	0.2425	0.9633
0.01303	0.2433	0.9616
0.01291	0.2431	0.9691
0.01374	0.2452	0.9689
0.02269	0.2447	0.9679
0.01301	0.2425	0.9652
0.007677	0.2397	0.9669
0.005307	0.238	0.9677
0.006199	0.2386	0.9629
0.007841	0.2388	0.9619
0.008881	0.2397	0.9643
0.01025	0.2433	0.9695
0.01336	0.2453	0.9707
0.01418	0.2457	0.9613
0.009362	0.2476	0.9559
0.006305	0.2467	0.9599
0.007518	0.2433	0.9684
0.007882	0.2418	0.9741
0.0108	0.2405	0.9732
0.01317	0.2397	0.9758
0.01175	0.2413	0.9755
0.0157	0.2428	0.9643
0.01657	0.2412	0.9616
0.009259	0.2383	0.97
0.006554	0.2389	0.9733
0.005487	0.245	0.9693
0.00529	0.249	0.9601
0.009432	0.2448	0.9549
0.009706	0.2404	0.96
0.009201	0.2397	0.9628
0.01406	0.2394	0.9627
0.015	0.2395	0.9671
0.008993	0.2404	0.9726
0.006766	0.2414	0.9762
0.009301	0.2413	0.9708
0.01207	0.2448	0.9604
0.01399	0.2511	0.9586
0.01037	0.2502	0.9654
0.005506	0.2458	0.9785
0.00646	0.2433	0.9788
0.01213	0.2412	0.9554
0.01601	0.2408	0.9501
0.01059	0.2378	0.9734
0.004496	0.2348	0.9796
0.004565	0.2351	0.9724
0.007022	0.2356	0.9745
0.01207	0.242	0.9683
0.01405	0.2484	0.9597
0.01344	0.2466	0.9592
0.01343	0.2448	0.9551
0.01066	0.2437	0.9606
0.008137	0.2434	0.975
0.006765	0.2456	0.9775
0.0101	0.2446	0.9678
0.01522	0.2425	0.957
0.01299	0.2407	0.9581
0.01224	0.2389	0.963
0.01332	0.2398	0.9642
0.01074	0.2422	0.9682
0.008542	0.2437	0.9704
0.004105	0.2422	0.974
0.002513	0.2415	0.9756
0.00546	0.2431	0.9705
0.005881	0.2422	0.9684
0.009047	0.2425	0.9633
0.01299	0.2433	0.9616
0.01287	0.2431	0.9691
0.0137	0.2452	0.9689
0.01432	0.2442	0.9671
0.01445	0.2404	0.9696
0.01412	0.2389	0.9667
0.009603	0.2393	0.9641
0.006332	0.2406	0.9644
0.00734	0.242	0.963
0.007881	0.2438	0.9617
0.008808	0.2454	0.9614
0.01125	0.2455	0.9626
0.01256	0.2418	0.9655
0.01152	0.2386	0.9693
0.01067	0.2398	0.971
0.01247	0.2397	0.9714
0.01245	0.2422	0.9717
0.01009	0.2457	0.9692
0.009298	0.2428	0.9679
0.007088	0.2436	0.9686
0.005476	0.2485	0.9682
0.007361	0.2474	0.9675
0.00776	0.244	0.9646
0.006923	0.243	0.9633
0.006325	0.2426	0.9655
0.009418	0.239	0.9646
0.02005	0.2375	0.9609
0.02249	0.2391	0.9613
0.01159	0.2369	0.9677
0.008184	0.2368	0.9717
0.009885	0.2388	0.9704
0.006449	0.2394	0.9698
0.00777	0.2438	0.9671
0.0097	0.247	0.965
0.008028	0.247	0.9672
0.009867	0.2481	0.9664
0.01002	0.2468	0.9662
0.009152	0.2453	0.968
0.01081	0.2452	0.9669
0.01148	0.2422	0.9662
0.01212	0.2413	0.9662
0.01067	0.2428	0.9659
0.01006	0.2427	0.9629
0.01203	0.2411	0.9604
0.009312	0.237	0.9663
0.006489	0.2362	0.9724
0.007861	0.2383	0.9728
0.01054	0.2383	0.9715
0.01222	0.241	0.9697
0.01016	0.2441	0.969
0.009498	0.2445	0.9655
0.0107	0.2457	0.9602
0.01033	0.2466	0.9607
0.01159	0.2467	0.9609
0.01102	0.2446	0.9639
0.008878	0.2411	0.9767
0.009451	0.2409	0.9789
0.009524	0.2425	0.9628
0.01089	0.2425	0.9549
0.01227	0.2419	0.961
0.009866	0.2419	0.966
0.009641	0.2416	0.9698
0.01056	0.2406	0.97
0.008154	0.2404	0.9683
0.00744	0.2399	0.9705
0.009688	0.2395	0.9691
0.01068	0.2417	0.9665
-0.002008	0.2428	0.9728
0.01259	0.2445	0.9708
0.01964	0.2452	0.9655
0.0177	0.2457	0.9622
0.014	0.2456	0.9625
0.01295	0.245	0.9616
0.0108	0.2448	0.9611
0.009073	0.2446	0.9615
0.009335	0.2432	0.9632
0.009138	0.2387	0.9665
0.007317	0.2351	0.9704
0.006377	0.2364	0.9721
0.008635	0.2368	0.9723
0.009456	0.24	0.9723
0.008166	0.2444	0.9695
0.008494	0.2422	0.9679
0.00733	0.2438	0.9684
0.00659	0.2493	0.9678
0.009111	0.2487	0.9669
0.009884	0.2456	0.964
0.009163	0.2446	0.9626
0.008455	0.2441	0.965
0.01126	0.2403	0.9641
0.02147	0.2386	0.9606
0.02344	0.2398	0.9611
0.01205	0.2372	0.9677
0.008191	0.2368	0.9718
0.009512	0.2386	0.9706
0.00579	0.239	0.9701
0.006929	0.2432	0.9673
0.008781	0.2464	0.9653
0.007124	0.2463	0.9674
0.009055	0.2475	0.9666
0.009358	0.2463	0.9664
0.008667	0.245	0.9681
0.01052	0.245	0.967
0.01137	0.2421	0.9662
0.01218	0.2413	0.9661
0.01085	0.2429	0.9659
0.01033	0.2429	0.9628
0.01235	0.2413	0.9603
0.009646	0.2372	0.9662
0.006805	0.2365	0.9723
0.008132	0.2385	0.9727
0.01075	0.2384	0.9715
0.01236	0.2411	0.9697
0.01023	0.2442	0.969
0.009507	0.2445	0.9655
0.01066	0.2457	0.9602
0.01024	0.2465	0.9607
0.01148	0.2466	0.961
0.0109	0.2446	0.964
0.008758	0.241	0.9768
0.009343	0.2408	0.979
0.009436	0.2424	0.9628
0.01083	0.2425	0.955
0.01223	0.2419	0.961
0.009852	0.2419	0.966
0.009649	0.2416	0.9698
0.01059	0.2406	0.97
0.008191	0.2404	0.9683
0.007483	0.24	0.9705
0.009733	0.2395	0.9691
0.01073	0.2417	0.9665
0.0105	0.2436	0.9667
0.009928	0.2444	0.9681
0.008929	0.2463	0.9724
0.01002	0.2466	0.9714
0.01296	0.2453	0.9657
0.01463	0.2453	0.96
0.01455	0.2442	0.9542
0.01325	0.239	0.9562
0.01139	0.235	0.9648
0.008626	0.2365	0.9709
0.00427	0.2404	0.9706
0.00296	0.2426	0.969
0.00807	0.2424	0.9698
0.01151	0.2438	0.9696
0.009435	0.2446	0.9734
0.007997	0.2428	0.974
0.008039	0.2456	0.966
0.01148	0.2474	0.9615
0.01443	0.2447	0.9612
0.01107	0.2436	0.9621
0.01165	0.2405	0.9648
0.01417	0.2382	0.9655
0.01201	0.2394	0.9656
0.01045	0.2392	0.9702
0.00826	0.2398	0.9728
0.008491	0.2408	0.9686
0.01094	0.241	0.9684
0.009925	0.2433	0.9701
0.006948	0.2467	0.9715
0.004697	0.2464	0.9712
0.007836	0.2413	0.9577
0.01109	0.239	0.9481
0.01134	0.2432	0.9521
0.01291	0.2455	0.9597
0.01212	0.2446	0.9752
0.01266	0.2438	0.983
0.01355	0.242	0.9776
0.01168	0.2408	0.9741
0.01214	0.2402	0.9678
0.009503	0.2399	0.9643
0.006249	0.2407	0.9634
0.00654	0.2402	0.9607
0.003997	0.2417	0.9669
0.003356	0.2462	0.9706
0.008431	0.2471	0.9711
0.01482	0.2437	0.973
0.01752	0.2419	0.9633
0.01478	0.243	0.9518
0.01314	0.2425	0.948
0.01279	0.2416	0.9535
0.01119	0.2403	0.9676
0.0114	0.2389	0.9806
0.009464	0.241	0.9849
0.006449	0.2411	0.9738
0.007699	0.2417	0.9661
0.007598	0.2446	0.9698
0.00504	0.2432	0.9681
0.005462	0.2427	0.968
0.008933	0.2416	0.9656
0.01094	0.2409	0.9628
0.01098	0.2459	0.9713
0.01212	0.2468	0.9728
0.01112	0.2428	0.9647
0.01047	0.2409	0.9581
0.02751	0.2406	0.9463
0.01285	0.2407	0.9593
0.004301	0.2427	0.9716
0.002379	0.2435	0.9756
0.005242	0.2429	0.9726
0.008523	0.2439	0.9677
0.01083	0.2437	0.9614
0.01202	0.2392	0.9622
0.01234	0.2359	0.969
0.0112	0.2379	0.9733
0.007824	0.2419	0.9712
0.006865	0.2442	0.9682
0.01179	0.2438	0.9679
0.01463	0.245	0.967
0.01169	0.2455	0.9705
0.009277	0.2433	0.9712
0.008353	0.2458	0.9635
0.01094	0.2473	0.9595
0.01321	0.2443	0.9598
0.009404	0.243	0.9613
0.009758	0.2398	0.9647
0.01226	0.2375	0.9659
0.01027	0.2388	0.9664
0.009009	0.2387	0.9712
0.007206	0.2394	0.9739
0.007856	0.2406	0.9697
0.01071	0.2408	0.9694
0.01006	0.2433	0.9709
0.007379	0.2468	0.9721
0.005334	0.2466	0.9716
0.00859	0.2415	0.9579
0.01187	0.2393	0.948
0.01208	0.2434	0.9518
0.01355	0.2458	0.9593
0.01263	0.2448	0.9748
0.013	0.2439	0.9826
0.01372	0.242	0.9771
0.01171	0.2408	0.9738
0.01204	0.2402	0.9676
0.009311	0.2399	0.9641
0.005995	0.2406	0.9633
0.006257	0.2401	0.9607
0.003716	0.2416	0.967
0.003101	0.2461	0.9707
0.008221	0.247	0.9712
0.01466	0.2437	0.9732
0.01743	0.2419	0.9635
0.01474	0.243	0.952
0.01315	0.2425	0.9481
0.01284	0.2416	0.9536
0.01128	0.2403	0.9677
0.0115	0.239	0.9806
0.009568	0.2411	0.9849
0.006548	0.2411	0.9738
0.007784	0.2418	0.9661
0.007665	0.2446	0.9697
0.005085	0.2432	0.968
0.005485	0.2427	0.9679
0.008936	0.2416	0.9655
0.01093	0.2408	0.9628
0.01096	0.2459	0.9713
0.01209	0.2468	0.9728
0.01108	0.2428	0.9647
0.01043	0.2409	0.9581
0.01337	0.2413	0.9561
0.01248	0.2416	0.9576
0.01158	0.2403	0.9591
0.01571	0.2415	0.9682
0.01505	0.243	0.9743
0.008852	0.242	0.9693
0.007534	0.2424	0.97
0.009962	0.243	0.9709
0.008394	0.2428	0.967
0.004319	0.2423	0.9676
0.003589	0.242	0.9703
0.007591	0.2431	0.9727
0.01064	0.2429	0.9709
0.01122	0.241	0.9629
0.01392	0.241	0.959
0.0144	0.2435	0.9633
0.01101	0.2445	0.9673
0.008872	0.242	0.9689
0.008306	0.2404	0.971
0.008474	0.2402	0.9686
0.007497	0.2399	0.9657
0.008166	0.2422	0.9648
0.01271	0.2466	0.9574
0.01408	0.2472	0.9561
0.01202	0.2413	0.9685
0.01143	0.2369	0.9734
0.0113	0.24	0.9706
0.01119	0.2463	0.9726
0.01169	0.2483	0.9701
0.01081	0.2429	0.9655
0.008566	0.24	0.9673
0.006029	0.2415	0.9664
0.004484	0.2398	0.9655
0.007208	0.2427	0.9668
0.01102	0.2452	0.9646
0.0131	0.2401	0.9654
0.01474	0.2402	0.9667
0.01281	0.241	0.964
0.01103	0.2381	0.962
0.01186	0.2391	0.9627
0.009527	0.2423	0.9667
0.006219	0.2473	0.9699
0.005323	0.2491	0.9735
0.006248	0.2463	0.9752
0.007678	0.2459	0.9691
0.009303	0.2428	0.9653
0.01188	0.2391	0.9631
0.01332	0.2405	0.962
0.01464	0.2408	0.9682
0.01417	0.2401	0.9703
0.01109	0.2404	0.9704
0.01152	0.2402	0.9698
0.0127	0.2399	0.9586
0.01285	0.2385	0.9549
0.01155	0.2402	0.9623
0.005565	0.2462	0.9642
0.003977	0.2478	0.968
0.007199	0.2442	0.9725
0.006684	0.2429	0.9707
0.005822	0.2441	0.9728
0.007485	0.2438	0.9728
0.01123	0.2445	0.964
0.01312	0.2464	0.9614
0.01173	0.2435	0.9657
0.02059	0.2441	0.9688
0.01237	0.2395	0.9671
0.008018	0.236	0.9648
0.01126	0.2367	0.9701
0.01125	0.2389	0.973
0.006457	0.2392	0.9656
0.006761	0.2411	0.9647
0.01067	0.2431	0.965
0.01023	0.244	0.9613
0.006844	0.2442	0.9626
0.00636	0.2444	0.9665
0.01022	0.2456	0.9702
0.01283	0.2451	0.9699
0.01279	0.2428	0.9631
0.01478	0.2423	0.9602
0.01456	0.2442	0.9654
0.01055	0.2446	0.9698
0.007931	0.2416	0.9715
0.007045	0.2397	0.9735
0.00706	0.2392	0.9708
0.006085	0.2388	0.9674
0.006887	0.2411	0.966
0.01166	0.2456	0.958
0.01332	0.2464	0.9562
0.01157	0.2407	0.9681
0.01129	0.2365	0.9727
0.01142	0.2399	0.9697
0.01153	0.2464	0.9715
0.01218	0.2486	0.969
0.01138	0.2433	0.9645
0.009154	0.2404	0.9665
0.006582	0.2419	0.9659
0.004959	0.2402	0.9652
0.007576	0.243	0.9666
0.01127	0.2455	0.9647
0.01323	0.2403	0.9656
0.01476	0.2403	0.967
0.01274	0.241	0.9644
0.01088	0.238	0.9623
0.01166	0.239	0.963
0.009315	0.2421	0.967
0.006009	0.2471	0.9702
0.005134	0.2489	0.9737
0.006093	0.2462	0.9753
0.007565	0.2458	0.9691
0.009235	0.2428	0.9653
0.01185	0.239	0.963
0.01334	0.2405	0.9619
0.01469	0.2408	0.9681
0.01423	0.2401	0.9701
0.01117	0.2405	0.9703
0.0116	0.2403	0.9697
0.01277	0.2399	0.9585
0.01292	0.2386	0.9548
0.0116	0.2403	0.9623
0.005598	0.2462	0.9642
0.003994	0.2478	0.968
0.007201	0.2443	0.9725
0.006674	0.2429	0.9707
0.005802	0.2441	0.9728
0.007459	0.2438	0.9728
0.0112	0.2445	0.9641
0.01309	0.2464	0.9614
0.01171	0.2434	0.9657
0.01378	0.2396	0.967
0.01551	0.2404	0.9673
0.01327	0.2398	0.9692
0.01233	0.2387	0.9711
0.01076	0.2405	0.9701
0.009125	0.2411	0.9652
0.01024	0.2416	0.9621
0.009253	0.2414	0.9637
0.004603	0.24	0.9648
0.003257	0.2413	0.965
0.007877	0.2427	0.9646
0.009299	0.2448	0.9623
0.008716	0.2466	0.963
0.01287	0.2443	0.9675
0.0138	0.2442	0.9748
0.01309	0.2449	0.9776
0.01455	0.2431	0.9702
0.01275	0.242	0.9656
0.01109	0.2408	0.9635
0.008319	0.2411	0.9607
0.005781	0.2406	0.9636
0.009187	0.2397	0.9647
0.009791	0.2418	0.9692
0.007867	0.2416	0.9736
0.009624	0.2399	0.965
0.01017	0.2405	0.9623
0.009721	0.2437	0.9659
0.01032	0.2479	0.9668
0.01074	0.2477	0.9703
0.01111	0.244	0.9667
0.0111	0.243	0.9636
0.01123	0.2432	0.9668
0.0111	0.2392	0.9665
0.01072	0.237	0.9677
0.01066	0.2395	0.9676
0.01018	0.2394	0.9676
0.009985	0.2414	0.9701
0.01015	0.2445	0.9674
0.01101	0.2423	0.9665
0.01167	0.242	0.966
0.009117	0.2427	0.9627
0.006556	0.2432	0.9635
0.007264	0.2457	0.9659
0.007534	0.2452	0.9699
0.006129	0.2443	0.9727
0.008305	0.2439	0.9714
0.01576	0.2426	0.9667
0.01818	0.2423	0.9605
0.01151	0.2422	0.9595
0.008621	0.2421	0.9605
0.009014	0.2401	0.9672
0.00672	0.2374	0.9732
0.01075	0.2385	0.9656
0.01378	0.2414	0.9651
0.009678	0.2431	0.9699
0.01024	0.2431	0.9656
0.0108	0.2436	0.9652
0.01024	0.2441	0.9673
0.01187	0.2433	0.9733
0.009621	0.2437	0.9775
0.009184	0.244	0.9701
0.009312	0.2433	0.9689
0.007381	0.2417	0.966
0.008695	0.2397	0.9527
0.005283	0.2386	0.9525
0.01157	0.243	0.9607
0.01231	0.244	0.9682
0.01317	0.2432	0.9736
0.01257	0.2446	0.9744
0.0113	0.2441	0.9702
0.01238	0.2433	0.9669
0.01111	0.2419	0.9677
0.006046	0.2394	0.9678
0.004244	0.2398	0.9668
0.008425	0.2407	0.9652
0.009463	0.2426	0.9619
0.008577	0.2444	0.9618
0.01251	0.2424	0.9659
0.01332	0.2428	0.973
0.01256	0.2439	0.9758
0.01403	0.2427	0.9685
0.0123	0.242	0.9642
0.01074	0.2412	0.9625
0.008076	0.2418	0.9602
0.005652	0.2415	0.9635
0.009161	0.2406	0.9649
0.009852	0.2427	0.9697
0.007991	0.2424	0.9742
0.009786	0.2405	0.9657
0.01035	0.241	0.9631
0.009895	0.2439	0.9666
0.01047	0.2479	0.9673
0.01086	0.2476	0.9707
0.01119	0.2437	0.967
0.01115	0.2427	0.9637
0.01124	0.2428	0.9667
0.01107	0.2388	0.9663
0.01067	0.2367	0.9675
0.01059	0.2393	0.9674
0.0101	0.2392	0.9674
0.009913	0.2413	0.9699
0.01008	0.2444	0.9671
0.01096	0.2423	0.9663
0.01163	0.2421	0.9659
0.009093	0.2428	0.9626
0.006546	0.2433	0.9634
0.007267	0.2458	0.9659
0.007548	0.2454	0.97
0.006151	0.2445	0.9728
0.008331	0.244	0.9715
0.01579	0.2426	0.9668
0.0182	0.2423	0.9606
0.01153	0.2422	0.9595
0.008638	0.2421	0.9605
0.009026	0.2401	0.9672
0.006727	0.2374	0.9733
0.01075	0.2384	0.9656
0.01377	0.2414	0.9651
0.009672	0.2431	0.9698
0.01023	0.2431	0.9655
0.01079	0.2436	0.9652
0.01023	0.2441	0.9672
0.01186	0.2433	0.9733
0.009614	0.2437	0.9775
0.009179	0.244	0.97
0.009309	0.2434	0.9689
0.00738	0.2417	0.966
0.008696	0.2397	0.9527
0.008884	0.2401	0.9536
0.01052	0.2414	0.9647
0.01306	0.2428	0.9678
0.01044	0.2439	0.9667
0.008129	0.2428	0.9677
0.008313	0.2421	0.9691
0.0115	0.244	0.9708
0.01328	0.2456	0.9734
0.009338	0.2444	0.972
0.008303	0.2421	0.9685
0.009402	0.2411	0.9666
0.008813	0.2395	0.9647
0.01045	0.2394	0.9653
0.01269	0.2397	0.9666
0.01427	0.2398	0.9654
0.01346	0.2426	0.9611
0.009953	0.2421	0.9562
0.008686	0.2414	0.9605
0.008577	0.2458	0.973
0.007631	0.2465	0.9772
0.007499	0.2462	0.9672
0.008214	0.2458	0.9634
0.009149	0.2411	0.9699
0.01046	0.2398	0.9685
0.01306	0.2404	0.9675
0.0145	0.2387	0.9693
0.01226	0.2397	0.9676
0.008562	0.242	0.97
0.006931	0.2435	0.966
0.008748	0.2435	0.9581
0.009624	0.2417	0.9601
0.008294	0.2428	0.9644
0.01006	0.2446	0.9675
0.01378	0.2435	0.9666
0.01395	0.2441	0.9667
0.01102	0.2442	0.9723
0.01073	0.2395	0.9734
0.01127	0.2381	0.9709
0.007006	0.2415	0.9673
0.005112	0.2427	0.9634
0.007207	0.2434	0.9645
0.006807	0.2444	0.967
0.008436	0.2442	0.9695
0.01204	0.2438	0.9696
0.01404	0.2419	0.9649
0.01531	0.2405	0.9618
0.01336	0.2408	0.9612
0.01122	0.2393	0.9608
0.0107	0.2395	0.9627
0.009236	0.2439	0.9669
0.008636	0.2463	0.9686
0.008417	0.2449	0.9663
0.00879	0.243	0.9677
0.009331	0.2413	0.9757
0.008838	0.2411	0.9773
0.01009	0.2414	0.9701
0.01084	0.2424	0.9691
0.01067	0.2435	0.97
0.01195	0.2416	0.9617
0.01121	0.2408	0.9553
0.008879	0.2418	0.9578
0.007446	0.2409	0.966
0.006687	0.2423	0.9733
0.008215	0.2446	0.9697
0.01656	0.2496	0.9593
0.01275	0.2425	0.9674
0.01243	0.2396	0.9683
0.008657	0.2393	0.9658
0.006216	0.2384	0.9661
0.006823	0.239	0.9672
0.01065	0.2424	0.969
0.01306	0.2455	0.9718
0.00964	0.2455	0.9709
0.008943	0.2441	0.9678
0.01019	0.2435	0.9663
0.009592	0.242	0.9648
0.01109	0.2415	0.9657
0.01312	0.2413	0.9671
0.01444	0.2408	0.966
0.0134	0.2431	0.9617
0.009681	0.2419	0.9567
0.00826	0.2408	0.961
0.00806	0.2448	0.9733
0.007088	0.2453	0.9774
0.006987	0.245	0.9673
0.007778	0.2446	0.9633
0.008821	0.2401	0.9697
0.01025	0.239	0.9683
0.01298	0.2399	0.9672
0.01453	0.2385	0.9691
0.01239	0.2397	0.9674
0.008761	0.2422	0.9699
0.007172	0.2439	0.9659
0.009004	0.244	0.958
0.009871	0.2422	0.9601
0.008513	0.2433	0.9644
0.01024	0.2451	0.9675
0.01391	0.2439	0.9667
0.01402	0.2444	0.9668
0.01104	0.2444	0.9724
0.01071	0.2395	0.9735
0.01122	0.2381	0.971
0.006929	0.2414	0.9673
0.005023	0.2425	0.9635
0.007115	0.2432	0.9645
0.006722	0.2442	0.967
0.008364	0.2441	0.9695
0.01199	0.2437	0.9695
0.01401	0.2418	0.9649
0.01529	0.2405	0.9617
0.01336	0.2408	0.9611
0.01123	0.2393	0.9607
0.01073	0.2395	0.9627
0.009266	0.2439	0.9668
0.008669	0.2463	0.9686
0.008449	0.245	0.9663
0.008818	0.243	0.9677
0.009355	0.2414	0.9757
0.008854	0.2411	0.9773
0.0101	0.2414	0.9701
0.01084	0.2424	0.9691
0.01067	0.2435	0.97
0.01194	0.2416	0.9617
0.0112	0.2408	0.9553
0.008867	0.2418	0.9578
0.007434	0.2409	0.966
0.006675	0.2423	0.9733
0.008206	0.2446	0.9697
0.0114	0.2443	0.9626
0.01243	0.2437	0.9624
0.01178	0.2423	0.9665
0.01277	0.2417	0.9693
0.01342	0.2421	0.9674
0.01283	0.2413	0.9669
0.01218	0.241	0.968
0.009118	0.2419	0.9693
0.006869	0.2453	0.972
0.00684	0.246	0.9688
0.005621	0.239	0.9671
0.006965	0.2361	0.9666
0.009583	0.2416	0.9605
0.009782	0.2458	0.9614
0.01026	0.2458	0.9664
0.01098	0.2416	0.9723
0.01248	0.2399	0.9797
0.01277	0.2462	0.9753
0.01184	0.2464	0.9618
0.01611	0.2375	0.9436
0.02345	0.2339	0.927
0.02296	0.2379	0.9416
0.004496	0.2473	0.9873
-0.0143	0.2558	1.009
-0.008861	0.2527	0.9935
0.00226	0.2417	0.9845
0.007845	0.2348	0.9719
0.01658	0.2352	0.9519
0.02014	0.2353	0.9559
0.01855	0.2342	0.9609
0.01396	0.2378	0.9603
0.008753	0.2432	0.9616
0.00836	0.2466	0.9591
0.008043	0.2463	0.9702
0.00984	0.2439	0.972
0.01351	0.2435	0.9594
0.01818	0.2458	0.9611
0.02041	0.2527	0.9632
0.01213	0.2554	0.9601
0.004793	0.2467	0.9583
0.003555	0.239	0.9698
0.004252	0.2417	0.9905
0.005126	0.2477	0.9913
0.001889	0.2428	0.9762
0.005156	0.2304	0.9605
0.01857	0.2232	0.9534
0.02585	0.2192	0.9512
0.01772	0.2251	0.9548
0.00253	0.24	0.9812
-0.008905	0.2449	0.9889
-0.003412	0.2402	0.9561
0.02964	0.2461	0.9506
0.05043	0.2712	0.9757
0.02726	0.2804	0.9729
-0.004092	0.2544	0.9565
-0.02194	0.2381	0.9604
-0.024	0.2407	0.9733
-0.009697	0.2409	0.9748
0.003853	0.2455	0.9586
0.01579	0.2385	0.955
0.02429	0.2186	0.9723
0.0244	0.2146	0.9746
0.02489	0.2245	0.9671
0.02316	0.2419	0.9638
-0.02798	0.1694	0.8936
0.01586	0.2527	0.9642
0.03309	0.2984	0.9979
0.04203	0.328	1.016
0.05505	0.3458	1.028
0.05126	0.351	1.049
0.01709	0.3012	1.045
-0.03213	0.1767	0.9544
-0.04897	0.09173	0.8527
-0.03605	0.09253	0.8322
-0.01579	0.09869	0.8214
0.003607	0.1305	0.8341
0.007246	0.2271	0.9703
0.01316	0.2921	1.085
0.02012	0.3019	1.078
0.0182	0.3436	1.078
0.02506	0.367	1.058
0.03318	0.3258	1
0.03482	0.3046	0.9761
0.03276	0.2827	0.9257
0.0286	0.2376	0.8998
-2.302e-05	0.2235	0.9369
-0.05899	0.2206	0.9576
-0.06662	0.2243	0.9776
-0.01213	0.2244	0.9774
0.03526	0.2001	0.9634
0.05953	0.1913	0.9605
0.05354	0.1906	0.9452
0.0425	0.1882	0.9411
0.03762	0.2039	0.9281
0.0209	0.2238	0.9261
0.01094	0.2421	0.9531
-0.004727	0.2592	0.9742
-0.01476	0.2707	1.006
-0.00588	0.2774	1.009
-0.005005	0.2813	0.9876
0.001097	0.2805	0.9839
0.007929	0.27	0.9732
0.01216	0.2549	0.9651
0.01275	0.2439	0.9668
-0.003158	0.2397	0.9787
-0.007905	0.2383	0.9815
-0.003424	0.2376	0.9659
0.005191	0.2349	0.9605
0.01984	0.2319	0.9531
0.02221	0.2354	0.9532
0.0252	0.2362	0.9623
0.02535	0.2341	0.9614
0.01784	0.2366	0.9634
0.01623	0.237	0.9582
0.01477	0.2374	0.9553
0.01498	0.2381	0.9584
0.01324	0.2383	0.9563
0.008595	0.2432	0.9679
0.007916	0.2455	0.9764
0.005425	0.2451	0.976
0.005379	0.2468	0.9806
0.006972	0.2468	0.9731
0.004393	0.2464	0.9662
0.002614	0.2458	0.9701
0.001743	0.2445	0.9727
0.002122	0.2436	0.9749
0.004712	0.2398	0.9716
0.0103	0.2372	0.9662
0.01672	0.2399	0.9649
0.01747	0.2409	0.9593
0.01631	0.2421	0.9547
0.01576	0.2481	0.9572
0.01322	0.2508	0.9621
0.01158	0.2476	0.9653
0.01176	0.2417	0.9655
0.0124	0.2375	0.9666
0.01286	0.2397	0.9677
0.01172	0.2402	0.9673
0.007377	0.2372	0.9704
0.003726	0.2376	0.9731
0.004724	0.2393	0.9716
0.004752	0.2413	0.9718
0.005465	0.2409	0.9721
0.009876	0.238	0.9678
0.0116	0.2405	0.9652
0.01253	0.2458	0.9658
0.01254	0.2487	0.9626
0.01124	0.2506	0.961
0.0143	0.2519	0.9629
0.01542	0.2502	0.9624
0.01396	0.2466	0.9634
0.01363	0.244	0.9651
0.008305	0.2373	0.9653
0.004845	0.2331	0.9682
0.007257	0.2361	0.9699
0.006049	0.2355	0.9719
0.005336	0.2351	0.9746
0.008317	0.2375	0.9718
0.00974	0.2389	0.9681
0.01115	0.2433	0.9663
0.0119	0.2469	0.9642
0.01185	0.2489	0.961
0.01243	0.2505	0.9601
0.01164	0.248	0.9655
0.01113	0.2443	0.9676
0.011	0.2422	0.9656
0.01124	0.242	0.9668
0.01149	0.242	0.9673
0.009308	0.2413	0.9697
0.008845	0.2409	0.9711
0.01054	0.2387	0.9661
0.01074	0.2377	0.9638
0.0097	0.2385	0.9653
0.007273	0.2392	0.9665
0.006941	0.2437	0.9681
0.009563	0.2467	0.9681
0.01041	0.2454	0.9685
0.009983	0.2449	0.9682
0.00981	0.2442	0.9657
0.01014	0.2428	0.9672
0.01308	0.2405	0.966
0.01491	0.2386	0.9606
0.01156	0.2414	0.9635
0.00865	0.2449	0.9682
0.008578	0.2446	0.9683
0.008692	0.242	0.9696
0.009227	0.2404	0.9699
0.008953	0.2419	0.9684
0.00914	0.2428	0.9627
0.01073	0.2424	0.9602
0.01158	0.2429	0.9676
0.01305	0.2429	0.9708
0.009467	0.2435	0.9732
0.00907	0.2397	0.9689
0.008353	0.2388	0.9635
0.009206	0.2444	0.9641
0.008547	0.2478	0.9665
0.008893	0.2458	0.9673
0.0109	0.2412	0.9653
0.01304	0.2383	0.9647
0.0146	0.2413	0.9647
0.01413	0.2423	0.9637
0.01006	0.2395	0.9667
0.006336	0.2398	0.9698
0.007003	0.2411	0.9689
0.006527	0.2427	0.9699
0.006648	0.2416	0.9711
0.01045	0.2381	0.9676
0.01162	0.2402	0.9657
0.0121	0.2451	0.9668
0.01177	0.2477	0.964
0.01026	0.2494	0.9625
0.01325	0.2508	0.9645
0.0144	0.2491	0.9638
0.01307	0.2458	0.9645
0.01292	0.2434	0.9659
0.007821	0.2369	0.9658
0.004589	0.2329	0.9683
0.007216	0.2362	0.9698
0.00619	0.2358	0.9715
0.005617	0.2355	0.9741
0.008689	0.2379	0.9712
0.01015	0.2394	0.9675
0.01156	0.2438	0.9658
0.01228	0.2473	0.9637
0.01216	0.2492	0.9606
0.01266	0.2507	0.9599
0.01178	0.2481	0.9654
0.01118	0.2443	0.9676
0.01099	0.2421	0.9657
0.01116	0.2418	0.9669
0.01137	0.2418	0.9675
0.009162	0.2411	0.9699
0.008691	0.2407	0.9713
0.0104	0.2385	0.9663
0.01062	0.2376	0.964
0.009601	0.2384	0.9654
0.007205	0.2391	0.9666
0.006905	0.2436	0.9681
0.009556	0.2467	0.9681
0.01043	0.2454	0.9685
0.01002	0.245	0.9681
0.009859	0.2442	0.9657
0.0102	0.2428	0.9671
0.01313	0.2406	0.9659
0.01496	0.2387	0.9605
0.01161	0.2415	0.9635
0.00868	0.245	0.9681
0.008597	0.2446	0.9682
0.008699	0.242	0.9696
0.009224	0.2404	0.97
0.008942	0.2418	0.9684
0.009124	0.2428	0.9627
0.01071	0.2424	0.9602
0.01156	0.2429	0.9677
0.01303	0.2429	0.9708
0.01291	0.2436	0.9695
0.00903	0.2433	0.9686
0.00633	0.2391	0.9665
0.00672	0.2386	0.968
0.007665	0.2435	0.9663
0.009292	0.2451	0.9638
0.01181	0.2427	0.9666
0.01219	0.2422	0.9659
0.01122	0.2414	0.9671
0.01176	0.2411	0.9691
0.0119	0.2439	0.9652
0.01071	0.2447	0.9654
0.01105	0.2442	0.967
0.01174	0.2412	0.9661
0.008474	0.2371	0.9659
0.006739	0.2395	0.9648
0.009327	0.2426	0.9651
0.009287	0.2442	0.9643
0.009607	0.2452	0.9639
0.0108	0.2432	0.9685
0.01002	0.2449	0.9703
0.01127	0.2447	0.9694
0.01117	0.239	0.9702
0.01138	0.239	0.9694
0.0127	0.2427	0.97
0.008382	0.2437	0.9697
0.006025	0.2416	0.9633
0.008437	0.2411	0.9607
0.01027	0.2426	0.9642
0.01215	0.2433	0.9662
0.01128	0.2449	0.9682
0.01109	0.243	0.9691
0.01448	0.2394	0.9657
0.0144	0.2403	0.9636
0.009468	0.2418	0.9647
0.004648	0.2435	0.9668
0.00545	0.2455	0.9688
0.007368	0.2451	0.9682
0.004734	0.2402	0.9658
0.005587	0.2371	0.9652
0.0109	0.2413	0.9668
0.01532	0.2429	0.9678
0.01714	0.2425	0.9662
0.01441	0.2445	0.9662
0.01115	0.2421	0.9703
0.008957	0.2414	0.9714
0.008981	0.2439	0.9685
0.01275	0.2438	0.9675
0.01198	0.2432	0.9669
0.008828	0.2427	0.9631
0.01047	0.2438	0.962
0.01089	0.2442	0.9639
0.01003	0.2414	0.9625
0.01133	0.2406	0.9633
0.01004	0.241	0.9664
0.00689	0.2411	0.9657
0.006209	0.2406	0.9673
0.006885	0.24	0.9711
0.007482	0.2426	0.9716
0.008202	0.2439	0.9711
0.009089	0.2421	0.9713
0.009499	0.2421	0.9723
0.01019	0.243	0.971
0.01199	0.2431	0.9637
0.01524	0.2432	0.955
0.01485	0.2445	0.9603
0.01262	0.2408	0.9627
0.01174	0.2401	0.9675
0.01061	0.2445	0.968
0.01003	0.2454	0.9666
0.01061	0.2425	0.9698
0.009567	0.2415	0.969
0.007767	0.2404	0.9697
0.008059	0.2401	0.971
0.008453	0.2428	0.9663
0.007879	0.2439	0.9658
0.009054	0.2436	0.9667
0.01068	0.2409	0.9653
0.008313	0.237	0.9648
0.007362	0.2397	0.9635
0.01055	0.243	0.9638
0.01091	0.2447	0.9632
0.0114	0.2458	0.963
0.01257	0.2437	0.9679
0.01161	0.2454	0.9699
0.01256	0.2451	0.9694
0.01208	0.2393	0.9704
0.01189	0.2391	0.9697
0.01283	0.2428	0.9704
0.00818	0.2436	0.9702
0.005562	0.2414	0.9638
0.007795	0.2409	0.9612
0.009537	0.2424	0.9646
0.0114	0.243	0.9665
0.01058	0.2447	0.9684
0.0105	0.2428	0.9691
0.01403	0.2393	0.9657
0.0141	0.2403	0.9635
0.009327	0.2418	0.9646
0.004646	0.2435	0.9666
0.005564	0.2456	0.9687
0.007567	0.2452	0.968
0.004986	0.2403	0.9656
0.005859	0.2371	0.965
0.01117	0.2414	0.9667
0.01555	0.243	0.9678
0.01733	0.2426	0.9662
0.01454	0.2446	0.9662
0.01123	0.2421	0.9703
0.008982	0.2414	0.9715
0.008959	0.2439	0.9686
0.01269	0.2438	0.9676
0.0119	0.2432	0.9669
0.008731	0.2426	0.9631
0.01037	0.2438	0.962
0.0108	0.2442	0.9639
0.009954	0.2414	0.9625
0.01127	0.2406	0.9633
0.009999	0.241	0.9663
0.006871	0.2411	0.9657
0.00621	0.2406	0.9673
0.006901	0.24	0.9711
0.007509	0.2427	0.9715
0.008236	0.2439	0.971
0.009125	0.2421	0.9713
0.009535	0.2421	0.9723
0.01022	0.243	0.971
0.01201	0.2431	0.9637
0.01466	0.2431	0.9561
0.01813	0.2424	0.9562
0.01685	0.242	0.9639
0.00914	0.2428	0.9692
0.004281	0.2436	0.9694
0.004619	0.2436	0.9701
0.006984	0.2429	0.9697
0.011	0.2422	0.9683
0.01232	0.2431	0.9694
0.01114	0.2415	0.9685
0.01168	0.2387	0.9641
0.01073	0.2404	0.9611
0.009605	0.2406	0.9616
0.01111	0.2408	0.9671
0.01049	0.2443	0.9694
0.009133	0.2449	0.9648
0.009142	0.2438	0.9645
0.008726	0.2427	0.9679
0.00841	0.2409	0.9676
0.008578	0.2396	0.9663
0.01073	0.2415	0.9681
0.01253	0.2482	0.9735
0.01164	0.2491	0.9744
0.01053	0.242	0.9668
0.009607	0.2399	0.9638
0.009644	0.2412	0.966
0.009451	0.2394	0.9656
0.008863	0.2395	0.9655
0.01054	0.2408	0.9611
0.01098	0.241	0.9574
0.009148	0.2427	0.9643
0.009876	0.2428	0.9691
0.01352	0.242	0.9693
0.01484	0.2437	0.9702
0.01157	0.2449	0.9692
0.008414	0.2447	0.9695
0.007492	0.2447	0.9672
0.007301	0.2438	0.9647
0.006778	0.2414	0.9674
0.006257	0.2411	0.9659
0.008935	0.2417	0.9657
0.01267	0.2392	0.97
0.01383	0.2388	0.9709
0.01488	0.2406	0.9693
0.01449	0.2421	0.964
0.009749	0.2442	0.9604
0.006869	0.2436	0.9646
0.008449	0.2437	0.9676
0.007422	0.2448	0.9671
0.005657	0.2435	0.9663
0.007841	0.2429	0.9646
0.01164	0.2411	0.9655
0.01488	0.2403	0.9682
0.01367	0.242	0.9684
0.01134	0.2424	0.9686
0.01114	0.2417	0.969
0.009623	0.2403	0.9671
0.009516	0.2426	0.965
0.009373	0.2452	0.9634
0.008659	0.2442	0.9627
0.009569	0.2436	0.9672
0.009061	0.2419	0.9724
0.009519	0.2429	0.9713
0.01004	0.244	0.9675
0.0128	0.2469	0.9569
0.01359	0.2392	0.9591
0.01205	0.2359	0.9675
0.005441	0.2368	0.9726
0.002285	0.2391	0.972
0.004405	0.2412	0.9716
0.008298	0.2427	0.9702
0.01341	0.2439	0.9679
0.01533	0.2461	0.9683
0.01427	0.2452	0.967
0.01454	0.2425	0.9624
0.01303	0.2438	0.9594
0.01117	0.2433	0.9601
0.01189	0.2426	0.9659
0.01052	0.2451	0.9686
0.008517	0.2448	0.9644
0.008041	0.2429	0.9644
0.007321	0.2413	0.9682
0.006882	0.2391	0.9681
0.007091	0.2376	0.967
0.009416	0.2397	0.9688
0.01148	0.2465	0.9742
0.01092	0.2478	0.975
0.01014	0.2411	0.9673
0.009538	0.2395	0.9642
0.009849	0.2411	0.9662
0.009867	0.2396	0.9657
0.00942	0.24	0.9655
0.01117	0.2415	0.961
0.01161	0.2417	0.9572
0.009724	0.2434	0.964
0.01036	0.2435	0.9688
0.01388	0.2426	0.969
0.01507	0.2441	0.97
0.01167	0.2451	0.9691
0.008401	0.2449	0.9694
0.007385	0.2447	0.9671
0.007125	0.2436	0.9647
0.006562	0.2412	0.9674
0.006026	0.2409	0.966
0.008713	0.2414	0.9658
0.01248	0.2389	0.9701
0.01367	0.2385	0.971
0.01477	0.2405	0.9694
0.01443	0.242	0.9641
0.009733	0.2441	0.9605
0.006892	0.2436	0.9646
0.008502	0.2437	0.9676
0.007495	0.2449	0.9671
0.00574	0.2436	0.9663
0.007925	0.243	0.9646
0.01171	0.2412	0.9655
0.01494	0.2404	0.9681
0.01372	0.2421	0.9684
0.01137	0.2425	0.9686
0.01116	0.2417	0.969
0.00962	0.2403	0.9671
0.009501	0.2426	0.965
0.00935	0.2451	0.9634
0.00863	0.2442	0.9627
0.009538	0.2436	0.9673
0.009032	0.2419	0.9724
0.009493	0.2429	0.9713
0.01002	0.244	0.9675
0.00965	0.241	0.9629
0.01085	0.2396	0.9622
0.01163	0.2388	0.9646
0.01219	0.241	0.9642
0.01043	0.2436	0.9665
0.00809	0.242	0.9689
0.008656	0.2422	0.9687
0.008189	0.2427	0.9699
0.008185	0.2446	0.9675
0.009589	0.2452	0.9672
0.01111	0.2411	0.9694
0.01321	0.2406	0.9686
0.01403	0.2415	0.9698
0.0143	0.2401	0.9692
0.01125	0.2411	0.966
0.006826	0.2441	0.9639
0.007733	0.2461	0.9617
0.008106	0.2452	0.9624
0.007763	0.2441	0.9636
0.01009	0.2427	0.9639
0.01014	0.2405	0.9657
0.009956	0.2407	0.9675
0.01057	0.2415	0.9688
0.01071	0.242	0.9669
0.01218	0.2423	0.9654
0.01253	0.2412	0.967
0.01092	0.2406	0.9683
0.009043	0.2414	0.9707
0.009656	0.2421	0.971
0.01094	0.2431	0.9684
0.008189	0.2438	0.9679
0.006725	0.2428	0.9673
0.008435	0.2418	0.9661
0.00968	0.242	0.9652
0.01162	0.2441	0.9643
0.01209	0.246	0.9647
0.01033	0.2435	0.965
0.01006	0.241	0.9649
0.01144	0.2401	0.9652
0.01226	0.2391	0.9655
0.01202	0.2412	0.9686
0.01187	0.2438	0.9726
0.0107	0.2437	0.9711
0.007693	0.2415	0.9625
0.006042	0.2407	0.9576
0.007432	0.2448	0.9638
0.008535	0.2454	0.9694
0.007916	0.2414	0.9692
0.009177	0.2408	0.9692
0.01323	0.2408	0.9683
0.01649	0.2404	0.9695
0.01536	0.2415	0.9709
0.01049	0.2426	0.9691
0.006299	0.2438	0.9695
0.005104	0.2444	0.9674
0.0069	0.2437	0.9615
0.009879	0.2436	0.9608
0.01198	0.2435	0.9641
0.01262	0.2424	0.965
0.0119	0.2403	0.9645
0.01144	0.238	0.9674
0.01243	0.2399	0.9689
0.01312	0.2452	0.9649
0.01102	0.2463	0.9652
-0.003448	0.2388	0.969
0.00828	0.2423	0.965
0.01411	0.2432	0.9657
0.01623	0.2451	0.9645
0.01399	0.2463	0.9668
0.0102	0.243	0.9693
0.009063	0.2415	0.9693
0.007088	0.2408	0.9706
0.006009	0.2418	0.9683
0.006859	0.2421	0.9678
0.008321	0.2381	0.9699
0.01076	0.2382	0.9689
0.01222	0.2397	0.9698
0.01327	0.2391	0.9689
0.01103	0.2409	0.9656
0.007342	0.2446	0.9633
0.008842	0.2472	0.961
0.009621	0.2466	0.9617
0.009481	0.2457	0.9629
0.01182	0.2443	0.9634
0.01172	0.242	0.9653
0.01125	0.2419	0.9673
0.01151	0.2423	0.9687
0.01126	0.2425	0.9669
0.01235	0.2424	0.9655
0.01236	0.241	0.9672
0.01048	0.2402	0.9686
0.008413	0.2408	0.971
0.008919	0.2415	0.9713
0.01018	0.2424	0.9686
0.00747	0.2432	0.9682
0.006104	0.2423	0.9675
0.00795	0.2414	0.9662
0.009349	0.2417	0.9652
0.01145	0.2439	0.9642
0.01206	0.2459	0.9647
0.01042	0.2436	0.9649
0.01024	0.2412	0.9648
0.01169	0.2404	0.9651
0.01253	0.2393	0.9654
0.01229	0.2414	0.9685
0.01211	0.244	0.9726
0.0109	0.2439	0.9711
0.007843	0.2416	0.9625
0.006134	0.2408	0.9576
0.007469	0.2449	0.9638
0.008523	0.2454	0.9694
0.007864	0.2414	0.9693
0.009098	0.2407	0.9692
0.01313	0.2408	0.9683
0.01639	0.2404	0.9695
0.01526	0.2415	0.9709
0.01041	0.2425	0.9691
0.006234	0.2438	0.9695
0.005061	0.2444	0.9674
0.006877	0.2437	0.9615
0.009875	0.2436	0.9608
0.012	0.2435	0.9641
0.01265	0.2425	0.965
0.01193	0.2404	0.9645
0.01148	0.238	0.9674
0.01247	0.24	0.9689
0.01315	0.2452	0.9649
0.01105	0.2463	0.9652
0.008393	0.2439	0.9676
0.007273	0.2424	0.9626
0.006162	0.2415	0.9622
0.006426	0.2414	0.9705
0.007816	0.2418	0.9722
0.008243	0.2416	0.9703
0.009386	0.2416	0.9723
0.01261	0.2413	0.9717
0.01421	0.2408	0.9696
0.01227	0.2416	0.9659
0.01111	0.2415	0.9623
0.009831	0.2412	0.9643
0.009513	0.2425	0.9643
0.01432	0.2431	0.9633
0.01541	0.2438	0.9647
0.009116	0.2448	0.9621
0.004364	0.245	0.9636
0.004647	0.2447	0.9723
0.007168	0.2433	0.9741
0.008857	0.2422	0.9674
0.01021	0.2415	0.9651
0.01316	0.2414	0.9667
0.01475	0.2417	0.9633
0.0132	0.241	0.9625
0.01286	0.2408	0.9668
0.01192	0.2405	0.9692
0.007929	0.2404	0.9706
0.006165	0.2427	0.9698
0.00561	0.2443	0.9695
0.006205	0.2436	0.968
0.01054	0.2425	0.9623
0.01305	0.2413	0.9625
0.01272	0.2407	0.9661
0.01217	0.2412	0.9669
0.01117	0.244	0.9656
0.01107	0.2457	0.9613
0.01025	0.2429	0.9612
0.008267	0.2425	0.9694
0.008562	0.2434	0.9758
0.00888	0.2411	0.9736
0.008008	0.2407	0.9697
0.008888	0.241	0.9674
0.01006	0.2408	0.9636
0.01113	0.243	0.9635
0.01293	0.2441	0.9643
0.01361	0.244	0.9635
0.01208	0.2433	0.9665
0.01001	0.2419	0.9688
0.009998	0.2415	0.9699
0.01049	0.2412	0.9664
0.009876	0.2427	0.9601
0.00802	0.244	0.9646
0.006651	0.2425	0.9696
0.00755	0.2428	0.968
0.006786	0.2417	0.9677
0.007872	0.2385	0.9668
0.01313	0.2399	0.9676
0.014	0.2429	0.969
0.01293	0.2436	0.9678
0.01387	0.2434	0.9682
0.01312	0.2434	0.9669
0.01129	0.245	0.9647
0.009141	0.2449	0.9646
0.007817	0.2416	0.9644
0.01564	0.2452	0.9715
0.007202	0.2397	0.964
0.002984	0.2379	0.9615
0.002753	0.2383	0.9683
0.005077	0.2401	0.9691
0.007028	0.2415	0.967
0.009732	0.2429	0.9692
0.01422	0.2435	0.9693
0.01664	0.2435	0.968
0.01503	0.2444	0.9652
0.01376	0.244	0.9625
0.01203	0.2431	0.9652
0.01104	0.2436	0.9657
0.01508	0.2435	0.9651
0.01542	0.2435	0.9666
0.008456	0.2439	0.9639
0.003196	0.2437	0.9651
0.003154	0.2431	0.9735
0.005539	0.2417	0.9749
0.007267	0.2407	0.9679
0.008806	0.2403	0.9652
0.01204	0.2405	0.9664
0.01397	0.2411	0.9628
0.01279	0.2408	0.9618
0.0128	0.2409	0.966
0.01216	0.2409	0.9684
0.008395	0.2409	0.9699
0.006786	0.2434	0.9692
0.006308	0.245	0.9691
0.006907	0.2442	0.9677
0.01119	0.2431	0.9622
0.0136	0.2418	0.9625
0.01313	0.241	0.9663
0.01244	0.2414	0.9671
0.01129	0.244	0.9659
0.01107	0.2456	0.9615
0.01014	0.2428	0.9615
0.008076	0.2423	0.9697
0.008325	0.2432	0.976
0.008626	0.2408	0.9737
0.007762	0.2405	0.9698
0.008671	0.2408	0.9675
0.009891	0.2407	0.9636
0.01101	0.2429	0.9634
0.01286	0.2441	0.9642
0.01359	0.244	0.9634
0.0121	0.2433	0.9664
0.01007	0.242	0.9687
0.01008	0.2416	0.9698
0.01058	0.2413	0.9664
0.009968	0.2428	0.96
0.008105	0.2441	0.9645
0.006723	0.2426	0.9696
0.007604	0.2429	0.968
0.006821	0.2418	0.9678
0.007888	0.2385	0.9668
0.01313	0.2399	0.9677
0.01398	0.2429	0.969
0.0129	0.2436	0.9678
0.01384	0.2434	0.9682
0.01309	0.2433	0.9669
0.01126	0.245	0.9647
0.009112	0.2449	0.9646
0.007794	0.2416	0.9644
0.007352	0.2399	0.9663
0.006155	0.2396	0.968
0.006754	0.2396	0.9669
0.00959	0.2411	0.9691
0.01231	0.2429	0.9698
0.01371	0.2453	0.9652
0.01272	0.2466	0.9629
0.01051	0.2434	0.9633
0.008996	0.2402	0.9653
0.008446	0.2415	0.9691
0.008135	0.2441	0.9701
0.008225	0.2442	0.9697
0.01001	0.2399	0.9687
0.01123	0.2377	0.9648
0.01145	0.2414	0.963
0.01341	0.242	0.9622
0.01327	0.242	0.9622
0.009449	0.2446	0.9692
0.007795	0.2434	0.9729
0.008949	0.2436	0.9683
0.009897	0.2449	0.9687
0.01078	0.2433	0.9704
0.01101	0.2424	0.968
0.01016	0.2403	0.9659
0.009955	0.2395	0.961
0.009191	0.2415	0.9597
0.00788	0.2435	0.9653
0.00914	0.2448	0.9698
0.01212	0.2437	0.9703
0.01273	0.2424	0.9651
0.009252	0.2405	0.9642
0.008217	0.2392	0.973
0.01159	0.2415	0.9733
0.01086	0.2421	0.9635
0.008611	0.2417	0.9598
0.00881	0.2425	0.9637
0.007699	0.2431	0.9668
0.007861	0.2448	0.9674
0.01013	0.2435	0.966
0.01269	0.2411	0.9665
0.0139	0.2418	0.9711
0.01232	0.2421	0.9712
0.01193	0.2425	0.9674
0.01228	0.2439	0.9676
0.01163	0.2442	0.9693
0.01089	0.2427	0.9691
0.007814	0.2405	0.9684
0.004381	0.2402	0.9663
0.004388	0.241	0.9593
0.008073	0.2417	0.9557
0.01151	0.2425	0.9612
0.01164	0.2438	0.965
0.01324	0.245	0.9676
0.01436	0.2444	0.9697
0.01104	0.2459	0.9673
0.009885	0.2465	0.9673
0.01107	0.2401	0.9682
0.01033	0.2362	0.9693
0.00909	0.2368	0.9727
0.009708	0.2361	0.9724
0.01206	0.2389	0.9702
0.0125	0.2454	0.9668
0.009632	0.2491	0.9619
0.004125	0.2487	0.9602
-0.002951	0.2477	0.9681
0.005564	0.243	0.968
0.01115	0.2397	0.9661
0.01576	0.2391	0.968
0.01823	0.2396	0.9688
0.01827	0.2416	0.9644
0.01544	0.2431	0.9624
0.01139	0.2405	0.9632
0.008302	0.2383	0.9654
0.006603	0.2405	0.9693
0.005616	0.2441	0.9704
0.005481	0.245	0.9701
0.007421	0.2412	0.969
0.009077	0.2394	0.9651
0.009905	0.2433	0.9632
0.01255	0.2437	0.9623
0.01307	0.2436	0.9622
0.009833	0.2458	0.9691
0.00863	0.2441	0.9728
0.01008	0.244	0.9682
0.01117	0.2449	0.9685
0.01205	0.243	0.9703
0.01215	0.2419	0.9679
0.01109	0.2396	0.9658
0.01062	0.2387	0.961
0.009572	0.2407	0.9596
0.007985	0.2428	0.9654
0.009004	0.2443	0.9698
0.01179	0.2433	0.9704
0.01228	0.2421	0.9652
0.008725	0.2404	0.9643
0.007679	0.2392	0.9731
0.01109	0.2417	0.9734
0.01043	0.2423	0.9635
0.008284	0.242	0.9599
0.008594	0.2427	0.9637
0.007593	0.2434	0.9668
0.007856	0.2451	0.9674
0.01021	0.2437	0.966
0.01283	0.2412	0.9665
0.01408	0.2419	0.9711
0.01251	0.2421	0.9712
0.01212	0.2424	0.9674
0.01245	0.2438	0.9676
0.01177	0.2441	0.9693
0.01099	0.2426	0.9691
0.007873	0.2404	0.9684
0.004401	0.2402	0.9663
0.004374	0.241	0.9593
0.008032	0.2417	0.9557
0.01145	0.2424	0.9612
0.01157	0.2438	0.965
0.01317	0.245	0.9676
0.01429	0.2444	0.9697
0.01098	0.2459	0.9673
0.009841	0.2465	0.9673
0.01104	0.2401	0.9682
0.01032	0.2362	0.9693
0.00909	0.2368	0.9727
0.009719	0.2361	0.9724
0.01208	0.2389	0.9702
0.01253	0.2454	0.9668
0.009658	0.2491	0.9619
0.004151	0.2486	0.9602
0.002433	0.2478	0.9634
0.008191	0.2468	0.969
0.009734	0.2438	0.9697
0.007504	0.2414	0.9686
0.01045	0.236	0.9694
0.0143	0.2293	0.968
0.01627	0.2317	0.9662
0.01536	0.2384	0.9614
0.01317	0.2411	0.9602
0.01163	0.2434	0.9688
0.008848	0.2494	0.9709
0.008125	0.2521	0.9667
0.008118	0.2484	0.9664
0.007775	0.2475	0.9641
0.008802	0.2459	0.9619
0.008862	0.2437	0.9657
0.01108	0.2449	0.9665
0.01362	0.2416	0.9658
0.01276	0.2389	0.971
0.01059	0.2391	0.9726
0.007714	0.2385	0.9687
0.00722	0.2385	0.9669
0.007478	0.235	0.9671
0.007173	0.2352	0.969
0.009539	0.2419	0.968
0.01106	0.2456	0.9653
0.01072	0.2471	0.9648
0.01037	0.2475	0.9638
0.01077	0.2459	0.9644
0.01351	0.244	0.9644
0.0143	0.2428	0.9644
0.01133	0.2407	0.9675
0.01039	0.2376	0.9681
0.01073	0.2395	0.9679
0.008368	0.244	0.9684
0.00725	0.2467	0.9679
0.008189	0.2459	0.9681
0.008932	0.2435	0.9676
0.009795	0.2425	0.9664
0.009544	0.241	0.9659
0.01101	0.2401	0.966
0.01235	0.2401	0.9652
0.01029	0.24	0.9625
0.01081	0.2411	0.9635
0.01242	0.2408	0.9708
0.01233	0.2413	0.9737
0.01088	0.2427	0.9687
0.007084	0.2425	0.9685
0.006659	0.2438	0.9704
0.007882	0.2465	0.9662
0.006965	0.2476	0.9634
0.008226	0.2438	0.9599
0.009814	0.2406	0.9583
0.01093	0.2412	0.9658
0.01357	0.2397	0.9685
0.01483	0.2408	0.9662
0.01375	0.2429	0.9676
0.01261	0.2419	0.9672
0.01121	0.2415	0.9671
0.008538	0.2409	0.9704
0.008155	0.2413	0.973
0.009801	0.2412	0.9722
0.009295	0.2399	0.9686
0.008227	0.243	0.9632
0.01183	0.2509	0.9557
0.009164	0.2488	0.9661
0.006428	0.2454	0.9695
0.002696	0.2429	0.9697
0.005865	0.2375	0.9708
0.01086	0.2308	0.9693
0.01435	0.233	0.9671
0.01492	0.2393	0.9618
0.01397	0.2417	0.9601
0.0133	0.2435	0.9683
0.01098	0.2492	0.9702
0.01036	0.2515	0.9659
0.01015	0.2476	0.9657
0.009387	0.2465	0.9634
0.009874	0.2449	0.9614
0.009358	0.2428	0.9654
0.01103	0.2441	0.9665
0.01312	0.241	0.966
0.01192	0.2385	0.9713
0.009557	0.2389	0.9729
0.006608	0.2385	0.9691
0.006162	0.2387	0.9673
0.006563	0.2354	0.9675
0.006464	0.2356	0.9692
0.00907	0.2423	0.9682
0.01083	0.246	0.9654
0.01073	0.2475	0.9648
0.01057	0.2478	0.9638
0.01112	0.2462	0.9642
0.01394	0.2442	0.9642
0.01477	0.2429	0.9642
0.01179	0.2407	0.9673
0.01081	0.2376	0.968
0.01107	0.2394	0.9677
0.008614	0.2439	0.9683
0.007399	0.2465	0.9678
0.008243	0.2458	0.968
0.008903	0.2433	0.9676
0.009701	0.2424	0.9665
0.009404	0.2409	0.966
0.01085	0.2401	0.966
0.01218	0.2401	0.9652
0.01013	0.24	0.9626
0.01067	0.2412	0.9636
0.01231	0.2408	0.9709
0.01226	0.2413	0.9737
0.01085	0.2427	0.9687
0.00708	0.2426	0.9685
0.006683	0.2439	0.9704
0.007925	0.2465	0.9661
0.007021	0.2476	0.9634
0.008288	0.2438	0.9598
0.009875	0.2406	0.9583
0.01099	0.2411	0.9658
0.01362	0.2397	0.9685
0.01487	0.2408	0.9662
0.01377	0.2429	0.9676
0.01261	0.2418	0.9672
0.0112	0.2415	0.9671
0.008525	0.2409	0.9704
0.008136	0.2413	0.973
0.009779	0.2412	0.9723
0.009272	0.2399	0.9686
0.008206	0.243	0.9632
0.00793	0.247	0.9599
0.008659	0.247	0.9635
0.009678	0.244	0.9693
0.009585	0.2422	0.9699
0.009464	0.2433	0.9667
0.007845	0.2419	0.9655
0.008309	0.24	0.9678
0.01413	0.2402	0.9674
0.01512	0.2406	0.965
0.009665	0.2412	0.9642
0.008753	0.2402	0.9639
0.01163	0.2406	0.9656
0.01136	0.244	0.9665
0.01084	0.2458	0.966
0.01245	0.2451	0.9665
0.01221	0.2425	0.9668
0.01009	0.2403	0.9679
0.007853	0.2402	0.9691
0.007025	0.2408	0.9708
0.008899	0.2429	0.9706
0.01036	0.2452	0.9668
0.009612	0.2445	0.9663
0.007519	0.2431	0.9657
0.007017	0.2433	0.9637
0.009662	0.2429	0.9659
0.01245	0.2423	0.9671
0.01423	0.2417	0.969
0.01299	0.24	0.9706
0.01066	0.2403	0.9649
0.01167	0.2414	0.962
0.01067	0.2412	0.9634
0.00587	0.2409	0.9621
0.004845	0.2403	0.9633
0.009083	0.2415	0.9659
0.01067	0.2442	0.9676
0.01008	0.2452	0.9701
0.0134	0.2448	0.9706
0.01366	0.2429	0.9703
0.01066	0.2428	0.969
0.0108	0.247	0.9687
0.01024	0.2478	0.9689
0.00997	0.2414	0.9661
0.01111	0.2372	0.9665
0.01045	0.2377	0.9659
0.007539	0.2367	0.9635
0.004402	0.2382	0.9652
0.005528	0.243	0.9659
0.009555	0.2456	0.967
0.01341	0.2473	0.9665
0.01537	0.2454	0.9656
0.01423	0.2412	0.9691
0.01365	0.2407	0.9679
0.0135	0.2412	0.9644
0.01149	0.2422	0.9641
0.007859	0.2438	0.9653
0.004572	0.2435	0.9673
0.004892	0.243	0.969
0.006971	0.243	0.9688
0.007471	0.2425	0.9608
0.007869	0.2412	0.9591
0.01144	0.2415	0.9692
0.01334	0.2428	0.9701
0.01152	0.2424	0.9664
0.01413	0.2423	0.969
0.0102	0.2348	0.9771
0.01249	0.2426	0.9717
0.01315	0.2441	0.9714
0.0117	0.2445	0.9683
0.009903	0.2464	0.9631
0.00672	0.2448	0.9612
0.005987	0.2422	0.9636
0.0111	0.2415	0.9639
0.01186	0.2411	0.9624
0.006605	0.2409	0.9626
0.006224	0.2394	0.9634
0.009835	0.2396	0.9659
0.01039	0.243	0.9674
0.01068	0.2448	0.9673
0.013	0.2443	0.968
0.01331	0.242	0.9683
0.01155	0.2401	0.9692
0.009482	0.2402	0.9701
0.008643	0.2411	0.9715
0.01036	0.2433	0.9709
0.01155	0.2457	0.9669
0.01046	0.245	0.9661
0.00801	0.2436	0.9653
0.00716	0.2438	0.9632
0.009499	0.2432	0.9653
0.01205	0.2425	0.9665
0.01366	0.2418	0.9685
0.01233	0.24	0.9702
0.009981	0.2402	0.9646
0.01104	0.2412	0.9618
0.01013	0.241	0.9634
0.005451	0.2407	0.9621
0.004566	0.2401	0.9635
0.008943	0.2413	0.9661
0.01066	0.244	0.9678
0.01017	0.2451	0.9703
0.01357	0.2448	0.9708
0.01388	0.2429	0.9705
0.01091	0.2428	0.9691
0.01105	0.2471	0.9688
0.01046	0.2479	0.969
0.01015	0.2415	0.9661
0.01124	0.2373	0.9665
0.01053	0.2377	0.9658
0.007565	0.2367	0.9634
0.004386	0.2382	0.9651
0.005477	0.243	0.9658
0.009481	0.2457	0.9669
0.01332	0.2473	0.9664
0.01528	0.2454	0.9656
0.01415	0.2412	0.9691
0.01357	0.2407	0.9679
0.01344	0.2411	0.9644
0.01145	0.2422	0.9641
0.007841	0.2438	0.9653
0.004571	0.2435	0.9673
0.004905	0.243	0.969
0.006995	0.243	0.9688
0.007501	0.2425	0.9609
0.007902	0.2412	0.9591
0.01147	0.2416	0.9693
0.01337	0.2429	0.9701
0.01154	0.2424	0.9664
0.01415	0.2423	0.969
0.01475	0.2413	0.9726
0.01012	0.2393	0.9743
0.009975	0.2395	0.9719
0.009615	0.2418	0.9697
0.008161	0.2447	0.9665
0.00866	0.2449	0.9626
0.006715	0.2441	0.9644
0.00655	0.245	0.9629
0.01051	0.2438	0.9593
0.01394	0.2414	0.9608
0.01446	0.2404	0.9617
0.01303	0.2405	0.9645
0.01066	0.2409	0.9693
0.007165	0.2405	0.9699
0.006901	0.2421	0.9674
0.009598	0.2438	0.9664
0.01025	0.2437	0.9691
0.01008	0.2438	0.9684
0.01039	0.2418	0.9674
0.01031	0.2401	0.9731
0.009396	0.2421	0.974
0.009425	0.2428	0.9688
0.01112	0.244	0.9658
0.01171	0.2455	0.9632
0.01193	0.2426	0.9609
0.01242	0.2412	0.9608
0.01019	0.242	0.9627
0.006326	0.2405	0.9661
0.006047	0.2408	0.9694
0.009139	0.2401	0.9711
0.01063	0.24	0.9702
0.01106	0.2454	0.9674
0.01276	0.2474	0.9664
0.01292	0.2454	0.9663
0.01015	0.2452	0.966
0.009287	0.2434	0.9671
0.01123	0.2405	0.9658
0.01072	0.2381	0.9629
0.008761	0.2371	0.9653
0.008577	0.2394	0.9709
0.008884	0.2397	0.9723
0.008345	0.2384	0.9669
0.007408	0.2396	0.9628
0.009235	0.2433	0.9632
0.01395	0.2495	0.9617
0.01506	0.2506	0.9625
0.01121	0.2469	0.9678
0.009505	0.2471	0.9703
0.01019	0.246	0.9708
0.009198	0.2405	0.9704
0.008877	0.2385	0.9686
0.009196	0.2415	0.9681
0.01053	0.2448	0.9665
0.01293	0.2421	0.9611
0.01233	0.2334	0.9605
0.01249	0.2283	0.9704
0.01311	0.2283	0.9777
0.007969	0.2309	0.9734
-0.0008896	0.2415	0.9661
-0.006107	0.2496	0.9626
-0.0006271	0.2481	0.9649
0.007985	0.249	0.9676
0.01387	0.2519	0.9636
0.02611	0.2609	0.9591
0.04792	0.3188	0.9396
0.02272	0.2594	0.962
0.009671	0.225	0.9731
0.002155	0.2098	0.9789
-0.002305	0.2074	0.9792
-0.001981	0.2105	0.9758
-0.002342	0.2173	0.976
4.462e-08	0.2281	0.9717
0.006756	0.2368	0.9649
0.01284	0.2433	0.9631
0.01556	0.2493	0.9611
0.01573	0.254	0.9617
0.01434	0.2566	0.965
0.01121	0.2564	0.9648
0.0108	0.2563	0.9622
0.01295	0.2553	0.9616
0.0128	0.2517	0.9652
0.01171	0.248	0.9656
0.0111	0.2425	0.9658
0.01016	0.2378	0.9726
0.008565	0.2375	0.9745
0.008101	0.2367	0.9701
0.009507	0.2372	0.9676
0.01001	0.2388	0.9652
0.01032	0.2365	0.963
0.01103	0.2363	0.9627
0.009114	0.2384	0.9643
0.005612	0.2384	0.9673
0.005699	0.2401	0.9701
0.009128	0.2407	0.9714
0.0109	0.2415	0.9701
0.01154	0.2476	0.967
0.01338	0.25	0.9657
0.01359	0.248	0.9656
0.01081	0.2477	0.9652
0.009877	0.2455	0.9663
0.01171	0.2422	0.9651
0.01107	0.2392	0.9623
0.008968	0.2377	0.9649
0.008649	0.2394	0.9707
0.008839	0.2393	0.9722
0.008207	0.2378	0.967
0.007205	0.2387	0.963
0.008997	0.2424	0.9634
0.01371	0.2485	0.962
0.01483	0.2497	0.9628
0.01102	0.2462	0.9681
0.009353	0.2466	0.9705
0.01009	0.2457	0.9709
0.009148	0.2404	0.9705
0.008873	0.2385	0.9687
0.009231	0.2417	0.9681
0.01059	0.2451	0.9665
0.01301	0.2424	0.961
0.01242	0.2338	0.9604
0.01258	0.2286	0.9703
0.01319	0.2286	0.9776
0.008033	0.2312	0.9733
-0.0008434	0.2417	0.966
-0.00608	0.2497	0.9626
-0.0006178	0.2481	0.9649
0.007979	0.249	0.9676
0.01385	0.2518	0.9636
0.02608	0.2608	0.9591
0.0337	0.2692	0.96
0.02463	0.256	0.9624
0.01487	0.2475	0.9607
0.01027	0.2543	0.9601
0.005681	0.247	0.9681
0.004307	0.2334	0.9745
0.003822	0.2263	0.9748
0.005181	0.2164	0.9728
0.005229	0.2062	0.9696
-0.001784	0.2069	0.9724
-0.00132	0.2167	0.975
0.005662	0.2296	0.9724
0.009858	0.2424	0.9708
0.01595	0.2457	0.9656
0.01566	0.2509	0.9603
0.01165	0.2683	0.9594
0.01214	0.2759	0.9605
0.01115	0.2731	0.9649
0.01194	0.2707	0.9685
0.0118	0.2621	0.9678
0.01072	0.2508	0.9635
0.01624	0.2432	0.9635
0.01823	0.2372	0.9673
0.01726	0.2313	0.9603
0.01728	0.2239	0.9556
0.009165	0.2181	0.96
0.003669	0.2206	0.9586
0.004626	0.2294	0.9684
-0.001241	0.2347	0.9856
-0.004944	0.2352	0.988
0.003325	0.2422	0.9833
0.01655	0.2578	0.9672
0.02199	0.2618	0.952
0.01669	0.2509	0.9574
0.01496	0.2441	0.9651
0.01447	0.2426	0.9685
0.01222	0.2401	0.9659
0.01493	0.2409	0.9639
0.009738	0.2425	0.9725
0.002624	0.2372	0.9743
0.001814	0.2329	0.9709
-0.00436	0.234	0.967
-0.004996	0.2333	0.96
0.001446	0.2384	0.9606
0.006762	0.2468	0.9619
0.01562	0.2512	0.9664
0.02007	0.258	0.9721
0.02151	0.2598	0.9668
0.02522	0.256	0.9642
0.02309	0.2518	0.9626
0.01918	0.2451	0.9576
0.016	0.2401	0.9568
0.01124	0.2366	0.96
0.008829	0.2336	0.9705
0.005499	0.2311	0.9782
0.001578	0.2292	0.9769
-0.0009412	0.2303	0.9774
-0.003685	0.2317	0.9756
1.598e-05	0.2354	0.9701
0.007862	0.2404	0.9692
0.01096	0.2445	0.9685
0.01087	0.2505	0.9619
0.01243	0.2517	0.9552
0.01661	0.2489	0.9564
0.008528	0.2231	0.971
0.01562	0.242	0.9673
0.01622	0.2551	0.961
0.01751	0.2744	0.9572
0.01544	0.2725	0.9636
0.01423	0.2589	0.9693
0.01237	0.248	0.9698
0.0115	0.2322	0.9687
0.009003	0.2153	0.9667
-0.000475	0.2092	0.9709
-0.002128	0.2132	0.9748
0.003246	0.2217	0.9734
0.006406	0.2316	0.9726
0.01203	0.2336	0.968
0.01176	0.2389	0.9629
0.008168	0.2575	0.9619
0.009356	0.2672	0.9627
0.009219	0.267	0.9667
0.0109	0.2674	0.9697
0.0116	0.2613	0.9685
0.01124	0.2523	0.9637
0.01731	0.2464	0.9632
0.01966	0.2416	0.9666
0.01885	0.2362	0.9593
0.01886	0.2289	0.9545
0.01059	0.2227	0.9589
0.004836	0.2244	0.9576
0.005473	0.2322	0.9676
-0.0007385	0.2365	0.985
-0.004773	0.236	0.9876
0.003205	0.242	0.9831
0.0162	0.2569	0.9672
0.02148	0.2603	0.9522
0.01609	0.2491	0.9577
0.01434	0.2423	0.9654
0.01389	0.2408	0.9688
0.01172	0.2386	0.9663
0.01455	0.2396	0.9642
0.009482	0.2417	0.9728
0.002496	0.2367	0.9745
0.001803	0.2328	0.971
-0.004273	0.2342	0.967
-0.004836	0.2337	0.96
0.001653	0.239	0.9605
0.006988	0.2474	0.9618
0.01584	0.2519	0.9663
0.02027	0.2586	0.972
0.02167	0.2603	0.9667
0.02534	0.2563	0.9641
0.02316	0.252	0.9626
0.01921	0.2452	0.9576
0.01599	0.2401	0.9567
0.0112	0.2365	0.96
0.008761	0.2334	0.9705
0.005419	0.2309	0.9782
0.001495	0.2289	0.9769
-0.001019	0.2301	0.9775
-0.003752	0.2315	0.9756
-3.508e-05	0.2353	0.9702
0.007828	0.2403	0.9693
0.01094	0.2444	0.9685
0.01087	0.2505	0.9619
0.01245	0.2517	0.9552
0.01663	0.249	0.9564
0.01718	0.2486	0.9626
0.01401	0.2479	0.9658
0.01317	0.2469	0.9663
0.01267	0.2448	0.9679
0.01079	0.2416	0.969
0.008266	0.2395	0.969
0.007272	0.2393	0.9713
0.01019	0.24	0.9698
0.01194	0.2403	0.9641
0.009872	0.2431	0.9649
0.009243	0.2446	0.9667
0.009963	0.243	0.9632
0.008847	0.2448	0.9636
0.008219	0.2438	0.9671
0.00834	0.2371	0.969
0.008674	0.2344	0.9719
0.01021	0.237	0.972
0.01046	0.2405	0.9685
0.009289	0.2422	0.9627
0.008275	0.2433	0.9595
0.008186	0.2445	0.9663
0.01049	0.244	0.9715
0.0139	0.2448	0.9694
0.01474	0.2461	0.9669
0.01304	0.2441	0.9643
0.01348	0.2435	0.9655
0.013	0.2454	0.9662
0.007889	0.2455	0.9641
0.005841	0.2448	0.9657
0.007873	0.2419	0.9673
0.00925	0.2374	0.9674
0.009402	0.2372	0.9638
0.007552	0.236	0.9579
0.005274	0.2336	0.9636
0.004193	0.2397	0.9815
0.009337	0.252	0.9856
0.02165	0.2561	0.9639
0.02489	0.2455	0.9546
0.01773	0.2378	0.9632
0.01241	0.2388	0.9615
-0.0002768	0.2368	0.9737
-0.01005	0.2395	0.9831
0.003748	0.2459	0.9607
0.0144	0.247	0.9539
0.01059	0.245	0.9616
0.007339	0.2433	0.9646
0.004601	0.2447	0.9756
0.01656	0.2441	0.973
0.02937	0.2438	0.9631
0.02226	0.2447	0.9619
0.01831	0.2398	0.957
0.01326	0.2347	0.9605
0.002689	0.2311	0.9734
-0.0001832	0.2313	0.9771
-0.002098	0.236	0.9725
0.0008534	0.2419	0.9705
0.004798	0.2471	0.9704
0.005947	0.2457	0.9669
0.0102	0.2478	0.9684
0.01154	0.2525	0.9678
0.0127	0.2519	0.9603
0.01127	0.2541	0.9589
0.01074	0.2496	0.9587
0.01943	0.2411	0.9603
0.02767	0.2579	0.9567
0.01588	0.2369	0.9683
0.01012	0.2272	0.9728
0.00733	0.2241	0.9754
0.00496	0.2247	0.9756
0.003077	0.2287	0.9738
0.003336	0.2351	0.9738
0.007744	0.2419	0.9701
0.01094	0.247	0.9626
0.01011	0.2529	0.9621
0.01042	0.2558	0.9631
0.01174	0.2541	0.9593
0.01089	0.2546	0.96
0.01025	0.2515	0.9641
0.01014	0.2422	0.9668
0.0101	0.2367	0.9705
0.01117	0.2369	0.9716
0.01094	0.2383	0.9689
0.009328	0.2384	0.9637
0.007945	0.2386	0.9609
0.007583	0.2394	0.9679
0.009722	0.239	0.9732
0.01306	0.2405	0.971
0.01393	0.2427	0.9683
0.01233	0.2417	0.9653
0.01292	0.2422	0.9661
0.01261	0.2452	0.9664
0.00769	0.2462	0.964
0.005814	0.2462	0.9654
0.007993	0.2437	0.9668
0.009481	0.2394	0.9668
0.009706	0.2392	0.9632
0.00789	0.2379	0.9573
0.00561	0.2351	0.9631
0.004498	0.2408	0.981
0.009589	0.2527	0.9853
0.02184	0.2564	0.9638
0.02501	0.2455	0.9546
0.01778	0.2375	0.9633
0.0124	0.2382	0.9617
-0.0003409	0.2361	0.9739
-0.01015	0.2387	0.9833
0.003629	0.2451	0.961
0.01427	0.2463	0.9541
0.01047	0.2445	0.9618
0.007236	0.243	0.9647
0.00452	0.2446	0.9757
0.01651	0.2441	0.9731
0.02934	0.2439	0.9631
0.02226	0.2449	0.9618
0.01832	0.2401	0.9569
0.01329	0.235	0.9605
0.00273	0.2314	0.9733
-0.000138	0.2315	0.977
-0.002053	0.2362	0.9725
0.0008942	0.242	0.9705
0.004831	0.2472	0.9704
0.005972	0.2457	0.9669
0.01022	0.2478	0.9684
0.01154	0.2524	0.9678
0.01269	0.2519	0.9603
0.01127	0.254	0.959
0.01073	0.2495	0.9588
0.01941	0.241	0.9603
0.02261	0.2373	0.9637
0.01832	0.2353	0.9615
0.01421	0.2453	0.9645
0.01119	0.2558	0.9753
0.0101	0.2441	0.98
0.00647	0.2189	0.9749
0.002046	0.2096	0.9727
-0.002694	0.2201	0.9737
-0.005669	0.2278	0.9719
0.003865	0.2401	0.973
0.01448	0.2594	0.9651
0.01636	0.2708	0.9494
0.01926	0.2758	0.9479
0.01663	0.2656	0.9565
0.01087	0.2512	0.962
0.01079	0.2441	0.965
0.007882	0.2341	0.9719
0.008722	0.2299	0.9756
0.01268	0.2265	0.9724
0.01128	0.2249	0.9712
0.01068	0.2316	0.9699
0.008032	0.2352	0.972
0.007438	0.2423	0.9728
0.0129	0.2493	0.9644
0.01466	0.2493	0.9623
0.01315	0.2461	0.9637
0.01204	0.2414	0.9608
0.01038	0.2443	0.9625
0.005946	0.2437	0.9658
0.00176	0.241	0.9661
0.001876	0.2449	0.9662
0.004581	0.2449	0.9693
0.01083	0.2458	0.9724
0.01479	0.2448	0.9713
0.01378	0.2435	0.9692
0.01435	0.2462	0.9679
0.01192	0.2413	0.967
0.009063	0.2384	0.9645
0.01306	0.2388	0.9589
0.01647	0.2393	0.9575
0.01567	0.2453	0.9606
0.01143	0.2443	0.965
0.006455	0.2419	0.9743
0.005338	0.2419	0.98
0.004269	0.2373	0.9739
0.004488	0.2367	0.9678
0.008613	0.2389	0.9653
0.01032	0.2392	0.9597
0.009993	0.2407	0.958
0.0119	0.2439	0.9644
0.01361	0.2462	0.9702
0.01249	0.2454	0.9706
0.0103	0.2454	0.9685
0.008547	0.2462	0.9676
0.007255	0.2474	0.9674
0.007755	0.2476	0.9664
0.0114	0.2446	0.9661
0.01406	0.2427	0.9677
0.01206	0.24	0.968
0.01148	0.2369	0.9659
0.01196	0.2383	0.9642
0.01094	0.2395	0.9631
0.0125	0.2411	0.9632
0.01066	0.2431	0.9673
0.00746	0.2279	0.9755
0.007739	0.2394	0.9629
0.008147	0.2562	0.96
0.009144	0.2689	0.9681
0.01131	0.2563	0.9724
0.01003	0.2283	0.9683
0.007032	0.2155	0.9679
0.002861	0.2225	0.9711
-0.0002646	0.227	0.9712
0.00857	0.2369	0.974
0.01812	0.2547	0.9674
0.01875	0.2652	0.9524
0.02038	0.2702	0.9512
0.01658	0.2606	0.9596
0.009862	0.2473	0.9647
0.009073	0.2414	0.967
0.005738	0.2328	0.9731
0.006423	0.2297	0.9761
0.01046	0.2273	0.9722
0.009343	0.2266	0.9704
0.009141	0.2338	0.9688
0.006972	0.2376	0.9707
0.00687	0.2446	0.9714
0.0128	0.2513	0.9631
0.01495	0.251	0.9611
0.01373	0.2473	0.9628
0.01283	0.2421	0.9602
0.01125	0.2444	0.9622
0.006824	0.2435	0.9658
0.00256	0.2404	0.9663
0.00254	0.2441	0.9665
0.005074	0.244	0.9698
0.01114	0.2448	0.973
0.01491	0.2439	0.9718
0.01375	0.2427	0.9697
0.01419	0.2457	0.9683
0.01167	0.241	0.9673
0.008754	0.2383	0.9647
0.01273	0.2388	0.959
0.01616	0.2395	0.9574
0.0154	0.2456	0.9605
0.01121	0.2447	0.9649
0.006309	0.2422	0.9741
0.005259	0.2423	0.9798
0.004253	0.2376	0.9737
0.004526	0.237	0.9676
0.008692	0.2391	0.9652
0.01043	0.2393	0.9596
0.01011	0.2407	0.958
0.01202	0.2439	0.9644
0.01372	0.2461	0.9702
0.01258	0.2453	0.9707
0.01037	0.2453	0.9686
0.008588	0.2461	0.9677
0.007272	0.2472	0.9675
0.00775	0.2475	0.9664
0.01138	0.2445	0.9662
0.01403	0.2427	0.9677
0.01202	0.24	0.968
0.01144	0.2369	0.9659
0.01191	0.2383	0.9642
0.0109	0.2395	0.9631
0.01247	0.2412	0.9631
0.01064	0.2431	0.9673
0.006588	0.2413	0.9718
0.006392	0.2405	0.9707
0.005713	0.2415	0.9662
0.006882	0.2417	0.9642
0.009981	0.2425	0.9656
0.01164	0.243	0.9666
0.01231	0.2426	0.9664
0.01164	0.2431	0.9674
0.01175	0.2444	0.9684
0.01193	0.2444	0.9679
0.01161	0.2435	0.9657
0.01144	0.2451	0.9639
0.01038	0.2457	0.9648
0.009163	0.2428	0.9649
0.008223	0.2414	0.9672
0.009163	0.2408	0.9704
0.009903	0.24	0.9676
0.009511	0.2405	0.9681
0.01014	0.2405	0.9726
0.008693	0.2408	0.9709
0.00846	0.241	0.9657
0.01177	0.2405	0.96
0.01196	0.2421	0.96
0.009532	0.2448	0.968
0.008956	0.2469	0.9692
0.01021	0.2462	0.9622
0.01105	0.242	0.9615
0.01102	0.2393	0.9675
0.01072	0.2393	0.969
0.009408	0.2393	0.969
0.009236	0.2427	0.972
0.01178	0.2457	0.9688
0.01388	0.2433	0.9622
0.01282	0.2436	0.9618
0.009378	0.2445	0.9673
0.006959	0.2415	0.9733
0.007226	0.2415	0.9718
0.007802	0.2413	0.9678
0.00831	0.2401	0.9669
0.01058	0.2415	0.9663
0.01176	0.2429	0.9658
0.01105	0.2449	0.9635
0.01059	0.2454	0.9627
0.008055	0.2454	0.9652
0.006929	0.2449	0.966
0.01086	0.2394	0.9676
0.01244	0.2365	0.9681
0.01172	0.2384	0.9663
0.01315	0.2385	0.9664
0.01197	0.2395	0.9651
0.009615	0.2429	0.9624
0.009717	0.2452	0.9633
0.008937	0.2453	0.9694
0.00866	0.2448	0.9755
0.009073	0.2448	0.9736
0.009187	0.2446	0.9666
0.01157	0.2434	0.9618
0.01407	0.2409	0.9601
0.01426	0.2394	0.9621
0.01118	0.2414	0.9665
0.007568	0.2442	0.9706
0.006651	0.2441	0.9741
0.005139	0.2442	0.9742
0.004987	0.2454	0.9726
