0.08264	0.5622	0.679
0.08454	0.5613	0.6788
0.08074	0.564	0.6808
0.07776	0.5629	0.6853
0.08143	0.5632	0.6861
0.08108	0.5682	0.6862
0.07969	0.5711	0.6848
0.07439	0.5679	0.6818
0.07147	0.5696	0.6847
0.0808	0.5702	0.6886
0.08625	0.5668	0.6959
0.08582	0.5675	0.7064
0.08924	0.563	0.7039
0.0886	0.561	0.6982
0.08052	0.5628	0.6972
0.0731	0.5592	0.6926
0.07221	0.562	0.6923
0.07668	0.5649	0.6907
0.07841	0.5659	0.6865
0.07641	0.5726	0.6876
0.07613	0.5731	0.6875
0.0778	0.5715	0.6886
0.08196	0.5725	0.6887
0.08464	0.5716	0.6884
0.0824	0.572	0.6923
0.08282	0.5714	0.6906
0.08557	0.5704	0.6855
0.08394	0.5683	0.6829
0.07982	0.5658	0.6858
0.07789	0.5668	0.6915
0.0796	0.5659	0.6955
0.07922	0.5653	0.6983
0.07488	0.566	0.6936
0.07246	0.5643	0.6908
0.07443	0.5639	0.6934
0.08194	0.5653	0.6895
0.08786	0.5687	0.6864
0.08556	0.5717	0.6861
0.08207	0.5681	0.6896
0.07985	0.564	0.6952
0.07906	0.5643	0.6928
0.07972	0.5649	0.6901
0.07812	0.5647	0.6893
0.07871	0.5663	0.6881
0.08237	0.5711	0.6883
0.08283	0.5746	0.6876
0.07976	0.5739	0.691
0.078	0.572	0.6931
0.0796	0.5689	0.6907
0.08092	0.5647	0.6907
0.08099	0.5642	0.6905
0.07828	0.5666	0.6922
0.07566	0.5687	0.693
0.07849	0.5706	0.6898
0.08019	0.5693	0.6905
0.08109	0.5631	0.6922
0.08279	0.5598	0.6911
0.08216	0.5646	0.6873
0.08348	0.5664	0.6856
0.08225	0.566	0.6907
0.07886	0.57	0.6921
0.07809	0.5692	0.6894
0.07631	0.5682	0.6895
0.07671	0.5697	0.6882
0.07855	0.5677	0.6887
0.08055	0.5688	0.6935
0.08316	0.5697	0.695
0.0838	0.5685	0.6931
0.08481	0.5694	0.6937
0.08198	0.5684	0.6925
0.07712	0.5687	0.6828
0.07621	0.569	0.6804
0.07641	0.5658	0.6918
0.07982	0.5638	0.6958
0.08313	0.5638	0.6928
0.08271	0.5647	0.6937
0.08217	0.5662	0.6907
0.08152	0.5668	0.6884
0.07999	0.567	0.6906
0.0764	0.5679	0.6898
0.0753	0.5698	0.69
0.07752	0.5705	0.6914
0.07805	0.5694	0.6906
0.07959	0.5691	0.6895
0.08085	0.5695	0.6886
0.08155	0.5692	0.691
0.08285	0.5686	0.6907
0.08098	0.5676	0.6859
0.08019	0.5639	0.6956
0.08212	0.5654	0.6923
0.08568	0.5665	0.6864
0.08437	0.5663	0.6834
0.08026	0.5656	0.6861
0.07817	0.568	0.6918
0.07966	0.5681	0.6958
0.07905	0.5681	0.6985
0.07452	0.569	0.6937
0.07198	0.5672	0.6908
0.07392	0.5665	0.6933
0.08145	0.5674	0.6892
0.08745	0.5702	0.686
0.08525	0.5725	0.6857
0.08189	0.5683	0.6891
0.0798	0.5637	0.6947
0.07913	0.5636	0.6924
0.07989	0.5639	0.6897
0.07835	0.5636	0.689
0.07898	0.5652	0.6879
0.08264	0.57	0.6882
0.08309	0.5737	0.6876
0.07998	0.5732	0.6911
0.07817	0.5716	0.6933
0.0797	0.5687	0.6909
0.08097	0.5647	0.6909
0.08098	0.5644	0.6907
0.07823	0.5669	0.6924
0.07557	0.5691	0.6931
0.07839	0.571	0.6899
0.08008	0.5697	0.6905
0.08099	0.5635	0.6922
0.08269	0.5601	0.6911
0.08209	0.5648	0.6872
0.08342	0.5665	0.6856
0.08222	0.5661	0.6906
0.07885	0.5699	0.692
0.0781	0.5691	0.6894
0.07633	0.5681	0.6895
0.07674	0.5696	0.6881
0.07859	0.5675	0.6887
0.08059	0.5686	0.6934
0.0832	0.5696	0.695
0.08383	0.5685	0.6931
0.08483	0.5693	0.6937
0.08199	0.5683	0.6925
0.07713	0.5687	0.6828
0.07621	0.5691	0.6804
0.0764	0.5658	0.6918
0.07981	0.5639	0.6958
0.08311	0.5638	0.6928
0.0827	0.5647	0.6937
0.08216	0.5662	0.6907
0.08151	0.5668	0.6883
0.07998	0.567	0.6906
0.07639	0.5679	0.6898
0.07529	0.5698	0.69
0.07752	0.5705	0.6914
0.07806	0.5694	0.6906
0.0796	0.569	0.6895
0.08085	0.5695	0.6886
0.08156	0.5692	0.691
0.08285	0.5686	0.6907
0.08098	0.5675	0.6859
0.08088	0.5664	0.6868
0.08348	0.566	0.6912
0.08384	0.5641	0.694
0.08291	0.5625	0.6945
0.08045	0.565	0.6941
0.07811	0.5686	0.6925
0.07762	0.5698	0.6887
0.07752	0.569	0.6883
0.07765	0.5685	0.6895
0.07815	0.5691	0.6891
0.07891	0.5696	0.6885
0.0791	0.5705	0.6877
0.07876	0.5691	0.6897
0.07984	0.5635	0.6912
0.08364	0.5612	0.6904
0.08466	0.5651	0.6912
0.07924	0.5677	0.6916
0.07775	0.5695	0.6923
0.08157	0.5728	0.6957
0.08129	0.5715	0.6967
0.08076	0.5683	0.6895
0.08192	0.5674	0.6835
0.08013	0.5652	0.6864
0.07902	0.564	0.6885
0.08017	0.5655	0.6882
0.07981	0.5681	0.6905
0.07744	0.5691	0.6913
0.07683	0.5667	0.6922
0.07896	0.5665	0.6952
0.07906	0.5683	0.6932
0.0788	0.5688	0.6879
0.08175	0.5691	0.6885
0.08349	0.5677	0.691
0.0839	0.5658	0.691
0.08364	0.5656	0.6892
0.08007	0.5658	0.6866
0.07827	0.5668	0.688
0.08002	0.5684	0.691
0.07963	0.57	0.6919
0.07802	0.5714	0.693
0.07766	0.5699	0.6914
0.07828	0.5669	0.6896
0.08075	0.5656	0.6909
0.08177	0.5638	0.6911
0.08074	0.565	0.6913
0.08163	0.5717	0.6906
0.08045	0.5732	0.6892
0.07789	0.5673	0.6899
0.07954	0.565	0.69
0.08093	0.5652	0.6905
0.08061	0.5631	0.6926
0.08026	0.5644	0.6933
0.07923	0.5671	0.6927
0.07969	0.5681	0.6898
0.08032	0.5706	0.6833
0.07998	0.5711	0.6805
0.07982	0.5703	0.6873
0.0805	0.5689	0.6925
0.08239	0.5667	0.6911
0.08203	0.5673	0.6963
0.0802	0.5668	0.7033
0.08085	0.5661	0.7001
0.08057	0.5672	0.6906
0.07663	0.5663	0.6854
0.07141	0.5691	0.6795
0.07895	0.5682	0.6857
0.0828	0.5658	0.6899
0.08413	0.5638	0.6916
0.08297	0.5659	0.6923
0.08115	0.5692	0.6916
0.08065	0.5701	0.6885
0.08016	0.569	0.6887
0.07968	0.5682	0.6903
0.07948	0.5687	0.6901
0.07954	0.5691	0.6897
0.07911	0.57	0.6889
0.07827	0.5686	0.6908
0.07901	0.5631	0.6921
0.0826	0.5609	0.691
0.08357	0.5649	0.6916
0.07821	0.5676	0.6918
0.07688	0.5695	0.6923
0.08091	0.5728	0.6955
0.08086	0.5716	0.6963
0.08057	0.5684	0.6891
0.08193	0.5675	0.6831
0.08033	0.5654	0.6861
0.07934	0.5641	0.6882
0.08056	0.5657	0.688
0.08023	0.5682	0.6903
0.07784	0.5692	0.6912
0.07718	0.5667	0.6921
0.07924	0.5665	0.6953
0.07925	0.5683	0.6933
0.0789	0.5687	0.688
0.08177	0.5691	0.6886
0.08344	0.5677	0.6912
0.0838	0.5657	0.6911
0.0835	0.5656	0.6893
0.07992	0.5658	0.6867
0.07812	0.5668	0.6881
0.07987	0.5684	0.6911
0.07951	0.57	0.6919
0.07793	0.5714	0.693
0.07761	0.5699	0.6913
0.07825	0.5669	0.6896
0.08075	0.5656	0.6908
0.0818	0.5638	0.691
0.08079	0.565	0.6912
0.08168	0.5717	0.6906
0.0805	0.5732	0.6891
0.07795	0.5673	0.6899
0.07959	0.565	0.69
0.08097	0.5652	0.6905
0.08064	0.5631	0.6926
0.08027	0.5644	0.6933
0.07924	0.5671	0.6928
0.07968	0.5681	0.6898
0.08031	0.5706	0.6833
0.07997	0.5711	0.6805
0.07979	0.5703	0.6873
0.08047	0.5689	0.6925
0.08237	0.5667	0.6911
0.08201	0.5673	0.6963
0.08019	0.5668	0.7033
0.08084	0.5661	0.7001
0.08057	0.5672	0.6906
0.07663	0.5663	0.6854
0.07532	0.5662	0.688
0.07849	0.5671	0.6864
0.07791	0.5696	0.6809
0.07777	0.5709	0.683
0.08421	0.5662	0.6881
0.0863	0.5645	0.6915
0.08332	0.5668	0.6928
0.08239	0.5667	0.6943
0.08098	0.5678	0.6957
0.07895	0.5688	0.6937
0.07677	0.5685	0.6933
0.07617	0.5689	0.6916
0.07935	0.5677	0.688
0.08065	0.5682	0.6882
0.07979	0.5704	0.6884
0.08042	0.5692	0.6889
0.08037	0.5665	0.6893
0.08081	0.5657	0.6896
0.08231	0.5663	0.6919
0.08169	0.5653	0.6926
0.07997	0.5643	0.6921
0.07864	0.5663	0.6917
0.07872	0.5674	0.6909
0.0794	0.5673	0.6889
0.07839	0.5683	0.6882
0.07806	0.5686	0.6906
0.07923	0.5692	0.6916
0.08071	0.5689	0.6905
0.0819	0.5681	0.6884
0.08174	0.5691	0.6885
0.08236	0.5697	0.6931
0.08205	0.5696	0.6935
0.08036	0.5677	0.6885
0.08134	0.5649	0.687
0.08079	0.5653	0.6888
0.07805	0.5664	0.6886
0.07734	0.5672	0.6889
0.07784	0.5677	0.691
0.08021	0.565	0.6926
0.08148	0.5632	0.6958
0.07949	0.5662	0.6971
0.07931	0.5716	0.6951
0.07981	0.5733	0.6899
0.07802	0.5704	0.6833
0.07814	0.5696	0.6842
0.08231	0.569	0.6859
0.08611	0.5647	0.6895
0.08553	0.5632	0.6959
0.08106	0.5649	0.6902
0.07712	0.566	0.6877
0.07701	0.5682	0.6915
0.07723	0.5694	0.6898
0.07621	0.5678	0.6928
0.0769	0.5672	0.6921
0.07861	0.5676	0.6888
0.08119	0.5675	0.6913
0.08422	0.5676	0.6911
0.08511	0.567	0.6931
0.084	0.5671	0.6941
0.08203	0.5684	0.6921
0.08089	0.5679	0.6902
0.07923	0.5676	0.6867
0.07688	0.5687	0.6872
0.07772	0.5691	0.6857
0.07901	0.5685	0.6918
0.07909	0.5677	0.6911
0.07674	0.5689	0.6856
0.07582	0.5696	0.687
0.08215	0.5646	0.6911
0.08456	0.5629	0.6934
0.08214	0.5654	0.6936
0.08184	0.5657	0.6942
0.08101	0.5672	0.6948
0.07947	0.5686	0.6923
0.07763	0.5686	0.6917
0.07721	0.5692	0.6899
0.08043	0.5683	0.6865
0.08166	0.5688	0.6869
0.08061	0.571	0.6875
0.08101	0.5698	0.6884
0.0807	0.567	0.6891
0.0809	0.566	0.6898
0.08219	0.5665	0.6923
0.0814	0.5654	0.6932
0.07955	0.5642	0.6928
0.07817	0.5661	0.6924
0.07824	0.5672	0.6915
0.07896	0.5671	0.6895
0.07802	0.5681	0.6886
0.07779	0.5684	0.6909
0.07906	0.569	0.6917
0.08063	0.5688	0.6904
0.08192	0.568	0.6882
0.08183	0.569	0.6883
0.0825	0.5697	0.6928
0.08222	0.5697	0.6932
0.08055	0.5678	0.6882
0.08152	0.565	0.6867
0.08095	0.5654	0.6887
0.07817	0.5665	0.6885
0.07742	0.5673	0.6888
0.07789	0.5677	0.691
0.08023	0.565	0.6926
0.08146	0.5632	0.6958
0.07945	0.5663	0.6972
0.07925	0.5716	0.6952
0.07974	0.5733	0.69
0.07795	0.5704	0.6834
0.07807	0.5696	0.6843
0.08225	0.569	0.6859
0.08607	0.5647	0.6895
0.08551	0.5632	0.696
0.08105	0.5648	0.6902
0.07712	0.566	0.6877
0.07702	0.5682	0.6915
0.07725	0.5694	0.6898
0.07623	0.5678	0.6928
0.07693	0.5672	0.6921
0.07864	0.5676	0.6888
0.08121	0.5676	0.6912
0.08423	0.5676	0.6911
0.08512	0.567	0.6931
0.084	0.5671	0.6941
0.08204	0.5684	0.6921
0.08089	0.5679	0.6902
0.07922	0.5676	0.6868
0.07688	0.5687	0.6872
0.07771	0.5691	0.6858
0.07852	0.5685	0.6856
0.07783	0.5681	0.6919
0.07847	0.5679	0.6926
0.07925	0.5668	0.6912
0.08101	0.566	0.692
0.08175	0.5656	0.6923
0.08049	0.5662	0.6932
0.0814	0.568	0.6921
0.08225	0.5671	0.6907
0.08191	0.566	0.6905
0.08074	0.5677	0.6895
0.07756	0.5706	0.6845
0.07745	0.572	0.6836
0.07899	0.5666	0.6942
0.07767	0.5641	0.6975
0.07855	0.5676	0.6911
0.08231	0.5667	0.6924
0.08365	0.5668	0.6928
0.08293	0.5679	0.6878
0.08419	0.5663	0.6878
0.08369	0.5677	0.6889
0.07807	0.5672	0.6886
0.07592	0.5665	0.6897
0.077	0.5689	0.6892
0.07566	0.5691	0.6888
0.07739	0.5695	0.691
0.08091	0.5697	0.6921
0.081	0.5698	0.6919
0.08035	0.5698	0.6917
0.08084	0.5663	0.6913
0.08266	0.565	0.692
0.08388	0.5663	0.6922
0.0835	0.5651	0.6901
0.08292	0.5636	0.6898
0.07961	0.5645	0.6923
0.07666	0.5679	0.6918
0.0773	0.5697	0.6901
0.07576	0.5691	0.6895
0.07548	0.5688	0.6874
0.07936	0.5675	0.6883
0.08176	0.5672	0.6903
0.08274	0.5686	0.6898
0.08137	0.5687	0.6888
0.08057	0.5687	0.6859
0.08355	0.5679	0.6874
0.08458	0.5656	0.6936
0.08244	0.5661	0.6951
0.07762	0.5707	0.6927
0.07454	0.5712	0.6892
0.0773	0.5659	0.6893
0.07939	0.5651	0.692
0.08012	0.568	0.6922
0.08055	0.5677	0.6918
0.07998	0.5671	0.6911
0.08105	0.568	0.6908
0.08129	0.568	0.6909
0.08078	0.5664	0.6907
0.0803	0.5651	0.69
0.07938	0.5663	0.6887
0.08099	0.5672	0.6893
0.08133	0.5665	0.6918
0.07941	0.5675	0.6921
0.07908	0.5688	0.6883
0.07905	0.5682	0.6866
0.08087	0.5663	0.6872
0.0801	0.5684	0.6916
0.08021	0.5696	0.6914
0.08027	0.5691	0.6898
0.08126	0.5683	0.6907
0.08134	0.5677	0.6914
0.07957	0.5677	0.6928
0.08017	0.5689	0.6921
0.08089	0.5673	0.691
0.0806	0.5657	0.6911
0.0796	0.567	0.6902
0.07669	0.5696	0.6853
0.0769	0.5708	0.6843
0.07876	0.5655	0.6947
0.07773	0.5631	0.6978
0.07885	0.5668	0.6912
0.08279	0.5661	0.6924
0.08423	0.5665	0.6927
0.08354	0.5678	0.6876
0.08477	0.5665	0.6874
0.0842	0.568	0.6885
0.07847	0.5676	0.6882
0.0762	0.567	0.6894
0.07715	0.5694	0.689
0.07568	0.5695	0.6887
0.0773	0.5698	0.6909
0.08075	0.5699	0.6921
0.08079	0.57	0.6919
0.08012	0.5698	0.6918
0.0806	0.5662	0.6915
0.08245	0.5649	0.6921
0.08371	0.5662	0.6924
0.08337	0.5649	0.6903
0.08284	0.5635	0.6899
0.07958	0.5644	0.6924
0.07667	0.5677	0.6918
0.07734	0.5695	0.6902
0.07583	0.569	0.6895
0.07556	0.5688	0.6874
0.07945	0.5675	0.6883
0.08185	0.5673	0.6903
0.08281	0.5686	0.6898
0.08143	0.5687	0.6888
0.08061	0.5688	0.6859
0.08357	0.568	0.6874
0.08459	0.5656	0.6936
0.08243	0.5662	0.6951
0.0776	0.5708	0.6927
0.07451	0.5712	0.6892
0.07727	0.5659	0.6893
0.07936	0.5651	0.692
0.08009	0.568	0.6922
0.08053	0.5677	0.6918
0.07996	0.5671	0.6911
0.08104	0.568	0.6908
0.08129	0.568	0.691
0.08078	0.5663	0.6907
0.08031	0.5651	0.69
0.07939	0.5662	0.6887
0.081	0.5672	0.6893
0.08134	0.5665	0.6918
0.07942	0.5675	0.6921
0.07909	0.5688	0.6883
0.07905	0.5682	0.6866
0.08045	0.5677	0.6894
0.08185	0.5669	0.6889
0.0808	0.5684	0.6883
0.08019	0.5707	0.69
0.07974	0.5686	0.6906
0.07949	0.5667	0.6936
0.08006	0.5675	0.6946
0.07977	0.5685	0.6926
0.07925	0.5693	0.6927
0.07901	0.5678	0.6919
0.07896	0.5662	0.6917
0.07908	0.5661	0.6915
0.07994	0.5652	0.6874
0.08159	0.5656	0.6863
0.08164	0.5686	0.6894
0.08117	0.5698	0.6893
0.08134	0.5673	0.6874
0.08039	0.5655	0.6876
0.07941	0.5671	0.6884
0.0795	0.5676	0.6888
0.08118	0.5672	0.6912
0.08192	0.5681	0.6933
0.07932	0.568	0.6924
0.07824	0.5675	0.6931
0.07851	0.5674	0.6953
0.07909	0.5672	0.6941
0.08283	0.569	0.6912
0.08199	0.5714	0.6884
0.07665	0.571	0.6862
0.07725	0.5674	0.6888
0.07913	0.5645	0.6958
0.0791	0.5651	0.6982
0.08092	0.5645	0.6919
0.08168	0.5645	0.6849
0.08196	0.5697	0.6808
0.08215	0.5711	0.6808
0.08119	0.5679	0.688
0.08142	0.5677	0.6926
0.08136	0.566	0.6914
0.08064	0.564	0.6931
0.07915	0.5672	0.6933
0.0777	0.5688	0.692
0.0786	0.5684	0.6944
0.07828	0.5692	0.6955
0.07819	0.5689	0.6939
0.07982	0.5687	0.6887
0.07957	0.5687	0.6852
0.08034	0.5672	0.6897
0.08238	0.5667	0.6902
0.083	0.5669	0.6882
0.08224	0.5666	0.6916
0.08016	0.5668	0.6907
0.07923	0.5671	0.6863
0.07963	0.5672	0.6864
0.08099	0.5675	0.6909
0.08155	0.5676	0.6931
0.07774	0.5674	0.6906
0.07536	0.5665	0.6915
0.07745	0.5669	0.6927
0.07888	0.57	0.6909
0.07954	0.5713	0.6908
0.08047	0.5683	0.6911
0.08342	0.5667	0.6937
0.08729	0.5668	0.6937
0.08413	0.5665	0.6879
0.08174	0.5651	0.6874
0.07866	0.5665	0.6868
0.07727	0.5691	0.6884
0.07685	0.5674	0.689
0.07714	0.566	0.692
0.07849	0.5673	0.6933
0.07902	0.5688	0.6915
0.07925	0.5699	0.6919
0.0796	0.5686	0.6914
0.07993	0.5671	0.6916
0.08026	0.567	0.6917
0.08114	0.566	0.6878
0.08267	0.5663	0.6869
0.08251	0.569	0.69
0.08177	0.5701	0.69
0.08164	0.5674	0.688
0.08041	0.5654	0.6881
0.0792	0.5668	0.6888
0.07911	0.5672	0.6891
0.08068	0.5668	0.6914
0.08137	0.5677	0.6932
0.07878	0.5677	0.6923
0.07776	0.5672	0.6929
0.07813	0.5672	0.695
0.07882	0.5671	0.6938
0.08268	0.5689	0.6909
0.08196	0.5714	0.6882
0.07671	0.5711	0.686
0.07738	0.5675	0.6887
0.07932	0.5646	0.6957
0.07931	0.5653	0.6982
0.08114	0.5647	0.6919
0.08188	0.5646	0.6849
0.08213	0.5698	0.6809
0.08227	0.5712	0.6809
0.08128	0.5679	0.6881
0.08146	0.5677	0.6927
0.08135	0.5659	0.6915
0.0806	0.564	0.6931
0.07909	0.5671	0.6933
0.07763	0.5688	0.692
0.07852	0.5683	0.6944
0.07821	0.5691	0.6955
0.07812	0.5688	0.6939
0.07976	0.5687	0.6887
0.07953	0.5687	0.6852
0.08032	0.5672	0.6897
0.08237	0.5667	0.6902
0.08301	0.5669	0.6882
0.08226	0.5666	0.6916
0.08019	0.5668	0.6907
0.07926	0.5671	0.6863
0.07966	0.5672	0.6864
0.08102	0.5675	0.6909
0.08157	0.5676	0.6931
0.07776	0.5674	0.6906
0.07537	0.5666	0.6916
0.07745	0.5669	0.6928
0.07888	0.57	0.6909
0.07954	0.5713	0.6908
0.08046	0.5683	0.6912
0.08341	0.5667	0.6937
0.08728	0.5668	0.6937
0.08601	0.5657	0.6875
0.08108	0.566	0.6861
0.07713	0.5672	0.6895
0.07623	0.5675	0.6913
0.07663	0.5676	0.6914
0.07627	0.5674	0.6902
0.0784	0.5675	0.6888
0.07926	0.5683	0.6888
0.07776	0.5686	0.6892
0.08075	0.5688	0.6881
0.0859	0.5692	0.6886
0.08697	0.5683	0.6921
0.08194	0.5658	0.6952
0.07866	0.5651	0.6941
0.07998	0.5656	0.6885
0.07808	0.5653	0.6883
0.07757	0.5666	0.6977
0.07876	0.5698	0.6987
0.07723	0.5715	0.6848
0.07734	0.5699	0.6782
0.07731	0.5676	0.684
0.08064	0.5671	0.688
0.08688	0.5667	0.6911
0.08571	0.5665	0.6936
0.08244	0.567	0.6959
0.0819	0.5677	0.6986
0.08053	0.568	0.6951
0.07817	0.5658	0.6914
0.07636	0.5631	0.6893
0.0778	0.5648	0.6871
0.08039	0.5718	0.6889
0.08017	0.5751	0.6895
0.07559	0.5696	0.6893
0.0732	0.566	0.6872
0.07966	0.567	0.6851
0.08331	0.5666	0.6895
0.08213	0.5672	0.6914
0.08455	0.5659	0.6914
0.08625	0.564	0.6909
0.08639	0.5662	0.6882
0.08261	0.5675	0.6895
0.0765	0.5688	0.69
0.07608	0.5704	0.6922
0.07603	0.5693	0.6952
0.0759	0.5667	0.6927
0.07673	0.5649	0.6946
0.07542	0.5681	0.6955
0.07708	0.5695	0.6911
0.0811	0.5675	0.6903
0.08511	0.5691	0.6888
0.08671	0.5679	0.6884
0.08487	0.5663	0.6862
0.08571	0.5686	0.6822
0.08435	0.568	0.686
0.07831	0.567	0.6898
0.0757	0.5667	0.6913
0.07594	0.5651	0.6924
0.07619	0.565	0.6918
0.07686	0.5669	0.6951
0.07839	0.5697	0.6948
0.07999	0.5701	0.6901
0.08104	0.5686	0.6891
0.08168	0.5685	0.691
0.08083	0.5689	0.6945
0.08251	0.5669	0.6911
0.08106	0.5659	0.6873
0.07915	0.5665	0.6893
0.07922	0.5666	0.6904
0.07979	0.5667	0.6902
0.07908	0.5667	0.6891
0.08054	0.5671	0.6879
0.08059	0.5681	0.6883
0.07829	0.5687	0.689
0.08057	0.5691	0.6883
0.08518	0.5695	0.689
0.08588	0.5687	0.6926
0.08066	0.5662	0.6957
0.07736	0.5654	0.6947
0.07879	0.5659	0.6889
0.07711	0.5655	0.6886
0.07687	0.5667	0.698
0.07836	0.5698	0.6988
0.07712	0.5714	0.6847
0.07748	0.5698	0.6781
0.07764	0.5674	0.6838
0.0811	0.5669	0.6877
0.08741	0.5665	0.6908
0.08624	0.5663	0.6934
0.08293	0.5668	0.6957
0.08231	0.5676	0.6984
0.08084	0.5679	0.695
0.07836	0.5658	0.6913
0.07644	0.5631	0.6893
0.07778	0.5648	0.6872
0.08029	0.5718	0.689
0.08001	0.5752	0.6896
0.07539	0.5696	0.6894
0.07299	0.5661	0.6873
0.07947	0.567	0.6852
0.08314	0.5667	0.6896
0.08199	0.5673	0.6915
0.08445	0.5659	0.6914
0.0862	0.564	0.6909
0.08638	0.5661	0.6882
0.08263	0.5674	0.6895
0.07655	0.5688	0.69
0.07615	0.5704	0.6922
0.07611	0.5693	0.6952
0.07597	0.5666	0.6926
0.0768	0.5649	0.6946
0.07547	0.5681	0.6955
0.07712	0.5695	0.6911
0.08112	0.5675	0.6903
0.08512	0.5691	0.6888
0.0867	0.5679	0.6884
0.08485	0.5663	0.6862
0.08569	0.5686	0.6822
0.08433	0.568	0.686
0.07829	0.5671	0.6898
0.07568	0.5667	0.6913
0.07592	0.5651	0.6924
0.07618	0.565	0.6918
0.07685	0.5669	0.6951
0.07839	0.5697	0.6948
0.07999	0.5701	0.6901
0.08104	0.5686	0.6891
0.08169	0.5685	0.691
0.08084	0.5689	0.6945
0.08061	0.5689	0.6928
0.08102	0.567	0.6895
0.0805	0.5643	0.6891
0.0807	0.5643	0.686
0.08069	0.5661	0.6858
0.08075	0.5667	0.6867
0.08085	0.5671	0.6862
0.0795	0.5685	0.6916
0.07833	0.5698	0.6941
0.07804	0.5695	0.6928
0.07975	0.5677	0.6941
0.08295	0.5665	0.6926
0.08341	0.5668	0.6908
0.08142	0.5682	0.6912
0.08013	0.5694	0.689
0.07901	0.5692	0.6883
0.07759	0.5698	0.6909
0.07747	0.5692	0.693
0.07734	0.5658	0.6926
0.07681	0.5648	0.6908
0.07931	0.5659	0.6898
0.08309	0.5664	0.6879
0.08374	0.5667	0.6875
0.08341	0.5669	0.6881
0.08398	0.5687	0.6838
0.0825	0.5696	0.6843
0.07968	0.5669	0.6942
0.07812	0.5641	0.6977
0.07691	0.5644	0.694
0.07631	0.5682	0.694
0.07702	0.571	0.6935
0.07851	0.5722	0.6902
0.08054	0.5726	0.6888
0.08145	0.5672	0.6881
0.08146	0.5629	0.6895
0.08197	0.5652	0.6923
0.08201	0.5651	0.692
0.08154	0.566	0.6917
0.0806	0.5686	0.6896
0.07966	0.5678	0.6873
0.07981	0.5701	0.6889
0.07959	0.5706	0.6866
0.07955	0.5657	0.6861
0.0806	0.5642	0.6927
0.08007	0.5649	0.6939
0.07749	0.5677	0.6917
0.07647	0.5704	0.6918
0.07961	0.5706	0.6881
0.08301	0.5705	0.6889
0.08386	0.5677	0.6936
0.08364	0.5657	0.6909
0.08031	0.567	0.6921
0.07787	0.5666	0.6945
0.07989	0.5653	0.6887
0.07903	0.5663	0.688
0.07659	0.57	0.6882
0.07755	0.5715	0.6864
0.07954	0.5688	0.6896
0.08104	0.5664	0.6918
0.08079	0.5644	0.6934
0.07991	0.5638	0.6939
0.07889	0.565	0.6931
0.08024	0.5665	0.6917
0.08667	0.5675	0.6887
0.08557	0.5719	0.6905
0.08228	0.5706	0.6883
0.07929	0.5677	0.6889
0.07807	0.5671	0.6866
0.07747	0.5681	0.687
0.07757	0.5677	0.6881
0.07813	0.5672	0.6877
0.07749	0.5679	0.6929
0.07713	0.5687	0.6952
0.07764	0.5682	0.6935
0.08005	0.5663	0.6946
0.0838	0.5652	0.6926
0.08462	0.5656	0.6906
0.08281	0.5673	0.6908
0.08153	0.5689	0.6884
0.08028	0.5689	0.6877
0.07864	0.5698	0.6903
0.07823	0.5695	0.6924
0.07778	0.5663	0.6921
0.07695	0.5654	0.6905
0.07919	0.5665	0.6896
0.08276	0.567	0.6878
0.08326	0.5672	0.6875
0.08286	0.5673	0.6883
0.08341	0.569	0.684
0.08197	0.5697	0.6846
0.07923	0.5669	0.6945
0.07778	0.564	0.6979
0.07669	0.5643	0.6942
0.0762	0.568	0.6941
0.07702	0.5708	0.6936
0.0786	0.5719	0.6902
0.0807	0.5724	0.6888
0.08164	0.567	0.6881
0.08167	0.5628	0.6895
0.08218	0.5652	0.6922
0.08219	0.5651	0.6919
0.08169	0.566	0.6916
0.0807	0.5687	0.6895
0.07972	0.5678	0.6872
0.07983	0.5702	0.6888
0.07957	0.5707	0.6866
0.0795	0.5658	0.6861
0.08053	0.5642	0.6927
0.07999	0.565	0.6939
0.07741	0.5677	0.6918
0.07639	0.5704	0.6918
0.07955	0.5706	0.6881
0.08297	0.5705	0.6889
0.08383	0.5677	0.6936
0.08363	0.5656	0.691
0.08031	0.567	0.6921
0.07788	0.5666	0.6945
0.07991	0.5653	0.6887
0.07906	0.5663	0.688
0.07662	0.57	0.6882
0.07758	0.5715	0.6863
0.07957	0.5688	0.6896
0.08106	0.5664	0.6918
0.08081	0.5644	0.6934
0.07992	0.5638	0.6939
0.07889	0.5651	0.6931
0.08024	0.5665	0.6917
0.08667	0.5675	0.6887
0.08712	0.5659	0.6891
0.08042	0.5677	0.6884
0.07907	0.5737	0.6877
0.07966	0.5751	0.6896
0.07707	0.5729	0.6882
0.07607	0.5684	0.6895
0.07626	0.5647	0.6937
0.07669	0.5654	0.6932
0.07939	0.5644	0.6879
0.08132	0.5634	0.6862
0.08141	0.5652	0.6938
0.08224	0.5652	0.698
0.08161	0.5662	0.6927
0.08071	0.5682	0.6842
0.08167	0.5681	0.6812
0.08102	0.5687	0.6896
0.0799	0.5693	0.6917
0.07983	0.5688	0.6877
0.0795	0.5691	0.6948
0.07933	0.5691	0.6998
0.07977	0.5684	0.6989
0.08192	0.5669	0.6974
0.08228	0.5661	0.69
0.07785	0.5683	0.6864
0.07537	0.5688	0.6861
0.07784	0.567	0.6837
0.081	0.5673	0.6852
0.08247	0.5681	0.6861
0.08203	0.5674	0.6858
0.08171	0.5663	0.6882
0.08204	0.5653	0.6916
0.08215	0.5652	0.6946
0.08166	0.5657	0.6942
0.07822	0.5682	0.6927
0.07584	0.5707	0.692
0.07715	0.5698	0.6908
0.07709	0.569	0.6906
0.07877	0.5677	0.6914
0.08088	0.5663	0.6912
0.07985	0.568	0.6903
0.08235	0.5685	0.6914
0.0838	0.5676	0.6925
0.08247	0.5666	0.6903
0.08377	0.5652	0.6885
0.08105	0.5669	0.6881
0.07703	0.5671	0.6895
0.07726	0.566	0.6908
0.07774	0.5678	0.6891
0.07906	0.569	0.691
0.07969	0.571	0.6942
0.07956	0.571	0.693
0.08124	0.5661	0.6902
0.08179	0.565	0.6859
0.08118	0.5689	0.6844
0.08024	0.5688	0.6867
0.07933	0.5649	0.6884
0.07991	0.5639	0.6909
0.08015	0.5655	0.6927
0.0804	0.567	0.6936
0.08169	0.5683	0.6955
0.08204	0.568	0.6966
0.08044	0.568	0.6933
0.07649	0.5703	0.689
0.07494	0.571	0.6897
0.08217	0.565	0.6857
0.07974	0.5658	0.6879
0.08101	0.5713	0.6887
0.08294	0.5727	0.6911
0.08076	0.5708	0.6895
0.07949	0.5668	0.6904
0.07902	0.5635	0.694
0.07859	0.5649	0.693
0.08038	0.5644	0.6873
0.08148	0.5638	0.6853
0.08088	0.5659	0.6927
0.08122	0.5661	0.6969
0.0803	0.5671	0.6918
0.0793	0.5691	0.6835
0.08032	0.5688	0.6808
0.07986	0.5693	0.6894
0.07901	0.5697	0.6918
0.07925	0.569	0.688
0.07924	0.5691	0.6953
0.07935	0.5689	0.7003
0.08002	0.5681	0.6995
0.08235	0.5665	0.6979
0.08282	0.5658	0.6905
0.07842	0.5679	0.6868
0.07592	0.5685	0.6863
0.07832	0.5667	0.6838
0.08138	0.5671	0.6852
0.08273	0.568	0.686
0.08217	0.5674	0.6857
0.08174	0.5663	0.688
0.08197	0.5653	0.6914
0.082	0.5653	0.6943
0.08146	0.5658	0.694
0.078	0.5684	0.6926
0.07563	0.5708	0.6919
0.07695	0.5699	0.6907
0.07692	0.5691	0.6906
0.07865	0.5678	0.6914
0.08081	0.5663	0.6912
0.07982	0.568	0.6904
0.08236	0.5684	0.6915
0.08384	0.5676	0.6926
0.08254	0.5665	0.6904
0.08385	0.5652	0.6885
0.08113	0.5669	0.6881
0.07711	0.5671	0.6895
0.07733	0.566	0.6908
0.0778	0.5678	0.6891
0.0791	0.569	0.6909
0.07971	0.571	0.6942
0.07957	0.571	0.693
0.08123	0.5661	0.6902
0.08177	0.565	0.6859
0.08116	0.5689	0.6844
0.08021	0.5688	0.6867
0.0793	0.565	0.6884
0.07988	0.5639	0.6909
0.08013	0.5655	0.6927
0.08039	0.567	0.6936
0.08168	0.5683	0.6955
0.08203	0.568	0.6966
0.08044	0.568	0.6933
0.07649	0.5703	0.689
0.07495	0.571	0.6897
0.07886	0.5698	0.6874
0.08031	0.5684	0.6859
0.08076	0.5678	0.6901
0.08607	0.5674	0.6887
0.08622	0.5638	0.6894
0.07996	0.5625	0.6922
0.0788	0.5661	0.6898
0.08099	0.565	0.6888
0.07945	0.5652	0.6886
0.07536	0.5746	0.6924
0.07394	0.5765	0.6945
0.07696	0.5675	0.6915
0.08021	0.5647	0.6944
0.08133	0.5664	0.6948
0.08124	0.5655	0.6905
0.08094	0.5672	0.6872
0.08215	0.5678	0.6853
0.08317	0.5665	0.6894
0.08258	0.5675	0.6901
0.08243	0.5665	0.6861
0.08206	0.5651	0.6869
0.0817	0.5656	0.6886
0.08106	0.5668	0.6887
0.07727	0.5709	0.6895
0.07367	0.5726	0.692
0.07417	0.5712	0.6939
0.07677	0.5689	0.6967
0.08007	0.5646	0.6991
0.08319	0.5646	0.6944
0.08441	0.5676	0.6909
0.08409	0.5678	0.691
0.08272	0.5674	0.687
0.08067	0.5686	0.6852
0.07827	0.5693	0.6871
0.0766	0.5658	0.6866
0.0786	0.5627	0.6877
0.08096	0.5637	0.6903
0.08031	0.5646	0.6917
0.08014	0.5676	0.6926
0.07989	0.5721	0.6894
0.07931	0.5735	0.6868
0.07971	0.5728	0.6916
0.07979	0.569	0.696
0.08046	0.5661	0.6952
0.08143	0.5666	0.6907
0.08277	0.5653	0.6877
0.08239	0.5646	0.6905
0.07793	0.5653	0.6902
0.07658	0.5648	0.688
0.07968	0.5679	0.6901
0.08072	0.5726	0.6914
0.08038	0.5724	0.6924
0.07971	0.5686	0.6907
0.0783	0.565	0.6874
0.07902	0.5633	0.6884
0.08108	0.5638	0.6893
0.08152	0.5668	0.6901
0.08139	0.5697	0.6906
0.08135	0.5697	0.6917
0.08066	0.5696	0.6957
0.0793	0.567	0.6957
0.07905	0.5647	0.6909
0.08149	0.5693	0.6849
0.08245	0.57	0.6835
0.07804	0.5697	0.6903
0.07857	0.5672	0.6888
0.0786	0.5665	0.6927
0.08388	0.5666	0.6908
0.08428	0.5636	0.6909
0.07844	0.5629	0.6932
0.07778	0.567	0.6903
0.08048	0.5661	0.6889
0.07941	0.5665	0.6884
0.0757	0.5758	0.692
0.07455	0.5776	0.6939
0.07773	0.5682	0.6909
0.08104	0.5652	0.6938
0.08212	0.5665	0.6943
0.08193	0.5653	0.6902
0.08148	0.5668	0.687
0.08251	0.5672	0.6852
0.08334	0.5658	0.6894
0.08259	0.5668	0.6902
0.0823	0.5659	0.6863
0.08182	0.5646	0.6871
0.0814	0.5652	0.6888
0.08073	0.5666	0.6889
0.07695	0.5708	0.6897
0.07338	0.5726	0.6921
0.07394	0.5714	0.694
0.0766	0.5691	0.6967
0.07997	0.5649	0.699
0.08316	0.5649	0.6944
0.08443	0.5678	0.6908
0.08416	0.568	0.691
0.08282	0.5676	0.6869
0.08079	0.5687	0.6851
0.07839	0.5694	0.687
0.07671	0.5658	0.6866
0.0787	0.5626	0.6876
0.08103	0.5636	0.6903
0.08036	0.5645	0.6917
0.08016	0.5675	0.6926
0.07989	0.572	0.6894
0.07929	0.5734	0.6868
0.07968	0.5727	0.6916
0.07975	0.5689	0.6961
0.08042	0.5661	0.6953
0.08139	0.5666	0.6907
0.08273	0.5653	0.6877
0.08236	0.5646	0.6905
0.07791	0.5653	0.6902
0.07656	0.5648	0.688
0.07968	0.5679	0.6901
0.08072	0.5727	0.6914
0.08039	0.5725	0.6924
0.07972	0.5687	0.6907
0.07832	0.565	0.6874
0.07904	0.5633	0.6884
0.0811	0.5638	0.6893
0.08153	0.5668	0.6901
0.0814	0.5697	0.6906
0.08135	0.5697	0.6917
0.08066	0.5696	0.6957
0.0793	0.5669	0.6957
0.07905	0.5647	0.6909
0.08149	0.5693	0.6849
0.08245	0.57	0.6835
0.08087	0.5666	0.6886
0.08045	0.568	0.6885
0.07898	0.5675	0.6885
0.0771	0.5654	0.6976
0.07758	0.5663	0.6995
0.07782	0.5684	0.6909
0.0796	0.5695	0.6888
0.08235	0.5673	0.6923
0.08146	0.5665	0.6897
0.08034	0.5666	0.6831
0.07993	0.566	0.6823
0.07888	0.5702	0.6885
0.07917	0.5725	0.6915
0.08066	0.5677	0.6913
0.08336	0.5629	0.6959
0.08412	0.5628	0.6952
0.08151	0.5679	0.6893
0.07875	0.5712	0.6893
0.07734	0.5694	0.6898
0.07797	0.5691	0.6917
0.07755	0.5691	0.6938
0.07751	0.5669	0.693
0.07999	0.5646	0.6943
0.08089	0.5638	0.6908
0.08288	0.5674	0.6867
0.08414	0.5692	0.6875
0.08106	0.5674	0.6874
0.0801	0.5694	0.6909
0.08041	0.5693	0.6919
0.07907	0.5649	0.6855
0.07871	0.5645	0.6835
0.07857	0.5677	0.6872
0.07907	0.5704	0.6927
0.08064	0.5702	0.695
0.08081	0.5687	0.6911
0.08075	0.5673	0.6897
0.08103	0.567	0.6935
0.07989	0.5678	0.6958
0.07967	0.5661	0.6953
0.08036	0.564	0.6926
0.07989	0.5649	0.689
0.07952	0.5685	0.687
0.0781	0.5704	0.6865
0.07707	0.5677	0.6889
0.07896	0.5677	0.6916
0.08023	0.5699	0.6908
0.08198	0.5693	0.6895
0.08437	0.5693	0.6864
0.08283	0.5685	0.6862
0.08109	0.5664	0.6915
0.08019	0.5656	0.6932
0.07976	0.5651	0.6945
0.08446	0.5656	0.6941
0.08435	0.5658	0.6918
0.07414	0.566	0.6931
0.07015	0.5671	0.6879
0.07473	0.5679	0.6849
0.07607	0.5702	0.6904
0.07847	0.5722	0.69
0.08503	0.5706	0.69
0.08638	0.5675	0.6897
0.08542	0.5651	0.6876
0.0867	0.5642	0.6904
0.08362	0.5651	0.6906
0.07804	0.5662	0.6914
0.07796	0.5698	0.6903
0.07698	0.5701	0.6894
0.07565	0.5679	0.6978
0.07666	0.5682	0.6991
0.07737	0.5695	0.6902
0.07953	0.5698	0.6877
0.08256	0.5669	0.6912
0.08184	0.5655	0.6886
0.0808	0.5654	0.6822
0.08041	0.5647	0.6816
0.0793	0.569	0.6881
0.07951	0.5715	0.6912
0.08089	0.567	0.6913
0.08347	0.5625	0.6961
0.08413	0.5627	0.6954
0.08143	0.5681	0.6896
0.07861	0.5716	0.6897
0.07716	0.57	0.6902
0.07777	0.5698	0.692
0.07737	0.5698	0.694
0.07735	0.5675	0.6932
0.07986	0.565	0.6944
0.08081	0.5642	0.6908
0.08284	0.5676	0.6867
0.08413	0.5692	0.6874
0.08109	0.5673	0.6873
0.08015	0.5693	0.6907
0.08049	0.569	0.6917
0.07915	0.5647	0.6854
0.07879	0.5642	0.6833
0.07864	0.5675	0.6871
0.07912	0.5702	0.6926
0.08068	0.57	0.695
0.08083	0.5686	0.6911
0.08076	0.5672	0.6897
0.08103	0.567	0.6936
0.07988	0.5678	0.6959
0.07965	0.5662	0.6953
0.08034	0.5641	0.6927
0.07987	0.565	0.689
0.07949	0.5686	0.687
0.07807	0.5705	0.6865
0.07705	0.5678	0.6889
0.07895	0.5677	0.6916
0.08023	0.5699	0.6908
0.08198	0.5693	0.6895
0.08438	0.5693	0.6864
0.08284	0.5684	0.6861
0.0811	0.5664	0.6915
0.0802	0.5655	0.6932
0.07977	0.5651	0.6945
0.08447	0.5655	0.6941
0.08436	0.5657	0.6918
0.07414	0.566	0.6931
0.07015	0.5671	0.6879
0.07473	0.5679	0.6849
0.07607	0.5702	0.6904
0.07847	0.5722	0.69
0.08503	0.5706	0.69
0.08638	0.5675	0.6897
0.08542	0.5651	0.6876
0.08669	0.5643	0.6904
0.08362	0.5651	0.6906
0.0777	0.5672	0.6918
0.07616	0.5691	0.6943
0.07896	0.5691	0.6926
0.0792	0.5686	0.6917
0.07606	0.5676	0.6888
0.07624	0.5672	0.687
0.07793	0.5701	0.6894
0.07879	0.5708	0.6909
0.08184	0.567	0.6907
0.08333	0.5668	0.6904
0.08086	0.5675	0.6935
0.08031	0.5638	0.6944
0.08199	0.5632	0.691
0.08187	0.5657	0.6907
0.082	0.5656	0.689
0.08141	0.5672	0.6871
0.07829	0.5699	0.6878
0.07664	0.5701	0.6875
0.07644	0.57	0.6886
0.07854	0.5689	0.6896
0.08295	0.5676	0.6905
0.0841	0.5682	0.6917
0.08352	0.5683	0.6924
0.08216	0.5691	0.6927
0.07852	0.5695	0.6899
0.07768	0.566	0.6893
0.07859	0.564	0.69
0.07849	0.5654	0.6893
0.07921	0.5664	0.6926
0.07753	0.5675	0.6938
0.07634	0.5678	0.6917
0.07967	0.5674	0.6922
0.08144	0.5685	0.6924
0.08188	0.5693	0.6919
0.08413	0.569	0.6907
0.08452	0.5677	0.6889
0.08234	0.5664	0.6885
0.0806	0.5664	0.6886
0.08062	0.5657	0.6884
0.08049	0.5661	0.6897
0.07833	0.5683	0.6895
0.07575	0.5696	0.684
0.07539	0.5699	0.6832
0.07672	0.569	0.6929
0.07818	0.5669	0.6962
0.08092	0.5656	0.6912
0.08329	0.5659	0.6911
0.08338	0.5666	0.6913
0.08361	0.5678	0.6909
0.08368	0.5686	0.6931
0.08188	0.568	0.6918
0.07797	0.5679	0.6916
0.07604	0.5678	0.693
0.07946	0.5679	0.6911
0.08038	0.5682	0.6918
0.07761	0.5663	0.6936
0.0777	0.5662	0.6933
0.07857	0.5689	0.6909
0.0806	0.5699	0.6829
0.08248	0.569	0.6794
0.08147	0.5675	0.685
0.08303	0.5666	0.6877
0.08363	0.5663	0.6917
0.08072	0.5658	0.6966
0.07724	0.5645	0.6924
0.07759	0.5663	0.6945
0.08122	0.567	0.6926
0.08158	0.5674	0.6916
0.0781	0.5673	0.6888
0.0777	0.5677	0.687
0.07874	0.5712	0.6894
0.07898	0.5723	0.691
0.08151	0.5686	0.6909
0.08262	0.5684	0.6906
0.07994	0.5688	0.6937
0.07932	0.5647	0.6946
0.08105	0.5638	0.6912
0.08108	0.5659	0.6908
0.08141	0.5654	0.689
0.08106	0.5668	0.687
0.07817	0.5692	0.6877
0.07672	0.5693	0.6874
0.07669	0.5692	0.6885
0.0789	0.5682	0.6895
0.08337	0.567	0.6904
0.08454	0.5677	0.6916
0.08392	0.568	0.6923
0.0825	0.569	0.6926
0.07878	0.5696	0.6899
0.07785	0.5662	0.6893
0.07866	0.5642	0.69
0.07848	0.5657	0.6893
0.07913	0.5667	0.6926
0.0774	0.5678	0.6938
0.07618	0.568	0.6917
0.0795	0.5676	0.6922
0.08127	0.5687	0.6924
0.08173	0.5693	0.6919
0.08401	0.5691	0.6908
0.08444	0.5677	0.6889
0.0823	0.5663	0.6885
0.08059	0.5663	0.6886
0.08064	0.5656	0.6884
0.08053	0.566	0.6896
0.07838	0.5682	0.6895
0.07581	0.5695	0.684
0.07545	0.5699	0.6832
0.07678	0.569	0.6929
0.07823	0.5669	0.6962
0.08096	0.5656	0.6912
0.08332	0.5659	0.6911
0.08339	0.5667	0.6913
0.08361	0.5679	0.6909
0.08367	0.5687	0.6931
0.08186	0.568	0.6918
0.07795	0.5679	0.6916
0.07602	0.5679	0.693
0.07944	0.5679	0.6911
0.08037	0.5682	0.6918
0.0776	0.5663	0.6936
0.07769	0.5662	0.6933
0.07856	0.5689	0.6909
0.0806	0.5699	0.6829
0.08248	0.569	0.6794
0.08147	0.5675	0.685
0.08304	0.5666	0.6877
0.08364	0.5663	0.6917
0.08073	0.5658	0.6966
0.08016	0.5655	0.6941
0.07866	0.5654	0.6934
0.07675	0.5665	0.692
0.0773	0.5688	0.6882
0.0768	0.5701	0.6912
0.07892	0.5685	0.6921
0.08319	0.5661	0.6907
0.08279	0.5661	0.691
0.08031	0.5661	0.6887
0.07989	0.5675	0.6878
0.08115	0.5719	0.6854
0.08151	0.5726	0.6849
0.08043	0.5689	0.6933
0.08091	0.5665	0.6992
0.0812	0.5657	0.6974
0.08019	0.5671	0.6908
0.07891	0.5684	0.6869
0.07578	0.5675	0.6903
0.07556	0.5673	0.69
0.08029	0.5658	0.6872
0.08264	0.5643	0.6885
0.08184	0.5662	0.69
0.08097	0.5676	0.694
0.07952	0.5695	0.6946
0.07944	0.5707	0.6877
0.08122	0.5675	0.6864
0.08177	0.5652	0.6909
0.0821	0.5644	0.691
0.08217	0.5647	0.6888
0.07965	0.5672	0.6886
0.07789	0.5688	0.6887
0.07748	0.5703	0.6885
0.0764	0.5718	0.6894
0.07796	0.5709	0.6901
0.08092	0.5685	0.6914
0.08266	0.5676	0.6961
0.08387	0.5673	0.6989
0.08207	0.5659	0.6954
0.08027	0.5658	0.6887
0.08037	0.5664	0.6852
0.07849	0.5658	0.6896
0.07795	0.5663	0.6914
0.07874	0.5677	0.6877
0.07991	0.567	0.6896
0.08334	0.5661	0.69
0.0834	0.5668	0.6877
0.07929	0.568	0.6894
0.07391	0.5683	0.6887
0.07287	0.5684	0.6887
0.07964	0.5693	0.6908
0.08345	0.5696	0.6915
0.08453	0.5686	0.6932
0.08636	0.568	0.6946
0.08265	0.5678	0.6938
0.08086	0.568	0.6878
0.08171	0.5679	0.6852
0.0772	0.5649	0.6927
0.07548	0.5647	0.6929
0.07757	0.569	0.6856
0.07735	0.5698	0.6857
0.07821	0.5666	0.6908
0.07917	0.5667	0.6941
0.07994	0.5695	0.6948
0.08219	0.5693	0.6945
0.08774	0.5635	0.6902
0.0829	0.564	0.6908
0.07872	0.5656	0.6902
0.0778	0.5683	0.6868
0.07644	0.5699	0.69
0.07813	0.5684	0.6911
0.08225	0.5662	0.6899
0.0819	0.5663	0.6904
0.07958	0.5663	0.6883
0.07935	0.5677	0.6876
0.08082	0.5721	0.6855
0.08137	0.5727	0.6851
0.08045	0.569	0.6937
0.08104	0.5666	0.6997
0.08139	0.5657	0.6979
0.0804	0.5671	0.6913
0.07912	0.5684	0.6874
0.07596	0.5675	0.6907
0.07569	0.5673	0.6903
0.08037	0.5657	0.6875
0.08267	0.5642	0.6886
0.08182	0.5661	0.69
0.08092	0.5675	0.6939
0.07944	0.5695	0.6944
0.07935	0.5707	0.6875
0.08113	0.5675	0.6862
0.08168	0.5652	0.6907
0.08204	0.5644	0.6909
0.08212	0.5647	0.6887
0.07962	0.5672	0.6885
0.07789	0.5688	0.6887
0.07749	0.5703	0.6885
0.07643	0.5719	0.6894
0.07799	0.5709	0.6902
0.08096	0.5685	0.6915
0.0827	0.5676	0.6962
0.0839	0.5673	0.699
0.08211	0.5659	0.6954
0.08029	0.5658	0.6887
0.08038	0.5664	0.6852
0.07849	0.5658	0.6896
0.07795	0.5663	0.6914
0.07873	0.5677	0.6877
0.0799	0.567	0.6896
0.08333	0.5661	0.69
0.08338	0.5668	0.6877
0.07928	0.5679	0.6893
0.0739	0.5683	0.6887
0.07286	0.5684	0.6887
0.07963	0.5693	0.6908
0.08344	0.5696	0.6915
0.08452	0.5686	0.6932
0.08636	0.568	0.6946
0.08265	0.5678	0.6938
0.08086	0.568	0.6878
0.08171	0.5679	0.6852
0.0772	0.5649	0.6927
0.07549	0.5647	0.6929
0.07757	0.569	0.6856
0.07735	0.5698	0.6857
0.07821	0.5666	0.6908
0.07917	0.5667	0.6941
0.07994	0.5695	0.6948
0.08219	0.5693	0.6945
0.08339	0.5656	0.6922
0.08397	0.5637	0.6892
0.08184	0.5655	0.6884
0.07964	0.5657	0.6861
0.08103	0.5646	0.6864
0.07998	0.5667	0.6907
0.07888	0.5684	0.6912
0.07938	0.5705	0.692
0.07824	0.5734	0.6934
0.07735	0.5728	0.6932
0.07602	0.5712	0.694
0.07791	0.5676	0.6905
0.08213	0.564	0.6852
0.08298	0.565	0.6865
0.08355	0.5648	0.6892
0.08292	0.5657	0.6898
0.08008	0.5682	0.6902
0.07735	0.5682	0.6909
0.07823	0.5674	0.6909
0.08525	0.5669	0.6865
0.0861	0.5686	0.6854
0.07699	0.5689	0.6927
0.07405	0.5664	0.6967
0.07756	0.5666	0.6954
0.07749	0.5673	0.6939
0.07839	0.5672	0.6912
0.08146	0.5673	0.6902
0.08372	0.5668	0.6912
0.08655	0.5666	0.6915
0.08318	0.5663	0.6902
0.07727	0.5667	0.6874
0.07764	0.5688	0.6862
0.07731	0.5718	0.6867
0.07687	0.5721	0.6883
0.07826	0.5683	0.6945
0.07826	0.5669	0.6962
0.07993	0.5675	0.6874
0.08243	0.5672	0.683
0.08364	0.5672	0.6862
0.08311	0.5648	0.6893
0.08284	0.5633	0.6944
0.08273	0.5651	0.6958
0.0796	0.5658	0.6925
0.07884	0.5686	0.693
0.0797	0.5712	0.6925
0.07755	0.569	0.6909
0.07614	0.569	0.6906
0.07669	0.5703	0.6893
0.07957	0.5684	0.6896
0.08195	0.5671	0.6889
0.08214	0.5656	0.688
0.08262	0.5653	0.6896
0.07974	0.5668	0.6896
0.07785	0.5674	0.6903
0.08145	0.5683	0.6907
0.08206	0.568	0.6896
0.08086	0.5675	0.6888
0.0808	0.568	0.6883
0.07814	0.5683	0.6916
0.07763	0.5688	0.694
0.0792	0.5675	0.6936
0.07764	0.5666	0.6945
0.07815	0.567	0.6911
0.08278	0.5664	0.6879
0.1248	0.5456	0.6753
0.07149	0.5868	0.6892
0.05738	0.5349	0.6831
0.07985	0.5556	0.6994
0.07616	0.6274	0.7152
0.05868	0.6233	0.7184
0.05786	0.5839	0.6982
0.08205	0.5459	0.6657
0.113	0.5415	0.6611
0.1104	0.5528	0.6606
0.06918	0.5394	0.6815
0.04558	0.5315	0.696
0.07631	0.5303	0.6748
0.0807	0.573	0.7065
0.06062	0.6175	0.7391
0.06827	0.5987	0.7238
0.07096	0.5744	0.7136
0.1097	0.5548	0.6724
0.1349	0.563	0.6494
0.09739	0.5682	0.6862
0.09876	0.5396	0.696
0.1002	0.5565	0.6865
0.07985	0.5863	0.6871
0.07275	0.6023	0.6842
0.04093	0.6004	0.6964
0.03567	0.5632	0.7048
0.0665	0.5451	0.6848
0.08346	0.5448	0.6705
0.09595	0.5687	0.6732
0.09435	0.5991	0.6739
0.07415	0.5906	0.6816
0.06144	0.5754	0.6919
0.07031	0.555	0.6928
0.07701	0.5398	0.697
0.08066	0.5394	0.7009
0.09136	0.5448	0.7039
0.08621	0.5652	0.7137
0.09581	0.5734	0.7139
0.1072	0.5754	0.7032
0.0816	0.5727	0.6987
0.0655	0.5608	0.6988
0.0602	0.5673	0.6928
0.06691	0.5694	0.6794
0.09197	0.564	0.6682
0.09266	0.568	0.6671
0.08	0.5771	0.6711
0.06891	0.5895	0.6787
0.06821	0.5828	0.6885
0.08561	0.5668	0.69
0.08966	0.5627	0.6918
0.08098	0.5684	0.6969
0.0744	0.577	0.6972
0.07532	0.5715	0.6954
0.08648	0.5674	0.683
0.09092	0.5659	0.6806
0.08542	0.5595	0.6973
0.08005	0.5712	0.6994
0.07371	0.572	0.6954
0.07029	0.5482	0.6906
0.08157	0.5392	0.6804
0.08548	0.5475	0.6941
0.07072	0.5599	0.7188
0.07286	0.5705	0.717
0.08801	0.5769	0.6947
0.09385	0.5802	0.6838
0.09186	0.5771	0.6846
0.07895	0.5709	0.6767
0.06409	0.5684	0.6738
0.06368	0.5693	0.6763
0.07769	0.5711	0.6782
0.08423	0.5733	0.692
0.08199	0.5711	0.699
0.09	0.569	0.6932
0.09036	0.5728	0.6856
0.07775	0.5751	0.6836
0.07252	0.5739	0.6997
0.07432	0.568	0.7021
0.08177	0.5628	0.6802
0.08679	0.5625	0.6784
0.08148	0.5605	0.6934
0.07801	0.561	0.6968
0.07856	0.5604	0.6957
0.0775	0.5607	0.6987
0.07844	0.5683	0.6962
0.07957	0.5692	0.6921
0.07834	0.5635	0.692
0.07907	0.5629	0.6891
0.08177	0.5673	0.6914
0.08431	0.5704	0.6943
0.08463	0.5707	0.6895
0.08357	0.5719	0.6877
0.08436	0.5699	0.6866
0.08226	0.5686	0.6875
0.07623	0.5706	0.6891
0.07297	0.5712	0.6829
0.07448	0.5717	0.681
0.07794	0.5687	0.6846
0.08083	0.5668	0.6887
0.08142	0.5684	0.6962
0.07767	0.567	0.698
0.07649	0.5652	0.6945
0.08159	0.5623	0.6923
0.0832	0.5614	0.6924
0.08271	0.5659	0.698
0.08562	0.5679	0.6998
0.08558	0.5687	0.6891
0.08057	0.5697	0.6814
0.07635	0.5686	0.6837
0.07584	0.5683	0.6878
0.07711	0.5681	0.6914
0.07878	0.5674	0.6915
0.0801	0.5682	0.6908
0.07991	0.5698	0.6906
0.07967	0.5683	0.6879
0.08101	0.5662	0.6894
0.08276	0.5666	0.6899
0.08385	0.5656	0.6877
0.08487	0.5651	0.6905
0.08292	0.567	0.6921
0.07672	0.5682	0.6942
0.07395	0.5699	0.6959
0.0749	0.5694	0.6952
0.07396	0.5667	0.6941
0.07512	0.567	0.6855
0.07856	0.5684	0.6811
0.08274	0.5696	0.6854
0.08876	0.5701	0.6865
0.08899	0.568	0.6913
0.08276	0.5722	0.6939
0.08954	0.5671	0.6987
0.08118	0.5601	0.6921
0.068	0.5579	0.6884
0.06745	0.5602	0.6887
0.08033	0.564	0.6875
0.08534	0.5685	0.6979
0.08159	0.5688	0.7015
0.08836	0.569	0.6928
0.08789	0.5748	0.6827
0.07489	0.5785	0.679
0.06967	0.5782	0.6942
0.07183	0.5728	0.6963
0.07986	0.5675	0.6748
0.08558	0.5667	0.6738
0.081	0.5639	0.6899
0.07821	0.5634	0.6945
0.07932	0.5618	0.6946
0.07866	0.5612	0.6987
0.07984	0.568	0.6971
0.08103	0.5681	0.6937
0.07973	0.562	0.694
0.08027	0.5611	0.6913
0.0827	0.5655	0.6935
0.08493	0.5687	0.6962
0.08493	0.5692	0.691
0.08358	0.5708	0.6888
0.08413	0.5692	0.6872
0.08184	0.5682	0.6877
0.07569	0.5706	0.6889
0.07238	0.5715	0.6824
0.0739	0.5722	0.6804
0.07742	0.5693	0.6838
0.0804	0.5674	0.6879
0.08111	0.5691	0.6954
0.07749	0.5676	0.6973
0.07642	0.5657	0.694
0.08163	0.5626	0.692
0.08331	0.5616	0.6922
0.08289	0.566	0.698
0.08583	0.5679	0.6999
0.0858	0.5686	0.6893
0.08077	0.5695	0.6816
0.07652	0.5684	0.684
0.07598	0.5681	0.6881
0.0772	0.5679	0.6917
0.07883	0.5673	0.6917
0.08011	0.5681	0.6909
0.07988	0.5697	0.6907
0.07962	0.5683	0.6879
0.08094	0.5662	0.6894
0.08269	0.5667	0.6898
0.08377	0.5657	0.6876
0.08481	0.5652	0.6904
0.08286	0.5671	0.692
0.07667	0.5683	0.6941
0.07393	0.57	0.6959
0.07489	0.5695	0.6952
0.07396	0.5667	0.694
0.07514	0.567	0.6854
0.07858	0.5684	0.6811
0.08277	0.5696	0.6854
0.08879	0.5701	0.6866
0.08902	0.568	0.6913
0.08558	0.5651	0.6963
0.08462	0.5646	0.6957
0.08062	0.5652	0.6941
0.0764	0.5628	0.6897
0.07416	0.5635	0.6885
0.07268	0.5713	0.6921
0.07583	0.5751	0.6919
0.0788	0.5714	0.6891
0.0805	0.5668	0.6885
0.08445	0.5646	0.6892
0.08575	0.5652	0.6883
0.08293	0.5661	0.687
0.07972	0.5687	0.6867
0.07754	0.5712	0.6882
0.07669	0.5686	0.6931
0.07824	0.5673	0.6955
0.07984	0.5679	0.6931
0.07918	0.5671	0.6932
0.07773	0.5687	0.6939
0.07807	0.5679	0.6917
0.08373	0.5646	0.6878
0.08746	0.5647	0.6839
0.0836	0.5656	0.6863
0.08077	0.5699	0.6937
0.07856	0.5727	0.6963
0.07739	0.5682	0.694
0.08123	0.565	0.691
0.08148	0.5642	0.6871
0.07817	0.5637	0.6864
0.07818	0.5649	0.6891
0.07982	0.5666	0.6896
0.07975	0.5706	0.6903
0.07766	0.5726	0.6899
0.07682	0.5689	0.6872
0.07706	0.5669	0.6893
0.07838	0.5678	0.6916
0.08294	0.5683	0.6911
0.08547	0.5694	0.691
0.08381	0.5696	0.6904
0.08199	0.5689	0.6931
0.08072	0.5682	0.6945
0.08082	0.5675	0.692
0.08091	0.567	0.6923
0.07897	0.5629	0.6906
0.07897	0.5603	0.689
0.07979	0.5664	0.6908
0.07809	0.5718	0.6896
0.077	0.5725	0.6878
0.07769	0.5695	0.6881
0.08035	0.5658	0.6907
0.08193	0.5671	0.6936
0.07991	0.5666	0.6914
0.07998	0.5625	0.6879
0.08177	0.5631	0.6881
0.08233	0.5671	0.6894
0.08192	0.5685	0.6908
0.07808	0.5682	0.6907
0.07508	0.5702	0.6894
0.07723	0.5706	0.6913
0.08055	0.5695	0.6937
0.08137	0.5713	0.6931
0.08022	0.5712	0.6902
0.08306	0.5695	0.6875
0.08749	0.5679	0.692
0.08479	0.5722	0.6751
0.0839	0.5661	0.6866
0.07995	0.5631	0.6931
0.07583	0.5588	0.6936
0.0737	0.5589	0.6948
0.07238	0.567	0.699
0.0757	0.5716	0.698
0.07885	0.5691	0.6938
0.0807	0.5658	0.6914
0.08477	0.5647	0.6902
0.08616	0.5662	0.6878
0.08338	0.5678	0.6852
0.08018	0.5708	0.6841
0.07796	0.5733	0.6851
0.07704	0.5706	0.6901
0.07851	0.569	0.6927
0.08001	0.5692	0.6909
0.07925	0.5679	0.6916
0.07772	0.5691	0.6931
0.07799	0.5678	0.6916
0.0836	0.5642	0.6881
0.0873	0.564	0.6847
0.08342	0.5648	0.6874
0.0806	0.569	0.695
0.07841	0.5718	0.6976
0.07726	0.5674	0.6952
0.08114	0.5644	0.692
0.08142	0.5638	0.6878
0.07814	0.5635	0.6868
0.07819	0.5649	0.6893
0.07985	0.5667	0.6896
0.0798	0.5708	0.6901
0.07772	0.5729	0.6896
0.07689	0.5692	0.6867
0.07712	0.5672	0.6888
0.07844	0.5681	0.6911
0.08298	0.5686	0.6907
0.08549	0.5695	0.6907
0.08382	0.5697	0.6901
0.08199	0.5689	0.693
0.08071	0.5681	0.6945
0.08081	0.5674	0.692
0.08088	0.5669	0.6925
0.07895	0.5628	0.6907
0.07895	0.5602	0.6891
0.07977	0.5662	0.691
0.07808	0.5717	0.6897
0.07698	0.5724	0.688
0.07768	0.5694	0.6883
0.08035	0.5658	0.6907
0.08193	0.5671	0.6937
0.07991	0.5666	0.6914
0.07998	0.5626	0.6878
0.08178	0.5631	0.6881
0.08233	0.5671	0.6894
0.08193	0.5686	0.6907
0.07809	0.5682	0.6906
0.07509	0.5702	0.6893
0.07723	0.5707	0.6913
0.08056	0.5695	0.6936
0.08137	0.5713	0.693
0.08022	0.5712	0.6902
0.08306	0.5695	0.6875
0.08749	0.5679	0.6921
0.08781	0.5658	0.6955
0.08714	0.5671	0.6865
0.07991	0.5668	0.6807
0.06914	0.5656	0.685
0.0662	0.571	0.6885
0.06591	0.5768	0.6918
0.07101	0.5734	0.6946
0.08088	0.5617	0.6909
0.08835	0.5529	0.6874
0.09584	0.5525	0.6869
0.09387	0.5575	0.69
0.08829	0.5679	0.7042
0.08492	0.5713	0.7124
0.06708	0.5571	0.7047
0.05282	0.5528	0.693
0.06546	0.5681	0.6731
0.09261	0.5762	0.6693
0.1095	0.5908	0.6997
0.1019	0.6024	0.7002
0.08365	0.5707	0.6509
0.07253	0.5385	0.6364
0.07247	0.5104	0.6765
0.06738	0.4598	0.6925
0.05261	0.4789	0.6873
0.05692	0.5894	0.7371
0.06596	0.701	0.807
0.06135	0.7773	0.7965
0.08704	0.7884	0.7174
0.1452	0.733	0.6763
0.1719	0.6353	0.6774
0.1468	0.4991	0.6354
0.1101	0.42	0.6107
0.06977	0.4144	0.637
0.01002	0.3694	0.6052
-0.02066	0.3436	0.5936
-0.001619	0.3772	0.6716
0.001801	0.4061	0.6893
0.01886	0.514	0.6504
0.09542	0.6642	0.6658
0.1307	0.7072	0.7321
0.1162	0.702	0.8051
0.1111	0.722	0.8187
0.1038	0.7616	0.7836
0.1486	0.7542	0.7598
0.2014	0.6579	0.7261
0.1589	0.5996	0.6954
0.08276	0.5676	0.7023
0.03761	0.5079	0.6987
0.03006	0.5117	0.6558
0.03033	0.5018	0.6179
0.02965	0.451	0.6047
0.04782	0.457	0.605
0.04329	0.476	0.6287
0.04771	0.4954	0.6584
0.07945	0.5353	0.6783
0.08103	0.5651	0.7022
0.07533	0.579	0.7248
0.07415	0.5947	0.7387
0.0882	0.6129	0.7324
0.1183	0.6092	0.7149
0.1241	0.604	0.7059
0.1193	0.6055	0.6963
0.09968	0.6065	0.6929
0.08073	0.615	0.6897
0.2496	0.6509	0.5462
0.0791	0.5628	0.6871
-0.009157	0.5204	0.7505
-0.04215	0.5077	0.7719
-0.03178	0.5195	0.7617
-0.0006193	0.5406	0.7364
0.04164	0.5552	0.7069
0.08615	0.56	0.6744
0.1209	0.5641	0.6494
0.1461	0.5719	0.6364
0.1519	0.5804	0.6359
0.1454	0.5904	0.654
0.1342	0.5903	0.6718
0.104	0.5707	0.677
0.07506	0.5601	0.6795
0.07275	0.5691	0.6733
0.08639	0.5717	0.6812
0.09242	0.582	0.7206
0.07722	0.5909	0.7266
0.0549	0.558	0.6795
0.04309	0.526	0.6643
0.04521	0.4994	0.7011
0.04449	0.451	0.7121
0.03553	0.4729	0.7008
0.0463	0.5862	0.7443
0.06174	0.7006	0.8081
0.06291	0.7793	0.7925
0.09331	0.7922	0.7094
0.1549	0.738	0.6657
0.1836	0.6409	0.6655
0.1591	0.5047	0.6235
0.1219	0.4252	0.5998
0.08008	0.4187	0.6279
0.01821	0.3726	0.5984
-0.01495	0.3457	0.5892
0.001545	0.3781	0.6697
0.002579	0.406	0.6896
0.0176	0.513	0.6524
0.09259	0.6626	0.6691
0.1268	0.7053	0.7362
0.1118	0.7	0.8095
0.1066	0.7201	0.8229
0.09974	0.7598	0.7873
0.1452	0.7528	0.7627
0.1988	0.6569	0.7281
0.1572	0.599	0.6966
0.08205	0.5675	0.7026
0.03772	0.5081	0.6983
0.03083	0.5122	0.6548
0.03158	0.5025	0.6165
0.03119	0.4518	0.6031
0.04945	0.4577	0.6034
0.04486	0.4767	0.6272
0.04908	0.496	0.6572
0.08054	0.5357	0.6774
0.08179	0.5654	0.7016
0.07575	0.5791	0.7245
0.07425	0.5947	0.7387
0.08803	0.6128	0.7327
0.1179	0.609	0.7153
0.1235	0.6037	0.7064
0.1187	0.6053	0.6969
0.09909	0.6063	0.6935
0.08019	0.6147	0.6902
0.08576	0.5928	0.6767
0.08004	0.5583	0.674
0.07233	0.5505	0.6842
0.06642	0.5516	0.6965
0.05977	0.5577	0.6951
0.06921	0.5556	0.6869
0.06745	0.5455	0.69
0.05677	0.5447	0.692
0.06118	0.5482	0.6962
0.07809	0.556	0.6966
0.09717	0.568	0.6845
0.09876	0.5792	0.6818
0.09037	0.5828	0.6839
0.08587	0.5781	0.685
0.08078	0.5704	0.6913
0.07986	0.5632	0.6921
0.08517	0.5679	0.6872
0.0922	0.5766	0.6868
0.08708	0.5761	0.6937
0.06821	0.5749	0.6995
0.06348	0.5735	0.6996
0.0766	0.5679	0.6925
0.08442	0.5637	0.68
0.08472	0.5667	0.6801
0.08369	0.5708	0.6894
0.07467	0.5649	0.6914
0.06829	0.5558	0.6907
0.07269	0.5472	0.6914
0.0739	0.5417	0.6944
0.07831	0.5495	0.6969
0.08532	0.5627	0.695
0.08606	0.5734	0.6918
0.08804	0.582	0.6895
0.08698	0.584	0.6912
0.08539	0.58	0.6896
0.08622	0.573	0.6908
0.08362	0.5701	0.7037
0.08103	0.5738	0.6981
0.07767	0.5789	0.6813
0.0761	0.5884	0.6863
0.07818	0.5852	0.69
0.0801	0.5529	0.688
0.07915	0.5297	0.6945
0.07337	0.5384	0.6949
0.07393	0.5491	0.6896
0.08441	0.554	0.6839
0.08614	0.5639	0.6815
0.07447	0.5791	0.6852
0.071	0.598	0.6785
0.07708	0.603	0.6755
0.07661	0.5936	0.6915
0.08071	0.5881	0.6918
0.08875	0.5816	0.6742
0.086	0.5698	0.6779
0.08009	0.552	0.6935
0.07318	0.5307	0.6986
0.07175	0.5265	0.7049
0.08322	0.544	0.7047
0.09333	0.5638	0.6969
0.09325	0.5763	0.7049
0.08616	0.5823	0.7137
0.0812	0.5748	0.7102
0.08005	0.5646	0.7044
0.07888	0.5694	0.6924
0.04626	0.5565	0.725
0.0762	0.5616	0.6682
0.08803	0.5738	0.6522
0.09038	0.5822	0.657
0.08454	0.5876	0.6597
0.09032	0.5806	0.6618
0.08266	0.5637	0.6773
0.06545	0.5559	0.6911
0.06378	0.5531	0.7051
0.07573	0.556	0.7122
0.09129	0.5646	0.7036
0.09084	0.5739	0.7015
0.0818	0.5768	0.7018
0.07779	0.5725	0.6993
0.074	0.5657	0.701
0.07491	0.5599	0.697
0.08225	0.566	0.6875
0.09128	0.5761	0.6832
0.08789	0.5768	0.6871
0.0704	0.5765	0.6911
0.06658	0.5755	0.6905
0.08016	0.5702	0.6836
0.08803	0.5658	0.6722
0.08801	0.5686	0.6738
0.0864	0.5721	0.6851
0.07664	0.5657	0.6891
0.06946	0.556	0.6903
0.07307	0.5469	0.6926
0.07359	0.541	0.6969
0.07745	0.5485	0.7002
0.08407	0.5616	0.6987
0.0846	0.5722	0.6955
0.08652	0.5809	0.6929
0.08556	0.583	0.694
0.08417	0.5792	0.6917
0.08527	0.5725	0.6922
0.08299	0.5698	0.7043
0.08071	0.5738	0.698
0.07764	0.5791	0.6807
0.07631	0.5887	0.6852
0.07857	0.5856	0.6888
0.0806	0.5533	0.6866
0.0797	0.5301	0.6932
0.07392	0.5388	0.6937
0.07442	0.5495	0.6887
0.08481	0.5542	0.6832
0.08643	0.564	0.6812
0.07465	0.5792	0.6851
0.07106	0.5979	0.6786
0.07705	0.6029	0.6758
0.0765	0.5935	0.6919
0.08055	0.5879	0.6923
0.08856	0.5815	0.6747
0.0858	0.5696	0.6784
0.0799	0.5519	0.6939
0.07301	0.5306	0.6988
0.07163	0.5264	0.7051
0.08313	0.544	0.7048
0.09328	0.5638	0.6969
0.09325	0.5763	0.7049
0.08619	0.5823	0.7135
0.08125	0.5748	0.71
0.08011	0.5646	0.7042
0.07895	0.5694	0.6922
0.07884	0.5751	0.6785
0.07339	0.5732	0.6728
0.06687	0.5635	0.6744
0.0671	0.5513	0.6789
0.06976	0.5587	0.6866
0.07634	0.5742	0.6922
0.08305	0.5799	0.6867
0.08791	0.5761	0.682
0.095	0.5651	0.6811
0.09299	0.5651	0.68
0.08139	0.5707	0.684
0.07769	0.572	0.6865
0.08073	0.576	0.6947
0.079	0.5746	0.7039
0.07564	0.5719	0.7011
0.07694	0.5686	0.6995
0.08116	0.5604	0.6945
0.08288	0.5592	0.6906
0.07918	0.5645	0.6937
0.07633	0.57	0.6883
0.07806	0.5684	0.6873
0.0778	0.5605	0.6939
0.07596	0.5576	0.6953
0.07856	0.5585	0.6952
0.08669	0.5593	0.6921
0.09341	0.5641	0.6886
0.08929	0.5736	0.6853
0.07935	0.5787	0.6831
0.07081	0.5797	0.686
0.06626	0.5798	0.6854
0.06898	0.5752	0.6829
0.07648	0.5702	0.6841
0.08877	0.5623	0.6874
0.09284	0.5576	0.692
0.0806	0.5661	0.6967
0.07647	0.5721	0.7009
0.08178	0.5714	0.6974
0.08359	0.5645	0.6924
0.0856	0.5512	0.6923
0.08024	0.5492	0.6893
0.07379	0.5559	0.6913
0.07726	0.5637	0.6955
0.07941	0.5758	0.6932
0.0799	0.5801	0.6914
0.0793	0.5797	0.6896
0.07595	0.5809	0.6908
0.07842	0.5745	0.6911
0.08272	0.5712	0.6811
0.08414	0.5702	0.677
0.0839	0.5634	0.6841
0.0812	0.5662	0.6857
0.07858	0.5739	0.6856
0.07695	0.5738	0.6901
0.08142	0.5674	0.6914
0.08802	0.5522	0.6916
0.08523	0.5458	0.6936
0.07765	0.5603	0.7
0.07139	0.5735	0.7078
0.07197	0.5743	0.7031
0.07924	0.565	0.6917
0.08372	0.5532	0.6849
0.08349	0.5551	0.6819
0.07899	0.5662	0.6853
0.07643	0.5798	0.6964
0.05538	0.5566	0.7326
0.08186	0.5861	0.6827
0.08966	0.5885	0.6634
0.09259	0.5761	0.662
0.091	0.5765	0.6725
0.08991	0.5822	0.6851
0.08806	0.5781	0.6874
0.08515	0.5663	0.6896
0.08625	0.5498	0.6935
0.08044	0.5472	0.6947
0.06727	0.5529	0.6987
0.06398	0.5563	0.6992
0.06895	0.564	0.7042
0.07018	0.567	0.7093
0.07028	0.569	0.7024
0.07508	0.57	0.697
0.08247	0.5654	0.689
0.08674	0.5667	0.683
0.08483	0.5735	0.685
0.08296	0.5794	0.6794
0.08489	0.5772	0.6792
0.08416	0.5681	0.6871
0.08133	0.5635	0.6902
0.08262	0.5624	0.6921
0.08927	0.5611	0.6909
0.09451	0.5641	0.6891
0.08907	0.572	0.6872
0.07802	0.576	0.6861
0.06868	0.5762	0.6896
0.06365	0.576	0.6891
0.06619	0.5714	0.6865
0.07379	0.5668	0.6872
0.0864	0.5596	0.6899
0.09094	0.5556	0.6937
0.07926	0.5649	0.6976
0.07571	0.5717	0.7011
0.08157	0.5716	0.6971
0.08385	0.5653	0.6916
0.08622	0.5523	0.6911
0.08111	0.5505	0.688
0.07478	0.5573	0.69
0.07826	0.565	0.6943
0.08034	0.5769	0.6922
0.08068	0.5809	0.6906
0.07989	0.5803	0.6892
0.07633	0.5812	0.6906
0.0786	0.5745	0.6912
0.08271	0.571	0.6814
0.08397	0.5699	0.6774
0.08363	0.563	0.6846
0.08086	0.5657	0.6862
0.07821	0.5734	0.6861
0.07659	0.5734	0.6905
0.08111	0.567	0.6917
0.08777	0.5519	0.6918
0.08505	0.5456	0.6938
0.07755	0.5602	0.7
0.07136	0.5735	0.7077
0.07201	0.5744	0.703
0.07933	0.5652	0.6916
0.08383	0.5534	0.6848
0.08363	0.5553	0.6817
0.07912	0.5664	0.6852
0.07655	0.5799	0.6963
0.07701	0.5941	0.7046
0.07269	0.5878	0.6967
0.07693	0.5609	0.6805
0.09527	0.546	0.6641
0.09491	0.5639	0.6614
0.06645	0.5965	0.6883
0.06382	0.5937	0.7042
0.1018	0.5384	0.7057
0.1021	0.4991	0.727
0.04835	0.53	0.7233
0.03467	0.5759	0.6808
0.09016	0.595	0.6438
0.1407	0.5917	0.6383
0.1367	0.5913	0.6673
0.09901	0.6302	0.6771
0.07073	0.6397	0.6688
0.05775	0.606	0.7012
0.04142	0.5839	0.7433
0.03921	0.5265	0.7509
0.05233	0.4792	0.7341
0.06139	0.4945	0.7157
0.09677	0.5125	0.691
0.1191	0.5233	0.6711
0.05873	0.5248	0.6985
0.004179	0.5496	0.704
0.04225	0.6181	0.6531
0.1297	0.635	0.6343
0.1654	0.5789	0.6504
0.1068	0.5454	0.6899
0.06814	0.5624	0.722
0.07913	0.5905	0.6996
0.07844	0.6283	0.6927
0.1025	0.6477	0.7053
0.1008	0.6259	0.689
0.09111	0.5907	0.6596
0.1446	0.5332	0.6443
0.12	0.4952	0.6774
0.02733	0.5032	0.7044
-0.003157	0.5351	0.7035
0.03096	0.5844	0.7142
0.1036	0.5843	0.7011
0.1081	0.5703	0.7028
0.04417	0.5698	0.7137
0.04015	0.5504	0.6823
0.08696	0.589	0.6791
0.09114	0.6038	0.6955
0.04541	0.5497	0.7028
0.04226	0.5429	0.7105
0.0836	0.5417	0.6864
0.1096	0.5317	0.6635
0.1184	0.5464	0.6685
0.1006	0.563	0.6892
0.07974	0.5851	0.7091
0.07605	0.5989	0.7085
0.08649	0.6045	0.7105
0.1107	0.5974	0.7093
0.1063	0.5716	0.6952
0.08372	0.5543	0.682
0.08171	0.5496	0.6632
0.08586	0.5469	0.6629
0.08855	0.5522	0.6757
0.08622	0.582	0.6659
0.0768	0.6024	0.6476
0.05618	0.579	0.6354
0.1098	0.4115	0.6515
0.03182	0.5692	0.7271
0.009171	0.6245	0.7522
0.03009	0.6366	0.7473
0.04851	0.6474	0.7365
0.0453	0.6547	0.7443
0.06768	0.62	0.7363
0.1263	0.5339	0.7139
0.1405	0.4698	0.7148
0.09374	0.4843	0.6957
0.0803	0.5226	0.6438
0.1306	0.542	0.6031
0.1721	0.5454	0.5991
0.1571	0.5562	0.6334
0.1077	0.6086	0.6512
0.06859	0.6319	0.6522
0.04658	0.6109	0.6941
0.02364	0.5991	0.7449
0.0175	0.5492	0.7596
0.02932	0.5059	0.748
0.03941	0.5223	0.7327
0.07769	0.5385	0.7089
0.1042	0.5455	0.6882
0.04869	0.5417	0.7134
-0.0008665	0.5605	0.7156
0.04185	0.623	0.661
0.1332	0.6344	0.6384
0.1719	0.5738	0.6509
0.1153	0.5369	0.6874
0.07742	0.5518	0.7172
0.08831	0.5791	0.6934
0.08673	0.6173	0.6858
0.1093	0.6379	0.6984
0.1058	0.618	0.6828
0.0942	0.5851	0.6544
0.1458	0.5299	0.6405
0.1196	0.4942	0.6751
0.02557	0.5041	0.7035
-0.005858	0.5375	0.7038
0.02773	0.5879	0.7155
0.1002	0.5883	0.7031
0.1049	0.5744	0.7052
0.04139	0.5736	0.7163
0.03797	0.5537	0.6847
0.08548	0.5915	0.6811
0.09037	0.6055	0.6971
0.04528	0.5505	0.7039
0.04268	0.5429	0.7111
0.08444	0.5411	0.6865
0.1107	0.5306	0.6632
0.1197	0.545	0.6679
0.1018	0.5615	0.6884
0.08084	0.5836	0.7081
0.07696	0.5976	0.7076
0.08716	0.6035	0.7097
0.1111	0.5966	0.7086
0.1064	0.5712	0.6947
0.08366	0.5542	0.6817
0.08148	0.5497	0.6631
0.0855	0.5472	0.663
0.08811	0.5526	0.6758
0.08577	0.5825	0.6662
0.07637	0.603	0.6479
0.05581	0.5795	0.6358
0.02117	0.5397	0.6527
0.009583	0.485	0.6965
0.04511	0.4317	0.7187
0.1009	0.4683	0.7228
0.1223	0.6099	0.7521
0.1017	0.6835	0.7796
0.09879	0.6646	0.7587
0.08229	0.7887	0.7721
-0.001331	0.8785	0.8214
-0.02002	0.7046	0.7972
0.1374	0.6251	0.7288
0.2883	0.6584	0.6517
0.2555	0.5208	0.5835
0.1644	0.3059	0.4673
0.1113	0.1928	0.3764
0.03013	0.2844	0.4977
-0.1094	0.2953	0.5021
-0.1852	0.2004	0.441
-0.04233	0.3532	0.6621
0.1085	0.5185	0.8174
0.1322	0.7252	0.9657
0.1635	0.9536	1.115
0.09704	0.9076	1.01
0.02949	0.916	0.9887
0.07428	0.8777	0.9082
0.1042	0.7354	0.6813
0.1813	0.7081	0.5784
0.1667	0.5221	0.4759
0.01669	0.3454	0.4625
0.004336	0.3719	0.4952
0.1453	0.5633	0.5176
0.2724	0.6805	0.5998
0.2268	0.4168	0.6076
0.08668	0.3472	0.6765
-0.00409	0.4825	0.7393
-0.03358	0.3926	0.718
-0.01429	0.4305	0.7567
-0.04821	0.4939	0.7407
-0.04695	0.4995	0.7421
0.019	0.6126	0.7698
0.04563	0.6484	0.7511
0.1013	0.712	0.7674
0.1404	0.7626	0.7323
0.1837	0.7188	0.6987
0.2107	0.7122	0.6933
0.1453	0.6531	0.6504
0.1384	0.605	0.6326
0.1309	0.5688	0.6083
0.08036	0.5057	0.6114
0.05828	0.5071	0.6455
0.01403	0.4889	0.6642
0.01419	0.4843	0.7083
0.04047	0.4964	0.726
0.04821	0.4898	0.7208
0.07047	0.525	0.7085
0.06744	0.5336	0.6959
0.0642	0.5384	0.7338
0.07059	0.5504	0.7333
0.08653	0.5593	0.6889
0.1171	0.613	0.6861
0.1174	0.6293	0.6965
0.105	0.6181	0.6932
0.08833	0.6201	0.6801
0.07113	0.5975	0.6775
0.1529	0.9677	0.5073
0.04055	0.5116	0.6575
0.02171	0.2577	0.7307
0.0547	0.229	0.7506
0.07333	0.389	0.776
0.06151	0.5257	0.7903
0.07241	0.5865	0.7545
0.07065	0.7874	0.7553
-2.079e-05	0.9398	0.7964
-0.009014	0.8084	0.7693
0.1543	0.75	0.7026
0.3075	0.7847	0.6309
0.2739	0.6328	0.5702
0.1797	0.3926	0.4625
0.1222	0.2481	0.3799
0.03587	0.307	0.5081
-0.1086	0.2875	0.5177
-0.1888	0.1675	0.4596
-0.04924	0.3021	0.6815
0.09949	0.4569	0.8358
0.1223	0.6605	0.9816
0.1537	0.8923	1.128
0.08842	0.8549	1.018
0.02265	0.8754	0.9923
0.06958	0.8511	0.9078
0.1017	0.7229	0.6776
0.181	0.7085	0.5721
0.1682	0.5335	0.468
0.01963	0.3649	0.454
0.008215	0.3965	0.4869
0.1496	0.5899	0.5102
0.2767	0.7066	0.5937
0.2308	0.4401	0.6032
0.08997	0.3661	0.6738
-0.001626	0.4962	0.7383
-0.03202	0.4008	0.7184
-0.01361	0.4334	0.7583
-0.04833	0.4922	0.7432
-0.0477	0.4941	0.745
0.01778	0.6046	0.7729
0.04414	0.639	0.754
0.09969	0.7023	0.7699
0.1388	0.7535	0.7342
0.1823	0.711	0.7
0.2096	0.7062	0.694
0.1445	0.6491	0.6505
0.138	0.603	0.6322
0.1308	0.5687	0.6075
0.08052	0.5071	0.6104
0.05865	0.5096	0.6444
0.01453	0.4921	0.6631
0.01476	0.4878	0.7073
0.04104	0.4999	0.7251
0.04874	0.4929	0.7203
0.0709	0.5275	0.7082
0.06777	0.5354	0.6958
0.0644	0.5395	0.7339
0.07068	0.5508	0.7335
0.08652	0.559	0.6893
0.117	0.6123	0.6865
0.1173	0.6282	0.6969
0.1048	0.6168	0.6936
0.08812	0.6188	0.6804
0.07093	0.5963	0.6777
0.06812	0.5653	0.6819
0.06901	0.5427	0.6786
0.07972	0.5619	0.6845
0.08153	0.5946	0.6886
0.07623	0.5889	0.6832
0.08141	0.5995	0.663
0.09132	0.6211	0.6479
0.1017	0.5961	0.6867
0.08845	0.561	0.733
0.0608	0.5384	0.7393
0.04031	0.5049	0.7411
0.04274	0.4951	0.7214
0.08738	0.5174	0.6453
0.1186	0.5282	0.6133
0.114	0.5392	0.6803
0.1009	0.5622	0.7018
0.0488	0.5725	0.6758
0.00495	0.5777	0.7031
0.0498	0.5997	0.7093
0.1234	0.6234	0.7078
0.1514	0.6276	0.7254
0.136	0.6079	0.6918
0.1059	0.5748	0.6702
0.07994	0.5567	0.6718
0.06329	0.5472	0.6572
0.0664	0.5285	0.6613
0.06759	0.5247	0.6803
0.04574	0.5361	0.7083
0.02097	0.5524	0.7239
0.01378	0.576	0.7289
0.03154	0.5855	0.731
0.0687	0.5887	0.7026
0.1123	0.5918	0.6847
0.1252	0.5814	0.6806
0.1168	0.584	0.6629
0.1288	0.5881	0.6581
0.1322	0.5753	0.6619
0.1227	0.5697	0.6689
0.1037	0.5636	0.6813
0.07265	0.5594	0.6933
0.06056	0.5596	0.7026
0.04721	0.555	0.7058
0.03751	0.5576	0.7078
0.04577	0.5564	0.7044
0.0556	0.5506	0.7005
0.07144	0.5532	0.701
0.07407	0.5604	0.6975
0.07668	0.57	0.6943
0.08686	0.5725	0.6902
0.08627	0.571	0.6819
0.09419	0.5727	0.677
0.1002	0.5724	0.6781
0.1009	0.5732	0.6784
0.09927	0.573	0.6793
0.09066	0.5694	0.6842
0.09038	0.568	0.6871
0.08001	0.571	0.6934
0.06243	0.5742	0.7031
0.0577	0.572	0.7071
0.06226	0.5692	0.7056
0.07468	0.5676	0.6971
0.07863	0.5657	0.6911
0.07639	0.5645	0.6909
0.07923	0.5611	0.6857
0.1122	0.7891	0.6606
0.08201	0.5158	0.6819
0.07562	0.4237	0.6996
0.07013	0.4353	0.7068
0.06388	0.4609	0.6993
0.07182	0.5273	0.6741
0.08619	0.6096	0.6531
0.1014	0.6377	0.6863
0.0922	0.6412	0.7281
0.06753	0.6403	0.7314
0.04869	0.6117	0.7316
0.05148	0.593	0.7117
0.09538	0.596	0.6366
0.1251	0.5814	0.6064
0.1184	0.5648	0.6757
0.1031	0.5615	0.6996
0.04884	0.5492	0.6758
0.003159	0.5374	0.705
0.04661	0.5488	0.7125
0.1194	0.5682	0.7119
0.147	0.5741	0.7298
0.1316	0.5607	0.6961
0.102	0.5372	0.674
0.0768	0.5307	0.6748
0.06106	0.5333	0.6593
0.06514	0.5261	0.6624
0.06726	0.5321	0.6805
0.04621	0.5511	0.7077
0.02207	0.5724	0.7227
0.01531	0.5985	0.7273
0.0333	0.6081	0.7292
0.07049	0.6094	0.7008
0.1139	0.6092	0.6831
0.1266	0.5944	0.6792
0.1178	0.5923	0.6619
0.1295	0.5917	0.6575
0.1325	0.5748	0.6617
0.1227	0.5658	0.669
0.1034	0.5573	0.6817
0.07217	0.5517	0.6938
0.05996	0.5513	0.7032
0.04656	0.5471	0.7065
0.03688	0.5507	0.7084
0.04521	0.5509	0.705
0.05515	0.5467	0.701
0.07112	0.5511	0.7013
0.07388	0.5598	0.6977
0.07662	0.5708	0.6943
0.08691	0.5744	0.6901
0.08641	0.5736	0.6818
0.09439	0.5756	0.6768
0.1004	0.5754	0.6779
0.1011	0.576	0.6782
0.09949	0.5753	0.679
0.09085	0.5711	0.684
0.09052	0.5691	0.6869
0.0801	0.5715	0.6933
0.06247	0.5741	0.7031
0.0577	0.5715	0.7071
0.06222	0.5684	0.7056
0.07461	0.5665	0.6971
0.07855	0.5646	0.6912
0.0763	0.5634	0.691
0.07914	0.5601	0.6858
0.08438	0.5598	0.6802
0.0887	0.5641	0.6794
0.08567	0.5657	0.6811
0.08301	0.568	0.6847
0.08157	0.5744	0.6894
0.08075	0.5746	0.693
0.08238	0.5678	0.6974
0.07894	0.568	0.7019
0.07555	0.573	0.699
0.07424	0.5717	0.6941
0.07923	0.564	0.691
0.08785	0.5588	0.685
0.08558	0.5617	0.6833
0.08048	0.564	0.6869
0.07876	0.5668	0.6902
0.07952	0.5699	0.6915
0.08016	0.5662	0.6893
0.07694	0.566	0.6865
0.07741	0.5659	0.6868
0.07778	0.5638	0.688
0.07737	0.5688	0.6908
0.08146	0.5706	0.6981
0.08345	0.5714	0.7003
0.08368	0.573	0.6923
0.08166	0.5682	0.6863
0.07715	0.5678	0.6857
0.07574	0.5713	0.6893
0.07718	0.5711	0.6935
0.0817	0.5701	0.6917
0.08448	0.5693	0.6909
0.08124	0.5689	0.6924
0.07908	0.5688	0.691
0.07844	0.5694	0.688
0.0775	0.5657	0.684
0.08033	0.558	0.685
0.08319	0.5577	0.6905
0.08287	0.5616	0.6928
0.08037	0.5638	0.6934
0.07836	0.5675	0.6925
0.0819	0.5692	0.6911
0.08229	0.5701	0.6904
0.07767	0.573	0.6907
0.07891	0.5737	0.6935
0.08165	0.5698	0.6928
0.08204	0.5643	0.6902
0.08092	0.5631	0.6898
0.07953	0.5653	0.6897
0.08033	0.568	0.6895
0.08041	0.5716	0.6848
0.08015	0.5716	0.6828
0.07684	0.5686	0.6907
0.07424	0.5663	0.6921
0.07772	0.5638	0.69
0.07787	0.5658	0.6958
0.07857	0.5725	0.6957
0.08166	0.5747	0.6925
0.08095	0.5715	0.6941
0.08211	0.567	0.6929
0.08278	0.5629	0.6924
0.08292	0.562	0.6909
0.08393	0.5641	0.6836
0.08111	0.5662	0.6825
0.08048	0.569	0.6885
0.08258	0.5718	0.6894
0.08074	0.5495	0.6904
0.08225	0.5632	0.6876
0.07826	0.5697	0.6871
0.07594	0.5736	0.6888
0.07568	0.5798	0.6916
0.07647	0.5787	0.6937
0.07984	0.5701	0.697
0.07804	0.5685	0.7007
0.07604	0.572	0.6973
0.07578	0.5695	0.6922
0.08144	0.5612	0.6891
0.09037	0.5558	0.6834
0.08809	0.559	0.6821
0.08274	0.5618	0.6861
0.08059	0.5652	0.6898
0.08081	0.5691	0.6915
0.08088	0.566	0.6895
0.07712	0.5664	0.687
0.07712	0.5668	0.6874
0.07714	0.565	0.6887
0.07649	0.5702	0.6915
0.08047	0.5719	0.6987
0.08246	0.5726	0.7008
0.08278	0.574	0.6926
0.08092	0.5689	0.6865
0.07661	0.5682	0.6858
0.07541	0.5714	0.6892
0.07706	0.5709	0.6933
0.08176	0.5698	0.6914
0.08468	0.5688	0.6906
0.08155	0.5684	0.6922
0.07945	0.5683	0.6907
0.07882	0.5689	0.6878
0.07786	0.5652	0.6838
0.08064	0.5576	0.6849
0.08343	0.5575	0.6905
0.08303	0.5615	0.6929
0.08045	0.5638	0.6935
0.07837	0.5676	0.6926
0.08185	0.5693	0.6912
0.08219	0.5703	0.6905
0.07754	0.5732	0.6908
0.07877	0.5739	0.6935
0.08151	0.57	0.6929
0.08191	0.5644	0.6902
0.08082	0.5632	0.6898
0.07945	0.5654	0.6897
0.08028	0.568	0.6895
0.08039	0.5716	0.6848
0.08016	0.5716	0.6828
0.07687	0.5686	0.6907
0.07428	0.5663	0.6921
0.07777	0.5638	0.6899
0.07792	0.5658	0.6958
0.07862	0.5725	0.6957
0.0817	0.5747	0.6925
0.08098	0.5714	0.6941
0.08213	0.567	0.6929
0.08279	0.5629	0.6924
0.08292	0.562	0.691
0.08392	0.5641	0.6837
0.0811	0.5662	0.6825
0.08046	0.569	0.6885
0.08257	0.5718	0.6894
0.08418	0.5718	0.6865
0.08204	0.5664	0.6882
0.07098	0.5575	0.6929
0.0674	0.5571	0.6941
0.07842	0.564	0.6918
0.08414	0.5684	0.69
0.08535	0.5714	0.6913
0.08687	0.5735	0.6955
0.07674	0.5748	0.6975
0.06993	0.574	0.6939
0.0767	0.5713	0.6901
0.07988	0.5714	0.6866
0.08856	0.569	0.6829
0.09923	0.5634	0.6851
0.08703	0.5601	0.6891
0.06846	0.5612	0.6903
0.0666	0.5669	0.69
0.08161	0.568	0.6888
0.09142	0.5606	0.6899
0.07853	0.56	0.6924
0.06668	0.571	0.6982
0.06586	0.5755	0.7001
0.07206	0.5727	0.6889
0.08507	0.5763	0.6831
0.08901	0.5766	0.6866
0.08921	0.569	0.6881
0.08851	0.5631	0.6924
0.08377	0.561	0.6933
0.08483	0.5624	0.6903
0.0807	0.562	0.6918
0.07371	0.5607	0.6918
0.07463	0.5621	0.6907
0.07812	0.5649	0.6892
0.08182	0.5725	0.6865
0.08113	0.5761	0.6875
0.08246	0.5708	0.6896
0.0828	0.5682	0.6908
0.07466	0.5683	0.6904
0.07298	0.569	0.6892
0.07675	0.5695	0.6912
0.0796	0.5682	0.6947
0.08185	0.5671	0.6966
0.08025	0.5678	0.6945
0.0809	0.5723	0.692
0.08331	0.5742	0.689
0.08312	0.5708	0.6846
0.08186	0.5659	0.6874
0.08136	0.5592	0.692
0.08297	0.5581	0.6932
0.0819	0.5612	0.6924
0.07779	0.5644	0.6842
0.07682	0.5689	0.6808
0.07791	0.5656	0.6856
0.07505	0.5636	0.6886
0.07214	0.5686	0.6923
0.07784	0.5685	0.6927
0.08694	0.5707	0.6949
0.09029	0.5738	0.6997
0.08629	0.5707	0.6964
0.08157	0.5693	0.6925
0.08122	0.5686	0.6894
0.07893	0.5684	0.6865
0.07476	0.5687	0.6899
0.07357	0.5683	0.6918
0.08195	0.5665	0.6859
0.08215	0.5701	0.6866
0.07266	0.5645	0.6907
0.07	0.5638	0.6916
0.08137	0.5685	0.6894
0.08702	0.5699	0.6878
0.08785	0.57	0.6894
0.0888	0.5697	0.6941
0.07801	0.5695	0.6967
0.07053	0.568	0.6937
0.07672	0.5655	0.6903
0.07941	0.5663	0.6872
0.08773	0.5652	0.6837
0.0982	0.5611	0.686
0.08593	0.5593	0.69
0.06741	0.5618	0.6912
0.06568	0.5686	0.6907
0.08089	0.5705	0.6893
0.09094	0.5636	0.6903
0.07828	0.5631	0.6926
0.06665	0.5739	0.6982
0.06602	0.578	0.7
0.07235	0.5746	0.6886
0.08545	0.5776	0.6827
0.08943	0.5772	0.6862
0.08962	0.569	0.6877
0.08888	0.5626	0.6921
0.08407	0.5601	0.693
0.08505	0.5613	0.6901
0.08083	0.5608	0.6917
0.07375	0.5595	0.6918
0.0746	0.5611	0.6907
0.07803	0.564	0.6893
0.08169	0.5719	0.6866
0.08097	0.5757	0.6876
0.0823	0.5707	0.6898
0.08265	0.5682	0.6909
0.07453	0.5686	0.6905
0.07289	0.5694	0.6892
0.07668	0.57	0.6912
0.07957	0.5687	0.6947
0.08184	0.5675	0.6966
0.08027	0.5682	0.6945
0.08094	0.5726	0.6919
0.08336	0.5743	0.689
0.08318	0.5709	0.6845
0.08192	0.5659	0.6873
0.08141	0.5591	0.6919
0.08302	0.558	0.6931
0.08193	0.561	0.6924
0.07781	0.5642	0.6842
0.07683	0.5687	0.6808
0.07791	0.5655	0.6856
0.07504	0.5634	0.6887
0.07212	0.5685	0.6923
0.07782	0.5684	0.6927
0.08692	0.5707	0.6949
0.09027	0.5739	0.6997
0.08628	0.5707	0.6964
0.08156	0.5693	0.6925
0.08121	0.5686	0.6894
0.07893	0.5684	0.6865
0.07476	0.5687	0.6899
0.07357	0.5684	0.6918
0.07523	0.5707	0.6919
0.07936	0.5696	0.6905
0.08279	0.5652	0.6839
0.08338	0.5644	0.6821
0.08099	0.5658	0.6866
0.07876	0.5663	0.6904
0.07973	0.5652	0.693
0.08133	0.5653	0.6935
0.08224	0.5656	0.6942
0.08185	0.5666	0.6938
0.08212	0.5705	0.6889
0.08207	0.571	0.688
0.07804	0.5684	0.6934
0.07651	0.567	0.6947
0.07831	0.5659	0.6913
0.0785	0.5664	0.6895
0.08043	0.5684	0.6893
0.08307	0.5689	0.6904
0.08136	0.5684	0.6913
0.07827	0.5678	0.688
0.07854	0.5678	0.6869
0.079	0.568	0.6895
0.07852	0.5639	0.689
0.08049	0.5613	0.6887
0.08122	0.567	0.6872
0.08025	0.5721	0.6864
0.08068	0.5719	0.6924
0.08049	0.5682	0.6969
0.08066	0.5656	0.6967
0.08175	0.5691	0.6951
0.08345	0.5696	0.6916
0.0849	0.567	0.6905
0.08246	0.5676	0.6896
0.07822	0.5664	0.684
0.07487	0.5665	0.6821
0.07357	0.5673	0.6875
0.07534	0.566	0.6934
0.07823	0.5668	0.6966
0.08167	0.5675	0.6962
0.08248	0.569	0.6921
0.0807	0.571	0.6889
0.08132	0.57	0.689
0.08245	0.5667	0.6881
0.08273	0.5632	0.6873
0.08265	0.5648	0.689
0.08178	0.5674	0.6896
0.08037	0.5669	0.6906
0.07855	0.5686	0.692
0.07826	0.5714	0.6903
0.07795	0.5714	0.6896
0.07778	0.5664	0.6893
0.07878	0.5629	0.6882
0.07871	0.5658	0.6918
0.08029	0.5674	0.695
0.08112	0.5683	0.6945
0.07942	0.5686	0.6943
0.08065	0.5669	0.6918
0.08369	0.5676	0.689
0.08464	0.5671	0.6895
0.08157	0.5676	0.689
0.07806	0.5696	0.6879
0.07582	0.5687	0.6872
0.07534	0.5693	0.6862
0.08321	0.5676	0.6891
0.08185	0.5617	0.6956
0.08158	0.5678	0.6935
0.08218	0.5675	0.6864
0.08118	0.5685	0.6841
0.07814	0.5703	0.6881
0.07591	0.5702	0.6916
0.07731	0.568	0.6939
0.07956	0.5669	0.694
0.08122	0.566	0.6944
0.08155	0.5661	0.6937
0.08242	0.5693	0.6886
0.08282	0.5694	0.6875
0.07908	0.5667	0.6928
0.07766	0.5654	0.6941
0.07944	0.5645	0.6907
0.07949	0.5654	0.689
0.08121	0.5678	0.6888
0.08359	0.5687	0.6901
0.08161	0.5685	0.6911
0.07828	0.5682	0.688
0.07834	0.5684	0.687
0.07865	0.5687	0.6896
0.07808	0.5647	0.6892
0.08001	0.5619	0.6889
0.08074	0.5676	0.6874
0.07982	0.5725	0.6866
0.08034	0.5721	0.6926
0.08025	0.5683	0.697
0.08053	0.5656	0.6968
0.08172	0.569	0.6952
0.0835	0.5693	0.6916
0.08501	0.5667	0.6905
0.08262	0.5673	0.6895
0.0784	0.5661	0.684
0.07506	0.5663	0.682
0.07374	0.5671	0.6874
0.07548	0.5659	0.6934
0.07834	0.5668	0.6966
0.08174	0.5675	0.6962
0.08251	0.569	0.692
0.0807	0.5711	0.6889
0.08129	0.5701	0.689
0.0824	0.5668	0.6881
0.08267	0.5633	0.6873
0.08259	0.5649	0.689
0.08172	0.5675	0.6896
0.08031	0.567	0.6906
0.0785	0.5687	0.6921
0.07823	0.5715	0.6903
0.07793	0.5714	0.6896
0.07777	0.5664	0.6893
0.07879	0.5628	0.6882
0.07873	0.5657	0.6918
0.08032	0.5673	0.695
0.08115	0.5682	0.6945
0.07944	0.5686	0.6943
0.08067	0.5668	0.6918
0.08371	0.5676	0.689
0.08466	0.5671	0.6895
0.08158	0.5676	0.689
0.07806	0.5696	0.6879
0.07582	0.5687	0.6872
0.07534	0.5694	0.6862
0.0832	0.5676	0.6891
0.08659	0.565	0.6917
0.07822	0.5667	0.6908
0.07758	0.5673	0.6911
0.08129	0.568	0.6917
0.07884	0.5679	0.6909
0.07774	0.5677	0.6899
0.07801	0.5712	0.6898
0.07961	0.5703	0.691
0.08162	0.5643	0.6936
0.08055	0.5626	0.6949
0.08094	0.566	0.6916
0.08126	0.5678	0.6888
0.08123	0.5671	0.6877
0.08315	0.5674	0.687
0.0819	0.5657	0.689
0.07944	0.5667	0.6901
0.07953	0.5712	0.6903
0.07953	0.5713	0.6921
0.07761	0.5687	0.6942
0.07646	0.5674	0.6933
0.07863	0.5678	0.6891
0.07894	0.5674	0.6896
0.0784	0.5667	0.6907
0.07994	0.568	0.6877
0.08049	0.5674	0.6886
0.0826	0.567	0.6881
0.0842	0.5672	0.6844
0.08347	0.5654	0.6871
0.08297	0.5649	0.6949
0.08149	0.566	0.6992
0.08121	0.5686	0.6956
0.07981	0.5698	0.6941
0.07575	0.5688	0.6932
0.07555	0.5693	0.6872
0.0799	0.5689	0.6864
0.08259	0.5687	0.6864
0.0799	0.568	0.6855
0.07756	0.5664	0.6878
0.07785	0.5682	0.6881
0.07734	0.5687	0.6912
0.07753	0.5673	0.6954
0.07922	0.5674	0.6953
0.08294	0.5653	0.6936
0.08453	0.5649	0.691
0.08231	0.5664	0.6899
0.08223	0.5634	0.6889
0.08149	0.5631	0.6902
0.0804	0.5687	0.6911
0.08255	0.5709	0.6849
0.08178	0.5705	0.6833
0.07709	0.5698	0.6885
0.07446	0.5676	0.6927
0.07676	0.5674	0.6952
0.08107	0.5678	0.6933
0.08279	0.5687	0.6909
0.08165	0.5697	0.6928
0.08073	0.5675	0.6947
0.08038	0.5679	0.6927
0.07796	0.5695	0.689
0.07681	0.569	0.6875
0.07852	0.5696	0.6871
0.07987	0.5669	0.6887
0.08172	0.5637	0.6898
0.08253	0.5634	0.6889
0.08163	0.5622	0.6913
0.07802	0.5658	0.6904
0.07982	0.5676	0.6906
0.08435	0.5691	0.6912
0.08169	0.5694	0.6902
0.0798	0.5692	0.6892
0.07905	0.5726	0.6892
0.07964	0.5715	0.6905
0.08079	0.5653	0.6932
0.07912	0.5633	0.6947
0.07917	0.5664	0.6916
0.07942	0.5679	0.6889
0.07954	0.567	0.6879
0.08177	0.5671	0.6872
0.08093	0.5653	0.6894
0.07892	0.5662	0.6904
0.07944	0.5708	0.6906
0.07982	0.5709	0.6924
0.07819	0.5684	0.6944
0.07723	0.5672	0.6935
0.07949	0.5676	0.6892
0.0798	0.5673	0.6896
0.07918	0.5667	0.6907
0.08058	0.568	0.6876
0.08095	0.5675	0.6885
0.08288	0.5671	0.6879
0.08429	0.5673	0.6843
0.0834	0.5656	0.687
0.08277	0.565	0.6949
0.08121	0.5661	0.6991
0.08088	0.5687	0.6956
0.07946	0.5698	0.6941
0.07543	0.5688	0.6932
0.07528	0.5693	0.6873
0.07968	0.5689	0.6864
0.08244	0.5687	0.6865
0.07983	0.568	0.6856
0.07755	0.5664	0.6879
0.07789	0.5682	0.6881
0.07743	0.5686	0.6912
0.07764	0.5673	0.6955
0.07934	0.5673	0.6954
0.08306	0.5653	0.6936
0.08464	0.5649	0.691
0.0824	0.5664	0.6899
0.08229	0.5634	0.6889
0.08153	0.5631	0.6902
0.08042	0.5687	0.6911
0.08254	0.571	0.6849
0.08175	0.5705	0.6832
0.07705	0.5698	0.6885
0.07441	0.5676	0.6927
0.07671	0.5674	0.6952
0.08103	0.5678	0.6933
0.08275	0.5687	0.6909
0.08162	0.5697	0.6928
0.08071	0.5675	0.6947
0.08037	0.5679	0.6927
0.07795	0.5695	0.689
0.07681	0.569	0.6875
0.07853	0.5696	0.6871
0.07988	0.5669	0.6887
0.08173	0.5637	0.6898
0.08254	0.5634	0.6889
0.08195	0.5637	0.6897
0.08029	0.5669	0.6899
0.07827	0.5689	0.6897
0.08066	0.5678	0.6912
0.08261	0.5676	0.6927
0.08168	0.5675	0.6943
0.08071	0.5665	0.6948
0.07771	0.566	0.693
0.07817	0.5664	0.6894
0.08042	0.5682	0.6852
0.07916	0.5711	0.6817
0.0803	0.5722	0.6838
0.08137	0.5712	0.693
0.08076	0.5696	0.6975
0.08162	0.5671	0.6928
0.07958	0.5664	0.6906
0.07724	0.5654	0.6914
0.07822	0.5627	0.6892
0.07904	0.5638	0.6867
0.07955	0.5676	0.6883
0.07955	0.5701	0.6965
0.0803	0.57	0.7012
0.08398	0.5689	0.6921
0.08449	0.5681	0.6855
0.07923	0.5662	0.6858
0.07584	0.5666	0.6842
0.07634	0.5673	0.6882
0.07819	0.5671	0.6908
0.08263	0.5687	0.6887
0.08632	0.5669	0.6917
0.08512	0.5647	0.6928
0.08165	0.5653	0.6916
0.07951	0.5658	0.6937
0.07941	0.569	0.6931
0.07744	0.5708	0.6898
0.07622	0.5702	0.6885
0.07881	0.5702	0.6893
0.07828	0.5682	0.6908
0.07763	0.5675	0.6925
0.07869	0.568	0.6925
0.07697	0.5666	0.6913
0.07751	0.5661	0.6872
0.08114	0.5671	0.6836
0.08588	0.5691	0.6892
0.08728	0.5691	0.6917
0.08328	0.5651	0.6916
0.08241	0.5641	0.6948
0.08224	0.567	0.6878
0.08038	0.5672	0.6853
0.07904	0.5659	0.6933
0.07455	0.5667	0.6938
0.07417	0.5679	0.6933
0.08036	0.5682	0.6926
0.08264	0.5678	0.6891
0.08042	0.5667	0.6889
0.07847	0.567	0.6882
0.07693	0.5696	0.6883
0.07789	0.5722	0.6906
0.08308	0.5721	0.6909
0.08487	0.5699	0.6899
0.08071	0.5671	0.6884
0.07835	0.5647	0.6892
0.07775	0.5636	0.6945
0.07641	0.564	0.697
0.08327	0.5638	0.6884
0.08153	0.5689	0.6887
0.07935	0.5713	0.6886
0.08154	0.5698	0.6901
0.08327	0.5688	0.6916
0.08213	0.5677	0.6933
0.08096	0.5659	0.6939
0.07778	0.5647	0.6922
0.0781	0.5648	0.6888
0.08025	0.5665	0.6847
0.07893	0.5695	0.6814
0.08004	0.5708	0.6838
0.08111	0.5702	0.6931
0.08054	0.5691	0.6977
0.08144	0.567	0.6931
0.07945	0.5667	0.691
0.07716	0.5659	0.6918
0.0782	0.5635	0.6895
0.07907	0.5647	0.687
0.07961	0.5685	0.6885
0.07963	0.5709	0.6967
0.08039	0.5707	0.7013
0.08408	0.5694	0.6921
0.08458	0.5684	0.6855
0.0793	0.5663	0.6857
0.07589	0.5665	0.6841
0.07638	0.5671	0.6881
0.0782	0.5668	0.6907
0.08263	0.5684	0.6885
0.0863	0.5665	0.6916
0.08509	0.5644	0.6927
0.08162	0.565	0.6915
0.07948	0.5655	0.6937
0.07938	0.5689	0.6932
0.07741	0.5708	0.6898
0.07619	0.5702	0.6885
0.07879	0.5703	0.6893
0.07827	0.5683	0.6908
0.07763	0.5676	0.6925
0.0787	0.5682	0.6925
0.07697	0.5667	0.6914
0.07752	0.5662	0.6872
0.08115	0.5672	0.6836
0.08589	0.5692	0.6892
0.08729	0.5691	0.6917
0.08329	0.5651	0.6916
0.08242	0.5641	0.6948
0.08225	0.567	0.6877
0.08038	0.5672	0.6853
0.07904	0.5658	0.6933
0.07455	0.5666	0.6937
0.07416	0.5679	0.6933
0.08035	0.5682	0.6926
0.08263	0.5678	0.6891
0.08042	0.5667	0.6889
0.07847	0.567	0.6883
0.07693	0.5696	0.6883
0.07789	0.5722	0.6906
0.08308	0.5721	0.6909
0.08487	0.5699	0.6899
0.08071	0.5671	0.6884
0.07836	0.5647	0.6892
0.07775	0.5636	0.6945
0.07642	0.564	0.697
0.07728	0.5673	0.691
0.08137	0.5695	0.6856
0.08588	0.5676	0.6882
0.08623	0.5664	0.6919
0.08301	0.5652	0.6922
0.08119	0.5653	0.6916
0.08089	0.5705	0.6902
0.08039	0.5723	0.688
0.07979	0.5703	0.6884
0.07741	0.5685	0.6902
0.07573	0.5639	0.6913
0.07588	0.5636	0.6927
0.07287	0.5673	0.692
0.07281	0.5676	0.6887
0.08024	0.5679	0.6875
0.08673	0.5683	0.6885
0.08762	0.5671	0.6892
0.08327	0.5666	0.6892
0.08124	0.5689	0.6884
0.0839	0.5719	0.6894
0.08219	0.5701	0.6951
0.07844	0.5685	0.6968
0.07799	0.5686	0.692
0.07945	0.5647	0.6908
0.08129	0.5633	0.6916
0.08046	0.5653	0.6897
0.07725	0.5643	0.69
0.07485	0.5667	0.6911
0.07715	0.5715	0.691
0.08397	0.5701	0.6905
0.08463	0.565	0.688
0.07507	0.5636	0.6876
0.07159	0.5666	0.6894
0.08051	0.5689	0.6886
0.08368	0.57	0.6868
0.08211	0.571	0.6858
0.08611	0.57	0.6873
0.08703	0.5687	0.694
0.08554	0.5659	0.6981
0.08144	0.5647	0.6963
0.0751	0.5707	0.6959
0.07579	0.5734	0.6925
0.07545	0.5695	0.6878
0.07543	0.5668	0.6888
0.08027	0.565	0.6873
0.07918	0.5654	0.6849
0.07743	0.5659	0.6874
0.07926	0.5609	0.6917
0.08054	0.5599	0.6952
0.08216	0.5659	0.6923
0.0825	0.5682	0.6892
0.08415	0.5694	0.6876
0.08485	0.5727	0.6851
0.08119	0.5723	0.6913
0.08001	0.569	0.6942
0.08039	0.5675	0.6897
0.07842	0.568	0.6922
0.07633	0.5677	0.6942
0.07591	0.5671	0.6932
0.07943	0.5681	0.6916
0.08298	0.568	0.6892
0.08183	0.5678	0.6899
0.08055	0.5676	0.6888
0.08038	0.5668	0.6894
