1.045	0.07172	0.07886
1.276	-0.1393	0.03151
1.346	-0.321	0.000687
1.2	-0.42	0.03553
1.124	-0.3225	0.07565
1.282	-0.1331	0.09018
1.483	-0.04014	0.08662
1.55	-0.07514	0.07133
1.419	-0.1541	0.1236
1.168	-0.04427	0.2218
1.005	0.05871	0.2533
1.032	-0.04496	0.1574
1.057	-0.07319	0.01546
0.9483	-0.08792	0.004031
0.8854	-0.1201	0.05039
0.8748	-0.04924	0.0528
0.8241	-0.02246	0.08415
0.7814	-0.01267	0.07289
0.7106	-0.0318	0.02088
0.6902	-0.06984	0.02071
0.7453	-0.03283	0.01939
0.7343	-0.03236	0.03122
0.6825	-0.0419	0.071
0.6374	-0.03883	0.08979
0.6898	-0.05594	0.0756
0.8157	-0.05396	0.03866
0.8441	-0.04564	0.03599
0.8801	0.04962	0.06189
0.9923	0.195	0.1004
1.075	0.2007	0.1578
1.079	0.05443	0.1677
1.083	-0.1168	0.1554
1.181	-0.2115	0.1632
1.241	-0.2301	0.1763
1.323	-0.244	0.2464
1.474	-0.2814	0.318
1.45	-0.2712	0.2745
1.446	-0.2292	0.2288
1.63	-0.1962	0.2993
1.678	-0.0901	0.3338
1.543	-0.01373	0.2477
1.367	-0.05315	0.1495
1.166	-0.0565	0.1057
0.9858	-0.02398	0.1681
0.8263	0.006234	0.2334
0.7405	0.05996	0.1798
0.718	0.04179	0.1474
0.6064	-0.033	0.1546
0.5094	-0.05271	0.1327
0.49	-0.02159	0.141
0.4286	0.02826	0.1511
0.4366	0.03555	0.1648
0.5499	-0.0166	0.194
0.6981	-0.08242	0.1586
0.8345	-0.1519	0.1256
0.8634	-0.1356	0.1878
0.9625	-0.04758	0.2743
1.161	-0.005797	0.3076
1.201	0.006584	0.282
1.209	-0.02583	0.2564
1.354	-0.08703	0.258
1.458	-0.1975	0.2103
1.388	-0.3334	0.1324
1.288	-0.2137	0.1149
1.289	0.02881	0.1237
1.293	0.1212	0.1138
1.288	0.182	0.0964
1.282	0.07723	0.08657
1.201	-0.1488	0.0903
1.146	-0.1484	0.1155
1.198	-0.1003	0.172
1.238	-0.1137	0.2017
1.128	-0.05099	0.1984
0.9718	-0.0184	0.1913
0.9462	-0.0178	0.1402
0.9461	-0.05831	0.09457
0.8901	-0.1789	0.06966
0.8126	-0.2318	0.03409
0.7223	-0.2067	0.0337
0.6489	-0.1539	0.03345
0.5735	-0.07376	0.02285
0.5644	-0.006564	0.02949
0.6269	0.02912	0.02348
0.6631	0.006954	0.0269
0.7117	-0.0177	0.06229
0.7711	0.01784	0.1282
0.8352	0.06597	0.1823
0.8998	0.1159	0.1804
0.9449	0.1384	0.1721
1.034	0.07875	0.1725
1.107	0.02749	0.1649
1.129	0.04608	0.165
1.161	0.01654	0.1725
1.203	-0.08596	0.1896
1.316	-0.1317	0.2192
1.423	-0.08227	0.2469
1.405	-0.05773	0.2718
1.5	-0.1615	0.3315
1.766	-0.2875	0.381
1.808	-0.2983	0.2991
1.489	-0.2302	0.1693
1.086	-0.1301	0.1614
0.8814	-0.03175	0.2234
0.8864	-0.01199	0.2403
0.8575	-0.04239	0.1922
0.7601	-0.03908	0.1403
0.7083	-0.03427	0.1625
0.6582	-0.03785	0.1947
0.6497	-0.01416	0.1865
0.685	-0.01759	0.1833
0.6996	-0.03635	0.1609
0.7506	-0.03065	0.1554
0.7925	-0.02874	0.1922
0.7858	-0.01101	0.1976
0.7951	-0.002911	0.1792
0.8186	-0.01846	0.1521
0.8425	-0.01261	0.1451
0.8556	0.004099	0.1716
0.8598	0.03306	0.1863
0.8851	0.03005	0.214
0.9347	-0.05611	0.2407
0.9812	-0.1463	0.2649
0.9864	-0.1391	0.3184
0.9736	-0.04706	0.3431
1.017	-0.005377	0.3033
1.181	-0.09225	0.1637
1.407	-0.253	0.01489
1.467	-0.3417	0.04436
1.289	0.02881	0.1237
1.293	0.1212	0.1138
1.288	0.182	0.0964
1.282	0.07723	0.08657
1.201	-0.1488	0.0903
1.146	-0.1484	0.1155
1.198	-0.1003	0.172
1.238	-0.1137	0.2017
1.128	-0.05099	0.1984
0.9718	-0.0184	0.1913
0.9462	-0.0178	0.1402
0.9461	-0.05831	0.09457
0.8901	-0.1789	0.06966
0.8126	-0.2318	0.03409
0.7223	-0.2067	0.0337
0.6489	-0.1539	0.03345
0.5735	-0.07376	0.02285
0.5644	-0.006564	0.02949
0.6269	0.02912	0.02348
0.6631	0.006954	0.0269
0.7117	-0.0177	0.06229
0.7711	0.01784	0.1282
0.8352	0.06597	0.1823
0.8998	0.1159	0.1804
0.9449	0.1384	0.1721
1.034	0.07875	0.1725
1.107	0.02749	0.1649
1.129	0.04608	0.165
1.161	0.01654	0.1725
1.203	-0.08596	0.1896
1.316	-0.1317	0.2192
1.423	-0.08227	0.2469
1.405	-0.05773	0.2718
1.5	-0.1615	0.3315
1.766	-0.2875	0.381
1.808	-0.2983	0.2991
1.489	-0.2302	0.1693
1.086	-0.1301	0.1614
0.8814	-0.03175	0.2234
0.8864	-0.01199	0.2403
0.8575	-0.04239	0.1922
0.7601	-0.03908	0.1403
0.7083	-0.03427	0.1625
0.6582	-0.03785	0.1947
0.6497	-0.01416	0.1865
0.685	-0.01759	0.1833
0.6996	-0.03635	0.1609
0.7506	-0.03065	0.1554
0.7925	-0.02874	0.1922
0.7858	-0.01101	0.1976
0.7951	-0.002911	0.1792
0.8186	-0.01846	0.1521
0.8425	-0.01261	0.1451
0.8556	0.004099	0.1716
0.8598	0.03306	0.1863
0.8851	0.03005	0.214
0.9347	-0.05611	0.2407
0.9812	-0.1463	0.2649
0.9864	-0.1391	0.3184
0.9736	-0.04706	0.3431
1.017	-0.005377	0.3033
1.181	-0.09225	0.1637
1.407	-0.253	0.01489
1.467	-0.3417	0.04436
1.394	-0.2495	0.126
1.41	-0.09927	0.1107
1.407	-0.007283	0.1156
1.372	0.01973	0.1226
1.421	-0.05727	0.07812
1.388	-0.142	0.07646
1.247	-0.1305	0.1039
1.06	-0.06413	0.1435
0.8949	0.005537	0.1656
0.9004	0.002611	0.114
0.9096	-0.0414	0.07712
0.8759	-0.04534	0.06138
0.9102	-0.06714	0.04626
0.8914	-0.06538	0.05194
0.8524	0.03578	0.0416
0.8342	0.1295	0.04518
0.832	0.1111	0.0496
0.8786	0.02451	0.05691
0.8611	-0.01675	0.08871
0.7744	-0.01733	0.09402
0.6477	-0.01553	0.09696
0.5803	0.00801	0.0887
0.7016	0.0165	0.06894
0.8099	0.0007342	0.08112
0.821	-0.01444	0.08979
0.8408	0.01017	0.09897
0.8624	0.04607	0.1125
0.9139	0.009364	0.1201
0.9646	-0.02052	0.142
0.9851	0.002153	0.1627
1.078	0.07458	0.2061
1.247	0.1431	0.2808
1.307	-0.006572	0.2954
1.258	-0.2371	0.258
1.342	-0.2396	0.2671
1.474	-0.1079	0.2967
1.49	0.006027	0.3331
1.481	0.0761	0.4051
1.449	0.06674	0.4262
1.368	0.008736	0.3519
1.191	-0.03383	0.2578
0.9139	-0.01176	0.2242
0.7492	0.05623	0.212
0.7246	0.08481	0.1657
0.6989	0.08175	0.1593
0.6561	0.06915	0.1737
0.6364	0.03981	0.1709
0.6462	0.02078	0.1972
0.6338	0.007347	0.2077
0.6239	0.0217	0.1819
0.6629	0.03204	0.1289
0.7038	-0.02219	0.09641
0.7501	-0.08786	0.1457
0.8081	-0.13	0.1902
0.841	-0.1209	0.1864
0.8803	-0.0797	0.1832
0.9675	-0.06724	0.2033
1.027	-0.0758	0.238
1.01	-0.0963	0.2537
1.083	-0.09868	0.2365
1.3	-0.1391	0.1595
1.434	-0.2488	0.05482
1.373	-0.2722	0.03457
1.248	-0.1633	0.116
1.394	-0.2495	0.126
1.41	-0.09927	0.1107
1.407	-0.007283	0.1156
1.372	0.01973	0.1226
1.421	-0.05727	0.07812
1.388	-0.142	0.07646
1.247	-0.1305	0.1039
1.06	-0.06413	0.1435
0.8949	0.005537	0.1656
0.9004	0.002611	0.114
0.9096	-0.0414	0.07712
0.8759	-0.04534	0.06138
0.9102	-0.06714	0.04626
0.8914	-0.06538	0.05194
0.8524	0.03578	0.0416
0.8342	0.1295	0.04518
0.832	0.1111	0.0496
0.8786	0.02451	0.05691
0.8611	-0.01675	0.08871
0.7744	-0.01733	0.09402
0.6477	-0.01553	0.09696
0.5803	0.00801	0.0887
0.7016	0.0165	0.06894
0.8099	0.0007342	0.08112
0.821	-0.01444	0.08979
0.8408	0.01017	0.09897
0.8624	0.04607	0.1125
0.9139	0.009364	0.1201
0.9646	-0.02052	0.142
0.9851	0.002153	0.1627
1.078	0.07458	0.2061
1.247	0.1431	0.2808
1.307	-0.006572	0.2954
1.258	-0.2371	0.258
1.342	-0.2396	0.2671
1.474	-0.1079	0.2967
1.49	0.006027	0.3331
1.481	0.0761	0.4051
1.449	0.06674	0.4262
1.368	0.008736	0.3519
1.191	-0.03383	0.2578
0.9139	-0.01176	0.2242
0.7492	0.05623	0.212
0.7246	0.08481	0.1657
0.6989	0.08175	0.1593
0.6561	0.06915	0.1737
0.6364	0.03981	0.1709
0.6462	0.02078	0.1972
0.6338	0.007347	0.2077
0.6239	0.0217	0.1819
0.6629	0.03204	0.1289
0.7038	-0.02219	0.09641
0.7501	-0.08786	0.1457
0.8081	-0.13	0.1902
0.841	-0.1209	0.1864
0.8803	-0.0797	0.1832
0.9675	-0.06724	0.2033
1.027	-0.0758	0.238
1.01	-0.0963	0.2537
1.083	-0.09868	0.2365
1.3	-0.1391	0.1595
1.434	-0.2488	0.05482
1.373	-0.2722	0.03457
1.248	-0.1633	0.116
1.258	-0.006768	0.2249
1.503	0.0733	0.2897
1.747	0.03235	0.2681
1.57	0.02102	0.2326
1.217	0.05471	0.2628
1.142	0.03009	0.256
1.047	-0.03367	0.1989
0.8372	-0.09134	0.1582
0.6949	-0.08813	0.07178
0.5966	-0.06231	-0.0126
0.6922	-0.105	-0.04757
0.7553	-0.1215	-0.04311
0.6739	-0.06881	0.01456
0.6865	-0.01294	0.0585
0.6254	0.06462	0.09775
0.6103	0.134	0.1163
0.7645	0.1967	0.1026
0.8996	0.2418	0.1189
0.988	0.201	0.1155
0.9674	0.1788	0.1114
0.9615	0.1903	0.1285
1.001	0.1439	0.1657
0.9878	0.06053	0.2418
0.9923	-0.04378	0.2459
0.9344	-0.1071	0.1912
0.9275	-0.1512	0.1673
1.158	-0.2685	0.1796
1.437	-0.3465	0.2559
1.502	-0.2811	0.3523
1.468	-0.1547	0.3811
1.619	-0.09163	0.3402
1.699	-0.1118	0.3064
1.557	-0.1239	0.2916
1.377	-0.07233	0.2588
1.104	0.0121	0.22
0.9272	0.06423	0.1511
0.8588	0.04572	0.08991
0.6828	-0.005529	0.07733
0.6356	-0.04938	0.08598
0.671	-0.1135	0.1482
0.6412	-0.1493	0.1952
0.7404	-0.1237	0.1805
0.8871	-0.1408	0.22
1.012	-0.1552	0.34
1.158	-0.1153	0.4193
1.187	-0.09368	0.3357
1.116	-0.06301	0.2002
1.017	-0.02793	0.1549
0.9188	-0.02783	0.1437
0.8832	-0.1003	0.1605
0.8394	-0.2189	0.1843
0.8325	-0.2428	0.1956
0.9187	-0.2056	0.246
0.9746	-0.1826	0.2704
1.082	-0.1642	0.2036
1.314	-0.2056	0.07439
1.419	-0.2396	0.0112
1.211	-0.109	0.07289
0.9537	0.09868	0.09254
0.9712	0.1262	0.0306
1.07	-0.06043	0.004329
1.076	-0.2587	0.05095
1.102	-0.3238	0.1514
1.075	-0.295	0.2127
0.8128	-0.1022	0.1298
0.8066	-0.11	0.1322
0.7822	-0.1039	0.1243
0.7418	-0.05979	0.1209
0.6807	-0.04471	0.1223
0.6417	-0.02646	0.1383
0.6778	-0.01119	0.1655
0.768	-0.0515	0.1769
0.8282	-0.08392	0.1524
0.8457	-0.1236	0.1352
0.8217	-0.142	0.1726
0.8278	-0.09601	0.2197
0.9143	-0.05607	0.2247
0.9913	-0.04462	0.2045
1.027	-0.05907	0.202
1.028	-0.05794	0.2442
1.047	-0.03019	0.276
1.115	-0.03834	0.2117
1.192	-0.1375	0.1145
1.245	-0.3111	0.09858
1.201	-0.344	0.1322
1.184	-0.1486	0.1637
1.328	0.05169	0.1846
1.557	0.113	0.146
1.694	0.08254	0.1131
1.482	0.01697	0.2086
1.206	-0.05703	0.2939
1.241	-0.05111	0.2148
1.224	-0.01292	0.1189
1.029	-0.05684	0.1078
0.8785	-0.05889	0.09832
0.7503	-0.05059	0.0802
0.7172	-0.1155	0.05912
0.7468	-0.1165	0.03923
0.7098	-0.05321	0.05355
0.6836	0.0589	0.05713
0.6787	0.1232	0.05101
0.6934	0.03929	0.06021
0.7236	-0.01587	0.05345
0.7084	-0.02361	0.05665
0.7304	-0.03178	0.07311
0.8307	-0.02784	0.09092
0.9123	-0.0565	0.1167
0.9109	-0.0246	0.1386
0.914	0.07242	0.1872
0.9889	0.1373	0.2187
1.015	0.1297	0.1959
1.045	0.08423	0.1964
1.125	0.02961	0.1926
1.136	-0.1934	0.1558
1.196	-0.3914	0.158
1.315	-0.241	0.1936
1.427	-0.0671	0.2232
1.567	-0.08652	0.2481
1.649	-0.1443	0.3159
1.692	-0.2243	0.3938
1.558	-0.2235	0.3197
1.211	-0.1265	0.1938
1.01	-0.0548	0.203
0.8973	0.01028	0.1965
0.7833	-0.009336	0.1389
0.7182	-0.06168	0.1484
0.5854	-0.02142	0.169
0.5427	-0.01193	0.1833
0.5599	0.001185	0.164
0.4937	0.01759	0.1046
0.4918	-0.0239	0.08081
0.5458	-0.01425	0.06582
0.6651	-0.05011	0.1006
0.8372	-0.1008	0.1918
0.9318	-0.05009	0.2236
0.9715	-0.03991	0.2061
0.973	-0.05008	0.179
0.9727	-0.03057	0.1751
1.001	-0.01488	0.2234
1.016	0.01073	0.2502
1.068	0.001943	0.1638
1.233	-0.1193	0.03406
1.367	-0.3631	0.04157
1.211	-0.4606	0.1228
1.085	-0.2574	0.1305
1.424	-0.02272	0.07878
1.714	0.07778	0.01819
1.541	0.07726	0.07763
1.351	0.05855	0.2227
1.297	0.0566	0.2781
1.22	-0.007716	0.23
1.129	-0.06163	0.1137
0.9498	-0.02219	0.03978
0.839	-0.007316	0.02945
0.889	-0.05758	0.01632
0.795	-0.09547	0.04465
0.6514	-0.09166	0.05976
0.6313	-0.04821	0.05194
0.6417	0.01062	0.05532
0.7003	0.03484	0.04604
0.7098	0.03003	0.07
0.6841	0.03717	0.08623
0.7213	0.04344	0.08184
0.8148	0.03353	0.09041
0.9525	0.0215	0.08656
0.9343	0.01083	0.0967
0.8846	0.006276	0.1263
0.9721	-0.0009432	0.1706
0.9925	-0.01568	0.1936
1.06	-0.03159	0.1822
1.196	-0.09515	0.1807
1.233	-0.1886	0.1675
1.29	-0.2009	0.1747
1.461	-0.1477	0.2201
1.781	-0.08333	0.273
1.969	-0.03501	0.3081
1.703	-0.1347	0.2503
1.413	-0.2681	0.1865
1.333	-0.1804	0.2002
1.05	-0.04809	0.1859
0.7752	0.01276	0.1679
0.7656	0.08851	0.1804
0.6096	0.04918	0.1641
0.5019	-0.02872	0.1819
0.5886	-0.03458	0.2182
0.5135	-0.04912	0.1815
0.5299	-0.02072	0.1332
0.6156	-0.02112	0.1165
0.6025	-0.03339	0.1417
0.6954	0.03089	0.1998
0.7361	0.04195	0.2005
0.7972	0.0382	0.1812
0.5599	0.001185	0.164
0.4937	0.01759	0.1046
0.4918	-0.0239	0.08081
0.5458	-0.01425	0.06582
0.6651	-0.05011	0.1006
0.8372	-0.1008	0.1918
0.9318	-0.05009	0.2236
0.9715	-0.03991	0.2061
0.973	-0.05008	0.179
0.9727	-0.03057	0.1751
1.001	-0.01488	0.2234
1.016	0.01073	0.2502
1.068	0.001943	0.1638
1.233	-0.1193	0.03406
1.367	-0.3631	0.04157
1.211	-0.4606	0.1228
1.085	-0.2574	0.1305
1.424	-0.02272	0.07878
1.714	0.07778	0.01819
1.541	0.07726	0.07763
1.351	0.05855	0.2227
1.297	0.0566	0.2781
1.22	-0.007716	0.23
1.129	-0.06163	0.1137
0.9498	-0.02219	0.03978
0.839	-0.007316	0.02945
0.889	-0.05758	0.01632
0.795	-0.09547	0.04465
0.6514	-0.09166	0.05976
0.6313	-0.04821	0.05194
0.6417	0.01062	0.05532
0.7003	0.03484	0.04604
0.7098	0.03003	0.07
0.6841	0.03717	0.08623
0.7213	0.04344	0.08184
0.8148	0.03353	0.09041
0.9525	0.0215	0.08656
0.9343	0.01083	0.0967
0.8846	0.006276	0.1263
0.9721	-0.0009432	0.1706
0.9925	-0.01568	0.1936
1.06	-0.03159	0.1822
1.196	-0.09515	0.1807
1.233	-0.1886	0.1675
1.29	-0.2009	0.1747
1.461	-0.1477	0.2201
1.781	-0.08333	0.273
1.969	-0.03501	0.3081
1.703	-0.1347	0.2503
1.413	-0.2681	0.1865
1.333	-0.1804	0.2002
1.05	-0.04809	0.1859
0.7752	0.01276	0.1679
0.7656	0.08851	0.1804
0.6096	0.04918	0.1641
0.5019	-0.02872	0.1819
0.5886	-0.03458	0.2182
0.5135	-0.04912	0.1815
0.5299	-0.02072	0.1332
0.6156	-0.02112	0.1165
0.6025	-0.03339	0.1417
0.6954	0.03089	0.1998
0.7361	0.04195	0.2005
0.7972	0.0382	0.1812
0.9265	0.003739	0.1912
0.9533	-0.05957	0.1907
1.013	-0.002347	0.1982
1.123	0.0007514	0.1907
1.349	-0.1675	0.1595
1.503	-0.3293	0.132
1.301	-0.2925	0.1088
1.183	-0.08288	0.1417
1.428	0.05567	0.1793
1.723	0.02112	0.151
1.771	-0.1834	0.1549
1.543	-0.3145	0.2321
1.257	-0.09712	0.2889
1.137	0.09781	0.2402
1.108	-0.03872	0.1239
0.9569	-0.1381	0.06255
0.7851	-0.06055	0.06351
0.6237	-0.09166	0.03781
0.512	-0.126	-0.02278
0.6375	-0.05987	-0.03565
0.6817	-0.06414	-0.0005361
0.5802	0.01058	0.01713
0.6117	0.1362	0.03891
0.6337	0.1573	0.05518
0.7142	0.1684	0.06149
0.8468	0.1047	0.1088
0.8289	0.03206	0.1402
0.8246	0.03032	0.135
0.9004	0.04213	0.1558
1.041	0.09874	0.2023
1.156	0.09853	0.2262
1.101	-0.01157	0.2056
1.095	-0.1944	0.1799
1.25	-0.3024	0.1351
1.378	-0.2172	0.09771
1.401	-0.107	0.1709
1.478	0.01119	0.2879
1.724	0.08868	0.3516
1.852	0.01754	0.357
1.6	-0.103	0.2865
1.179	-0.2357	0.2113
0.9026	-0.1811	0.2147
0.8405	0.03696	0.2272
0.8324	0.0622	0.2027
0.728	-0.03346	0.1886
0.6212	-0.1053	0.176
0.5704	-0.08581	0.1656
0.4852	-0.01701	0.1593
0.4395	-0.07992	0.1126
0.48	-0.07504	0.07511
0.5311	-0.004425	0.07011
0.6111	-0.003979	0.08817
0.7242	0.03145	0.1579
0.8564	-0.03659	0.1895
0.9639	-0.1089	0.1713
0.9616	-0.05419	0.1816
0.9366	0.01254	0.1802
1.024	0.09671	0.1612
1.244	-0.001328	0.1335
1.449	-0.2603	0.07866
1.37	-0.3851	0.04208
1.279	-0.307	0.08855
1.592	-0.08518	0.1802
1.863	0.07557	0.1989
1.047	-0.09511	0.06314
1.015	-0.1519	0.0549
0.9831	-0.1931	0.0643
0.9844	-0.2065	0.07562
0.9973	-0.1775	0.06622
1.056	-0.1682	0.02166
1.148	-0.2101	-0.0184
1.171	-0.3117	0.03257
1.09	-0.381	0.1424
0.9707	-0.2661	0.221
0.8937	-0.04274	0.2294
0.9837	0.07434	0.1607
1.21	0.02706	0.05434
1.295	-0.07199	0.009073
1.141	-0.1605	0.09415
0.8933	-0.2153	0.2125
0.762	-0.1655	0.2183
0.8176	-0.1105	0.1546
0.857	-0.1412	0.115
0.8392	-0.1339	0.1121
0.835	-0.1034	0.1624
0.8063	-0.1	0.2024
0.81	-0.06251	0.1839
0.8271	-0.03146	0.1715
0.8107	-0.02011	0.1555
0.8106	-0.02108	0.1222
0.8084	-0.03454	0.1319
0.8113	-0.03059	0.1774
0.8216	-0.05342	0.1923
0.7813	-0.07493	0.1579
0.7435	-0.0727	0.1271
0.7897	-0.08051	0.1604
0.9036	-0.07674	0.2275
1.026	-0.1019	0.2494
1.06	-0.1626	0.2395
1.026	-0.2058	0.2403
1.053	-0.2013	0.2609
1.096	-0.1663	0.2799
1.13	-0.1293	0.2419
1.241	-0.06673	0.1752
1.305	-0.07957	0.1327
1.249	-0.1739	0.1129
1.197	-0.2159	0.09292
1.163	-0.2181	0.0728
1.199	-0.1045	0.08045
1.391	0.05292	0.04092
1.552	-0.002114	-0.01855
1.49	-0.2023	0.02275
1.33	-0.3104	0.1065
1.198	-0.113	0.2154
1.095	0.125	0.2755
1.109	-0.04361	0.1686
1.092	-0.213	0.06555
0.9223	-0.143	0.05433
0.8934	-0.1795	0.03644
0.9255	-0.1977	0.02987
0.8229	-0.1593	0.04813
0.7528	-0.141	0.06913
0.6708	-0.005382	0.08109
0.6473	0.04193	0.03481
0.7705	-0.02373	-0.02608
0.8205	-0.0655	-0.005148
0.7473	-0.137	0.05701
0.6488	-0.09744	0.09944
0.6638	-0.02147	0.1153
0.7679	-0.02793	0.1023
0.8808	0.05143	0.1189
0.9998	0.1247	0.1488
0.9665	0.07585	0.1323
0.9455	0.01748	0.1413
1.083	-0.01271	0.1908
1.14	-0.009614	0.231
1.128	5.873e-05	0.2395
1.158	-0.1028	0.1868
1.293	-0.278	0.1145
1.433	-0.3414	0.1005
1.339	-0.2592	0.2247
1.216	-0.1242	0.3642
1.254	-0.05089	0.2938
1.347	-0.07877	0.2166
1.431	-0.1087	0.2643
1.374	-0.09333	0.2196
1.216	-0.1305	0.1648
1.106	-0.2228	0.1789
0.9852	-0.2319	0.1736
0.9182	-0.1631	0.1987
0.9227	-0.09318	0.2003
0.8285	-0.05481	0.1851
0.6951	-0.05572	0.205
0.5927	-0.01903	0.1753
0.5519	0.0309	0.1508
0.6158	0.04635	0.1345
0.6675	0.03444	0.1034
0.7284	-0.02735	0.1524
0.779	-0.06313	0.2151
0.7643	-0.05125	0.2234
0.8113	-0.02536	0.208
0.8722	-0.0004657	0.175
0.9541	-0.02362	0.1351
1.067	-0.06745	0.1325
1.053	-0.0987	0.2125
0.99	-0.06212	0.2858
0.9849	-0.0024	0.273
1.073	-0.04973	0.2389
1.236	-0.1222	0.2116
1.278	-0.1693	0.1626
1.191	-0.1899	0.1103
1.149	-0.1459	0.1062
1.152	-0.1059	0.1328
1.183	-0.06328	0.1391
1.372	-0.05678	0.1082
1.603	-0.1088	0.07049
1.508	-0.09412	0.1144
1.252	-0.06951	0.2528
1.176	-0.03595	0.3622
1.173	0.02764	0.2837
1.134	-0.01214	0.1114
0.9857	-0.04026	0.0666
0.8376	-0.01388	0.04416
0.8561	-0.06348	0.005849
0.8087	-0.1254	0.0298
0.7382	-0.1524	0.01709
0.7443	-0.1261	0.03489
0.6836	-0.04787	0.07176
0.6543	0.02913	0.03876
0.6363	0.06994	0.02467
0.6579	0.02285	0.007865
0.75	-0.03902	0.0443
0.6638	-0.02147	0.1153
0.7679	-0.02793	0.1023
0.8808	0.05143	0.1189
0.9998	0.1247	0.1488
0.9665	0.07585	0.1323
0.9455	0.01748	0.1413
1.083	-0.01271	0.1908
1.14	-0.009614	0.231
1.128	5.873e-05	0.2395
1.158	-0.1028	0.1868
1.293	-0.278	0.1145
1.433	-0.3414	0.1005
1.339	-0.2592	0.2247
1.216	-0.1242	0.3642
1.254	-0.05089	0.2938
1.347	-0.07877	0.2166
1.431	-0.1087	0.2643
1.374	-0.09333	0.2196
1.216	-0.1305	0.1648
1.106	-0.2228	0.1789
0.9852	-0.2319	0.1736
0.9182	-0.1631	0.1987
0.9227	-0.09318	0.2003
0.8285	-0.05481	0.1851
0.6951	-0.05572	0.205
0.5927	-0.01903	0.1753
0.5519	0.0309	0.1508
0.6158	0.04635	0.1345
0.6675	0.03444	0.1034
0.7284	-0.02735	0.1524
0.779	-0.06313	0.2151
0.7643	-0.05125	0.2234
0.8113	-0.02536	0.208
0.8722	-0.0004657	0.175
0.9541	-0.02362	0.1351
1.067	-0.06745	0.1325
1.053	-0.0987	0.2125
0.99	-0.06212	0.2858
0.9849	-0.0024	0.273
1.073	-0.04973	0.2389
1.236	-0.1222	0.2116
1.278	-0.1693	0.1626
1.191	-0.1899	0.1103
1.149	-0.1459	0.1062
1.152	-0.1059	0.1328
1.183	-0.06328	0.1391
1.372	-0.05678	0.1082
1.603	-0.1088	0.07049
1.508	-0.09412	0.1144
1.252	-0.06951	0.2528
1.176	-0.03595	0.3622
1.173	0.02764	0.2837
1.134	-0.01214	0.1114
0.9857	-0.04026	0.0666
0.8376	-0.01388	0.04416
0.8561	-0.06348	0.005849
0.8087	-0.1254	0.0298
0.7382	-0.1524	0.01709
0.7443	-0.1261	0.03489
0.6836	-0.04787	0.07176
0.6543	0.02913	0.03876
0.6363	0.06994	0.02467
0.6579	0.02285	0.007865
0.75	-0.03902	0.0443
0.7852	-0.07133	0.136
0.85	-0.07251	0.1481
0.8991	0.06344	0.1506
0.926	0.1821	0.1572
0.9838	0.09801	0.1583
1.018	0.03121	0.2011
1.095	0.1193	0.2241
1.082	0.1395	0.2112
1.041	-0.005889	0.1982
1.206	-0.1481	0.2059
1.394	-0.2001	0.2064
1.464	-0.1943	0.2032
1.409	-0.1669	0.2579
1.369	-0.1391	0.3276
1.495	-0.127	0.3725
1.611	-0.1226	0.3814
1.609	-0.0911	0.3003
1.413	-0.1042	0.1908
1.059	-0.1225	0.1873
0.8662	-0.03154	0.2415
0.8239	0.04534	0.2224
0.7712	0.03899	0.1616
0.7385	-0.02116	0.1182
0.7021	-0.07365	0.1475
0.6868	-0.05037	0.2352
0.6883	-0.05335	0.2379
0.6591	-0.07606	0.2102
0.6509	-0.04634	0.1935
0.6724	-0.02149	0.1312
0.7107	-0.01901	0.1262
0.7452	-0.02576	0.1734
0.7529	-0.02757	0.2081
0.7815	-0.02894	0.2075
0.8426	-0.03201	0.1725
0.9176	-0.03031	0.1827
0.9983	-0.03673	0.2239
1.053	-0.03067	0.2936
1.076	-0.02058	0.334
1.084	-0.02701	0.2578
1.146	-0.06088	0.1824
1.328	-0.1494	0.1377
1.477	-0.2365	0.09036
1.415	-0.2316	0.06944
1.252	-0.1487	0.07613
1.174	-0.0393	0.1326
1.274	0.04141	0.171
1.426	-0.02962	0.14
1.392	-0.1741	0.101
1.333	-0.2056	0.08179
1.306	-0.2095	0.08667
1.083	-0.154	0.1275
0.8985	0.0112	0.1728
0.8831	0.08087	0.1289
0.8773	0.06014	0.04274
0.9142	-0.01009	0.01832
0.9235	-0.1179	0.009985
0.8779	-0.1103	0.04015
0.825	-0.01112	0.0937
0.7803	0.07157	0.0849
0.81	0.06597	0.07112
0.8066	0.002948	0.07011
0.7508	-0.001359	0.06976
0.7316	0.0249	0.07982
0.7388	0.0427	0.0705
0.7852	-0.07133	0.136
0.85	-0.07251	0.1481
0.8991	0.06344	0.1506
0.926	0.1821	0.1572
0.9838	0.09801	0.1583
1.018	0.03121	0.2011
1.095	0.1193	0.2241
1.082	0.1395	0.2112
1.041	-0.005889	0.1982
1.206	-0.1481	0.2059
1.394	-0.2001	0.2064
1.464	-0.1943	0.2032
1.409	-0.1669	0.2579
1.369	-0.1391	0.3276
1.495	-0.127	0.3725
1.611	-0.1226	0.3814
1.609	-0.0911	0.3003
1.413	-0.1042	0.1908
1.059	-0.1225	0.1873
0.8662	-0.03154	0.2415
0.8239	0.04534	0.2224
0.7712	0.03899	0.1616
0.7385	-0.02116	0.1182
0.7021	-0.07365	0.1475
0.6868	-0.05037	0.2352
0.6883	-0.05335	0.2379
0.6591	-0.07606	0.2102
0.6509	-0.04634	0.1935
0.6724	-0.02149	0.1312
0.7107	-0.01901	0.1262
0.7452	-0.02576	0.1734
0.7529	-0.02757	0.2081
0.7815	-0.02894	0.2075
0.8426	-0.03201	0.1725
0.9176	-0.03031	0.1827
0.9983	-0.03673	0.2239
1.053	-0.03067	0.2936
1.076	-0.02058	0.334
1.084	-0.02701	0.2578
1.146	-0.06088	0.1824
1.328	-0.1494	0.1377
1.477	-0.2365	0.09036
1.415	-0.2316	0.06944
1.252	-0.1487	0.07613
1.174	-0.0393	0.1326
1.274	0.04141	0.171
1.426	-0.02962	0.14
1.392	-0.1741	0.101
1.333	-0.2056	0.08179
1.306	-0.2095	0.08667
1.083	-0.154	0.1275
0.8985	0.0112	0.1728
0.8831	0.08087	0.1289
0.8773	0.06014	0.04274
0.9142	-0.01009	0.01832
0.9235	-0.1179	0.009985
0.8779	-0.1103	0.04015
0.825	-0.01112	0.0937
0.7803	0.07157	0.0849
0.81	0.06597	0.07112
0.8066	0.002948	0.07011
0.7508	-0.001359	0.06976
0.7316	0.0249	0.07982
0.7388	0.0427	0.0705
0.7653	0.01727	0.05846
0.7608	-0.01587	0.05218
0.8016	0.05272	0.06579
0.9322	0.1208	0.1061
1.027	0.1177	0.1241
1.056	0.09709	0.1304
1.015	0.02061	0.1396
0.9957	-0.1103	0.1437
1.093	-0.2106	0.1776
1.224	-0.2326	0.2354
1.329	-0.2038	0.2513
1.384	-0.1768	0.1989
1.418	-0.1941	0.1697
1.443	-0.2098	0.2385
1.41	-0.1506	0.2995
1.391	-0.08047	0.2732
1.379	-0.06103	0.2563
1.281	-0.125	0.2781
1.076	-0.1943	0.2667
0.8224	-0.1031	0.2382
0.7241	0.001143	0.1986
0.7739	-0.01339	0.1538
0.7579	-0.03622	0.1751
0.7376	-0.05911	0.2153
0.7572	-0.05784	0.2326
0.7176	-0.004328	0.2573
0.6819	0.02985	0.2369
0.6749	-0.004476	0.1794
0.6968	-0.08639	0.1525
0.785	-0.1307	0.1878
0.8658	-0.137	0.245
0.883	-0.1404	0.2187
0.812	-0.1146	0.1665
0.7595	-0.08551	0.1704
0.8789	-0.0916	0.216
1.028	-0.1066	0.3039
1.073	-0.1032	0.3146
1.074	-0.1079	0.2711
1.049	-0.1021	0.2965
1.021	-0.07244	0.2847
1.045	-0.08676	0.2305
1.099	-0.1262	0.1549
1.137	-0.1915	0.07335
1.194	-0.2903	0.112
1.255	-0.2853	0.1534
1.267	-0.1115	0.1309
1.363	0.1163	0.115
1.585	0.1327	0.07913
1.655	-0.1249	0.1552
1.424	-0.2789	0.3232
1.136	-0.127	0.3451
1.024	0.03565	0.196
1.061	-0.005838	0.03166
1.04	-0.03499	0.02834
0.9007	0.01058	0.08169
0.8296	-0.03459	0.04707
0.8284	-0.05282	0.06184
0.8327	-0.03435	0.07264
0.8989	-0.04705	0.03481
0.9278	-0.01597	0.06381
0.8978	-0.02632	0.07429
0.8798	-0.03903	0.08765
0.8709	-0.02523	0.1274
0.8523	-0.06171	0.1043
0.7653	0.01727	0.05846
0.7608	-0.01587	0.05218
0.8016	0.05272	0.06579
0.9322	0.1208	0.1061
1.027	0.1177	0.1241
1.056	0.09709	0.1304
1.015	0.02061	0.1396
0.9957	-0.1103	0.1437
1.093	-0.2106	0.1776
1.224	-0.2326	0.2354
1.329	-0.2038	0.2513
1.384	-0.1768	0.1989
1.418	-0.1941	0.1697
1.443	-0.2098	0.2385
1.41	-0.1506	0.2995
1.391	-0.08047	0.2732
1.379	-0.06103	0.2563
1.281	-0.125	0.2781
1.076	-0.1943	0.2667
0.8224	-0.1031	0.2382
0.7241	0.001143	0.1986
0.7739	-0.01339	0.1538
0.7579	-0.03622	0.1751
0.7376	-0.05911	0.2153
0.7572	-0.05784	0.2326
0.7176	-0.004328	0.2573
0.6819	0.02985	0.2369
0.6749	-0.004476	0.1794
0.6968	-0.08639	0.1525
0.785	-0.1307	0.1878
0.8658	-0.137	0.245
0.883	-0.1404	0.2187
0.812	-0.1146	0.1665
0.7595	-0.08551	0.1704
0.8789	-0.0916	0.216
1.028	-0.1066	0.3039
1.073	-0.1032	0.3146
1.074	-0.1079	0.2711
1.049	-0.1021	0.2965
1.021	-0.07244	0.2847
1.045	-0.08676	0.2305
1.099	-0.1262	0.1549
1.137	-0.1915	0.07335
1.194	-0.2903	0.112
1.255	-0.2853	0.1534
1.267	-0.1115	0.1309
1.363	0.1163	0.115
1.585	0.1327	0.07913
1.655	-0.1249	0.1552
1.424	-0.2789	0.3232
1.136	-0.127	0.3451
1.024	0.03565	0.196
1.061	-0.005838	0.03166
1.04	-0.03499	0.02834
0.9007	0.01058	0.08169
0.8296	-0.03459	0.04707
0.8284	-0.05282	0.06184
0.8327	-0.03435	0.07264
0.8989	-0.04705	0.03481
0.9278	-0.01597	0.06381
0.8978	-0.02632	0.07429
0.8798	-0.03903	0.08765
0.8709	-0.02523	0.1274
0.8523	-0.06171	0.1043
0.8047	-0.06281	0.1012
0.8119	-0.04511	0.1139
0.833	-0.006456	0.09466
0.8114	0.0372	0.07143
0.8591	-0.03868	0.04537
0.9162	-0.08422	0.09393
0.9322	0.08624	0.1894
0.9613	0.314	0.2031
1.025	0.3404	0.1448
1.119	0.2374	0.1098
1.131	0.2113	0.1579
1.098	0.2121	0.201
1.128	0.1474	0.1568
1.169	0.01585	0.124
1.242	-0.1198	0.1534
1.288	-0.161	0.2212
1.172	-0.09742	0.2863
0.979	-0.007474	0.2042
0.9053	0.03319	0.03246
1.071	0.04185	-0.01408
1.356	-0.04841	0.02311
1.521	-0.3002	0.09125
1.517	-0.5483	0.2097
1.353	-0.6368	0.2798
1.139	-0.4395	0.2832
1.097	-0.08425	0.2594
1.106	0.1004	0.1764
1.021	0.1451	0.04149
0.9572	0.07994	-0.02242
0.8893	-0.08166	0.04446
0.8379	-0.1678	0.108
0.8569	-0.2185	0.1368
0.8474	-0.2011	0.1944
0.8352	-0.1236	0.2245
0.84	-0.08604	0.1911
0.8231	-0.01378	0.1216
0.8089	0.002055	0.1018
0.7683	-0.00294	0.1428
0.7422	0.02762	0.1472
0.7855	-0.04256	0.1433
0.8172	-0.05876	0.1544
0.7879	-0.02171	0.1558
0.7531	-0.03002	0.1445
0.7615	0.008089	0.1001
0.8156	0.01677	0.08505
0.9437	-0.008717	0.1203
1.043	-0.08519	0.1762
0.9686	-0.2099	0.2444
0.8922	-0.2067	0.2761
0.9512	-0.1114	0.2764
1.046	-0.02821	0.2543
1.113	0.001029	0.2241
1.03	-0.0009683	0.2119
0.9376	0.01073	0.1609
1.18	-0.1098	0.06482
1.409	-0.3462	-0.03024
1.283	-0.4243	-0.06953
1.185	-0.28	0.01843
1.231	-0.1354	0.1571
1.338	-0.09647	0.18
1.598	-0.08986	0.07524
1.714	-0.1817	-0.0208
1.539	-0.2851	0.01011
1.237	-0.1534	0.1411
0.8047	-0.06281	0.1012
0.8119	-0.04511	0.1139
0.833	-0.006456	0.09466
0.8114	0.0372	0.07143
0.8591	-0.03868	0.04537
0.9162	-0.08422	0.09393
0.9322	0.08624	0.1894
0.9613	0.314	0.2031
1.025	0.3404	0.1448
1.119	0.2374	0.1098
1.131	0.2113	0.1579
1.098	0.2121	0.201
1.128	0.1474	0.1568
1.169	0.01585	0.124
1.242	-0.1198	0.1534
1.288	-0.161	0.2212
1.172	-0.09742	0.2863
0.979	-0.007474	0.2042
0.9053	0.03319	0.03246
1.071	0.04185	-0.01408
1.356	-0.04841	0.02311
1.521	-0.3002	0.09125
1.517	-0.5483	0.2097
1.353	-0.6368	0.2798
1.139	-0.4395	0.2832
1.097	-0.08425	0.2594
1.106	0.1004	0.1764
1.021	0.1451	0.04149
0.9572	0.07994	-0.02242
0.8893	-0.08166	0.04446
0.8379	-0.1678	0.108
0.8569	-0.2185	0.1368
0.8474	-0.2011	0.1944
0.8352	-0.1236	0.2245
0.84	-0.08604	0.1911
0.8231	-0.01378	0.1216
0.8089	0.002055	0.1018
0.7683	-0.00294	0.1428
0.7422	0.02762	0.1472
0.7855	-0.04256	0.1433
0.8172	-0.05876	0.1544
0.7879	-0.02171	0.1558
0.7531	-0.03002	0.1445
0.7615	0.008089	0.1001
0.8156	0.01677	0.08505
0.9437	-0.008717	0.1203
1.043	-0.08519	0.1762
0.9686	-0.2099	0.2444
0.8922	-0.2067	0.2761
0.9512	-0.1114	0.2764
1.046	-0.02821	0.2543
1.113	0.001029	0.2241
1.03	-0.0009683	0.2119
0.9376	0.01073	0.1609
1.18	-0.1098	0.06482
1.409	-0.3462	-0.03024
1.283	-0.4243	-0.06953
1.185	-0.28	0.01843
1.231	-0.1354	0.1571
1.338	-0.09647	0.18
1.598	-0.08986	0.07524
1.714	-0.1817	-0.0208
1.539	-0.2851	0.01011
1.237	-0.1534	0.1411
0.8684	-0.001675	0.2083
0.7732	-0.04857	0.106
0.8851	-0.06141	-0.01945
0.7919	-0.01296	-8.76e-05
0.8264	-0.03388	0.01381
0.9442	-0.03251	-0.01086
0.8657	-0.01393	0.06724
0.9286	-0.004497	0.07192
0.997	0.03035	0.03239
0.9654	0.004884	0.08662
0.9234	-0.07047	0.08156
0.729	-0.1031	0.1027
0.6697	-0.03806	0.1349
0.7283	0.07482	0.07308
0.6994	0.07406	0.04764
0.7241	0.03679	0.01832
0.7687	0.04799	0.01409
0.8893	-0.001478	0.07989
1.02	-0.03477	0.1376
1.008	0.006054	0.1779
1.029	0.06035	0.1584
1.161	0.1081	0.1634
1.255	0.07018	0.2
1.163	-0.007682	0.186
1.07	-0.04822	0.1868
1.177	-0.128	0.1655
1.292	-0.2219	0.125
1.316	-0.2541	0.1145
1.311	-0.2393	0.1255
1.287	-0.2157	0.1964
1.328	-0.2262	0.2709
1.485	-0.2691	0.2896
1.61	-0.3053	0.2624
1.443	-0.2831	0.1985
1.102	-0.2138	0.1229
0.9479	-0.1602	0.1019
0.8692	-0.06891	0.1737
0.7832	0.003377	0.2064
0.8835	-0.08362	0.1842
0.9566	-0.1835	0.2109
0.8731	-0.1796	0.2262
0.8094	-0.1445	0.2008
0.7701	-0.08206	0.1648
0.7584	-0.006694	0.1537
0.7487	0.04201	0.166
0.6899	0.06539	0.1467
0.6408	0.061	0.1385
0.656	0.03618	0.1557
0.7351	0.008563	0.1802
0.792	-0.02266	0.1969
0.7692	-0.02795	0.1656
0.7385	0.01656	0.141
0.7865	0.03365	0.1556
0.9028	-0.02379	0.1863
1.043	-0.1099	0.2251
1.106	-0.1576	0.2524
1.068	-0.1444	0.2707
1.15	-0.1348	0.2836
1.277	-0.1597	0.2717
1.302	-0.2474	0.1926
1.351	-0.3375	0.08042
1.229	-0.223	0.0541
1.098	-0.007276	0.09498
1.487	0.01535	0.09525
0.8684	-0.001675	0.2083
0.7732	-0.04857	0.106
0.8851	-0.06141	-0.01945
0.7919	-0.01296	-8.76e-05
0.8264	-0.03388	0.01381
0.9442	-0.03251	-0.01086
0.8657	-0.01393	0.06724
0.9286	-0.004497	0.07192
0.997	0.03035	0.03239
0.9654	0.004884	0.08662
0.9234	-0.07047	0.08156
0.729	-0.1031	0.1027
0.6697	-0.03806	0.1349
0.7283	0.07482	0.07308
0.6994	0.07406	0.04764
0.7241	0.03679	0.01832
0.7687	0.04799	0.01409
0.8893	-0.001478	0.07989
1.02	-0.03477	0.1376
1.008	0.006054	0.1779
1.029	0.06035	0.1584
1.161	0.1081	0.1634
1.255	0.07018	0.2
1.163	-0.007682	0.186
1.07	-0.04822	0.1868
1.177	-0.128	0.1655
1.292	-0.2219	0.125
1.316	-0.2541	0.1145
1.311	-0.2393	0.1255
1.287	-0.2157	0.1964
1.328	-0.2262	0.2709
1.485	-0.2691	0.2896
1.61	-0.3053	0.2624
1.443	-0.2831	0.1985
1.102	-0.2138	0.1229
0.9479	-0.1602	0.1019
0.8692	-0.06891	0.1737
0.7832	0.003377	0.2064
0.8835	-0.08362	0.1842
0.9566	-0.1835	0.2109
0.8731	-0.1796	0.2262
0.8094	-0.1445	0.2008
0.7701	-0.08206	0.1648
0.7584	-0.006694	0.1537
0.7487	0.04201	0.166
0.6899	0.06539	0.1467
0.6408	0.061	0.1385
0.656	0.03618	0.1557
0.7351	0.008563	0.1802
0.792	-0.02266	0.1969
0.7692	-0.02795	0.1656
0.7385	0.01656	0.141
0.7865	0.03365	0.1556
0.9028	-0.02379	0.1863
1.043	-0.1099	0.2251
1.106	-0.1576	0.2524
1.068	-0.1444	0.2707
1.15	-0.1348	0.2836
1.277	-0.1597	0.2717
1.302	-0.2474	0.1926
1.351	-0.3375	0.08042
1.229	-0.223	0.0541
1.098	-0.007276	0.09498
1.487	0.01535	0.09525
1.842	-0.1469	0.08827
1.515	-0.2605	0.1432
1.145	-0.1378	0.2169
1.158	-0.001501	0.237
1.104	-0.09263	0.1459
0.8924	-0.135	0.02555
0.6626	-0.08789	0.006923
0.5458	-0.1106	-0.005789
0.7538	-0.07023	-0.04027
0.9549	-0.05383	-0.003344
0.9777	-0.0746	0.04049
1.004	-0.009392	0.0872
0.8886	0.02516	0.1554
0.7487	0.06562	0.1625
0.7463	0.08659	0.1279
0.785	0.05066	0.1065
0.826	0.08612	0.1058
0.7893	0.0973	0.09982
0.7398	0.07702	0.03669
0.7269	0.06268	-0.02136
0.7837	0.001998	0.008881
0.9021	-0.0009714	0.05653
0.8969	0.029	0.08708
0.902	0.04108	0.1401
0.9566	0.09058	0.1234
0.9487	0.1242	0.07214
0.9993	0.06754	0.15
0.9604	-0.06049	0.22
0.8819	-0.1592	0.2059
1.05	-0.2365	0.2134
1.297	-0.3345	0.1654
1.49	-0.3708	0.1121
1.57	-0.3191	0.1762
1.485	-0.242	0.2946
1.428	-0.1994	0.4153
1.408	-0.1394	0.4504
1.349	-0.09071	0.3171
1.218	-0.1332	0.1378
0.9529	-0.1032	0.1071
0.8397	-0.06338	0.1988
0.9473	-0.1459	0.2351
0.9242	-0.1772	0.1864
0.8342	-0.1513	0.1529
0.8377	-0.08949	0.1886
0.8866	0.01371	0.2244
0.9657	0.05765	0.2127
0.9299	0.05673	0.1514
0.8251	0.03815	0.03051
0.8138	0.02288	-0.0065
0.8236	-6.656e-05	0.07642
0.849	-0.03979	0.1213
0.8333	-0.06929	0.1346
0.8035	-0.1173	0.1915
0.9107	-0.1244	0.2784
1.007	-0.0905	0.3106
1.018	-0.06489	0.2717
1.005	-0.007622	0.2715
0.9933	0.02148	0.3081
1.01	-0.01077	0.3283
0.9819	-0.04303	0.3384
0.9686	-0.0604	0.3417
0.9929	-0.09949	0.369
0.9774	-0.1435	0.3833
0.9447	-0.1265	0.2922
1.842	-0.1469	0.08827
1.515	-0.2605	0.1432
1.145	-0.1378	0.2169
1.158	-0.001501	0.237
1.104	-0.09263	0.1459
0.8924	-0.135	0.02555
0.6626	-0.08789	0.006923
0.5458	-0.1106	-0.005789
0.7538	-0.07023	-0.04027
0.9549	-0.05383	-0.003344
0.9777	-0.0746	0.04049
1.004	-0.009392	0.0872
0.8886	0.02516	0.1554
0.7487	0.06562	0.1625
0.7463	0.08659	0.1279
0.785	0.05066	0.1065
0.826	0.08612	0.1058
0.7893	0.0973	0.09982
0.7398	0.07702	0.03669
0.7269	0.06268	-0.02136
0.7837	0.001998	0.008881
0.9021	-0.0009714	0.05653
0.8969	0.029	0.08708
0.902	0.04108	0.1401
0.9566	0.09058	0.1234
0.9487	0.1242	0.07214
0.9993	0.06754	0.15
0.9604	-0.06049	0.22
0.8819	-0.1592	0.2059
1.05	-0.2365	0.2134
1.297	-0.3345	0.1654
1.49	-0.3708	0.1121
1.57	-0.3191	0.1762
1.485	-0.242	0.2946
1.428	-0.1994	0.4153
1.408	-0.1394	0.4504
1.349	-0.09071	0.3171
1.218	-0.1332	0.1378
0.9529	-0.1032	0.1071
0.8397	-0.06338	0.1988
0.9473	-0.1459	0.2351
0.9242	-0.1772	0.1864
0.8342	-0.1513	0.1529
0.8377	-0.08949	0.1886
0.8866	0.01371	0.2244
0.9657	0.05765	0.2127
0.9299	0.05673	0.1514
0.8251	0.03815	0.03051
0.8138	0.02288	-0.0065
0.8236	-6.656e-05	0.07642
0.849	-0.03979	0.1213
0.8333	-0.06929	0.1346
0.8035	-0.1173	0.1915
0.9107	-0.1244	0.2784
1.007	-0.0905	0.3106
1.018	-0.06489	0.2717
1.005	-0.007622	0.2715
0.9933	0.02148	0.3081
1.01	-0.01077	0.3283
0.9819	-0.04303	0.3384
0.9686	-0.0604	0.3417
0.9929	-0.09949	0.369
0.9774	-0.1435	0.3833
0.9447	-0.1265	0.2922
0.9306	-0.1269	0.08328
1.087	-0.2293	-0.1177
1.288	-0.404	-0.1347
1.248	-0.5319	-0.02123
1.228	-0.4502	0.04484
1.429	-0.2868	0.04937
1.587	-0.2061	0.04546
1.535	-0.09926	0.08
1.349	0.03901	0.155
1.157	0.09	0.1797
1.051	-0.006321	0.1246
0.983	-0.11	0.04811
0.8951	-0.07194	-0.0213
0.881	-0.05084	-0.07653
0.9163	-0.06508	-0.07603
0.8953	-0.06375	-0.01284
0.899	-0.1219	0.02613
0.9307	-0.1366	0.008377
0.9384	-0.1423	0.0007444
0.9689	-0.1912	0.03556
0.986	-0.1773	0.09142
0.9751	-0.08245	0.1156
0.9744	0.05111	0.05747
0.999	0.02819	-0.01011
1.014	-0.1109	0.02483
0.9036	-0.1463	0.07725
0.7528	-0.1392	0.07847
0.7396	-0.08579	0.09394
0.8035	-0.04587	0.08761
0.8091	-0.0972	0.08341
0.7381	-0.09103	0.1122
0.707	-0.01409	0.1042
0.8179	0.05654	0.102
0.9239	0.02787	0.09969
0.8346	-0.03159	0.09259
0.7749	0.01546	0.1363
0.9662	0.03771	0.1815
1.112	0.06209	0.2049
1.077	0.1147	0.1968
1.1	0.11	0.2015
1.199	0.1374	0.2563
1.233	0.08721	0.2673
1.213	-0.0925	0.2341
1.214	-0.2854	0.2059
1.223	-0.4178	0.2073
1.254	-0.2919	0.2304
1.316	-0.0645	0.2442
1.354	-0.006147	0.2946
1.389	-0.01384	0.3171
1.387	-0.08752	0.2452
1.303	-0.1549	0.1628
1.136	-0.0797	0.1282
0.9088	0.0005764	0.1642
0.8216	0.01364	0.1965
0.8354	-0.06231	0.1888
0.7396	-0.187	0.2209
0.7073	-0.2037	0.2556
0.7643	-0.1585	0.2566
0.7546	-0.1313	0.2486
0.7663	-0.07267	0.2344
0.7585	0.02579	0.2415
0.7059	0.1171	0.2352
0.7081	0.1447	0.1722
0.7372	0.06986	0.1085
0.9306	-0.1269	0.08328
1.087	-0.2293	-0.1177
1.288	-0.404	-0.1347
1.248	-0.5319	-0.02123
1.228	-0.4502	0.04484
1.429	-0.2868	0.04937
1.587	-0.2061	0.04546
1.535	-0.09926	0.08
1.349	0.03901	0.155
1.157	0.09	0.1797
1.051	-0.006321	0.1246
0.983	-0.11	0.04811
0.8951	-0.07194	-0.0213
0.881	-0.05084	-0.07653
0.9163	-0.06508	-0.07603
0.8953	-0.06375	-0.01284
0.899	-0.1219	0.02613
0.9307	-0.1366	0.008377
0.9384	-0.1423	0.0007444
0.9689	-0.1912	0.03556
0.986	-0.1773	0.09142
0.9751	-0.08245	0.1156
0.9744	0.05111	0.05747
0.999	0.02819	-0.01011
1.014	-0.1109	0.02483
0.9036	-0.1463	0.07725
0.7528	-0.1392	0.07847
0.7396	-0.08579	0.09394
0.8035	-0.04587	0.08761
0.8091	-0.0972	0.08341
0.7381	-0.09103	0.1122
0.707	-0.01409	0.1042
0.8179	0.05654	0.102
0.9239	0.02787	0.09969
0.8346	-0.03159	0.09259
0.7749	0.01546	0.1363
0.9662	0.03771	0.1815
1.112	0.06209	0.2049
1.077	0.1147	0.1968
1.1	0.11	0.2015
1.199	0.1374	0.2563
1.233	0.08721	0.2673
1.213	-0.0925	0.2341
1.214	-0.2854	0.2059
1.223	-0.4178	0.2073
1.254	-0.2919	0.2304
1.316	-0.0645	0.2442
1.354	-0.006147	0.2946
1.389	-0.01384	0.3171
1.387	-0.08752	0.2452
1.303	-0.1549	0.1628
1.136	-0.0797	0.1282
0.9088	0.0005764	0.1642
0.8216	0.01364	0.1965
0.8354	-0.06231	0.1888
0.7396	-0.187	0.2209
0.7073	-0.2037	0.2556
0.7643	-0.1585	0.2566
0.7546	-0.1313	0.2486
0.7663	-0.07267	0.2344
0.7585	0.02579	0.2415
0.7059	0.1171	0.2352
0.7081	0.1447	0.1722
0.7372	0.06986	0.1085
0.7876	-0.04941	0.1154
0.7992	-0.05704	0.1818
0.7632	0.03193	0.2122
0.7725	0.06243	0.1778
0.811	0.0115	0.1446
0.8868	-0.05448	0.1575
0.9752	-0.04505	0.2136
1.054	0.004265	0.278
1.123	0.0037	0.2884
1.123	-0.04493	0.1942
1.187	-0.1895	0.1003
1.35	-0.3358	0.1144
1.37	-0.3403	0.1178
1.227	-0.2695	0.06297
1.138	-0.1819	0.04193
1.281	-0.08833	0.05503
1.612	-0.02725	0.08107
1.776	-0.08105	0.1239
1.478	-0.1619	0.1942
1.079	-0.09909	0.2468
1.066	-0.05371	0.18
1.058	-0.06462	0.06423
0.8401	-0.000699	0.02091
0.8207	0.009027	-0.01436
0.8294	-0.08131	-0.0538
0.7484	-0.1669	-0.03196
0.7465	-0.1388	0.008936
0.6948	-0.009077	0.04592
0.6925	0.05123	0.06034
0.6905	0.02864	0.03524
0.5922	-0.02347	0.03398
0.6223	-0.0363	0.03894
0.7803	0.04332	0.03252
0.9693	0.1022	0.06173
0.9718	0.088	0.109
0.8483	0.03104	0.1548
0.9106	-0.01761	0.1672
0.9894	-0.06184	0.1548
1.044	-0.1062	0.1708
1.033	-0.07322	0.1841
0.9433	-0.06836	0.1863
1.083	-0.1431	0.1647
1.213	-0.1871	0.1238
1.248	-0.1712	0.1439
1.417	-0.111	0.1909
1.489	-0.07748	0.2676
1.575	-0.068	0.4166
1.72	-0.08434	0.4666
1.577	-0.1413	0.323
1.315	-0.1415	0.1756
1.133	-0.06468	0.1832
0.946	0.03485	0.2262
0.8219	0.02884	0.1979
0.696	-0.04669	0.1959
0.5398	-0.04731	0.1946
0.5375	-0.06179	0.1654
0.5441	-0.05295	0.1726
0.4667	-0.0177	0.1396
0.4739	-0.05723	0.08059
0.5096	-0.07804	0.07484
0.5793	-0.1074	0.1057
0.6783	-0.1264	0.1627
0.7214	-0.07869	0.1831
0.8083	-0.05706	0.172
0.7876	-0.04941	0.1154
0.7992	-0.05704	0.1818
0.7632	0.03193	0.2122
0.7725	0.06243	0.1778
0.811	0.0115	0.1446
0.8868	-0.05448	0.1575
0.9752	-0.04505	0.2136
1.054	0.004265	0.278
1.123	0.0037	0.2884
1.123	-0.04493	0.1942
1.187	-0.1895	0.1003
1.35	-0.3358	0.1144
1.37	-0.3403	0.1178
1.227	-0.2695	0.06297
1.138	-0.1819	0.04193
1.281	-0.08833	0.05503
1.612	-0.02725	0.08107
1.776	-0.08105	0.1239
1.478	-0.1619	0.1942
1.079	-0.09909	0.2468
1.066	-0.05371	0.18
1.058	-0.06462	0.06423
0.8401	-0.000699	0.02091
0.8207	0.009027	-0.01436
0.8294	-0.08131	-0.0538
0.7484	-0.1669	-0.03196
0.7465	-0.1388	0.008936
0.6948	-0.009077	0.04592
0.6925	0.05123	0.06034
0.6905	0.02864	0.03524
0.5922	-0.02347	0.03398
0.6223	-0.0363	0.03894
0.7803	0.04332	0.03252
0.9693	0.1022	0.06173
0.9718	0.088	0.109
0.8483	0.03104	0.1548
0.9106	-0.01761	0.1672
0.9894	-0.06184	0.1548
1.044	-0.1062	0.1708
1.033	-0.07322	0.1841
0.9433	-0.06836	0.1863
1.083	-0.1431	0.1647
1.213	-0.1871	0.1238
1.248	-0.1712	0.1439
1.417	-0.111	0.1909
1.489	-0.07748	0.2676
1.575	-0.068	0.4166
1.72	-0.08434	0.4666
1.577	-0.1413	0.323
1.315	-0.1415	0.1756
1.133	-0.06468	0.1832
0.946	0.03485	0.2262
0.8219	0.02884	0.1979
0.696	-0.04669	0.1959
0.5398	-0.04731	0.1946
0.5375	-0.06179	0.1654
0.5441	-0.05295	0.1726
0.4667	-0.0177	0.1396
0.4739	-0.05723	0.08059
0.5096	-0.07804	0.07484
0.5793	-0.1074	0.1057
0.6783	-0.1264	0.1627
0.7214	-0.07869	0.1831
0.8083	-0.05706	0.172
0.9159	-0.03448	0.2088
1.02	-0.02495	0.2871
1.154	-0.03201	0.3314
1.249	-0.05946	0.2585
1.406	-0.2628	0.1479
1.563	-0.4979	0.1101
1.41	-0.4274	0.1251
1.13	-0.0808	0.1949
1.109	0.2231	0.2579
1.348	0.2423	0.2229
1.601	0.02579	0.1829
1.492	-0.125	0.2268
1.217	-0.09248	0.3031
1.187	-0.02361	0.3429
1.192	0.02314	0.233
1.188	-0.02042	0.04587
1.069	-0.08923	0.03834
0.8018	-0.05859	0.0617
0.812	-0.1166	-0.02521
0.8526	-0.2409	-0.02191
0.7823	-0.2559	-0.0005872
0.7761	-0.2116	-0.001964
0.6697	-0.1001	0.0553
0.6262	0.06196	0.06142
0.6568	0.1406	0.0519
0.6267	0.06495	0.05911
0.5966	-0.03335	0.0599
0.5595	-0.04761	0.1024
0.625	-0.02642	0.145
0.7528	0.06632	0.1625
0.8658	0.1513	0.1505
0.9843	0.14	0.1498
1.05	0.08417	0.1833
1.071	-0.04795	0.1971
1.075	-0.1832	0.2111
1.19	-0.249	0.2045
1.426	-0.2666	0.1916
1.534	-0.2275	0.2133
1.479	-0.1652	0.236
1.518	-0.07598	0.2914
1.733	-0.01676	0.3303
1.823	-0.03898	0.2994
1.578	-0.0936	0.2424
1.174	-0.1393	0.1821
0.8982	-0.07363	0.1971
0.7927	0.01216	0.2279
0.716	-0.04043	0.1667
0.6727	-0.09584	0.1219
0.6456	-0.1174	0.1212
0.5901	-0.1499	0.1238
0.5156	-0.1019	0.1396
0.409	-0.02189	0.1229
0.389	0.03201	0.1136
0.4686	0.06341	0.1469
0.6135	0.02314	0.1742
0.8311	-0.01737	0.1917
0.9112	-0.03065	0.1823
0.8684	-0.054	0.1774
0.9098	-0.05214	0.2042
1.004	-0.0718	0.1941
1.159	-0.09826	0.1152
1.369	-0.134	0.01247
1.417	-0.2528	0.004105
1.349	-0.3216	0.06787
0.9159	-0.03448	0.2088
1.02	-0.02495	0.2871
1.154	-0.03201	0.3314
1.249	-0.05946	0.2585
1.406	-0.2628	0.1479
1.563	-0.4979	0.1101
1.41	-0.4274	0.1251
1.13	-0.0808	0.1949
1.109	0.2231	0.2579
1.348	0.2423	0.2229
1.601	0.02579	0.1829
1.492	-0.125	0.2268
1.217	-0.09248	0.3031
1.187	-0.02361	0.3429
1.192	0.02314	0.233
1.188	-0.02042	0.04587
1.069	-0.08923	0.03834
0.8018	-0.05859	0.0617
0.812	-0.1166	-0.02521
0.8526	-0.2409	-0.02191
0.7823	-0.2559	-0.0005872
0.7761	-0.2116	-0.001964
0.6697	-0.1001	0.0553
0.6262	0.06196	0.06142
0.6568	0.1406	0.0519
0.6267	0.06495	0.05911
0.5966	-0.03335	0.0599
0.5595	-0.04761	0.1024
0.625	-0.02642	0.145
0.7528	0.06632	0.1625
0.8658	0.1513	0.1505
0.9843	0.14	0.1498
1.05	0.08417	0.1833
1.071	-0.04795	0.1971
1.075	-0.1832	0.2111
1.19	-0.249	0.2045
1.426	-0.2666	0.1916
1.534	-0.2275	0.2133
1.479	-0.1652	0.236
1.518	-0.07598	0.2914
1.733	-0.01676	0.3303
1.823	-0.03898	0.2994
1.578	-0.0936	0.2424
1.174	-0.1393	0.1821
0.8982	-0.07363	0.1971
0.7927	0.01216	0.2279
0.716	-0.04043	0.1667
0.6727	-0.09584	0.1219
0.6456	-0.1174	0.1212
0.5901	-0.1499	0.1238
0.5156	-0.1019	0.1396
0.409	-0.02189	0.1229
0.389	0.03201	0.1136
0.4686	0.06341	0.1469
0.6135	0.02314	0.1742
0.8311	-0.01737	0.1917
0.9112	-0.03065	0.1823
0.8684	-0.054	0.1774
0.9098	-0.05214	0.2042
1.004	-0.0718	0.1941
1.159	-0.09826	0.1152
1.369	-0.134	0.01247
1.417	-0.2528	0.004105
1.349	-0.3216	0.06787
1.429	-0.2442	0.09857
1.627	-0.09195	0.1584
1.796	0.0007807	0.1904
1.763	-0.08849	0.1414
1.539	-0.1736	0.1486
1.341	-0.03368	0.2061
1.111	0.1208	0.2396
1.017	0.1041	0.1904
1.038	0.0496	0.06853
0.8177	-0.006989	-0.001951
0.6842	-0.06327	-0.04363
0.674	-0.06639	-0.08043
0.5952	-0.07339	-0.0885
0.6567	-0.07412	-0.1006
0.6561	-0.06588	-0.06086
0.6359	-0.04426	0.01241
0.6875	0.0394	0.05808
0.6728	0.1129	0.09392
0.7864	0.1481	0.1124
0.8857	0.1419	0.1308
0.8729	0.08468	0.1438
0.8968	0.01361	0.1701
0.9459	-0.0351	0.2354
1.027	-0.01906	0.2555
0.9883	-0.06105	0.2089
0.9516	-0.2103	0.1375
1.164	-0.2902	0.09282
1.491	-0.2615	0.1233
1.698	-0.1847	0.1692
1.555	-0.1176	0.2042
1.364	-0.0747	0.2746
1.423	0.00594	0.3384
1.412	0.08515	0.333
1.35	0.08085	0.2938
1.291	0.03112	0.2483
1.047	0.004884	0.1734
0.798	-0.006613	0.1175
0.6929	0.00531	0.1264
0.7447	0.02624	0.156
0.8022	0.008321	0.1635
0.7306	0.007731	0.1261
0.71	0.01371	0.05555
0.6514	-0.009582	0.02357
0.5689	-0.01652	0.04818
0.6271	-0.02167	0.06934
0.6703	-0.02636	0.09363
0.7786	-0.03964	0.1504
0.9086	-0.0783	0.1818
0.9228	-0.1229	0.1815
0.9759	-0.1559	0.2368
1.002	-0.1378	0.3464
1.012	-0.09768	0.3904
1.046	-0.02831	0.291
1.056	0.03669	0.1164
1.195	-0.08729	-0.002653
1.406	-0.3133	-0.01395
1.533	-0.4367	0.01389
1.524	-0.4422	0.001339
1.475	-0.271	-0.009391
1.52	-0.007699	0.01466
1.484	0.07056	0.009914
1.346	-0.04173	-0.03784
1.24	-0.1436	-0.1065
1.195	-0.177	-0.1391
1.167	-0.1877	0.055
1.157	-0.1791	0.07148
1.099	-0.1725	0.07998
1.156	-0.06848	0.103
1.177	0.03474	0.1276
1.183	-0.01366	0.1235
1.18	-0.1013	0.1185
1.016	-0.1315	0.1484
0.89	-0.1244	0.1718
0.9086	-0.1003	0.1597
0.8977	-0.09583	0.156
0.8488	-0.1038	0.1646
0.8372	-0.09521	0.1767
0.8164	-0.07961	0.1914
0.7404	-0.03904	0.1724
0.6975	0.009926	0.1435
0.6615	0.01234	0.1499
0.6327	0.0002268	0.1631
0.6815	-0.009541	0.1603
0.6865	-0.03654	0.1484
0.6985	-0.06864	0.1397
0.7735	-0.1073	0.1777
0.8371	-0.1205	0.2333
0.8917	-0.09379	0.2275
0.877	-0.07354	0.2048
0.9126	-0.07905	0.208
1.047	-0.1159	0.2023
1.117	-0.1617	0.1858
1.167	-0.189	0.1554
1.277	-0.2631	0.1332
1.364	-0.3465	0.1332
1.284	-0.2632	0.1162
1.235	-0.0937	0.1006
1.461	-0.03746	0.09048
1.658	-0.0881	0.07449
1.613	-0.1366	0.1248
1.433	-0.07247	0.2405
1.286	-0.008309	0.2971
1.259	-0.04799	0.2074
1.116	-0.04374	0.09073
0.8345	-0.03863	0.09917
0.7058	-0.08254	0.07924
0.7222	-0.1233	-0.03223
0.7135	-0.2126	-0.04509
0.6436	-0.222	0.009631
0.5205	-0.09298	0.03288
0.4381	0.03856	0.02132
0.4903	0.09867	-0.008582
0.5783	0.04962	0.00463
0.6717	0.004264	0.03348
0.7667	0.01788	0.07697
0.8116	0.03792	0.1331
0.9267	0.1173	0.144
1.066	0.1646	0.151
1.104	0.07842	0.1493
1.08	-0.09484	0.1562
1.042	-0.2763	0.2141
1.139	-0.2765	0.2652
1.31	-0.1401	0.2729
1.397	-0.05234	0.2221
1.449	0.0479	0.2051
1.432	0.06175	0.3052
1.466	-0.06519	0.4422
1.635	-0.1666	0.4789
1.69	-0.2969	0.313
1.493	-0.3689	0.1712
1.102	-0.22	0.2593
0.7649	-0.00794	0.3141
0.6585	0.1019	0.2364
0.652	0.06144	0.2213
0.6328	-0.008998	0.2415
0.5945	-0.03428	0.2331
0.5947	-0.07521	0.244
0.5915	-0.06409	0.204
0.5565	-0.04513	0.1294
0.5994	-0.05653	0.1414
0.666	-0.01966	0.2019
0.7255	-0.008028	0.2364
0.7675	-0.0437	0.1834
0.7456	-0.09311	0.1103
0.8065	-0.1151	0.1561
0.9704	-0.0503	0.2332
1.099	0.004263	0.2849
1.136	-0.01021	0.2976
1.181	-0.04888	0.2242
1.332	-0.1095	0.1796
1.372	-0.1655	0.1819
1.276	-0.1717	0.174
1.203	-0.1676	0.1789
1.134	-0.187	0.1676
1.359	-0.1841	0.1239
1.866	-0.2163	-0.003945
1.973	-0.2748	-0.09884
1.537	-0.2251	0.09458
1.041	-0.1175	0.3192
0.9175	-0.03067	0.2457
1.044	-0.033	0.08837
0.9469	-0.1007	-0.004669
0.7522	-0.09137	-0.06307
0.6967	-0.1054	-0.02676
0.6712	-0.1384	-0.00414
0.6756	-0.07849	-0.01456
0.6491	-0.03661	0.03797
0.6221	-0.009743	0.03828
0.6784	0.01896	0.02362
0.7233	0.03605	0.04848
0.7596	0.05937	0.06144
0.7859	0.04413	0.128
0.8585	0.05844	0.1667
0.9976	0.0791	0.177
1.045	0.06413	0.2146
1.051	0.04572	0.186
1.053	-0.06409	0.1616
1.028	-0.149	0.1741
1.086	-0.1147	0.1989
1.161	-0.1313	0.2396
1.189	-0.2036	0.2209
1.289	-0.2222	0.1978
1.469	-0.2033	0.2154
1.623	-0.202	0.2514
1.677	-0.1656	0.3699
1.597	-0.108	0.4647
1.41	-0.1239	0.344
1.189	-0.1025	0.1817
0.9338	0.0189	0.1948
0.7079	0.1017	0.2105
0.6335	0.08157	0.1664
0.6085	0.03304	0.1793
1.69	-0.2969	0.313
1.493	-0.3689	0.1712
1.102	-0.22	0.2593
0.7649	-0.00794	0.3141
0.6585	0.1019	0.2364
0.652	0.06144	0.2213
0.6328	-0.008998	0.2415
0.5945	-0.03428	0.2331
0.5947	-0.07521	0.244
0.5915	-0.06409	0.204
0.5565	-0.04513	0.1294
0.5994	-0.05653	0.1414
0.666	-0.01966	0.2019
0.7255	-0.008028	0.2364
0.7675	-0.0437	0.1834
0.7456	-0.09311	0.1103
0.8065	-0.1151	0.1561
0.9704	-0.0503	0.2332
1.099	0.004263	0.2849
1.136	-0.01021	0.2976
1.181	-0.04888	0.2242
1.332	-0.1095	0.1796
1.372	-0.1655	0.1819
1.276	-0.1717	0.174
1.203	-0.1676	0.1789
1.134	-0.187	0.1676
1.359	-0.1841	0.1239
1.866	-0.2163	-0.003945
1.973	-0.2748	-0.09884
1.537	-0.2251	0.09458
1.041	-0.1175	0.3192
0.9175	-0.03067	0.2457
1.044	-0.033	0.08837
0.9469	-0.1007	-0.004669
0.7522	-0.09137	-0.06307
0.6967	-0.1054	-0.02676
0.6712	-0.1384	-0.00414
0.6756	-0.07849	-0.01456
0.6491	-0.03661	0.03797
0.6221	-0.009743	0.03828
0.6784	0.01896	0.02362
0.7233	0.03605	0.04848
0.7596	0.05937	0.06144
0.7859	0.04413	0.128
0.8585	0.05844	0.1667
0.9976	0.0791	0.177
1.045	0.06413	0.2146
1.051	0.04572	0.186
1.053	-0.06409	0.1616
1.028	-0.149	0.1741
1.086	-0.1147	0.1989
1.161	-0.1313	0.2396
1.189	-0.2036	0.2209
1.289	-0.2222	0.1978
1.469	-0.2033	0.2154
1.623	-0.202	0.2514
1.677	-0.1656	0.3699
1.597	-0.108	0.4647
1.41	-0.1239	0.344
1.189	-0.1025	0.1817
0.9338	0.0189	0.1948
0.7079	0.1017	0.2105
0.6335	0.08157	0.1664
0.6085	0.03304	0.1793
0.5664	0.02371	0.1893
0.5434	0.01008	0.193
0.5189	-0.03901	0.198
0.5476	-0.09139	0.1756
0.6206	-0.09749	0.1813
0.72	-0.05385	0.1769
0.827	-0.00716	0.1467
0.8413	0.04625	0.1356
0.8486	0.008424	0.1626
0.9243	-0.1002	0.2428
1.023	-0.08275	0.3058
1.155	-0.05837	0.3239
1.257	-0.07379	0.302
1.279	-0.04286	0.243
1.287	-0.1177	0.1967
1.319	-0.2441	0.1244
1.35	-0.2749	0.08064
1.369	-0.1929	0.1415
1.356	0.008007	0.1987
1.353	0.1725	0.2155
1.473	0.1369	0.2006
1.523	-0.1117	0.1863
1.217	-0.3012	0.2411
0.8812	-0.1572	0.2646
0.9469	0.04387	0.1644
1.039	0.04382	0.05788
0.833	0.01009	0.05735
0.7061	-0.02659	0.0565
0.6887	-0.1209	0.01137
0.6806	-0.136	0.05707
0.7522	-0.0729	0.1163
0.6916	0.0001838	0.1098
0.6619	0.09893	0.1271
0.7495	0.1048	0.1434
0.7434	0.0255	0.1537
0.7779	0.01135	0.1412
0.8333	0.06815	0.09808
0.9544	0.1383	0.1111
1.12	0.1392	0.1276
1.091	0.08575	0.1293
1.045	-0.006487	0.151
1.048	-0.1335	0.1764
1.06	-0.1273	0.2225
1.169	-0.1157	0.2253
1.279	-0.2297	0.2218
1.32	-0.198	0.2609
1.371	-0.1231	0.2596
1.489	-0.1594	0.2948
1.494	-0.1323	0.3496
1.441	-0.1471	0.3214
1.503	-0.2124	0.3107
1.365	-0.2061	0.3078
1.013	-0.1279	0.2346
0.7217	0.04899	0.1499
0.5618	0.1044	0.1095
0.5558	0.04954	0.1327
0.5064	0.06249	0.1812
0.4885	-0.01339	0.2009
0.6036	-0.1054	0.1775
0.6402	-0.1126	0.1416
0.6953	-0.06783	0.1656
0.7561	0.02798	0.2039
0.8054	0.0178	0.2099
0.9394	-0.06792	0.2388
0.5664	0.02371	0.1893
0.5434	0.01008	0.193
0.5189	-0.03901	0.198
0.5476	-0.09139	0.1756
0.6206	-0.09749	0.1813
0.72	-0.05385	0.1769
0.827	-0.00716	0.1467
0.8413	0.04625	0.1356
0.8486	0.008424	0.1626
0.9243	-0.1002	0.2428
1.023	-0.08275	0.3058
1.155	-0.05837	0.3239
1.257	-0.07379	0.302
1.279	-0.04286	0.243
1.287	-0.1177	0.1967
1.319	-0.2441	0.1244
1.35	-0.2749	0.08064
1.369	-0.1929	0.1415
1.356	0.008007	0.1987
1.353	0.1725	0.2155
1.473	0.1369	0.2006
1.523	-0.1117	0.1863
1.217	-0.3012	0.2411
0.8812	-0.1572	0.2646
0.9469	0.04387	0.1644
1.039	0.04382	0.05788
0.833	0.01009	0.05735
0.7061	-0.02659	0.0565
0.6887	-0.1209	0.01137
0.6806	-0.136	0.05707
0.7522	-0.0729	0.1163
0.6916	0.0001838	0.1098
0.6619	0.09893	0.1271
0.7495	0.1048	0.1434
0.7434	0.0255	0.1537
0.7779	0.01135	0.1412
0.8333	0.06815	0.09808
0.9544	0.1383	0.1111
1.12	0.1392	0.1276
1.091	0.08575	0.1293
1.045	-0.006487	0.151
1.048	-0.1335	0.1764
1.06	-0.1273	0.2225
1.169	-0.1157	0.2253
1.279	-0.2297	0.2218
1.32	-0.198	0.2609
1.371	-0.1231	0.2596
1.489	-0.1594	0.2948
1.494	-0.1323	0.3496
1.441	-0.1471	0.3214
1.503	-0.2124	0.3107
1.365	-0.2061	0.3078
1.013	-0.1279	0.2346
0.7217	0.04899	0.1499
0.5618	0.1044	0.1095
0.5558	0.04954	0.1327
0.5064	0.06249	0.1812
0.4885	-0.01339	0.2009
0.6036	-0.1054	0.1775
0.6402	-0.1126	0.1416
0.6953	-0.06783	0.1656
0.7561	0.02798	0.2039
0.8054	0.0178	0.2099
0.9394	-0.06792	0.2388
0.972	-0.1359	0.2453
1.001	-0.1676	0.2414
1.076	-0.1219	0.2809
1.062	-0.1188	0.2976
1.078	-0.1305	0.2995
1.103	-0.08771	0.2765
1.115	-0.08327	0.1829
1.148	-0.1439	0.09581
1.152	-0.2809	0.09536
1.182	-0.3432	0.15
1.306	-0.1945	0.1668
1.572	-0.05536	0.1707
1.734	-0.08389	0.2068
1.513	-0.1112	0.2589
1.177	-0.03315	0.327
1.041	0.02782	0.2982
1.07	0.03903	0.146
1.079	-0.004111	0.01522
0.966	-0.09346	0.008062
0.8298	-0.08461	0.0936
0.7307	-0.02562	0.1006
0.7271	0.03232	0.05306
0.806	0.09054	0.03703
0.7971	0.005079	0.02496
0.7768	-0.06763	0.1048
0.7943	0.02858	0.1709
0.7909	0.08279	0.1085
0.8802	0.01431	0.07671
0.9437	-0.08137	0.1225
0.8936	-0.1204	0.1728
0.8766	-0.02362	0.1756
0.9128	0.1107	0.1572
0.9791	0.1012	0.1596
1.032	0.08704	0.1979
1.066	0.1921	0.2539
1.06	0.2243	0.2306
1.018	0.1676	0.2003
1.022	0.1217	0.2183
1.016	0.08869	0.1959
1.041	-0.04423	0.1627
1.131	-0.3832	0.1275
1.237	-0.5795	0.1394
1.37	-0.4543	0.2488
1.456	-0.3156	0.3573
1.526	-0.2144	0.3969
1.558	-0.1592	0.3291
1.441	-0.2017	0.2216
1.261	-0.1562	0.1639
1.097	-0.05638	0.1464
1.016	-0.06209	0.1672
0.9637	-0.08527	0.153
0.8387	-0.1268	0.1422
0.7394	-0.2072	0.1925
0.7336	-0.2001	0.1974
0.7968	-0.1628	0.1814
0.8215	-0.1504	0.1604
0.7646	-0.1058	0.156
0.7194	-0.06414	0.2463
0.6838	-0.02251	0.3042
0.6738	0.01782	0.2367
0.6764	0.01117	0.1286
0.6818	-0.02199	0.1045
0.7475	-0.05008	0.1364
0.763	-0.07324	0.1275
0.972	-0.1359	0.2453
1.001	-0.1676	0.2414
1.076	-0.1219	0.2809
1.062	-0.1188	0.2976
1.078	-0.1305	0.2995
1.103	-0.08771	0.2765
1.115	-0.08327	0.1829
1.148	-0.1439	0.09581
1.152	-0.2809	0.09536
1.182	-0.3432	0.15
1.306	-0.1945	0.1668
1.572	-0.05536	0.1707
1.734	-0.08389	0.2068
1.513	-0.1112	0.2589
1.177	-0.03315	0.327
1.041	0.02782	0.2982
1.07	0.03903	0.146
1.079	-0.004111	0.01522
0.966	-0.09346	0.008062
0.8298	-0.08461	0.0936
0.7307	-0.02562	0.1006
0.7271	0.03232	0.05306
0.806	0.09054	0.03703
0.7971	0.005079	0.02496
0.7768	-0.06763	0.1048
0.7943	0.02858	0.1709
0.7909	0.08279	0.1085
0.8802	0.01431	0.07671
0.9437	-0.08137	0.1225
0.8936	-0.1204	0.1728
0.8766	-0.02362	0.1756
0.9128	0.1107	0.1572
0.9791	0.1012	0.1596
1.032	0.08704	0.1979
1.066	0.1921	0.2539
1.06	0.2243	0.2306
1.018	0.1676	0.2003
1.022	0.1217	0.2183
1.016	0.08869	0.1959
1.041	-0.04423	0.1627
1.131	-0.3832	0.1275
1.237	-0.5795	0.1394
1.37	-0.4543	0.2488
1.456	-0.3156	0.3573
1.526	-0.2144	0.3969
1.558	-0.1592	0.3291
1.441	-0.2017	0.2216
1.261	-0.1562	0.1639
1.097	-0.05638	0.1464
1.016	-0.06209	0.1672
0.9637	-0.08527	0.153
0.8387	-0.1268	0.1422
0.7394	-0.2072	0.1925
0.7336	-0.2001	0.1974
0.7968	-0.1628	0.1814
0.8215	-0.1504	0.1604
0.7646	-0.1058	0.156
0.7194	-0.06414	0.2463
0.6838	-0.02251	0.3042
0.6738	0.01782	0.2367
0.6764	0.01117	0.1286
0.6818	-0.02199	0.1045
0.7475	-0.05008	0.1364
0.763	-0.07324	0.1275
0.7226	-0.1018	0.143
0.7166	-0.1301	0.1631
0.7438	-0.1229	0.1638
0.8849	-0.06856	0.2254
1.083	-0.03792	0.3123
1.147	-0.06724	0.3419
1.103	-0.1316	0.308
1.121	-0.193	0.3025
1.161	-0.179	0.3075
1.201	-0.1743	0.2542
1.394	-0.2821	0.1531
1.493	-0.3602	0.03357
1.245	-0.3104	0.06947
0.9949	-0.2108	0.185
1.013	-0.1345	0.1876
1.214	-0.09538	0.2
1.484	-0.08964	0.1628
1.645	-0.09832	0.09011
1.441	-0.08663	0.1411
1.112	-0.04001	0.1773
1.068	0.003775	0.1897
1.024	-0.04879	0.1724
0.8529	-0.1327	0.0717
0.805	-0.117	0.03536
0.8052	-0.1076	0.02971
0.7999	-0.1427	0.0185
0.7674	-0.1401	0.05372
0.6967	-0.1095	0.07935
0.6741	-0.03901	0.09919
0.6867	0.02636	0.1086
0.6997	0.04109	0.1023
0.6875	0.03227	0.06688
0.7106	-0.02011	0.01767
0.7852	-0.08877	0.06776
0.8502	-0.1128	0.1513
0.9158	-0.07412	0.1792
0.9801	-0.007525	0.1958
1.062	0.03267	0.1908
1.093	0.02654	0.1752
1.115	-0.06762	0.1631
1.265	-0.2161	0.1569
1.362	-0.2825	0.186
1.347	-0.2074	0.2464
1.381	-0.1142	0.318
1.442	-0.1294	0.3341
1.522	-0.1595	0.2905
1.625	-0.1641	0.2471
1.547	-0.1666	0.1931
1.166	-0.1091	0.2047
0.8147	-0.05839	0.2791
0.7864	-0.04673	0.2752
0.8006	-0.0491	0.2327
0.6186	-0.05346	0.1833
0.5614	-0.02177	0.1493
0.6216	-0.003571	0.1855
0.5036	0.01125	0.1809
0.4975	-0.01338	0.1439
0.5741	-0.09945	0.1445
0.5762	-0.09607	0.1709
0.7313	-0.03601	0.228
0.7711	0.01631	0.2229
0.7593	0.04848	0.1914
0.9165	0.007156	0.2136
0.9947	-0.02183	0.2452
0.7226	-0.1018	0.143
0.7166	-0.1301	0.1631
0.7438	-0.1229	0.1638
0.8849	-0.06856	0.2254
1.083	-0.03792	0.3123
1.147	-0.06724	0.3419
1.103	-0.1316	0.308
1.121	-0.193	0.3025
1.161	-0.179	0.3075
1.201	-0.1743	0.2542
1.394	-0.2821	0.1531
1.493	-0.3602	0.03357
1.245	-0.3104	0.06947
0.9949	-0.2108	0.185
1.013	-0.1345	0.1876
1.214	-0.09538	0.2
1.484	-0.08964	0.1628
1.645	-0.09832	0.09011
1.441	-0.08663	0.1411
1.112	-0.04001	0.1773
1.068	0.003775	0.1897
1.024	-0.04879	0.1724
0.8529	-0.1327	0.0717
0.805	-0.117	0.03536
0.8052	-0.1076	0.02971
0.7999	-0.1427	0.0185
0.7674	-0.1401	0.05372
0.6967	-0.1095	0.07935
0.6741	-0.03901	0.09919
0.6867	0.02636	0.1086
0.6997	0.04109	0.1023
0.6875	0.03227	0.06688
0.7106	-0.02011	0.01767
0.7852	-0.08877	0.06776
0.8502	-0.1128	0.1513
0.9158	-0.07412	0.1792
0.9801	-0.007525	0.1958
1.062	0.03267	0.1908
1.093	0.02654	0.1752
1.115	-0.06762	0.1631
1.265	-0.2161	0.1569
1.362	-0.2825	0.186
1.347	-0.2074	0.2464
1.381	-0.1142	0.318
1.442	-0.1294	0.3341
1.522	-0.1595	0.2905
1.625	-0.1641	0.2471
1.547	-0.1666	0.1931
1.166	-0.1091	0.2047
0.8147	-0.05839	0.2791
0.7864	-0.04673	0.2752
0.8006	-0.0491	0.2327
0.6186	-0.05346	0.1833
0.5614	-0.02177	0.1493
0.6216	-0.003571	0.1855
0.5036	0.01125	0.1809
0.4975	-0.01338	0.1439
0.5741	-0.09945	0.1445
0.5762	-0.09607	0.1709
0.7313	-0.03601	0.228
0.7711	0.01631	0.2229
0.7593	0.04848	0.1914
0.9165	0.007156	0.2136
0.9947	-0.02183	0.2452
1.099	-0.02758	0.3095
1.152	-0.03271	0.3277
1.102	-0.02871	0.2721
1.197	-0.1068	0.2264
1.293	-0.2271	0.1417
1.294	-0.2908	0.07753
1.228	-0.2921	0.09511
1.228	-0.235	0.1088
1.523	-0.1245	0.1229
1.776	-0.02762	0.1711
1.506	-0.03593	0.2431
1.083	-0.0005301	0.323
1.075	0.111	0.3499
1.191	0.03432	0.2198
1.158	-0.06634	0.04693
1.03	-0.01766	0.07214
0.758	-0.05924	0.09629
0.6588	-0.1088	0.005856
0.7562	-0.0744	0.0499
0.7251	-0.08485	0.08556
0.6785	-0.047	0.05578
0.6468	0.01652	0.08745
0.612	0.04452	0.05258
0.6412	0.1035	0.06093
0.695	0.1135	0.1057
0.8009	0.09291	0.07562
0.9014	0.1102	0.1044
0.9762	0.1026	0.09825
1.058	0.06089	0.05639
1.07	0.02263	0.06675
1.039	0.04067	0.1013
1.02	0.09589	0.16
0.9955	0.07926	0.07688
1.018	-0.09132	-0.0366
1.132	-0.3366	0.01712
1.273	-0.374	0.1085
1.346	-0.2286	0.2372
1.357	-0.1638	0.3235
1.495	-0.1188	0.2742
1.725	-0.1119	0.2433
1.642	-0.226	0.2144
1.251	-0.2456	0.1532
0.9127	-0.07274	0.1475
0.8373	0.1048	0.1237
0.9547	0.0385	0.04952
0.8999	-0.1351	0.03082
0.781	-0.1549	0.05313
0.7841	-0.1489	0.07787
0.6835	-0.08582	0.1215
0.6709	0.03083	0.1365
0.7494	0.06595	0.1199
0.7543	0.1357	0.1222
0.8552	0.1651	0.1228
0.8876	0.1386	0.1155
0.8648	0.06758	0.1532
0.9149	-0.1184	0.2403
0.9261	-0.197	0.32
0.9679	-0.1679	0.3409
0.9855	-0.1285	0.3262
0.9934	-0.0815	0.3483
1.025	-0.1088	0.3906
0.9464	-0.1196	0.4151
0.8547	-0.09593	0.4156
0.8445	-0.09389	0.3532
1.099	-0.02758	0.3095
1.152	-0.03271	0.3277
1.102	-0.02871	0.2721
1.197	-0.1068	0.2264
1.293	-0.2271	0.1417
1.294	-0.2908	0.07753
1.228	-0.2921	0.09511
1.228	-0.235	0.1088
1.523	-0.1245	0.1229
1.776	-0.02762	0.1711
1.506	-0.03593	0.2431
1.083	-0.0005301	0.323
1.075	0.111	0.3499
1.191	0.03432	0.2198
1.158	-0.06634	0.04693
1.03	-0.01766	0.07214
0.758	-0.05924	0.09629
0.6588	-0.1088	0.005856
0.7562	-0.0744	0.0499
0.7251	-0.08485	0.08556
0.6785	-0.047	0.05578
0.6468	0.01652	0.08745
0.612	0.04452	0.05258
0.6412	0.1035	0.06093
0.695	0.1135	0.1057
0.8009	0.09291	0.07562
0.9014	0.1102	0.1044
0.9762	0.1026	0.09825
1.058	0.06089	0.05639
1.07	0.02263	0.06675
1.039	0.04067	0.1013
1.02	0.09589	0.16
0.9955	0.07926	0.07688
1.018	-0.09132	-0.0366
1.132	-0.3366	0.01712
1.273	-0.374	0.1085
1.346	-0.2286	0.2372
1.357	-0.1638	0.3235
1.495	-0.1188	0.2742
1.725	-0.1119	0.2433
1.642	-0.226	0.2144
1.251	-0.2456	0.1532
0.9127	-0.07274	0.1475
0.8373	0.1048	0.1237
0.9547	0.0385	0.04952
0.8999	-0.1351	0.03082
0.781	-0.1549	0.05313
0.7841	-0.1489	0.07787
0.6835	-0.08582	0.1215
0.6709	0.03083	0.1365
0.7494	0.06595	0.1199
0.7543	0.1357	0.1222
0.8552	0.1651	0.1228
0.8876	0.1386	0.1155
0.8648	0.06758	0.1532
0.9149	-0.1184	0.2403
0.9261	-0.197	0.32
0.9679	-0.1679	0.3409
0.9855	-0.1285	0.3262
0.9934	-0.0815	0.3483
1.025	-0.1088	0.3906
0.9464	-0.1196	0.4151
0.8547	-0.09593	0.4156
0.8445	-0.09389	0.3532
1.001	-0.137	0.2275
1.278	-0.2981	0.06829
1.377	-0.4817	-0.01118
1.328	-0.4555	0.06916
1.371	-0.1844	0.1781
1.515	-0.003848	0.2486
1.566	-0.1017	0.2679
1.367	-0.2093	0.2637
1.095	-0.1858	0.3259
1.071	-0.2195	0.3175
1.148	-0.2962	0.257
1.063	-0.2524	0.2567
0.9504	-0.1902	0.1479
0.8567	-0.09159	0.009151
0.8474	0.03086	-0.00414
0.9347	-0.01461	0.0294
0.8706	-0.0653	0.06037
0.8569	-0.08124	0.0606
0.9296	-0.144	0.06297
0.8834	-0.1445	0.06139
0.8811	-0.15	0.06137
0.7964	-0.1439	0.08974
0.6722	-0.1138	0.08261
0.705	-0.1467	0.1046
0.7323	-0.1516	0.1556
0.7762	-0.1138	0.1768
0.7991	-0.05939	0.1837
0.8099	0.03459	0.149
0.9139	0.1386	0.1463
0.9606	0.1845	0.1693
0.9505	0.1337	0.1866
0.9649	0.0808	0.2201
1.003	0.004275	0.1705
1.005	-0.159	0.0909
0.9449	-0.2599	0.07043
0.9492	-0.2602	0.1069
1.085	-0.2298	0.2016
1.32	-0.1794	0.2466
1.459	-0.1613	0.2127
1.451	-0.201	0.1892
1.487	-0.2704	0.2323
1.546	-0.3154	0.3092
1.548	-0.3076	0.3302
1.289	-0.2363	0.2673
0.8618	-0.03322	0.1775
0.7896	0.1584	0.1765
0.8357	0.09577	0.1901
0.6999	-0.03474	0.1339
0.6935	-0.03986	0.1416
0.7148	-0.06794	0.1626
0.6348	-0.06233	0.1645
0.578	0.01891	0.2074
0.5138	0.02533	0.1933
0.5378	0.00893	0.1765
0.604	-0.01881	0.193
0.607	-0.02686	0.1805
0.6645	-0.005149	0.1888
0.7205	-0.06007	0.1942
0.7803	-0.06143	0.1935
0.9213	-0.03163	0.2347
1.047	-0.01559	0.2924
1.104	0.04623	0.3047
1.124	-0.03408	0.2169
1.264	-0.2106	0.1301
1.001	-0.137	0.2275
1.278	-0.2981	0.06829
1.377	-0.4817	-0.01118
1.328	-0.4555	0.06916
1.371	-0.1844	0.1781
1.515	-0.003848	0.2486
1.566	-0.1017	0.2679
1.367	-0.2093	0.2637
1.095	-0.1858	0.3259
1.071	-0.2195	0.3175
1.148	-0.2962	0.257
1.063	-0.2524	0.2567
0.9504	-0.1902	0.1479
0.8567	-0.09159	0.009151
0.8474	0.03086	-0.00414
0.9347	-0.01461	0.0294
0.8706	-0.0653	0.06037
0.8569	-0.08124	0.0606
0.9296	-0.144	0.06297
0.8834	-0.1445	0.06139
0.8811	-0.15	0.06137
0.7964	-0.1439	0.08974
0.6722	-0.1138	0.08261
0.705	-0.1467	0.1046
0.7323	-0.1516	0.1556
0.7762	-0.1138	0.1768
0.7991	-0.05939	0.1837
0.8099	0.03459	0.149
0.9139	0.1386	0.1463
0.9606	0.1845	0.1693
0.9505	0.1337	0.1866
0.9649	0.0808	0.2201
1.003	0.004275	0.1705
1.005	-0.159	0.0909
0.9449	-0.2599	0.07043
0.9492	-0.2602	0.1069
1.085	-0.2298	0.2016
1.32	-0.1794	0.2466
1.459	-0.1613	0.2127
1.451	-0.201	0.1892
1.487	-0.2704	0.2323
1.546	-0.3154	0.3092
1.548	-0.3076	0.3302
1.289	-0.2363	0.2673
0.8618	-0.03322	0.1775
0.7896	0.1584	0.1765
0.8357	0.09577	0.1901
0.6999	-0.03474	0.1339
0.6935	-0.03986	0.1416
0.7148	-0.06794	0.1626
0.6348	-0.06233	0.1645
0.578	0.01891	0.2074
0.5138	0.02533	0.1933
0.5378	0.00893	0.1765
0.604	-0.01881	0.193
0.607	-0.02686	0.1805
0.6645	-0.005149	0.1888
0.7205	-0.06007	0.1942
0.7803	-0.06143	0.1935
0.9213	-0.03163	0.2347
1.047	-0.01559	0.2924
1.104	0.04623	0.3047
1.124	-0.03408	0.2169
1.264	-0.2106	0.1301
1.446	-0.3878	0.135
1.39	-0.494	0.1343
1.228	-0.3024	0.1243
1.226	-0.07557	0.1478
1.489	-0.1021	0.1106
1.732	-0.164	0.0761
1.426	-0.1479	0.1816
1.05	-0.1125	0.2769
1.203	-0.04903	0.241
1.224	-0.007271	0.1742
0.9649	0.01502	0.1112
0.8516	0.07787	0.05134
0.684	0.08025	0.04028
0.651	-0.009625	0.02453
0.7789	-0.1634	-0.01876
0.73	-0.3037	0.03649
0.7178	-0.1879	0.1433
0.6755	0.004493	0.1576
0.5912	-0.002941	0.1291
0.5923	0.0009473	0.09446
0.5282	0.06693	0.05761
0.6389	0.1222	0.04036
0.8994	0.1594	0.04042
1.059	0.05291	0.1011
1.16	-0.04694	0.177
1.17	0.006703	0.1891
1.151	0.06253	0.1802
1.123	0.06234	0.2001
1.156	-0.05328	0.2168
1.238	-0.2491	0.1961
1.204	-0.277	0.1791
1.271	-0.1657	0.1774
1.431	-0.1355	0.1734
1.491	-0.1619	0.1879
1.513	-0.1611	0.2341
1.466	-0.1571	0.2804
1.296	-0.154	0.2494
0.968	-0.1271	0.1879
0.7133	-0.03716	0.1717
0.6966	0.05693	0.144
0.6639	0.05021	0.1303
0.6462	0.02347	0.1519
0.6575	0.03806	0.1723
0.5819	0.03023	0.2174
0.5525	0.02044	0.2198
0.5549	0.02496	0.1473
0.5519	0.009864	0.1031
0.5712	0.01788	0.1279
0.6458	0.0617	0.1894
0.796	0.07004	0.215
0.8882	0.002236	0.1659
0.95	-0.07602	0.1328
1.03	-0.04577	0.219
1.115	-0.0006763	0.3128
1.262	-0.05658	0.2466
1.369	-0.151	0.1291
1.38	-0.3378	0.06487
1.246	-0.4532	0.07494
1.078	-0.2735	0.2067
1.281	-0.1063	0.2861
1.696	-0.1163	0.2333
1.829	-0.1558	0.1889
1.52	-0.1696	0.18
1.049	-0.0723	0.1826
1.446	-0.3878	0.135
1.39	-0.494	0.1343
1.228	-0.3024	0.1243
1.226	-0.07557	0.1478
1.489	-0.1021	0.1106
1.732	-0.164	0.0761
1.426	-0.1479	0.1816
1.05	-0.1125	0.2769
1.203	-0.04903	0.241
1.224	-0.007271	0.1742
0.9649	0.01502	0.1112
0.8516	0.07787	0.05134
0.684	0.08025	0.04028
0.651	-0.009625	0.02453
0.7789	-0.1634	-0.01876
0.73	-0.3037	0.03649
0.7178	-0.1879	0.1433
0.6755	0.004493	0.1576
0.5912	-0.002941	0.1291
0.5923	0.0009473	0.09446
0.5282	0.06693	0.05761
0.6389	0.1222	0.04036
0.8994	0.1594	0.04042
1.059	0.05291	0.1011
1.16	-0.04694	0.177
1.17	0.006703	0.1891
1.151	0.06253	0.1802
1.123	0.06234	0.2001
1.156	-0.05328	0.2168
1.238	-0.2491	0.1961
1.204	-0.277	0.1791
1.271	-0.1657	0.1774
1.431	-0.1355	0.1734
1.491	-0.1619	0.1879
1.513	-0.1611	0.2341
1.466	-0.1571	0.2804
1.296	-0.154	0.2494
0.968	-0.1271	0.1879
0.7133	-0.03716	0.1717
0.6966	0.05693	0.144
0.6639	0.05021	0.1303
0.6462	0.02347	0.1519
0.6575	0.03806	0.1723
0.5819	0.03023	0.2174
0.5525	0.02044	0.2198
0.5549	0.02496	0.1473
0.5519	0.009864	0.1031
0.5712	0.01788	0.1279
0.6458	0.0617	0.1894
0.796	0.07004	0.215
0.8882	0.002236	0.1659
0.95	-0.07602	0.1328
1.03	-0.04577	0.219
1.115	-0.0006763	0.3128
1.262	-0.05658	0.2466
1.369	-0.151	0.1291
1.38	-0.3378	0.06487
1.246	-0.4532	0.07494
1.078	-0.2735	0.2067
1.281	-0.1063	0.2861
1.696	-0.1163	0.2333
1.829	-0.1558	0.1889
1.52	-0.1696	0.18
1.049	-0.0723	0.1826
0.9358	0.01206	0.1443
0.9237	-0.09856	0.05643
0.6818	-0.1995	-0.01099
0.5845	-0.1414	-0.03243
0.5451	-0.09594	-0.04327
0.5205	-0.09099	-0.07838
0.6501	-0.05349	-0.07855
0.6456	-0.08713	-0.04171
0.5957	-0.1079	0.0385
0.5855	0.01847	0.1894
0.5953	0.135	0.2501
0.7864	0.1611	0.1849
0.9899	0.1408	0.1254
1.083	0.07959	0.1101
1.048	-0.01616	0.129
1.022	-0.06066	0.1648
1.119	-0.04032	0.1834
1.167	-0.1734	0.1125
1.304	-0.3908	0.04946
1.442	-0.4124	0.1582
1.467	-0.2741	0.2818
1.635	-0.1308	0.2734
1.714	-0.1045	0.272
1.605	-0.1518	0.3023
1.37	-0.1412	0.2387
0.9418	-0.0742	0.1602
0.7435	0.0158	0.1662
0.8058	0.0388	0.1901
0.7291	-0.007524	0.1954
0.6041	-0.01414	0.155
0.5431	0.01112	0.09387
0.495	0.02484	0.08519
0.4786	0.02039	0.08944
0.4717	0.01873	0.08214
0.533	0.02468	0.1058
0.6963	0.002281	0.1431
0.8124	-0.06711	0.1398
0.9209	-0.1565	0.1363
1.045	-0.1635	0.1877
1.037	-0.07415	0.215
1.115	-0.06257	0.1436
1.428	-0.2351	0.01198
1.605	-0.4045	-0.03511
1.377	-0.3074	0.093
1.159	-0.07058	0.2301
1.459	0.01567	0.2093
1.831	-0.07252	0.113
1.801	-0.2011	0.0829
1.525	-0.1453	0.1548
1.186	0.06791	0.2275
1.163	0.1743	0.1635
1.233	0.1258	0.05711
0.9332	0.004204	0.03209
0.7126	-0.01432	0.006573
0.6206	-0.01324	-0.001225
0.5098	-0.1095	0.003843
0.5319	-0.08107	-0.03185
0.4697	-0.0655	-0.02076
0.4552	-0.0781	-0.01488
0.5826	0.02994	-0.01781
0.6819	0.06716	0.03714
0.8144	0.06531	0.0751
0.9073	0.04881	0.1448
1.017	0.04098	0.2443
