0.9935	-0.181	0.0145
1	-0.1779	0.02043
1.001	-0.1876	0.02029
1.007	-0.1963	0.01349
1.017	-0.2033	0.00663
1.019	-0.2015	0.00415
1.013	-0.1926	0.01097
1.004	-0.1911	0.01728
1.009	-0.1958	0.01713
1.019	-0.1968	0.01939
1.022	-0.19	0.01369
1.022	-0.1855	0.003173
1.022	-0.1826	0.004733
1.024	-0.1825	0.006193
1.023	-0.1988	0.006736
1.021	-0.2123	0.01149
1.021	-0.2087	0.01055
1.018	-0.1981	0.01364
1.014	-0.1871	0.02438
1.011	-0.1857	0.02754
1.009	-0.1847	0.02288
1.01	-0.1763	0.01766
1.011	-0.1759	0.01086
1.012	-0.1818	0.005526
1.013	-0.1875	0.01104
1.013	-0.1936	0.01971
1.015	-0.1955	0.02181
1.016	-0.197	0.02153
1.019	-0.1996	0.01234
1.023	-0.2004	-0.003079
1.026	-0.2028	-0.005429
1.021	-0.2028	0.002817
1.006	-0.1958	0.01117
0.9986	-0.1862	0.02047
1.01	-0.1802	0.02395
1.018	-0.1846	0.01733
1.018	-0.195	0.01208
1.024	-0.1973	0.008868
1.03	-0.1932	0.005791
1.03	-0.1948	0.01207
1.021	-0.2037	0.01826
1.001	-0.2122	0.02123
0.9886	-0.2125	0.02947
0.9901	-0.1958	0.02644
1.007	-0.1646	0.01535
1.035	-0.1455	0.008158
1.046	-0.1469	-0.0044
1.033	-0.1639	-0.006938
0.9963	-0.2052	0.005456
0.9756	-0.2338	0.01419
1.011	-0.2214	0.01758
1.044	-0.1986	0.01683
1.039	-0.1773	0.01717
1.03	-0.1732	0.01928
1.018	-0.188	0.01659
1.014	-0.1966	0.01497
1.009	-0.2065	0.02006
0.9982	-0.2107	0.0264
0.9999	-0.2057	0.02162
1.004	-0.208	0.006069
1.013	-0.2056	-0.003378
1.023	-0.1977	-0.004318
1.023	-0.193	-0.002057
1.018	-0.1883	0.01246
1.008	-0.1844	0.02407
1.013	-0.1735	0.01686
1.028	-0.1512	0.02171
1.029	-0.1502	0.03014
1.017	-0.1783	0.01818
1.01	-0.1855	0.01213
1.015	-0.1853	0.009074
1.009	-0.2081	0.00536
1.007	-0.213	0.01349
1.017	-0.212	0.01553
1.016	-0.2293	0.008889
1.019	-0.2274	0.005543
1.027	-0.2104	0.005054
1.029	-0.1972	0.002861
1.023	-0.1812	0.008946
0.9942	-0.1755	0.02513
0.9773	-0.18	0.02503
0.9909	-0.188	0.01413
1.017	-0.2044	0.009651
1.037	-0.2036	0.008845
1.044	-0.1722	0.01519
1.065	-0.1525	0.01786
1.064	-0.1509	0.01997
0.9947	-0.1103	0.04389
0.9525	-0.09629	0.04059
0.9767	-0.2	0.01947
0.9967	-0.2547	0.00524
1.01	-0.2763	-0.00157
1.022	-0.277	-0.01062
1.032	-0.2625	-0.0218
1.037	-0.243	-0.01785
1.032	-0.2197	-0.002785
1.016	-0.1916	0.01182
1.006	-0.1653	0.02615
1.015	-0.148	0.03306
1.02	-0.1467	0.02823
1.017	-0.1566	0.02323
1.022	-0.1627	0.01903
1.026	-0.1653	0.01406
1.026	-0.1754	0.01789
1.017	-0.1934	0.02145
0.9968	-0.2106	0.02189
0.9852	-0.2183	0.02794
0.9875	-0.2073	0.02321
1.005	-0.1798	0.011
1.034	-0.1624	0.003271
1.047	-0.1636	-0.009289
1.034	-0.179	-0.01138
0.9977	-0.2176	0.001786
0.9773	-0.2428	0.0115
1.013	-0.2268	0.01594
1.045	-0.2004	0.01623
1.041	-0.1761	0.01748
1.031	-0.1695	0.02033
1.019	-0.1826	0.01815
1.014	-0.1902	0.01682
1.009	-0.1999	0.02198
0.998	-0.2045	0.02822
0.9995	-0.2004	0.02319
1.004	-0.2039	0.007297
1.012	-0.2029	-0.002544
1.022	-0.1963	-0.003883
1.023	-0.1929	-0.00199
1.017	-0.1892	0.01221
1.007	-0.1861	0.0236
1.013	-0.1757	0.01623
1.028	-0.1536	0.02101
1.029	-0.1525	0.02945
1.017	-0.1804	0.01755
1.01	-0.1872	0.01162
1.015	-0.1866	0.008696
1.009	-0.2088	0.005129
1.007	-0.2132	0.0134
1.018	-0.2119	0.01557
1.016	-0.2288	0.009026
1.019	-0.2267	0.00575
1.027	-0.2096	0.005301
1.029	-0.1963	0.003118
1.022	-0.1804	0.009188
0.9941	-0.1747	0.02534
0.9773	-0.1795	0.02519
0.9908	-0.1876	0.01424
1.016	-0.2042	0.009708
1.037	-0.2036	0.008853
1.044	-0.1723	0.01516
1.065	-0.1527	0.0178
1.064	-0.1512	0.01989
0.9947	-0.1107	0.0438
0.9524	-0.0732	0.06322
0.9623	-0.1414	0.0375
0.9767	-0.2556	-0.01181
1.036	-0.328	-0.0414
1.074	-0.351	-0.04296
1.036	-0.3276	-0.02783
1.021	-0.2956	-0.009763
1.013	-0.2297	0.0132
0.9967	-0.141	0.03613
1.005	-0.1035	0.03998
0.9999	-0.07511	0.03807
1.013	-0.07133	0.0355
1.036	-0.1035	0.02428
1.032	-0.1229	0.02013
1.025	-0.1664	0.02535
1.009	-0.21	0.03049
0.9941	-0.2457	0.02711
0.9844	-0.2763	0.01157
0.9954	-0.2509	-0.007302
1.055	-0.2243	-0.02074
1.072	-0.2127	-0.0177
1.031	-0.197	0.002494
1.01	-0.1973	0.01879
0.998	-0.1955	0.01887
0.989	-0.2043	0.02198
0.997	-0.2079	0.03205
1.008	-0.1878	0.02712
1.013	-0.1706	0.01095
1.019	-0.1527	-0.002503
1.022	-0.156	-0.001064
1.015	-0.1755	0.009314
1.013	-0.188	0.0111
1.025	-0.1982	0.01498
1.03	-0.1867	0.01663
1.018	-0.178	0.01258
0.9977	-0.1893	0.01338
0.9959	-0.1933	0.01583
1.026	-0.1953	0.02259
1.037	-0.1979	0.02577
1.016	-0.2008	0.02994
1.01	-0.201	0.03299
1.014	-0.1975	0.01989
1.019	-0.1999	0.01564
1.037	-0.2011	0.006383
1.047	-0.2081	-0.02407
1.036	-0.2197	-0.02718
0.976	-0.223	-0.004529
0.9415	-0.2268	0.007308
0.9969	-0.2143	0.01605
1.018	-0.1706	0.02909
1.012	-0.1407	0.03338
1.039	-0.1452	0.0301
1.027	-0.1415	0.02483
1.018	-0.1413	0.01764
1.029	-0.1639	0.01836
1.028	-0.1765	0.02107
1.037	-0.1974	0.01323
1.025	-0.2211	0.002534
1.021	-0.2247	-0.0008722
1.02	-0.2401	0.004253
0.9703	-0.2476	0.007089
0.9668	-0.2337	0.009248
1.014	-0.2142	0.0148
1.029	-0.1798	0.0129
1.043	-0.1644	0.0189
1.013	-0.112	0.03691
0.9991	-0.162	0.01235
1.039	-0.2112	-0.006631
1.065	-0.2392	-0.007485
1.02	-0.2379	0.002045
1.004	-0.2367	0.01111
0.9969	-0.2033	0.02395
0.9835	-0.1442	0.0373
0.9955	-0.1305	0.03318
0.9948	-0.1185	0.02552
1.012	-0.1234	0.01962
1.038	-0.1572	0.007377
1.036	-0.1722	0.004171
1.031	-0.2069	0.01184
1.015	-0.2392	0.02039
1	-0.2625	0.02087
0.9897	-0.2811	0.009175
0.9996	-0.2452	-0.006237
1.058	-0.2103	-0.01688
1.073	-0.1932	-0.01185
1.031	-0.1745	0.009468
1.009	-0.1745	0.02607
0.9961	-0.1744	0.02573
0.9866	-0.1867	0.02788
0.9944	-0.1947	0.03662
1.005	-0.1795	0.03016
1.011	-0.167	0.01245
1.017	-0.1535	-0.002422
1.021	-0.1603	-0.002169
1.014	-0.1824	0.007323
1.013	-0.1963	0.008554
1.025	-0.2071	0.01219
1.031	-0.1952	0.01389
1.019	-0.1854	0.01012
0.9987	-0.1952	0.01137
0.9969	-0.1974	0.01437
1.027	-0.1975	0.02172
1.038	-0.1984	0.02546
1.016	-0.1999	0.03012
1.011	-0.199	0.03356
1.014	-0.1947	0.02073
1.019	-0.1967	0.01663
1.036	-0.1979	0.007404
1.047	-0.2052	-0.02311
1.036	-0.2172	-0.02636
0.9756	-0.2212	-0.003895
0.9412	-0.2256	0.007731
0.9966	-0.2138	0.01627
1.018	-0.1707	0.02911
1.012	-0.1413	0.03323
1.039	-0.1461	0.02984
1.027	-0.1426	0.02449
1.018	-0.1425	0.01726
1.03	-0.1651	0.01799
1.028	-0.1775	0.02074
1.037	-0.1982	0.01297
1.025	-0.2217	0.002342
1.021	-0.225	-0.0009863
1.02	-0.2402	0.004214
0.9704	-0.2475	0.007115
0.9669	-0.2334	0.009325
1.014	-0.2138	0.01492
1.029	-0.1794	0.01304
1.03	-0.1587	0.008171
1.045	-0.163	0.005645
1.049	-0.1711	0.01433
1.014	-0.194	0.03435
0.9779	-0.2167	0.0377
0.9793	-0.2027	0.02592
1.008	-0.168	0.01498
1.031	-0.1407	0.004876
1.029	-0.1354	-0.002085
1.026	-0.1636	-0.003559
1.02	-0.1989	0.004279
1.011	-0.2202	0.011
1.017	-0.2319	0.01307
1.014	-0.2342	0.01872
1.011	-0.2327	0.01738
1.018	-0.2181	0.01464
1.016	-0.1915	0.01676
1.019	-0.1763	0.01421
1.02	-0.17	0.01468
1.016	-0.1703	0.01846
1.013	-0.179	0.01956
1.008	-0.1857	0.0186
1.01	-0.189	0.01463
1.015	-0.1907	0.0116
1.019	-0.1906	0.009207
1.022	-0.1917	0.008606
1.017	-0.1918	0.008536
1.008	-0.1895	0.007264
1.007	-0.1888	0.01293
1.011	-0.1897	0.0151
1.015	-0.1965	0.00517
1.019	-0.2093	-0.0004152
1.026	-0.2141	0.005415
1.027	-0.2053	0.01565
1.02	-0.188	0.02288
1.009	-0.1786	0.02267
1.006	-0.1837	0.01925
1.02	-0.1839	0.02116
1.022	-0.1833	0.02716
1.007	-0.1882	0.02656
1.006	-0.1876	0.01495
1.015	-0.1912	0.003166
1.018	-0.195	0.0003877
1.018	-0.1942	0.002677
1.016	-0.199	0.009365
1.013	-0.199	0.01496
1.014	-0.194	0.01578
1.017	-0.1876	0.01622
1.02	-0.1814	0.0086
1.02	-0.1864	0.00552
1.012	-0.1972	0.01639
1.006	-0.2052	0.01683
1.008	-0.2047	0.01032
1.017	-0.1952	0.01163
1.025	-0.1875	0.01509
1.025	-0.1821	0.01821
1.019	-0.182	0.0187
1.018	-0.1915	0.01625
1.019	-0.1969	0.01176
1.021	-0.1931	0.007862
1.016	-0.1949	0.00895
0.9955	-0.2002	0.01201
0.9922	-0.1943	0.01625
1.012	-0.1843	0.01878
1.007	-0.1501	0.02778
1.035	-0.1785	0.003047
1.048	-0.1989	0.0007215
1.019	-0.2255	0.01742
0.9853	-0.2458	0.02229
0.9875	-0.2258	0.01471
1.015	-0.1833	0.009008
1.037	-0.1479	0.004013
1.033	-0.1353	0.001323
1.028	-0.1575	0.002892
1.02	-0.1887	0.01242
1.009	-0.2076	0.01957
1.015	-0.2188	0.021
1.01	-0.222	0.02522
1.007	-0.2224	0.02198
1.014	-0.2103	0.01714
1.013	-0.1867	0.01723
1.017	-0.1744	0.01292
1.019	-0.1708	0.01203
1.015	-0.1731	0.01491
1.014	-0.1833	0.01559
1.009	-0.1909	0.01465
1.011	-0.1944	0.01105
1.017	-0.1958	0.008665
1.02	-0.195	0.007085
1.023	-0.195	0.007354
1.018	-0.194	0.008125
1.009	-0.1906	0.007595
1.007	-0.1889	0.01386
1.011	-0.1889	0.01643
1.015	-0.195	0.006727
1.019	-0.2075	0.001193
1.026	-0.2121	0.006924
1.026	-0.2033	0.01694
1.02	-0.1863	0.02388
1.009	-0.1771	0.02334
1.006	-0.1827	0.01959
1.02	-0.1833	0.0212
1.022	-0.1831	0.02694
1.007	-0.1883	0.02615
1.006	-0.188	0.01442
1.015	-0.1919	0.002583
1.018	-0.1957	-0.0001864
1.018	-0.1949	0.002161
1.016	-0.1997	0.008943
1.013	-0.1996	0.01466
1.014	-0.1944	0.01559
1.018	-0.188	0.01615
1.02	-0.1815	0.008637
1.02	-0.1864	0.005638
1.012	-0.1971	0.01656
1.006	-0.205	0.01704
1.008	-0.2044	0.01053
1.017	-0.1949	0.01183
1.025	-0.1872	0.01526
1.025	-0.1818	0.01834
1.019	-0.1818	0.01879
1.018	-0.1913	0.0163
1.019	-0.1968	0.01176
1.021	-0.1931	0.007832
1.016	-0.195	0.008894
0.9954	-0.2003	0.01194
0.9922	-0.1944	0.01617
1.012	-0.1844	0.0187
1.02	-0.1806	0.01521
1.017	-0.1829	0.0115
1.022	-0.1841	0.01135
1.019	-0.188	0.01371
1.018	-0.2002	0.01676
1.026	-0.1993	0.01535
1.027	-0.1876	0.008799
1.016	-0.1892	0.006572
0.9989	-0.2056	0.01051
0.9961	-0.2243	0.01012
1.02	-0.2197	0.007032
1.033	-0.1971	0.0089
1.025	-0.1766	0.01632
1.01	-0.1661	0.02488
1.002	-0.1691	0.02481
1.015	-0.1699	0.02206
1.021	-0.1757	0.02103
1.014	-0.1871	0.01201
1.018	-0.1909	0.007026
1.015	-0.2034	0.01078
1.009	-0.2144	0.0115
1.013	-0.214	0.01114
1.014	-0.2035	0.007269
1.019	-0.1856	0.004145
1.019	-0.1842	0.008174
1.015	-0.1892	0.01046
1.022	-0.1935	0.01253
1.022	-0.2009	0.01457
1.018	-0.1962	0.01277
1.016	-0.188	0.01497
1.008	-0.1845	0.02182
1.006	-0.1892	0.02445
1.006	-0.1945	0.01774
1.013	-0.1889	0.009732
1.02	-0.1858	0.008663
1.017	-0.1813	0.01112
1.013	-0.1794	0.01571
1.013	-0.1917	0.01644
1.02	-0.2031	0.012
1.024	-0.2058	0.01211
1.017	-0.1986	0.0119
1.016	-0.195	0.006941
1.017	-0.199	0.005775
1.013	-0.1969	0.01101
1.016	-0.1919	0.01646
1.017	-0.1817	0.01955
1.017	-0.1768	0.02272
1.016	-0.1845	0.023
1.013	-0.1881	0.0193
1.013	-0.1935	0.01138
1.013	-0.198	0.001681
1.014	-0.1947	0.0007672
1.014	-0.1961	0.005679
1.014	-0.1973	0.01112
1.017	-0.195	0.01554
1.017	-0.194	0.01418
1.014	-0.1934	0.01455
1.014	-0.1939	0.01681
1.016	-0.1921	0.01551
1.02	-0.1897	0.0145
1.019	-0.1886	0.01551
1.015	-0.1872	0.02067
1.013	-0.1882	0.02105
1.013	-0.188	0.01294
1.014	-0.1879	0.01192
1.013	-0.1891	0.007583
1.018	-0.1887	0.007623
1.016	-0.1907	0.01066
1.015	-0.2012	0.01466
1.024	-0.1988	0.01424
1.025	-0.1861	0.0086
1.015	-0.187	0.007121
0.998	-0.2032	0.01159
0.9957	-0.222	0.01152
1.02	-0.2178	0.008532
1.034	-0.1957	0.01033
1.026	-0.1757	0.01753
1.011	-0.1658	0.02581
1.003	-0.1694	0.0254
1.016	-0.1706	0.02231
1.022	-0.1766	0.02097
1.015	-0.1881	0.01171
1.018	-0.192	0.00655
1.015	-0.2044	0.01021
1.009	-0.2152	0.01089
1.013	-0.2146	0.01056
1.014	-0.2038	0.006768
1.018	-0.1858	0.003755
1.019	-0.1841	0.007913
1.015	-0.1889	0.01033
1.022	-0.1932	0.01252
1.022	-0.2005	0.01466
1.018	-0.1958	0.01293
1.015	-0.1876	0.01519
1.008	-0.1842	0.02206
1.006	-0.1889	0.02468
1.006	-0.1943	0.01795
1.013	-0.1888	0.009903
1.021	-0.1858	0.008788
1.017	-0.1813	0.01119
1.013	-0.1796	0.01573
1.013	-0.1919	0.01643
1.02	-0.2032	0.01196
1.024	-0.2059	0.01203
1.017	-0.1988	0.01181
1.016	-0.1951	0.006854
1.017	-0.1991	0.005693
1.013	-0.197	0.01094
1.016	-0.1919	0.01641
1.017	-0.1817	0.01951
1.017	-0.1768	0.0227
1.016	-0.1844	0.023
1.013	-0.188	0.01931
1.012	-0.1935	0.0114
1.013	-0.198	0.00171
1.014	-0.1946	0.0007988
1.014	-0.196	0.00571
1.014	-0.1972	0.01115
1.017	-0.195	0.01556
1.017	-0.194	0.0142
1.014	-0.1934	0.01456
1.014	-0.194	0.01681
1.016	-0.1921	0.01551
1.02	-0.1898	0.01449
1.019	-0.1886	0.0155
1.015	-0.1872	0.02066
1.013	-0.1882	0.02104
1.013	-0.188	0.01293
1.012	-0.1872	0.009543
1.013	-0.188	0.009303
1.02	-0.1899	0.008577
1.023	-0.195	0.009989
1.018	-0.1985	0.01073
1.014	-0.1995	0.0109
1.014	-0.1997	0.01168
1.013	-0.197	0.01329
1.013	-0.1942	0.01328
1.013	-0.1911	0.01328
1.016	-0.1887	0.0176
1.017	-0.1882	0.01904
1.015	-0.1873	0.01598
1.016	-0.1889	0.01476
1.016	-0.1916	0.01385
1.015	-0.1914	0.01313
1.015	-0.1898	0.01248
1.017	-0.1893	0.009106
1.02	-0.1911	0.008408
1.017	-0.1907	0.01384
1.007	-0.1907	0.01855
1.005	-0.1944	0.01724
1.018	-0.1947	0.01016
1.025	-0.1941	0.005593
1.02	-0.1954	0.0093
1.013	-0.1936	0.012
1.01	-0.1932	0.01246
1.016	-0.1966	0.0149
1.022	-0.1961	0.01425
1.018	-0.1895	0.01447
1.016	-0.1864	0.01736
1.014	-0.1883	0.01576
1.013	-0.1883	0.01484
1.016	-0.1916	0.02113
1.013	-0.1971	0.02421
1.009	-0.1957	0.01714
1.01	-0.1901	0.009731
1.018	-0.1805	0.001788
1.023	-0.1792	-0.003724
1.017	-0.1973	0.002166
1.017	-0.2071	0.006843
1.013	-0.2042	0.01431
1.008	-0.2087	0.02465
1.018	-0.2018	0.02094
1.024	-0.1825	0.02026
1.023	-0.172	0.02094
1.022	-0.1654	0.01275
1.01	-0.1694	0.01256
1.004	-0.1844	0.01247
1.008	-0.1937	0.01009
1.012	-0.1972	0.01177
1.017	-0.1995	0.0115
1.017	-0.2103	0.01282
1.014	-0.2203	0.01221
1.016	-0.2188	0.01181
1.017	-0.2163	0.01442
1.017	-0.2061	0.01352
1.016	-0.1889	0.01211
1.013	-0.1706	0.006929
1.015	-0.1547	0.006498
1.016	-0.1544	0.01997
1.017	-0.1583	0.02563
1.019	-0.1686	0.01802
1.019	-0.1941	0.01216
1.024	-0.2267	0.003917
1.015	-0.2132	0.01061
1.016	-0.2048	0.01324
1.016	-0.2026	0.01557
1.01	-0.2012	0.0157
1.008	-0.1989	0.01444
1.008	-0.1971	0.01349
1.01	-0.1934	0.01343
1.012	-0.1903	0.01204
1.014	-0.1872	0.01108
1.018	-0.1853	0.01488
1.02	-0.1854	0.01622
1.019	-0.1852	0.01339
1.019	-0.1876	0.01265
1.019	-0.1908	0.01238
1.017	-0.1913	0.01234
1.017	-0.1901	0.01236
1.018	-0.1899	0.00955
1.02	-0.1919	0.00929
1.016	-0.1916	0.01501
1.006	-0.1915	0.01985
1.004	-0.1952	0.01852
1.017	-0.1954	0.01131
1.023	-0.1946	0.006531
1.018	-0.1957	0.009972
1.012	-0.1937	0.01238
1.009	-0.1932	0.01257
1.015	-0.1965	0.01478
1.022	-0.1958	0.01394
1.018	-0.1892	0.01403
1.016	-0.1861	0.01685
1.014	-0.1881	0.01523
1.014	-0.1881	0.01435
1.017	-0.1915	0.02072
1.014	-0.197	0.02389
1.009	-0.1956	0.01692
1.01	-0.1901	0.009628
1.018	-0.1805	0.001783
1.023	-0.1793	-0.003647
1.017	-0.1973	0.002303
1.016	-0.2072	0.007017
1.013	-0.2043	0.0145
1.008	-0.2088	0.02483
1.018	-0.2019	0.02111
1.024	-0.1826	0.02039
1.023	-0.172	0.02104
1.022	-0.1654	0.01281
1.01	-0.1694	0.01258
1.004	-0.1844	0.01246
1.008	-0.1937	0.01005
1.012	-0.1971	0.01171
1.017	-0.1994	0.01143
1.017	-0.2103	0.01275
1.014	-0.2203	0.01214
1.016	-0.2188	0.01175
1.017	-0.2163	0.01438
1.017	-0.2061	0.0135
1.016	-0.1889	0.0121
1.013	-0.1706	0.006928
1.015	-0.1547	0.006509
1.016	-0.1544	0.01998
1.017	-0.1583	0.02565
1.019	-0.1686	0.01804
1.019	-0.1941	0.01218
1.021	-0.2111	0.008402
1.022	-0.2174	0.007417
1.021	-0.2172	0.01307
1.011	-0.209	0.0167
1.003	-0.2044	0.01459
1.006	-0.2027	0.01257
1.007	-0.2	0.01168
1.008	-0.1936	0.01297
1.014	-0.1855	0.01362
1.017	-0.1833	0.01221
1.019	-0.1786	0.01405
1.021	-0.1697	0.01442
1.022	-0.168	0.009248
1.022	-0.1771	0.006487
1.017	-0.1926	0.01203
1.016	-0.2048	0.02078
1.019	-0.2082	0.02243
1.024	-0.2032	0.01678
1.024	-0.1966	0.01346
1.012	-0.1939	0.01478
1.001	-0.1973	0.01284
1.003	-0.2024	0.009248
1.009	-0.1979	0.0106
1.014	-0.1932	0.01031
1.016	-0.1937	0.009109
1.017	-0.1906	0.01312
1.016	-0.1912	0.01337
1.015	-0.1888	0.007955
1.02	-0.1793	0.007326
1.021	-0.1749	0.01287
1.019	-0.1733	0.01774
1.019	-0.179	0.01924
1.015	-0.1939	0.02015
1.013	-0.2032	0.01983
1.015	-0.2034	0.01632
1.015	-0.2	0.01447
1.015	-0.1931	0.01647
1.016	-0.19	0.01376
1.014	-0.1976	0.004301
1.014	-0.1999	0.00295
1.013	-0.1969	0.01417
1.014	-0.2028	0.01688
1.018	-0.202	0.007034
1.018	-0.1928	0.006878
1.014	-0.1858	0.01319
1.013	-0.1796	0.01222
1.016	-0.1799	0.0134
1.017	-0.1816	0.01894
1.016	-0.1846	0.02097
1.016	-0.1913	0.01956
1.017	-0.1921	0.01586
1.017	-0.195	0.01053
1.018	-0.1992	0.008228
1.015	-0.1976	0.01217
1.011	-0.1956	0.01639
1.01	-0.1931	0.01624
1.013	-0.1935	0.01266
1.017	-0.1943	0.00906
1.018	-0.193	0.008663
1.017	-0.1925	0.007234
1.016	-0.1878	0.01011
1.017	-0.186	0.02189
1.014	-0.1908	0.0229
1.014	-0.1926	0.009665
1.013	-0.1844	-0.001772
1.022	-0.1927	0.007305
1.024	-0.1965	0.01818
1.016	-0.1935	0.02367
1.009	-0.1943	0.02125
1.011	-0.1977	0.01767
1.011	-0.1995	0.01469
1.01	-0.1966	0.01386
1.014	-0.1908	0.01268
1.016	-0.19	0.009898
1.018	-0.1856	0.01091
1.018	-0.1762	0.01098
1.019	-0.1736	0.005958
1.02	-0.1813	0.003695
1.015	-0.1952	0.009966
1.014	-0.2059	0.01954
1.017	-0.208	0.02201
1.023	-0.2019	0.0171
1.024	-0.1945	0.01438
1.012	-0.1914	0.0161
1.002	-0.1946	0.01438
1.004	-0.1998	0.01083
1.01	-0.1956	0.01207
1.015	-0.1915	0.01155
1.017	-0.1925	0.01004
1.018	-0.1901	0.01371
1.016	-0.1912	0.01362
1.016	-0.1892	0.007898
1.02	-0.18	0.007017
1.021	-0.1758	0.01238
1.019	-0.1744	0.01713
1.019	-0.18	0.0186
1.015	-0.1948	0.01954
1.012	-0.2039	0.01929
1.014	-0.2039	0.01589
1.015	-0.2003	0.01417
1.015	-0.1932	0.0163
1.016	-0.1899	0.01372
1.014	-0.1974	0.004363
1.014	-0.1996	0.003095
1.013	-0.1965	0.01437
1.014	-0.2024	0.01711
1.018	-0.2017	0.007266
1.018	-0.1924	0.007091
1.014	-0.1855	0.01336
1.013	-0.1794	0.01235
1.016	-0.1798	0.01349
1.017	-0.1816	0.01897
1.016	-0.1847	0.02096
1.016	-0.1914	0.01952
1.017	-0.1922	0.0158
1.017	-0.1951	0.01045
1.018	-0.1993	0.008143
1.015	-0.1977	0.01209
1.011	-0.1957	0.01632
1.01	-0.1932	0.01618
1.013	-0.1935	0.01262
1.017	-0.1944	0.009037
1.018	-0.193	0.008657
1.017	-0.1925	0.007242
1.016	-0.1877	0.01012
1.017	-0.1859	0.02192
1.014	-0.1908	0.02293
1.014	-0.1926	0.009696
1.018	-0.1919	0.005426
1.018	-0.1893	0.01068
1.016	-0.1868	0.009654
1.015	-0.1915	0.01102
1.015	-0.1984	0.02111
1.014	-0.1994	0.02215
1.012	-0.1972	0.01468
1.013	-0.1934	0.01332
1.016	-0.1888	0.01462
1.018	-0.1877	0.01132
1.017	-0.1894	0.009791
1.015	-0.191	0.01585
1.014	-0.1922	0.01797
1.015	-0.1917	0.01401
1.016	-0.1885	0.01304
1.016	-0.1882	0.009332
1.017	-0.1952	0.006521
1.018	-0.1982	0.01156
1.018	-0.1949	0.01464
1.015	-0.1958	0.01478
1.011	-0.1933	0.01385
1.011	-0.1866	0.008889
1.016	-0.1876	0.007831
1.017	-0.1898	0.01329
1.015	-0.1897	0.01503
1.014	-0.1911	0.01356
1.016	-0.1917	0.01628
1.017	-0.193	0.01814
1.017	-0.1954	0.01571
1.015	-0.1961	0.01534
1.013	-0.1939	0.01755
1.018	-0.1914	0.01606
1.019	-0.1918	0.009782
1.017	-0.1915	0.007035
1.017	-0.1911	0.009774
1.015	-0.1914	0.01092
1.013	-0.1904	0.01049
1.016	-0.1898	0.01231
1.017	-0.1895	0.01812
1.016	-0.1909	0.02103
1.011	-0.1932	0.01483
1.011	-0.1935	0.01046
1.015	-0.1956	0.009682
1.015	-0.1957	0.008802
1.014	-0.1929	0.01562
1.015	-0.1916	0.0185
1.018	-0.1897	0.01037
1.019	-0.1896	0.009964
1.018	-0.191	0.01469
1.017	-0.1911	0.0131
1.015	-0.1928	0.0131
1.012	-0.1924	0.01734
1.015	-0.191	0.02052
1.015	-0.193	0.01798
1.012	-0.1923	0.007812
1.014	-0.1902	0.002516
1.018	-0.1908	0.007282
1.019	-0.1911	0.00822
1.015	-0.1937	0.01062
1.014	-0.1957	0.01936
1.019	-0.1926	0.01929
1.018	-0.1894	0.01704
1.013	-0.1884	0.01805
1.012	-0.1892	0.01669
1.015	-0.1939	0.01835
1.017	-0.1923	0.01306
1.016	-0.1896	0.005832
1.015	-0.1936	0.004245
1.015	-0.1995	0.01366
1.014	-0.1995	0.01554
1.013	-0.1964	0.00975
1.014	-0.192	0.01042
1.016	-0.187	0.01372
1.018	-0.1858	0.01214
1.017	-0.1876	0.01191
1.015	-0.1895	0.01879
1.014	-0.1911	0.02126
1.015	-0.1911	0.01723
1.016	-0.1883	0.01585
1.016	-0.1884	0.01153
1.017	-0.1957	0.007978
1.018	-0.199	0.01225
1.018	-0.1957	0.01463
1.015	-0.1967	0.01418
1.011	-0.1941	0.01281
1.011	-0.1873	0.007581
1.016	-0.1881	0.00642
1.017	-0.1901	0.01193
1.015	-0.1899	0.01382
1.014	-0.1911	0.0126
1.016	-0.1915	0.01561
1.017	-0.1928	0.01777
1.017	-0.195	0.01563
1.015	-0.1957	0.0155
1.013	-0.1936	0.0179
1.018	-0.1912	0.01654
1.019	-0.1916	0.01032
1.017	-0.1913	0.007579
1.017	-0.191	0.01027
1.015	-0.1914	0.01134
1.013	-0.1904	0.0108
1.016	-0.1899	0.01251
1.017	-0.1896	0.01821
1.016	-0.1911	0.02102
1.011	-0.1933	0.01474
1.011	-0.1936	0.01031
1.015	-0.1957	0.009494
1.015	-0.1958	0.008602
1.014	-0.193	0.01543
1.015	-0.1916	0.01833
1.018	-0.1897	0.01024
1.019	-0.1896	0.00987
1.018	-0.191	0.01464
1.017	-0.1911	0.01308
1.015	-0.1928	0.01312
1.012	-0.1924	0.01738
1.015	-0.1909	0.02059
1.015	-0.193	0.01806
1.012	-0.1923	0.007885
1.014	-0.1902	0.002583
1.018	-0.1908	0.007338
1.019	-0.1911	0.008262
1.015	-0.1937	0.01065
1.014	-0.1958	0.01938
1.019	-0.1926	0.01929
1.018	-0.1894	0.01703
1.013	-0.1884	0.01803
1.012	-0.1892	0.01667
1.014	-0.1908	0.01618
1.015	-0.1935	0.01209
1.016	-0.1964	0.01077
1.018	-0.1949	0.01189
1.017	-0.1926	0.007739
1.016	-0.1935	0.01
1.015	-0.1949	0.01077
1.015	-0.1947	0.00822
1.016	-0.1918	0.01345
1.014	-0.189	0.01666
1.011	-0.1892	0.01821
1.011	-0.1945	0.01786
1.012	-0.1969	0.01252
1.015	-0.189	0.01071
1.019	-0.185	0.01168
1.018	-0.1883	0.01266
1.019	-0.1879	0.01361
1.019	-0.1889	0.0144
1.019	-0.1897	0.01576
1.018	-0.1885	0.01555
1.014	-0.1908	0.01468
1.01	-0.1916	0.01606
1.01	-0.1957	0.01552
1.013	-0.2009	0.01072
1.019	-0.1983	0.009726
1.019	-0.1975	0.01213
1.015	-0.1964	0.01319
1.014	-0.1931	0.01292
1.016	-0.1923	0.007963
1.018	-0.1881	0.005908
1.018	-0.187	0.01169
1.012	-0.1916	0.0146
1.009	-0.193	0.01539
1.013	-0.1932	0.01866
1.013	-0.1941	0.01919
1.011	-0.1922	0.01634
1.014	-0.1876	0.01202
1.02	-0.1855	0.009429
1.026	-0.1861	0.01356
1.025	-0.1863	0.01613
1.015	-0.1883	0.01256
1.012	-0.1923	0.01068
1.014	-0.1969	0.008389
1.015	-0.1987	0.008517
1.015	-0.1962	0.01582
1.016	-0.194	0.0205
1.016	-0.1933	0.01825
1.016	-0.1936	0.01225
1.016	-0.1942	0.009956
1.009	-0.1959	0.0142
1.006	-0.1966	0.01509
1.014	-0.1896	0.01207
1.02	-0.1823	0.01039
1.021	-0.1821	0.009942
1.018	-0.1875	0.01239
1.012	-0.1973	0.01469
1.013	-0.2003	0.0138
1.014	-0.1968	0.01395
1.013	-0.1945	0.01502
1.014	-0.1898	0.01451
1.016	-0.1909	0.01333
1.018	-0.1953	0.01183
1.019	-0.1912	0.01231
1.018	-0.185	0.01455
1.016	-0.1733	0.01363
1.016	-0.183	0.01322
1.017	-0.192	0.01375
1.018	-0.1955	0.01543
1.017	-0.1967	0.01101
1.015	-0.1997	0.01254
1.014	-0.202	0.01237
1.014	-0.2015	0.00887
1.015	-0.1977	0.01328
1.013	-0.1934	0.01585
1.01	-0.1919	0.01699
1.01	-0.1955	0.01646
1.011	-0.1964	0.01113
1.015	-0.1872	0.009483
1.019	-0.1823	0.01072
1.019	-0.1852	0.01203
1.02	-0.1847	0.01331
1.019	-0.1859	0.01441
1.019	-0.1872	0.01604
1.019	-0.1866	0.01602
1.014	-0.1896	0.01526
1.011	-0.1911	0.01668
1.01	-0.1958	0.01611
1.013	-0.2015	0.01124
1.019	-0.1993	0.01014
1.019	-0.1987	0.01241
1.015	-0.1977	0.01334
1.014	-0.1944	0.01294
1.016	-0.1934	0.007876
1.018	-0.1889	0.005739
1.017	-0.1876	0.01147
1.012	-0.192	0.01436
1.009	-0.1931	0.01515
1.013	-0.1931	0.01844
1.013	-0.1938	0.01901
1.011	-0.1918	0.0162
1.014	-0.1871	0.01194
1.02	-0.185	0.009395
1.027	-0.1857	0.01357
1.025	-0.186	0.01618
1.015	-0.1881	0.01263
1.012	-0.1922	0.01076
1.014	-0.1968	0.008479
1.015	-0.1988	0.008604
1.015	-0.1963	0.0159
1.016	-0.1941	0.02055
1.016	-0.1934	0.01829
1.016	-0.1938	0.01228
1.016	-0.1944	0.009959
1.009	-0.196	0.01419
1.006	-0.1968	0.01507
1.014	-0.1897	0.01204
1.02	-0.1823	0.01035
1.021	-0.1821	0.009909
1.018	-0.1875	0.01236
1.012	-0.1973	0.01467
1.013	-0.2002	0.01378
1.014	-0.1968	0.01394
1.013	-0.1945	0.01502
1.014	-0.1897	0.01451
1.016	-0.1909	0.01334
1.018	-0.1953	0.01184
1.019	-0.1912	0.01232
1.018	-0.185	0.01456
1.017	-0.1805	0.01468
1.017	-0.18	0.01342
1.016	-0.1847	0.01285
1.018	-0.1905	0.01346
1.016	-0.1972	0.01295
1.013	-0.2012	0.01121
1.012	-0.2062	0.01147
1.011	-0.2084	0.01103
1.011	-0.2015	0.01198
1.016	-0.1966	0.01339
1.019	-0.1922	0.01049
1.017	-0.187	0.01447
1.017	-0.1859	0.02084
1.016	-0.1854	0.01869
1.012	-0.1855	0.01852
1.012	-0.1816	0.01677
1.018	-0.1805	0.009852
1.02	-0.1878	0.008922
1.011	-0.1914	0.01342
1.011	-0.1947	0.01304
1.02	-0.1978	0.003622
1.022	-0.1967	0.002991
1.018	-0.1958	0.01671
1.014	-0.1913	0.02083
1.013	-0.1917	0.01444
1.017	-0.1999	0.01165
1.017	-0.2023	0.01171
1.011	-0.1995	0.01482
1.01	-0.1941	0.01684
1.016	-0.1873	0.01234
1.017	-0.1852	0.01186
1.012	-0.1854	0.01668
1.013	-0.1849	0.0159
1.018	-0.1864	0.01256
1.019	-0.1899	0.01037
1.016	-0.1926	0.008231
1.016	-0.1947	0.009528
1.017	-0.1943	0.01602
1.016	-0.1931	0.02094
1.015	-0.1938	0.01711
1.012	-0.195	0.01364
1.011	-0.1966	0.01342
1.019	-0.194	0.009668
1.022	-0.1885	0.007587
1.015	-0.1867	0.008834
1.013	-0.1863	0.01433
1.013	-0.1897	0.0206
1.013	-0.1948	0.01829
1.016	-0.1952	0.01318
1.017	-0.1953	0.01109
1.016	-0.1945	0.011
1.017	-0.191	0.00952
1.016	-0.1911	0.007939
1.015	-0.1937	0.01102
1.012	-0.1932	0.01286
1.01	-0.1925	0.01604
1.014	-0.1925	0.01944
1.016	-0.1898	0.01618
1.014	-0.1876	0.01533
1.016	-0.1882	0.01458
1.019	-0.1924	0.0124
1.019	-0.1979	0.0131
1.019	-0.1976	0.009762
1.018	-0.1916	0.008682
1.014	-0.1854	0.02587
1.013	-0.1825	0.01649
1.014	-0.1848	0.01117
1.016	-0.1889	0.009522
1.015	-0.1944	0.008463
1.013	-0.1977	0.007263
1.013	-0.2026	0.008654
1.013	-0.2051	0.009571
1.012	-0.1989	0.01182
1.018	-0.1948	0.01432
1.02	-0.1913	0.01219
1.018	-0.187	0.01662
1.018	-0.1865	0.02311
1.016	-0.1866	0.0208
1.012	-0.187	0.02028
1.011	-0.1833	0.01804
1.018	-0.1822	0.01058
1.019	-0.1893	0.009129
1.011	-0.1926	0.01316
1.01	-0.1955	0.01242
1.02	-0.1983	0.002752
1.022	-0.1969	0.001994
1.018	-0.1956	0.0157
1.014	-0.1909	0.0199
1.013	-0.1911	0.01366
1.017	-0.1992	0.01107
1.017	-0.2016	0.01135
1.011	-0.1989	0.01467
1.01	-0.1935	0.01688
1.017	-0.1869	0.01254
1.017	-0.1849	0.01217
1.013	-0.1853	0.01706
1.014	-0.1849	0.0163
1.018	-0.1865	0.01294
1.019	-0.1901	0.0107
1.016	-0.1928	0.008496
1.016	-0.1949	0.009712
1.017	-0.1946	0.01612
1.016	-0.1933	0.02096
1.015	-0.194	0.01707
1.011	-0.1951	0.01355
1.011	-0.1967	0.01329
1.019	-0.194	0.009524
1.022	-0.1885	0.007442
1.015	-0.1866	0.008702
1.013	-0.1862	0.01422
1.013	-0.1896	0.02052
1.013	-0.1947	0.01823
1.016	-0.1951	0.01316
1.017	-0.1952	0.01109
1.016	-0.1945	0.01103
1.017	-0.191	0.009562
1.016	-0.1911	0.00799
1.015	-0.1937	0.01108
1.012	-0.1932	0.01291
1.01	-0.1926	0.01608
1.014	-0.1926	0.01948
1.016	-0.1898	0.01621
1.014	-0.1876	0.01534
1.016	-0.1882	0.01458
1.019	-0.1924	0.0124
1.019	-0.1979	0.01309
1.019	-0.1976	0.009745
1.018	-0.1916	0.008663
1.016	-0.1834	0.01368
1.012	-0.1834	0.01674
1.01	-0.1938	0.01902
1.015	-0.1985	0.01918
1.019	-0.1943	0.01279
1.018	-0.1885	0.00836
1.015	-0.1841	0.0106
1.012	-0.1869	0.009935
1.012	-0.1962	0.009262
1.015	-0.2018	0.01139
1.014	-0.1994	0.01141
1.015	-0.1971	0.01263
1.017	-0.1955	0.009411
1.018	-0.1928	0.009139
1.017	-0.1945	0.02018
1.018	-0.192	0.02195
1.019	-0.1841	0.01611
1.017	-0.182	0.01635
1.014	-0.1839	0.01702
1.012	-0.1884	0.0153
1.012	-0.193	0.01152
1.014	-0.1922	0.008442
1.015	-0.1878	0.008419
1.016	-0.1887	0.009814
1.016	-0.1991	0.01239
1.017	-0.2046	0.01437
1.018	-0.2003	0.01433
1.018	-0.195	0.01363
1.017	-0.1905	0.01319
1.014	-0.1904	0.01303
1.012	-0.1927	0.01517
1.014	-0.1915	0.01793
1.013	-0.1897	0.01513
1.014	-0.1869	0.01087
1.015	-0.1848	0.01186
1.015	-0.1866	0.01223
1.019	-0.1913	0.01147
1.02	-0.1955	0.01392
1.016	-0.1949	0.01295
1.015	-0.1929	0.01023
1.016	-0.1928	0.01153
1.015	-0.1926	0.01324
1.014	-0.1937	0.01464
1.014	-0.1941	0.01466
1.015	-0.1924	0.0151
1.018	-0.1903	0.01658
1.018	-0.1892	0.01306
1.014	-0.1905	0.009307
1.013	-0.1924	0.01238
1.017	-0.1947	0.01612
1.018	-0.1951	0.01411
1.017	-0.1925	0.01327
1.015	-0.1917	0.01521
1.013	-0.1917	0.01402
1.013	-0.1899	0.01308
1.013	-0.1885	0.01162
1.015	-0.1896	0.01081
1.017	-0.192	0.01314
1.016	-0.1926	0.01658
1.016	-0.1933	0.01873
1.017	-0.1959	0.01159
1.013	-0.1982	0.008232
1.015	-0.196	0.01161
1.021	-0.1884	0.005696
1.02	-0.1819	-0.000522
1.013	-0.186	0.01245
1.01	-0.1974	0.02122
1.014	-0.2013	0.0251
1.018	-0.1954	0.02024
1.017	-0.1879	0.01574
1.014	-0.182	0.01684
1.011	-0.1839	0.01443
1.012	-0.1928	0.01177
1.015	-0.1985	0.01199
1.015	-0.1967	0.01037
1.016	-0.1951	0.01034
1.018	-0.1945	0.006334
1.018	-0.1927	0.005722
1.018	-0.1953	0.01682
1.018	-0.1934	0.01897
1.019	-0.1859	0.01374
1.017	-0.184	0.01471
1.014	-0.1858	0.01615
1.012	-0.1902	0.01515
1.012	-0.1945	0.01199
1.013	-0.1932	0.009385
1.014	-0.1884	0.009669
1.015	-0.1889	0.01121
1.016	-0.1989	0.01378
1.017	-0.2041	0.01563
1.018	-0.1996	0.01537
1.018	-0.1942	0.01439
1.017	-0.1896	0.01365
1.014	-0.1896	0.0132
1.012	-0.192	0.01509
1.014	-0.191	0.01765
1.013	-0.1893	0.0147
1.014	-0.1867	0.01037
1.015	-0.1848	0.01133
1.015	-0.1868	0.01173
1.019	-0.1915	0.01104
1.02	-0.1958	0.01358
1.016	-0.1952	0.01272
1.015	-0.1932	0.01011
1.016	-0.193	0.01151
1.015	-0.1928	0.01331
1.014	-0.1938	0.01477
1.014	-0.1942	0.01483
1.015	-0.1924	0.0153
1.018	-0.1903	0.01677
1.018	-0.1892	0.01323
1.014	-0.1904	0.009448
1.013	-0.1923	0.01248
1.017	-0.1945	0.01618
1.018	-0.195	0.01413
1.017	-0.1924	0.01326
1.015	-0.1917	0.01517
1.013	-0.1917	0.01397
1.013	-0.1899	0.01301
1.013	-0.1885	0.01155
1.015	-0.1896	0.01074
1.017	-0.1921	0.01308
1.016	-0.1927	0.01653
1.016	-0.1933	0.0187
1.017	-0.196	0.01157
1.013	-0.1982	0.00823
1.015	-0.196	0.01162
1.021	-0.1885	0.005714
1.02	-0.1848	0.006857
1.015	-0.1893	0.01388
1.012	-0.1914	0.01492
1.011	-0.1906	0.0189
1.013	-0.193	0.01608
1.015	-0.1934	0.01126
1.014	-0.1931	0.01512
1.015	-0.1942	0.0177
1.016	-0.1921	0.01961
1.017	-0.1907	0.01918
1.018	-0.1914	0.01579
1.016	-0.1922	0.01251
1.017	-0.193	0.00824
1.017	-0.193	0.008902
1.014	-0.192	0.00983
1.014	-0.1887	0.0086
1.015	-0.1887	0.009102
1.015	-0.1919	0.00944
1.015	-0.1921	0.0149
1.015	-0.1927	0.01787
1.014	-0.1934	0.0131
1.015	-0.193	0.01152
1.02	-0.1936	0.01278
1.022	-0.1936	0.01515
1.015	-0.1933	0.01622
1.011	-0.1908	0.01662
1.012	-0.1896	0.0195
1.012	-0.1919	0.01678
1.013	-0.1915	0.00994
1.015	-0.1906	0.007187
1.014	-0.1919	0.01035
1.016	-0.1928	0.01441
1.017	-0.1957	0.01392
1.015	-0.1968	0.01465
1.015	-0.1917	0.01416
1.02	-0.1907	0.008544
1.026	-0.1926	0.008871
1.026	-0.1869	0.01715
1.015	-0.1842	0.02131
0.9949	-0.1868	0.01665
0.9924	-0.1874	0.01203
1.017	-0.1912	0.008283
1.031	-0.1942	0.003738
1.028	-0.1972	0.005757
1.025	-0.2054	0.01098
1.007	-0.21	0.01568
0.9968	-0.2066	0.01872
1.011	-0.1906	0.02057
1.023	-0.1748	0.02554
1.026	-0.1727	0.02217
1.016	-0.172	0.01138
1.009	-0.1846	0.008186
1.017	-0.2005	0.008398
1.015	-0.1953	0.006985
1.014	-0.1981	0.007108
1.023	-0.201	0.01006
1.019	-0.1903	0.01293
1.013	-0.1934	0.01327
1.009	-0.1993	0.01067
1.009	-0.1982	0.009939
1.015	-0.1935	0.01573
1.016	-0.1875	0.01766
1.017	-0.1904	0.01782
1.018	-0.1925	0.02141
1.019	-0.1881	0.02003
1.016	-0.1893	0.017
1.014	-0.1898	0.01154
1.013	-0.1884	0.01187
1.015	-0.1909	0.007618
1.016	-0.1919	0.002951
1.015	-0.1923	0.008039
1.016	-0.1942	0.01246
1.016	-0.1927	0.01644
1.016	-0.1917	0.01801
1.017	-0.1927	0.01637
1.016	-0.1935	0.01444
1.016	-0.1942	0.01107
1.016	-0.194	0.01217
1.013	-0.1927	0.01314
1.013	-0.1891	0.01161
1.015	-0.1888	0.01158
1.015	-0.1918	0.01123
1.015	-0.1917	0.01595
1.015	-0.1922	0.01821
1.015	-0.1928	0.01282
1.016	-0.1924	0.01075
1.021	-0.1931	0.01167
1.022	-0.1932	0.01386
1.016	-0.193	0.01491
1.011	-0.1906	0.0154
1.012	-0.1895	0.01846
1.012	-0.1919	0.016
1.013	-0.1916	0.009435
1.015	-0.1908	0.006958
1.014	-0.1921	0.01037
1.016	-0.1931	0.01464
1.017	-0.1959	0.01429
1.015	-0.197	0.01511
1.015	-0.1919	0.01466
1.02	-0.1908	0.009027
1.026	-0.1927	0.009297
1.026	-0.1869	0.01749
1.015	-0.1841	0.02156
0.9949	-0.1868	0.01679
0.9924	-0.1873	0.01207
1.017	-0.1911	0.008237
1.031	-0.1941	0.003626
1.028	-0.1971	0.005601
1.025	-0.2054	0.0108
1.007	-0.2099	0.01549
0.9968	-0.2066	0.01855
1.011	-0.1906	0.02043
1.023	-0.1748	0.02543
1.026	-0.1727	0.0221
1.016	-0.1721	0.01134
1.009	-0.1847	0.008188
1.017	-0.2005	0.008429
1.015	-0.1953	0.007035
1.014	-0.1981	0.007171
1.023	-0.201	0.01013
1.019	-0.1903	0.01299
1.013	-0.1934	0.01333
1.009	-0.1993	0.01072
1.009	-0.1982	0.009971
1.015	-0.1935	0.01575
1.016	-0.1875	0.01766
1.017	-0.1904	0.01781
1.018	-0.1925	0.02139
1.017	-0.194	0.01886
1.017	-0.1915	0.01532
1.014	-0.1828	0.01251
1.016	-0.1852	0.01075
1.016	-0.1879	0.01196
1.015	-0.1875	0.0084
1.016	-0.192	0.00827
1.012	-0.1947	0.0109
1.011	-0.1979	0.01146
1.015	-0.1983	0.01406
1.02	-0.196	0.01015
1.021	-0.1937	0.009684
1.014	-0.1904	0.01846
1.013	-0.1917	0.02163
1.017	-0.1936	0.01972
1.016	-0.1945	0.01422
1.015	-0.1933	0.01034
1.015	-0.1893	0.01102
1.015	-0.1886	0.009036
1.014	-0.1882	0.00914
1.015	-0.1888	0.01178
1.015	-0.1892	0.01214
1.015	-0.1873	0.01309
1.017	-0.1912	0.01431
1.017	-0.1973	0.01334
1.016	-0.1986	0.01373
1.016	-0.1966	0.01949
1.016	-0.1949	0.02151
1.015	-0.1939	0.01497
1.013	-0.1904	0.01135
1.012	-0.1891	0.01128
1.013	-0.1907	0.009088
1.016	-0.192	0.007877
1.019	-0.1922	0.009032
1.018	-0.1877	0.01374
1.019	-0.1846	0.01776
1.017	-0.1863	0.01503
1.014	-0.1879	0.01193
1.014	-0.1933	0.00998
1.014	-0.1994	0.00969
1.014	-0.1991	0.01624
1.016	-0.1974	0.0203
1.014	-0.1956	0.01891
1.014	-0.1938	0.01738
1.015	-0.1933	0.01076
1.015	-0.1912	0.004465
1.017	-0.1902	0.007722
1.018	-0.1901	0.01557
1.017	-0.1891	0.0188
1.016	-0.1896	0.01365
1.015	-0.1898	0.01028
1.014	-0.1905	0.0134
1.013	-0.1931	0.01185
1.015	-0.1931	0.008682
1.017	-0.1893	0.0118
1.016	-0.1867	0.01589
1.016	-0.1888	0.01764
1.016	-0.1919	0.01662
1.014	-0.1954	0.01518
1.016	-0.1987	0.01403
1.016	-0.1976	0.01062
1.016	-0.1938	0.01136
1.018	-0.1883	0.01438
1.016	-0.1877	0.013
0.7886	-0.1816	-0.01321
1.096	-0.253	-0.02542
1.22	-0.2294	0.0009349
1.134	-0.175	0.02459
1.064	-0.1371	0.06237
0.9618	-0.1253	0.09119
0.9119	-0.1283	0.07113
0.9854	-0.1797	0.02123
0.982	-0.2303	-0.008267
0.9807	-0.2375	-0.01578
0.9756	-0.25	-0.0177
0.9366	-0.2396	-0.02201
0.9785	-0.2126	-0.02365
1.015	-0.204	-0.01743
1.047	-0.1735	0.002212
1.07	-0.1528	0.02223
1.069	-0.1598	0.0113
1.084	-0.1677	-0.001466
1.054	-0.1934	0.004508
1.04	-0.2025	0.02001
1.036	-0.1921	0.03784
1.008	-0.1926	0.03863
1.011	-0.1808	0.04189
0.9982	-0.1758	0.04298
0.993	-0.1902	0.03071
0.9959	-0.2012	0.02566
0.9808	-0.2073	0.01646
0.9901	-0.2058	0.008509
0.9959	-0.2047	0.007343
1.003	-0.2023	0.005038
1.014	-0.1977	0.00385
1.017	-0.1951	-0.006042
1.024	-0.1837	-0.01044
1.021	-0.1723	-0.00388
1.024	-0.1647	-0.002179
1.033	-0.1722	0.004029
1.032	-0.2067	0.01458
1.024	-0.2281	0.02252
1.009	-0.2241	0.03209
1.007	-0.2052	0.03607
1.021	-0.1706	0.02591
1.038	-0.1553	0.009069
1.04	-0.1595	0.005092
1.027	-0.1663	0.01493
1.013	-0.1938	0.01673
0.9912	-0.2163	0.01171
0.9839	-0.2214	0.01264
0.9891	-0.2217	0.01297
0.9884	-0.2048	0.01242
0.9982	-0.1952	0.01387
1.012	-0.1928	0.01204
1.028	-0.1781	0.009607
1.042	-0.1746	0.009577
1.04	-0.1764	0.01092
1.034	-0.1798	0.01257
1.027	-0.1901	0.0141
1.021	-0.1936	0.01679
1.014	-0.1975	0.01664
1.008	-0.1978	0.01359
1.012	-0.1896	0.01224
1.011	-0.1898	0.01135
1.008	-0.1981	0.01072
1.013	-0.2035	0.01298
1.015	-0.2016	0.01709
1.013	-0.1939	0.01465
1.013	-0.1849	0.009219
1.014	-0.1837	0.01194
1.015	-0.1885	0.01408
1.014	-0.1884	0.01349
1.013	-0.1897	0.01448
1.012	-0.1934	0.01375
1.014	-0.1952	0.01696
1.017	-0.1966	0.01768
1.017	-0.1941	0.01301
1.016	-0.1927	0.01294
1.016	-0.194	0.01013
1.02	-0.1929	0.00796
1.021	-0.1936	0.01379
1.016	-0.1933	0.01528
1.015	-0.1898	0.01233
1.017	-0.1888	0.01301
1.02	-0.1898	0.0133
1.018	-0.1889	0.0127
1.007	-0.1862	0.01394
1.004	-0.1867	0.0121
1.016	-0.1917	0.01041
1.019	-0.1944	0.01263
1.014	-0.1935	0.01279
1.015	-0.1937	0.01187
1.014	-0.1941	0.0124
1.014	-0.1955	0.01722
1.019	-0.1982	0.02123
1.018	-0.1963	0.01777
1.017	-0.1924	0.01832
1.016	-0.1907	0.01801
1.015	-0.1911	0.008881
1.017	-0.1919	0.003573
1.016	-0.1874	0.004098
1.013	-0.1834	0.008097
1.012	-0.1855	0.01239
1.012	-0.1885	0.01366
1.015	-0.1927	0.01459
1.017	-0.1959	0.01432
1.017	-0.1972	0.01456
1.016	-0.1974	0.01732
1.013	-0.1951	0.02244
1.014	-0.1954	0.0205
1.015	-0.196	0.009965
1.017	-0.1934	0.009017
1.019	-0.1902	0.009835
1.02	-0.1852	0.007691
1.015	-0.1839	0.01307
1.013	-0.1893	0.01236
1.015	-0.1924	0.008893
1.015	-0.1927	0.01255
1.015	-0.1935	0.02049
1.018	-0.1924	0.02606
1.017	-0.1909	0.01596
1.017	-0.1909	0.00942
1.015	-0.193	0.01242
1.012	-0.1946	0.00814
1.012	-0.1936	0.00904
1.01	-0.1938	0.01108
1.012	-0.1939	0.009507
1.015	-0.1941	0.01156
1.014	-0.1954	0.01206
1.017	-0.192	0.01493
1.018	-0.1904	0.01532
1.018	-0.1988	0.02145
1.019	-0.1868	0.01186
1.019	-0.1833	0.01222
1.02	-0.1868	0.01323
1.017	-0.1863	0.0123
1.014	-0.1876	0.0134
1.012	-0.1919	0.01299
1.012	-0.1945	0.01659
1.014	-0.1968	0.01766
1.014	-0.195	0.01326
1.013	-0.1942	0.01334
1.013	-0.196	0.01057
1.018	-0.195	0.008367
1.019	-0.1956	0.0141
1.015	-0.1951	0.01545
1.015	-0.1912	0.01237
1.017	-0.1898	0.01291
1.02	-0.1903	0.01309
1.019	-0.1889	0.01243
1.009	-0.1858	0.01363
1.005	-0.186	0.01178
1.017	-0.1908	0.01012
1.02	-0.1934	0.0124
1.015	-0.1926	0.01262
1.015	-0.1929	0.01178
1.014	-0.1934	0.01238
1.014	-0.195	0.01727
1.019	-0.1979	0.02132
1.018	-0.1962	0.0179
1.017	-0.1924	0.01847
1.016	-0.1909	0.01815
1.014	-0.1913	0.009018
1.016	-0.1923	0.00369
1.016	-0.1878	0.004189
1.013	-0.1838	0.008157
1.012	-0.1858	0.01242
1.012	-0.1887	0.01366
1.015	-0.1929	0.01457
1.017	-0.196	0.01428
1.017	-0.1972	0.01451
1.016	-0.1974	0.01727
1.013	-0.1951	0.02239
1.014	-0.1953	0.02045
1.015	-0.1959	0.009927
1.017	-0.1933	0.008989
1.02	-0.1901	0.009819
1.02	-0.1851	0.007685
1.015	-0.1838	0.01307
1.013	-0.1893	0.01237
1.015	-0.1924	0.008908
1.015	-0.1928	0.01256
1.015	-0.1935	0.02051
1.018	-0.1924	0.02608
1.017	-0.191	0.01598
1.017	-0.191	0.009431
1.015	-0.193	0.01243
1.012	-0.1947	0.008144
1.012	-0.1936	0.00904
1.01	-0.1938	0.01108
1.012	-0.1939	0.009502
1.015	-0.1941	0.01155
1.014	-0.1954	0.01205
1.017	-0.192	0.01492
1.018	-0.1904	0.01531
1.018	-0.1918	0.01332
1.02	-0.1904	0.0157
1.018	-0.1898	0.01667
1.017	-0.1857	0.0184
1.017	-0.1841	0.01605
1.015	-0.1901	0.01073
1.016	-0.193	0.01147
1.015	-0.1962	0.01382
1.014	-0.199	0.01576
1.013	-0.1946	0.01307
1.012	-0.1913	0.009758
1.015	-0.1901	0.01042
1.017	-0.1894	0.009531
1.018	-0.1936	0.01223
1.015	-0.1953	0.01493
1.009	-0.1924	0.01414
1.009	-0.1932	0.01382
1.014	-0.1949	0.01059
1.018	-0.1936	0.01038
1.02	-0.1909	0.01399
1.019	-0.1878	0.01547
1.019	-0.1879	0.01712
1.019	-0.1878	0.0181
1.017	-0.1872	0.01749
1.012	-0.1905	0.01507
1.009	-0.1937	0.01142
1.015	-0.1957	0.009012
1.019	-0.1967	0.008528
1.016	-0.196	0.01154
1.014	-0.1939	0.01562
1.013	-0.1918	0.01482
1.015	-0.1931	0.009274
1.016	-0.1916	0.007678
1.014	-0.1879	0.01236
1.014	-0.1892	0.01464
1.015	-0.1908	0.01484
1.017	-0.1919	0.01569
1.021	-0.1926	0.01524
1.017	-0.193	0.01624
1.012	-0.1945	0.01606
1.012	-0.1928	0.01377
1.015	-0.1906	0.01386
1.017	-0.1905	0.0136
1.016	-0.1915	0.01323
1.016	-0.1931	0.01316
1.017	-0.1925	0.01176
1.016	-0.1912	0.01163
1.017	-0.1894	0.01111
1.016	-0.1901	0.01069
1.015	-0.1955	0.01224
1.015	-0.1985	0.01348
1.013	-0.1952	0.01344
1.013	-0.189	0.01003
1.015	-0.1858	0.009259
1.016	-0.186	0.0158
1.016	-0.1875	0.01804
1.017	-0.1935	0.01599
1.017	-0.1969	0.018
1.014	-0.1941	0.01711
1.013	-0.1934	0.01282
1.015	-0.1942	0.01166
1.018	-0.1966	0.01049
1.02	-0.1988	0.009881
1.017	-0.1934	0.01171
1.009	-0.1881	0.0128
1.013	-0.1878	0.01306
1.014	-0.1881	0.0134
1.015	-0.1849	0.01544
1.016	-0.1839	0.01396
1.015	-0.1905	0.009713
1.017	-0.1936	0.01152
1.017	-0.1969	0.01477
1.016	-0.1997	0.01736
1.015	-0.1952	0.01504
1.014	-0.1917	0.01183
1.016	-0.1903	0.01235
1.018	-0.1895	0.01114
1.018	-0.1935	0.01341
1.015	-0.195	0.01564
1.009	-0.192	0.01437
1.008	-0.1929	0.01363
1.013	-0.1945	0.01006
1.017	-0.1933	0.009624
1.019	-0.1907	0.01311
1.019	-0.1876	0.01456
1.018	-0.1878	0.01627
1.019	-0.1878	0.01739
1.017	-0.1872	0.01695
1.012	-0.1906	0.01471
1.01	-0.1938	0.01126
1.016	-0.1959	0.009027
1.019	-0.1969	0.008687
1.016	-0.1961	0.01181
1.014	-0.1941	0.01595
1.013	-0.1919	0.01517
1.015	-0.1931	0.009616
1.017	-0.1917	0.007981
1.014	-0.1879	0.01261
1.014	-0.1892	0.01481
1.015	-0.1908	0.01494
1.017	-0.1919	0.01572
1.021	-0.1925	0.0152
1.017	-0.1929	0.01616
1.012	-0.1944	0.01595
1.011	-0.1928	0.01365
1.015	-0.1906	0.01373
1.017	-0.1905	0.01348
1.016	-0.1915	0.01313
1.016	-0.1931	0.01309
1.017	-0.1926	0.01171
1.016	-0.1912	0.01161
1.017	-0.1894	0.01111
1.016	-0.1901	0.01071
1.015	-0.1955	0.01227
1.015	-0.1985	0.01353
1.013	-0.1953	0.01349
1.013	-0.189	0.01007
1.015	-0.1858	0.009299
1.016	-0.186	0.01584
1.016	-0.1875	0.01806
1.017	-0.1935	0.016
1.017	-0.1969	0.018
1.014	-0.1941	0.01711
1.013	-0.1934	0.01281
1.015	-0.1942	0.01164
1.018	-0.1966	0.01048
1.02	-0.1988	0.009864
1.017	-0.1934	0.01169
1.011	-0.1883	0.0127
1.01	-0.1888	0.01313
1.014	-0.1881	0.01404
1.016	-0.1865	0.0143
1.014	-0.1869	0.01255
1.016	-0.1895	0.01016
1.019	-0.1908	0.01067
1.02	-0.1897	0.01548
1.019	-0.192	0.01976
1.015	-0.1975	0.01799
1.009	-0.2008	0.01416
1.011	-0.1977	0.01041
1.018	-0.1907	0.009451
1.02	-0.1856	0.01529
1.016	-0.1857	0.01577
1.014	-0.195	0.008677
1.016	-0.2	0.006705
1.014	-0.1943	0.009991
1.009	-0.1942	0.01452
1.008	-0.1941	0.01781
1.011	-0.1892	0.0164
1.018	-0.1904	0.01074
1.023	-0.1917	0.009331
1.022	-0.1888	0.01668
1.024	-0.185	0.02186
1.022	-0.1833	0.01865
1.015	-0.1883	0.01094
1.008	-0.1938	0.006955
1.006	-0.198	0.0113
1.011	-0.1997	0.01308
1.014	-0.1936	0.01266
1.013	-0.19	0.0176
1.014	-0.194	0.0157
1.015	-0.1986	0.006816
1.019	-0.1999	0.004904
1.023	-0.1917	0.01114
1.025	-0.1793	0.01808
1.025	-0.1759	0.01858
1.011	-0.186	0.0184
0.999	-0.2047	0.01862
1.003	-0.2115	0.01363
1.009	-0.2006	0.01167
1.018	-0.1896	0.01154
1.024	-0.1815	0.009175
1.019	-0.1786	0.007573
1.019	-0.1847	0.005577
1.018	-0.1877	0.00909
1.015	-0.1886	0.01685
1.018	-0.1924	0.01906
1.016	-0.1926	0.0152
1.011	-0.1928	0.01288
1.01	-0.1976	0.01593
1.011	-0.2042	0.01631
1.016	-0.2052	0.01501
1.021	-0.1991	0.01544
1.025	-0.1936	0.0141
1.021	-0.1895	0.0147
1.014	-0.1895	0.01424
1.01	-0.1917	0.01292
1.006	-0.1911	0.01439
1.008	-0.1924	0.01046
1.008	-0.1867	0.004681
1.01	-0.179	0.006837
1.02	-0.1817	0.01517
1.026	-0.1763	0.01397
1.021	-0.1883	0.0133
1.021	-0.1948	0.01394
1.019	-0.197	0.01438
1.015	-0.1985	0.01298
1.015	-0.2004	0.01095
1.017	-0.1997	0.01172
1.018	-0.1959	0.01664
1.016	-0.1954	0.02089
1.012	-0.1982	0.01896
1.007	-0.1994	0.01486
1.01	-0.1946	0.01081
1.016	-0.1865	0.009535
1.019	-0.1809	0.01508
1.016	-0.1811	0.01533
1.014	-0.191	0.008078
1.017	-0.1968	0.006019
1.015	-0.1921	0.009293
1.01	-0.193	0.01388
1.009	-0.1938	0.01726
1.011	-0.1898	0.01599
1.019	-0.1917	0.01047
1.024	-0.1933	0.009219
1.023	-0.1907	0.0167
1.024	-0.1868	0.022
1.022	-0.185	0.01886
1.014	-0.1896	0.0112
1.008	-0.1948	0.00724
1.006	-0.1986	0.01158
1.011	-0.2	0.01333
1.013	-0.1935	0.01285
1.013	-0.1897	0.01774
1.014	-0.1935	0.01578
1.015	-0.1979	0.006842
1.019	-0.1992	0.004881
1.023	-0.1911	0.01108
1.026	-0.1788	0.018
1.025	-0.1754	0.01848
1.011	-0.1857	0.0183
0.9992	-0.2045	0.01852
1.003	-0.2114	0.01355
1.01	-0.2007	0.01161
1.018	-0.1898	0.0115
1.024	-0.1817	0.009156
1.019	-0.1788	0.007572
1.019	-0.185	0.005593
1.018	-0.188	0.009117
1.015	-0.1888	0.01689
1.018	-0.1925	0.0191
1.016	-0.1927	0.01524
1.011	-0.1928	0.01292
1.01	-0.1976	0.01595
1.011	-0.2042	0.01633
1.016	-0.2052	0.01502
1.021	-0.199	0.01545
1.025	-0.1935	0.0141
1.021	-0.1894	0.01469
1.014	-0.1894	0.01422
1.01	-0.1916	0.01291
1.006	-0.1911	0.01437
1.008	-0.1924	0.01045
1.008	-0.1867	0.004671
1.01	-0.179	0.006828
1.02	-0.1817	0.01516
1.022	-0.1825	0.01829
1.024	-0.1864	0.0114
1.026	-0.1929	0.009478
1.017	-0.191	0.01255
1.014	-0.1937	0.01089
1.018	-0.1977	0.01361
1.017	-0.1993	0.01769
1.016	-0.2034	0.01764
1.013	-0.2022	0.01901
1.01	-0.2006	0.0166
1.009	-0.2002	0.01316
1.011	-0.1966	0.0119
1.013	-0.1924	0.00938
1.018	-0.1863	0.01106
1.02	-0.1806	0.0134
1.016	-0.1787	0.01549
1.015	-0.18	0.01715
1.019	-0.1815	0.01068
1.02	-0.1841	0.00684
1.021	-0.1895	0.01045
1.017	-0.197	0.0146
1.012	-0.2062	0.01853
1.011	-0.207	0.01696
1.009	-0.2029	0.01266
1.003	-0.202	0.01181
1.004	-0.1978	0.01087
1.013	-0.1949	0.007115
1.018	-0.1883	0.007173
1.02	-0.177	0.01706
1.027	-0.1764	0.02056
1.032	-0.1765	0.01316
1.027	-0.1775	0.01298
1.021	-0.1882	0.01442
1.019	-0.1951	0.01196
1.014	-0.1973	0.01345
1.008	-0.2011	0.0135
1.004	-0.2073	0.01385
1.009	-0.2115	0.01846
1.012	-0.2054	0.01877
1.01	-0.1932	0.01391
1.006	-0.186	0.009298
1.005	-0.1863	0.007742
1.014	-0.1835	0.009474
1.025	-0.1796	0.01225
1.025	-0.1841	0.01375
1.022	-0.1877	0.01088
1.02	-0.1904	0.008365
1.019	-0.1937	0.01186
1.016	-0.1943	0.01564
1.014	-0.1968	0.01711
1.016	-0.1949	0.01608
1.015	-0.1921	0.01437
1.013	-0.1929	0.01618
1.014	-0.1926	0.01676
1.012	-0.1964	0.0171
1.013	-0.1977	0.0171
1.016	-0.1925	0.01149
1.017	-0.1889	0.008631
1.018	-0.1864	0.00981
1.019	-0.1856	0.009834
1.018	-0.1872	0.01041
1.012	-0.1924	0.01084
1.009	-0.2001	0.0134
1.011	-0.2021	0.01617
1.013	-0.1965	0.02585
1.018	-0.1911	0.01222
1.022	-0.1905	0.006581
1.015	-0.1838	0.008084
1.014	-0.1838	0.006315
1.019	-0.187	0.009797
1.019	-0.1892	0.01509
1.018	-0.195	0.01637
1.016	-0.1961	0.01897
1.012	-0.197	0.01755
1.011	-0.199	0.01479
1.012	-0.1976	0.01388
1.013	-0.1952	0.01143
1.018	-0.1902	0.01293
1.02	-0.1851	0.01491
1.015	-0.1833	0.01655
1.015	-0.1842	0.01772
1.018	-0.185	0.01078
1.02	-0.1867	0.006536
1.02	-0.1911	0.009835
1.016	-0.1977	0.01379
1.011	-0.2059	0.01762
1.01	-0.2061	0.01606
1.009	-0.2015	0.01185
1.003	-0.2003	0.01115
1.005	-0.196	0.0104
1.014	-0.1932	0.006837
1.018	-0.1868	0.007087
1.021	-0.1758	0.01714
1.028	-0.1756	0.02078
1.032	-0.1761	0.01347
1.027	-0.1774	0.01333
1.022	-0.1884	0.01478
1.019	-0.1955	0.0123
1.014	-0.1979	0.01374
1.008	-0.2017	0.01373
1.004	-0.208	0.014
1.009	-0.2121	0.01853
1.012	-0.2059	0.01877
1.01	-0.1935	0.01385
1.006	-0.1863	0.009203
1.005	-0.1864	0.007621
1.013	-0.1834	0.009342
1.025	-0.1795	0.01212
1.025	-0.184	0.01364
1.022	-0.1874	0.01078
1.02	-0.1902	0.008297
1.019	-0.1935	0.01182
1.016	-0.1941	0.01563
1.014	-0.1967	0.01712
1.016	-0.1948	0.01611
1.015	-0.1921	0.01441
1.013	-0.1929	0.01623
1.014	-0.1926	0.0168
1.012	-0.1965	0.01715
1.013	-0.1977	0.01714
1.016	-0.1926	0.01152
1.017	-0.189	0.00865
1.018	-0.1865	0.00982
1.019	-0.1856	0.009835
1.018	-0.1872	0.01041
1.012	-0.1925	0.01083
1.009	-0.2001	0.01338
1.011	-0.2021	0.01615
1.012	-0.1963	0.01628
1.018	-0.1901	0.01671
1.023	-0.1887	0.01303
1.021	-0.1861	0.009032
1.016	-0.1845	0.01051
1.012	-0.1891	0.01092
1.015	-0.1902	0.01278
1.016	-0.191	0.01588
1.014	-0.1968	0.016
1.016	-0.1989	0.01671
1.017	-0.1969	0.01448
1.017	-0.1945	0.01279
1.017	-0.1891	0.01369
1.014	-0.1864	0.0108
1.013	-0.1914	0.01206
1.011	-0.195	0.01395
1.012	-0.1941	0.01084
1.016	-0.1923	0.01218
1.016	-0.1899	0.01314
1.015	-0.1893	0.01352
1.014	-0.1889	0.0169
1.016	-0.1895	0.01564
1.018	-0.1923	0.01374
1.018	-0.1936	0.01296
1.019	-0.1943	0.01127
1.019	-0.1922	0.01156
1.017	-0.1897	0.01086
1.015	-0.1917	0.01217
1.011	-0.1928	0.01519
1.013	-0.1954	0.01582
1.014	-0.1977	0.01648
1.015	-0.192	0.01384
1.016	-0.1878	0.0122
1.016	-0.1888	0.01328
1.014	-0.1921	0.009242
1.014	-0.1953	0.00877
1.016	-0.1926	0.01373
1.017	-0.1895	0.01389
1.016	-0.1897	0.01341
1.017	-0.1893	0.01606
1.018	-0.1903	0.01691
1.016	-0.1933	0.01535
1.014	-0.1958	0.0138
1.011	-0.1946	0.01269
1.013	-0.1913	0.01235
1.018	-0.19	0.01224
1.018	-0.1908	0.01305
1.016	-0.1955	0.01355
1.015	-0.1967	0.00816
1.017	-0.1922	0.004964
1.016	-0.1921	0.01189
1.014	-0.1927	0.01819
1.015	-0.1907	0.0193
1.014	-0.1891	0.01819
1.015	-0.1877	0.01633
1.015	-0.1893	0.01429
1.015	-0.191	0.01098
1.015	-0.1916	0.01116
1.014	-0.192	0.01213
1.014	-0.1907	0.009285
1.018	-0.1914	0.007365
1.019	-0.193	0.008973
1.015	-0.1941	0.01805
1.014	-0.1952	0.02302
1.013	-0.1998	0.01497
1.016	-0.1921	0.01722
1.021	-0.1903	0.01402
1.018	-0.1875	0.009729
1.013	-0.186	0.01056
1.011	-0.1905	0.01025
1.014	-0.1915	0.0115
1.015	-0.192	0.01421
1.014	-0.1975	0.01419
1.017	-0.1991	0.01498
1.018	-0.1967	0.01302
1.017	-0.194	0.01173
1.018	-0.1882	0.01308
1.015	-0.1854	0.01065
1.014	-0.1903	0.01232
1.012	-0.1939	0.01455
1.013	-0.1932	0.01166
1.016	-0.1915	0.01312
1.016	-0.1894	0.0141
1.015	-0.189	0.01441
1.014	-0.1889	0.01765
1.016	-0.1897	0.0162
1.018	-0.1926	0.01409
1.017	-0.1941	0.01311
1.018	-0.1948	0.01123
1.018	-0.1927	0.01137
1.017	-0.1901	0.01056
1.015	-0.1921	0.0118
1.011	-0.1931	0.0148
1.013	-0.1956	0.01544
1.014	-0.1978	0.01615
1.015	-0.1921	0.01358
1.017	-0.1877	0.01202
1.016	-0.1887	0.01317
1.014	-0.1919	0.009212
1.014	-0.1951	0.008804
1.016	-0.1925	0.01382
1.017	-0.1894	0.01401
1.016	-0.1896	0.01354
1.017	-0.1892	0.01619
1.018	-0.1902	0.01704
1.016	-0.1932	0.01546
1.014	-0.1959	0.01388
1.011	-0.1946	0.01274
1.013	-0.1913	0.01237
1.018	-0.19	0.01224
1.018	-0.1909	0.01302
1.016	-0.1956	0.01351
1.015	-0.1968	0.008112
1.017	-0.1923	0.004913
1.016	-0.1921	0.01184
1.014	-0.1927	0.01814
1.015	-0.1907	0.01927
1.014	-0.1891	0.01817
1.015	-0.1877	0.01631
1.015	-0.1892	0.01428
1.015	-0.191	0.01099
1.015	-0.1915	0.01117
1.014	-0.192	0.01215
1.014	-0.1907	0.009303
1.018	-0.1914	0.007383
1.019	-0.193	0.00899
1.015	-0.194	0.01807
1.014	-0.1952	0.02303
1.016	-0.1917	0.01514
1.015	-0.1903	0.01343
1.015	-0.1946	0.01629
1.016	-0.196	0.01477
1.016	-0.1966	0.01324
1.016	-0.1971	0.007421
1.015	-0.1916	0.006904
1.014	-0.1857	0.01237
1.015	-0.1862	0.01114
1.015	-0.1889	0.01247
1.015	-0.1896	0.01749
1.016	-0.19	0.01828
1.016	-0.1898	0.01575
1.017	-0.1911	0.01229
1.016	-0.1944	0.009573
1.014	-0.1963	0.007376
1.014	-0.1971	0.01184
1.017	-0.1967	0.01761
1.018	-0.1929	0.01601
1.016	-0.1884	0.01433
1.013	-0.1871	0.01219
1.011	-0.1883	0.01326
1.01	-0.192	0.01809
1.011	-0.1945	0.01517
1.017	-0.1929	0.01132
1.022	-0.1926	0.01166
1.02	-0.1916	0.01094
1.018	-0.1899	0.01018
1.018	-0.1936	0.01058
1.015	-0.1941	0.01283
1.012	-0.1904	0.01516
1.012	-0.1911	0.0156
1.013	-0.1923	0.01441
1.015	-0.1916	0.0139
1.017	-0.1917	0.01686
1.017	-0.195	0.01696
1.016	-0.1967	0.01239
1.017	-0.1923	0.0109
1.016	-0.1896	0.01134
1.013	-0.1897	0.01185
1.013	-0.1885	0.01497
1.014	-0.1885	0.01507
1.016	-0.1893	0.009561
1.017	-0.1916	0.007451
1.014	-0.1949	0.0103
1.014	-0.1963	0.01186
1.016	-0.1961	0.01411
1.018	-0.194	0.01649
1.017	-0.1914	0.01561
1.015	-0.19	0.01418
1.014	-0.1899	0.0108
1.017	-0.1909	0.01058
1.018	-0.1916	0.01878
1.016	-0.1918	0.0226
1.015	-0.1913	0.01867
1.015	-0.1907	0.01488
1.014	-0.1907	0.01239
1.011	-0.1903	0.01136
1.011	-0.1922	0.008783
1.019	-0.1973	0.007029
1.023	-0.198	0.01014
1.017	-0.1921	0.01077
1.011	-0.1888	0.009665
1.01	-0.1905	0.01102
1.016	-0.1879	0.008338
1.016	-0.1888	0.01358
1.016	-0.1942	0.02053
1.017	-0.1961	0.02092
1.016	-0.1969	0.01971
1.017	-0.1974	0.01315
1.016	-0.1919	0.01126
1.015	-0.1859	0.01509
1.015	-0.1864	0.01222
1.015	-0.1891	0.01212
1.016	-0.1899	0.01601
1.016	-0.1903	0.01605
1.016	-0.1902	0.01314
1.016	-0.1914	0.009634
1.016	-0.1947	0.007155
1.014	-0.1966	0.005398
1.014	-0.1974	0.01043
1.016	-0.1969	0.01679
1.018	-0.193	0.01577
1.016	-0.1885	0.01461
1.013	-0.1871	0.01286
1.011	-0.1883	0.0142
1.01	-0.1919	0.01916
1.012	-0.1944	0.01627
1.017	-0.1927	0.01232
1.022	-0.1925	0.0125
1.02	-0.1915	0.01157
1.018	-0.1897	0.01058
1.018	-0.1935	0.01075
1.015	-0.194	0.0128
1.012	-0.1904	0.01495
1.012	-0.1911	0.01527
1.013	-0.1923	0.01402
1.015	-0.1916	0.01348
1.017	-0.1918	0.01646
1.017	-0.195	0.01661
1.016	-0.1968	0.01211
1.017	-0.1923	0.01071
1.016	-0.1896	0.01123
1.013	-0.1898	0.01182
1.013	-0.1886	0.01501
1.014	-0.1885	0.01517
1.016	-0.1893	0.009694
1.017	-0.1916	0.007602
1.014	-0.1949	0.01045
1.014	-0.1963	0.012
1.016	-0.196	0.01423
1.018	-0.194	0.01658
1.018	-0.1914	0.01567
1.015	-0.19	0.0142
1.014	-0.1899	0.0108
1.017	-0.1909	0.01055
1.018	-0.1916	0.01873
1.016	-0.1918	0.02255
1.015	-0.1913	0.01862
1.015	-0.1908	0.01483
1.014	-0.1907	0.01235
1.011	-0.1903	0.01133
1.011	-0.1922	0.008758
1.019	-0.1973	0.007015
1.023	-0.198	0.01014
1.017	-0.1921	0.01078
1.011	-0.1888	0.009678
1.01	-0.1905	0.01104
1.014	-0.1922	0.01138
1.018	-0.1934	0.01189
1.017	-0.1915	0.01399
1.016	-0.1897	0.01921
1.016	-0.1914	0.0234
1.016	-0.1904	0.01932
1.017	-0.19	0.01617
1.017	-0.1912	0.01709
1.016	-0.1907	0.01362
1.016	-0.1926	0.00732
1.016	-0.1934	0.005361
1.016	-0.194	0.008965
1.014	-0.1961	0.009618
1.013	-0.1952	0.00908
1.013	-0.1935	0.01302
1.012	-0.1888	0.01534
1.013	-0.1843	0.01726
1.015	-0.1884	0.01746
1.018	-0.1953	0.01437
1.019	-0.1972	0.01436
1.018	-0.1934	0.01389
1.017	-0.192	0.01267
1.015	-0.1946	0.01382
1.015	-0.1933	0.0136
1.017	-0.1911	0.0114
1.017	-0.1883	0.009361
1.017	-0.1839	0.01094
1.016	-0.1861	0.01656
1.012	-0.1952	0.01785
1.01	-0.2001	0.01031
1.011	-0.1961	0.007145
1.013	-0.1938	0.01414
1.018	-0.193	0.01834
1.021	-0.1897	0.0195
1.019	-0.1912	0.01943
1.015	-0.1901	0.01276
1.014	-0.1894	0.007839
1.015	-0.1929	0.008772
1.017	-0.1855	0.009348
1.016	-0.1837	0.01005
1.015	-0.1932	0.01247
1.011	-0.195	0.01556
1.01	-0.1972	0.01669
1.015	-0.1995	0.01361
1.018	-0.1957	0.01145
1.018	-0.1952	0.01289
1.017	-0.1943	0.01316
1.016	-0.1885	0.01336
1.016	-0.187	0.01401
1.015	-0.1914	0.01297
1.016	-0.1922	0.01373
1.018	-0.1902	0.01518
1.016	-0.1898	0.01393
1.016	-0.1892	0.01139
1.016	-0.1918	0.009536
1.015	-0.1952	0.01116
1.015	-0.1932	0.01639
1.014	-0.1914	0.02032
1.016	-0.1903	0.02001
1.017	-0.1893	0.0179
1.013	-0.1924	0.01395
1.011	-0.1963	0.01018
1.011	-0.1975	0.0103
1.012	-0.1946	0.00816
1.014	-0.1861	0.007959
1.02	-0.1902	0.005188
1.019	-0.1904	0.006648
1.019	-0.1899	0.01291
1.019	-0.1924	0.01905
1.017	-0.1917	0.01724
1.018	-0.1912	0.01625
1.017	-0.1922	0.01896
1.015	-0.1914	0.01675
1.015	-0.1929	0.01114
1.015	-0.1935	0.009334
1.015	-0.1938	0.01264
1.012	-0.1957	0.01266
1.012	-0.1947	0.01127
1.012	-0.193	0.01429
1.011	-0.1883	0.01569
1.013	-0.1839	0.01681
1.016	-0.1881	0.01638
1.018	-0.1951	0.01286
1.019	-0.1972	0.01264
1.019	-0.1935	0.01215
1.018	-0.1921	0.01106
1.016	-0.1948	0.01246
1.016	-0.1935	0.01259
1.017	-0.1913	0.01076
1.017	-0.1885	0.009094
1.017	-0.1841	0.011
1.016	-0.1862	0.0169
1.012	-0.1953	0.01838
1.01	-0.2001	0.01096
1.011	-0.1961	0.00783
1.013	-0.1938	0.01479
1.017	-0.193	0.01891
1.021	-0.1896	0.01995
1.019	-0.1911	0.01975
1.015	-0.19	0.01294
1.014	-0.1894	0.007882
1.015	-0.1929	0.008701
1.017	-0.1854	0.009189
1.017	-0.1837	0.009837
1.015	-0.1932	0.01222
1.011	-0.195	0.01531
1.01	-0.1972	0.01647
1.015	-0.1995	0.01342
1.018	-0.1958	0.01131
1.018	-0.1952	0.0128
1.017	-0.1943	0.01312
1.016	-0.1885	0.01337
1.016	-0.187	0.01405
1.015	-0.1914	0.01304
1.016	-0.1923	0.01381
1.018	-0.1902	0.01528
1.016	-0.1898	0.01402
1.016	-0.1892	0.01147
1.016	-0.1918	0.009597
1.015	-0.1951	0.0112
1.015	-0.1932	0.01642
1.014	-0.1914	0.02032
1.016	-0.1903	0.02
1.017	-0.1893	0.01788
1.013	-0.1924	0.01393
1.011	-0.1963	0.01015
1.011	-0.1975	0.01026
1.012	-0.1946	0.00813
1.014	-0.1905	0.005942
1.018	-0.1882	0.008681
1.022	-0.1853	0.009752
1.023	-0.1863	0.01115
1.018	-0.1912	0.01464
1.015	-0.193	0.01699
1.016	-0.1947	0.01746
1.016	-0.1971	0.01364
1.015	-0.1963	0.01222
1.015	-0.1938	0.01594
1.014	-0.1926	0.01606
1.013	-0.1924	0.01423
1.011	-0.1922	0.01523
1.012	-0.1926	0.01542
1.015	-0.1916	0.01408
1.017	-0.19	0.01413
1.019	-0.1892	0.01334
1.017	-0.1861	0.01095
1.015	-0.1859	0.01051
1.015	-0.1913	0.01121
1.013	-0.1938	0.01148
1.012	-0.1944	0.01207
1.014	-0.1966	0.01184
1.016	-0.1958	0.01039
1.019	-0.1947	0.01202
1.019	-0.1955	0.01998
1.02	-0.1948	0.02288
1.019	-0.1913	0.01253
1.016	-0.1839	0.005219
1.014	-0.1824	0.007752
1.013	-0.1907	0.01136
1.012	-0.1936	0.01597
1.012	-0.1942	0.01833
1.012	-0.1974	0.01769
1.016	-0.1939	0.01496
1.018	-0.191	0.00982
1.015	-0.1925	0.01099
1.014	-0.1915	0.01391
1.014	-0.1914	0.01556
1.014	-0.1907	0.01789
1.016	-0.1883	0.01108
1.018	-0.1901	0.006342
1.018	-0.1939	0.01094
1.014	-0.1965	0.01182
1.013	-0.197	0.01143
1.017	-0.1944	0.01179
1.019	-0.1906	0.01197
1.019	-0.1884	0.0165
1.02	-0.1891	0.02042
1.017	-0.1904	0.01952
1.01	-0.1911	0.01729
1.01	-0.1927	0.01361
1.015	-0.1926	0.01001
1.018	-0.1905	0.01008
1.017	-0.19	0.009514
1.015	-0.1921	0.00995
1.012	-0.1943	0.01328
1.01	-0.1946	0.01222
1.015	-0.1933	0.01066
1.017	-0.1918	0.01222
1.016	-0.1911	0.0132
1.018	-0.1895	0.01536
1.016	-0.1887	0.0178
1.014	-0.1908	0.01743
1.014	-0.199	0.01592
1.016	-0.1947	0.01455
1.019	-0.1896	0.01209
1.02	-0.1887	0.01067
1.015	-0.192	0.01213
1.012	-0.1924	0.01322
1.015	-0.1932	0.01315
1.015	-0.1951	0.009367
1.015	-0.1941	0.008435
1.016	-0.1917	0.01294
1.015	-0.1908	0.01401
1.014	-0.191	0.01317
1.013	-0.1914	0.01509
1.013	-0.1923	0.01605
1.016	-0.1917	0.01529
1.018	-0.1904	0.0157
1.019	-0.1899	0.01507
1.017	-0.187	0.01265
1.015	-0.1868	0.01202
1.015	-0.1922	0.01243
1.013	-0.1946	0.01235
1.012	-0.195	0.01256
1.013	-0.197	0.01198
1.015	-0.196	0.01022
1.018	-0.1947	0.01162
1.019	-0.1954	0.01941
1.02	-0.1945	0.02223
1.019	-0.191	0.01187
1.016	-0.1836	0.004606
1.014	-0.1821	0.007234
1.013	-0.1904	0.01097
1.012	-0.1933	0.01572
1.012	-0.194	0.01821
1.012	-0.1973	0.0177
1.016	-0.1938	0.01507
1.018	-0.1911	0.01
1.015	-0.1926	0.01121
1.014	-0.1916	0.01415
1.014	-0.1915	0.0158
1.014	-0.1909	0.0181
1.016	-0.1885	0.01125
1.018	-0.1902	0.00646
1.018	-0.194	0.01101
1.014	-0.1966	0.01184
1.012	-0.197	0.01141
1.017	-0.1944	0.01173
1.018	-0.1906	0.01189
1.019	-0.1884	0.01641
1.02	-0.1891	0.02033
1.017	-0.1904	0.01944
1.01	-0.191	0.01722
1.01	-0.1926	0.01356
1.015	-0.1926	0.009977
1.018	-0.1904	0.01006
1.017	-0.1899	0.009516
1.015	-0.1921	0.009965
1.012	-0.1943	0.01331
1.01	-0.1946	0.01225
1.015	-0.1933	0.0107
1.017	-0.1918	0.01226
1.016	-0.1911	0.01323
1.018	-0.1895	0.01538
1.016	-0.1887	0.01782
1.014	-0.1908	0.01744
1.014	-0.1943	0.01564
1.015	-0.1962	0.015
1.017	-0.1942	0.01296
1.018	-0.1939	0.01014
1.019	-0.1945	0.01081
1.017	-0.1915	0.01102
1.013	-0.1912	0.01165
1.014	-0.1907	0.01331
1.014	-0.188	0.01307
1.015	-0.1882	0.0146
1.016	-0.1867	0.01414
1.013	-0.1877	0.01189
1.013	-0.195	0.01124
1.014	-0.1996	0.01061
1.015	-0.1976	0.01466
1.019	-0.1908	0.01709
1.02	-0.1879	0.01558
1.017	-0.1929	0.01586
1.014	-0.1948	0.01241
1.014	-0.1928	0.01019
1.013	-0.1945	0.01224
1.015	-0.1923	0.01349
1.019	-0.1867	0.01471
1.017	-0.1874	0.01251
1.015	-0.1919	0.01122
1.013	-0.1949	0.01359
1.012	-0.1938	0.01322
1.015	-0.1906	0.01479
1.016	-0.1902	0.01788
1.016	-0.1919	0.01563
1.017	-0.1933	0.01237
1.017	-0.1925	0.01189
1.015	-0.193	0.01211
1.012	-0.1947	0.01115
1.012	-0.194	0.009947
1.015	-0.1935	0.01083
1.019	-0.1911	0.01237
1.02	-0.1879	0.01287
1.019	-0.1872	0.0129
1.015	-0.1885	0.01295
1.012	-0.192	0.01385
1.014	-0.1932	0.01607
1.015	-0.1933	0.0181
1.014	-0.1927	0.01729
1.016	-0.191	0.01543
1.015	-0.1941	0.01482
1.014	-0.1982	0.01403
1.014	-0.1977	0.01371
1.014	-0.1915	0.01173
1.016	-0.1869	0.0081
1.017	-0.1887	0.00882
1.017	-0.1886	0.01018
1.018	-0.1874	0.008365
1.017	-0.19	0.009306
1.015	-0.1943	0.01324
1.013	-0.1972	0.01561
1.013	-0.1941	0.01639
1.015	-0.1923	0.01674
1.019	-0.1933	0.01583
1.02	-0.1914	0.01496
1.014	-0.1925	0.01624
1.012	-0.193	0.01697
1.013	-0.1917	0.01549
1.013	-0.1922	0.01428
1.014	-0.1886	0.008855
1.015	-0.192	0.01164
1.017	-0.1914	0.01184
1.018	-0.1922	0.01036
1.019	-0.1938	0.01173
1.017	-0.1916	0.01221
1.014	-0.1918	0.0128
1.015	-0.1917	0.01427
1.015	-0.1893	0.01375
1.015	-0.1895	0.01499
1.016	-0.1879	0.01427
1.013	-0.1887	0.01182
1.013	-0.1958	0.01102
1.014	-0.2002	0.01032
1.014	-0.1979	0.01434
1.018	-0.1908	0.0168
1.02	-0.1877	0.01534
1.016	-0.1925	0.0157
1.014	-0.1943	0.01233
1.014	-0.1924	0.01018
1.013	-0.194	0.0123
1.015	-0.1919	0.01359
1.019	-0.1864	0.01484
1.018	-0.1871	0.01266
1.015	-0.1917	0.01137
1.013	-0.1949	0.01372
1.013	-0.1938	0.01332
1.015	-0.1907	0.01486
1.016	-0.1904	0.01792
1.016	-0.192	0.01563
1.017	-0.1934	0.01235
1.017	-0.1926	0.01185
1.015	-0.1932	0.01205
1.012	-0.1948	0.01108
1.012	-0.1941	0.009884
1.015	-0.1936	0.01077
1.019	-0.1911	0.01232
1.02	-0.1879	0.01284
1.019	-0.1871	0.01288
1.015	-0.1884	0.01294
1.012	-0.192	0.01385
1.014	-0.1932	0.01609
1.015	-0.1933	0.01812
1.014	-0.1927	0.01731
1.016	-0.191	0.01545
1.015	-0.194	0.01485
1.014	-0.1982	0.01405
1.014	-0.1977	0.01372
1.014	-0.1916	0.01175
1.016	-0.1869	0.008105
1.017	-0.1888	0.008821
1.017	-0.1887	0.01017
1.018	-0.1874	0.008359
1.017	-0.19	0.009298
1.015	-0.1943	0.01323
1.013	-0.1972	0.0156
1.013	-0.1941	0.01638
1.015	-0.1923	0.01673
1.019	-0.1933	0.01583
1.02	-0.1914	0.01496
1.014	-0.1925	0.01624
1.012	-0.193	0.01697
1.013	-0.1917	0.01549
1.013	-0.1922	0.01428
1.016	-0.1896	0.01306
1.018	-0.1889	0.0107
1.017	-0.1895	0.009966
1.016	-0.1893	0.01221
1.014	-0.1933	0.01242
1.012	-0.1956	0.008251
1.013	-0.1967	0.007345
1.015	-0.1986	0.009478
1.016	-0.1962	0.009912
1.016	-0.1932	0.0154
1.018	-0.1917	0.01953
1.021	-0.1871	0.01621
1.022	-0.1817	0.01702
1.02	-0.1831	0.01716
1.013	-0.1867	0.01427
1.008	-0.1876	0.01557
1.013	-0.191	0.01499
1.013	-0.1903	0.01403
1.011	-0.1892	0.01365
1.013	-0.1983	0.01202
1.013	-0.2049	0.01483
1.014	-0.2039	0.01488
1.017	-0.2016	0.008126
1.017	-0.1988	0.005562
1.017	-0.1952	0.00909
1.017	-0.1905	0.01339
1.016	-0.1878	0.01504
1.017	-0.1863	0.01114
1.017	-0.1843	0.009266
1.02	-0.184	0.01397
1.019	-0.1854	0.01529
1.012	-0.1896	0.01514
1.01	-0.1926	0.01582
1.015	-0.1925	0.01325
1.017	-0.1926	0.01315
1.015	-0.1927	0.01336
1.017	-0.1939	0.01442
1.015	-0.1948	0.01657
1.013	-0.193	0.01389
1.014	-0.1908	0.01477
1.013	-0.19	0.01578
1.014	-0.1929	0.01365
1.016	-0.1954	0.01488
1.015	-0.1945	0.01268
1.018	-0.1928	0.0122
1.018	-0.1903	0.01464
1.014	-0.1912	0.01236
1.012	-0.1939	0.01017
1.013	-0.1923	0.006647
1.018	-0.1897	0.004516
1.022	-0.1892	0.007515
1.019	-0.1937	0.01523
1.01	-0.197	0.02511
1.009	-0.1931	0.02372
1.022	-0.1899	0.0185
1.03	-0.1881	0.01621
1.018	-0.1874	0.00705
1.007	-0.1896	0.003492
1.005	-0.1918	0.009746
1.007	-0.1958	0.0145
1.009	-0.1976	0.01631
1.008	-0.1979	0.01155
1.01	-0.1973	0.006566
1.018	-0.1931	0.01028
1.034	-0.1914	0.003904
1.031	-0.1843	0.01466
1.025	-0.1825	0.02071
1.019	-0.1824	0.02514
1.013	-0.188	0.02444
1.008	-0.1926	0.01752
1.008	-0.1961	0.01301
1.01	-0.2	0.01143
1.011	-0.1991	0.008576
1.012	-0.197	0.01151
1.015	-0.1957	0.01398
1.019	-0.1909	0.009884
1.021	-0.1849	0.01073
1.02	-0.1854	0.01156
1.014	-0.188	0.009824
1.01	-0.188	0.01253
1.015	-0.1905	0.01344
1.015	-0.1891	0.01387
1.013	-0.1875	0.01468
1.015	-0.1964	0.01395
1.014	-0.203	0.01733
1.015	-0.2022	0.01764
1.018	-0.2002	0.01084
1.017	-0.1977	0.007999
1.017	-0.1945	0.01107
1.016	-0.1902	0.01481
1.016	-0.1879	0.01587
1.016	-0.1867	0.01141
1.016	-0.1849	0.009039
1.019	-0.1847	0.01335
1.019	-0.1861	0.0144
1.012	-0.1903	0.0141
1.01	-0.1932	0.01476
1.015	-0.193	0.01225
1.017	-0.193	0.0123
1.015	-0.1929	0.01271
1.017	-0.194	0.01399
1.015	-0.1947	0.01636
1.014	-0.1928	0.01388
1.014	-0.1905	0.01492
1.013	-0.1897	0.01606
1.015	-0.1927	0.014
1.016	-0.1952	0.01527
1.015	-0.1943	0.01306
1.018	-0.1927	0.01254
1.018	-0.1902	0.01491
1.014	-0.1912	0.01256
1.012	-0.1939	0.01029
1.013	-0.1923	0.006686
1.018	-0.1897	0.004487
1.021	-0.1893	0.007434
1.019	-0.1938	0.01511
1.01	-0.1971	0.02497
1.009	-0.1932	0.02358
1.022	-0.19	0.01837
1.03	-0.1882	0.0161
1.018	-0.1875	0.006964
1.007	-0.1896	0.003435
1.005	-0.1918	0.009719
1.007	-0.1958	0.0145
1.009	-0.1976	0.01633
1.008	-0.1979	0.01159
1.01	-0.1973	0.006614
1.018	-0.193	0.01033
1.027	-0.1917	0.01355
1.029	-0.1881	0.01628
1.025	-0.1842	0.02209
1.017	-0.1877	0.01874
1.011	-0.1911	0.01146
1.018	-0.1977	0.008645
1.029	-0.1978	0.001339
1.032	-0.1842	0.0004275
1.041	-0.176	0.01376
1.029	-0.1674	0.02666
0.9754	-0.1592	0.04387
0.9448	-0.1657	0.06244
0.9638	-0.1887	0.03789
0.9997	-0.2393	-0.02084
1.039	-0.2749	-0.04074
1.052	-0.2609	-0.02485
1.039	-0.2462	-0.01004
1.036	-0.2152	0.01201
1.026	-0.1519	0.02517
1.017	-0.1259	0.02729
1.016	-0.1285	0.03479
1.011	-0.1286	0.0299
1.018	-0.1492	0.0216
1.023	-0.1774	0.01579
1.018	-0.1968	0.005703
1.014	-0.2127	0.01161
1.006	-0.2227	0.01748
1.006	-0.2256	0.01397
1.007	-0.2242	0.01621
1.007	-0.2181	0.01066
1.016	-0.2074	0.006301
1.015	-0.1985	0.008894
1.01	-0.1911	0.009187
1.012	-0.1842	0.01436
1.019	-0.1784	0.01254
1.026	-0.1705	0.009671
1.021	-0.1696	0.01511
1.02	-0.1808	0.01201
1.018	-0.1951	0.01219
1.014	-0.2001	0.01569
1.016	-0.1979	0.01061
1.014	-0.1986	0.01107
1.013	-0.1942	0.01371
1.013	-0.1889	0.01944
1.012	-0.1892	0.02432
1.015	-0.1877	0.01258
1.015	-0.1918	0.008934
1.015	-0.1956	0.01375
1.015	-0.1933	0.009076
1.011	-0.1943	0.01077
1.012	-0.1907	0.01194
1.016	-0.1853	0.00961
1.023	-0.187	0.01206
1.022	-0.1909	0.0115
1.014	-0.1986	0.01841
1.014	-0.203	0.02602
1.02	-0.1987	0.02121
1.021	-0.1933	0.01669
1.015	-0.1874	0.009947
1.01	-0.1877	0.006192
1.011	-0.1943	0.01081
1.013	-0.1959	0.009981
1.015	-0.1913	0.00831
1.016	-0.1814	0.007633
