0.8916	0.02903	-0.0295
0.8556	0.009216	-0.02605
0.8438	-0.0146	-0.002563
0.8674	-0.01787	0.06257
0.899	-0.007287	0.1119
0.9459	0.01141	0.1144
0.9841	0.02573	0.08495
1.005	0.0005756	0.02339
1.045	-0.05572	-0.05911
1.089	-0.09951	-0.1154
1.124	-0.124	-0.1056
1.213	-0.1625	-0.04691
1.398	-0.249	0.03172
1.591	-0.3518	0.0945
1.658	-0.3703	0.1104
1.586	-0.268	0.0855
1.478	-0.1102	0.0467
1.366	0.02424	0.05089
1.203	0.05439	0.08903
1.056	-0.008525	0.1221
0.9617	-0.03865	0.1644
0.8573	-0.03035	0.1716
0.8012	-0.03478	0.1546
0.7621	-0.02376	0.1521
0.6812	-0.01739	0.131
0.6847	-0.0208	0.1331
0.7269	-0.009314	0.1447
0.704	-0.001873	0.1272
0.7016	-0.003411	0.1278
0.7018	-0.02507	0.1174
0.6713	-0.06222	0.09478
0.6863	-0.08501	0.09683
0.7199	-0.08558	0.1037
0.7615	-0.0913	0.1142
0.8222	-0.1298	0.1238
0.8489	-0.1895	0.1394
0.913	-0.2685	0.159
1.005	-0.2745	0.1393
1.065	-0.1436	0.06421
1.211	-0.03382	-0.0453
1.403	-0.03161	-0.135
1.53	-0.09848	-0.2078
1.596	-0.1454	-0.2952
1.608	-0.08101	-0.2811
1.631	0.00818	-0.1253
1.534	0.07381	0.0009884
1.281	0.1187	0.0436
1.155	0.09511	0.08033
1.139	0.03571	0.1277
1.103	-0.05379	0.1322
1.062	-0.1093	0.09895
0.9764	-0.06069	0.09372
0.8921	-0.02538	0.06254
0.8386	-0.01646	0.04631
0.807	0.03108	0.1201
0.8045	0.05849	0.1598
0.7827	0.07353	0.1675
0.7434	0.1046	0.1581
0.6895	0.1018	0.1074
0.6645	0.08409	0.08851
0.6764	0.08128	0.08844
0.661	0.07537	0.108
0.6737	0.07492	0.1164
0.7256	0.08015	0.118
0.8056	0.099	0.1495
0.9229	0.1158	0.1235
1.01	0.06167	0.08115
1.074	-0.05856	0.01168
1.148	-0.1657	-0.1035
1.26	-0.1929	-0.1213
1.403	-0.1727	-0.08802
1.556	-0.2229	-0.05403
1.781	-0.3415	0.02513
1.842	-0.3938	0.07497
1.549	-0.3166	0.01138
1.285	-0.1977	-0.05268
1.218	-0.106	0.04122
1.116	-0.01674	0.1264
1.03	0.001073	0.09345
1.044	-0.06034	0.07625
0.9505	-0.08735	0.05894
0.7781	-0.1301	0.05063
0.7334	-0.1619	0.1042
0.7118	-0.09107	0.1691
0.6841	-0.03159	0.2074
0.7118	-0.01701	0.1918
0.6776	-0.02152	0.149
0.6437	-0.03832	0.11
0.6616	-0.03485	0.09587
0.7123	-0.05749	0.134
0.8382	-0.07119	0.1597
0.9147	-0.08063	0.1505
0.9151	-0.1488	0.1389
0.9099	-0.1753	0.09643
0.9157	-0.1069	-0.00191
1.024	0.0119	-0.127
1.274	0.07887	-0.1639
1.599	0.03076	-0.1221
1.838	-0.001192	-0.1497
1.899	0.01749	-0.1805
1.773	-0.02929	-0.1461
1.445	-0.1159	-0.1032
1.138	-0.1515	0.02664
1.051	-0.1435	0.1856
1.01	-0.1012	0.1889
0.8681	-0.03492	0.1327
0.8333	0.01959	0.1317
0.918	0.1049	0.1117
0.8933	0.178	0.09909
0.8965	0.1433	0.1211
0.8939	0.09533	0.1089
0.7322	0.06385	0.1132
0.6451	0.001352	0.1324
0.6196	-0.004111	0.1174
0.6214	0.02012	0.1223
0.6729	0.007934	0.1113
0.6517	0.0298	0.08607
0.6714	0.07757	0.08487
0.7061	0.1271	0.06558
0.7368	0.1518	0.0666
0.8649	0.08942	0.06874
1.018	-0.0428	0.02276
1.154	-0.2082	-0.02126
1.245	-0.3089	-0.05919
1.449	-0.3428	-0.084
1.663	-0.3208	-0.02628
1.657	-0.1934	0.07904
1.7	-0.195	0.0926
0.8056	0.099	0.1495
0.9229	0.1158	0.1235
1.01	0.06167	0.08115
1.074	-0.05856	0.01168
1.148	-0.1657	-0.1035
1.26	-0.1929	-0.1213
1.403	-0.1727	-0.08802
1.556	-0.2229	-0.05403
1.781	-0.3415	0.02513
1.842	-0.3938	0.07497
1.549	-0.3166	0.01138
1.285	-0.1977	-0.05268
1.218	-0.106	0.04122
1.116	-0.01674	0.1264
1.03	0.001073	0.09345
1.044	-0.06034	0.07625
0.9505	-0.08735	0.05894
0.7781	-0.1301	0.05063
0.7334	-0.1619	0.1042
0.7118	-0.09107	0.1691
0.6841	-0.03159	0.2074
0.7118	-0.01701	0.1918
0.6776	-0.02152	0.149
0.6437	-0.03832	0.11
0.6616	-0.03485	0.09587
0.7123	-0.05749	0.134
0.8382	-0.07119	0.1597
0.9147	-0.08063	0.1505
0.9151	-0.1488	0.1389
0.9099	-0.1753	0.09643
0.9157	-0.1069	-0.00191
1.024	0.0119	-0.127
1.274	0.07887	-0.1639
1.599	0.03076	-0.1221
1.838	-0.001192	-0.1497
1.899	0.01749	-0.1805
1.773	-0.02929	-0.1461
1.445	-0.1159	-0.1032
1.138	-0.1515	0.02664
1.051	-0.1435	0.1856
1.01	-0.1012	0.1889
0.8681	-0.03492	0.1327
0.8333	0.01959	0.1317
0.918	0.1049	0.1117
0.8933	0.178	0.09909
0.8965	0.1433	0.1211
0.8939	0.09533	0.1089
0.7322	0.06385	0.1132
0.6451	0.001352	0.1324
0.6196	-0.004111	0.1174
0.6214	0.02012	0.1223
0.6729	0.007934	0.1113
0.6517	0.0298	0.08607
0.6714	0.07757	0.08487
0.7061	0.1271	0.06558
0.7368	0.1518	0.0666
0.8649	0.08942	0.06874
1.018	-0.0428	0.02276
1.154	-0.2082	-0.02126
1.245	-0.3089	-0.05919
1.449	-0.3428	-0.084
1.663	-0.3208	-0.02628
1.657	-0.1934	0.07904
1.7	-0.195	0.0926
1.628	-0.2174	0.06868
1.351	-0.05747	0.1068
1.247	-0.03731	0.1423
1.151	-0.05722	0.1972
1.018	-0.01936	0.2223
0.9432	-0.08002	0.1752
0.8432	-0.07123	0.1855
0.8021	-0.07859	0.1956
0.7496	-0.1009	0.1844
0.713	-0.03391	0.2003
0.689	-0.001146	0.1617
0.5724	0.04312	0.1343
0.54	0.0394	0.158
0.545	0.01932	0.1667
0.564	0.0363	0.1618
0.7034	-0.04448	0.1468
0.8118	-0.1382	0.128
0.9216	-0.2231	0.1021
1.041	-0.2622	0.09171
1.075	-0.2027	0.03047
1.186	-0.1476	-0.1557
1.436	-0.07081	-0.2693
1.685	-0.05202	-0.2155
1.807	-0.09522	-0.168
1.782	-0.06804	-0.1331
1.58	-0.06574	-0.03699
1.182	-0.07565	0.009266
0.9549	-0.03836	0.07966
1.037	0.002538	0.2542
1.064	0.08637	0.2332
1.039	0.1542	0.1019
1.072	0.1469	0.1071
1.036	0.1276	0.08466
0.9761	0.1099	0.1175
0.9033	0.07735	0.1881
0.7915	0.01552	0.1365
0.7224	-0.04254	0.1396
0.6465	-0.066	0.1413
0.539	-0.08611	0.08725
0.4799	-0.0405	0.08818
0.4567	0.08126	0.1005
0.4552	0.151	0.1287
0.5209	0.1753	0.1229
0.6501	0.2232	0.105
0.8193	0.2503	0.1147
0.9818	0.1971	0.02798
1.112	0.02663	-0.1116
1.335	-0.2578	-0.1821
1.651	-0.4377	-0.1151
1.848	-0.3657	0.0191
1.868	-0.3359	0.09828
1.77	-0.3646	0.1486
1.528	-0.1461	0.1004
1.248	0.05216	0.03664
1.173	0.02145	0.09827
1.122	0.03487	0.1165
0.9526	0.07819	0.1056
0.9667	0.03362	0.1212
0.9493	-0.007326	0.08545
0.7815	-0.06148	0.06923
0.809	-0.1236	0.06472
0.7993	-0.08636	0.05158
0.7077	-0.05713	0.0513
0.6989	-0.07897	0.04568
0.7048	-0.01729	0.07046
0.7064	0.01245	0.08469
0.7427	-0.02798	0.1291
0.8263	-0.09269	0.1406
0.8763	-0.1101	0.1247
0.8725	-0.1217	0.1171
0.8646	-0.1318	0.1229
0.8658	-0.1459	0.1197
0.9104	-0.1595	0.05498
1.031	-0.1505	-0.06319
1.242	-0.1407	-0.1579
1.459	-0.1216	-0.1889
1.559	-0.1127	-0.2061
1.648	-0.08136	-0.1746
1.746	-0.01627	-0.07123
1.62	-0.009023	-0.05394
1.367	0.0244	-0.0522
1.253	0.1163	0.04764
1.161	0.1249	0.08701
1.037	0.08661	0.06659
0.9895	0.06746	0.06118
0.9698	0.04389	0.06303
0.9505	0.04471	0.07702
0.9206	0.05065	0.08299
0.8824	0.02847	0.1079
0.834	-0.000698	0.1129
0.7557	-0.03016	0.1032
0.7297	-0.0294	0.1415
0.7008	0.001468	0.1647
0.6532	0.0404	0.1705
0.6768	0.1095	0.1394
0.6632	0.1573	0.06809
0.6388	0.1556	0.05131
0.6762	0.1541	0.08214
0.7283	0.1377	0.1293
0.856	0.1096	0.1435
0.9796	0.08051	0.1007
1.011	0.009916	0.02911
1.064	-0.1064	-0.05359
1.2	-0.2082	-0.06368
1.432	-0.2068	-0.02658
1.676	-0.1691	-0.0009716
1.765	-0.2025	0.05091
1.713	-0.2366	0.07857
1.616	-0.2425	0.08528
1.428	-0.1876	0.1003
1.146	-0.06982	0.09522
1.028	-0.01138	0.1482
1.077	0.0421	0.2212
1.012	0.0364	0.1962
0.9147	-0.09834	0.1534
0.8513	-0.1389	0.1444
0.8019	-0.1526	0.1534
0.8499	-0.187	0.1764
0.8303	-0.121	0.1548
0.7331	-0.09032	0.1268
0.6509	-0.04869	0.1306
0.5754	-0.01545	0.126
0.6077	-0.05727	0.1504
0.6371	-0.02115	0.1795
0.6684	-0.03379	0.1582
0.7902	-0.1029	0.1372
0.8617	-0.1537	0.1367
0.9401	-0.241	0.1371
0.9816	-0.2255	0.1257
0.896	-0.1718	0.04882
0.8718	-0.08439	-0.1134
1.016	0.09179	-0.2069
1.344	0.115	-0.1159
1.736	0.05682	-0.05374
1.965	0.05664	-0.153
1.913	0.01733	-0.2009
1.571	-0.03091	-0.1344
1.136	-0.06585	-0.03258
0.9098	-0.07463	0.1133
0.874	-0.02205	0.1796
0.7823	0.0174	0.1371
0.7459	0.01401	0.1426
0.8125	0.02123	0.1523
0.784	0.06169	0.1266
0.8087	0.1216	0.1345
0.8521	0.1454	0.1126
0.7856	0.1308	0.06448
0.7617	0.1201	0.06827
0.7297	0.08259	0.1019
0.7106	0.05302	0.1207
0.6723	0.05316	0.07995
0.5417	0.03117	0.0261
0.537	0.03828	0.04755
0.5988	0.07658	0.1018
0.6734	0.117	0.1416
0.8554	0.1347	0.1253
0.9879	-0.001696	0.006348
1.169	-0.244	-0.08607
1.586	-0.3661	-0.03065
1.937	-0.3367	0.04017
1.951	-0.3093	0.03006
1.828	-0.2793	0.04865
1.709	-0.1357	0.07362
1.482	-0.001879	0.04563
1.214	0.01906	0.07571
1.038	0.008415	0.1325
0.9082	-0.008309	0.1531
0.804	-0.02641	0.1583
0.7576	-0.0491	0.1217
0.7292	-0.07081	0.09949
0.7196	-0.08323	0.07579
0.7515	-0.1089	0.04555
0.7672	-0.1298	0.07205
0.7663	-0.1422	0.07536
0.7428	-0.1261	0.07994
0.6831	-0.09387	0.09643
0.6513	-0.07582	0.06959
0.6548	-0.03325	0.07435
0.7101	-0.01427	0.102
0.8143	-0.03633	0.1304
0.881	-0.05947	0.1427
0.8888	-0.08923	0.1185
0.8793	-0.06801	0.09961
0.903	0.007979	0.04501
1.017	0.05195	0.002714
1.36	-0.0005401	-0.01515
1.763	-0.07682	-0.1694
1.748	-0.03701	-0.3166
1.672	0.05191	-0.1923
1.906	0.09798	-0.006859
1.815	0.0991	-0.01041
1.442	0.06151	-0.01274
0.9816	-0.2255	0.1257
0.896	-0.1718	0.04882
0.8718	-0.08439	-0.1134
1.016	0.09179	-0.2069
1.344	0.115	-0.1159
1.736	0.05682	-0.05374
1.965	0.05664	-0.153
1.913	0.01733	-0.2009
1.571	-0.03091	-0.1344
1.136	-0.06585	-0.03258
0.9098	-0.07463	0.1133
0.874	-0.02205	0.1796
0.7823	0.0174	0.1371
0.7459	0.01401	0.1426
0.8125	0.02123	0.1523
0.784	0.06169	0.1266
0.8087	0.1216	0.1345
0.8521	0.1454	0.1126
0.7856	0.1308	0.06448
0.7617	0.1201	0.06827
0.7297	0.08259	0.1019
0.7106	0.05302	0.1207
0.6723	0.05316	0.07995
0.5417	0.03117	0.0261
0.537	0.03828	0.04755
0.5988	0.07658	0.1018
0.6734	0.117	0.1416
0.8554	0.1347	0.1253
0.9879	-0.001696	0.006348
1.169	-0.244	-0.08607
1.586	-0.3661	-0.03065
1.937	-0.3367	0.04017
1.951	-0.3093	0.03006
1.828	-0.2793	0.04865
1.709	-0.1357	0.07362
1.482	-0.001879	0.04563
1.214	0.01906	0.07571
1.038	0.008415	0.1325
0.9082	-0.008309	0.1531
0.804	-0.02641	0.1583
0.7576	-0.0491	0.1217
0.7292	-0.07081	0.09949
0.7196	-0.08323	0.07579
0.7515	-0.1089	0.04555
0.7672	-0.1298	0.07205
0.7663	-0.1422	0.07536
0.7428	-0.1261	0.07994
0.6831	-0.09387	0.09643
0.6513	-0.07582	0.06959
0.6548	-0.03325	0.07435
0.7101	-0.01427	0.102
0.8143	-0.03633	0.1304
0.881	-0.05947	0.1427
0.8888	-0.08923	0.1185
0.8793	-0.06801	0.09961
0.903	0.007979	0.04501
1.017	0.05195	0.002714
1.36	-0.0005401	-0.01515
1.763	-0.07682	-0.1694
1.748	-0.03701	-0.3166
1.672	0.05191	-0.1923
1.906	0.09798	-0.006859
1.815	0.0991	-0.01041
1.442	0.06151	-0.01274
1.222	0.05268	0.05851
1.045	0.02356	0.06947
1.056	-0.01586	0.04524
1.013	0.01134	-0.01264
0.8515	-0.01098	-0.06733
0.9112	-0.02212	-0.05902
0.8412	0.05891	-0.000796
0.7504	0.113	0.0806
0.7516	0.1234	0.07032
0.6225	0.09376	0.04052
0.667	0.06256	0.08586
0.7746	0.01833	0.121
0.8884	-0.06011	0.1529
1.058	-0.08643	0.07972
1.084	-0.1245	-0.07005
1.133	-0.1495	-0.09391
1.185	-0.1275	-0.132
1.225	-0.1577	-0.2299
1.226	-0.1666	-0.2346
1.149	-0.1632	-0.1891
1.21	-0.1604	-0.136
1.222	-0.08455	-0.09734
1.198	-0.02482	-0.06903
1.234	-0.0222	-0.0117
1.169	-0.04019	-0.006558
1.152	-0.04236	-0.0509
1.101	-0.0427	-0.07682
0.9762	-0.07983	-0.08647
0.9117	-0.1116	-0.04471
0.8504	-0.1548	0.02028
0.8795	-0.1733	0.05461
0.9041	-0.1499	0.05943
0.8646	-0.1628	0.03972
0.8783	-0.148	0.02323
0.8438	-0.1073	0.00578
0.8114	-0.07888	0.009588
0.8124	-0.0367	0.0402
0.7618	-0.03439	0.04072
0.7173	-0.03823	0.04071
0.6695	-0.01935	0.05301
0.6281	-0.009202	0.0695
0.6333	0.003158	0.1
0.6409	-0.008126	0.09091
0.6436	-0.01666	0.0573
0.6748	0.0004807	0.0479
0.7505	-0.002414	0.07043
0.8364	-0.0352	0.09665
0.9079	-0.07671	0.01638
1.055	-0.09706	-0.1783
1.371	-0.1328	-0.3164
1.67	-0.2063	-0.284
1.75	-0.2408	-0.2379
1.762	-0.1997	-0.2881
1.72	-0.1136	-0.2188
1.54	-0.04018	-0.007225
1.428	-0.00245	0.122
1.349	-0.0009231	0.06278
1.211	-0.01913	-0.05071
1.153	0.008122	0.01524
1.086	0.03526	0.04924
0.9602	0.04767	-0.01402
0.8474	0.08923	0.06451
0.78	0.05867	0.08465
0.7852	-0.006521	0.09349
1.222	0.05268	0.05851
1.045	0.02356	0.06947
1.056	-0.01586	0.04524
1.013	0.01134	-0.01264
0.8515	-0.01098	-0.06733
0.9112	-0.02212	-0.05902
0.8412	0.05891	-0.000796
0.7504	0.113	0.0806
0.7516	0.1234	0.07032
0.6225	0.09376	0.04052
0.667	0.06256	0.08586
0.7746	0.01833	0.121
0.8884	-0.06011	0.1529
1.058	-0.08643	0.07972
1.084	-0.1245	-0.07005
1.133	-0.1495	-0.09391
1.185	-0.1275	-0.132
1.225	-0.1577	-0.2299
1.226	-0.1666	-0.2346
1.149	-0.1632	-0.1891
1.21	-0.1604	-0.136
1.222	-0.08455	-0.09734
1.198	-0.02482	-0.06903
1.234	-0.0222	-0.0117
1.169	-0.04019	-0.006558
1.152	-0.04236	-0.0509
1.101	-0.0427	-0.07682
0.9762	-0.07983	-0.08647
0.9117	-0.1116	-0.04471
0.8504	-0.1548	0.02028
0.8795	-0.1733	0.05461
0.9041	-0.1499	0.05943
0.8646	-0.1628	0.03972
0.8783	-0.148	0.02323
0.8438	-0.1073	0.00578
0.8114	-0.07888	0.009588
0.8124	-0.0367	0.0402
0.7618	-0.03439	0.04072
0.7173	-0.03823	0.04071
0.6695	-0.01935	0.05301
0.6281	-0.009202	0.0695
0.6333	0.003158	0.1
0.6409	-0.008126	0.09091
0.6436	-0.01666	0.0573
0.6748	0.0004807	0.0479
0.7505	-0.002414	0.07043
0.8364	-0.0352	0.09665
0.9079	-0.07671	0.01638
1.055	-0.09706	-0.1783
1.371	-0.1328	-0.3164
1.67	-0.2063	-0.284
1.75	-0.2408	-0.2379
1.762	-0.1997	-0.2881
1.72	-0.1136	-0.2188
1.54	-0.04018	-0.007225
1.428	-0.00245	0.122
1.349	-0.0009231	0.06278
1.211	-0.01913	-0.05071
1.153	0.008122	0.01524
1.086	0.03526	0.04924
0.9602	0.04767	-0.01402
0.8474	0.08923	0.06451
0.78	0.05867	0.08465
0.7852	-0.006521	0.09349
0.7376	-0.008339	0.1514
0.6848	0.01134	0.0872
0.6685	0.04417	0.09731
0.5861	0.05106	0.1122
0.6124	0.04628	0.09197
0.6867	0.07861	0.1498
0.6884	0.09753	0.1314
0.7489	0.106	0.1051
0.7915	0.1174	0.08783
0.8692	0.1298	0.0649
0.9854	0.149	0.07067
1.019	0.1024	-0.007617
1.128	-0.09639	-0.06344
1.34	-0.3074	-0.03948
1.57	-0.2579	0.01904
1.707	-0.1595	0.07908
1.677	-0.2406	0.0559
1.595	-0.2004	0.05252
1.441	-0.09781	0.08885
1.285	-0.07219	0.09499
1.204	0.005424	0.1217
1.093	-0.03165	0.1553
1.002	-0.06882	0.1554
0.9377	-0.01751	0.1438
0.8598	-0.07472	0.165
0.7789	-0.07858	0.1849
0.7327	-0.07623	0.1756
0.7562	-0.1189	0.1702
0.7368	-0.08182	0.1605
0.735	-0.08778	0.179
0.7719	-0.07908	0.1983
0.7036	-0.05535	0.1531
0.6433	-0.06757	0.108
0.6251	-0.04116	0.1114
0.6571	-0.05461	0.1513
0.7857	-0.09857	0.193
0.8672	-0.1822	0.1951
0.8898	-0.2705	0.1396
0.8984	-0.2268	0.01044
1.038	-0.09426	-0.1429
1.421	0.02795	-0.2024
1.732	-0.006465	-0.1575
1.752	-0.08562	-0.1338
1.657	-0.0335	-0.1066
1.611	-0.03991	0.01395
1.486	-0.0441	0.09582
1.282	0.02767	0.09124
1.213	0.02459	0.1142
1.108	0.06011	0.1438
0.9166	0.1046	0.1272
0.8547	0.08608	0.1192
0.8363	0.09924	0.1473
0.8543	0.07546	0.1541
0.9199	0.04383	0.1411
0.8925	0.04269	0.1262
0.8261	0.04126	0.08599
0.7583	0.05984	0.05716
0.6564	0.04254	0.05702
0.61	0.03856	0.08022
0.6146	0.06747	0.1278
0.6353	0.08696	0.1692
0.7194	0.126	0.1789
0.797	0.136	0.1441
0.8523	0.1301	0.1051
0.7376	-0.008339	0.1514
0.6848	0.01134	0.0872
0.6685	0.04417	0.09731
0.5861	0.05106	0.1122
0.6124	0.04628	0.09197
0.6867	0.07861	0.1498
0.6884	0.09753	0.1314
0.7489	0.106	0.1051
0.7915	0.1174	0.08783
0.8692	0.1298	0.0649
0.9854	0.149	0.07067
1.019	0.1024	-0.007617
1.128	-0.09639	-0.06344
1.34	-0.3074	-0.03948
1.57	-0.2579	0.01904
1.707	-0.1595	0.07908
1.677	-0.2406	0.0559
1.595	-0.2004	0.05252
1.441	-0.09781	0.08885
1.285	-0.07219	0.09499
1.204	0.005424	0.1217
1.093	-0.03165	0.1553
1.002	-0.06882	0.1554
0.9377	-0.01751	0.1438
0.8598	-0.07472	0.165
0.7789	-0.07858	0.1849
0.7327	-0.07623	0.1756
0.7562	-0.1189	0.1702
0.7368	-0.08182	0.1605
0.735	-0.08778	0.179
0.7719	-0.07908	0.1983
0.7036	-0.05535	0.1531
0.6433	-0.06757	0.108
0.6251	-0.04116	0.1114
0.6571	-0.05461	0.1513
0.7857	-0.09857	0.193
0.8672	-0.1822	0.1951
0.8898	-0.2705	0.1396
0.8984	-0.2268	0.01044
1.038	-0.09426	-0.1429
1.421	0.02795	-0.2024
1.732	-0.006465	-0.1575
1.752	-0.08562	-0.1338
1.657	-0.0335	-0.1066
1.611	-0.03991	0.01395
1.486	-0.0441	0.09582
1.282	0.02767	0.09124
1.213	0.02459	0.1142
1.108	0.06011	0.1438
0.9166	0.1046	0.1272
0.8547	0.08608	0.1192
0.8363	0.09924	0.1473
0.8543	0.07546	0.1541
0.9199	0.04383	0.1411
0.8925	0.04269	0.1262
0.8261	0.04126	0.08599
0.7583	0.05984	0.05716
0.6564	0.04254	0.05702
0.61	0.03856	0.08022
0.6146	0.06747	0.1278
0.6353	0.08696	0.1692
0.7194	0.126	0.1789
0.797	0.136	0.1441
0.8523	0.1301	0.1051
0.9223	0.1111	0.08034
0.9569	0.0473	0.06427
0.9773	-0.006232	0.06386
1.002	-0.08281	0.02509
1.116	-0.2126	-0.01505
1.396	-0.2888	0.005938
1.697	-0.2585	0.01839
1.909	-0.2622	0.003928
1.927	-0.2888	-0.01159
1.654	-0.1564	-0.06037
1.252	0.02306	-0.09036
1.005	0.1121	0.03377
0.9631	0.1183	0.2166
0.9553	0.04544	0.2298
0.936	-0.01612	0.1405
0.9111	-0.0614	0.1011
0.8091	-0.1403	0.06288
0.7071	-0.2327	0.01266
0.7194	-0.2715	0.03175
0.7445	-0.2532	0.08558
0.6825	-0.2435	0.1031
0.6666	-0.1606	0.1425
0.6942	-0.09754	0.1845
0.6574	-0.1265	0.1618
0.6542	-0.07111	0.15
0.6711	-0.04781	0.1325
0.7263	-0.1009	0.09506
0.8995	-0.1626	0.1153
1.014	-0.2554	0.1196
1.007	-0.2158	0.0653
0.9977	-0.102	-0.04008
1.108	-0.005414	-0.1641
1.383	0.0655	-0.1749
1.635	-0.03585	-0.1586
1.687	-0.1074	-0.1822
1.661	-0.006406	-0.1107
1.674	0.03804	-0.05227
1.494	0.008093	-0.06139
1.179	0.01268	0.05682
1.087	0.02879	0.2338
1.104	0.01162	0.2543
1.032	-0.009789	0.1688
0.9292	-0.01407	0.1121
0.8986	-0.01317	0.04996
0.9075	0.04212	0.01271
0.8784	0.1285	0.06482
0.8616	0.1459	0.08317
0.7827	0.09294	0.0854
0.7019	0.03122	0.1265
0.7207	0.007164	0.1256
0.6862	0.02091	0.1112
0.6413	0.03241	0.06415
0.6295	0.02882	0.01882
0.6356	0.06053	0.06539
0.6954	0.1341	0.1094
0.7509	0.1833	0.1142
0.8118	0.1819	0.08427
0.8537	0.1146	-0.02013
0.9129	0.01155	-0.1249
1.054	-0.1185	-0.1156
1.333	-0.3303	-0.06732
1.753	-0.4231	-0.0679
1.892	-0.3084	-0.01796
1.747	-0.2861	-0.01659
0.9223	0.1111	0.08034
0.9569	0.0473	0.06427
0.9773	-0.006232	0.06386
1.002	-0.08281	0.02509
1.116	-0.2126	-0.01505
1.396	-0.2888	0.005938
1.697	-0.2585	0.01839
1.909	-0.2622	0.003928
1.927	-0.2888	-0.01159
1.654	-0.1564	-0.06037
1.252	0.02306	-0.09036
1.005	0.1121	0.03377
0.9631	0.1183	0.2166
0.9553	0.04544	0.2298
0.936	-0.01612	0.1405
0.9111	-0.0614	0.1011
0.8091	-0.1403	0.06288
0.7071	-0.2327	0.01266
0.7194	-0.2715	0.03175
0.7445	-0.2532	0.08558
0.6825	-0.2435	0.1031
0.6666	-0.1606	0.1425
0.6942	-0.09754	0.1845
0.6574	-0.1265	0.1618
0.6542	-0.07111	0.15
0.6711	-0.04781	0.1325
0.7263	-0.1009	0.09506
0.8995	-0.1626	0.1153
1.014	-0.2554	0.1196
1.007	-0.2158	0.0653
0.9977	-0.102	-0.04008
1.108	-0.005414	-0.1641
1.383	0.0655	-0.1749
1.635	-0.03585	-0.1586
1.687	-0.1074	-0.1822
1.661	-0.006406	-0.1107
1.674	0.03804	-0.05227
1.494	0.008093	-0.06139
1.179	0.01268	0.05682
1.087	0.02879	0.2338
1.104	0.01162	0.2543
1.032	-0.009789	0.1688
0.9292	-0.01407	0.1121
0.8986	-0.01317	0.04996
0.9075	0.04212	0.01271
0.8784	0.1285	0.06482
0.8616	0.1459	0.08317
0.7827	0.09294	0.0854
0.7019	0.03122	0.1265
0.7207	0.007164	0.1256
0.6862	0.02091	0.1112
0.6413	0.03241	0.06415
0.6295	0.02882	0.01882
0.6356	0.06053	0.06539
0.6954	0.1341	0.1094
0.7509	0.1833	0.1142
0.8118	0.1819	0.08427
0.8537	0.1146	-0.02013
0.9129	0.01155	-0.1249
1.054	-0.1185	-0.1156
1.333	-0.3303	-0.06732
1.753	-0.4231	-0.0679
1.892	-0.3084	-0.01796
1.747	-0.2861	-0.01659
1.704	-0.3193	-0.0671
1.574	-0.2366	0.04498
1.373	-0.1544	0.1454
1.301	-0.04507	0.1365
1.169	0.05378	0.1117
1.004	0.03101	0.04998
0.9072	-0.001348	0.03286
0.8011	-0.03658	0.02883
0.73	-0.09113	0.03185
0.7161	-0.1265	0.07149
0.6999	-0.1667	0.05463
0.6839	-0.1752	0.06486
0.6564	-0.1587	0.1047
0.6221	-0.1527	0.1055
0.6158	-0.164	0.1024
0.6253	-0.1749	0.08834
0.6715	-0.1409	0.1143
0.7703	-0.1076	0.1433
0.8684	-0.1099	0.1248
0.9175	-0.1236	0.104
0.9348	-0.1134	0.009809
1.053	-0.03173	-0.153
1.371	0.03594	-0.2167
1.755	-0.03561	-0.132
1.91	-0.1167	-0.09265
1.803	-0.04943	-0.2007
1.705	-0.01876	-0.2534
1.542	-0.1191	-0.1511
1.203	-0.15	0.002955
1.007	-0.08383	0.1801
0.9328	-0.01254	0.3227
0.8433	0.01558	0.2541
0.8529	0.01672	0.08698
0.8307	0.02906	0.06527
0.8597	0.008892	0.03545
0.9829	0.01809	-0.005416
0.9513	0.06364	0.05102
0.8892	0.08598	0.04421
0.8014	0.1151	0.09289
0.6964	0.08377	0.2186
0.7264	0.04668	0.2522
0.7068	0.04537	0.2471
0.671	-0.01254	0.1911
0.6757	-0.02831	0.1578
0.664	0.008266	0.1577
0.7253	0.04216	0.1354
0.7775	0.1075	0.1344
0.8308	0.1172	0.04784
1.003	0.007361	-0.029
1.373	-0.1897	-0.02711
1.819	-0.3502	-0.05429
1.931	-0.331	-0.09201
1.707	-0.2043	-0.1553
1.468	-0.1052	-0.101
1.363	-0.05109	0.09383
1.384	-0.02802	0.2053
1.372	-0.003297	0.1503
1.234	0.005672	-0.01303
1.066	-0.0425	-0.07184
0.9587	-0.09088	-0.04282
0.9	-0.1308	-0.02222
0.8425	-0.1548	0.04407
0.7862	-0.1269	0.05726
0.765	-0.1102	0.07285
0.8955	0.02914	-0.02211
0.8886	0.01402	0.004037
0.9043	-0.00814	0.0409
0.9071	-0.02217	0.01534
0.8858	-0.03467	-0.0308
0.835	-0.04345	-0.03238
0.7433	-0.02987	-0.009852
0.7268	-0.00312	0.03585
0.7619	0.02064	0.0709
0.7493	0.02776	0.06317
0.754	0.01299	0.0522
0.7601	0.002641	0.05482
0.7483	-0.01576	0.06115
0.7854	-0.04678	0.06128
0.8263	-0.03708	0.02412
0.8482	-0.0189	-0.03058
0.9112	-0.03362	-0.04433
1.03	-0.06976	-0.04701
1.198	-0.1736	-0.07898
1.417	-0.2879	-0.1187
1.62	-0.2979	-0.1472
1.698	-0.286	-0.1089
1.659	-0.3217	-0.01051
1.555	-0.323	0.03388
1.358	-0.2491	0.01977
1.151	-0.1286	0.02668
1.043	-0.05307	0.08498
0.9786	-0.05259	0.155
0.9144	-0.02161	0.1667
0.861	-0.003556	0.1367
0.7751	-0.04011	0.1145
0.7009	-0.01657	0.1107
0.7177	0.0141	0.1286
0.7571	0.02347	0.1545
0.7699	0.05729	0.1715
0.7705	0.05611	0.1712
0.7495	0.06865	0.1463
0.7435	0.0675	0.08122
0.7673	-0.03582	0.008559
0.8097	-0.1687	-0.004266
0.8794	-0.2688	0.0345
0.9485	-0.2905	0.06988
1.005	-0.2861	0.03882
1.052	-0.2654	-0.1096
1.105	-0.1507	-0.3065
1.21	-0.06953	-0.3517
1.461	-0.003281	-0.2233
1.845	0.1692	-0.1115
1.952	0.2582	-0.04739
1.626	0.15	-0.0427
1.344	0.0557	-0.06736
1.259	0.07104	0.01639
1.229	0.03052	0.1059
1.172	-0.0356	0.1738
1.03	-0.01829	0.191
0.9624	0.0163	0.05385
0.8596	0.07134	-0.004254
0.7323	0.1054	0.01932
0.7876	0.07821	0.02357
0.6941	0.05723	0.07652
0.5929	0.03814	0.07112
0.692	0.01703	0.09455
0.6764	0.01244	0.1403
0.7151	0.0392	0.09674
0.7636	0.08525	0.08426
0.6852	0.1215	0.04351
0.6889	0.1452	-0.002609
0.6583	0.1279	0.03669
0.6327	0.1055	0.08248
0.6768	0.1166	0.1148
0.6926	0.1107	0.09289
0.7413	0.05484	0.0001284
0.8544	-0.1204	-0.08335
1.207	-0.3853	-0.03755
1.739	-0.4649	0.06167
2.009	-0.318	0.04477
1.949	-0.237	0.004193
1.797	-0.2252	-0.01201
1.557	-0.1312	0.03302
1.214	-0.04709	0.1725
1.042	0.01233	0.231
1.021	0.08694	0.2063
0.9358	0.05418	0.1387
0.8771	-0.04979	0.02239
0.8034	-0.06786	-0.009173
0.7317	-0.08466	0.03018
0.7471	-0.1257	0.07012
0.7159	-0.09217	0.1294
0.6776	-0.08795	0.1711
0.626	-0.09934	0.1564
0.5409	-0.06102	0.1391
0.546	-0.04533	0.156
0.5931	0.0001393	0.1489
0.6913	0.01852	0.1373
0.8437	-0.06111	0.1138
0.9463	-0.1461	0.04106
1.001	-0.2081	-0.001576
1.039	-0.2204	-0.08163
1.157	-0.2105	-0.2046
1.435	-0.2111	-0.222
1.734	-0.2004	-0.2274
1.755	-0.1679	-0.2511
1.602	-0.04565	-0.1818
1.6	0.07695	-0.1333
1.513	0.04909	-0.1417
1.348	0.002199	-0.07475
1.32	0.04065	0.03796
1.222	0.03221	0.09148
1.142	0.007365	0.03649
0.9658	0.04616	-0.03471
0.7404	0.03685	-0.02085
0.8052	0.04172	0.006217
0.7317	0.08245	0.06287
0.6559	0.06781	0.1401
0.8036	0.0808	0.1655
0.7535	0.0958	0.1799
0.7408	0.1046	0.1257
0.7578	0.1198	0.05037
0.6571	0.08379	0.04958
0.6269	0.07823	0.02674
0.5768	0.08814	0.02616
0.6467	0.08334	0.0967
0.7976	0.08223	0.1429
0.8964	0.06132	0.1492
1.015	0.06345	0.1011
1.008	0.01626	-0.02525
1.042	-0.1518	-0.1497
1.272	-0.334	-0.1638
0.7636	0.08525	0.08426
0.6852	0.1215	0.04351
0.6889	0.1452	-0.002609
0.6583	0.1279	0.03669
0.6327	0.1055	0.08248
0.6768	0.1166	0.1148
0.6926	0.1107	0.09289
0.7413	0.05484	0.0001284
0.8544	-0.1204	-0.08335
1.207	-0.3853	-0.03755
1.739	-0.4649	0.06167
2.009	-0.318	0.04477
1.949	-0.237	0.004193
1.797	-0.2252	-0.01201
1.557	-0.1312	0.03302
1.214	-0.04709	0.1725
1.042	0.01233	0.231
1.021	0.08694	0.2063
0.9358	0.05418	0.1387
0.8771	-0.04979	0.02239
0.8034	-0.06786	-0.009173
0.7317	-0.08466	0.03018
0.7471	-0.1257	0.07012
0.7159	-0.09217	0.1294
0.6776	-0.08795	0.1711
0.626	-0.09934	0.1564
0.5409	-0.06102	0.1391
0.546	-0.04533	0.156
0.5931	0.0001393	0.1489
0.6913	0.01852	0.1373
0.8437	-0.06111	0.1138
0.9463	-0.1461	0.04106
1.001	-0.2081	-0.001576
1.039	-0.2204	-0.08163
1.157	-0.2105	-0.2046
1.435	-0.2111	-0.222
1.734	-0.2004	-0.2274
1.755	-0.1679	-0.2511
1.602	-0.04565	-0.1818
1.6	0.07695	-0.1333
1.513	0.04909	-0.1417
1.348	0.002199	-0.07475
1.32	0.04065	0.03796
1.222	0.03221	0.09148
1.142	0.007365	0.03649
0.9658	0.04616	-0.03471
0.7404	0.03685	-0.02085
0.8052	0.04172	0.006217
0.7317	0.08245	0.06287
0.6559	0.06781	0.1401
0.8036	0.0808	0.1655
0.7535	0.0958	0.1799
0.7408	0.1046	0.1257
0.7578	0.1198	0.05037
0.6571	0.08379	0.04958
0.6269	0.07823	0.02674
0.5768	0.08814	0.02616
0.6467	0.08334	0.0967
0.7976	0.08223	0.1429
0.8964	0.06132	0.1492
1.015	0.06345	0.1011
1.008	0.01626	-0.02525
1.042	-0.1518	-0.1497
1.272	-0.334	-0.1638
1.559	-0.3647	-0.08443
1.748	-0.2608	-0.04283
1.699	-0.2377	-0.06204
1.67	-0.2656	-0.06357
1.678	-0.2316	-0.04069
1.456	-0.155	0.01762
1.225	-0.05174	0.08962
1.138	-0.03746	0.086
1.017	-0.05694	0.07923
0.83	-0.01468	0.1355
0.7462	-0.02406	0.1417
0.735	-0.0271	0.1203
0.6745	-0.003828	0.1457
0.6917	-0.02275	0.1473
0.7043	-0.01048	0.1347
0.6747	-0.01179	0.122
0.7129	-0.04521	0.07359
0.7066	-0.06439	0.05013
0.7367	-0.1143	0.06192
0.8192	-0.1647	0.06638
0.8597	-0.1955	0.05802
0.9115	-0.2047	0.04569
0.9168	-0.2029	0.04137
0.9204	-0.239	0.03733
0.9536	-0.2411	0.02765
1.017	-0.1676	-0.05136
1.206	-0.06304	-0.2018
1.448	-0.006366	-0.2635
1.648	-0.03932	-0.1994
1.692	-0.001554	-0.1594
1.612	0.1554	-0.1811
1.54	0.2469	-0.1359
1.384	0.1681	-0.04937
1.248	0.04422	-0.02067
1.25	0.02593	0.007125
1.191	0.009454	0.02254
1.05	0.006224	-0.002774
0.9112	0.08091	-0.009863
0.8244	0.07055	0.01786
0.8275	0.06519	0.05483
0.8482	0.1174	0.05456
0.8819	0.1054	0.05282
0.9144	0.1061	0.0722
0.9098	0.06921	0.05956
0.9017	-0.007126	0.03956
0.8633	-0.02462	0.02563
0.8198	-0.04133	0.02353
0.7999	-0.03646	0.03595
0.8015	0.008631	0.0284
0.845	0.06943	0.04002
0.8753	0.0957	0.07081
0.8941	0.07375	0.07256
0.8919	0.08666	0.04175
0.8626	0.07694	-0.01125
0.8738	0.04519	-0.01936
0.8875	0.04266	0.03144
0.9012	0.01542	0.06804
0.8975	-0.0108	0.07375
0.8492	-0.02348	0.07245
0.8273	0.003292	0.07333
0.8092	0.0267	0.04231
0.8742	-0.081	-0.02812
1.173	-0.2289	-0.08692
1.617	-0.3062	-0.1435
0.9462	0.02332	-0.03978
0.8982	-0.009331	0.02104
0.8641	-0.05478	0.1037
0.8889	-0.06853	0.09024
0.8655	-0.04917	0.06043
0.862	-0.01327	0.09243
0.8603	0.01331	0.08303
0.8458	0.05657	0.04408
0.8353	0.09183	0.02895
0.8177	0.08593	0.01683
0.8379	0.0948	0.03321
0.8623	0.1232	0.04099
0.8825	0.1303	0.03451
0.9267	0.1377	0.06093
0.9852	0.1674	0.08628
1.037	0.1898	0.1193
1.042	0.2057	0.129
1.012	0.2174	0.09628
0.9588	0.174	0.05182
0.9196	0.05428	-0.07284
1.003	-0.1263	-0.2005
1.212	-0.319	-0.2227
1.414	-0.4758	-0.2088
1.472	-0.6055	-0.2001
1.405	-0.652	-0.2024
1.361	-0.5477	-0.1616
1.378	-0.3653	-0.02206
1.428	-0.1757	0.1052
1.473	-0.003136	0.07514
1.324	0.06101	-0.01429
1.035	0.03039	0.008824
0.8651	0.04251	0.03319
0.7099	0.06261	0.0384
0.5523	0.02948	0.08643
0.5351	-0.003841	0.08008
0.5341	-0.04443	0.1189
0.534	-0.04683	0.1796
0.561	-0.001372	0.1598
0.5546	0.002779	0.1552
0.5616	0.00557	0.0945
0.5613	-0.01439	0.01798
0.566	-0.09117	0.01393
0.6523	-0.1606	0.02332
0.7832	-0.2588	0.05719
0.9052	-0.3304	0.06701
0.991	-0.3314	0.03827
1.065	-0.3006	-0.1188
1.266	-0.1789	-0.3773
1.65	-0.1139	-0.4141
1.961	-0.2071	-0.3323
1.959	-0.2381	-0.3578
1.784	-0.1138	-0.3118
1.582	0.01579	-0.1295
1.333	0.0121	0.05359
1.091	-0.009553	0.1271
0.9398	0.03469	0.1002
0.8685	0.04707	0.09878
0.8277	0.09447	0.1092
0.8131	0.1293	0.1005
0.8365	0.06094	0.1257
0.8491	0.02643	0.1095
0.7777	0.02134	0.06804
0.6468	0.02591	0.05403
0.547	0.05295	0.02548
0.5329	0.0462	0.06092
0.6203	0.05287	0.1293
0.7306	0.04757	0.1399
0.7732	0.01463	0.1012
0.7699	0.01372	0.01446
0.8008	-0.02698	-0.05488
0.9414	-0.1897	-0.1537
1.196	-0.4084	-0.2449
1.542	-0.4556	-0.1531
1.846	-0.3506	-0.05621
1.831	-0.3253	-0.08033
1.562	-0.2622	-0.0435
1.328	-0.1151	0.04263
1.128	-0.0234	0.09386
1.003	0.04529	0.1382
0.9989	0.02888	0.1241
0.9719	-0.04841	0.0709
0.9614	-0.1011	0.06009
0.9367	-0.17	0.06213
0.8501	-0.178	0.07725
0.8367	-0.1687	0.08324
0.812	-0.1645	0.07773
0.7347	-0.09037	0.1143
0.6903	-0.06816	0.1283
0.6598	-0.06851	0.1207
0.6339	-0.02276	0.13
0.6339	-0.0138	0.1314
0.7219	-0.05436	0.1342
0.8242	-0.1282	0.1153
0.8649	-0.164	0.07348
0.8742	-0.1564	0.01444
0.8523	-0.1621	-0.01858
0.8584	-0.1751	0.008437
0.8471	-0.188	-0.004161
0.8428	-0.1062	-0.07135
0.9633	0.1013	-0.1769
1.188	0.2218	-0.275
1.536	0.04137	-0.2563
1.871	-0.2227	-0.2185
1.996	-0.2202	-0.2035
1.886	-0.1176	-0.1347
1.566	-0.02036	-0.06902
1.15	0.1745	0.04032
0.824	0.2622	0.2108
0.8191	0.23	0.2819
0.9359	0.1893	0.2607
0.898	0.09435	0.2234
0.8883	0.04941	0.145
0.8252	0.04782	0.05877
0.7025	0.02148	0.04765
0.6947	0.03539	0.1073
0.6711	0.07049	0.1515
0.673	0.1402	0.1887
0.7068	0.2447	0.2381
0.7311	0.292	0.2405
0.8039	0.3196	0.2024
0.8653	0.3559	0.1351
0.9264	0.3219	0.08015
0.931	0.1993	-0.0154
0.9195	-0.06516	-0.2735
1.014	-0.4501	-0.4286
1.223	-0.6968	-0.2758
1.629	-0.7261	-0.09907
1.921	-0.6794	-0.06482
0.5329	0.0462	0.06092
0.6203	0.05287	0.1293
0.7306	0.04757	0.1399
0.7732	0.01463	0.1012
0.7699	0.01372	0.01446
0.8008	-0.02698	-0.05488
0.9414	-0.1897	-0.1537
1.196	-0.4084	-0.2449
1.542	-0.4556	-0.1531
1.846	-0.3506	-0.05621
1.831	-0.3253	-0.08033
1.562	-0.2622	-0.0435
1.328	-0.1151	0.04263
1.128	-0.0234	0.09386
1.003	0.04529	0.1382
0.9989	0.02888	0.1241
0.9719	-0.04841	0.0709
0.9614	-0.1011	0.06009
0.9367	-0.17	0.06213
0.8501	-0.178	0.07725
0.8367	-0.1687	0.08324
0.812	-0.1645	0.07773
0.7347	-0.09037	0.1143
0.6903	-0.06816	0.1283
0.6598	-0.06851	0.1207
0.6339	-0.02276	0.13
0.6339	-0.0138	0.1314
0.7219	-0.05436	0.1342
0.8242	-0.1282	0.1153
0.8649	-0.164	0.07348
0.8742	-0.1564	0.01444
0.8523	-0.1621	-0.01858
0.8584	-0.1751	0.008437
0.8471	-0.188	-0.004161
0.8428	-0.1062	-0.07135
0.9633	0.1013	-0.1769
1.188	0.2218	-0.275
1.536	0.04137	-0.2563
1.871	-0.2227	-0.2185
1.996	-0.2202	-0.2035
1.886	-0.1176	-0.1347
1.566	-0.02036	-0.06902
1.15	0.1745	0.04032
0.824	0.2622	0.2108
0.8191	0.23	0.2819
0.9359	0.1893	0.2607
0.898	0.09435	0.2234
0.8883	0.04941	0.145
0.8252	0.04782	0.05877
0.7025	0.02148	0.04765
0.6947	0.03539	0.1073
0.6711	0.07049	0.1515
0.673	0.1402	0.1887
0.7068	0.2447	0.2381
0.7311	0.292	0.2405
0.8039	0.3196	0.2024
0.8653	0.3559	0.1351
0.9264	0.3219	0.08015
0.931	0.1993	-0.0154
0.9195	-0.06516	-0.2735
1.014	-0.4501	-0.4286
1.223	-0.6968	-0.2758
1.629	-0.7261	-0.09907
1.921	-0.6794	-0.06482
1.778	-0.5343	-0.07312
1.579	-0.2766	-0.06738
1.482	-0.1087	-0.02498
1.205	-0.04448	0.009108
0.9668	0.08443	0.005853
0.9804	0.04088	0.03576
0.9646	-0.2159	0.03826
0.9288	-0.2872	0.01063
0.9145	-0.2992	0.03796
0.8174	-0.3222	0.05224
0.7467	-0.2189	0.09792
0.72	-0.1989	0.1586
0.7203	-0.141	0.1315
0.6658	-0.003339	0.128
0.5961	0.02478	0.1388
0.6419	0.04762	0.1167
0.6312	0.09298	0.1322
0.6246	0.166	0.1456
0.6851	0.1576	0.1372
0.7054	0.07347	0.1346
0.7563	0.07069	0.1223
0.792	-0.03739	0.09599
0.8312	-0.2152	0.035
0.8457	-0.3495	-0.1141
0.8151	-0.3914	-0.3398
0.9906	-0.1889	-0.4821
1.427	-0.08221	-0.4325
1.907	-0.3159	-0.3713
1.992	-0.5011	-0.3762
1.702	-0.3377	-0.2364
1.5	-0.1638	0.005339
1.283	-0.2087	0.1977
1.161	-0.07607	0.2495
1.218	0.09732	0.05139
1.088	0.08022	-0.06814
1.03	0.1607	0.03669
0.9795	0.1726	0.08172
0.7233	0.0693	0.1358
0.6565	0.02726	0.2188
0.6066	-0.03929	0.2207
0.5055	-0.03258	0.1931
0.5391	0.01283	0.1506
0.5604	0.0277	0.1308
0.6925	0.06551	0.1328
0.8636	0.04688	0.1249
0.8957	0.0444	0.03855
0.8391	0.0564	-0.1256
0.7485	0.01131	-0.2232
0.8039	-0.06024	-0.2307
1.037	-0.2911	-0.1458
1.363	-0.5634	-0.02388
1.565	-0.5345	0.008422
1.701	-0.3723	-0.03019
2.013	-0.3434	-0.06876
1.93	-0.2721	-0.06712
1.394	-0.127	-0.01858
1.019	0.01118	0.1113
0.8254	0.1233	0.2439
0.9119	0.03459	0.2747
0.968	-0.03618	0.3111
0.7797	0.0145	0.2813
0.8292	-0.04873	0.1465
0.8188	-0.04863	0.119
0.7404	-0.04626	0.09047
1.778	-0.5343	-0.07312
1.579	-0.2766	-0.06738
1.482	-0.1087	-0.02498
1.205	-0.04448	0.009108
0.9668	0.08443	0.005853
0.9804	0.04088	0.03576
0.9646	-0.2159	0.03826
0.9288	-0.2872	0.01063
0.9145	-0.2992	0.03796
0.8174	-0.3222	0.05224
0.7467	-0.2189	0.09792
0.72	-0.1989	0.1586
0.7203	-0.141	0.1315
0.6658	-0.003339	0.128
0.5961	0.02478	0.1388
0.6419	0.04762	0.1167
0.6312	0.09298	0.1322
0.6246	0.166	0.1456
0.6851	0.1576	0.1372
0.7054	0.07347	0.1346
0.7563	0.07069	0.1223
0.792	-0.03739	0.09599
0.8312	-0.2152	0.035
0.8457	-0.3495	-0.1141
0.8151	-0.3914	-0.3398
0.9906	-0.1889	-0.4821
1.427	-0.08221	-0.4325
1.907	-0.3159	-0.3713
1.992	-0.5011	-0.3762
1.702	-0.3377	-0.2364
1.5	-0.1638	0.005339
1.283	-0.2087	0.1977
1.161	-0.07607	0.2495
1.218	0.09732	0.05139
1.088	0.08022	-0.06814
1.03	0.1607	0.03669
0.9795	0.1726	0.08172
0.7233	0.0693	0.1358
0.6565	0.02726	0.2188
0.6066	-0.03929	0.2207
0.5055	-0.03258	0.1931
0.5391	0.01283	0.1506
0.5604	0.0277	0.1308
0.6925	0.06551	0.1328
0.8636	0.04688	0.1249
0.8957	0.0444	0.03855
0.8391	0.0564	-0.1256
0.7485	0.01131	-0.2232
0.8039	-0.06024	-0.2307
1.037	-0.2911	-0.1458
1.363	-0.5634	-0.02388
1.565	-0.5345	0.008422
1.701	-0.3723	-0.03019
2.013	-0.3434	-0.06876
1.93	-0.2721	-0.06712
1.394	-0.127	-0.01858
1.019	0.01118	0.1113
0.8254	0.1233	0.2439
0.9119	0.03459	0.2747
0.968	-0.03618	0.3111
0.7797	0.0145	0.2813
0.8292	-0.04873	0.1465
0.8188	-0.04863	0.119
0.7404	-0.04626	0.09047
0.8063	-0.1032	0.01394
0.6611	-0.06942	0.06968
0.5811	-0.08455	0.1279
0.5964	-0.06828	0.16
0.6258	-0.05751	0.201
0.7772	-0.112	0.1149
0.7446	-0.1059	0.03267
0.7662	-0.1624	0.007536
0.8563	-0.1808	-0.06173
0.8224	-0.1057	-0.1585
1.034	-0.02638	-0.2726
1.445	0.0364	-0.2567
1.822	-0.1019	-0.2085
1.988	-0.2569	-0.3279
1.916	-0.2253	-0.3721
1.732	-0.1993	-0.2661
1.33	-0.1554	-0.08976
0.9753	-0.01308	0.149
0.9001	0.1041	0.2577
0.8945	0.1344	0.2258
0.9059	0.1288	0.167
0.915	0.1112	0.1054
0.9289	0.05802	0.1122
0.944	-0.0343	0.09642
0.8526	-0.07998	-0.009789
0.721	-0.03009	-0.04599
0.6424	-0.001688	-0.00807
0.5718	-0.005136	0.004774
0.4838	0.04276	0.04803
0.4717	0.1134	0.1226
0.568	0.173	0.1513
0.6856	0.179	0.151
0.8165	0.1207	0.1143
0.902	0.01406	-0.01081
0.9321	-0.1887	-0.1531
1.117	-0.4082	-0.1758
1.498	-0.4461	-0.09919
1.842	-0.3333	-0.04982
1.921	-0.2652	-0.005994
1.79	-0.2364	0.059
1.594	-0.1559	0.042
1.291	-0.04275	0.01832
1.036	0.03031	0.1254
0.956	0.008297	0.231
0.8593	-0.02026	0.2265
0.7686	-0.01594	0.1895
0.7251	-0.03565	0.1573
0.6496	-0.01572	0.126
0.6457	0.01753	0.1134
0.6717	0.01167	0.1295
0.6603	0.003032	0.142
0.6785	-0.0429	0.1307
0.678	-0.08536	0.1322
0.694	-0.1173	0.1388
0.784	-0.2113	0.1451
0.8737	-0.2859	0.154
0.8922	-0.2827	0.08052
0.88	-0.2523	-0.1329
1.026	-0.1724	-0.3656
1.379	-0.05964	-0.4009
1.774	-0.04836	-0.3022
1.919	-0.06433	-0.2827
1.68	-0.01072	-0.2503
1.378	-0.01695	-0.1267
0.8063	-0.1032	0.01394
0.6611	-0.06942	0.06968
0.5811	-0.08455	0.1279
0.5964	-0.06828	0.16
0.6258	-0.05751	0.201
0.7772	-0.112	0.1149
0.7446	-0.1059	0.03267
0.7662	-0.1624	0.007536
0.8563	-0.1808	-0.06173
0.8224	-0.1057	-0.1585
1.034	-0.02638	-0.2726
1.445	0.0364	-0.2567
1.822	-0.1019	-0.2085
1.988	-0.2569	-0.3279
1.916	-0.2253	-0.3721
1.732	-0.1993	-0.2661
1.33	-0.1554	-0.08976
0.9753	-0.01308	0.149
0.9001	0.1041	0.2577
0.8945	0.1344	0.2258
0.9059	0.1288	0.167
0.915	0.1112	0.1054
0.9289	0.05802	0.1122
0.944	-0.0343	0.09642
0.8526	-0.07998	-0.009789
0.721	-0.03009	-0.04599
0.6424	-0.001688	-0.00807
0.5718	-0.005136	0.004774
0.4838	0.04276	0.04803
0.4717	0.1134	0.1226
0.568	0.173	0.1513
0.6856	0.179	0.151
0.8165	0.1207	0.1143
0.902	0.01406	-0.01081
0.9321	-0.1887	-0.1531
1.117	-0.4082	-0.1758
1.498	-0.4461	-0.09919
1.842	-0.3333	-0.04982
1.921	-0.2652	-0.005994
1.79	-0.2364	0.059
1.594	-0.1559	0.042
1.291	-0.04275	0.01832
1.036	0.03031	0.1254
0.956	0.008297	0.231
0.8593	-0.02026	0.2265
0.7686	-0.01594	0.1895
0.7251	-0.03565	0.1573
0.6496	-0.01572	0.126
0.6457	0.01753	0.1134
0.6717	0.01167	0.1295
0.6603	0.003032	0.142
0.6785	-0.0429	0.1307
0.678	-0.08536	0.1322
0.694	-0.1173	0.1388
0.784	-0.2113	0.1451
0.8737	-0.2859	0.154
0.8922	-0.2827	0.08052
0.88	-0.2523	-0.1329
1.026	-0.1724	-0.3656
1.379	-0.05964	-0.4009
1.774	-0.04836	-0.3022
1.919	-0.06433	-0.2827
1.68	-0.01072	-0.2503
1.378	-0.01695	-0.1267
1.198	-0.005057	0.02049
1.11	0.04619	0.13
1.129	0.00616	0.09247
1.064	-0.00794	0.03111
0.9773	0.007324	0.05193
1.009	0.04793	0.0731
0.9648	0.1413	0.1303
0.8753	0.1246	0.1267
0.7357	0.06364	0.08209
0.502	0.03293	0.121
0.4793	-0.008652	0.1078
0.5653	0.01292	0.1106
0.4965	0.03903	0.1508
0.5035	0.03545	0.1138
0.5914	0.04921	0.08454
0.6199	0.04564	0.01597
0.7157	0.04209	-0.04301
0.8747	0.00527	-0.01123
1.143	-0.1133	-0.03858
1.496	-0.2019	-0.1159
1.727	-0.1867	-0.167
1.849	-0.1819	-0.1498
1.831	-0.2756	-0.0499
1.71	-0.3327	0.02055
1.542	-0.2495	0.008529
1.29	-0.154	-0.01219
1.179	-0.1177	0.02875
1.105	-0.06685	0.06578
0.9515	-0.02855	0.06466
0.9352	-0.06051	0.08158
0.879	-0.06786	0.08601
0.7969	-0.03825	0.09497
0.7943	-0.03922	0.1087
0.7184	-0.02228	0.1023
0.6657	-0.02288	0.1231
0.6112	-0.05266	0.1272
0.5703	-0.04952	0.1296
0.6438	-0.05588	0.1547
0.693	-0.06466	0.1301
0.7454	-0.1019	0.07998
0.7884	-0.1805	0.02695
0.7661	-0.208	-0.001974
0.7942	-0.1839	-0.04439
0.9468	-0.1005	-0.2027
1.344	-0.02102	-0.295
1.814	-0.07244	-0.1918
1.922	-0.1188	-0.1169
1.767	-0.02487	-0.1441
1.687	0.04744	-0.1089
1.517	0.02909	0.01581
1.184	0.05198	0.1268
1.08	0.07469	0.1505
1.08	0.06632	0.1257
0.9087	0.1323	0.125
0.8152	0.2042	0.09035
0.7398	0.1962	0.06198
0.6059	0.1359	0.105
0.5822	0.06942	0.1023
0.5863	0.05005	0.09934
0.6068	0.04637	0.1164
0.6101	0.02489	0.08864
0.5896	0.02553	0.1004
0.6201	0.04076	0.105
0.6245	0.03416	0.09518
0.8594	-0.09643	-0.02228
0.8411	-0.08803	-0.03373
0.8202	-0.07766	-0.03563
0.8163	-0.05625	-0.01223
0.8454	-0.02443	-0.003609
0.9005	-0.0189	0.02327
0.8937	-0.02137	-0.01437
0.8349	-0.01442	-0.08513
0.761	-0.0007076	-0.08855
0.6992	0.03566	-0.08712
0.7197	0.07141	-0.06696
0.7864	0.09115	-0.002596
0.8508	0.07987	0.02544
0.9348	-0.02013	-0.05159
1.118	-0.2025	-0.1705
1.43	-0.3237	-0.2181
1.657	-0.301	-0.2296
1.766	-0.2848	-0.197
1.834	-0.3238	-0.1298
1.559	-0.3065	-0.1631
1.109	-0.2868	-0.192
1.067	-0.2408	-0.1076
1.181	-0.08642	0.01576
1.105	0.01335	0.1316
1.036	-0.006926	0.0865
0.9347	-0.03723	-0.03919
0.7835	-0.05663	-0.02278
0.7272	-0.07268	-0.005957
0.675	-0.06644	0.01233
0.6668	-0.04452	0.08652
0.7513	-0.03302	0.1014
0.8073	-0.01874	0.1253
0.8475	-0.004472	0.1154
0.8508	-0.02252	0.05019
0.8247	-0.06393	0.01861
0.8282	-0.1288	-0.01333
0.7949	-0.1923	0.006013
0.751	-0.2209	0.02422
0.7061	-0.2257	0.008979
0.65	-0.2172	0.02698
0.6565	-0.2169	0.005149
0.6894	-0.2053	-0.002824
0.7516	-0.1547	0.005389
0.857	-0.08315	-0.04781
1.026	-0.005938	-0.1269
1.439	0.03495	-0.2351
1.856	0.01439	-0.2829
1.828	-0.02879	-0.2418
1.713	-0.04325	-0.1963
1.674	0.004461	-0.1364
1.277	0.128	-0.07456
1.026	0.2615	-0.005655
1.148	0.2756	0.04571
1.044	0.2026	0.02135
0.9863	0.148	-0.004804
1.027	0.09601	-0.008217
0.9456	0.06818	-0.03431
0.9473	0.07542	-0.03766
0.828	0.06258	-0.02699
0.719	0.06728	-0.02439
0.726	0.1009	0.04524
0.6534	0.1012	0.1253
0.6603	0.07369	0.1398
0.6461	0.04463	0.1609
0.6247	0.03404	0.1839
0.6533	0.05371	0.1553
0.621	0.07816	0.07936
0.653	0.1038	0.01094
0.7065	0.1086	0.014
0.7953	0.07816	0.02824
0.9191	0.03307	-0.01966
1.075	-0.07452	-0.05082
1.451	-0.1684	-0.007828
1.717	-0.1087	0.01988
1.603	-0.06116	0.006893
1.493	-0.1603	0.03794
1.529	-0.2401	0.1306
1.5	-0.2361	0.2051
1.438	-0.1971	0.1803
1.317	-0.1076	0.1028
1.085	-0.03833	0.06413
0.9708	-0.04523	0.08181
0.902	-0.04756	0.1279
0.794	-0.02493	0.1416
0.7914	-0.03329	0.1311
0.7519	-0.05381	0.128
0.7052	-0.06331	0.1161
0.712	-0.1052	0.1114
0.6844	-0.1492	0.1146
0.7141	-0.1541	0.1374
0.7387	-0.141	0.1654
0.7228	-0.09987	0.1252
0.7281	-0.07394	0.07143
0.7199	-0.08047	0.07676
0.7258	-0.08832	0.09675
0.7457	-0.1401	0.1038
0.7874	-0.2247	0.0912
0.8717	-0.254	0.02814
0.9989	-0.1386	-0.1045
1.221	0.009391	-0.2129
1.537	-0.006351	-0.1827
1.822	-0.03757	-0.1361
1.892	0.02589	-0.1615
1.724	0.05971	-0.1418
1.468	0.09476	-0.1063
1.275	0.1444	-0.06305
1.183	0.1487	0.06389
1.099	0.1462	0.1554
0.9962	0.1503	0.151
0.9118	0.1448	0.1173
0.8499	0.1262	0.09885
0.8212	0.09888	0.08789
0.7927	0.08157	0.06741
0.7356	0.07068	0.07989
0.6718	0.05029	0.0612
0.6049	0.02197	0.03099
0.5336	0.01442	0.05634
0.4645	0.02899	0.04876
0.4017	0.0456	0.06148
0.3879	0.07264	0.1136
0.4468	0.09898	0.1473
0.5656	0.1275	0.1599
0.7368	0.1624	0.1055
0.8575	0.1465	0.009319
0.9569	0.04743	-0.1288
1.307	-0.06782	-0.1863
1.808	-0.08318	-0.05295
2.007	-0.0532	0.02707
0.6247	0.03404	0.1839
0.6533	0.05371	0.1553
0.621	0.07816	0.07936
0.653	0.1038	0.01094
0.7065	0.1086	0.014
0.7953	0.07816	0.02824
0.9191	0.03307	-0.01966
1.075	-0.07452	-0.05082
1.451	-0.1684	-0.007828
1.717	-0.1087	0.01988
1.603	-0.06116	0.006893
1.493	-0.1603	0.03794
1.529	-0.2401	0.1306
1.5	-0.2361	0.2051
1.438	-0.1971	0.1803
1.317	-0.1076	0.1028
1.085	-0.03833	0.06413
0.9708	-0.04523	0.08181
0.902	-0.04756	0.1279
0.794	-0.02493	0.1416
0.7914	-0.03329	0.1311
0.7519	-0.05381	0.128
0.7052	-0.06331	0.1161
0.712	-0.1052	0.1114
0.6844	-0.1492	0.1146
0.7141	-0.1541	0.1374
0.7387	-0.141	0.1654
0.7228	-0.09987	0.1252
0.7281	-0.07394	0.07143
0.7199	-0.08047	0.07676
0.7258	-0.08832	0.09675
0.7457	-0.1401	0.1038
0.7874	-0.2247	0.0912
0.8717	-0.254	0.02814
0.9989	-0.1386	-0.1045
1.221	0.009391	-0.2129
1.537	-0.006351	-0.1827
1.822	-0.03757	-0.1361
1.892	0.02589	-0.1615
1.724	0.05971	-0.1418
1.468	0.09476	-0.1063
1.275	0.1444	-0.06305
1.183	0.1487	0.06389
1.099	0.1462	0.1554
0.9962	0.1503	0.151
0.9118	0.1448	0.1173
0.8499	0.1262	0.09885
0.8212	0.09888	0.08789
0.7927	0.08157	0.06741
0.7356	0.07068	0.07989
0.6718	0.05029	0.0612
0.6049	0.02197	0.03099
0.5336	0.01442	0.05634
0.4645	0.02899	0.04876
0.4017	0.0456	0.06148
0.3879	0.07264	0.1136
0.4468	0.09898	0.1473
0.5656	0.1275	0.1599
0.7368	0.1624	0.1055
0.8575	0.1465	0.009319
0.9569	0.04743	-0.1288
1.307	-0.06782	-0.1863
1.808	-0.08318	-0.05295
2.007	-0.0532	0.02707
1.905	-0.1287	-0.001498
1.843	-0.228	0.05222
1.809	-0.236	0.1498
1.65	-0.1821	0.1686
1.431	-0.1082	0.174
1.268	-0.07135	0.1784
1.203	-0.03875	0.09042
1.084	0.02668	0.05719
0.9	0.0475	0.09605
0.8341	0.03718	0.08204
0.7342	0.03658	0.09776
0.5899	0.02508	0.08013
0.5163	0.004596	0.02174
0.4092	-0.02267	0.02321
0.3922	-0.04578	0.02409
0.4554	-0.06583	0.03268
0.5392	-0.1001	0.02835
0.7334	-0.1384	0.006336
0.841	-0.1638	0.006427
0.8935	-0.2123	-0.002277
1.012	-0.2834	0.00124
1.021	-0.2614	-0.02765
0.9891	-0.1812	-0.09409
1.069	-0.129	-0.1489
1.28	-0.08569	-0.2103
1.607	-0.1832	-0.2477
1.832	-0.3273	-0.2803
1.823	-0.2311	-0.3025
1.757	0.01335	-0.2785
1.642	0.206	-0.2042
1.41	0.1785	-0.08744
1.253	0.04611	-0.0722
1.161	0.07941	-0.08796
0.9753	0.05578	-0.01444
0.7959	0.009279	-0.02092
0.7483	0.09002	-0.01835
0.741	0.05299	0.06671
0.7058	0.05026	0.07375
0.7267	0.0881	0.07012
0.7128	0.04159	0.06725
0.6692	0.09441	0.05175
0.7383	0.1278	0.08707
0.7849	0.155	0.1083
0.7706	0.1869	0.1114
0.7094	0.1203	0.07755
0.6072	0.1264	0.02857
0.6242	0.1327	0.0475
0.6943	0.1146	0.07117
0.7683	0.1143	0.08481
0.9064	0.03876	0.07089
1.019	-0.04244	-0.03421
1.104	-0.186	-0.1626
1.284	-0.3322	-0.1775
1.596	-0.3339	-0.05269
1.815	-0.3169	0.0284
1.792	-0.3465	-0.006583
1.718	-0.3645	-0.02918
1.602	-0.282	-0.02457
1.37	-0.1308	-0.01846
1.169	-0.02365	0.01942
1.071	0.03346	0.06431
1.014	0.02807	0.06859
0.9103	-0.02942	0.06574
0.7786	-0.1023	0.08668
1.905	-0.1287	-0.001498
1.843	-0.228	0.05222
1.809	-0.236	0.1498
1.65	-0.1821	0.1686
1.431	-0.1082	0.174
1.268	-0.07135	0.1784
1.203	-0.03875	0.09042
1.084	0.02668	0.05719
0.9	0.0475	0.09605
0.8341	0.03718	0.08204
0.7342	0.03658	0.09776
0.5899	0.02508	0.08013
0.5163	0.004596	0.02174
0.4092	-0.02267	0.02321
0.3922	-0.04578	0.02409
0.4554	-0.06583	0.03268
0.5392	-0.1001	0.02835
0.7334	-0.1384	0.006336
0.841	-0.1638	0.006427
0.8935	-0.2123	-0.002277
1.012	-0.2834	0.00124
1.021	-0.2614	-0.02765
0.9891	-0.1812	-0.09409
1.069	-0.129	-0.1489
1.28	-0.08569	-0.2103
1.607	-0.1832	-0.2477
1.832	-0.3273	-0.2803
1.823	-0.2311	-0.3025
1.757	0.01335	-0.2785
1.642	0.206	-0.2042
1.41	0.1785	-0.08744
1.253	0.04611	-0.0722
1.161	0.07941	-0.08796
0.9753	0.05578	-0.01444
0.7959	0.009279	-0.02092
0.7483	0.09002	-0.01835
0.741	0.05299	0.06671
0.7058	0.05026	0.07375
0.7267	0.0881	0.07012
0.7128	0.04159	0.06725
0.6692	0.09441	0.05175
0.7383	0.1278	0.08707
0.7849	0.155	0.1083
0.7706	0.1869	0.1114
0.7094	0.1203	0.07755
0.6072	0.1264	0.02857
0.6242	0.1327	0.0475
0.6943	0.1146	0.07117
0.7683	0.1143	0.08481
0.9064	0.03876	0.07089
1.019	-0.04244	-0.03421
1.104	-0.186	-0.1626
1.284	-0.3322	-0.1775
1.596	-0.3339	-0.05269
1.815	-0.3169	0.0284
1.792	-0.3465	-0.006583
1.718	-0.3645	-0.02918
1.602	-0.282	-0.02457
1.37	-0.1308	-0.01846
1.169	-0.02365	0.01942
1.071	0.03346	0.06431
1.014	0.02807	0.06859
0.9103	-0.02942	0.06574
0.7786	-0.1023	0.08668
0.7567	-0.1308	0.08891
0.7671	-0.09878	0.07863
0.673	-0.08804	0.07551
0.6399	-0.07662	0.06783
0.6961	-0.05579	0.0826
0.6934	-0.06319	0.118
0.7277	-0.08087	0.1256
0.7661	-0.1223	0.094
0.7335	-0.1404	0.06002
0.7661	-0.1353	0.06375
0.8278	-0.186	0.1007
0.9018	-0.242	0.1239
0.968	-0.2526	0.1085
0.9224	-0.2185	0.07648
0.8828	-0.1481	0.01598
0.9177	-0.069	-0.1307
1.153	-0.02225	-0.2842
1.661	-0.1279	-0.3295
1.992	-0.2438	-0.3657
1.93	-0.0925	-0.3854
1.722	0.04768	-0.2972
1.372	-0.02312	-0.1819
1.022	0.0222	0.04206
1.013	0.1418	0.2548
1.082	0.1137	0.195
0.9593	0.08393	0.1339
0.9052	0.07892	0.1241
0.8939	0.03977	0.03312
0.8268	0.04795	0.04704
0.8347	0.06003	0.08067
0.8481	0.04174	0.08387
0.856	0.04362	0.1326
0.8523	0.03249	0.1385
0.8032	0.02	0.1489
0.7844	0.03529	0.1486
0.7186	0.05086	0.1174
0.6236	0.08541	0.1018
0.5587	0.1282	0.07357
0.5024	0.1414	0.106
0.5257	0.1468	0.1487
0.5874	0.1646	0.1054
0.6717	0.1695	0.03994
0.7782	0.0807	-0.08358
0.9246	-0.1578	-0.2521
1.311	-0.4479	-0.305
1.796	-0.5797	-0.2307
1.956	-0.4855	-0.1821
1.809	-0.3263	-0.1619
1.708	-0.227	-0.02147
1.674	-0.2214	0.1243
1.594	-0.2384	0.1075
1.562	-0.1414	0.09293
1.45	-0.0737	0.08662
1.222	-0.09609	-0.006943
1.035	-0.0514	0.0252
0.805	-0.03684	0.1152
0.6404	-0.03329	0.09169
0.6217	0.01484	0.1048
0.5789	0.01425	0.08863
0.5503	0.04485	0.04527
0.5828	0.04252	0.09792
0.5938	-0.002325	0.1107
0.5734	-0.01861	0.09222
0.5615	-0.1416	0.05535
0.7567	-0.1308	0.08891
0.7671	-0.09878	0.07863
0.673	-0.08804	0.07551
0.6399	-0.07662	0.06783
0.6961	-0.05579	0.0826
0.6934	-0.06319	0.118
0.7277	-0.08087	0.1256
0.7661	-0.1223	0.094
0.7335	-0.1404	0.06002
0.7661	-0.1353	0.06375
0.8278	-0.186	0.1007
0.9018	-0.242	0.1239
0.968	-0.2526	0.1085
0.9224	-0.2185	0.07648
0.8828	-0.1481	0.01598
0.9177	-0.069	-0.1307
1.153	-0.02225	-0.2842
1.661	-0.1279	-0.3295
1.992	-0.2438	-0.3657
1.93	-0.0925	-0.3854
1.722	0.04768	-0.2972
1.372	-0.02312	-0.1819
1.022	0.0222	0.04206
1.013	0.1418	0.2548
1.082	0.1137	0.195
0.9593	0.08393	0.1339
0.9052	0.07892	0.1241
0.8939	0.03977	0.03312
0.8268	0.04795	0.04704
0.8347	0.06003	0.08067
0.8481	0.04174	0.08387
0.856	0.04362	0.1326
0.8523	0.03249	0.1385
0.8032	0.02	0.1489
0.7844	0.03529	0.1486
0.7186	0.05086	0.1174
0.6236	0.08541	0.1018
0.5587	0.1282	0.07357
0.5024	0.1414	0.106
0.5257	0.1468	0.1487
0.5874	0.1646	0.1054
0.6717	0.1695	0.03994
0.7782	0.0807	-0.08358
0.9246	-0.1578	-0.2521
1.311	-0.4479	-0.305
1.796	-0.5797	-0.2307
1.956	-0.4855	-0.1821
1.809	-0.3263	-0.1619
1.708	-0.227	-0.02147
1.674	-0.2214	0.1243
1.594	-0.2384	0.1075
1.562	-0.1414	0.09293
1.45	-0.0737	0.08662
1.222	-0.09609	-0.006943
1.035	-0.0514	0.0252
0.805	-0.03684	0.1152
0.6404	-0.03329	0.09169
0.6217	0.01484	0.1048
0.5789	0.01425	0.08863
0.5503	0.04485	0.04527
0.5828	0.04252	0.09792
0.5938	-0.002325	0.1107
0.5734	-0.01861	0.09222
0.5615	-0.1416	0.05535
0.514	-0.2866	-0.002417
0.477	-0.3554	0.04297
0.5804	-0.4129	0.09932
0.7474	-0.4806	0.1024
0.8691	-0.5051	0.09154
0.8943	-0.3937	0.03014
0.9323	-0.2277	-0.08639
1.195	-0.00452	-0.1893
1.623	0.1814	-0.1812
1.971	0.06857	-0.1446
1.993	-0.04514	-0.1396
1.821	0.04186	-0.08651
1.61	0.01655	-0.04599
1.149	-0.07156	-0.005888
0.8422	-0.08257	0.09783
0.9617	-0.104	0.1977
0.9593	-0.03912	0.2296
0.8966	0.08086	0.1548
0.9458	0.1042	0.1059
0.8833	0.1131	0.1378
0.8324	0.1232	0.1079
0.7568	0.1167	0.07168
0.5892	0.1232	0.04029
0.5126	0.1187	0.005822
0.5022	0.1344	0.06091
0.5198	0.1475	0.1071
0.5531	0.1502	0.1166
0.6169	0.1615	0.1106
0.7564	0.1418	0.03209
0.8894	0.07245	-0.1004
1.017	-0.1246	-0.2408
1.201	-0.367	-0.2367
1.527	-0.4045	-0.07399
1.88	-0.287	0.01501
1.886	-0.2564	-0.07316
1.709	-0.323	-0.1528
1.678	-0.3393	-0.01175
1.56	-0.2643	0.1064
1.318	-0.1418	0.02123
1.115	-0.04236	0.008141
0.8968	0.005833	0.05456
0.7468	0.01976	0.05022
0.6777	-0.005243	0.108
0.644	-0.01683	0.1831
0.6792	-0.01974	0.1993
0.6728	-0.05007	0.1756
0.6399	-0.06653	0.1519
0.5779	-0.107	0.1116
0.4672	-0.1696	0.04585
0.4912	-0.1803	0.05802
0.5752	-0.1855	0.07656
0.6155	-0.2397	0.003542
0.6761	-0.2674	-0.03425
0.6923	-0.2082	-0.04779
0.7547	-0.06368	-0.202
0.9776	0.1829	-0.4721
1.243	0.3141	-0.5965
1.575	0.1199	-0.5295
1.988	-0.06823	-0.5902
2.096	-0.03867	-0.6996
1.828	-0.05876	-0.5359
1.559	-0.121	-0.269
1.146	-0.03262	-0.03475
0.7684	0.08448	0.1933
0.514	-0.2866	-0.002417
0.477	-0.3554	0.04297
0.5804	-0.4129	0.09932
0.7474	-0.4806	0.1024
0.8691	-0.5051	0.09154
0.8943	-0.3937	0.03014
0.9323	-0.2277	-0.08639
1.195	-0.00452	-0.1893
1.623	0.1814	-0.1812
1.971	0.06857	-0.1446
1.993	-0.04514	-0.1396
1.821	0.04186	-0.08651
1.61	0.01655	-0.04599
1.149	-0.07156	-0.005888
0.8422	-0.08257	0.09783
0.9617	-0.104	0.1977
0.9593	-0.03912	0.2296
0.8966	0.08086	0.1548
0.9458	0.1042	0.1059
0.8833	0.1131	0.1378
0.8324	0.1232	0.1079
0.7568	0.1167	0.07168
0.5892	0.1232	0.04029
0.5126	0.1187	0.005822
0.5022	0.1344	0.06091
0.5198	0.1475	0.1071
0.5531	0.1502	0.1166
0.6169	0.1615	0.1106
0.7564	0.1418	0.03209
0.8894	0.07245	-0.1004
1.017	-0.1246	-0.2408
1.201	-0.367	-0.2367
1.527	-0.4045	-0.07399
1.88	-0.287	0.01501
1.886	-0.2564	-0.07316
1.709	-0.323	-0.1528
1.678	-0.3393	-0.01175
1.56	-0.2643	0.1064
1.318	-0.1418	0.02123
1.115	-0.04236	0.008141
0.8968	0.005833	0.05456
0.7468	0.01976	0.05022
0.6777	-0.005243	0.108
0.644	-0.01683	0.1831
0.6792	-0.01974	0.1993
0.6728	-0.05007	0.1756
0.6399	-0.06653	0.1519
0.5779	-0.107	0.1116
0.4672	-0.1696	0.04585
0.4912	-0.1803	0.05802
0.5752	-0.1855	0.07656
0.6155	-0.2397	0.003542
0.6761	-0.2674	-0.03425
0.6923	-0.2082	-0.04779
0.7547	-0.06368	-0.202
0.9776	0.1829	-0.4721
1.243	0.3141	-0.5965
1.575	0.1199	-0.5295
1.988	-0.06823	-0.5902
2.096	-0.03867	-0.6996
1.828	-0.05876	-0.5359
1.559	-0.121	-0.269
1.146	-0.03262	-0.03475
0.7684	0.08448	0.1933
0.8664	0.1293	0.258
0.8781	0.1634	0.2048
0.7556	0.1582	0.1472
0.8232	0.1142	0.05181
0.7757	0.09381	-0.001811
0.7908	0.08726	-0.0119
0.8434	0.09019	-0.03695
0.8226	0.08852	-0.002657
0.9266	0.06245	0.07344
0.9097	0.04536	0.1394
0.855	0.04693	0.1872
0.8162	0.09119	0.1647
0.6827	0.175	0.117
0.6107	0.1993	0.07129
0.5134	0.1477	0.01581
0.4941	0.08969	0.01946
0.5635	0.03695	0.02835
0.5678	-0.04572	-0.04283
0.6431	-0.2131	-0.2361
0.8947	-0.5323	-0.4269
1.466	-0.8604	-0.3005
1.993	-0.8824	-0.1711
1.965	-0.6665	-0.4579
1.765	-0.4517	-0.6063
1.597	-0.2139	-0.259
1.264	-0.03881	0.1015
1.121	-0.01701	0.172
1.247	-0.05449	0.1275
1.206	-0.1235	0.1142
1.134	-0.2016	0.01892
1.108	-0.2329	-0.1197
0.9286	-0.1924	-0.1919
0.8016	-0.1365	-0.2437
0.6953	-0.08797	-0.2023
0.5943	-0.04225	-0.1523
0.6411	-0.09279	-0.1413
0.6353	-0.1584	-0.04186
0.616	-0.1912	0.005847
0.642	-0.2397	-0.006106
0.6389	-0.179	-0.03082
0.7486	-0.1154	-0.08294
1.059	-0.168	0.003579
1.393	-0.2317	0.08003
1.331	-0.3309	-0.02031
1.072	-0.3783	-0.08311
1.035	-0.2559	-0.02659
0.8914	-0.1253	0.05434
0.7643	-0.1043	0.1406
0.8427	-0.1102	0.1942
0.78	-0.07704	0.1321
0.7153	-0.0252	0.03684
0.6782	-0.0006542	0.001517
0.6532	-0.05529	0.006154
0.7498	-0.1649	0.05119
0.7475	-0.2536	0.05853
0.8171	-0.332	0.006538
0.9792	-0.404	-0.1467
1.065	-0.35	-0.4119
1.317	-0.1895	-0.4863
1.628	-0.1383	-0.4008
1.792	-0.1187	-0.3956
1.839	0.04569	-0.3482
1.756	0.1809	-0.2639
1.529	0.1762	-0.1489
0.8664	0.1293	0.258
0.8781	0.1634	0.2048
0.7556	0.1582	0.1472
0.8232	0.1142	0.05181
0.7757	0.09381	-0.001811
0.7908	0.08726	-0.0119
0.8434	0.09019	-0.03695
0.8226	0.08852	-0.002657
0.9266	0.06245	0.07344
0.9097	0.04536	0.1394
0.855	0.04693	0.1872
0.8162	0.09119	0.1647
0.6827	0.175	0.117
0.6107	0.1993	0.07129
0.5134	0.1477	0.01581
0.4941	0.08969	0.01946
0.5635	0.03695	0.02835
0.5678	-0.04572	-0.04283
0.6431	-0.2131	-0.2361
0.8947	-0.5323	-0.4269
1.466	-0.8604	-0.3005
1.993	-0.8824	-0.1711
1.965	-0.6665	-0.4579
1.765	-0.4517	-0.6063
1.597	-0.2139	-0.259
1.264	-0.03881	0.1015
1.121	-0.01701	0.172
1.247	-0.05449	0.1275
1.206	-0.1235	0.1142
1.134	-0.2016	0.01892
1.108	-0.2329	-0.1197
0.9286	-0.1924	-0.1919
0.8016	-0.1365	-0.2437
0.6953	-0.08797	-0.2023
0.5943	-0.04225	-0.1523
0.6411	-0.09279	-0.1413
0.6353	-0.1584	-0.04186
0.616	-0.1912	0.005847
0.642	-0.2397	-0.006106
0.6389	-0.179	-0.03082
0.7486	-0.1154	-0.08294
1.059	-0.168	0.003579
1.393	-0.2317	0.08003
1.331	-0.3309	-0.02031
1.072	-0.3783	-0.08311
1.035	-0.2559	-0.02659
0.8914	-0.1253	0.05434
0.7643	-0.1043	0.1406
0.8427	-0.1102	0.1942
0.78	-0.07704	0.1321
0.7153	-0.0252	0.03684
0.6782	-0.0006542	0.001517
0.6532	-0.05529	0.006154
0.7498	-0.1649	0.05119
0.7475	-0.2536	0.05853
0.8171	-0.332	0.006538
0.9792	-0.404	-0.1467
1.065	-0.35	-0.4119
1.317	-0.1895	-0.4863
1.628	-0.1383	-0.4008
1.792	-0.1187	-0.3956
1.839	0.04569	-0.3482
1.756	0.1809	-0.2639
1.529	0.1762	-0.1489
1.292	0.1332	0.01098
1.193	0.1226	0.0004413
1.101	0.1136	-0.02331
0.998	0.06568	0.07707
0.8644	0.03993	0.0826
0.7122	0.03084	0.1329
0.7526	0.02776	0.2303
0.7687	0.04463	0.1672
0.6868	0.05498	0.1404
0.6669	0.1023	0.1318
0.6134	0.1509	0.0664
0.5911	0.1787	0.0913
0.6044	0.2279	0.09027
0.5976	0.2593	0.05485
0.6171	0.2696	0.06084
0.6552	0.2485	0.06855
0.7516	0.2107	0.1165
0.8464	0.1687	0.1137
0.8815	0.03614	0.009661
0.9413	-0.2155	-0.09916
1.136	-0.5033	-0.1171
1.5	-0.5866	-0.02617
1.809	-0.3675	0.01435
1.857	-0.1757	-0.02334
1.777	-0.165	-0.07804
1.648	-0.1105	-0.1376
1.315	-0.04442	-0.07791
0.9291	-0.0951	0.0984
0.9041	-0.1216	0.2494
1.04	-0.17	0.2733
0.9914	-0.2688	0.2187
0.9891	-0.2361	0.211
1.021	-0.2069	0.1513
0.9432	-0.2214	0.08048
0.9018	-0.1344	0.147
0.8088	-0.05435	0.1701
0.7112	-0.03057	0.1198
0.6775	-0.04149	0.1199
0.575	-0.03123	0.1298
0.578	0.02831	0.1519
0.6339	0.01842	0.163
0.6413	-0.02538	0.144
0.7356	-0.05678	0.1224
0.7453	-0.0661	0.09059
0.733	-0.02541	0.04853
0.8205	-0.005851	-0.08276
0.878	0.01495	-0.2211
1.166	-0.00492	-0.1705
1.686	-0.1249	-0.09468
1.918	-0.192	-0.1255
1.884	-0.1076	-0.1411
1.9	-0.0001076	-0.1675
1.731	-0.04093	-0.1641
1.311	-0.06316	-0.03169
1.05	0.03584	0.1401
0.9567	0.07378	0.2493
0.8557	0.1387	0.1738
0.8004	0.1913	0.0526
0.8396	0.1245	0.08524
0.9458	0.08102	0.07656
0.9643	-0.01486	0.04939
0.8754	-0.1063	0.07287
0.7669	-0.08341	0.04772
0.6868	-0.08317	0.06942
1.292	0.1332	0.01098
1.193	0.1226	0.0004413
1.101	0.1136	-0.02331
0.998	0.06568	0.07707
0.8644	0.03993	0.0826
0.7122	0.03084	0.1329
0.7526	0.02776	0.2303
0.7687	0.04463	0.1672
0.6868	0.05498	0.1404
0.6669	0.1023	0.1318
0.6134	0.1509	0.0664
0.5911	0.1787	0.0913
0.6044	0.2279	0.09027
0.5976	0.2593	0.05485
0.6171	0.2696	0.06084
0.6552	0.2485	0.06855
0.7516	0.2107	0.1165
0.8464	0.1687	0.1137
0.8815	0.03614	0.009661
0.9413	-0.2155	-0.09916
1.136	-0.5033	-0.1171
1.5	-0.5866	-0.02617
1.809	-0.3675	0.01435
1.857	-0.1757	-0.02334
1.777	-0.165	-0.07804
1.648	-0.1105	-0.1376
1.315	-0.04442	-0.07791
0.9291	-0.0951	0.0984
0.9041	-0.1216	0.2494
1.04	-0.17	0.2733
0.9914	-0.2688	0.2187
0.9891	-0.2361	0.211
1.021	-0.2069	0.1513
0.9432	-0.2214	0.08048
0.9018	-0.1344	0.147
0.8088	-0.05435	0.1701
0.7112	-0.03057	0.1198
0.6775	-0.04149	0.1199
0.575	-0.03123	0.1298
0.578	0.02831	0.1519
0.6339	0.01842	0.163
0.6413	-0.02538	0.144
0.7356	-0.05678	0.1224
0.7453	-0.0661	0.09059
0.733	-0.02541	0.04853
0.8205	-0.005851	-0.08276
0.878	0.01495	-0.2211
1.166	-0.00492	-0.1705
1.686	-0.1249	-0.09468
1.918	-0.192	-0.1255
1.884	-0.1076	-0.1411
1.9	-0.0001076	-0.1675
1.731	-0.04093	-0.1641
1.311	-0.06316	-0.03169
1.05	0.03584	0.1401
0.9567	0.07378	0.2493
0.8557	0.1387	0.1738
0.8004	0.1913	0.0526
0.8396	0.1245	0.08524
0.9458	0.08102	0.07656
0.9643	-0.01486	0.04939
0.8754	-0.1063	0.07287
0.7669	-0.08341	0.04772
0.6868	-0.08317	0.06942
0.6321	-0.055	0.0791
0.4889	0.0223	0.08238
0.4323	0.07102	0.1303
0.5278	0.123	0.1207
0.5715	0.2032	0.1319
0.6852	0.2476	0.1005
0.7904	0.177	-0.002344
0.7625	0.07228	-0.04343
0.8442	-0.1109	-0.07478
1.14	-0.399	-0.05841
1.641	-0.4716	0.00825
2.015	-0.2958	0.02882
1.98	-0.1822	0.02819
1.89	-0.2032	0.03412
1.714	-0.1795	0.08215
1.275	-0.08088	0.1465
1.034	-0.05314	0.1951
1	-0.0119	0.228
0.8525	0.03706	0.1668
0.7503	-0.03074	0.07427
0.7094	-0.06579	0.05349
0.6429	-0.09046	0.05553
0.652	-0.1519	0.08419
0.6657	-0.1364	0.1349
0.6552	-0.1232	0.1429
0.669	-0.1227	0.1322
0.6757	-0.1139	0.1413
0.7238	-0.1268	0.1398
0.7802	-0.1177	0.0901
0.7781	-0.1306	0.03073
0.7578	-0.1634	0.03244
0.7479	-0.1928	0.06789
0.7856	-0.2371	0.08805
0.8756	-0.2259	0.07208
1.042	-0.1322	-0.06805
1.337	-0.05422	-0.2599
1.668	-0.1275	-0.2765
1.878	-0.2348	-0.2344
1.918	-0.1734	-0.2766
1.825	-0.05571	-0.213
1.588	0.0231	-0.08927
1.277	0.02806	-0.02348
1.112	-0.01994	0.08926
1.059	0.04477	0.1455
0.9095	0.09835	0.09133
0.7826	0.07129	0.07028
0.791	0.07579	0.06372
0.7807	0.04029	0.05534
0.7501	0.04393	0.08159
0.7377	0.07646	0.1053
0.7133	0.04978	0.1121
0.7091	0.06812	0.1266
0.6701	0.06271	0.1444
0.6243	0.04798	0.1231
0.6078	0.07153	0.09527
0.5487	0.06386	0.1155
0.5214	0.08381	0.1246
0.5822	0.09067	0.0953
0.7137	0.09156	0.07745
0.8635	0.1102	0.05761
0.988	0.01876	-0.005447
1.184	-0.1591	-0.07762
1.517	-0.2999	-0.08375
1.89	-0.2994	-0.05753
0.6321	-0.055	0.0791
0.4889	0.0223	0.08238
0.4323	0.07102	0.1303
0.5278	0.123	0.1207
0.5715	0.2032	0.1319
0.6852	0.2476	0.1005
0.7904	0.177	-0.002344
0.7625	0.07228	-0.04343
0.8442	-0.1109	-0.07478
1.14	-0.399	-0.05841
1.641	-0.4716	0.00825
2.015	-0.2958	0.02882
1.98	-0.1822	0.02819
1.89	-0.2032	0.03412
1.714	-0.1795	0.08215
1.275	-0.08088	0.1465
1.034	-0.05314	0.1951
1	-0.0119	0.228
0.8525	0.03706	0.1668
0.7503	-0.03074	0.07427
0.7094	-0.06579	0.05349
0.6429	-0.09046	0.05553
0.652	-0.1519	0.08419
0.6657	-0.1364	0.1349
0.6552	-0.1232	0.1429
0.669	-0.1227	0.1322
0.6757	-0.1139	0.1413
0.7238	-0.1268	0.1398
0.7802	-0.1177	0.0901
0.7781	-0.1306	0.03073
0.7578	-0.1634	0.03244
0.7479	-0.1928	0.06789
0.7856	-0.2371	0.08805
0.8756	-0.2259	0.07208
1.042	-0.1322	-0.06805
1.337	-0.05422	-0.2599
1.668	-0.1275	-0.2765
1.878	-0.2348	-0.2344
1.918	-0.1734	-0.2766
1.825	-0.05571	-0.213
1.588	0.0231	-0.08927
1.277	0.02806	-0.02348
1.112	-0.01994	0.08926
1.059	0.04477	0.1455
0.9095	0.09835	0.09133
0.7826	0.07129	0.07028
0.791	0.07579	0.06372
0.7807	0.04029	0.05534
0.7501	0.04393	0.08159
0.7377	0.07646	0.1053
0.7133	0.04978	0.1121
0.7091	0.06812	0.1266
0.6701	0.06271	0.1444
0.6243	0.04798	0.1231
0.6078	0.07153	0.09527
0.5487	0.06386	0.1155
0.5214	0.08381	0.1246
0.5822	0.09067	0.0953
0.7137	0.09156	0.07745
0.8635	0.1102	0.05761
0.988	0.01876	-0.005447
1.184	-0.1591	-0.07762
1.517	-0.2999	-0.08375
1.89	-0.2994	-0.05753
1.987	-0.2434	-0.07639
1.807	-0.256	-0.06121
1.684	-0.2226	0.04392
1.479	-0.1581	0.1243
1.202	-0.09939	0.09055
1.086	-0.02537	0.04024
0.9439	-0.0435	0.09622
0.8193	-0.07742	0.1396
0.7667	-0.08037	0.1275
0.6714	-0.1073	0.1519
0.6508	-0.07548	0.1272
0.6358	-0.04156	0.08626
0.5893	-0.04426	0.08653
0.5991	-0.0468	0.08164
0.6254	-0.08255	0.1028
0.7127	-0.09056	0.0915
0.8111	-0.0976	0.07412
0.8713	-0.1467	0.08832
0.9079	-0.1714	0.06541
0.8795	-0.1759	0.05736
0.843	-0.166	0.04956
0.7409	-0.1547	0.0209
0.6035	-0.1114	-0.0465
0.7206	0.02264	-0.1691
1.169	0.08105	-0.1888
1.753	-0.1563	-0.1483
2.06	-0.3937	-0.1694
1.94	-0.1584	-0.1667
1.788	0.112	-0.1445
1.507	-0.006411	-0.1176
0.9818	-0.03384	-0.01141
0.8235	0.0402	0.144
0.8749	0.03595	0.2098
0.6839	0.1547	0.1662
0.5791	0.171	0.1647
0.5759	0.07381	0.2033
0.6101	0.05688	0.1872
0.7278	0.007672	0.1522
0.7349	0.02284	0.1021
0.7289	0.05687	0.07689
0.7258	0.01751	0.1007
0.6582	0.02815	0.07894
0.612	0.01663	0.05995
0.518	0.01187	0.07452
0.4594	0.04553	0.06179
0.6316	-0.001091	0.05589
1.138	-0.1402	0.04738
1.747	-0.3397	0.03399
1.944	-0.4012	-0.0255
1.883	-0.3298	-0.2156
1.902	-0.3639	-0.3557
1.783	-0.367	-0.2239
1.536	-0.2867	0.132
1.31	-0.2557	0.3862
1.19	-0.2096	0.1762
1.185	-0.1739	-0.1626
0.9633	-0.1628	-0.09787
0.7526	-0.1285	-0.01229
0.7608	-0.08973	-0.07802
0.6279	-0.04236	0.06161
0.6146	-0.03378	0.1451
0.7162	-0.04444	0.1161
0.7134	-0.05147	0.1746
0.8176	-0.09194	0.1672
