0.9984	-0.1855	0.02596
0.9976	-0.1862	0.02928
0.9984	-0.1855	0.03388
1.001	-0.1842	0.03803
1.007	-0.1857	0.03897
1.014	-0.1864	0.04085
1.016	-0.1844	0.04252
1.016	-0.1821	0.03877
1.017	-0.1809	0.03416
1.02	-0.1828	0.03181
1.023	-0.1862	0.03205
1.022	-0.1881	0.03205
1.019	-0.1891	0.03319
1.017	-0.1904	0.0418
1.02	-0.1909	0.04402
1.019	-0.1872	0.03382
1.016	-0.1844	0.03115
1.015	-0.185	0.03504
1.015	-0.1848	0.03307
1.012	-0.1844	0.03227
1.012	-0.1842	0.03429
1.014	-0.1852	0.03477
1.015	-0.1863	0.03609
1.015	-0.1865	0.03603
1.018	-0.189	0.03615
1.018	-0.1893	0.03743
1.014	-0.1871	0.03577
1.013	-0.1841	0.03544
1.014	-0.1819	0.03561
1.013	-0.1846	0.03503
1.014	-0.1847	0.0361
1.015	-0.1827	0.03518
1.015	-0.1856	0.03551
1.016	-0.1881	0.03667
1.017	-0.1889	0.03482
1.017	-0.1883	0.0336
1.017	-0.1893	0.03314
1.017	-0.1894	0.03384
1.016	-0.1814	0.03432
1.015	-0.1775	0.03398
1.016	-0.1823	0.03659
1.016	-0.1852	0.03793
1.014	-0.1871	0.03537
1.015	-0.1887	0.03516
1.015	-0.189	0.03772
1.014	-0.1899	0.03656
1.015	-0.1888	0.03539
1.015	-0.1853	0.03716
1.015	-0.1834	0.03543
1.015	-0.1852	0.0345
1.015	-0.1874	0.03512
1.015	-0.1869	0.0336
1.015	-0.1847	0.03336
1.014	-0.1823	0.03166
1.014	-0.1816	0.03158
1.016	-0.1817	0.0366
1.016	-0.1834	0.04105
1.016	-0.1893	0.04113
1.02	-0.1931	0.03695
1.021	-0.1916	0.03567
1.014	-0.1869	0.03642
1.012	-0.1831	0.03443
1.013	-0.1853	0.03211
1.013	-0.1874	0.02993
1.015	-0.1865	0.03155
1.016	-0.1866	0.03618
1.015	-0.1858	0.03834
1.016	-0.1852	0.03632
1.016	-0.1839	0.03211
1.015	-0.1827	0.03277
1.016	-0.1845	0.03607
1.015	-0.1821	0.03658
1.015	-0.1817	0.03686
1.015	-0.1878	0.03778
1.016	-0.189	0.03811
1.017	-0.1882	0.037
1.017	-0.1894	0.03667
1.017	-0.188	0.03696
1.014	-0.1862	0.0355
1.012	-0.1861	0.03306
1.015	-0.1882	0.03003
1.016	-0.1894	0.03096
1.015	-0.1861	0.03665
1.016	-0.1831	0.04027
1.016	-0.1824	0.03969
1.015	-0.1819	0.03691
1.016	-0.1832	0.03319
1.017	-0.1845	0.02912
1.014	-0.1882	0.03386
1.017	-0.1892	0.03501
1.014	-0.1876	0.03393
1.014	-0.1851	0.0345
1.015	-0.1831	0.03562
1.015	-0.1859	0.03586
1.015	-0.186	0.03751
1.015	-0.1838	0.03691
1.015	-0.1865	0.0373
1.016	-0.1887	0.03831
1.016	-0.1892	0.03614
1.017	-0.1884	0.03451
1.016	-0.1891	0.03361
1.016	-0.189	0.03388
1.015	-0.181	0.034
1.014	-0.177	0.03337
1.015	-0.1818	0.03581
1.016	-0.1847	0.03707
1.014	-0.1867	0.03452
1.015	-0.1884	0.03441
1.015	-0.1888	0.03711
1.015	-0.1898	0.03613
1.016	-0.1888	0.03514
1.016	-0.1854	0.03709
1.015	-0.1836	0.03552
1.016	-0.1854	0.03471
1.016	-0.1876	0.03542
1.015	-0.187	0.03394
1.015	-0.1848	0.03371
1.014	-0.1824	0.03198
1.014	-0.1817	0.03186
1.016	-0.1817	0.03681
1.016	-0.1834	0.04119
1.016	-0.1892	0.04119
1.02	-0.1931	0.03695
1.021	-0.1915	0.03561
1.014	-0.1869	0.03633
1.012	-0.183	0.03431
1.013	-0.1852	0.03198
1.013	-0.1874	0.02981
1.015	-0.1864	0.03144
1.016	-0.1866	0.03609
1.015	-0.1858	0.03828
1.016	-0.1852	0.03628
1.016	-0.1839	0.0321
1.016	-0.1828	0.03278
1.016	-0.1845	0.03609
1.015	-0.1821	0.03662
1.015	-0.1817	0.0369
1.015	-0.1878	0.03783
1.016	-0.189	0.03816
1.017	-0.1882	0.03704
1.017	-0.1894	0.0367
1.017	-0.188	0.03698
1.014	-0.1862	0.0355
1.012	-0.1861	0.03306
1.015	-0.1882	0.03002
1.016	-0.1894	0.03095
1.015	-0.1861	0.03663
1.016	-0.1831	0.04025
1.016	-0.1824	0.03967
1.015	-0.1819	0.0369
1.016	-0.1832	0.03318
1.017	-0.1845	0.02911
1.017	-0.1858	0.02977
1.014	-0.1885	0.03516
1.012	-0.189	0.03873
1.012	-0.1881	0.03964
1.014	-0.1867	0.03504
1.019	-0.1841	0.02917
1.021	-0.1851	0.03128
1.017	-0.1882	0.03719
1.016	-0.1884	0.04073
1.012	-0.185	0.04157
1.01	-0.182	0.0434
1.016	-0.1817	0.04161
1.018	-0.1814	0.03251
1.015	-0.184	0.02844
1.016	-0.1886	0.02977
1.017	-0.1899	0.03283
1.016	-0.1904	0.03563
1.014	-0.1892	0.03067
1.013	-0.1886	0.02972
1.014	-0.19	0.03489
1.014	-0.1889	0.03474
1.015	-0.1858	0.03631
1.017	-0.1792	0.0392
1.015	-0.1755	0.03845
1.015	-0.1795	0.03779
1.016	-0.1846	0.03704
1.017	-0.189	0.03759
1.019	-0.1893	0.03731
1.017	-0.1877	0.03406
1.014	-0.1879	0.03415
1.013	-0.1866	0.03761
1.014	-0.188	0.03767
1.015	-0.1881	0.03325
1.014	-0.1848	0.03058
1.014	-0.1826	0.02943
1.016	-0.1808	0.0286
1.016	-0.186	0.03741
1.017	-0.1925	0.04565
1.016	-0.1924	0.04094
1.013	-0.1902	0.03876
1.012	-0.18	0.03843
1.013	-0.1736	0.03224
1.016	-0.1831	0.02883
1.017	-0.1898	0.02867
1.016	-0.1907	0.03305
1.018	-0.1921	0.03718
1.016	-0.1887	0.03475
1.016	-0.1839	0.03505
1.016	-0.1817	0.03493
1.016	-0.1817	0.0335
1.016	-0.1827	0.03733
1.014	-0.1837	0.03813
1.013	-0.1873	0.03618
1.014	-0.1898	0.03618
1.014	-0.1892	0.03712
1.015	-0.1882	0.04056
1.017	-0.1869	0.03962
1.016	-0.1849	0.03155
1.015	-0.1835	0.02966
1.014	-0.1859	0.03745
1.014	-0.1868	0.03865
1.015	-0.1815	0.03131
1.018	-0.1811	0.03025
1.018	-0.1867	0.03496
1.02	-0.1802	0.03622
1.015	-0.1878	0.03712
1.011	-0.1912	0.03795
1.011	-0.1916	0.03744
1.012	-0.1902	0.03238
1.018	-0.1871	0.02669
1.02	-0.1871	0.02936
1.017	-0.189	0.03601
1.016	-0.1881	0.04031
1.012	-0.1839	0.04181
1.01	-0.1803	0.04417
1.017	-0.1797	0.04272
1.019	-0.1793	0.03377
1.016	-0.1821	0.02969
1.017	-0.187	0.03088
1.018	-0.1887	0.0337
1.016	-0.1897	0.03622
1.014	-0.189	0.03097
1.013	-0.1889	0.02973
1.014	-0.1906	0.03467
1.014	-0.1897	0.03434
1.015	-0.1867	0.03579
1.016	-0.1802	0.03864
1.015	-0.1764	0.0379
1.015	-0.1802	0.0373
1.016	-0.1852	0.03665
1.017	-0.1894	0.03731
1.019	-0.1894	0.03715
1.017	-0.1877	0.03401
1.014	-0.1877	0.0342
1.013	-0.1863	0.03774
1.014	-0.1876	0.03786
1.015	-0.1877	0.03346
1.014	-0.1845	0.0308
1.015	-0.1823	0.02963
1.016	-0.1806	0.02877
1.016	-0.1859	0.03754
1.017	-0.1924	0.04573
1.016	-0.1924	0.04099
1.013	-0.1903	0.03876
1.012	-0.1801	0.03839
1.012	-0.1737	0.03219
1.016	-0.1832	0.02876
1.017	-0.1899	0.02859
1.016	-0.1908	0.03297
1.018	-0.1922	0.03711
1.016	-0.1888	0.03469
1.016	-0.184	0.03501
1.016	-0.1817	0.03491
1.016	-0.1817	0.03349
1.016	-0.1827	0.03734
1.014	-0.1837	0.03814
1.013	-0.1872	0.0362
1.014	-0.1897	0.0362
1.014	-0.1892	0.03715
1.015	-0.1882	0.04058
1.017	-0.1869	0.03964
1.016	-0.1849	0.03157
1.015	-0.1834	0.02967
1.014	-0.1859	0.03745
1.014	-0.1868	0.03865
1.015	-0.1815	0.03131
1.018	-0.1811	0.03025
1.018	-0.1867	0.03495
1.016	-0.1883	0.03863
1.016	-0.1874	0.03629
1.016	-0.1869	0.03044
1.014	-0.1855	0.03293
1.013	-0.1842	0.03735
1.014	-0.1827	0.03779
1.014	-0.1852	0.0388
1.012	-0.193	0.03744
1.011	-0.1948	0.03686
1.015	-0.1898	0.03513
1.022	-0.1875	0.03066
1.025	-0.1853	0.03066
1.02	-0.1821	0.03177
1.01	-0.18	0.03563
1.006	-0.1789	0.04019
1.011	-0.1825	0.03763
1.017	-0.1878	0.03498
1.018	-0.1895	0.03441
1.018	-0.1901	0.03472
1.017	-0.1891	0.03493
1.016	-0.1861	0.03408
1.015	-0.1814	0.03887
1.012	-0.1775	0.04221
1.012	-0.1803	0.0395
1.016	-0.1843	0.03751
1.017	-0.1866	0.03108
1.016	-0.1894	0.02719
1.016	-0.1894	0.03315
1.017	-0.19	0.03665
1.016	-0.1903	0.03713
1.015	-0.1891	0.03586
1.015	-0.1897	0.03163
1.015	-0.1868	0.03027
1.018	-0.1849	0.03065
1.018	-0.1855	0.03548
1.016	-0.1833	0.04151
1.014	-0.1833	0.04043
1.012	-0.1818	0.03955
1.015	-0.1813	0.03689
1.017	-0.1868	0.03271
1.016	-0.1887	0.03516
1.012	-0.1881	0.03414
1.009	-0.1884	0.0323
1.013	-0.1862	0.03573
1.019	-0.1843	0.03372
1.022	-0.1846	0.03166
1.021	-0.1841	0.03503
1.015	-0.182	0.03891
1.012	-0.1823	0.0419
1.013	-0.1859	0.04008
1.013	-0.1886	0.03695
1.015	-0.1889	0.03416
1.017	-0.1905	0.02871
1.015	-0.1907	0.02911
1.017	-0.186	0.03559
1.017	-0.1837	0.0377
1.015	-0.1847	0.03523
1.015	-0.1836	0.0346
1.015	-0.1833	0.03608
1.015	-0.185	0.03635
1.015	-0.1864	0.03691
1.016	-0.1875	0.03695
1.016	-0.1875	0.03523
1.014	-0.1863	0.03426
1.011	-0.1883	0.04268
1.014	-0.1868	0.03464
1.017	-0.1855	0.02636
1.017	-0.1836	0.02854
1.016	-0.1818	0.03384
1.017	-0.1803	0.03572
1.016	-0.1831	0.03825
1.013	-0.1914	0.0382
1.012	-0.1938	0.03859
1.015	-0.1895	0.03741
1.022	-0.1877	0.03309
1.024	-0.1861	0.03291
1.019	-0.1832	0.03358
1.009	-0.1814	0.03686
1.005	-0.1803	0.04078
1.011	-0.1839	0.03762
1.016	-0.1889	0.03445
1.017	-0.1904	0.03349
1.018	-0.1907	0.03355
1.017	-0.1894	0.03367
1.017	-0.1861	0.03286
1.016	-0.1811	0.03779
1.012	-0.1771	0.04135
1.013	-0.1797	0.03891
1.016	-0.1837	0.0372
1.017	-0.186	0.03103
1.016	-0.1889	0.02737
1.016	-0.189	0.0335
1.017	-0.1896	0.03712
1.016	-0.1901	0.03765
1.015	-0.1891	0.03638
1.014	-0.1897	0.03211
1.015	-0.187	0.03067
1.017	-0.1851	0.03095
1.018	-0.1857	0.03567
1.016	-0.1836	0.04159
1.013	-0.1835	0.04041
1.012	-0.182	0.03945
1.015	-0.1814	0.03674
1.017	-0.1869	0.03253
1.016	-0.1888	0.03497
1.012	-0.1881	0.03396
1.009	-0.1883	0.03214
1.013	-0.1861	0.03561
1.019	-0.1843	0.03363
1.022	-0.1846	0.03161
1.021	-0.184	0.03502
1.015	-0.182	0.03893
1.012	-0.1822	0.04194
1.013	-0.1859	0.04014
1.013	-0.1886	0.03702
1.015	-0.1889	0.03423
1.016	-0.1905	0.02878
1.015	-0.1907	0.02917
1.017	-0.186	0.03563
1.017	-0.1837	0.03773
1.015	-0.1848	0.03524
1.015	-0.1836	0.0346
1.015	-0.1833	0.03607
1.015	-0.1851	0.03633
1.015	-0.1864	0.03688
1.016	-0.1875	0.03692
1.016	-0.1875	0.03521
1.014	-0.1863	0.03423
1.013	-0.1855	0.03407
1.014	-0.1857	0.03358
1.016	-0.1867	0.03442
1.017	-0.1875	0.03907
1.015	-0.1879	0.03927
1.014	-0.1861	0.03431
1.016	-0.1823	0.03294
1.016	-0.1826	0.03101
1.016	-0.1854	0.03166
1.016	-0.1862	0.03386
1.015	-0.1864	0.03313
1.015	-0.1855	0.03542
1.015	-0.1843	0.03647
1.016	-0.1842	0.04193
1.017	-0.1862	0.04661
1.016	-0.1883	0.03817
1.015	-0.1879	0.0337
1.014	-0.1881	0.03283
1.015	-0.189	0.02915
1.016	-0.1876	0.03079
1.016	-0.1844	0.03484
1.016	-0.1827	0.0366
1.015	-0.1849	0.03544
1.015	-0.1854	0.03678
1.015	-0.1843	0.0376
1.015	-0.1865	0.03559
1.014	-0.1866	0.0379
1.014	-0.1859	0.03683
1.016	-0.1875	0.03233
1.017	-0.1894	0.03103
1.016	-0.189	0.03156
1.016	-0.1823	0.03512
1.015	-0.1781	0.03651
1.014	-0.1818	0.0353
1.016	-0.1829	0.03643
1.017	-0.1848	0.03893
1.017	-0.1897	0.0392
1.016	-0.1909	0.03461
1.015	-0.1917	0.03181
1.015	-0.1912	0.03269
1.015	-0.1888	0.03326
1.015	-0.1864	0.03459
1.016	-0.1823	0.03498
1.015	-0.1817	0.03658
1.014	-0.1815	0.04104
1.014	-0.1814	0.04219
1.015	-0.1862	0.0392
1.016	-0.1872	0.03515
1.015	-0.1864	0.03163
1.015	-0.1878	0.03006
1.016	-0.1863	0.0311
1.017	-0.1859	0.03478
1.017	-0.187	0.03633
1.016	-0.1869	0.03257
1.017	-0.1863	0.03123
1.016	-0.186	0.03365
1.014	-0.1873	0.03399
1.014	-0.1863	0.03702
1.013	-0.1835	0.04041
1.013	-0.1832	0.0389
1.015	-0.1856	0.03972
1.017	-0.1888	0.03919
1.016	-0.1878	0.03518
1.017	-0.1843	0.03379
1.015	-0.1812	0.03417
1.015	-0.1837	0.03362
1.016	-0.1865	0.03418
1.017	-0.1885	0.03847
1.014	-0.1897	0.03836
1.013	-0.1881	0.03319
1.015	-0.1843	0.03174
1.015	-0.1843	0.02987
1.015	-0.1867	0.03068
1.015	-0.187	0.03311
1.015	-0.1866	0.03267
1.015	-0.1853	0.03525
1.015	-0.1837	0.03657
1.016	-0.1834	0.04225
1.017	-0.1853	0.04709
1.016	-0.1874	0.03875
1.015	-0.187	0.03431
1.014	-0.1874	0.03342
1.015	-0.1885	0.02966
1.016	-0.1872	0.03119
1.016	-0.1843	0.03512
1.016	-0.1827	0.03675
1.015	-0.1851	0.03547
1.014	-0.1857	0.03671
1.015	-0.1847	0.03745
1.015	-0.1868	0.03539
1.013	-0.187	0.03767
1.014	-0.1862	0.0366
1.016	-0.1878	0.03212
1.017	-0.1895	0.03085
1.016	-0.1891	0.03143
1.016	-0.1824	0.03504
1.015	-0.1781	0.03647
1.014	-0.1818	0.0353
1.016	-0.1828	0.03647
1.017	-0.1846	0.039
1.017	-0.1896	0.03928
1.016	-0.1908	0.03469
1.015	-0.1916	0.03189
1.015	-0.1911	0.03276
1.015	-0.1887	0.03332
1.015	-0.1864	0.03463
1.016	-0.1823	0.035
1.015	-0.1818	0.03658
1.014	-0.1815	0.04103
1.014	-0.1815	0.04217
1.015	-0.1863	0.03917
1.016	-0.1873	0.03512
1.015	-0.1865	0.0316
1.015	-0.1878	0.03003
1.016	-0.1863	0.03107
1.017	-0.1859	0.03476
1.017	-0.187	0.03632
1.016	-0.1869	0.03257
1.017	-0.1863	0.03123
1.016	-0.186	0.03365
1.014	-0.1873	0.034
1.014	-0.1863	0.03703
1.013	-0.1835	0.04042
1.013	-0.1832	0.03891
1.015	-0.1856	0.03973
1.017	-0.1887	0.0392
1.016	-0.1877	0.03519
1.017	-0.1843	0.0338
1.016	-0.1836	0.03294
1.014	-0.1842	0.03599
1.015	-0.1845	0.03816
1.017	-0.186	0.03378
1.016	-0.188	0.03324
1.014	-0.1874	0.03364
1.013	-0.1847	0.03223
1.014	-0.1846	0.03351
1.016	-0.1881	0.03362
1.016	-0.1896	0.03464
1.016	-0.1869	0.03453
1.016	-0.1866	0.03164
1.016	-0.187	0.03373
1.016	-0.1857	0.03873
1.016	-0.1862	0.04183
1.017	-0.1846	0.0406
1.017	-0.1832	0.03764
1.013	-0.1838	0.03763
1.011	-0.1815	0.03595
1.011	-0.1824	0.03488
1.012	-0.1867	0.03461
1.018	-0.1885	0.03185
1.021	-0.1892	0.03316
1.019	-0.1902	0.03407
1.019	-0.1899	0.03223
1.018	-0.1867	0.03315
1.014	-0.184	0.03308
1.012	-0.1815	0.03379
1.011	-0.1804	0.03834
1.013	-0.1865	0.04236
1.017	-0.1904	0.03916
1.016	-0.1884	0.03327
1.015	-0.1864	0.03587
1.013	-0.1823	0.03652
1.013	-0.1828	0.03271
1.016	-0.1877	0.03333
1.017	-0.1877	0.0305
1.017	-0.1873	0.03145
1.016	-0.1869	0.0392
1.016	-0.1852	0.03947
1.016	-0.1855	0.03601
1.014	-0.1838	0.03547
1.017	-0.1841	0.03874
1.019	-0.1869	0.03752
1.018	-0.1855	0.02777
1.017	-0.1867	0.02761
1.014	-0.1897	0.03883
1.013	-0.188	0.04262
1.012	-0.1832	0.03761
1.013	-0.1792	0.03717
1.016	-0.1818	0.03642
1.017	-0.1864	0.03226
1.016	-0.1887	0.03584
1.014	-0.1906	0.03617
1.015	-0.1897	0.03228
1.015	-0.1892	0.03363
1.012	-0.1886	0.03189
1.013	-0.1869	0.03206
1.018	-0.1868	0.03412
1.02	-0.1829	0.03307
1.016	-0.1808	0.03596
1.014	-0.1818	0.04009
1.015	-0.1813	0.04249
1.015	-0.1856	0.04121
1.019	-0.1918	0.03067
1.015	-0.1866	0.03545
1.016	-0.1837	0.03861
1.017	-0.1838	0.03466
1.015	-0.1857	0.03418
1.013	-0.1856	0.03439
1.012	-0.1837	0.03267
1.013	-0.1845	0.0336
1.015	-0.1887	0.03338
1.015	-0.1908	0.03414
1.016	-0.1884	0.03387
1.016	-0.1881	0.03089
1.016	-0.1884	0.033
1.016	-0.1868	0.03809
1.016	-0.187	0.04132
1.017	-0.185	0.04025
1.017	-0.1832	0.03747
1.014	-0.1834	0.03761
1.011	-0.1809	0.03607
1.011	-0.1817	0.0351
1.012	-0.1859	0.03491
1.018	-0.1877	0.03217
1.021	-0.1885	0.03348
1.019	-0.1896	0.03435
1.019	-0.1895	0.03247
1.018	-0.1865	0.03332
1.014	-0.184	0.03319
1.012	-0.1816	0.03383
1.011	-0.1806	0.03832
1.013	-0.1868	0.04229
1.017	-0.1907	0.03906
1.016	-0.1887	0.03315
1.015	-0.1866	0.03575
1.013	-0.1826	0.0364
1.013	-0.183	0.03261
1.016	-0.1878	0.03325
1.017	-0.1878	0.03045
1.017	-0.1873	0.03143
1.016	-0.1868	0.03919
1.016	-0.1851	0.03948
1.016	-0.1854	0.03604
1.014	-0.1837	0.03551
1.017	-0.184	0.03878
1.019	-0.1868	0.03756
1.018	-0.1855	0.02781
1.017	-0.1866	0.02764
1.014	-0.1897	0.03885
1.013	-0.188	0.04264
1.012	-0.1832	0.03761
1.013	-0.1792	0.03717
1.016	-0.1819	0.03641
1.017	-0.1865	0.03224
1.016	-0.1887	0.03582
1.014	-0.1906	0.03615
1.015	-0.1897	0.03226
1.015	-0.1892	0.03361
1.012	-0.1886	0.03188
1.013	-0.1869	0.03205
1.018	-0.1868	0.03412
1.02	-0.1829	0.03307
1.016	-0.1808	0.03597
1.014	-0.1818	0.04009
1.015	-0.1813	0.0425
1.015	-0.1856	0.04121
1.016	-0.1878	0.03581
1.017	-0.184	0.03251
1.019	-0.1847	0.0319
1.02	-0.1879	0.0332
1.012	-0.1891	0.03608
1.011	-0.1897	0.03748
1.016	-0.1907	0.03539
1.016	-0.1893	0.03316
1.014	-0.1839	0.03305
1.012	-0.1815	0.03177
1.012	-0.1825	0.03215
1.013	-0.1832	0.03595
1.015	-0.1862	0.03733
1.017	-0.1867	0.03739
1.017	-0.1842	0.04146
1.017	-0.1858	0.04336
1.017	-0.1861	0.03793
1.016	-0.1859	0.03166
1.018	-0.1892	0.02773
1.018	-0.1889	0.02851
1.016	-0.1876	0.03197
1.015	-0.1861	0.03428
1.014	-0.1841	0.03761
1.014	-0.1855	0.03732
1.015	-0.1864	0.03743
1.014	-0.1878	0.03766
1.014	-0.1878	0.03265
1.014	-0.1843	0.03444
1.014	-0.1832	0.03768
1.015	-0.1835	0.03739
1.015	-0.1838	0.03946
1.016	-0.1832	0.03868
1.016	-0.1836	0.03766
1.016	-0.1878	0.03544
1.017	-0.1893	0.03448
1.016	-0.1872	0.03488
1.015	-0.1843	0.02782
1.015	-0.1827	0.02704
1.015	-0.1859	0.03487
1.016	-0.1905	0.037
1.016	-0.1908	0.0361
1.016	-0.1871	0.03527
1.016	-0.1855	0.03339
1.015	-0.1871	0.03499
1.016	-0.1878	0.04011
1.016	-0.187	0.03974
1.016	-0.1841	0.03578
1.015	-0.1823	0.03383
1.014	-0.1834	0.03096
1.014	-0.1832	0.03251
1.014	-0.1835	0.03924
1.015	-0.1847	0.04121
1.014	-0.185	0.0377
1.014	-0.187	0.03662
1.016	-0.1878	0.03707
1.016	-0.186	0.03402
1.016	-0.1863	0.03337
1.019	-0.1886	0.03299
1.019	-0.1894	0.03026
1.016	-0.1874	0.03238
1.015	-0.1842	0.0356
1.015	-0.1834	0.03682
1.014	-0.1851	0.03592
1.014	-0.1861	0.03507
1.01	-0.1918	0.03529
1.013	-0.1844	0.03411
1.017	-0.1828	0.03462
1.02	-0.185	0.0363
1.014	-0.1859	0.03903
1.013	-0.1868	0.03996
1.019	-0.1884	0.03721
1.019	-0.1877	0.03427
1.016	-0.1832	0.03347
1.014	-0.1815	0.03162
1.013	-0.183	0.03154
1.014	-0.184	0.03506
1.015	-0.1873	0.03629
1.016	-0.1879	0.03634
1.016	-0.1853	0.04051
1.017	-0.1867	0.04257
1.016	-0.1868	0.03736
1.015	-0.1864	0.03133
1.017	-0.1894	0.02762
1.018	-0.1889	0.02859
1.016	-0.1874	0.0322
1.015	-0.1857	0.03462
1.014	-0.1837	0.038
1.014	-0.185	0.03773
1.015	-0.186	0.0378
1.014	-0.1874	0.03797
1.014	-0.1875	0.03289
1.014	-0.1841	0.03459
1.014	-0.1831	0.03774
1.015	-0.1835	0.03738
1.015	-0.1839	0.03938
1.016	-0.1833	0.03856
1.016	-0.1838	0.03751
1.016	-0.188	0.03528
1.017	-0.1895	0.03433
1.016	-0.1874	0.03474
1.015	-0.1844	0.02771
1.015	-0.1827	0.02697
1.015	-0.186	0.03483
1.016	-0.1906	0.03699
1.016	-0.1908	0.03612
1.016	-0.187	0.0353
1.016	-0.1854	0.03344
1.015	-0.187	0.03505
1.016	-0.1877	0.04017
1.016	-0.1869	0.03979
1.016	-0.184	0.03582
1.015	-0.1823	0.03387
1.015	-0.1834	0.03098
1.014	-0.1832	0.03252
1.014	-0.1835	0.03923
1.015	-0.1847	0.0412
1.014	-0.185	0.03768
1.014	-0.1871	0.0366
1.016	-0.1879	0.03705
1.016	-0.186	0.034
1.016	-0.1863	0.03335
1.019	-0.1886	0.03297
1.019	-0.1894	0.03025
1.016	-0.1874	0.03237
1.015	-0.1842	0.0356
1.015	-0.1834	0.03682
1.014	-0.1851	0.03593
1.014	-0.1861	0.03508
1.014	-0.1866	0.03589
1.013	-0.1877	0.03175
1.013	-0.1869	0.03246
1.013	-0.1861	0.04371
1.013	-0.187	0.04677
1.015	-0.1862	0.03679
1.016	-0.186	0.02787
1.017	-0.1875	0.02521
1.02	-0.185	0.02776
1.022	-0.1792	0.04042
1.02	-0.1782	0.04861
1.015	-0.1833	0.03884
1.012	-0.1855	0.03099
1.013	-0.186	0.02809
1.015	-0.1887	0.0269
1.016	-0.1904	0.03679
1.014	-0.1921	0.04236
1.013	-0.1914	0.03898
1.012	-0.1886	0.03846
1.011	-0.1856	0.03652
1.015	-0.1821	0.03432
1.018	-0.1822	0.03471
1.017	-0.1839	0.03461
1.018	-0.1875	0.03423
1.017	-0.1901	0.0333
1.016	-0.1844	0.03361
1.017	-0.1832	0.03394
1.016	-0.187	0.03394
1.015	-0.1871	0.03559
1.014	-0.1862	0.03637
1.013	-0.1796	0.03917
1.014	-0.1769	0.03981
1.014	-0.1859	0.0338
1.014	-0.1891	0.03296
1.015	-0.1884	0.03641
1.013	-0.1914	0.03559
1.015	-0.1898	0.0329
1.02	-0.1875	0.0316
1.022	-0.187	0.0324
1.018	-0.1846	0.03404
1.014	-0.1846	0.03818
1.014	-0.1869	0.04032
1.013	-0.1872	0.03645
1.014	-0.1845	0.03595
1.017	-0.1825	0.03748
1.014	-0.1836	0.03576
1.014	-0.1838	0.0347
1.013	-0.1847	0.03342
1.014	-0.1882	0.03315
1.017	-0.1888	0.03498
1.017	-0.1857	0.03467
1.017	-0.1833	0.03284
1.017	-0.1857	0.0333
1.017	-0.1864	0.03803
1.017	-0.181	0.0422
1.016	-0.1807	0.04041
1.013	-0.1867	0.0363
1.012	-0.1905	0.03293
1.012	-0.1926	0.03112
1.012	-0.1941	0.03193
1.015	-0.1931	0.03201
1.017	-0.1901	0.03158
1.017	-0.1856	0.03233
1.018	-0.1815	0.03352
1.014	-0.1606	0.04628
1.015	-0.1792	0.03567
1.016	-0.1885	0.0327
1.015	-0.1925	0.04218
1.014	-0.1947	0.04472
1.015	-0.193	0.03495
1.016	-0.1909	0.02659
1.016	-0.19	0.0246
1.018	-0.1853	0.02777
1.02	-0.1777	0.04091
1.018	-0.1756	0.04939
1.014	-0.18	0.03974
1.011	-0.1822	0.03184
1.012	-0.1831	0.02879
1.015	-0.1864	0.02737
1.016	-0.1889	0.03701
1.015	-0.1914	0.04233
1.014	-0.1916	0.03874
1.013	-0.1894	0.03806
1.012	-0.1869	0.03603
1.016	-0.1837	0.0338
1.019	-0.1839	0.0342
1.018	-0.1855	0.03418
1.018	-0.1889	0.03389
1.018	-0.1911	0.03307
1.016	-0.1851	0.03351
1.017	-0.1835	0.03395
1.016	-0.187	0.03404
1.015	-0.1868	0.03576
1.014	-0.1856	0.03659
1.013	-0.1789	0.0394
1.014	-0.1762	0.04004
1.013	-0.1852	0.03401
1.014	-0.1885	0.03313
1.015	-0.1879	0.03653
1.013	-0.191	0.03567
1.015	-0.1896	0.03293
1.02	-0.1874	0.03159
1.022	-0.1871	0.03235
1.018	-0.1848	0.03398
1.014	-0.1848	0.0381
1.014	-0.1872	0.04023
1.013	-0.1875	0.03637
1.015	-0.1848	0.03588
1.017	-0.1827	0.03743
1.014	-0.1837	0.03572
1.014	-0.1839	0.03468
1.013	-0.1847	0.03342
1.014	-0.1882	0.03316
1.017	-0.1888	0.035
1.017	-0.1856	0.0347
1.017	-0.1832	0.03287
1.017	-0.1856	0.03333
1.017	-0.1863	0.03806
1.017	-0.181	0.04222
1.016	-0.1806	0.04042
1.013	-0.1866	0.03631
1.013	-0.1905	0.03293
1.012	-0.1926	0.03112
1.012	-0.1941	0.03193
1.015	-0.1931	0.032
1.017	-0.1901	0.03157
1.017	-0.1856	0.03232
1.018	-0.1815	0.03351
1.016	-0.1807	0.0391
1.013	-0.1776	0.04329
1.014	-0.1754	0.0388
1.015	-0.1807	0.03461
1.017	-0.1838	0.03347
1.019	-0.1848	0.03417
1.016	-0.1898	0.037
1.016	-0.1959	0.03785
1.016	-0.1967	0.0381
1.014	-0.1866	0.03544
1.014	-0.182	0.03297
1.013	-0.1875	0.03626
1.015	-0.1865	0.03632
1.016	-0.1853	0.03463
1.015	-0.1865	0.03438
1.015	-0.1847	0.03263
1.016	-0.1849	0.03351
1.015	-0.1846	0.0336
1.014	-0.1833	0.03211
1.013	-0.1843	0.03254
1.013	-0.1863	0.03384
1.014	-0.1874	0.03802
1.019	-0.1854	0.04037
1.021	-0.1849	0.03625
1.017	-0.1867	0.03203
1.015	-0.1866	0.0333
1.017	-0.1862	0.03675
1.014	-0.1854	0.03866
1.014	-0.1859	0.04051
1.014	-0.187	0.03879
1.013	-0.1828	0.03621
1.015	-0.1815	0.03814
1.015	-0.1866	0.03681
1.016	-0.1881	0.03341
1.018	-0.1879	0.03138
1.016	-0.1889	0.02826
1.013	-0.1878	0.02983
1.013	-0.1862	0.0337
1.014	-0.1847	0.03464
1.014	-0.1846	0.0359
1.014	-0.1876	0.03745
1.017	-0.1899	0.03878
1.018	-0.1902	0.03936
1.017	-0.1875	0.03802
1.017	-0.1825	0.03508
1.016	-0.1802	0.03295
1.016	-0.179	0.03362
1.016	-0.1794	0.03419
1.015	-0.1872	0.03523
1.015	-0.1916	0.03648
1.014	-0.1862	0.03576
1.013	-0.1846	0.03653
1.014	-0.1868	0.03639
1.014	-0.1877	0.0344
1.016	-0.1893	0.03457
1.018	-0.1872	0.03511
1.016	-0.1857	0.03539
1.014	-0.1867	0.03505
1.015	-0.185	0.03425
1.016	-0.1848	0.03467
1.017	-0.1861	0.036
1.015	-0.1873	0.03736
1.014	-0.1872	0.0361
1.015	-0.1837	0.03491
1.019	-0.1933	0.03664
1.013	-0.1834	0.03841
1.012	-0.177	0.03335
1.013	-0.1799	0.02979
1.016	-0.1818	0.02994
1.017	-0.1826	0.03218
1.016	-0.1878	0.03652
1.016	-0.1944	0.03866
1.017	-0.1959	0.03985
1.015	-0.1864	0.03777
1.015	-0.1822	0.03551
1.015	-0.188	0.03869
1.017	-0.1872	0.0384
1.017	-0.186	0.03621
1.015	-0.1872	0.03538
1.015	-0.1851	0.03304
1.016	-0.1852	0.03339
1.015	-0.1847	0.03304
1.013	-0.1832	0.03124
1.012	-0.1841	0.03149
1.012	-0.186	0.03273
1.013	-0.187	0.03697
1.018	-0.1851	0.03946
1.021	-0.1845	0.03555
1.016	-0.1864	0.03157
1.015	-0.1864	0.03307
1.017	-0.1861	0.03673
1.014	-0.1854	0.03883
1.015	-0.186	0.04082
1.015	-0.1871	0.03918
1.014	-0.1829	0.03664
1.016	-0.1817	0.03856
1.016	-0.1868	0.03719
1.016	-0.1883	0.03372
1.018	-0.188	0.03161
1.016	-0.189	0.02839
1.013	-0.1879	0.02988
1.013	-0.1863	0.03368
1.014	-0.1847	0.03456
1.014	-0.1845	0.03577
1.014	-0.1875	0.03729
1.017	-0.1899	0.03862
1.018	-0.1901	0.03922
1.017	-0.1875	0.03789
1.017	-0.1824	0.03498
1.016	-0.1801	0.03289
1.016	-0.179	0.03359
1.016	-0.1794	0.03418
1.015	-0.1872	0.03525
1.015	-0.1916	0.03652
1.014	-0.1862	0.03581
1.013	-0.1846	0.03659
1.014	-0.1868	0.03645
1.014	-0.1877	0.03445
1.016	-0.1893	0.03462
1.018	-0.1872	0.03514
1.016	-0.1857	0.03541
1.014	-0.1867	0.03505
1.015	-0.185	0.03425
1.016	-0.1848	0.03466
1.017	-0.1861	0.03599
1.015	-0.1872	0.03734
1.014	-0.1872	0.03608
1.015	-0.1837	0.03489
1.015	-0.1834	0.03597
1.015	-0.1858	0.03514
1.016	-0.1857	0.03448
1.015	-0.1842	0.03529
1.016	-0.1833	0.03394
1.016	-0.1854	0.03311
1.015	-0.1875	0.03473
1.015	-0.1878	0.03498
1.016	-0.1872	0.03446
1.017	-0.1873	0.03384
1.016	-0.1902	0.03381
1.014	-0.1898	0.03909
1.014	-0.1838	0.04158
1.015	-0.1818	0.03804
1.016	-0.1847	0.03946
1.015	-0.1848	0.03893
1.015	-0.1842	0.03256
1.016	-0.1859	0.03138
1.017	-0.186	0.03238
1.017	-0.1869	0.03134
1.015	-0.1874	0.0308
1.014	-0.1844	0.03029
1.015	-0.1845	0.0321
1.014	-0.1858	0.03742
1.014	-0.1847	0.0414
1.015	-0.1861	0.04056
1.016	-0.1881	0.03779
1.018	-0.1887	0.03485
1.017	-0.1903	0.03311
1.015	-0.1878	0.03743
1.014	-0.1808	0.03987
1.015	-0.1794	0.03546
1.015	-0.1837	0.03511
1.015	-0.1845	0.03515
1.014	-0.186	0.035
1.014	-0.1911	0.03931
1.016	-0.1923	0.0336
1.019	-0.194	0.02485
1.02	-0.1935	0.02811
1.015	-0.1807	0.0333
1.012	-0.1725	0.03679
1.013	-0.1767	0.0385
1.015	-0.1805	0.03791
1.016	-0.1853	0.03824
1.015	-0.1883	0.03791
1.014	-0.1892	0.03922
1.014	-0.1931	0.03821
1.016	-0.1921	0.03219
1.018	-0.1891	0.03103
1.018	-0.1869	0.03434
1.018	-0.1839	0.03577
1.016	-0.1836	0.03547
1.012	-0.1796	0.03531
1.01	-0.1791	0.03559
1.014	-0.1876	0.03629
1.016	-0.1902	0.03769
1.017	-0.1891	0.03723
1.018	-0.1892	0.03514
1.016	-0.1874	0.03305
1.016	-0.1867	0.03205
1.016	-0.1862	0.03455
1.015	-0.1815	0.0373
1.015	-0.1795	0.03665
1.016	-0.1854	0.03361
1.01	-0.184	0.03281
1.014	-0.1882	0.03364
1.017	-0.1886	0.0344
1.017	-0.1868	0.03627
1.018	-0.1852	0.0356
1.017	-0.1864	0.03507
1.016	-0.1877	0.03668
1.015	-0.1872	0.03667
1.016	-0.1862	0.03574
1.016	-0.186	0.03462
1.014	-0.1889	0.03409
1.013	-0.1885	0.03891
1.013	-0.1828	0.04103
1.014	-0.1811	0.03722
1.015	-0.1843	0.0385
1.015	-0.1848	0.03794
1.015	-0.1845	0.03164
1.016	-0.1863	0.0306
1.017	-0.1866	0.03179
1.018	-0.1875	0.03097
1.016	-0.1881	0.03064
1.015	-0.185	0.03032
1.015	-0.185	0.03229
1.014	-0.1861	0.03773
1.014	-0.1848	0.04178
1.015	-0.1862	0.04096
1.016	-0.188	0.03818
1.017	-0.1886	0.03519
1.017	-0.19	0.03338
1.015	-0.1875	0.03762
1.014	-0.1805	0.03998
1.014	-0.1791	0.0355
1.015	-0.1835	0.03507
1.014	-0.1844	0.03506
1.014	-0.1859	0.03487
1.013	-0.1911	0.03917
1.016	-0.1923	0.03346
1.019	-0.194	0.02472
1.02	-0.1935	0.02799
1.015	-0.1808	0.03322
1.012	-0.1726	0.03674
1.014	-0.1768	0.03848
1.016	-0.1806	0.03791
1.016	-0.1853	0.03827
1.015	-0.1884	0.03795
1.014	-0.1892	0.03927
1.014	-0.1931	0.03826
1.016	-0.1921	0.03224
1.018	-0.1891	0.03107
1.018	-0.1869	0.03438
1.018	-0.1839	0.0358
1.016	-0.1836	0.03548
1.011	-0.1796	0.03531
1.01	-0.179	0.03559
1.014	-0.1875	0.03628
1.016	-0.1902	0.03767
1.017	-0.1891	0.03721
1.018	-0.1892	0.03512
1.016	-0.1874	0.03303
1.016	-0.1867	0.03203
1.016	-0.1862	0.03453
1.015	-0.1815	0.0373
1.015	-0.1795	0.03664
1.016	-0.1854	0.03361
1.014	-0.1884	0.03234
1.01	-0.1892	0.03481
1.012	-0.189	0.03535
1.019	-0.1787	0.03399
1.023	-0.1755	0.03508
1.019	-0.1878	0.03466
1.014	-0.1965	0.03111
1.014	-0.1952	0.03262
1.015	-0.1848	0.04416
1.015	-0.1754	0.05094
1.013	-0.1799	0.04248
1.01	-0.1894	0.03424
1.012	-0.1937	0.03111
1.016	-0.1936	0.0292
1.02	-0.1926	0.03163
1.02	-0.1895	0.03084
1.021	-0.1815	0.02948
1.02	-0.1783	0.03164
1.012	-0.1804	0.02878
1.011	-0.1798	0.03188
1.014	-0.1805	0.04519
1.012	-0.1802	0.04829
1.011	-0.1791	0.0396
1.011	-0.1845	0.03702
1.014	-0.192	0.03945
1.017	-0.1964	0.03561
1.017	-0.1951	0.03221
1.018	-0.1937	0.0322
1.018	-0.1964	0.03128
1.018	-0.1922	0.03196
1.019	-0.18	0.03272
1.015	-0.1751	0.0336
1.014	-0.1819	0.03261
1.016	-0.1825	0.03138
1.021	-0.1756	0.0363
1.023	-0.1786	0.03878
1.012	-0.1856	0.03807
1.008	-0.1883	0.03957
1.011	-0.1879	0.03937
1.009	-0.1865	0.03848
1.009	-0.1875	0.03751
1.011	-0.1874	0.03796
1.014	-0.1891	0.03944
1.019	-0.1912	0.03567
1.02	-0.1891	0.02818
1.019	-0.1905	0.02485
1.02	-0.1912	0.0281
1.019	-0.1883	0.0294
1.019	-0.1874	0.029
1.018	-0.1839	0.03463
1.015	-0.1791	0.04062
1.013	-0.1764	0.04647
1.01	-0.1757	0.05002
1.011	-0.1791	0.04287
1.012	-0.1825	0.03612
1.013	-0.1874	0.03594
1.017	-0.194	0.03369
1.019	-0.1944	0.02851
1.019	-0.1941	0.02602
1.017	-0.1946	0.02881
1.014	-0.188	0.03071
1.015	-0.1796	0.03277
1.014	-0.1757	0.03695
1.015	-0.1787	0.03686
1.02	-0.1923	0.03594
1.012	-0.1892	0.04112
1.012	-0.1873	0.04171
1.017	-0.1767	0.03886
1.02	-0.1739	0.03778
1.017	-0.187	0.0351
1.012	-0.1965	0.0296
1.013	-0.1959	0.02969
1.015	-0.186	0.04041
1.016	-0.1768	0.04698
1.014	-0.1814	0.03879
1.011	-0.1907	0.0312
1.013	-0.1947	0.02896
1.017	-0.1942	0.02802
1.021	-0.1928	0.0314
1.021	-0.1893	0.03145
1.022	-0.1811	0.03074
1.02	-0.1776	0.03333
1.012	-0.1796	0.03067
1.011	-0.179	0.03377
1.013	-0.1798	0.04691
1.011	-0.1796	0.04969
1.011	-0.1786	0.04063
1.011	-0.1842	0.03763
1.014	-0.1919	0.03966
1.016	-0.1965	0.03546
1.016	-0.1952	0.03178
1.018	-0.194	0.03157
1.018	-0.1968	0.03053
1.018	-0.1925	0.03119
1.019	-0.1803	0.03199
1.016	-0.1754	0.03298
1.014	-0.1822	0.03212
1.016	-0.1827	0.03105
1.021	-0.1757	0.03613
1.023	-0.1786	0.03875
1.013	-0.1856	0.03817
1.008	-0.1883	0.03976
1.011	-0.1878	0.03962
1.009	-0.1864	0.03876
1.009	-0.1873	0.03778
1.011	-0.1873	0.03821
1.014	-0.189	0.03964
1.019	-0.1912	0.03582
1.019	-0.1891	0.02827
1.019	-0.1905	0.02488
1.02	-0.1912	0.02808
1.019	-0.1884	0.02935
1.019	-0.1874	0.02892
1.018	-0.184	0.03453
1.015	-0.1792	0.04052
1.013	-0.1764	0.04637
1.01	-0.1758	0.04994
1.011	-0.1791	0.04281
1.012	-0.1825	0.03608
1.013	-0.1874	0.03592
1.017	-0.194	0.03369
1.019	-0.1944	0.02852
1.019	-0.1941	0.02605
1.017	-0.1946	0.02885
1.014	-0.188	0.03075
1.015	-0.1796	0.03281
1.014	-0.1757	0.03699
1.015	-0.1787	0.03688
1.017	-0.1838	0.03713
1.016	-0.1859	0.03869
1.017	-0.1902	0.04012
1.015	-0.1914	0.04163
1.013	-0.1884	0.03724
1.015	-0.1873	0.03546
1.016	-0.1865	0.0375
1.016	-0.1868	0.03506
1.014	-0.1839	0.03345
1.012	-0.181	0.03203
1.015	-0.1837	0.03153
1.015	-0.1837	0.03408
1.015	-0.1845	0.03478
1.017	-0.1882	0.03519
1.019	-0.1888	0.03532
1.02	-0.1884	0.03289
1.018	-0.188	0.03052
1.014	-0.1876	0.03372
1.015	-0.1872	0.03998
1.012	-0.1865	0.03847
1.011	-0.1846	0.03447
1.013	-0.1833	0.03742
1.014	-0.1848	0.04072
1.016	-0.1838	0.03948
1.016	-0.1817	0.03404
1.014	-0.1838	0.02852
1.014	-0.187	0.02893
1.016	-0.1882	0.03242
1.018	-0.1881	0.03817
1.017	-0.1892	0.0423
1.016	-0.189	0.04031
1.016	-0.1856	0.04105
1.014	-0.1833	0.03836
1.013	-0.1815	0.02819
1.013	-0.1825	0.02704
1.016	-0.1896	0.0332
1.017	-0.192	0.03724
1.016	-0.1869	0.03673
1.018	-0.1857	0.03147
1.017	-0.1863	0.02923
1.014	-0.1833	0.03374
1.014	-0.1833	0.03895
1.013	-0.1849	0.04095
1.013	-0.1836	0.04109
1.015	-0.1842	0.03601
1.016	-0.1855	0.03125
1.017	-0.1864	0.03273
1.017	-0.1877	0.03242
1.017	-0.1875	0.03743
1.016	-0.1872	0.04389
1.014	-0.1863	0.04084
1.013	-0.1857	0.03982
1.014	-0.1882	0.035
1.016	-0.1885	0.02751
1.016	-0.1849	0.0266
1.017	-0.1845	0.02511
1.015	-0.1867	0.03316
1.013	-0.187	0.04077
1.016	-0.1872	0.03611
1.016	-0.1869	0.03993
1.016	-0.183	0.04392
1.017	-0.1806	0.03889
1.015	-0.183	0.03396
1.014	-0.1843	0.03024
1.016	-0.1847	0.03044
1.015	-0.1858	0.03246
1.016	-0.1896	0.03516
1.015	-0.1906	0.03833
1.013	-0.1876	0.03565
1.015	-0.1867	0.03541
1.016	-0.1861	0.03867
1.016	-0.1866	0.03708
1.014	-0.184	0.03592
1.012	-0.1812	0.0346
1.015	-0.1841	0.03389
1.015	-0.1842	0.03603
1.015	-0.1849	0.03619
1.017	-0.1886	0.036
1.019	-0.1892	0.03554
1.02	-0.1886	0.03261
1.018	-0.1881	0.02985
1.014	-0.1876	0.03277
1.014	-0.1871	0.03891
1.012	-0.1863	0.03738
1.011	-0.1844	0.03347
1.013	-0.1831	0.03659
1.014	-0.1846	0.04009
1.016	-0.1836	0.03909
1.016	-0.1815	0.03388
1.014	-0.1836	0.02857
1.014	-0.1869	0.02915
1.016	-0.1882	0.03276
1.018	-0.1881	0.03858
1.017	-0.1892	0.04273
1.016	-0.1891	0.04071
1.016	-0.1857	0.0414
1.014	-0.1834	0.03864
1.013	-0.1816	0.02839
1.013	-0.1826	0.02715
1.016	-0.1897	0.03322
1.017	-0.192	0.03719
1.016	-0.1869	0.03663
1.018	-0.1857	0.03133
1.017	-0.1863	0.02907
1.014	-0.1833	0.03359
1.014	-0.1833	0.03881
1.013	-0.1849	0.04083
1.013	-0.1836	0.041
1.015	-0.1842	0.03595
1.016	-0.1855	0.03123
1.017	-0.1864	0.03273
1.017	-0.1877	0.03245
1.017	-0.1875	0.03747
1.016	-0.1872	0.04394
1.014	-0.1863	0.0409
1.013	-0.1857	0.03987
1.014	-0.1882	0.03505
1.016	-0.1885	0.02755
1.016	-0.1849	0.02663
1.017	-0.1845	0.02513
1.015	-0.1867	0.03316
1.013	-0.187	0.04076
1.016	-0.1872	0.03609
1.016	-0.1869	0.03991
1.016	-0.183	0.0439
1.017	-0.1806	0.03887
1.015	-0.183	0.03395
1.014	-0.1843	0.03022
1.015	-0.1854	0.03177
1.015	-0.1875	0.03232
1.016	-0.187	0.03354
1.016	-0.1873	0.0384
1.015	-0.1881	0.03763
1.014	-0.188	0.0375
1.014	-0.1881	0.0359
1.015	-0.1844	0.03138
1.015	-0.1824	0.03338
1.015	-0.1852	0.03633
1.016	-0.186	0.03763
1.016	-0.1873	0.03868
1.016	-0.1898	0.03659
1.017	-0.1887	0.03299
1.017	-0.1852	0.03352
1.015	-0.1847	0.03779
1.013	-0.1858	0.03806
1.014	-0.1813	0.03462
1.016	-0.179	0.03272
1.016	-0.1846	0.03372
1.016	-0.1871	0.03376
1.016	-0.1863	0.03151
1.017	-0.1874	0.03298
1.017	-0.188	0.03751
1.015	-0.1883	0.04079
1.014	-0.1883	0.04026
1.014	-0.1877	0.03643
1.015	-0.1865	0.03315
1.015	-0.1861	0.03167
1.015	-0.1876	0.03436
1.015	-0.1862	0.03649
1.015	-0.1839	0.03256
1.016	-0.1846	0.03089
1.016	-0.1853	0.03477
1.016	-0.1851	0.03716
1.015	-0.1841	0.03824
1.015	-0.1837	0.03999
1.016	-0.1855	0.03946
1.017	-0.1872	0.03784
1.017	-0.1863	0.03393
1.015	-0.1842	0.03078
1.015	-0.1849	0.03411
1.015	-0.1887	0.03521
1.014	-0.1906	0.03535
1.014	-0.1872	0.03649
1.016	-0.1837	0.03077
1.017	-0.1835	0.02762
1.016	-0.1837	0.03259
1.016	-0.1848	0.04051
1.017	-0.1857	0.04364
1.017	-0.1846	0.0365
1.015	-0.1855	0.03464
1.014	-0.1895	0.0397
1.013	-0.1907	0.03731
1.014	-0.1872	0.03356
1.015	-0.1855	0.03324
1.018	-0.1859	0.03379
1.018	-0.1863	0.03446
1.016	-0.1879	0.03351
1.015	-0.1861	0.03452
1.012	-0.1818	0.03548
1.013	-0.1814	0.03329
1.015	-0.1844	0.03231
1.016	-0.1876	0.03374
1.017	-0.1793	0.04084
1.016	-0.1863	0.03696
1.017	-0.1883	0.03526
1.016	-0.1895	0.03834
1.015	-0.1902	0.03661
1.014	-0.1894	0.03608
1.014	-0.1887	0.03447
1.015	-0.1842	0.03017
1.015	-0.1816	0.0325
1.015	-0.1839	0.0358
1.016	-0.1846	0.03742
1.016	-0.1859	0.03875
1.016	-0.1886	0.03684
1.017	-0.1879	0.03337
1.017	-0.1847	0.03393
1.015	-0.1846	0.03818
1.013	-0.1861	0.0384
1.014	-0.1819	0.03487
1.016	-0.1797	0.03287
1.016	-0.1854	0.03377
1.016	-0.1878	0.03372
1.016	-0.187	0.0314
1.017	-0.188	0.03283
1.017	-0.1884	0.03733
1.015	-0.1886	0.04061
1.014	-0.1883	0.04009
1.014	-0.1876	0.0363
1.015	-0.1863	0.03305
1.015	-0.1858	0.03161
1.015	-0.1873	0.03434
1.015	-0.1859	0.03651
1.015	-0.1836	0.0326
1.016	-0.1843	0.03096
1.016	-0.1851	0.03485
1.016	-0.185	0.03723
1.015	-0.184	0.03831
1.015	-0.1836	0.04005
1.016	-0.1855	0.03951
1.017	-0.1872	0.03788
1.017	-0.1864	0.03394
1.015	-0.1844	0.03078
1.015	-0.185	0.0341
1.015	-0.1888	0.03519
1.014	-0.1907	0.03533
1.014	-0.1873	0.03646
1.016	-0.1838	0.03074
1.017	-0.1835	0.0276
1.016	-0.1837	0.03257
1.016	-0.1848	0.0405
1.017	-0.1857	0.04363
1.017	-0.1845	0.0365
1.015	-0.1854	0.03464
1.014	-0.1895	0.03971
1.013	-0.1906	0.03732
1.014	-0.1872	0.03357
1.015	-0.1855	0.03325
1.018	-0.1859	0.0338
1.018	-0.1863	0.03447
1.016	-0.188	0.03352
1.015	-0.1862	0.03452
1.012	-0.1819	0.03548
1.013	-0.1814	0.03329
1.015	-0.1844	0.03231
1.016	-0.1876	0.03374
1.017	-0.1869	0.0377
1.017	-0.1843	0.03974
1.015	-0.1845	0.03671
1.016	-0.1849	0.03508
1.015	-0.1864	0.03477
1.014	-0.1883	0.03505
1.015	-0.1885	0.03886
1.015	-0.1883	0.03937
1.014	-0.185	0.03563
1.015	-0.183	0.03438
1.018	-0.1867	0.03375
1.018	-0.1873	0.03386
1.015	-0.1857	0.03626
1.013	-0.1869	0.0363
1.015	-0.1859	0.03202
1.016	-0.1842	0.02734
1.016	-0.1849	0.0283
1.017	-0.187	0.0326
1.016	-0.1893	0.03486
1.016	-0.1866	0.03947
1.014	-0.1816	0.045
1.013	-0.1814	0.04359
1.015	-0.1862	0.03923
1.015	-0.1895	0.03754
1.015	-0.1888	0.03639
1.015	-0.1884	0.0348
1.015	-0.1853	0.03313
1.016	-0.182	0.03211
1.017	-0.1842	0.03202
1.017	-0.1836	0.03067
1.015	-0.184	0.02963
1.014	-0.1873	0.03049
1.016	-0.1866	0.03185
1.016	-0.1869	0.03624
1.015	-0.1852	0.04229
1.015	-0.1846	0.0428
1.015	-0.1907	0.04046
1.015	-0.1909	0.03992
1.015	-0.1863	0.03576
1.016	-0.1855	0.03061
1.015	-0.1866	0.03189
1.014	-0.186	0.03607
1.015	-0.184	0.03652
1.017	-0.184	0.0302
1.018	-0.1841	0.02895
1.016	-0.1835	0.03896
1.014	-0.1841	0.04159
1.015	-0.1847	0.03596
1.015	-0.1845	0.03376
1.015	-0.1844	0.03138
1.016	-0.1868	0.03155
1.017	-0.1886	0.0367
1.017	-0.1886	0.03864
1.014	-0.189	0.03687
1.013	-0.1879	0.03746
1.013	-0.1873	0.03868
1.013	-0.1868	0.0359
1.015	-0.1854	0.03186
1.018	-0.1855	0.03115
1.017	-0.1845	0.03467
1.016	-0.1836	0.03695
1.015	-0.1841	0.03611
1.015	-0.185	0.0371
1.015	-0.1857	0.03607
1.015	-0.1927	0.03303
1.016	-0.1853	0.03594
1.016	-0.1828	0.03387
1.017	-0.1821	0.03319
1.016	-0.1835	0.03375
1.015	-0.1859	0.03478
1.015	-0.1869	0.03917
1.015	-0.1876	0.04009
1.014	-0.1851	0.03659
1.015	-0.1837	0.03541
1.017	-0.1879	0.03475
1.018	-0.1887	0.03473
1.014	-0.1871	0.03693
1.012	-0.1882	0.03674
1.014	-0.1869	0.03223
1.016	-0.1849	0.02735
1.016	-0.1853	0.02814
1.017	-0.1871	0.03231
1.017	-0.189	0.03449
1.016	-0.1861	0.03908
1.014	-0.181	0.04462
1.014	-0.1808	0.04326
1.015	-0.1855	0.03897
1.015	-0.189	0.03736
1.015	-0.1883	0.03629
1.015	-0.1881	0.03478
1.015	-0.1851	0.03318
1.016	-0.1819	0.03221
1.017	-0.1843	0.03215
1.017	-0.1838	0.03082
1.015	-0.1842	0.02978
1.014	-0.1876	0.03063
1.016	-0.1869	0.03196
1.016	-0.1872	0.03633
1.015	-0.1854	0.04234
1.015	-0.1848	0.04282
1.015	-0.1908	0.04046
1.015	-0.1909	0.0399
1.015	-0.1863	0.03572
1.016	-0.1855	0.03056
1.015	-0.1866	0.03184
1.014	-0.186	0.03601
1.015	-0.1839	0.03648
1.017	-0.184	0.03016
1.018	-0.1841	0.02893
1.016	-0.1835	0.03895
1.014	-0.184	0.04159
1.015	-0.1847	0.03597
1.015	-0.1845	0.03377
1.015	-0.1844	0.0314
1.016	-0.1868	0.03157
1.017	-0.1886	0.03672
1.017	-0.1886	0.03865
1.014	-0.1891	0.03688
1.013	-0.1879	0.03747
1.013	-0.1873	0.03869
1.013	-0.1868	0.0359
1.015	-0.1854	0.03186
1.018	-0.1855	0.03115
1.017	-0.1845	0.03466
1.016	-0.1836	0.03694
1.015	-0.1841	0.0361
1.015	-0.1849	0.03709
1.015	-0.1857	0.03606
1.015	-0.185	0.03489
1.015	-0.1866	0.03659
1.017	-0.1875	0.03344
1.016	-0.1861	0.03185
1.015	-0.1885	0.03354
1.015	-0.1889	0.03325
1.016	-0.1857	0.03828
1.016	-0.1844	0.04044
1.016	-0.1829	0.03398
1.015	-0.182	0.03233
1.014	-0.1835	0.03492
1.014	-0.1852	0.03692
1.016	-0.1869	0.03895
1.017	-0.188	0.03615
1.018	-0.1874	0.03161
1.014	-0.1858	0.03349
1.01	-0.1855	0.03781
1.012	-0.1878	0.03798
1.016	-0.1896	0.03707
1.019	-0.1883	0.03655
1.02	-0.1853	0.03388
1.017	-0.1829	0.03373
1.015	-0.1828	0.0357
1.014	-0.186	0.03422
1.015	-0.188	0.0339
1.015	-0.1872	0.03457
1.014	-0.1883	0.03323
1.015	-0.1881	0.03417
1.015	-0.1849	0.03568
1.014	-0.1839	0.03611
1.014	-0.1834	0.03516
1.015	-0.1828	0.03235
1.016	-0.1839	0.03286
1.018	-0.1845	0.03626
1.018	-0.1852	0.03938
1.017	-0.1859	0.04165
1.016	-0.1866	0.04045
1.016	-0.1875	0.03666
1.016	-0.1872	0.03448
1.015	-0.187	0.03393
1.013	-0.1879	0.03214
1.012	-0.1878	0.0314
1.014	-0.1873	0.03214
1.015	-0.1871	0.03127
1.016	-0.1861	0.0324
1.017	-0.1855	0.03707
1.015	-0.185	0.04104
1.015	-0.1834	0.04044
1.015	-0.1829	0.03551
1.015	-0.1829	0.03139
1.014	-0.1839	0.03289
1.014	-0.1883	0.04081
1.018	-0.1908	0.04418
1.02	-0.1888	0.03682
1.016	-0.1857	0.03108
1.015	-0.1841	0.03083
1.016	-0.1846	0.03133
1.015	-0.1848	0.03304
1.014	-0.1844	0.03429
1.014	-0.185	0.03477
1.013	-0.1848	0.03561
1.013	-0.1857	0.03614
1.013	-0.1872	0.03636
1.017	-0.1883	0.03671
1.009	-0.259	-0.02515
1.017	-0.1894	0.03421
1.019	-0.1578	0.06584
1.02	-0.1437	0.07541
1.018	-0.1433	0.07105
1.022	-0.1555	0.06085
1.022	-0.1696	0.04244
1.013	-0.1839	0.02938
1.011	-0.1957	0.02173
1.011	-0.2067	0.01197
1.011	-0.2153	0.009777
1.013	-0.2176	0.01404
1.014	-0.2154	0.01765
1.015	-0.2045	0.02243
1.013	-0.1889	0.02912
1.012	-0.1811	0.0356
1.014	-0.1829	0.0406
1.015	-0.1834	0.0425
1.016	-0.1785	0.04213
1.017	-0.1764	0.04442
1.016	-0.1754	0.0508
1.015	-0.173	0.05643
1.016	-0.1744	0.05155
1.019	-0.1778	0.03627
1.024	-0.18	0.02794
1.021	-0.1807	0.02857
1.016	-0.1816	0.02432
1.015	-0.1865	0.02376
1.014	-0.1921	0.03549
1.013	-0.1928	0.04253
1.008	-0.1879	0.04158
1.008	-0.1864	0.04135
1.011	-0.1932	0.03657
1.016	-0.1955	0.02987
1.022	-0.1923	0.0287
1.022	-0.1937	0.02883
1.018	-0.1923	0.02825
1.014	-0.1849	0.03135
1.012	-0.1793	0.03729
1.013	-0.177	0.03889
1.014	-0.1773	0.03688
1.017	-0.1786	0.03758
1.016	-0.1802	0.03949
1.013	-0.183	0.03908
1.013	-0.1861	0.03686
1.015	-0.1883	0.03534
1.018	-0.1893	0.03469
1.018	-0.1926	0.03352
1.017	-0.1959	0.0338
1.017	-0.1925	0.03471
1.016	-0.1876	0.03444
1.017	-0.1853	0.03453
1.016	-0.184	0.03427
1.01	-0.1815	0.0339
1.009	-0.1785	0.03401
1.016	-0.1813	0.03548
1.017	-0.1857	0.03879
1.013	-0.1874	0.04019
1.013	-0.1877	0.0396
1.015	-0.1859	0.03652
1.018	-0.1863	0.03197
1.023	-0.1872	0.03234
1.021	-0.1867	0.03373
1.013	-0.1871	0.03224
1.01	-0.1852	0.03152
1.013	-0.1839	0.03404
1.015	-0.185	0.03834
1.014	-0.1856	0.03798
1.015	-0.1865	0.03599
1.016	-0.186	0.03522
1.016	-0.1851	0.03501
1.018	-0.1863	0.0386
1.016	-0.1869	0.03751
1.016	-0.1858	0.03512
1.016	-0.1865	0.03633
1.014	-0.1894	0.03274
1.016	-0.1899	0.03506
1.015	-0.1862	0.04021
1.012	-0.1837	0.03587
1.013	-0.184	0.03211
1.016	-0.1837	0.03195
1.018	-0.1844	0.03259
1.017	-0.1853	0.03286
1.017	-0.1832	0.03344
1.017	-0.1833	0.03458
1.016	-0.1864	0.03478
1.016	-0.1868	0.03824
1.014	-0.1871	0.03936
1.014	-0.1896	0.03596
1.016	-0.1898	0.03443
1.015	-0.1861	0.03463
1.01	-0.1834	0.03877
1.009	-0.1845	0.04047
1.017	-0.1861	0.0357
1.021	-0.1864	0.03492
1.019	-0.1859	0.03618
1.019	-0.1859	0.03449
1.016	-0.1869	0.03305
1.012	-0.1879	0.02916
1.014	-0.1876	0.02655
1.014	-0.1851	0.03331
1.015	-0.1831	0.04087
1.016	-0.1841	0.04147
1.015	-0.1842	0.03886
1.016	-0.1825	0.03606
1.016	-0.1832	0.03508
1.016	-0.1865	0.03549
1.016	-0.1889	0.03695
1.014	-0.1884	0.03712
1.015	-0.1876	0.03325
1.015	-0.1875	0.03222
1.014	-0.1878	0.03392
1.015	-0.1879	0.03231
1.016	-0.1861	0.0315
1.018	-0.1852	0.03366
1.017	-0.1859	0.03771
1.015	-0.185	0.04071
1.015	-0.1844	0.03791
1.014	-0.1848	0.0347
1.015	-0.1853	0.03502
1.015	-0.1856	0.03593
1.015	-0.1848	0.03755
1.014	-0.1843	0.03696
1.014	-0.1841	0.03425
1.016	-0.1851	0.03392
1.017	-0.1872	0.03403
1.016	-0.187	0.03266
1.015	-0.1866	0.03244
1.013	-0.1932	0.03568
1.016	-0.1864	0.0358
1.017	-0.1844	0.03851
1.016	-0.1835	0.0372
1.016	-0.184	0.03474
1.016	-0.1839	0.03387
1.016	-0.1836	0.03379
1.017	-0.1855	0.03766
1.015	-0.1868	0.0369
1.015	-0.1863	0.03486
1.015	-0.1873	0.03637
1.014	-0.1905	0.03302
1.015	-0.1909	0.03551
1.015	-0.1871	0.04074
1.012	-0.1844	0.03642
1.013	-0.1844	0.03262
1.016	-0.1839	0.03236
1.018	-0.1843	0.03289
1.017	-0.185	0.03303
1.017	-0.1827	0.0335
1.017	-0.1828	0.03453
1.016	-0.1859	0.03464
1.016	-0.1863	0.03805
1.015	-0.1867	0.03914
1.014	-0.1893	0.03573
1.016	-0.1896	0.03422
1.015	-0.186	0.03445
1.01	-0.1834	0.03864
1.009	-0.1847	0.04038
1.016	-0.1863	0.03567
1.021	-0.1866	0.03493
1.019	-0.1861	0.03622
1.019	-0.1861	0.03456
1.016	-0.1871	0.03313
1.012	-0.188	0.02925
1.014	-0.1878	0.02664
1.014	-0.1852	0.03338
1.015	-0.1831	0.04092
1.016	-0.184	0.04151
1.015	-0.1841	0.03889
1.016	-0.1825	0.03606
1.016	-0.1832	0.03507
1.016	-0.1864	0.03547
1.016	-0.1888	0.03692
1.014	-0.1884	0.03709
1.015	-0.1875	0.03322
1.015	-0.1875	0.03219
1.014	-0.1878	0.0339
1.015	-0.1879	0.03229
1.016	-0.1861	0.03149
1.018	-0.1852	0.03365
1.017	-0.1859	0.03771
1.015	-0.185	0.04072
1.015	-0.1844	0.03792
1.014	-0.1848	0.03471
1.015	-0.1853	0.03503
1.015	-0.1856	0.03594
1.015	-0.1848	0.03756
1.015	-0.1843	0.03697
1.014	-0.1841	0.03425
1.016	-0.1851	0.03392
1.017	-0.1872	0.03403
1.016	-0.187	0.03266
1.015	-0.1866	0.03244
1.014	-0.1864	0.0355
1.014	-0.1868	0.03781
1.016	-0.1887	0.03654
1.018	-0.1878	0.03542
1.019	-0.1861	0.03471
1.017	-0.1864	0.03423
1.014	-0.1858	0.03464
1.012	-0.1859	0.03622
1.014	-0.1854	0.03908
1.016	-0.1827	0.03931
1.015	-0.1834	0.03896
1.015	-0.1857	0.03788
1.014	-0.1849	0.03087
1.014	-0.1856	0.028
1.015	-0.1868	0.0321
1.018	-0.1859	0.03217
1.019	-0.1856	0.03291
1.017	-0.185	0.03674
1.016	-0.1868	0.03699
1.017	-0.1903	0.03744
1.015	-0.1885	0.03932
1.013	-0.1866	0.03776
1.013	-0.187	0.03342
1.014	-0.1852	0.03269
1.014	-0.1852	0.03597
1.014	-0.1856	0.03602
1.015	-0.1836	0.03608
1.015	-0.1841	0.03744
1.014	-0.1844	0.03638
1.013	-0.1836	0.03792
1.014	-0.1854	0.0373
1.019	-0.1861	0.03121
1.021	-0.1862	0.02996
1.018	-0.1876	0.03361
1.018	-0.1886	0.03416
1.018	-0.1881	0.03315
1.016	-0.1847	0.03474
1.014	-0.1839	0.03583
1.011	-0.1857	0.03801
1.01	-0.1849	0.03966
1.014	-0.1859	0.03638
1.014	-0.1871	0.03823
1.014	-0.1861	0.04132
1.017	-0.1862	0.03719
1.018	-0.1858	0.0335
1.016	-0.186	0.02981
1.014	-0.1869	0.03024
1.013	-0.1881	0.03706
1.014	-0.1891	0.03756
1.015	-0.1865	0.0316
1.017	-0.1845	0.02919
1.019	-0.1845	0.03109
1.018	-0.1831	0.03116
1.016	-0.183	0.03473
1.014	-0.1836	0.04122
1.013	-0.1839	0.0396
1.014	-0.1845	0.03885
1.016	-0.1846	0.03982
1.016	-0.186	0.03793
1.014	-0.1889	0.03887
1.013	-0.1895	0.03665
1.016	-0.1889	0.0353
1.017	-0.1901	0.03542
1.016	-0.19	0.03132
1.016	-0.1808	0.04018
1.014	-0.1843	0.03371
1.014	-0.1877	0.02872
1.016	-0.1873	0.02722
1.017	-0.1857	0.02811
1.016	-0.1858	0.03017
1.013	-0.1849	0.03333
1.012	-0.1849	0.03736
1.015	-0.1845	0.0421
1.017	-0.1818	0.04349
1.016	-0.1828	0.04361
1.016	-0.1854	0.04237
1.015	-0.1849	0.03471
1.014	-0.1859	0.03088
1.016	-0.1873	0.03386
1.018	-0.1866	0.0328
1.019	-0.1864	0.03252
1.017	-0.1858	0.03552
1.016	-0.1875	0.03518
1.016	-0.1909	0.03532
1.015	-0.1889	0.03712
1.013	-0.1868	0.0357
1.013	-0.1871	0.03167
1.014	-0.1851	0.03136
1.013	-0.185	0.03512
1.014	-0.1854	0.03563
1.015	-0.1833	0.03612
1.015	-0.1838	0.03784
1.014	-0.184	0.03705
1.013	-0.1833	0.03874
1.014	-0.1852	0.03818
1.019	-0.186	0.03207
1.022	-0.1861	0.03072
1.019	-0.1876	0.03422
1.018	-0.1887	0.0346
1.018	-0.1881	0.0334
1.016	-0.1848	0.03482
1.014	-0.184	0.03575
1.011	-0.1859	0.03782
1.01	-0.185	0.03939
1.014	-0.186	0.03607
1.014	-0.1872	0.03791
1.014	-0.1861	0.04103
1.017	-0.1862	0.03694
1.018	-0.1858	0.03331
1.016	-0.186	0.02968
1.014	-0.1869	0.03018
1.013	-0.1881	0.03706
1.014	-0.1891	0.03761
1.015	-0.1865	0.03168
1.017	-0.1845	0.0293
1.019	-0.1845	0.03121
1.018	-0.1831	0.03128
1.016	-0.183	0.03484
1.014	-0.1836	0.0413
1.013	-0.1839	0.03965
1.014	-0.1845	0.03889
1.016	-0.1846	0.03983
1.016	-0.186	0.03792
1.014	-0.1889	0.03884
1.013	-0.1895	0.03662
1.016	-0.1889	0.03526
1.017	-0.1901	0.03538
1.016	-0.19	0.03128
1.016	-0.1874	0.0319
1.015	-0.1833	0.03235
1.015	-0.1808	0.03042
1.016	-0.1844	0.0336
1.014	-0.1862	0.03825
1.013	-0.1848	0.03974
1.014	-0.1864	0.03593
1.017	-0.185	0.03473
1.019	-0.184	0.03718
1.015	-0.186	0.03297
1.013	-0.1827	0.02948
1.015	-0.1813	0.03169
1.016	-0.1853	0.03329
1.017	-0.1886	0.03596
1.016	-0.1906	0.04066
1.014	-0.1894	0.0432
1.015	-0.1883	0.04048
1.015	-0.1884	0.03675
1.017	-0.1864	0.03618
1.018	-0.1852	0.03352
1.015	-0.1841	0.02968
1.011	-0.1826	0.03115
1.01	-0.1841	0.03527
1.013	-0.1868	0.03675
1.015	-0.1865	0.03594
1.015	-0.1863	0.03578
1.016	-0.1873	0.0358
1.016	-0.1851	0.03589
1.017	-0.1847	0.03593
1.019	-0.1862	0.03375
1.017	-0.1845	0.03364
1.016	-0.1855	0.03577
1.016	-0.1861	0.03524
1.015	-0.1848	0.03653
1.015	-0.1854	0.0376
1.014	-0.1848	0.03353
1.014	-0.1874	0.03263
1.014	-0.1897	0.03462
1.014	-0.1883	0.03405
1.015	-0.189	0.03448
1.015	-0.1866	0.03404
1.015	-0.1833	0.03414
1.015	-0.1831	0.03983
1.015	-0.1816	0.04247
1.015	-0.1808	0.0384
1.013	-0.1829	0.03536
1.015	-0.1891	0.03415
1.018	-0.1933	0.03332
1.02	-0.1903	0.03362
1.018	-0.1881	0.03422
1.014	-0.1865	0.03454
1.012	-0.1842	0.03305
1.013	-0.184	0.03193
1.018	-0.1844	0.03442
1.02	-0.1856	0.03692
1.015	-0.185	0.03751
1.013	-0.1832	0.03675
1.014	-0.1836	0.03505
1.014	-0.1833	0.03451
1.016	-0.1843	0.03585
1.016	-0.1872	0.03841
1.014	-0.1896	0.03825
1.015	-0.1908	0.03666
1.016	-0.1884	0.03726
1.015	-0.1903	0.028
1.015	-0.1847	0.03288
1.015	-0.1815	0.0329
1.016	-0.1848	0.03642
1.015	-0.1866	0.04048
1.014	-0.1852	0.04095
1.015	-0.1868	0.03602
1.018	-0.1854	0.03386
1.019	-0.1844	0.0356
1.015	-0.1863	0.03101
1.013	-0.1828	0.02744
1.014	-0.1812	0.02981
1.016	-0.185	0.03178
1.017	-0.1883	0.03493
1.016	-0.1902	0.04016
1.014	-0.1889	0.04319
1.015	-0.1879	0.0409
1.015	-0.188	0.03749
1.017	-0.1861	0.03713
1.018	-0.185	0.03455
1.015	-0.184	0.03069
1.012	-0.1825	0.03204
1.011	-0.1842	0.03598
1.013	-0.1869	0.03725
1.015	-0.1867	0.03622
1.015	-0.1865	0.03584
1.016	-0.1875	0.03568
1.016	-0.1853	0.03562
1.017	-0.1849	0.03556
1.019	-0.1863	0.03334
1.017	-0.1846	0.03322
1.016	-0.1856	0.03539
1.016	-0.1861	0.03491
1.015	-0.1847	0.03628
1.015	-0.1853	0.03744
1.014	-0.1847	0.03346
1.014	-0.1873	0.03263
1.014	-0.1897	0.03469
1.014	-0.1883	0.03416
1.015	-0.1889	0.03462
1.015	-0.1866	0.03419
1.015	-0.1833	0.03429
1.015	-0.1831	0.03996
1.015	-0.1816	0.04258
1.015	-0.1808	0.03847
1.013	-0.1829	0.0354
1.015	-0.1891	0.03416
1.018	-0.1933	0.0333
1.02	-0.1903	0.03359
1.018	-0.1881	0.03417
1.014	-0.1865	0.03448
1.012	-0.1842	0.03299
1.013	-0.184	0.03188
1.018	-0.1844	0.03437
1.02	-0.1856	0.03688
1.015	-0.185	0.03749
1.013	-0.1832	0.03674
1.014	-0.1836	0.03505
1.014	-0.1833	0.03452
1.016	-0.1843	0.03587
1.016	-0.1872	0.03842
1.014	-0.1896	0.03827
1.015	-0.1908	0.03668
1.016	-0.1884	0.03728
1.016	-0.1858	0.03424
1.015	-0.1857	0.03014
1.014	-0.1868	0.0317
1.012	-0.1879	0.03618
1.013	-0.1876	0.04019
1.016	-0.1848	0.03688
1.02	-0.1806	0.02815
1.019	-0.1806	0.02621
1.017	-0.184	0.03189
1.017	-0.1859	0.03866
1.017	-0.1863	0.04218
1.016	-0.1863	0.04198
1.013	-0.1875	0.03874
1.011	-0.1884	0.03553
1.013	-0.1879	0.03545
1.013	-0.1874	0.03417
1.014	-0.1867	0.0333
1.015	-0.1861	0.03437
1.015	-0.1855	0.03423
1.016	-0.1853	0.03668
1.018	-0.1861	0.03741
1.02	-0.1865	0.03418
1.021	-0.1848	0.03336
1.018	-0.1818	0.03227
1.014	-0.1815	0.03231
1.013	-0.1846	0.03492
1.013	-0.1879	0.03546
1.014	-0.1889	0.03581
1.016	-0.1873	0.03678
1.015	-0.1863	0.03826
1.013	-0.1858	0.04022
1.013	-0.1847	0.03779
1.016	-0.1872	0.0317
1.018	-0.1902	0.03092
1.015	-0.1886	0.03685
1.015	-0.1859	0.03899
1.015	-0.1844	0.03727
1.014	-0.1843	0.03734
1.016	-0.1839	0.03278
1.015	-0.1827	0.02854
1.015	-0.1835	0.03195
1.019	-0.1862	0.0336
1.019	-0.1875	0.03464
1.014	-0.1875	0.03731
1.013	-0.1887	0.03679
1.014	-0.1888	0.03644
1.014	-0.1847	0.03475
1.014	-0.1831	0.03427
1.015	-0.1847	0.03896
1.015	-0.1839	0.04002
1.016	-0.1839	0.038
1.016	-0.1853	0.03759
1.016	-0.1867	0.03653
1.017	-0.1883	0.03476
1.018	-0.1879	0.03267
1.017	-0.1889	0.03179
1.015	-0.1896	0.0318
1.013	-0.1858	0.03147
1.015	-0.1827	0.03277
1.015	-0.1824	0.03482
1.014	-0.1831	0.03606
1.016	-0.1846	0.03785
1.016	-0.1858	0.03939
1.015	-0.187	0.03717
1.017	-0.1883	0.03115
1.016	-0.1872	0.03153
1.014	-0.1877	0.03537
1.012	-0.1885	0.04055
1.012	-0.1881	0.0442
1.015	-0.1852	0.0399
1.02	-0.181	0.02988
1.019	-0.181	0.02665
1.017	-0.1844	0.03119
1.016	-0.1862	0.03709
1.017	-0.1865	0.04006
1.016	-0.1864	0.03963
1.013	-0.1875	0.03645
1.011	-0.1883	0.03352
1.013	-0.1878	0.03388
1.013	-0.1872	0.03313
1.014	-0.1865	0.0328
1.015	-0.1859	0.03438
1.015	-0.1853	0.03466
1.016	-0.1852	0.03743
1.018	-0.186	0.03835
1.02	-0.1864	0.0352
1.021	-0.1848	0.03436
1.018	-0.1818	0.03315
1.014	-0.1816	0.03302
1.013	-0.1847	0.03542
1.013	-0.1879	0.03574
1.014	-0.189	0.03589
1.016	-0.1874	0.03668
1.015	-0.1864	0.03802
1.013	-0.1858	0.03988
1.013	-0.1847	0.03741
1.016	-0.1873	0.03131
1.018	-0.1902	0.03056
1.015	-0.1886	0.03655
1.015	-0.1859	0.03876
1.015	-0.1844	0.03712
1.014	-0.1842	0.03727
1.016	-0.1839	0.03278
1.015	-0.1826	0.02861
1.015	-0.1835	0.03206
1.019	-0.1862	0.03373
1.019	-0.1875	0.03478
1.014	-0.1875	0.03744
1.013	-0.1887	0.03691
1.014	-0.1888	0.03654
1.014	-0.1847	0.03482
1.014	-0.1831	0.03431
1.015	-0.1847	0.03897
1.015	-0.1839	0.04001
1.016	-0.1839	0.03797
1.016	-0.1853	0.03754
1.016	-0.1867	0.03648
1.017	-0.1883	0.0347
1.018	-0.1879	0.03262
1.017	-0.1889	0.03175
1.015	-0.1896	0.03177
1.013	-0.1858	0.03145
1.015	-0.1827	0.03276
1.015	-0.1824	0.03482
1.014	-0.1831	0.03607
1.016	-0.1846	0.03787
1.016	-0.1858	0.03941
1.015	-0.187	0.03719
1.016	-0.1881	0.03309
1.015	-0.1879	0.03316
1.015	-0.1877	0.03519
1.015	-0.1871	0.03497
1.013	-0.1853	0.03502
1.014	-0.1851	0.03608
1.019	-0.1853	0.03851
1.021	-0.1837	0.03998
1.016	-0.1843	0.03752
1.014	-0.186	0.03731
1.016	-0.1857	0.03681
1.014	-0.1857	0.03269
1.012	-0.1867	0.03185
1.013	-0.188	0.03075
1.013	-0.1893	0.03026
1.015	-0.1891	0.03476
1.017	-0.1847	0.03716
1.017	-0.1813	0.03832
1.015	-0.1838	0.03917
1.014	-0.1844	0.03454
1.016	-0.1851	0.03049
1.018	-0.1878	0.03084
1.017	-0.1864	0.03225
1.017	-0.1839	0.03793
1.017	-0.1822	0.04173
1.017	-0.1843	0.03848
1.017	-0.1888	0.0385
1.016	-0.1897	0.03675
1.014	-0.1901	0.03314
1.012	-0.1881	0.03592
1.011	-0.1857	0.03286
1.012	-0.1854	0.02975
1.013	-0.1835	0.03599
1.014	-0.1835	0.03758
1.014	-0.1853	0.03572
1.017	-0.1882	0.03622
1.017	-0.19	0.0338
1.017	-0.1877	0.03276
1.018	-0.186	0.03733
1.017	-0.1831	0.03927
1.016	-0.1816	0.03673
1.014	-0.1835	0.03433
1.015	-0.1849	0.03264
1.016	-0.1869	0.03326
1.015	-0.1853	0.03455
1.015	-0.1836	0.03551
1.015	-0.1857	0.03648
1.014	-0.1854	0.03751
1.016	-0.1861	0.03903
1.016	-0.1885	0.03736
1.016	-0.1882	0.03562
1.016	-0.1868	0.03297
1.013	-0.186	0.02874
1.013	-0.1873	0.03045
1.015	-0.1883	0.03276
1.015	-0.1875	0.03451
1.015	-0.1874	0.03667
1.018	-0.1863	0.03749
1.018	-0.1859	0.0414
1.016	-0.1853	0.041
1.015	-0.1814	0.03713
1.015	-0.1818	0.03724
1.014	-0.1864	0.03624
1.014	-0.1873	0.03439
1.015	-0.1824	0.03495
1.015	-0.1849	0.0307
1.015	-0.1867	0.03082
1.015	-0.1874	0.03033
1.013	-0.1864	0.03115
1.014	-0.1867	0.03351
1.019	-0.187	0.03742
1.021	-0.1853	0.04026
1.016	-0.1857	0.03891
1.015	-0.187	0.03947
1.017	-0.1863	0.03935
1.014	-0.186	0.03528
1.012	-0.1866	0.0342
1.012	-0.1877	0.03266
1.013	-0.1888	0.0316
1.015	-0.1884	0.0355
1.017	-0.1841	0.03731
1.017	-0.1807	0.03796
1.015	-0.1833	0.03841
1.014	-0.1841	0.03353
1.016	-0.1849	0.02935
1.018	-0.1877	0.02971
1.017	-0.1864	0.03121
1.017	-0.184	0.03708
1.017	-0.1824	0.04111
1.017	-0.1846	0.0381
1.018	-0.1891	0.03836
1.016	-0.19	0.03683
1.014	-0.1903	0.03338
1.012	-0.1883	0.03629
1.012	-0.1858	0.03329
1.012	-0.1855	0.0302
1.013	-0.1835	0.03642
1.013	-0.1835	0.03795
1.014	-0.1852	0.03601
1.017	-0.1881	0.03642
1.017	-0.1899	0.0339
1.017	-0.1877	0.03278
1.018	-0.1859	0.03728
1.017	-0.183	0.03916
1.016	-0.1815	0.03659
1.014	-0.1834	0.03417
1.015	-0.1849	0.03248
1.016	-0.1869	0.03312
1.015	-0.1853	0.03443
1.015	-0.1836	0.03543
1.015	-0.1857	0.03642
1.014	-0.1854	0.03748
1.016	-0.1861	0.03904
1.016	-0.1886	0.03739
1.016	-0.1882	0.03567
1.016	-0.1868	0.03303
1.013	-0.186	0.0288
1.013	-0.1873	0.0305
1.015	-0.1883	0.03281
1.015	-0.1875	0.03454
1.015	-0.1873	0.0367
1.018	-0.1862	0.0375
1.018	-0.1859	0.0414
1.016	-0.1853	0.04099
1.015	-0.1814	0.03711
1.015	-0.1818	0.03722
1.014	-0.1864	0.03622
1.014	-0.1873	0.03437
1.016	-0.186	0.03195
1.015	-0.1844	0.02991
1.015	-0.1841	0.03117
1.014	-0.1845	0.03391
1.014	-0.1846	0.03688
1.015	-0.1869	0.03682
1.017	-0.188	0.03616
1.018	-0.1871	0.03668
1.017	-0.1884	0.03493
1.018	-0.1884	0.03431
1.019	-0.1874	0.03473
1.014	-0.1873	0.03636
1.012	-0.1857	0.03913
1.011	-0.1846	0.03801
1.011	-0.1848	0.03565
1.013	-0.184	0.03203
1.015	-0.1841	0.03058
1.017	-0.1853	0.03645
1.019	-0.1853	0.03851
1.02	-0.1854	0.03589
1.019	-0.1864	0.03528
1.015	-0.1865	0.03363
1.013	-0.1859	0.03299
1.014	-0.186	0.03468
1.013	-0.1863	0.03718
1.013	-0.1875	0.03822
1.016	-0.1895	0.03553
1.017	-0.1883	0.03572
1.016	-0.1845	0.03666
1.017	-0.1831	0.03193
1.016	-0.1836	0.03106
1.016	-0.183	0.03552
1.018	-0.183	0.03639
1.017	-0.1858	0.03614
1.014	-0.188	0.03531
1.012	-0.1885	0.03169
1.014	-0.1887	0.03287
1.015	-0.1863	0.03898
1.015	-0.1847	0.04137
1.016	-0.1862	0.03999
1.016	-0.1874	0.03738
1.016	-0.1871	0.03483
1.016	-0.1855	0.03491
1.015	-0.1843	0.03585
1.015	-0.1846	0.03481
1.016	-0.1841	0.03125
1.017	-0.1848	0.02814
1.017	-0.1863	0.02965
1.015	-0.1859	0.03301
1.014	-0.1872	0.03641
1.014	-0.1907	0.0386
1.015	-0.1901	0.03839
1.014	-0.1848	0.04062
1.014	-0.1809	0.0411
1.016	-0.1812	0.03695
1.016	-0.182	0.03529
1.017	-0.1846	0.03548
1.017	-0.1887	0.03364
1.018	-0.189	0.03066
1.017	-0.1894	0.03098
1.015	-0.1889	0.03095
1.014	-0.1854	0.03108
1.014	-0.1841	0.03828
1.014	-0.1843	0.04037
1.015	-0.193	0.03995
1.014	-0.1863	0.03547
1.014	-0.1829	0.03463
1.014	-0.1818	0.03566
1.014	-0.1814	0.03729
1.015	-0.184	0.03624
1.017	-0.1857	0.03493
1.019	-0.1856	0.03509
1.018	-0.1878	0.03324
1.018	-0.1885	0.03271
1.019	-0.1881	0.03336
1.015	-0.1884	0.03531
1.012	-0.1869	0.03845
1.011	-0.1858	0.03768
1.011	-0.1859	0.03563
1.013	-0.1849	0.03227
1.015	-0.1847	0.03101
1.017	-0.1856	0.03699
1.019	-0.1854	0.0391
1.02	-0.1852	0.03646
1.019	-0.186	0.03578
1.015	-0.186	0.03402
1.013	-0.1853	0.03326
1.014	-0.1855	0.03482
1.013	-0.1859	0.03721
1.013	-0.1871	0.03815
1.016	-0.1892	0.03539
1.017	-0.1881	0.03553
1.016	-0.1845	0.03644
1.017	-0.1832	0.03171
1.016	-0.1837	0.03087
1.016	-0.1831	0.03536
1.018	-0.1832	0.03627
1.017	-0.186	0.03606
1.014	-0.1882	0.03528
1.012	-0.1887	0.0317
1.014	-0.1888	0.03291
1.015	-0.1864	0.03904
1.015	-0.1847	0.04145
1.016	-0.1862	0.04007
1.016	-0.1873	0.03746
1.016	-0.187	0.03489
1.016	-0.1855	0.03496
1.015	-0.1842	0.03588
1.015	-0.1845	0.03483
1.016	-0.1841	0.03125
1.017	-0.1847	0.02813
1.017	-0.1863	0.02963
1.015	-0.1858	0.03299
1.014	-0.1872	0.03638
1.014	-0.1907	0.03857
1.015	-0.1901	0.03836
1.014	-0.1848	0.0406
1.014	-0.1809	0.04108
1.016	-0.1812	0.03694
1.016	-0.182	0.03528
1.017	-0.1846	0.03549
1.017	-0.1887	0.03365
1.018	-0.189	0.03067
1.017	-0.1894	0.03099
1.015	-0.1889	0.03096
1.014	-0.1854	0.03109
1.014	-0.1841	0.03829
1.014	-0.1843	0.04038
1.014	-0.1857	0.0386
1.015	-0.1876	0.04006
1.015	-0.1882	0.03596
1.015	-0.1882	0.03329
1.015	-0.185	0.03248
1.015	-0.1829	0.03189
1.016	-0.1838	0.03666
1.019	-0.1828	0.03784
1.019	-0.183	0.03714
1.015	-0.1844	0.03612
1.014	-0.185	0.03328
1.016	-0.1874	0.03386
1.017	-0.1903	0.03349
1.015	-0.1914	0.03351
1.012	-0.1888	0.03522
1.011	-0.1863	0.03596
1.015	-0.1857	0.0372
1.018	-0.1835	0.03561
1.018	-0.1835	0.03596
1.018	-0.1838	0.04042
1.014	-0.1826	0.03861
1.012	-0.1859	0.03069
1.015	-0.188	0.02948
1.015	-0.1874	0.03899
1.015	-0.1879	0.04085
1.016	-0.187	0.0308
1.016	-0.1859	0.02883
1.017	-0.1836	0.03268
1.02	-0.1825	0.0342
1.018	-0.1856	0.03822
1.014	-0.1871	0.03928
1.012	-0.188	0.03751
1.014	-0.1892	0.03903
1.015	-0.1884	0.03873
1.013	-0.1862	0.0364
1.014	-0.1817	0.03459
1.014	-0.1807	0.02979
1.017	-0.1864	0.02661
1.02	-0.1886	0.03047
1.016	-0.1858	0.03409
1.015	-0.1863	0.03619
1.015	-0.1862	0.04173
1.014	-0.1843	0.04326
1.015	-0.1859	0.03798
1.014	-0.1866	0.0345
1.013	-0.1864	0.03524
1.015	-0.1867	0.03562
1.015	-0.185	0.03302
1.017	-0.1856	0.03301
1.017	-0.1868	0.03599
1.016	-0.1857	0.03593
1.017	-0.1863	0.03518
1.016	-0.1863	0.03464
1.015	-0.1856	0.0341
1.016	-0.1865	0.03586
1.016	-0.1866	0.03771
1.015	-0.1864	0.03813
1.013	-0.1863	0.03536
1.012	-0.1841	0.03014
1.014	-0.1828	0.02977
1.016	-0.1853	0.03432
1.017	-0.1866	0.0358
1.016	-0.1861	0.03476
1.016	-0.1875	0.03522
1.016	-0.1863	0.03709
1.016	-0.1879	0.04058
1.015	-0.1884	0.03756
1.015	-0.1883	0.03528
1.015	-0.185	0.03439
1.014	-0.1829	0.03342
1.015	-0.1837	0.03766
1.018	-0.1828	0.03828
1.018	-0.183	0.03706
1.015	-0.1843	0.03563
1.014	-0.1849	0.03251
1.016	-0.1873	0.03294
1.016	-0.1903	0.03254
1.015	-0.1913	0.03263
1.012	-0.1888	0.0345
1.011	-0.1863	0.03544
1.015	-0.1857	0.0369
1.018	-0.1834	0.03552
1.018	-0.1835	0.03605
1.018	-0.1838	0.04066
1.015	-0.1826	0.03895
1.012	-0.1859	0.03109
1.015	-0.188	0.02989
1.015	-0.1874	0.03937
1.015	-0.188	0.04117
1.016	-0.187	0.03104
1.016	-0.186	0.02898
1.017	-0.1836	0.03275
1.019	-0.1825	0.0342
1.018	-0.1856	0.03815
1.014	-0.1871	0.03916
1.012	-0.188	0.03737
1.014	-0.1892	0.03888
1.015	-0.1884	0.03858
1.013	-0.1862	0.03626
1.014	-0.1817	0.03448
1.014	-0.1807	0.02971
1.017	-0.1864	0.02657
1.02	-0.1886	0.03046
1.016	-0.1858	0.0341
1.015	-0.1863	0.03622
1.015	-0.1862	0.04178
1.014	-0.1843	0.04332
1.015	-0.1859	0.03804
1.014	-0.1866	0.03455
1.013	-0.1864	0.03528
1.015	-0.1867	0.03566
1.015	-0.185	0.03305
1.017	-0.1856	0.03302
1.017	-0.1868	0.03599
1.016	-0.1857	0.03592
1.017	-0.1863	0.03517
1.016	-0.1863	0.03462
1.015	-0.1856	0.03408
1.016	-0.1865	0.03584
1.016	-0.1866	0.03769
1.015	-0.1864	0.03811
1.013	-0.1863	0.03535
1.012	-0.1841	0.03014
1.014	-0.1828	0.02977
1.016	-0.1853	0.03432
1.017	-0.1866	0.0358
1.016	-0.1861	0.03477
1.016	-0.1875	0.03523
1.016	-0.1879	0.03578
1.016	-0.1875	0.03898
1.016	-0.1881	0.04378
1.015	-0.1863	0.04119
1.014	-0.1853	0.03121
1.016	-0.1845	0.02666
1.016	-0.1803	0.03305
1.014	-0.1795	0.03655
1.014	-0.1848	0.03493
1.014	-0.1883	0.03677
1.016	-0.1885	0.03576
1.018	-0.1891	0.03569
1.018	-0.1885	0.04002
1.018	-0.1861	0.03814
1.015	-0.1868	0.03322
1.013	-0.1921	0.03184
1.014	-0.1919	0.03456
1.014	-0.18	0.03685
1.014	-0.1756	0.03523
1.016	-0.1843	0.03456
1.016	-0.1859	0.03345
1.013	-0.1848	0.03269
1.013	-0.189	0.03316
1.015	-0.1885	0.03182
1.018	-0.187	0.03407
1.018	-0.1857	0.03982
1.016	-0.1834	0.04287
1.015	-0.1843	0.03955
1.016	-0.1836	0.03444
1.017	-0.1839	0.03392
1.016	-0.1875	0.0343
1.015	-0.1877	0.0356
1.015	-0.1879	0.03585
1.015	-0.1915	0.03396
1.016	-0.1912	0.03448
1.016	-0.1841	0.03447
1.015	-0.1814	0.03568
1.012	-0.1849	0.0355
1.011	-0.1843	0.03151
1.017	-0.1839	0.03379
1.019	-0.186	0.03724
1.018	-0.1857	0.03635
1.017	-0.1868	0.0368
1.013	-0.1869	0.03512
1.012	-0.1852	0.03363
1.015	-0.185	0.0357
1.015	-0.184	0.03544
1.015	-0.1842	0.03619
1.016	-0.1865	0.03773
1.016	-0.1878	0.03575
1.016	-0.1877	0.03347
1.016	-0.1875	0.03245
1.016	-0.1886	0.03673
1.015	-0.1885	0.03913
1.013	-0.1861	0.0345
1.014	-0.1845	0.03521
1.015	-0.1829	0.03656
1.014	-0.1826	0.03509
1.017	-0.1848	0.03648
1.018	-0.1871	0.03707
1.018	-0.1882	0.03713
1.016	-0.1854	0.03258
1.013	-0.1821	0.02823
1.014	-0.1839	0.03205
1.018	-0.1855	0.03387
1.015	-0.1884	0.03673
1.014	-0.1906	0.04187
1.013	-0.1893	0.03998
1.013	-0.1879	0.03082
1.015	-0.1864	0.02705
1.015	-0.1813	0.03408
1.014	-0.1797	0.03802
1.014	-0.1844	0.03661
1.015	-0.1874	0.03845
1.017	-0.1873	0.03728
1.019	-0.1878	0.03691
1.019	-0.1872	0.04087
1.019	-0.1851	0.0386
1.016	-0.186	0.0333
1.013	-0.1917	0.0316
1.014	-0.1918	0.03406
1.013	-0.1801	0.03619
1.014	-0.176	0.03449
1.016	-0.1848	0.03382
1.015	-0.1865	0.03278
1.013	-0.1854	0.03213
1.012	-0.1895	0.03275
1.015	-0.189	0.03157
1.018	-0.1873	0.03398
1.017	-0.1859	0.03986
1.016	-0.1835	0.04302
1.015	-0.1842	0.03978
1.016	-0.1834	0.03471
1.017	-0.1837	0.03421
1.016	-0.1873	0.03457
1.015	-0.1875	0.03583
1.015	-0.1877	0.03604
1.015	-0.1913	0.03409
1.016	-0.1911	0.03454
1.016	-0.184	0.03449
1.015	-0.1814	0.03565
1.012	-0.1849	0.03543
1.011	-0.1844	0.03141
1.016	-0.184	0.03368
1.019	-0.1861	0.03714
1.018	-0.1858	0.03625
1.017	-0.1869	0.03672
1.013	-0.187	0.03506
1.012	-0.1853	0.0336
1.015	-0.185	0.03568
1.015	-0.184	0.03545
1.015	-0.1842	0.03621
1.016	-0.1865	0.03776
1.016	-0.1878	0.03579
1.016	-0.1877	0.03351
1.016	-0.1874	0.03248
1.016	-0.1886	0.03676
1.015	-0.1884	0.03916
1.013	-0.1861	0.03452
1.015	-0.1845	0.03522
1.015	-0.1829	0.03656
1.014	-0.1826	0.03509
1.017	-0.1848	0.03647
1.018	-0.1871	0.03705
1.018	-0.1882	0.03712
1.016	-0.1855	0.03256
1.013	-0.1821	0.02821
1.014	-0.1839	0.03204
1.015	-0.1866	0.03375
1.016	-0.1882	0.03461
1.016	-0.1897	0.03682
1.015	-0.1888	0.03654
1.014	-0.1865	0.03954
1.013	-0.185	0.04093
1.014	-0.1844	0.03795
1.015	-0.1833	0.03577
1.014	-0.1844	0.03266
1.016	-0.187	0.03163
1.017	-0.1856	0.03275
1.017	-0.1857	0.0331
1.016	-0.1855	0.03532
1.015	-0.1828	0.03707
1.015	-0.1865	0.0373
1.015	-0.1887	0.03788
1.015	-0.1862	0.03626
1.017	-0.1878	0.03381
1.015	-0.188	0.03357
1.015	-0.1867	0.03416
1.018	-0.1874	0.0367
1.018	-0.187	0.03823
1.016	-0.1841	0.03395
1.016	-0.181	0.0317
1.015	-0.182	0.03398
1.012	-0.1849	0.03564
1.01	-0.1855	0.03735
1.014	-0.1864	0.03621
1.016	-0.1897	0.03418
1.016	-0.1909	0.03553
1.017	-0.1864	0.03699
1.016	-0.183	0.03712
1.015	-0.1826	0.03329
1.015	-0.183	0.03219
1.015	-0.1892	0.03917
1.015	-0.1922	0.04019
1.016	-0.1865	0.03588
1.016	-0.1844	0.03663
1.016	-0.1849	0.03576
1.018	-0.1831	0.03108
1.017	-0.1833	0.03041
1.014	-0.185	0.03322
1.014	-0.1864	0.03393
1.015	-0.1865	0.03428
1.016	-0.1862	0.03681
1.015	-0.1856	0.03926
1.012	-0.1847	0.03797
1.012	-0.1869	0.03074
1.014	-0.1884	0.02856
1.017	-0.1892	0.03661
1.018	-0.1931	0.03997
1.018	-0.1911	0.03897
1.016	-0.1824	0.03838
1.013	-0.1779	0.03351
1.013	-0.1784	0.03487
1.016	-0.1812	0.03767
1.02	-0.1864	0.0317
1.02	-0.1904	0.0321
1.015	-0.1882	0.03602
1.013	-0.1851	0.03822
1.015	-0.1841	0.04377
1.013	-0.1835	0.04092
1.011	-0.1874	0.03247
1.013	-0.1914	0.02876
1.013	-0.1862	0.02719
1.017	-0.1875	0.03061
1.019	-0.1887	0.03461
1.018	-0.1877	0.03555
1.018	-0.1854	0.03932
1.016	-0.184	0.04117
1.016	-0.1836	0.03844
1.016	-0.1826	0.03635
1.014	-0.184	0.03324
1.015	-0.1868	0.03215
1.015	-0.1856	0.03318
1.015	-0.1858	0.03343
1.015	-0.1857	0.03554
1.013	-0.1831	0.0372
1.014	-0.1868	0.03736
1.014	-0.189	0.03788
1.015	-0.1865	0.03622
1.017	-0.1881	0.03374
1.015	-0.1882	0.03349
1.015	-0.1868	0.03408
1.019	-0.1874	0.03663
1.019	-0.187	0.03818
1.016	-0.1841	0.03391
1.016	-0.1809	0.03167
1.016	-0.1819	0.03398
1.012	-0.1848	0.03565
1.011	-0.1854	0.03737
1.014	-0.1863	0.03623
1.016	-0.1896	0.0342
1.016	-0.1909	0.03555
1.017	-0.1864	0.03701
1.016	-0.183	0.03714
1.015	-0.1826	0.0333
1.015	-0.183	0.0322
1.015	-0.1892	0.03917
1.015	-0.1922	0.04019
1.016	-0.1865	0.03588
1.016	-0.1845	0.03662
1.016	-0.1849	0.03575
1.018	-0.1832	0.03107
1.017	-0.1833	0.0304
1.015	-0.185	0.03321
1.014	-0.1864	0.03393
1.015	-0.1865	0.03428
1.016	-0.1862	0.03681
1.015	-0.1856	0.03927
1.012	-0.1847	0.03797
1.012	-0.1869	0.03074
1.014	-0.1884	0.02856
1.017	-0.1892	0.03662
1.018	-0.1931	0.03997
1.018	-0.1911	0.03898
1.016	-0.1824	0.03838
1.013	-0.1779	0.03351
1.013	-0.1784	0.03487
1.016	-0.1812	0.03767
1.02	-0.1864	0.0317
1.02	-0.1904	0.03209
1.015	-0.1882	0.03602
1.013	-0.1851	0.03822
1.015	-0.1841	0.04377
1.013	-0.1835	0.04092
1.011	-0.1874	0.03247
1.013	-0.1914	0.02876
1.016	-0.1912	0.02822
1.017	-0.1887	0.02921
1.016	-0.1831	0.03145
1.015	-0.1815	0.03796
1.016	-0.1843	0.04163
1.017	-0.1833	0.04045
1.017	-0.1837	0.039
1.015	-0.1881	0.03455
1.015	-0.1899	0.03447
1.019	-0.1879	0.03569
1.019	-0.1844	0.0334
1.014	-0.1833	0.03345
1.013	-0.1856	0.03265
1.014	-0.1867	0.03527
1.013	-0.1862	0.03851
1.013	-0.1875	0.03505
1.015	-0.1878	0.03124
1.015	-0.187	0.02959
1.016	-0.1858	0.03345
1.017	-0.1829	0.03823
1.016	-0.1828	0.03986
1.017	-0.1849	0.04253
1.017	-0.1859	0.04036
1.016	-0.1867	0.03765
1.014	-0.1872	0.03687
1.013	-0.1883	0.03249
1.015	-0.1868	0.03222
1.016	-0.1832	0.03495
1.016	-0.1829	0.03462
1.017	-0.1843	0.03204
1.016	-0.1859	0.03102
1.014	-0.188	0.03392
1.014	-0.1903	0.03378
1.013	-0.1893	0.03329
1.013	-0.1861	0.03539
1.015	-0.1864	0.03509
1.018	-0.1853	0.03599
1.019	-0.1844	0.03648
1.016	-0.1859	0.03526
1.015	-0.1848	0.0346
1.015	-0.1839	0.03636
1.015	-0.1833	0.04418
1.015	-0.1825	0.04479
1.014	-0.1825	0.0346
1.014	-0.1851	0.03258
1.014	-0.1916	0.03724
1.014	-0.1918	0.03567
1.014	-0.1869	0.03084
1.016	-0.1871	0.02986
1.016	-0.1896	0.03069
1.016	-0.189	0.03058
1.016	-0.183	0.03323
1.016	-0.1798	0.03679
1.016	-0.1824	0.03774
1.016	-0.1834	0.03904
1.015	-0.1854	0.03919
1.015	-0.1865	0.0369
1.015	-0.1845	0.03576
1.015	-0.1857	0.03481
1.016	-0.1886	0.0337
1.016	-0.189	0.03411
1.015	-0.1862	0.03384
1.015	-0.1853	0.03293
1.015	-0.1889	0.03337
1.016	-0.1955	0.03972
1.016	-0.1889	0.03653
1.014	-0.1811	0.03523
1.013	-0.1786	0.03892
1.015	-0.1814	0.04053
1.016	-0.181	0.03801
1.016	-0.1823	0.03586
1.015	-0.1875	0.03126
1.015	-0.1902	0.03144
1.019	-0.1888	0.0332
1.02	-0.1857	0.03162
1.015	-0.1847	0.03243
1.014	-0.187	0.03237
1.014	-0.188	0.03561
1.013	-0.1872	0.03934
1.013	-0.1882	0.0362
1.015	-0.1881	0.03254
1.015	-0.187	0.03089
1.016	-0.1856	0.03463
1.017	-0.1824	0.0392
1.016	-0.1822	0.04056
1.016	-0.1842	0.04295
1.017	-0.1852	0.0405
1.016	-0.1862	0.03755
1.014	-0.1868	0.03658
1.013	-0.188	0.03206
1.015	-0.1866	0.03172
1.016	-0.1832	0.03444
1.016	-0.183	0.03413
1.017	-0.1845	0.03163
1.016	-0.1861	0.0307
1.014	-0.1882	0.03371
1.015	-0.1905	0.03368
1.014	-0.1895	0.03329
1.013	-0.1863	0.03546
1.016	-0.1866	0.03523
1.018	-0.1854	0.03617
1.019	-0.1844	0.03667
1.016	-0.1859	0.03544
1.015	-0.1848	0.03477
1.015	-0.1839	0.03649
1.015	-0.1832	0.04428
1.015	-0.1824	0.04485
1.014	-0.1824	0.03462
1.014	-0.185	0.03256
1.014	-0.1915	0.0372
1.014	-0.1917	0.03561
1.014	-0.1869	0.03077
1.016	-0.1871	0.02979
1.016	-0.1896	0.03062
1.016	-0.189	0.03052
1.016	-0.183	0.03319
1.016	-0.1799	0.03676
1.016	-0.1824	0.03773
1.016	-0.1834	0.03904
1.015	-0.1854	0.0392
1.015	-0.1865	0.03692
1.015	-0.1845	0.03579
1.015	-0.1857	0.03483
1.016	-0.1886	0.03372
1.016	-0.189	0.03413
1.015	-0.1862	0.03385
1.015	-0.1853	0.03295
1.015	-0.1889	0.03338
1.015	-0.1896	0.03747
1.015	-0.1877	0.04216
1.015	-0.1868	0.03828
1.015	-0.1848	0.03427
1.013	-0.183	0.03714
1.013	-0.1819	0.03487
1.016	-0.1824	0.03274
1.019	-0.1836	0.03494
1.018	-0.1839	0.03292
1.018	-0.1863	0.0334
1.017	-0.1889	0.03496
1.015	-0.1882	0.03437
1.015	-0.1879	0.03591
1.013	-0.1881	0.03362
1.011	-0.1853	0.03305
1.013	-0.1843	0.03706
1.014	-0.1867	0.03693
1.015	-0.185	0.03622
1.017	-0.1823	0.03692
1.017	-0.1835	0.0379
1.017	-0.188	0.03708
1.016	-0.1921	0.03124
1.017	-0.1895	0.03088
1.017	-0.1849	0.04033
1.014	-0.1834	0.04242
1.012	-0.1833	0.0331
1.012	-0.1849	0.02997
1.013	-0.1872	0.03309
1.017	-0.1911	0.03431
1.02	-0.1901	0.037
1.019	-0.1829	0.0362
1.016	-0.181	0.03413
1.014	-0.1809	0.03616
1.014	-0.1813	0.03661
1.014	-0.1871	0.03849
1.013	-0.1893	0.03816
1.014	-0.1843	0.03245
1.015	-0.1837	0.03126
1.017	-0.1895	0.03436
1.018	-0.1899	0.03718
1.015	-0.1881	0.03638
1.015	-0.1894	0.03475
1.015	-0.1874	0.03579
1.014	-0.1832	0.0338
1.017	-0.181	0.03277
1.018	-0.1831	0.03479
1.015	-0.1861	0.03637
1.015	-0.1868	0.03869
1.015	-0.1887	0.03679
1.015	-0.1886	0.03451
1.015	-0.1863	0.03698
1.015	-0.1851	0.03568
1.015	-0.1841	0.02974
1.014	-0.184	0.02924
1.014	-0.1843	0.03764
1.017	-0.1865	0.04031
1.02	-0.1882	0.03353
1.018	-0.1864	0.03411
1.014	-0.1842	0.03879
1.012	-0.1829	0.03886
1.014	-0.1851	0.0383
1.015	-0.1872	0.03701
1.014	-0.1875	0.03589
1.015	-0.191	0.03495
1.015	-0.1862	0.0301
1.016	-0.1861	0.03625
1.017	-0.1865	0.03393
1.016	-0.1854	0.03147
1.014	-0.1841	0.03577
1.013	-0.1833	0.03469
1.016	-0.1837	0.03351
1.019	-0.1847	0.03637
1.018	-0.1848	0.03472
1.017	-0.1868	0.03533
1.016	-0.189	0.03679
1.014	-0.188	0.03595
1.014	-0.1875	0.03712
1.013	-0.1876	0.03443
1.011	-0.1846	0.03344
1.013	-0.1837	0.03707
1.014	-0.1861	0.03663
1.016	-0.1846	0.03568
1.018	-0.1819	0.03624
1.018	-0.1833	0.03716
1.017	-0.1879	0.03635
1.017	-0.1922	0.0306
1.017	-0.1896	0.03037
1.017	-0.1851	0.03996
1.014	-0.1837	0.04222
1.012	-0.1836	0.03304
1.012	-0.1852	0.03004
1.013	-0.1874	0.03326
1.017	-0.1912	0.03455
1.02	-0.1902	0.03727
1.019	-0.183	0.03647
1.016	-0.181	0.03438
1.014	-0.1809	0.03638
1.014	-0.1812	0.03677
1.014	-0.187	0.03859
1.013	-0.1892	0.03821
1.014	-0.1842	0.03245
1.015	-0.1836	0.03122
1.017	-0.1894	0.03429
1.018	-0.1899	0.03708
1.016	-0.1881	0.03628
1.015	-0.1894	0.03466
1.015	-0.1874	0.03571
1.014	-0.1832	0.03373
1.017	-0.181	0.03272
1.018	-0.1831	0.03476
1.015	-0.1861	0.03636
1.015	-0.1868	0.0387
1.015	-0.1888	0.03681
1.015	-0.1887	0.03454
1.015	-0.1863	0.03702
1.015	-0.1851	0.03571
1.015	-0.1841	0.02977
1.014	-0.184	0.02927
1.014	-0.1843	0.03766
1.017	-0.1864	0.04032
1.02	-0.1882	0.03354
1.018	-0.1864	0.03411
1.014	-0.1842	0.03879
1.012	-0.1829	0.03885
1.014	-0.1851	0.03828
1.015	-0.1872	0.037
1.014	-0.1875	0.03588
1.015	-0.191	0.03494
1.015	-0.1899	0.03436
1.014	-0.184	0.03395
1.017	-0.1814	0.03076
1.018	-0.1823	0.03087
1.017	-0.1878	0.03584
1.016	-0.1899	0.03645
1.013	-0.1847	0.0316
1.013	-0.1836	0.03127
1.014	-0.1859	0.03723
1.017	-0.1858	0.03859
1.019	-0.1858	0.03699
1.017	-0.1834	0.03893
1.015	-0.1816	0.03893
1.013	-0.1869	0.0372
1.014	-0.1899	0.037
1.016	-0.1878	0.03655
1.014	-0.1872	0.03412
1.015	-0.1856	0.02884
1.015	-0.1865	0.02697
1.014	-0.1888	0.03198
1.014	-0.1878	0.0357
1.014	-0.1888	0.03652
1.015	-0.187	0.03862
1.017	-0.1822	0.04087
1.018	-0.182	0.04283
1.016	-0.1831	0.04082
1.015	-0.1843	0.03323
1.018	-0.1848	0.03048
1.017	-0.1834	0.03439
1.014	-0.1835	0.03489
1.013	-0.1856	0.03218
1.014	-0.1872	0.0315
1.016	-0.1888	0.03201
1.018	-0.1905	0.03429
1.018	-0.1892	0.0371
1.015	-0.1872	0.03593
1.012	-0.1872	0.03413
1.014	-0.1856	0.03569
1.015	-0.184	0.04061
1.016	-0.1833	0.04381
1.016	-0.1827	0.03729
1.014	-0.1841	0.03077
1.014	-0.1865	0.03185
1.014	-0.188	0.02969
1.016	-0.187	0.02963
1.018	-0.1863	0.03951
1.017	-0.1862	0.04433
1.015	-0.1852	0.03918
1.014	-0.1865	0.03372
1.015	-0.1866	0.03098
1.016	-0.1856	0.03271
1.016	-0.1859	0.03404
1.016	-0.1848	0.03241
1.016	-0.1853	0.03529
1.016	-0.1857	0.0371
1.015	-0.1859	0.03622
1.014	-0.1906	0.0378
1.014	-0.191	0.03738
1.016	-0.1839	0.03709
1.016	-0.1811	0.03592
1.014	-0.1829	0.03368
1.013	-0.1821	0.03493
1.016	-0.1841	0.03473
1.016	-0.1874	0.03417
1.017	-0.1892	0.03163
1.015	-0.1854	0.03495
1.017	-0.184	0.03384
1.017	-0.1852	0.03476
1.016	-0.1905	0.03964
1.015	-0.1922	0.03955
1.012	-0.1862	0.03369
1.013	-0.1844	0.03226
1.014	-0.186	0.03717
1.017	-0.1853	0.03768
1.02	-0.185	0.03546
1.018	-0.1823	0.03704
1.015	-0.1804	0.03695
1.014	-0.1858	0.03533
1.015	-0.1889	0.03541
1.016	-0.1871	0.03535
1.014	-0.1868	0.03337
1.015	-0.1854	0.02853
1.015	-0.1866	0.02707
1.014	-0.189	0.03241
1.014	-0.1882	0.03636
1.014	-0.1893	0.03732
1.015	-0.1875	0.03946
1.017	-0.1826	0.04167
1.018	-0.1824	0.04353
1.016	-0.1835	0.04137
1.015	-0.1845	0.03361
1.018	-0.1849	0.03068
1.017	-0.1834	0.03442
1.014	-0.1835	0.03479
1.013	-0.1855	0.03197
1.014	-0.187	0.03122
1.016	-0.1886	0.0317
1.018	-0.1903	0.03398
1.018	-0.189	0.03682
1.015	-0.187	0.0357
1.012	-0.1871	0.03395
1.014	-0.1855	0.03558
1.015	-0.184	0.04056
1.016	-0.1833	0.04382
1.016	-0.1827	0.03735
1.014	-0.1841	0.03086
1.014	-0.1866	0.03196
1.014	-0.1881	0.0298
1.016	-0.1871	0.02974
1.018	-0.1863	0.0396
1.017	-0.1863	0.0444
1.015	-0.1852	0.03923
1.014	-0.1865	0.03375
1.015	-0.1866	0.03098
1.016	-0.1856	0.03269
1.016	-0.1859	0.03402
1.016	-0.1848	0.03237
1.016	-0.1853	0.03525
1.016	-0.1857	0.03706
1.015	-0.1858	0.03618
1.014	-0.1905	0.03777
1.014	-0.191	0.03736
1.016	-0.1839	0.03708
1.016	-0.1811	0.03591
1.014	-0.1829	0.03368
1.013	-0.1821	0.03494
1.016	-0.1841	0.03474
1.016	-0.1874	0.03419
1.016	-0.1861	0.03406
1.017	-0.1874	0.03237
1.016	-0.1882	0.03249
1.016	-0.1867	0.03589
1.016	-0.1878	0.04101
1.015	-0.1869	0.03906
1.016	-0.1866	0.03412
1.016	-0.1869	0.0356
1.015	-0.1843	0.03498
1.013	-0.1838	0.03366
1.013	-0.1847	0.03497
1.016	-0.1863	0.03395
1.017	-0.1877	0.03452
1.015	-0.1869	0.03579
1.015	-0.186	0.03695
1.015	-0.1838	0.03792
1.014	-0.1831	0.03386
1.016	-0.1859	0.03275
1.018	-0.1904	0.03695
1.017	-0.1918	0.03714
1.015	-0.1844	0.03613
1.015	-0.1795	0.03665
1.015	-0.1825	0.03558
1.016	-0.1827	0.03523
1.016	-0.1842	0.0351
1.017	-0.1882	0.03234
1.017	-0.1881	0.03104
1.011	-0.1869	0.03328
1.01	-0.1866	0.03558
1.015	-0.1886	0.03652
1.017	-0.19	0.03563
1.016	-0.188	0.03534
1.016	-0.1871	0.03715
1.017	-0.1855	0.03602
1.017	-0.1844	0.0342
1.017	-0.1851	0.03727
1.015	-0.1816	0.03889
1.016	-0.1804	0.03733
1.018	-0.1838	0.03712
1.016	-0.1869	0.03214
1.013	-0.1892	0.02824
1.012	-0.189	0.0342
1.015	-0.1872	0.03651
1.015	-0.1848	0.0375
1.015	-0.1838	0.04113
1.015	-0.1859	0.03642
1.014	-0.1871	0.0347
1.015	-0.1876	0.03739
1.016	-0.1876	0.03399
1.017	-0.1856	0.03025
1.017	-0.1847	0.02783
1.015	-0.185	0.03218
1.014	-0.1845	0.04251
1.015	-0.1848	0.04263
1.016	-0.1869	0.03218
1.016	-0.1873	0.02869
1.017	-0.1853	0.03653
1.016	-0.1843	0.03913
1.014	-0.1851	0.03772
1.015	-0.1869	0.03805
1.016	-0.188	0.03315
1.016	-0.1866	0.03323
1.015	-0.1856	0.03504
1.014	-0.1859	0.03167
