1.067	-0.6436	-0.2524
1.024	-0.5894	-0.1974
1.042	-0.4663	-0.1617
0.9644	-0.4022	-0.1214
0.8567	-0.3965	-0.1017
0.8613	-0.3992	-0.09354
0.9159	-0.4088	-0.08926
0.9629	-0.4087	-0.1046
0.9001	-0.4072	-0.09137
0.7679	-0.3834	-0.08854
0.7312	-0.3327	-0.1108
0.765	-0.3152	-0.1279
0.8142	-0.3297	-0.1495
0.8231	-0.338	-0.1134
0.822	-0.3314	-0.05504
0.8386	-0.3124	-0.03941
0.7956	-0.2806	-0.001145
0.7722	-0.2634	0.04562
0.7823	-0.2932	0.03866
0.8111	-0.3342	0.01453
0.8683	-0.3519	0.02389
0.8297	-0.3274	0.0317
0.7956	-0.2744	0.03609
0.8569	-0.251	0.05878
0.9132	-0.2331	0.03573
0.9742	-0.2315	-0.0077
1.026	-0.3026	-0.04682
1.119	-0.4397	-0.1264
1.299	-0.6207	-0.1805
1.376	-0.677	-0.1745
1.315	-0.5141	-0.1392
1.274	-0.3303	-0.09627
1.244	-0.2649	-0.08813
1.147	-0.3301	-0.1505
1.032	-0.4769	-0.276
0.9798	-0.5895	-0.3457
0.9752	-0.6131	-0.3114
0.9381	-0.6058	-0.2942
0.9282	-0.619	-0.3063
0.9927	-0.542	-0.2643
0.9998	-0.4071	-0.2113
0.9804	-0.3612	-0.2074
0.9879	-0.3156	-0.1998
0.9689	-0.275	-0.1809
0.9591	-0.2773	-0.1825
0.8847	-0.2468	-0.1726
0.7456	-0.2178	-0.1406
0.6717	-0.2137	-0.1111
0.6482	-0.2488	-0.1133
0.6421	-0.2893	-0.1314
0.6469	-0.2971	-0.1411
0.7082	-0.3037	-0.1739
0.804	-0.2858	-0.2051
0.8458	-0.2779	-0.2138
0.8728	-0.2734	-0.2238
0.9168	-0.2333	-0.2159
0.9959	-0.1991	-0.2074
1.065	-0.1829	-0.21
1.07	-0.1945	-0.1978
1.069	-0.195	-0.2009
1.069	-0.2013	-0.2369
1.088	-0.2684	-0.28
1.113	-0.3493	-0.293
1.115	-0.4213	-0.2625
1.145	-0.4676	-0.2234
1.213	-0.5395	-0.2002
1.308	-0.6654	-0.2311
1.315	-0.7321	-0.281
1.16	-0.7284	-0.2536
1.001	-0.6831	-0.2128
0.9612	-0.6137	-0.1857
1.031	-0.5511	-0.1132
1.082	-0.4495	-0.05914
1.064	-0.3527	-0.05402
1.047	-0.3197	-0.08557
1.002	-0.2988	-0.1239
0.9347	-0.319	-0.1183
0.8349	-0.3772	-0.1067
0.7127	-0.3736	-0.09246
0.6929	-0.3479	-0.07663
0.6841	-0.337	-0.07347
0.6445	-0.2894	-0.04567
0.6658	-0.2361	-0.02536
0.6671	-0.2007	-0.01561
0.7076	-0.206	-0.0009766
0.8118	-0.2551	-0.004699
0.8224	-0.2966	-0.002953
0.8195	-0.3578	-0.0005331
0.8736	-0.4076	0.006544
0.917	-0.4076	0.02817
0.9484	-0.3854	0.04099
0.9551	-0.3204	0.05338
0.9742	-0.269	0.05003
1.048	-0.2649	0.01318
1.168	-0.3226	-0.05549
1.318	-0.4689	-0.1271
1.358	-0.5524	-0.1264
1.222	-0.5197	-0.07955
1.102	-0.4745	-0.07457
1.107	-0.4562	-0.131
1.087	-0.4933	-0.2355
0.9709	-0.5604	-0.3171
0.893	-0.6003	-0.3281
0.898	-0.6068	-0.3155
0.9804	-0.605	-0.2962
1.08	-0.609	-0.2746
1.051	-0.5894	-0.261
0.969	-0.507	-0.2184
0.9312	-0.4072	-0.1658
0.9061	-0.3974	-0.1774
0.8878	-0.3819	-0.2135
0.8086	-0.2701	-0.2052
0.7404	-0.2459	-0.1957
0.7388	-0.2854	-0.1689
0.6712	-0.2548	-0.1187
0.6349	-0.2578	-0.1372
0.6851	-0.2763	-0.167
0.7065	-0.2611	-0.1808
0.7595	-0.272	-0.2285
0.8171	-0.2736	-0.2338
0.8217	-0.2741	-0.2148
0.8594	-0.2786	-0.2255
0.8994	-0.2417	-0.2406
0.9381	-0.2165	-0.2708
1.024	-0.2323	-0.2897
1.077	-0.2693	-0.2897
1.077	-0.3147	-0.2916
1.072	-0.3503	-0.2724
1.145	-0.4676	-0.2234
1.213	-0.5395	-0.2002
1.308	-0.6654	-0.2311
1.315	-0.7321	-0.281
1.16	-0.7284	-0.2536
1.001	-0.6831	-0.2128
0.9612	-0.6137	-0.1857
1.031	-0.5511	-0.1132
1.082	-0.4495	-0.05914
1.064	-0.3527	-0.05402
1.047	-0.3197	-0.08557
1.002	-0.2988	-0.1239
0.9347	-0.319	-0.1183
0.8349	-0.3772	-0.1067
0.7127	-0.3736	-0.09246
0.6929	-0.3479	-0.07663
0.6841	-0.337	-0.07347
0.6445	-0.2894	-0.04567
0.6658	-0.2361	-0.02536
0.6671	-0.2007	-0.01561
0.7076	-0.206	-0.0009766
0.8118	-0.2551	-0.004699
0.8224	-0.2966	-0.002953
0.8195	-0.3578	-0.0005331
0.8736	-0.4076	0.006544
0.917	-0.4076	0.02817
0.9484	-0.3854	0.04099
0.9551	-0.3204	0.05338
0.9742	-0.269	0.05003
1.048	-0.2649	0.01318
1.168	-0.3226	-0.05549
1.318	-0.4689	-0.1271
1.358	-0.5524	-0.1264
1.222	-0.5197	-0.07955
1.102	-0.4745	-0.07457
1.107	-0.4562	-0.131
1.087	-0.4933	-0.2355
0.9709	-0.5604	-0.3171
0.893	-0.6003	-0.3281
0.898	-0.6068	-0.3155
0.9804	-0.605	-0.2962
1.08	-0.609	-0.2746
1.051	-0.5894	-0.261
0.969	-0.507	-0.2184
0.9312	-0.4072	-0.1658
0.9061	-0.3974	-0.1774
0.8878	-0.3819	-0.2135
0.8086	-0.2701	-0.2052
0.7404	-0.2459	-0.1957
0.7388	-0.2854	-0.1689
0.6712	-0.2548	-0.1187
0.6349	-0.2578	-0.1372
0.6851	-0.2763	-0.167
0.7065	-0.2611	-0.1808
0.7595	-0.272	-0.2285
0.8171	-0.2736	-0.2338
0.8217	-0.2741	-0.2148
0.8594	-0.2786	-0.2255
0.8994	-0.2417	-0.2406
0.9381	-0.2165	-0.2708
1.024	-0.2323	-0.2897
1.077	-0.2693	-0.2897
1.077	-0.3147	-0.2916
1.072	-0.3503	-0.2724
1.068	-0.3627	-0.2481
1.07	-0.348	-0.2451
1.077	-0.3465	-0.2628
1.125	-0.3897	-0.2798
1.232	-0.5161	-0.2813
1.351	-0.7039	-0.3131
1.378	-0.7905	-0.3546
1.233	-0.7585	-0.3147
1.028	-0.6927	-0.2299
0.9582	-0.5728	-0.1762
1.02	-0.482	-0.1432
1.055	-0.4788	-0.126
1.037	-0.4548	-0.1212
1.038	-0.4256	-0.1183
1.005	-0.431	-0.1309
0.9325	-0.4206	-0.1483
0.8774	-0.4245	-0.1503
0.8027	-0.4356	-0.1301
0.7302	-0.4161	-0.104
0.6907	-0.3854	-0.0972
0.6563	-0.3347	-0.09342
0.6312	-0.2795	-0.0767
0.6638	-0.2401	-0.05274
0.749	-0.2183	-0.03716
0.7819	-0.2291	-0.03805
0.7795	-0.2621	-0.03291
0.8016	-0.3222	-0.01956
0.8243	-0.3843	0.001069
0.8667	-0.3868	0.03332
0.8897	-0.3389	0.04342
0.8849	-0.263	0.02884
0.9087	-0.1847	0.01716
0.9564	-0.1706	-0.009624
1.019	-0.2584	-0.0553
1.063	-0.4237	-0.09299
1.147	-0.5759	-0.1348
1.33	-0.6145	-0.1725
1.435	-0.5403	-0.1703
1.317	-0.4368	-0.1362
1.121	-0.3675	-0.1047
1.029	-0.3798	-0.1381
1.012	-0.5002	-0.2361
1.025	-0.6255	-0.3243
1.033	-0.6369	-0.3626
1.016	-0.5929	-0.3171
1.028	-0.5763	-0.2474
1.011	-0.5472	-0.2183
0.9522	-0.4825	-0.176
0.9089	-0.4203	-0.1553
0.8675	-0.3468	-0.1799
0.8571	-0.2503	-0.1997
0.8439	-0.188	-0.2125
0.8195	-0.1976	-0.2014
0.7776	-0.2358	-0.1811
0.6858	-0.2543	-0.1592
0.6477	-0.274	-0.1465
0.6634	-0.2749	-0.1704
0.703	-0.2545	-0.1951
0.7768	-0.2602	-0.234
0.815	-0.2509	-0.2582
0.8602	-0.2418	-0.2354
0.9301	-0.2374	-0.2362
0.9449	-0.2078	-0.239
0.9605	-0.2194	-0.2374
1.068	-0.3627	-0.2481
1.07	-0.348	-0.2451
1.077	-0.3465	-0.2628
1.125	-0.3897	-0.2798
1.232	-0.5161	-0.2813
1.351	-0.7039	-0.3131
1.378	-0.7905	-0.3546
1.233	-0.7585	-0.3147
1.028	-0.6927	-0.2299
0.9582	-0.5728	-0.1762
1.02	-0.482	-0.1432
1.055	-0.4788	-0.126
1.037	-0.4548	-0.1212
1.038	-0.4256	-0.1183
1.005	-0.431	-0.1309
0.9325	-0.4206	-0.1483
0.8774	-0.4245	-0.1503
0.8027	-0.4356	-0.1301
0.7302	-0.4161	-0.104
0.6907	-0.3854	-0.0972
0.6563	-0.3347	-0.09342
0.6312	-0.2795	-0.0767
0.6638	-0.2401	-0.05274
0.749	-0.2183	-0.03716
0.7819	-0.2291	-0.03805
0.7795	-0.2621	-0.03291
0.8016	-0.3222	-0.01956
0.8243	-0.3843	0.001069
0.8667	-0.3868	0.03332
0.8897	-0.3389	0.04342
0.8849	-0.263	0.02884
0.9087	-0.1847	0.01716
0.9564	-0.1706	-0.009624
1.019	-0.2584	-0.0553
1.063	-0.4237	-0.09299
1.147	-0.5759	-0.1348
1.33	-0.6145	-0.1725
1.435	-0.5403	-0.1703
1.317	-0.4368	-0.1362
1.121	-0.3675	-0.1047
1.029	-0.3798	-0.1381
1.012	-0.5002	-0.2361
1.025	-0.6255	-0.3243
1.033	-0.6369	-0.3626
1.016	-0.5929	-0.3171
1.028	-0.5763	-0.2474
1.011	-0.5472	-0.2183
0.9522	-0.4825	-0.176
0.9089	-0.4203	-0.1553
0.8675	-0.3468	-0.1799
0.8571	-0.2503	-0.1997
0.8439	-0.188	-0.2125
0.8195	-0.1976	-0.2014
0.7776	-0.2358	-0.1811
0.6858	-0.2543	-0.1592
0.6477	-0.274	-0.1465
0.6634	-0.2749	-0.1704
0.703	-0.2545	-0.1951
0.7768	-0.2602	-0.234
0.815	-0.2509	-0.2582
0.8602	-0.2418	-0.2354
0.9301	-0.2374	-0.2362
0.9449	-0.2078	-0.239
0.9605	-0.2194	-0.2374
1.045	-0.2313	-0.2646
1.074	-0.2259	-0.2692
1.031	-0.2586	-0.2412
1.049	-0.2768	-0.2169
1.061	-0.2719	-0.2248
1.085	-0.2824	-0.2528
1.2	-0.332	-0.2902
1.247	-0.3831	-0.339
1.22	-0.4051	-0.3281
1.216	-0.5369	-0.2847
1.223	-0.7564	-0.2662
1.196	-0.8016	-0.2275
1.122	-0.6546	-0.2334
1.085	-0.5156	-0.2563
1.099	-0.4332	-0.1928
1.122	-0.3761	-0.138
1.124	-0.3466	-0.1096
1.089	-0.3275	-0.09453
1.042	-0.3497	-0.1331
0.9799	-0.4026	-0.1536
0.8996	-0.419	-0.1465
0.7817	-0.4215	-0.1287
0.6687	-0.4195	-0.09703
0.637	-0.3979	-0.08481
0.6335	-0.354	-0.08331
0.6357	-0.2802	-0.08604
0.6655	-0.231	-0.08107
0.7443	-0.2299	-0.07583
0.829	-0.2421	-0.07034
0.8269	-0.2515	-0.04111
0.8015	-0.2554	-0.02355
0.8086	-0.2776	-0.007394
0.8602	-0.3289	0.008033
0.935	-0.3666	0.002966
0.9325	-0.3159	0.003616
0.9178	-0.2244	-0.005312
0.9422	-0.2221	0.006706
0.9565	-0.2481	0.02425
1.063	-0.2834	-0.04547
1.259	-0.4068	-0.1617
1.328	-0.4885	-0.2264
1.265	-0.5115	-0.1913
1.257	-0.5778	-0.1252
1.253	-0.5814	-0.1097
1.126	-0.5442	-0.1088
0.931	-0.584	-0.1217
0.8203	-0.5987	-0.1298
0.9198	-0.5691	-0.1383
1.04	-0.5607	-0.1988
1.004	-0.5222	-0.22
0.9798	-0.4856	-0.1786
0.9607	-0.4689	-0.1482
0.9094	-0.4474	-0.144
0.9094	-0.4444	-0.1562
0.8886	-0.3938	-0.1602
0.89	-0.3214	-0.2091
0.9076	-0.2816	-0.2698
0.8726	-0.2753	-0.2431
0.844	-0.3397	-0.2036
0.7824	-0.3669	-0.1831
0.7664	-0.3573	-0.1573
0.8184	-0.3364	-0.1531
0.8135	-0.2373	-0.1466
0.8358	-0.2055	-0.1445
1.045	-0.2313	-0.2646
1.074	-0.2259	-0.2692
1.031	-0.2586	-0.2412
1.049	-0.2768	-0.2169
1.061	-0.2719	-0.2248
1.085	-0.2824	-0.2528
1.2	-0.332	-0.2902
1.247	-0.3831	-0.339
1.22	-0.4051	-0.3281
1.216	-0.5369	-0.2847
1.223	-0.7564	-0.2662
1.196	-0.8016	-0.2275
1.122	-0.6546	-0.2334
1.085	-0.5156	-0.2563
1.099	-0.4332	-0.1928
1.122	-0.3761	-0.138
1.124	-0.3466	-0.1096
1.089	-0.3275	-0.09453
1.042	-0.3497	-0.1331
0.9799	-0.4026	-0.1536
0.8996	-0.419	-0.1465
0.7817	-0.4215	-0.1287
0.6687	-0.4195	-0.09703
0.637	-0.3979	-0.08481
0.6335	-0.354	-0.08331
0.6357	-0.2802	-0.08604
0.6655	-0.231	-0.08107
0.7443	-0.2299	-0.07583
0.829	-0.2421	-0.07034
0.8269	-0.2515	-0.04111
0.8015	-0.2554	-0.02355
0.8086	-0.2776	-0.007394
0.8602	-0.3289	0.008033
0.935	-0.3666	0.002966
0.9325	-0.3159	0.003616
0.9178	-0.2244	-0.005312
0.9422	-0.2221	0.006706
0.9565	-0.2481	0.02425
1.063	-0.2834	-0.04547
1.259	-0.4068	-0.1617
1.328	-0.4885	-0.2264
1.265	-0.5115	-0.1913
1.257	-0.5778	-0.1252
1.253	-0.5814	-0.1097
1.126	-0.5442	-0.1088
0.931	-0.584	-0.1217
0.8203	-0.5987	-0.1298
0.9198	-0.5691	-0.1383
1.04	-0.5607	-0.1988
1.004	-0.5222	-0.22
0.9798	-0.4856	-0.1786
0.9607	-0.4689	-0.1482
0.9094	-0.4474	-0.144
0.9094	-0.4444	-0.1562
0.8886	-0.3938	-0.1602
0.89	-0.3214	-0.2091
0.9076	-0.2816	-0.2698
0.8726	-0.2753	-0.2431
0.844	-0.3397	-0.2036
0.7824	-0.3669	-0.1831
0.7664	-0.3573	-0.1573
0.8184	-0.3364	-0.1531
0.8135	-0.2373	-0.1466
0.8358	-0.2055	-0.1445
0.8856	-0.2293	-0.168
0.9136	-0.2408	-0.1702
0.9458	-0.2866	-0.1533
0.9467	-0.2753	-0.1369
0.9559	-0.2366	-0.1073
0.9653	-0.1984	-0.1095
0.9436	-0.1385	-0.1361
0.9327	-0.1238	-0.1445
0.9389	-0.1532	-0.1616
0.983	-0.2183	-0.1707
1.023	-0.2431	-0.1664
0.9943	-0.21	-0.1569
0.9784	-0.2198	-0.137
1.063	-0.2776	-0.146
1.186	-0.3366	-0.149
1.229	-0.3202	-0.1124
1.208	-0.3033	-0.07946
1.228	-0.3995	-0.06937
1.287	-0.5038	-0.07881
1.281	-0.5656	-0.07648
1.205	-0.5799	-0.06174
1.111	-0.5549	-0.05951
1.039	-0.565	-0.06425
1.04	-0.5894	-0.09412
1.038	-0.6057	-0.1372
0.9852	-0.5923	-0.1639
0.971	-0.5456	-0.1875
0.9605	-0.5129	-0.2033
0.9018	-0.4538	-0.2001
0.7888	-0.3948	-0.1886
0.7011	-0.3807	-0.1859
0.7328	-0.3511	-0.1961
0.759	-0.3243	-0.2073
0.7459	-0.3345	-0.1999
0.7262	-0.3706	-0.1519
0.6803	-0.398	-0.09341
0.7307	-0.3599	-0.0733
0.8434	-0.2933	-0.07604
0.9212	-0.2572	-0.07419
0.9735	-0.2504	-0.0765
0.938	-0.2678	-0.07241
0.915	-0.2928	-0.0577
0.986	-0.3111	-0.06038
1.011	-0.3166	-0.0542
0.9659	-0.2842	-0.02813
0.9097	-0.2309	-0.01746
0.8778	-0.2268	-0.01297
0.8842	-0.2799	-0.01322
0.9003	-0.3421	-0.007149
0.9231	-0.3625	0.01949
0.9245	-0.3047	0.03781
0.9179	-0.2225	0.0296
0.9737	-0.2042	-0.03941
1.138	-0.2995	-0.1523
1.419	-0.4793	-0.1946
1.554	-0.572	-0.1453
1.341	-0.4838	-0.1111
1.141	-0.3495	-0.1351
1.182	-0.3032	-0.2101
1.181	-0.3689	-0.3229
1.074	-0.474	-0.3456
1.015	-0.507	-0.2793
0.9988	-0.5151	-0.2672
1.031	-0.5414	-0.249
0.8856	-0.2293	-0.168
0.9136	-0.2408	-0.1702
0.9458	-0.2866	-0.1533
0.9467	-0.2753	-0.1369
0.9559	-0.2366	-0.1073
0.9653	-0.1984	-0.1095
0.9436	-0.1385	-0.1361
0.9327	-0.1238	-0.1445
0.9389	-0.1532	-0.1616
0.983	-0.2183	-0.1707
1.023	-0.2431	-0.1664
0.9943	-0.21	-0.1569
0.9784	-0.2198	-0.137
1.063	-0.2776	-0.146
1.186	-0.3366	-0.149
1.229	-0.3202	-0.1124
1.208	-0.3033	-0.07946
1.228	-0.3995	-0.06937
1.287	-0.5038	-0.07881
1.281	-0.5656	-0.07648
1.205	-0.5799	-0.06174
1.111	-0.5549	-0.05951
1.039	-0.565	-0.06425
1.04	-0.5894	-0.09412
1.038	-0.6057	-0.1372
0.9852	-0.5923	-0.1639
0.971	-0.5456	-0.1875
0.9605	-0.5129	-0.2033
0.9018	-0.4538	-0.2001
0.7888	-0.3948	-0.1886
0.7011	-0.3807	-0.1859
0.7328	-0.3511	-0.1961
0.759	-0.3243	-0.2073
0.7459	-0.3345	-0.1999
0.7262	-0.3706	-0.1519
0.6803	-0.398	-0.09341
0.7307	-0.3599	-0.0733
0.8434	-0.2933	-0.07604
0.9212	-0.2572	-0.07419
0.9735	-0.2504	-0.0765
0.938	-0.2678	-0.07241
0.915	-0.2928	-0.0577
0.986	-0.3111	-0.06038
1.011	-0.3166	-0.0542
0.9659	-0.2842	-0.02813
0.9097	-0.2309	-0.01746
0.8778	-0.2268	-0.01297
0.8842	-0.2799	-0.01322
0.9003	-0.3421	-0.007149
0.9231	-0.3625	0.01949
0.9245	-0.3047	0.03781
0.9179	-0.2225	0.0296
0.9737	-0.2042	-0.03941
1.138	-0.2995	-0.1523
1.419	-0.4793	-0.1946
1.554	-0.572	-0.1453
1.341	-0.4838	-0.1111
1.141	-0.3495	-0.1351
1.182	-0.3032	-0.2101
1.181	-0.3689	-0.3229
1.074	-0.474	-0.3456
1.015	-0.507	-0.2793
0.9988	-0.5151	-0.2672
1.031	-0.5414	-0.249
1.051	-0.51	-0.198
0.9848	-0.4705	-0.1726
0.9031	-0.4131	-0.14
0.823	-0.3002	-0.1449
0.7879	-0.2372	-0.1863
0.7482	-0.1668	-0.2058
0.6439	-0.1006	-0.202
0.6161	-0.1446	-0.1782
0.6103	-0.1841	-0.182
0.617	-0.2239	-0.1976
0.7358	-0.2918	-0.2134
0.8281	-0.2921	-0.2549
0.8844	-0.2908	-0.2671
0.9279	-0.309	-0.269
0.9231	-0.297	-0.2655
0.9389	-0.2751	-0.2214
0.9412	-0.2116	-0.1924
0.9518	-0.1594	-0.2058
1.014	-0.1824	-0.2473
1.066	-0.1894	-0.2712
1.067	-0.1809	-0.2591
1.019	-0.2307	-0.2441
1.009	-0.2945	-0.2191
1.038	-0.3156	-0.2047
1.088	-0.3309	-0.2389
1.175	-0.388	-0.3168
1.182	-0.4446	-0.3593
1.215	-0.5163	-0.2877
1.369	-0.689	-0.1989
1.41	-0.8072	-0.1984
1.278	-0.7408	-0.2258
1.131	-0.6765	-0.2253
1.09	-0.6246	-0.214
1.12	-0.5117	-0.1669
1.084	-0.4638	-0.093
0.9933	-0.4216	-0.05876
0.9378	-0.356	-0.04386
0.9194	-0.3694	-0.06163
0.8907	-0.3738	-0.1313
0.8113	-0.3602	-0.1554
0.7113	-0.3684	-0.1197
0.6442	-0.351	-0.08556
0.6258	-0.3271	-0.07174
0.6331	-0.2959	-0.06538
0.6266	-0.2572	-0.03357
0.6349	-0.2216	0.004491
0.6993	-0.2012	0.01532
0.7715	-0.2305	0.009316
0.8104	-0.2829	0.00619
0.8415	-0.3591	0.00773
0.9036	-0.4484	0.002087
0.9576	-0.469	0.01076
0.9503	-0.3848	0.03847
0.945	-0.2431	0.06067
0.9535	-0.1529	0.07584
0.9773	-0.1513	0.0751
1.065	-0.2133	0.05149
1.159	-0.363	-0.03777
1.277	-0.5854	-0.1823
1.378	-0.7319	-0.218
1.311	-0.6319	-0.1419
1.168	-0.4523	-0.1156
1.078	-0.4543	-0.125
1.021	-0.5423	-0.1355
1.051	-0.51	-0.198
0.9848	-0.4705	-0.1726
0.9031	-0.4131	-0.14
0.823	-0.3002	-0.1449
0.7879	-0.2372	-0.1863
0.7482	-0.1668	-0.2058
0.6439	-0.1006	-0.202
0.6161	-0.1446	-0.1782
0.6103	-0.1841	-0.182
0.617	-0.2239	-0.1976
0.7358	-0.2918	-0.2134
0.8281	-0.2921	-0.2549
0.8844	-0.2908	-0.2671
0.9279	-0.309	-0.269
0.9231	-0.297	-0.2655
0.9389	-0.2751	-0.2214
0.9412	-0.2116	-0.1924
0.9518	-0.1594	-0.2058
1.014	-0.1824	-0.2473
1.066	-0.1894	-0.2712
1.067	-0.1809	-0.2591
1.019	-0.2307	-0.2441
1.009	-0.2945	-0.2191
1.038	-0.3156	-0.2047
1.088	-0.3309	-0.2389
1.175	-0.388	-0.3168
1.182	-0.4446	-0.3593
1.215	-0.5163	-0.2877
1.369	-0.689	-0.1989
1.41	-0.8072	-0.1984
1.278	-0.7408	-0.2258
1.131	-0.6765	-0.2253
1.09	-0.6246	-0.214
1.12	-0.5117	-0.1669
1.084	-0.4638	-0.093
0.9933	-0.4216	-0.05876
0.9378	-0.356	-0.04386
0.9194	-0.3694	-0.06163
0.8907	-0.3738	-0.1313
0.8113	-0.3602	-0.1554
0.7113	-0.3684	-0.1197
0.6442	-0.351	-0.08556
0.6258	-0.3271	-0.07174
0.6331	-0.2959	-0.06538
0.6266	-0.2572	-0.03357
0.6349	-0.2216	0.004491
0.6993	-0.2012	0.01532
0.7715	-0.2305	0.009316
0.8104	-0.2829	0.00619
0.8415	-0.3591	0.00773
0.9036	-0.4484	0.002087
0.9576	-0.469	0.01076
0.9503	-0.3848	0.03847
0.945	-0.2431	0.06067
0.9535	-0.1529	0.07584
0.9773	-0.1513	0.0751
1.065	-0.2133	0.05149
1.159	-0.363	-0.03777
1.277	-0.5854	-0.1823
1.378	-0.7319	-0.218
1.311	-0.6319	-0.1419
1.168	-0.4523	-0.1156
1.078	-0.4543	-0.125
1.021	-0.5423	-0.1355
0.9973	-0.6187	-0.196
0.9898	-0.6186	-0.2627
1.007	-0.533	-0.2787
1.05	-0.5055	-0.2432
1.056	-0.4456	-0.1982
1.032	-0.3703	-0.1835
0.9812	-0.3549	-0.1609
0.9048	-0.2784	-0.1377
0.8653	-0.2418	-0.1462
0.8387	-0.2395	-0.1542
0.7686	-0.231	-0.1572
0.6714	-0.2849	-0.1539
0.5942	-0.2981	-0.1492
0.5926	-0.3066	-0.1749
0.6832	-0.3006	-0.2342
0.8285	-0.2698	-0.2951
0.9197	-0.3137	-0.2982
0.9151	-0.3247	-0.2554
0.9106	-0.2948	-0.2283
0.9362	-0.2401	-0.221
0.9635	-0.1367	-0.2376
0.9933	-0.08885	-0.2608
1.019	-0.09782	-0.2542
1.028	-0.1447	-0.2372
1.01	-0.2155	-0.2269
0.99	-0.2623	-0.237
0.9991	-0.2817	-0.2678
1.038	-0.293	-0.2758
1.087	-0.3141	-0.255
1.101	-0.3002	-0.2137
1.079	-0.2765	-0.1761
1.105	-0.3046	-0.1979
1.242	-0.395	-0.2696
1.411	-0.5329	-0.3379
1.423	-0.5953	-0.3418
1.27	-0.6114	-0.2723
1.138	-0.6746	-0.1991
1.067	-0.6754	-0.1266
1.055	-0.6137	-0.05055
1.09	-0.5074	-0.01267
1.075	-0.3497	-0.005991
1.052	-0.2961	-0.02368
0.9748	-0.321	-0.06561
0.8377	-0.301	-0.117
0.8323	-0.3018	-0.1366
0.8274	-0.3607	-0.1095
0.6628	-0.4221	-0.1014
0.5495	-0.4311	-0.09433
0.6032	-0.378	-0.06867
0.6723	-0.3094	-0.06414
0.6736	-0.2777	-0.05138
0.7022	-0.2765	-0.05758
0.7802	-0.261	-0.07346
0.8563	-0.2528	-0.05876
0.8865	-0.2571	-0.07029
0.8901	-0.2445	-0.07665
0.9418	-0.2679	-0.06534
0.9566	-0.3257	-0.06321
0.9541	-0.3501	-0.03018
0.9787	-0.3422	0.006272
0.938	-0.2906	0.02093
0.9378	-0.2224	0.02785
0.9481	-0.235	0.04241
0.9206	-0.2967	0.06974
0.9973	-0.6187	-0.196
0.9898	-0.6186	-0.2627
1.007	-0.533	-0.2787
1.05	-0.5055	-0.2432
1.056	-0.4456	-0.1982
1.032	-0.3703	-0.1835
0.9812	-0.3549	-0.1609
0.9048	-0.2784	-0.1377
0.8653	-0.2418	-0.1462
0.8387	-0.2395	-0.1542
0.7686	-0.231	-0.1572
0.6714	-0.2849	-0.1539
0.5942	-0.2981	-0.1492
0.5926	-0.3066	-0.1749
0.6832	-0.3006	-0.2342
0.8285	-0.2698	-0.2951
0.9197	-0.3137	-0.2982
0.9151	-0.3247	-0.2554
0.9106	-0.2948	-0.2283
0.9362	-0.2401	-0.221
0.9635	-0.1367	-0.2376
0.9933	-0.08885	-0.2608
1.019	-0.09782	-0.2542
1.028	-0.1447	-0.2372
1.01	-0.2155	-0.2269
0.99	-0.2623	-0.237
0.9991	-0.2817	-0.2678
1.038	-0.293	-0.2758
1.087	-0.3141	-0.255
1.101	-0.3002	-0.2137
1.079	-0.2765	-0.1761
1.105	-0.3046	-0.1979
1.242	-0.395	-0.2696
1.411	-0.5329	-0.3379
1.423	-0.5953	-0.3418
1.27	-0.6114	-0.2723
1.138	-0.6746	-0.1991
1.067	-0.6754	-0.1266
1.055	-0.6137	-0.05055
1.09	-0.5074	-0.01267
1.075	-0.3497	-0.005991
1.052	-0.2961	-0.02368
0.9748	-0.321	-0.06561
0.8377	-0.301	-0.117
0.8323	-0.3018	-0.1366
0.8274	-0.3607	-0.1095
0.6628	-0.4221	-0.1014
0.5495	-0.4311	-0.09433
0.6032	-0.378	-0.06867
0.6723	-0.3094	-0.06414
0.6736	-0.2777	-0.05138
0.7022	-0.2765	-0.05758
0.7802	-0.261	-0.07346
0.8563	-0.2528	-0.05876
0.8865	-0.2571	-0.07029
0.8901	-0.2445	-0.07665
0.9418	-0.2679	-0.06534
0.9566	-0.3257	-0.06321
0.9541	-0.3501	-0.03018
0.9787	-0.3422	0.006272
0.938	-0.2906	0.02093
0.9378	-0.2224	0.02785
0.9481	-0.235	0.04241
0.9206	-0.2967	0.06974
0.9541	-0.3179	0.09236
0.9609	-0.2908	0.1086
0.9753	-0.2531	0.07746
1.039	-0.2873	-0.005048
1.201	-0.4209	-0.08701
1.461	-0.5541	-0.1221
1.489	-0.5575	-0.09292
1.399	-0.4881	-0.09012
1.371	-0.5021	-0.1185
1.186	-0.5236	-0.1413
1.049	-0.5434	-0.2017
1.059	-0.6185	-0.229
1.041	-0.5936	-0.2232
1.095	-0.5326	-0.242
1.132	-0.512	-0.2364
1.067	-0.4551	-0.2287
1.015	-0.454	-0.2299
0.9376	-0.4362	-0.2122
0.8793	-0.3413	-0.1983
0.8228	-0.2748	-0.1941
0.7063	-0.2202	-0.1982
0.6216	-0.2175	-0.1974
0.5661	-0.2469	-0.1884
0.5541	-0.2445	-0.1779
0.5882	-0.2458	-0.1659
0.635	-0.2234	-0.1759
0.7484	-0.1922	-0.2036
0.8547	-0.1867	-0.2202
0.8751	-0.2349	-0.1959
0.8932	-0.3375	-0.1289
0.9393	-0.3737	-0.0864
0.9541	-0.3299	-0.09287
1.01	-0.2759	-0.09932
1.13	-0.2174	-0.09221
1.16	-0.1724	-0.09309
1.152	-0.1633	-0.09761
1.169	-0.2105	-0.09919
1.156	-0.3188	-0.1344
1.163	-0.4348	-0.2093
1.179	-0.4881	-0.2619
1.24	-0.5567	-0.2495
1.303	-0.7387	-0.2092
1.186	-0.8473	-0.1809
0.9942	-0.7532	-0.1628
0.9511	-0.6069	-0.2019
1.044	-0.4801	-0.2467
1.095	-0.3875	-0.1751
1.026	-0.3835	-0.09463
0.9616	-0.4051	-0.09247
0.9576	-0.4022	-0.1011
0.9326	-0.408	-0.1201
0.8514	-0.3939	-0.1376
0.7659	-0.3624	-0.1277
0.7426	-0.343	-0.1108
0.7673	-0.3332	-0.09921
0.7638	-0.3554	-0.07685
0.7355	-0.3652	-0.03113
0.7179	-0.3339	0.000827
0.7085	-0.3023	0.008637
0.7395	-0.2585	0.01528
0.7764	-0.2105	0.02529
0.7797	-0.218	0.02658
0.8354	-0.2916	0.01116
0.9149	-0.3605	0.009259
0.9541	-0.3179	0.09236
0.9609	-0.2908	0.1086
0.9753	-0.2531	0.07746
1.039	-0.2873	-0.005048
1.201	-0.4209	-0.08701
1.461	-0.5541	-0.1221
1.489	-0.5575	-0.09292
1.399	-0.4881	-0.09012
1.371	-0.5021	-0.1185
1.186	-0.5236	-0.1413
1.049	-0.5434	-0.2017
1.059	-0.6185	-0.229
1.041	-0.5936	-0.2232
1.095	-0.5326	-0.242
1.132	-0.512	-0.2364
1.067	-0.4551	-0.2287
1.015	-0.454	-0.2299
0.9376	-0.4362	-0.2122
0.8793	-0.3413	-0.1983
0.8228	-0.2748	-0.1941
0.7063	-0.2202	-0.1982
0.6216	-0.2175	-0.1974
0.5661	-0.2469	-0.1884
0.5541	-0.2445	-0.1779
0.5882	-0.2458	-0.1659
0.635	-0.2234	-0.1759
0.7484	-0.1922	-0.2036
0.8547	-0.1867	-0.2202
0.8751	-0.2349	-0.1959
0.8932	-0.3375	-0.1289
0.9393	-0.3737	-0.0864
0.9541	-0.3299	-0.09287
1.01	-0.2759	-0.09932
1.13	-0.2174	-0.09221
1.16	-0.1724	-0.09309
1.152	-0.1633	-0.09761
1.169	-0.2105	-0.09919
1.156	-0.3188	-0.1344
1.163	-0.4348	-0.2093
1.179	-0.4881	-0.2619
1.24	-0.5567	-0.2495
1.303	-0.7387	-0.2092
1.186	-0.8473	-0.1809
0.9942	-0.7532	-0.1628
0.9511	-0.6069	-0.2019
1.044	-0.4801	-0.2467
1.095	-0.3875	-0.1751
1.026	-0.3835	-0.09463
0.9616	-0.4051	-0.09247
0.9576	-0.4022	-0.1011
0.9326	-0.408	-0.1201
0.8514	-0.3939	-0.1376
0.7659	-0.3624	-0.1277
0.7426	-0.343	-0.1108
0.7673	-0.3332	-0.09921
0.7638	-0.3554	-0.07685
0.7355	-0.3652	-0.03113
0.7179	-0.3339	0.000827
0.7085	-0.3023	0.008637
0.7395	-0.2585	0.01528
0.7764	-0.2105	0.02529
0.7797	-0.218	0.02658
0.8354	-0.2916	0.01116
0.9149	-0.3605	0.009259
0.9096	-0.3833	0.0172
0.8864	-0.3657	0.03155
0.9113	-0.3229	0.06199
0.9121	-0.2998	0.06504
0.9173	-0.2732	0.05757
0.9779	-0.2297	0.06665
1.008	-0.2141	0.05782
1.039	-0.2587	0.01044
1.147	-0.406	-0.08532
1.279	-0.6083	-0.1752
1.349	-0.7042	-0.1879
1.319	-0.5625	-0.1504
1.262	-0.3269	-0.1368
1.148	-0.2546	-0.1788
0.9688	-0.3777	-0.2185
0.9626	-0.5968	-0.2141
1.043	-0.6828	-0.2302
1.002	-0.6026	-0.2711
1.014	-0.5565	-0.2617
1.043	-0.5046	-0.2279
0.9816	-0.4479	-0.2083
0.9505	-0.4315	-0.1852
0.8855	-0.3899	-0.1822
0.8208	-0.3521	-0.1872
0.8204	-0.3156	-0.1792
0.7796	-0.281	-0.1851
0.7582	-0.26	-0.1907
0.7366	-0.2482	-0.193
0.6955	-0.2592	-0.1959
0.7106	-0.2553	-0.1925
0.7391	-0.2611	-0.2098
0.8221	-0.2853	-0.2363
0.9208	-0.2935	-0.248
0.9471	-0.3016	-0.239
0.9474	-0.2927	-0.2108
0.9235	-0.2714	-0.1886
0.9083	-0.2526	-0.1801
0.9306	-0.2341	-0.1961
0.9714	-0.2362	-0.2253
1.008	-0.2507	-0.2357
1.002	-0.2598	-0.2256
0.9882	-0.243	-0.202
0.9823	-0.2068	-0.1992
0.9748	-0.1966	-0.2122
0.9905	-0.2117	-0.2203
1.031	-0.2529	-0.2429
1.094	-0.3283	-0.248
1.156	-0.3754	-0.2383
1.189	-0.3772	-0.2404
1.253	-0.4455	-0.2344
1.381	-0.6059	-0.2361
1.437	-0.7066	-0.2436
1.353	-0.7076	-0.2312
1.228	-0.6967	-0.1727
1.102	-0.6468	-0.08184
1.071	-0.5324	-0.05024
1.13	-0.4077	-0.0545
1.104	-0.3086	-0.02819
1.049	-0.2954	-0.03121
0.9789	-0.333	-0.04735
0.8465	-0.3257	-0.03323
0.7863	-0.3346	-0.0365
0.7001	-0.3402	-0.03123
0.5768	-0.2756	-0.01128
0.9096	-0.3833	0.0172
0.8864	-0.3657	0.03155
0.9113	-0.3229	0.06199
0.9121	-0.2998	0.06504
0.9173	-0.2732	0.05757
0.9779	-0.2297	0.06665
1.008	-0.2141	0.05782
1.039	-0.2587	0.01044
1.147	-0.406	-0.08532
1.279	-0.6083	-0.1752
1.349	-0.7042	-0.1879
1.319	-0.5625	-0.1504
1.262	-0.3269	-0.1368
1.148	-0.2546	-0.1788
0.9688	-0.3777	-0.2185
0.9626	-0.5968	-0.2141
1.043	-0.6828	-0.2302
1.002	-0.6026	-0.2711
1.014	-0.5565	-0.2617
1.043	-0.5046	-0.2279
0.9816	-0.4479	-0.2083
0.9505	-0.4315	-0.1852
0.8855	-0.3899	-0.1822
0.8208	-0.3521	-0.1872
0.8204	-0.3156	-0.1792
0.7796	-0.281	-0.1851
0.7582	-0.26	-0.1907
0.7366	-0.2482	-0.193
0.6955	-0.2592	-0.1959
0.7106	-0.2553	-0.1925
0.7391	-0.2611	-0.2098
0.8221	-0.2853	-0.2363
0.9208	-0.2935	-0.248
0.9471	-0.3016	-0.239
0.9474	-0.2927	-0.2108
0.9235	-0.2714	-0.1886
0.9083	-0.2526	-0.1801
0.9306	-0.2341	-0.1961
0.9714	-0.2362	-0.2253
1.008	-0.2507	-0.2357
1.002	-0.2598	-0.2256
0.9882	-0.243	-0.202
0.9823	-0.2068	-0.1992
0.9748	-0.1966	-0.2122
0.9905	-0.2117	-0.2203
1.031	-0.2529	-0.2429
1.094	-0.3283	-0.248
1.156	-0.3754	-0.2383
1.189	-0.3772	-0.2404
1.253	-0.4455	-0.2344
1.381	-0.6059	-0.2361
1.437	-0.7066	-0.2436
1.353	-0.7076	-0.2312
1.228	-0.6967	-0.1727
1.102	-0.6468	-0.08184
1.071	-0.5324	-0.05024
1.13	-0.4077	-0.0545
1.104	-0.3086	-0.02819
1.049	-0.2954	-0.03121
0.9789	-0.333	-0.04735
0.8465	-0.3257	-0.03323
0.7863	-0.3346	-0.0365
0.7001	-0.3402	-0.03123
0.5768	-0.2756	-0.01128
0.5925	-0.2416	-0.01828
0.6135	-0.2388	-0.0193
0.6084	-0.2418	-0.01795
0.6637	-0.263	-0.01871
0.7273	-0.253	0.001576
0.7996	-0.2558	0.01988
0.8381	-0.2603	0.02802
0.8646	-0.251	0.02789
0.9158	-0.283	0.03351
0.9318	-0.3083	0.04526
0.9445	-0.3177	0.042
0.9602	-0.31	0.04767
0.9842	-0.2849	0.06654
0.9907	-0.2738	0.07753
0.9444	-0.2498	0.07303
0.9403	-0.233	0.06456
0.9397	-0.2304	0.07127
0.9272	-0.2285	0.0726
0.9405	-0.2182	0.07553
0.9201	-0.1932	0.08638
0.9397	-0.2129	0.06947
0.9983	-0.2515	0.03915
1.075	-0.2901	-0.001633
1.224	-0.3634	-0.0732
1.373	-0.4403	-0.1279
1.458	-0.5029	-0.1129
1.403	-0.4997	-0.056
1.275	-0.4515	-0.03566
1.201	-0.4437	-0.09745
1.12	-0.4504	-0.1902
1.073	-0.4795	-0.2282
1.036	-0.5395	-0.2409
1.002	-0.5928	-0.2586
1.056	-0.613	-0.2445
1.054	-0.5794	-0.2466
1.025	-0.5273	-0.2443
1.018	-0.4395	-0.1933
0.9136	-0.3254	-0.1643
0.8151	-0.2638	-0.1545
0.7373	-0.2187	-0.1645
0.6683	-0.1868	-0.18
0.6426	-0.1928	-0.1681
0.5837	-0.1981	-0.1845
0.5758	-0.2162	-0.2043
0.6608	-0.264	-0.2175
0.7701	-0.3469	-0.231
0.8414	-0.4258	-0.2111
0.8334	-0.4333	-0.2024
0.8504	-0.3882	-0.1924
0.8985	-0.305	-0.1859
0.9466	-0.1985	-0.2072
1.012	-0.1266	-0.2156
1.036	-0.1169	-0.2347
1.043	-0.163	-0.2504
1.039	-0.2287	-0.2466
1.022	-0.28	-0.2485
1.031	-0.3083	-0.238
1.057	-0.3356	-0.2403
1.107	-0.3852	-0.2493
1.134	-0.4061	-0.2481
1.151	-0.4066	-0.2544
1.239	-0.4989	-0.2299
1.325	-0.6465	-0.2066
1.311	-0.6924	-0.2373
1.094	-0.2076	-0.00589
1.146	-0.3463	-0.08783
1.249	-0.519	-0.1866
1.287	-0.4725	-0.1646
1.253	-0.326	-0.05916
1.265	-0.2736	-0.02321
1.255	-0.2969	-0.0256
1.142	-0.4381	-0.0535
1.017	-0.5863	-0.1159
0.9938	-0.5648	-0.1617
1.088	-0.4862	-0.1997
1.16	-0.4622	-0.2222
1.164	-0.4686	-0.2243
1.132	-0.4642	-0.2073
1.068	-0.432	-0.1793
1.028	-0.3841	-0.1551
0.9613	-0.279	-0.1278
0.8387	-0.1711	-0.1592
0.7223	-0.1823	-0.1896
0.5988	-0.2424	-0.1643
0.5408	-0.2891	-0.167
0.5774	-0.3551	-0.1571
0.6312	-0.3736	-0.1518
0.6975	-0.3208	-0.1659
0.7214	-0.2527	-0.1542
0.7216	-0.1918	-0.1824
0.8038	-0.1834	-0.2231
0.9264	-0.2063	-0.2367
1.049	-0.2025	-0.2262
1.148	-0.196	-0.2093
1.164	-0.2049	-0.2433
1.168	-0.2729	-0.2936
1.209	-0.4506	-0.3802
1.262	-0.6486	-0.5011
1.368	-0.7272	-0.5145
1.438	-0.7348	-0.3856
1.355	-0.8192	-0.2074
1.174	-0.8709	-0.108
0.9816	-0.7512	-0.1259
0.9553	-0.5623	-0.1654
1.06	-0.3277	-0.1744
1.038	-0.1429	-0.1601
1.017	-0.1905	-0.1359
1.04	-0.2992	-0.1337
0.9256	-0.3752	-0.1433
0.787	-0.4921	-0.1315
0.6597	-0.4917	-0.09606
0.5685	-0.3948	-0.04068
0.5973	-0.3165	-0.008871
0.6429	-0.2141	-0.02087
0.6953	-0.156	-0.03343
0.7175	-0.1494	-0.05809
0.7146	-0.1985	-0.07779
0.7612	-0.3331	-0.05975
0.7787	-0.4187	-0.03086
0.8181	-0.4379	0.03758
0.8854	-0.4144	0.1275
0.9218	-0.3074	0.1617
1.005	-0.1721	0.1264
1.108	-0.1445	0.01664
1.229	-0.3486	-0.1535
1.337	-0.6141	-0.2871
1.312	-0.7173	-0.2649
1.215	-0.6947	-0.186
1.101	-0.5569	-0.2098
0.9399	-0.3599	-0.2906
0.8693	-0.3211	-0.3946
0.9794	-0.5237	-0.4148
1.119	-0.7353	-0.3233
1.138	-0.7228	-0.2917
1.059	-0.5589	-0.2463
0.9756	-0.4021	-0.2014
0.915	-0.3254	-0.238
0.8356	-0.2634	-0.2222
0.7583	-0.2001	-0.2205
0.722	-0.2353	-0.2386
0.6804	-0.2606	-0.2108
0.6351	-0.2483	-0.2122
0.6377	-0.2768	-0.2074
0.6577	-0.2542	-0.2143
0.6879	-0.2397	-0.2386
0.7279	-0.27	-0.2418
0.7474	-0.2751	-0.2554
0.789	-0.3004	-0.2591
0.8742	-0.2983	-0.2684
0.9764	-0.2587	-0.271
1.039	-0.2305	-0.2546
1.046	-0.1957	-0.2426
1.075	-0.1919	-0.2142
1.102	-0.1962	-0.2245
1.094	-0.1986	-0.2479
1.099	-0.2364	-0.2287
1.111	-0.311	-0.238
1.122	-0.4255	-0.2618
1.133	-0.4571	-0.2756
1.173	-0.4237	-0.2953
1.261	-0.4938	-0.3023
1.29	-0.5825	-0.3048
1.243	-0.679	-0.2999
1.175	-0.8183	-0.3001
1.103	-0.7707	-0.3013
1.101	-0.5639	-0.2595
1.13	-0.4317	-0.1947
1.096	-0.3886	-0.1475
1.078	-0.4164	-0.1288
1.066	-0.4049	-0.1146
1.026	-0.3306	-0.1342
0.9906	-0.3366	-0.2011
0.8495	-0.3194	-0.1937
0.6944	-0.2837	-0.149
0.6692	-0.3096	-0.1346
0.6465	-0.2935	-0.07933
0.6301	-0.295	-0.05537
0.6696	-0.2918	-0.05517
0.6942	-0.2349	-0.02236
0.715	-0.198	-0.03024
0.7517	-0.1698	-0.03432
0.7859	-0.2053	-0.02397
0.8199	-0.2659	-0.02796
0.8682	-0.2985	-0.01566
0.909	-0.3301	-0.01732
0.9252	-0.2969	-0.01718
0.9455	-0.2433	-0.001238
0.9746	-0.1887	0.007299
1.028	-0.1602	0.0005765
1.157	-0.2463	-0.05898
1.35	-0.3784	-0.1664
1.471	-0.5155	-0.2317
1.101	-0.5569	-0.2098
0.9399	-0.3599	-0.2906
0.8693	-0.3211	-0.3946
0.9794	-0.5237	-0.4148
1.119	-0.7353	-0.3233
1.138	-0.7228	-0.2917
1.059	-0.5589	-0.2463
0.9756	-0.4021	-0.2014
0.915	-0.3254	-0.238
0.8356	-0.2634	-0.2222
0.7583	-0.2001	-0.2205
0.722	-0.2353	-0.2386
0.6804	-0.2606	-0.2108
0.6351	-0.2483	-0.2122
0.6377	-0.2768	-0.2074
0.6577	-0.2542	-0.2143
0.6879	-0.2397	-0.2386
0.7279	-0.27	-0.2418
0.7474	-0.2751	-0.2554
0.789	-0.3004	-0.2591
0.8742	-0.2983	-0.2684
0.9764	-0.2587	-0.271
1.039	-0.2305	-0.2546
1.046	-0.1957	-0.2426
1.075	-0.1919	-0.2142
1.102	-0.1962	-0.2245
1.094	-0.1986	-0.2479
1.099	-0.2364	-0.2287
1.111	-0.311	-0.238
1.122	-0.4255	-0.2618
1.133	-0.4571	-0.2756
1.173	-0.4237	-0.2953
1.261	-0.4938	-0.3023
1.29	-0.5825	-0.3048
1.243	-0.679	-0.2999
1.175	-0.8183	-0.3001
1.103	-0.7707	-0.3013
1.101	-0.5639	-0.2595
1.13	-0.4317	-0.1947
1.096	-0.3886	-0.1475
1.078	-0.4164	-0.1288
1.066	-0.4049	-0.1146
1.026	-0.3306	-0.1342
0.9906	-0.3366	-0.2011
0.8495	-0.3194	-0.1937
0.6944	-0.2837	-0.149
0.6692	-0.3096	-0.1346
0.6465	-0.2935	-0.07933
0.6301	-0.295	-0.05537
0.6696	-0.2918	-0.05517
0.6942	-0.2349	-0.02236
0.715	-0.198	-0.03024
0.7517	-0.1698	-0.03432
0.7859	-0.2053	-0.02397
0.8199	-0.2659	-0.02796
0.8682	-0.2985	-0.01566
0.909	-0.3301	-0.01732
0.9252	-0.2969	-0.01718
0.9455	-0.2433	-0.001238
0.9746	-0.1887	0.007299
1.028	-0.1602	0.0005765
1.157	-0.2463	-0.05898
1.35	-0.3784	-0.1664
1.471	-0.5155	-0.2317
1.406	-0.5587	-0.1727
1.255	-0.4414	-0.1035
1.096	-0.3626	-0.1397
0.9439	-0.389	-0.1927
0.9317	-0.4489	-0.2608
1.011	-0.5206	-0.3086
1.046	-0.544	-0.2561
1.07	-0.5238	-0.2216
1.033	-0.5113	-0.2005
0.9571	-0.4804	-0.1679
0.9008	-0.3888	-0.2083
0.8213	-0.2775	-0.2346
0.8134	-0.2219	-0.2253
0.8203	-0.2181	-0.2376
0.7618	-0.2313	-0.234
0.7641	-0.2586	-0.217
0.7595	-0.2836	-0.196
0.7239	-0.2926	-0.1962
0.7395	-0.3244	-0.2209
0.7559	-0.3601	-0.2212
0.7888	-0.3431	-0.1996
0.828	-0.322	-0.168
0.8508	-0.2872	-0.1633
0.9153	-0.1793	-0.1964
0.991	-0.09491	-0.2257
1.049	-0.112	-0.2559
1.109	-0.1688	-0.2653
1.18	-0.2284	-0.2665
1.255	-0.3254	-0.3214
1.291	-0.4679	-0.3881
1.332	-0.594	-0.3785
1.377	-0.6943	-0.2531
1.358	-0.84	-0.1134
1.293	-0.9161	-0.1074
1.085	-0.775	-0.1698
0.8384	-0.5907	-0.1734
0.9319	-0.4652	-0.1425
1.09	-0.3577	-0.09046
0.997	-0.3576	-0.01396
1.019	-0.3921	-0.002167
1.066	-0.3847	-0.04605
0.9209	-0.3925	-0.07515
0.8406	-0.3735	-0.102
0.7567	-0.3514	-0.09117
0.6765	-0.3437	-0.06392
0.7075	-0.3441	-0.07672
0.7033	-0.383	-0.0688
0.7203	-0.3935	-0.05135
0.7277	-0.3547	-0.03346
0.7074	-0.2845	0.01808
0.7321	-0.2227	0.02968
0.7225	-0.2158	0.02067
0.7418	-0.2308	0.04456
0.7848	-0.2761	0.0451
0.8414	-0.3171	0.04144
0.9159	-0.3102	0.05918
0.8998	-0.2751	0.07983
0.9223	-0.2054	0.09779
1.081	-0.1529	0.05332
1.322	-0.1631	-0.02352
1.449	-0.2904	-0.05903
1.282	-0.6512	-0.1092
1.152	-1.138	-0.146
1.198	-1.282	-0.1053
1.406	-0.5587	-0.1727
1.255	-0.4414	-0.1035
1.096	-0.3626	-0.1397
0.9439	-0.389	-0.1927
0.9317	-0.4489	-0.2608
1.011	-0.5206	-0.3086
1.046	-0.544	-0.2561
1.07	-0.5238	-0.2216
1.033	-0.5113	-0.2005
0.9571	-0.4804	-0.1679
0.9008	-0.3888	-0.2083
0.8213	-0.2775	-0.2346
0.8134	-0.2219	-0.2253
0.8203	-0.2181	-0.2376
0.7618	-0.2313	-0.234
0.7641	-0.2586	-0.217
0.7595	-0.2836	-0.196
0.7239	-0.2926	-0.1962
0.7395	-0.3244	-0.2209
0.7559	-0.3601	-0.2212
0.7888	-0.3431	-0.1996
0.828	-0.322	-0.168
0.8508	-0.2872	-0.1633
0.9153	-0.1793	-0.1964
0.991	-0.09491	-0.2257
1.049	-0.112	-0.2559
1.109	-0.1688	-0.2653
1.18	-0.2284	-0.2665
1.255	-0.3254	-0.3214
1.291	-0.4679	-0.3881
1.332	-0.594	-0.3785
1.377	-0.6943	-0.2531
1.358	-0.84	-0.1134
1.293	-0.9161	-0.1074
1.085	-0.775	-0.1698
0.8384	-0.5907	-0.1734
0.9319	-0.4652	-0.1425
1.09	-0.3577	-0.09046
0.997	-0.3576	-0.01396
1.019	-0.3921	-0.002167
1.066	-0.3847	-0.04605
0.9209	-0.3925	-0.07515
0.8406	-0.3735	-0.102
0.7567	-0.3514	-0.09117
0.6765	-0.3437	-0.06392
0.7075	-0.3441	-0.07672
0.7033	-0.383	-0.0688
0.7203	-0.3935	-0.05135
0.7277	-0.3547	-0.03346
0.7074	-0.2845	0.01808
0.7321	-0.2227	0.02968
0.7225	-0.2158	0.02067
0.7418	-0.2308	0.04456
0.7848	-0.2761	0.0451
0.8414	-0.3171	0.04144
0.9159	-0.3102	0.05918
0.8998	-0.2751	0.07983
0.9223	-0.2054	0.09779
1.081	-0.1529	0.05332
1.322	-0.1631	-0.02352
1.449	-0.2904	-0.05903
1.282	-0.6512	-0.1092
1.152	-1.138	-0.146
1.198	-1.282	-0.1053
1.109	-0.8568	-0.1017
0.9479	-0.4001	-0.2047
0.8924	-0.3473	-0.3156
0.9233	-0.4681	-0.3285
1.016	-0.5729	-0.2588
1.05	-0.6635	-0.1952
0.9849	-0.6317	-0.1548
0.8962	-0.477	-0.1565
0.823	-0.3663	-0.1936
0.8135	-0.2941	-0.2065
0.7795	-0.2016	-0.2429
0.7081	-0.1768	-0.2704
0.7176	-0.2275	-0.2388
0.7221	-0.3102	-0.2316
0.709	-0.3856	-0.2182
0.7376	-0.4036	-0.2073
0.7618	-0.3565	-0.2272
0.8139	-0.2502	-0.2129
0.8662	-0.1517	-0.2126
0.8855	-0.1263	-0.2159
0.9234	-0.1883	-0.1951
0.9542	-0.2504	-0.1885
0.9632	-0.2375	-0.1635
0.971	-0.2282	-0.145
0.98	-0.22	-0.1332
0.9822	-0.2096	-0.1041
0.9656	-0.2005	-0.0718
0.9566	-0.137	-0.01927
0.9768	-0.1047	-0.03301
1.046	-0.1371	-0.1153
1.151	-0.197	-0.1571
1.179	-0.261	-0.1699
1.125	-0.2901	-0.1277
1.113	-0.3561	-0.05438
1.137	-0.4193	-0.03594
1.166	-0.3586	-0.04117
1.242	-0.3181	-0.06283
1.322	-0.4573	-0.1235
1.37	-0.7106	-0.2519
1.373	-0.9169	-0.3315
1.235	-0.8913	-0.1785
1.036	-0.7227	0.001003
1.011	-0.6167	0.01141
1.07	-0.4749	-0.02033
1.025	-0.374	-0.05513
0.9538	-0.4176	-0.1186
0.8902	-0.472	-0.1799
0.8198	-0.5909	-0.2178
0.7506	-0.6394	-0.2251
0.6206	-0.5183	-0.2055
0.5656	-0.4208	-0.1858
0.6466	-0.3156	-0.172
0.6979	-0.2176	-0.1072
0.7516	-0.1397	-0.02055
0.804	-0.07377	0.02189
0.8333	-0.1355	0.03214
0.8989	-0.2069	0.02703
0.9001	-0.2403	0.02867
0.9055	-0.2982	0.02785
0.9816	-0.3349	0.02474
1.006	-0.3639	0.03748
1.012	-0.3521	0.05999
0.9837	-0.3054	0.1278
0.9291	-0.2587	0.2115
1.109	-0.8568	-0.1017
0.9479	-0.4001	-0.2047
0.8924	-0.3473	-0.3156
0.9233	-0.4681	-0.3285
1.016	-0.5729	-0.2588
1.05	-0.6635	-0.1952
0.9849	-0.6317	-0.1548
0.8962	-0.477	-0.1565
0.823	-0.3663	-0.1936
0.8135	-0.2941	-0.2065
0.7795	-0.2016	-0.2429
0.7081	-0.1768	-0.2704
0.7176	-0.2275	-0.2388
0.7221	-0.3102	-0.2316
0.709	-0.3856	-0.2182
0.7376	-0.4036	-0.2073
0.7618	-0.3565	-0.2272
0.8139	-0.2502	-0.2129
0.8662	-0.1517	-0.2126
0.8855	-0.1263	-0.2159
0.9234	-0.1883	-0.1951
0.9542	-0.2504	-0.1885
0.9632	-0.2375	-0.1635
0.971	-0.2282	-0.145
0.98	-0.22	-0.1332
0.9822	-0.2096	-0.1041
0.9656	-0.2005	-0.0718
0.9566	-0.137	-0.01927
0.9768	-0.1047	-0.03301
1.046	-0.1371	-0.1153
1.151	-0.197	-0.1571
1.179	-0.261	-0.1699
1.125	-0.2901	-0.1277
1.113	-0.3561	-0.05438
1.137	-0.4193	-0.03594
1.166	-0.3586	-0.04117
1.242	-0.3181	-0.06283
1.322	-0.4573	-0.1235
1.37	-0.7106	-0.2519
1.373	-0.9169	-0.3315
1.235	-0.8913	-0.1785
1.036	-0.7227	0.001003
1.011	-0.6167	0.01141
1.07	-0.4749	-0.02033
1.025	-0.374	-0.05513
0.9538	-0.4176	-0.1186
0.8902	-0.472	-0.1799
0.8198	-0.5909	-0.2178
0.7506	-0.6394	-0.2251
0.6206	-0.5183	-0.2055
0.5656	-0.4208	-0.1858
0.6466	-0.3156	-0.172
0.6979	-0.2176	-0.1072
0.7516	-0.1397	-0.02055
0.804	-0.07377	0.02189
0.8333	-0.1355	0.03214
0.8989	-0.2069	0.02703
0.9001	-0.2403	0.02867
0.9055	-0.2982	0.02785
0.9816	-0.3349	0.02474
1.006	-0.3639	0.03748
1.012	-0.3521	0.05999
0.9837	-0.3054	0.1278
0.9291	-0.2587	0.2115
0.9723	-0.217	0.1934
1.149	-0.2918	0.02772
1.421	-0.453	-0.1334
1.542	-0.5558	-0.1087
1.399	-0.568	-0.06293
1.14	-0.5372	-0.1516
0.877	-0.5529	-0.2033
0.9259	-0.5709	-0.2094
1.154	-0.5484	-0.262
1.138	-0.5592	-0.2986
1.137	-0.5393	-0.302
1.131	-0.4441	-0.2485
1.004	-0.3464	-0.1942
1.033	-0.3185	-0.215
0.9808	-0.334	-0.2058
0.8159	-0.2717	-0.1654
0.7518	-0.2362	-0.1512
0.6745	-0.2519	-0.1532
0.587	-0.1711	-0.1668
0.5009	-0.1342	-0.1596
0.5655	-0.1678	-0.1731
0.6928	-0.1687	-0.2178
0.7081	-0.2196	-0.257
0.8072	-0.3022	-0.2736
0.8425	-0.3305	-0.2351
0.8562	-0.2862	-0.203
0.9633	-0.2086	-0.1954
0.9764	-0.1209	-0.1884
1.053	-0.04786	-0.2035
1.104	-0.06828	-0.2047
1.045	-0.1181	-0.2038
1.072	-0.1659	-0.2111
1.144	-0.2548	-0.2065
1.242	-0.334	-0.2127
1.267	-0.4418	-0.2236
1.245	-0.5635	-0.248
1.342	-0.6034	-0.2781
1.446	-0.6139	-0.2855
1.461	-0.6468	-0.2768
1.293	-0.6386	-0.2437
1.054	-0.5764	-0.1998
1.037	-0.528	-0.1692
1.124	-0.4635	-0.1445
1.124	-0.394	-0.109
1.082	-0.3832	-0.08423
1.02	-0.3855	-0.1052
0.9263	-0.4087	-0.1292
0.7983	-0.431	-0.134
0.6572	-0.4094	-0.1165
0.5709	-0.3539	-0.06867
0.5586	-0.2486	-0.05318
0.5534	-0.1887	-0.04264
0.5402	-0.1825	0.001209
0.5632	-0.1409	0.01512
0.5997	-0.1229	0.01366
0.626	-0.1452	0.0232
0.6994	-0.179	0.03141
0.8157	-0.2561	0.03612
0.881	-0.3383	0.04945
0.9307	-0.3296	0.09818
1.018	-0.2529	0.1247
1.051	-0.1915	0.1023
1.089	-0.1606	0.08061
1.234	-0.1734	0.04539
0.9723	-0.217	0.1934
1.149	-0.2918	0.02772
1.421	-0.453	-0.1334
1.542	-0.5558	-0.1087
1.399	-0.568	-0.06293
1.14	-0.5372	-0.1516
0.877	-0.5529	-0.2033
0.9259	-0.5709	-0.2094
1.154	-0.5484	-0.262
1.138	-0.5592	-0.2986
1.137	-0.5393	-0.302
1.131	-0.4441	-0.2485
1.004	-0.3464	-0.1942
1.033	-0.3185	-0.215
0.9808	-0.334	-0.2058
0.8159	-0.2717	-0.1654
0.7518	-0.2362	-0.1512
0.6745	-0.2519	-0.1532
0.587	-0.1711	-0.1668
0.5009	-0.1342	-0.1596
0.5655	-0.1678	-0.1731
0.6928	-0.1687	-0.2178
0.7081	-0.2196	-0.257
0.8072	-0.3022	-0.2736
0.8425	-0.3305	-0.2351
0.8562	-0.2862	-0.203
0.9633	-0.2086	-0.1954
0.9764	-0.1209	-0.1884
1.053	-0.04786	-0.2035
1.104	-0.06828	-0.2047
1.045	-0.1181	-0.2038
1.072	-0.1659	-0.2111
1.144	-0.2548	-0.2065
1.242	-0.334	-0.2127
1.267	-0.4418	-0.2236
1.245	-0.5635	-0.248
1.342	-0.6034	-0.2781
1.446	-0.6139	-0.2855
1.461	-0.6468	-0.2768
1.293	-0.6386	-0.2437
1.054	-0.5764	-0.1998
1.037	-0.528	-0.1692
1.124	-0.4635	-0.1445
1.124	-0.394	-0.109
1.082	-0.3832	-0.08423
1.02	-0.3855	-0.1052
0.9263	-0.4087	-0.1292
0.7983	-0.431	-0.134
0.6572	-0.4094	-0.1165
0.5709	-0.3539	-0.06867
0.5586	-0.2486	-0.05318
0.5534	-0.1887	-0.04264
0.5402	-0.1825	0.001209
0.5632	-0.1409	0.01512
0.5997	-0.1229	0.01366
0.626	-0.1452	0.0232
0.6994	-0.179	0.03141
0.8157	-0.2561	0.03612
0.881	-0.3383	0.04945
0.9307	-0.3296	0.09818
1.018	-0.2529	0.1247
1.051	-0.1915	0.1023
1.089	-0.1606	0.08061
1.234	-0.1734	0.04539
1.364	-0.2475	-0.01781
1.428	-0.4609	-0.1267
1.429	-0.7307	-0.2281
1.39	-0.7568	-0.1964
1.386	-0.6243	-0.1398
1.221	-0.5145	-0.1764
0.9018	-0.3893	-0.2067
0.849	-0.4719	-0.2405
1.067	-0.69	-0.2768
1.264	-0.6734	-0.2687
1.288	-0.5881	-0.2818
1.137	-0.534	-0.2285
0.9571	-0.4281	-0.1386
0.7984	-0.3645	-0.1664
0.6751	-0.2748	-0.1987
0.6048	-0.2342	-0.2167
0.5488	-0.282	-0.241
0.5171	-0.272	-0.2083
0.5057	-0.2939	-0.1898
0.5407	-0.2958	-0.189
0.619	-0.2372	-0.1966
0.6874	-0.1919	-0.2133
0.7457	-0.109	-0.1924
0.8006	-0.08412	-0.1767
0.8965	-0.09567	-0.1831
1.001	-0.07719	-0.2031
1.051	-0.09009	-0.2362
1.086	-0.0883	-0.2355
1.123	-0.1064	-0.1833
1.166	-0.1388	-0.128
1.181	-0.1583	-0.133
1.177	-0.2933	-0.1647
1.229	-0.4654	-0.1672
1.246	-0.4675	-0.1653
1.256	-0.4345	-0.1646
1.39	-0.5789	-0.1595
1.48	-0.7	-0.1662
1.373	-0.6946	-0.1944
1.198	-0.7432	-0.2289
1.128	-0.7237	-0.2002
1.154	-0.5436	-0.09717
1.153	-0.4117	-0.01991
1.117	-0.4145	-0.0343
1.084	-0.43	-0.06285
1.021	-0.402	-0.04062
0.9271	-0.4294	-0.07681
0.8175	-0.4375	-0.1416
0.6513	-0.3808	-0.1133
0.4949	-0.3666	-0.1054
0.4662	-0.3037	-0.1228
0.4707	-0.2296	-0.1012
0.4926	-0.2011	-0.1048
0.6268	-0.1339	-0.09495
0.7366	-0.1254	-0.07791
0.7836	-0.1603	-0.06753
0.855	-0.1933	-0.02241
0.906	-0.2538	0.005441
0.9392	-0.2795	0.02869
0.9463	-0.2935	0.05928
0.9622	-0.2806	0.06661
1.053	-0.2594	0.0834
1.1	-0.2807	0.1083
1.086	-0.2722	0.1323
1.068	-0.2497	0.1343
1.364	-0.2475	-0.01781
1.428	-0.4609	-0.1267
1.429	-0.7307	-0.2281
1.39	-0.7568	-0.1964
1.386	-0.6243	-0.1398
1.221	-0.5145	-0.1764
0.9018	-0.3893	-0.2067
0.849	-0.4719	-0.2405
1.067	-0.69	-0.2768
1.264	-0.6734	-0.2687
1.288	-0.5881	-0.2818
1.137	-0.534	-0.2285
0.9571	-0.4281	-0.1386
0.7984	-0.3645	-0.1664
0.6751	-0.2748	-0.1987
0.6048	-0.2342	-0.2167
0.5488	-0.282	-0.241
0.5171	-0.272	-0.2083
0.5057	-0.2939	-0.1898
0.5407	-0.2958	-0.189
0.619	-0.2372	-0.1966
0.6874	-0.1919	-0.2133
0.7457	-0.109	-0.1924
0.8006	-0.08412	-0.1767
0.8965	-0.09567	-0.1831
1.001	-0.07719	-0.2031
1.051	-0.09009	-0.2362
1.086	-0.0883	-0.2355
1.123	-0.1064	-0.1833
1.166	-0.1388	-0.128
1.181	-0.1583	-0.133
1.177	-0.2933	-0.1647
1.229	-0.4654	-0.1672
1.246	-0.4675	-0.1653
1.256	-0.4345	-0.1646
1.39	-0.5789	-0.1595
1.48	-0.7	-0.1662
1.373	-0.6946	-0.1944
1.198	-0.7432	-0.2289
1.128	-0.7237	-0.2002
1.154	-0.5436	-0.09717
1.153	-0.4117	-0.01991
1.117	-0.4145	-0.0343
1.084	-0.43	-0.06285
1.021	-0.402	-0.04062
0.9271	-0.4294	-0.07681
0.8175	-0.4375	-0.1416
0.6513	-0.3808	-0.1133
0.4949	-0.3666	-0.1054
0.4662	-0.3037	-0.1228
0.4707	-0.2296	-0.1012
0.4926	-0.2011	-0.1048
0.6268	-0.1339	-0.09495
0.7366	-0.1254	-0.07791
0.7836	-0.1603	-0.06753
0.855	-0.1933	-0.02241
0.906	-0.2538	0.005441
0.9392	-0.2795	0.02869
0.9463	-0.2935	0.05928
0.9622	-0.2806	0.06661
1.053	-0.2594	0.0834
1.1	-0.2807	0.1083
1.086	-0.2722	0.1323
1.068	-0.2497	0.1343
1.061	-0.2437	0.04721
1.171	-0.2956	-0.08173
1.318	-0.4376	-0.1113
1.316	-0.5648	-0.07359
1.218	-0.6215	-0.08676
1.1	-0.6249	-0.1079
0.9952	-0.6374	-0.1186
1.018	-0.6529	-0.1714
1.113	-0.5758	-0.2377
1.14	-0.4848	-0.2835
1.168	-0.4697	-0.2826
1.183	-0.4716	-0.2652
1.118	-0.4634	-0.2702
1.044	-0.4462	-0.2475
0.9318	-0.3978	-0.2277
0.8027	-0.3284	-0.2231
0.676	-0.2775	-0.1822
0.5524	-0.2366	-0.1607
0.5107	-0.1893	-0.1578
0.4891	-0.1619	-0.1496
0.4939	-0.1648	-0.1673
0.555	-0.1999	-0.1947
0.639	-0.2465	-0.2315
0.7602	-0.2607	-0.2358
0.8266	-0.2415	-0.1849
0.8885	-0.2155	-0.1406
1.026	-0.174	-0.1092
1.149	-0.1052	-0.1054
1.238	-0.06751	-0.1394
1.262	-0.1031	-0.1905
1.278	-0.2146	-0.2469
1.336	-0.4203	-0.2746
1.348	-0.6103	-0.3005
1.342	-0.658	-0.3056
1.314	-0.715	-0.1959
1.26	-0.8945	-0.08519
1.235	-0.9504	-0.1317
1.14	-0.7567	-0.1889
1.024	-0.5396	-0.1392
1.05	-0.459	-0.1227
1.073	-0.4413	-0.1261
0.9809	-0.3666	-0.09246
0.9383	-0.287	-0.09648
0.9524	-0.3135	-0.09776
0.8825	-0.3702	-0.112
0.7338	-0.3752	-0.142
0.6161	-0.3639	-0.1107
0.5574	-0.3277	-0.06281
0.483	-0.2738	-0.009414
0.5395	-0.2515	0.00118
0.7438	-0.1978	-0.02276
0.7724	-0.1184	0.0125
0.7393	-0.1363	0.02194
0.8196	-0.2011	0.01419
0.8689	-0.2703	0.03142
0.9236	-0.3825	0.03661
0.968	-0.4119	0.08489
0.9965	-0.3087	0.1332
1.078	-0.1986	0.1347
1.173	-0.184	0.0825
1.304	-0.3518	-0.06015
1.363	-0.606	-0.1619
1.308	-0.6604	-0.1244
1.241	-0.4841	-0.09707
1.061	-0.2437	0.04721
1.171	-0.2956	-0.08173
1.318	-0.4376	-0.1113
1.316	-0.5648	-0.07359
1.218	-0.6215	-0.08676
1.1	-0.6249	-0.1079
0.9952	-0.6374	-0.1186
1.018	-0.6529	-0.1714
1.113	-0.5758	-0.2377
1.14	-0.4848	-0.2835
1.168	-0.4697	-0.2826
1.183	-0.4716	-0.2652
1.118	-0.4634	-0.2702
1.044	-0.4462	-0.2475
0.9318	-0.3978	-0.2277
0.8027	-0.3284	-0.2231
0.676	-0.2775	-0.1822
0.5524	-0.2366	-0.1607
0.5107	-0.1893	-0.1578
0.4891	-0.1619	-0.1496
0.4939	-0.1648	-0.1673
0.555	-0.1999	-0.1947
0.639	-0.2465	-0.2315
0.7602	-0.2607	-0.2358
0.8266	-0.2415	-0.1849
0.8885	-0.2155	-0.1406
1.026	-0.174	-0.1092
1.149	-0.1052	-0.1054
1.238	-0.06751	-0.1394
1.262	-0.1031	-0.1905
1.278	-0.2146	-0.2469
1.336	-0.4203	-0.2746
1.348	-0.6103	-0.3005
1.342	-0.658	-0.3056
1.314	-0.715	-0.1959
1.26	-0.8945	-0.08519
1.235	-0.9504	-0.1317
1.14	-0.7567	-0.1889
1.024	-0.5396	-0.1392
1.05	-0.459	-0.1227
1.073	-0.4413	-0.1261
0.9809	-0.3666	-0.09246
0.9383	-0.287	-0.09648
0.9524	-0.3135	-0.09776
0.8825	-0.3702	-0.112
0.7338	-0.3752	-0.142
0.6161	-0.3639	-0.1107
0.5574	-0.3277	-0.06281
0.483	-0.2738	-0.009414
0.5395	-0.2515	0.00118
0.7438	-0.1978	-0.02276
0.7724	-0.1184	0.0125
0.7393	-0.1363	0.02194
0.8196	-0.2011	0.01419
0.8689	-0.2703	0.03142
0.9236	-0.3825	0.03661
0.968	-0.4119	0.08489
0.9965	-0.3087	0.1332
1.078	-0.1986	0.1347
1.173	-0.184	0.0825
1.304	-0.3518	-0.06015
1.363	-0.606	-0.1619
1.308	-0.6604	-0.1244
1.241	-0.4841	-0.09707
1.092	-0.3669	-0.1808
0.9403	-0.4558	-0.2695
0.9494	-0.593	-0.3333
1.061	-0.6749	-0.3877
1.139	-0.6903	-0.3635
1.117	-0.5947	-0.3071
1.038	-0.4901	-0.2393
0.9496	-0.4171	-0.1926
0.8991	-0.3199	-0.2312
0.8922	-0.2655	-0.2398
0.8657	-0.2361	-0.2408
0.812	-0.2362	-0.2594
0.7101	-0.2978	-0.2151
0.5827	-0.3368	-0.1955
0.581	-0.3442	-0.1969
0.6451	-0.3278	-0.1872
0.6312	-0.3123	-0.184
0.6689	-0.2902	-0.1657
0.7317	-0.2458	-0.186
0.7535	-0.2573	-0.2143
0.8903	-0.2454	-0.2319
1.007	-0.1932	-0.2664
1.039	-0.1941	-0.2586
1.12	-0.226	-0.227
1.166	-0.3132	-0.1984
1.193	-0.3971	-0.184
1.209	-0.4242	-0.2367
1.218	-0.4549	-0.3486
1.302	-0.4931	-0.437
1.364	-0.618	-0.4016
1.363	-0.8321	-0.3254
1.259	-0.9172	-0.3153
1.061	-0.7816	-0.2719
0.9818	-0.5982	-0.2088
1.034	-0.4602	-0.1722
1.048	-0.3424	-0.1035
1.013	-0.3319	-0.08337
1.003	-0.3702	-0.1379
0.9581	-0.3719	-0.1841
0.8437	-0.4021	-0.1906
0.7037	-0.3767	-0.1266
0.5369	-0.3248	-0.05664
0.5383	-0.3433	-0.05422
0.6572	-0.3307	-0.05398
0.6236	-0.2838	-0.01543
0.6267	-0.231	-0.0001834
0.6689	-0.1823	-0.01682
0.6458	-0.1926	-0.01217
0.7274	-0.2269	-0.01244
0.7865	-0.2808	-0.01573
0.8374	-0.3608	0.002324
0.9404	-0.3787	0.01715
0.9343	-0.3111	0.05798
0.9882	-0.2243	0.07918
1.123	-0.1939	0.001663
1.256	-0.3226	-0.1318
1.441	-0.5826	-0.2159
1.455	-0.7071	-0.1702
1.3	-0.5641	-0.1192
1.151	-0.3924	-0.1643
1.008	-0.4004	-0.2132
0.9998	-0.5135	-0.2885
1.1	-0.6249	-0.3422
1.132	-0.6433	-0.2773
1.092	-0.3669	-0.1808
0.9403	-0.4558	-0.2695
0.9494	-0.593	-0.3333
1.061	-0.6749	-0.3877
1.139	-0.6903	-0.3635
1.117	-0.5947	-0.3071
1.038	-0.4901	-0.2393
0.9496	-0.4171	-0.1926
0.8991	-0.3199	-0.2312
0.8922	-0.2655	-0.2398
0.8657	-0.2361	-0.2408
0.812	-0.2362	-0.2594
0.7101	-0.2978	-0.2151
0.5827	-0.3368	-0.1955
0.581	-0.3442	-0.1969
0.6451	-0.3278	-0.1872
0.6312	-0.3123	-0.184
0.6689	-0.2902	-0.1657
0.7317	-0.2458	-0.186
0.7535	-0.2573	-0.2143
0.8903	-0.2454	-0.2319
1.007	-0.1932	-0.2664
1.039	-0.1941	-0.2586
1.12	-0.226	-0.227
1.166	-0.3132	-0.1984
1.193	-0.3971	-0.184
1.209	-0.4242	-0.2367
1.218	-0.4549	-0.3486
1.302	-0.4931	-0.437
1.364	-0.618	-0.4016
1.363	-0.8321	-0.3254
1.259	-0.9172	-0.3153
1.061	-0.7816	-0.2719
0.9818	-0.5982	-0.2088
1.034	-0.4602	-0.1722
1.048	-0.3424	-0.1035
1.013	-0.3319	-0.08337
1.003	-0.3702	-0.1379
0.9581	-0.3719	-0.1841
0.8437	-0.4021	-0.1906
0.7037	-0.3767	-0.1266
0.5369	-0.3248	-0.05664
0.5383	-0.3433	-0.05422
0.6572	-0.3307	-0.05398
0.6236	-0.2838	-0.01543
0.6267	-0.231	-0.0001834
0.6689	-0.1823	-0.01682
0.6458	-0.1926	-0.01217
0.7274	-0.2269	-0.01244
0.7865	-0.2808	-0.01573
0.8374	-0.3608	0.002324
0.9404	-0.3787	0.01715
0.9343	-0.3111	0.05798
0.9882	-0.2243	0.07918
1.123	-0.1939	0.001663
1.256	-0.3226	-0.1318
1.441	-0.5826	-0.2159
1.455	-0.7071	-0.1702
1.3	-0.5641	-0.1192
1.151	-0.3924	-0.1643
1.008	-0.4004	-0.2132
0.9998	-0.5135	-0.2885
1.1	-0.6249	-0.3422
1.132	-0.6433	-0.2773
1.12	-0.539	-0.2267
1.059	-0.4481	-0.1908
0.938	-0.3744	-0.1418
0.8479	-0.2803	-0.1686
0.7927	-0.2152	-0.1869
0.7457	-0.1514	-0.1879
0.6803	-0.1456	-0.2032
0.6042	-0.1787	-0.1842
0.5846	-0.1763	-0.1937
0.6038	-0.2053	-0.2195
0.6403	-0.2408	-0.2417
0.6892	-0.2876	-0.269
0.7161	-0.3549	-0.2524
0.7502	-0.3645	-0.2449
0.8542	-0.318	-0.2323
0.9842	-0.2331	-0.1936
0.9985	-0.1731	-0.207
0.9764	-0.139	-0.226
1.071	-0.08543	-0.2425
1.145	-0.1109	-0.2791
1.148	-0.2077	-0.2492
1.162	-0.277	-0.1892
1.165	-0.348	-0.1969
1.187	-0.4224	-0.2584
1.242	-0.4822	-0.3146
1.338	-0.5974	-0.3018
1.434	-0.7262	-0.2761
1.352	-0.7528	-0.3132
1.197	-0.7103	-0.3244
1.157	-0.6469	-0.3073
1.169	-0.5553	-0.2859
1.176	-0.4717	-0.1831
1.115	-0.419	-0.06102
1.047	-0.3779	-0.005007
1.041	-0.3695	-0.05506
0.9333	-0.3716	-0.1466
0.7445	-0.3141	-0.1314
0.5966	-0.2573	-0.08299
0.4718	-0.2341	-0.0474
0.4334	-0.2419	-0.009819
0.4601	-0.2771	-0.01113
0.4784	-0.2034	0.02329
0.567	-0.08219	0.02914
0.6691	-0.05945	-0.004116
0.6774	-0.118	0.02936
0.7239	-0.2493	0.03595
0.8387	-0.3708	0.03823
0.9365	-0.4736	0.06447
1.018	-0.5151	0.06221
1.035	-0.3953	0.08304
1.057	-0.2979	0.04705
1.172	-0.3204	-0.07512
1.319	-0.4212	-0.1832
1.459	-0.5224	-0.2122
1.457	-0.4711	-0.143
1.27	-0.3916	-0.09332
1.095	-0.421	-0.08523
1.075	-0.5457	-0.09174
1.133	-0.7086	-0.1727
1.106	-0.6926	-0.2635
1.086	-0.578	-0.2975
1.109	-0.5835	-0.2441
1.055	-0.5787	-0.1667
0.9982	-0.5504	-0.1731
0.9132	-0.412	0.04618
0.8344	-0.3822	0.02003
0.7737	-0.4008	-0.06536
0.7494	-0.4136	-0.1035
0.8095	-0.4361	-0.1453
0.7218	-0.4816	-0.1477
0.6549	-0.4393	-0.1107
0.6626	-0.4051	-0.1105
0.6497	-0.384	-0.09596
0.729	-0.3425	-0.0805
0.7836	-0.3489	-0.06066
0.8218	-0.3102	-0.01922
0.8471	-0.2748	-0.01953
0.827	-0.2935	-0.03038
0.89	-0.3269	-0.03038
0.9203	-0.4123	-0.02982
0.9364	-0.4429	-0.0102
0.953	-0.3947	0.02625
0.8928	-0.3309	0.08543
0.9083	-0.2471	0.113
0.9701	-0.2404	0.06953
1.112	-0.3415	-0.02137
1.305	-0.4545	-0.143
1.301	-0.4989	-0.2125
1.191	-0.4665	-0.2093
1.115	-0.4595	-0.2134
1.09	-0.5316	-0.2317
1.063	-0.6169	-0.2672
0.9944	-0.6603	-0.3075
1.012	-0.6444	-0.3011
1.031	-0.6045	-0.2808
1.003	-0.5354	-0.2409
1.019	-0.4119	-0.1724
0.9736	-0.3752	-0.1717
0.9035	-0.3791	-0.1969
0.885	-0.279	-0.183
0.8428	-0.2349	-0.2027
0.7655	-0.237	-0.2215
0.6835	-0.2344	-0.1997
0.6451	-0.2919	-0.182
0.637	-0.2795	-0.1661
0.6428	-0.2526	-0.2009
0.7069	-0.2686	-0.2761
0.7955	-0.2732	-0.2815
0.8451	-0.3326	-0.2441
0.8486	-0.3472	-0.2174
0.8899	-0.2996	-0.2007
0.9835	-0.2226	-0.208
1.034	-0.06958	-0.2111
1.08	0.02695	-0.2137
1.142	0.04612	-0.2353
1.165	-0.04755	-0.273
1.202	-0.3039	-0.3482
1.243	-0.4606	-0.3888
1.227	-0.4706	-0.3314
1.23	-0.5723	-0.2777
1.331	-0.7125	-0.2961
1.389	-0.6972	-0.3671
1.256	-0.6195	-0.4351
1.05	-0.61	-0.3928
0.9881	-0.6083	-0.2623
1.026	-0.5972	-0.1371
1.015	-0.5357	-0.05379
1.012	-0.4258	-0.08801
1.028	-0.392	-0.1421
0.9668	-0.3946	-0.1262
0.8496	-0.3841	-0.1601
0.7133	-0.3773	-0.1551
0.6266	-0.3505	-0.1027
0.6059	-0.3332	-0.121
0.5859	-0.3269	-0.0997
0.5856	-0.2922	-0.05383
0.5891	-0.2129	-0.001596
0.5987	-0.1677	0.0447
0.6893	-0.2056	-0.004863
0.7938	-0.2287	-0.01364
0.8161	-0.2541	0.01809
0.8676	-0.3241	0.03572
1.001	-0.3719	0.09304
1.027	-0.3673	0.08733
1.019	-0.3416	0.05808
1.175	-0.3563	0.05048
1.278	-0.386	-0.01057
1.283	-0.4748	-0.08121
1.398	-0.6387	-0.1535
1.437	-0.6206	-0.1854
1.223	-0.4196	-0.1972
0.9702	-0.344	-0.3127
0.9216	-0.5471	-0.3876
0.997	-0.811	-0.3486
1.012	-0.7748	-0.3319
1.021	-0.6492	-0.3026
1.042	-0.6134	-0.2728
1.005	-0.4327	-0.264
0.9448	-0.3321	-0.2138
0.8419	-0.3365	-0.1904
0.7253	-0.2213	-0.1848
0.6642	-0.2002	-0.184
0.6047	-0.2001	-0.2132
0.5816	-0.1629	-0.2007
0.6055	-0.244	-0.1952
0.6108	-0.3187	-0.208
0.6641	-0.3738	-0.2074
0.7523	-0.3863	-0.2378
0.7998	-0.343	-0.2455
0.8224	-0.3315	-0.238
0.8558	-0.2632	-0.2424
0.9759	-0.1481	-0.2271
1.118	-0.06887	-0.232
1.16	-0.1241	-0.2592
1.212	-0.3333	-0.3057
1.285	-0.4976	-0.357
1.242	-0.5636	-0.3718
1.223	-0.6077	-0.377
1.345	-0.7	-0.367
1.399	-0.7715	-0.3395
1.275	-0.7202	-0.3042
1.067	-0.6661	-0.2099
0.9542	-0.5517	-0.1088
1	-0.3415	-0.07421
1.011	-0.2228	-0.0453
0.974	-0.2156	-0.04104
0.9887	-0.2962	-0.1175
0.9703	-0.3688	-0.1739
0.9134	-0.3571	-0.161
0.8287	-0.3678	-0.1521
0.7129	-0.4009	-0.1597
0.6882	-0.4013	-0.1339
1.028	-0.392	-0.1421
0.9668	-0.3946	-0.1262
0.8496	-0.3841	-0.1601
0.7133	-0.3773	-0.1551
0.6266	-0.3505	-0.1027
0.6059	-0.3332	-0.121
0.5859	-0.3269	-0.0997
0.5856	-0.2922	-0.05383
0.5891	-0.2129	-0.001596
0.5987	-0.1677	0.0447
0.6893	-0.2056	-0.004863
0.7938	-0.2287	-0.01364
0.8161	-0.2541	0.01809
0.8676	-0.3241	0.03572
1.001	-0.3719	0.09304
1.027	-0.3673	0.08733
1.019	-0.3416	0.05808
1.175	-0.3563	0.05048
1.278	-0.386	-0.01057
1.283	-0.4748	-0.08121
1.398	-0.6387	-0.1535
1.437	-0.6206	-0.1854
1.223	-0.4196	-0.1972
0.9702	-0.344	-0.3127
0.9216	-0.5471	-0.3876
0.997	-0.811	-0.3486
1.012	-0.7748	-0.3319
1.021	-0.6492	-0.3026
1.042	-0.6134	-0.2728
1.005	-0.4327	-0.264
0.9448	-0.3321	-0.2138
0.8419	-0.3365	-0.1904
0.7253	-0.2213	-0.1848
0.6642	-0.2002	-0.184
0.6047	-0.2001	-0.2132
0.5816	-0.1629	-0.2007
0.6055	-0.244	-0.1952
0.6108	-0.3187	-0.208
0.6641	-0.3738	-0.2074
0.7523	-0.3863	-0.2378
0.7998	-0.343	-0.2455
0.8224	-0.3315	-0.238
0.8558	-0.2632	-0.2424
0.9759	-0.1481	-0.2271
1.118	-0.06887	-0.232
1.16	-0.1241	-0.2592
1.212	-0.3333	-0.3057
1.285	-0.4976	-0.357
1.242	-0.5636	-0.3718
1.223	-0.6077	-0.377
1.345	-0.7	-0.367
1.399	-0.7715	-0.3395
1.275	-0.7202	-0.3042
1.067	-0.6661	-0.2099
0.9542	-0.5517	-0.1088
1	-0.3415	-0.07421
1.011	-0.2228	-0.0453
0.974	-0.2156	-0.04104
0.9887	-0.2962	-0.1175
0.9703	-0.3688	-0.1739
0.9134	-0.3571	-0.161
0.8287	-0.3678	-0.1521
0.7129	-0.4009	-0.1597
0.6882	-0.4013	-0.1339
0.7029	-0.3962	-0.07529
0.6442	-0.3933	-0.04483
0.6405	-0.3305	-0.03841
0.6744	-0.2391	-0.02491
0.6765	-0.2233	-0.02275
0.7612	-0.2342	-0.02471
0.8293	-0.2595	-0.01815
0.8386	-0.3229	-0.0005428
0.8904	-0.3314	0.02671
0.9479	-0.2885	0.04966
1.055	-0.2588	0.05238
1.161	-0.2594	0.001934
1.216	-0.3637	-0.1082
1.285	-0.5649	-0.2045
1.271	-0.6458	-0.1936
1.176	-0.5242	-0.1611
1.063	-0.4555	-0.2267
0.9922	-0.5826	-0.31
1.035	-0.7003	-0.3732
1.069	-0.6894	-0.3806
1.072	-0.6502	-0.3088
1.063	-0.5768	-0.2674
1	-0.4554	-0.2146
0.9723	-0.3855	-0.1728
0.9162	-0.3429	-0.2052
0.7976	-0.2741	-0.2033
0.7299	-0.2433	-0.2131
0.6526	-0.258	-0.2135
0.5625	-0.2645	-0.1561
0.5532	-0.2732	-0.1478
0.5935	-0.2949	-0.1469
0.6466	-0.3096	-0.157
0.7275	-0.3079	-0.1924
0.8014	-0.2835	-0.2132
0.8087	-0.2579	-0.2436
0.8485	-0.2212	-0.2342
0.9816	-0.1355	-0.2361
1.079	-0.07563	-0.2754
1.16	-0.1339	-0.2823
1.257	-0.2895	-0.316
1.27	-0.4777	-0.3672
1.261	-0.5927	-0.384
1.316	-0.6241	-0.3578
1.359	-0.7473	-0.2985
1.272	-0.8658	-0.2659
1.091	-0.791	-0.2371
0.9962	-0.7306	-0.2003
1.026	-0.6862	-0.1618
1.031	-0.5158	-0.06554
0.9627	-0.3921	0.02275
0.9378	-0.3621	0.01143
0.9515	-0.3992	-0.04379
0.8924	-0.4472	-0.09086
0.763	-0.4158	-0.1227
0.6216	-0.4103	-0.1092
0.5852	-0.3936	-0.0829
0.6617	-0.3424	-0.07904
0.6928	-0.3475	-0.06484
0.6758	-0.3179	-0.03991
0.6694	-0.2454	-0.005995
0.6576	-0.1795	0.003338
0.6626	-0.1543	-0.01808
0.7553	-0.2176	-0.001242
0.9012	-0.2944	0.004816
0.7029	-0.3962	-0.07529
0.6442	-0.3933	-0.04483
0.6405	-0.3305	-0.03841
0.6744	-0.2391	-0.02491
0.6765	-0.2233	-0.02275
0.7612	-0.2342	-0.02471
0.8293	-0.2595	-0.01815
0.8386	-0.3229	-0.0005428
0.8904	-0.3314	0.02671
0.9479	-0.2885	0.04966
1.055	-0.2588	0.05238
1.161	-0.2594	0.001934
1.216	-0.3637	-0.1082
1.285	-0.5649	-0.2045
1.271	-0.6458	-0.1936
1.176	-0.5242	-0.1611
1.063	-0.4555	-0.2267
0.9922	-0.5826	-0.31
1.035	-0.7003	-0.3732
1.069	-0.6894	-0.3806
1.072	-0.6502	-0.3088
1.063	-0.5768	-0.2674
1	-0.4554	-0.2146
0.9723	-0.3855	-0.1728
0.9162	-0.3429	-0.2052
0.7976	-0.2741	-0.2033
0.7299	-0.2433	-0.2131
0.6526	-0.258	-0.2135
0.5625	-0.2645	-0.1561
0.5532	-0.2732	-0.1478
0.5935	-0.2949	-0.1469
0.6466	-0.3096	-0.157
0.7275	-0.3079	-0.1924
0.8014	-0.2835	-0.2132
0.8087	-0.2579	-0.2436
0.8485	-0.2212	-0.2342
0.9816	-0.1355	-0.2361
1.079	-0.07563	-0.2754
1.16	-0.1339	-0.2823
1.257	-0.2895	-0.316
1.27	-0.4777	-0.3672
1.261	-0.5927	-0.384
1.316	-0.6241	-0.3578
1.359	-0.7473	-0.2985
1.272	-0.8658	-0.2659
1.091	-0.791	-0.2371
0.9962	-0.7306	-0.2003
1.026	-0.6862	-0.1618
1.031	-0.5158	-0.06554
0.9627	-0.3921	0.02275
0.9378	-0.3621	0.01143
0.9515	-0.3992	-0.04379
0.8924	-0.4472	-0.09086
0.763	-0.4158	-0.1227
0.6216	-0.4103	-0.1092
0.5852	-0.3936	-0.0829
0.6617	-0.3424	-0.07904
0.6928	-0.3475	-0.06484
0.6758	-0.3179	-0.03991
0.6694	-0.2454	-0.005995
0.6576	-0.1795	0.003338
0.6626	-0.1543	-0.01808
0.7553	-0.2176	-0.001242
0.9012	-0.2944	0.004816
0.939	-0.344	-0.005896
0.9596	-0.3726	0.02353
1.064	-0.398	0.05043
1.058	-0.4107	0.07036
1.036	-0.3943	0.04106
1.178	-0.4473	-0.07421
1.275	-0.5191	-0.1685
1.223	-0.5571	-0.1383
1.158	-0.63	-0.03828
1.098	-0.627	-0.02264
0.9654	-0.5938	-0.08963
0.8474	-0.6618	-0.1944
0.9709	-0.6848	-0.2999
1.167	-0.6266	-0.3106
1.123	-0.5517	-0.2755
1.006	-0.446	-0.2222
0.9376	-0.3545	-0.1934
0.8868	-0.2856	-0.2699
0.9389	-0.2484	-0.3373
0.9482	-0.2645	-0.3367
0.8611	-0.2754	-0.2917
0.7869	-0.2832	-0.2369
0.6526	-0.3079	-0.2063
0.5614	-0.3138	-0.185
0.6217	-0.3088	-0.2181
0.7234	-0.2968	-0.2457
0.804	-0.2533	-0.2092
0.8209	-0.1928	-0.1726
0.804	-0.1495	-0.1391
0.8313	-0.1302	-0.1232
0.9094	-0.1205	-0.1194
0.9936	-0.1058	-0.102
1.041	-0.06971	-0.09561
1.066	-0.04542	-0.1248
1.123	-0.1408	-0.1636
1.241	-0.345	-0.1427
1.3	-0.4756	-0.09687
1.258	-0.4883	-0.08466
1.251	-0.4971	-0.1096
1.255	-0.5574	-0.1642
1.238	-0.7256	-0.2009
1.213	-0.9025	-0.229
1.12	-0.8137	-0.202
1.046	-0.6091	-0.1159
1.06	-0.5672	-0.1296
1.029	-0.5122	-0.1591
0.9121	-0.4668	-0.1397
0.8343	-0.5245	-0.1915
0.7957	-0.4884	-0.2171
0.7363	-0.4507	-0.1991
0.6864	-0.4204	-0.1895
0.6617	-0.3223	-0.1323
0.6493	-0.31	-0.07891
0.6278	-0.2978	-0.02705
0.6465	-0.2431	-0.004877
0.7381	-0.1745	-0.03379
0.805	-0.1077	-0.01344
0.8241	-0.1439	-0.003682
0.8271	-0.1813	-0.005356
0.8658	-0.2507	0.03435
0.9706	-0.3554	0.0461
1.031	-0.3515	0.08555
1.025	-0.3383	0.1646
1.03	-0.3323	0.1762
0.939	-0.344	-0.005896
0.9596	-0.3726	0.02353
1.064	-0.398	0.05043
1.058	-0.4107	0.07036
1.036	-0.3943	0.04106
1.178	-0.4473	-0.07421
1.275	-0.5191	-0.1685
1.223	-0.5571	-0.1383
1.158	-0.63	-0.03828
1.098	-0.627	-0.02264
0.9654	-0.5938	-0.08963
0.8474	-0.6618	-0.1944
0.9709	-0.6848	-0.2999
1.167	-0.6266	-0.3106
1.123	-0.5517	-0.2755
1.006	-0.446	-0.2222
0.9376	-0.3545	-0.1934
0.8868	-0.2856	-0.2699
0.9389	-0.2484	-0.3373
0.9482	-0.2645	-0.3367
0.8611	-0.2754	-0.2917
0.7869	-0.2832	-0.2369
0.6526	-0.3079	-0.2063
0.5614	-0.3138	-0.185
0.6217	-0.3088	-0.2181
0.7234	-0.2968	-0.2457
0.804	-0.2533	-0.2092
0.8209	-0.1928	-0.1726
0.804	-0.1495	-0.1391
0.8313	-0.1302	-0.1232
0.9094	-0.1205	-0.1194
0.9936	-0.1058	-0.102
1.041	-0.06971	-0.09561
1.066	-0.04542	-0.1248
1.123	-0.1408	-0.1636
1.241	-0.345	-0.1427
1.3	-0.4756	-0.09687
1.258	-0.4883	-0.08466
1.251	-0.4971	-0.1096
1.255	-0.5574	-0.1642
1.238	-0.7256	-0.2009
1.213	-0.9025	-0.229
1.12	-0.8137	-0.202
1.046	-0.6091	-0.1159
1.06	-0.5672	-0.1296
1.029	-0.5122	-0.1591
0.9121	-0.4668	-0.1397
0.8343	-0.5245	-0.1915
0.7957	-0.4884	-0.2171
0.7363	-0.4507	-0.1991
0.6864	-0.4204	-0.1895
0.6617	-0.3223	-0.1323
0.6493	-0.31	-0.07891
0.6278	-0.2978	-0.02705
0.6465	-0.2431	-0.004877
0.7381	-0.1745	-0.03379
0.805	-0.1077	-0.01344
0.8241	-0.1439	-0.003682
0.8271	-0.1813	-0.005356
0.8658	-0.2507	0.03435
0.9706	-0.3554	0.0461
1.031	-0.3515	0.08555
1.025	-0.3383	0.1646
1.03	-0.3323	0.1762
1.101	-0.3477	0.08012
1.235	-0.4587	-0.06765
1.297	-0.5649	-0.1234
1.243	-0.5938	-0.1007
1.145	-0.5857	-0.1179
1.005	-0.5628	-0.1314
0.8608	-0.4906	-0.1259
0.833	-0.5145	-0.1882
0.9583	-0.6458	-0.2923
1.127	-0.6607	-0.3451
1.194	-0.5977	-0.3304
1.146	-0.4698	-0.2677
1.091	-0.3481	-0.1981
0.9985	-0.3292	-0.1626
0.8486	-0.268	-0.1513
0.7581	-0.2415	-0.1514
0.6721	-0.2305	-0.1485
0.5588	-0.1687	-0.1391
0.5008	-0.1879	-0.1502
0.4983	-0.2152	-0.1756
0.5898	-0.2596	-0.2026
0.7193	-0.3201	-0.244
0.7792	-0.3366	-0.2638
0.8097	-0.3537	-0.2441
0.8599	-0.2943	-0.2474
0.9395	-0.211	-0.2546
1.066	-0.1539	-0.2357
1.271	-0.06688	-0.2365
1.431	-0.0377	-0.2516
1.401	-0.1051	-0.2951
1.323	-0.2622	-0.3555
1.266	-0.4856	-0.3552
1.195	-0.6836	-0.3033
1.213	-0.8001	-0.236
1.219	-0.8401	-0.1965
1.084	-0.8013	-0.2148
0.9836	-0.7065	-0.2146
1.003	-0.6149	-0.1542
1.043	-0.4705	-0.09214
1.038	-0.3463	-0.06783
1.004	-0.3702	-0.07385
0.9388	-0.4167	-0.08723
0.8113	-0.4562	-0.09339
0.7105	-0.4737	-0.09373
0.685	-0.4339	-0.08695
0.6374	-0.3996	-0.06995
0.5353	-0.2875	-0.03249
0.4739	-0.1899	0.0009403
0.5473	-0.1991	-0.001881
0.6487	-0.1471	0.01904
0.6925	-0.1189	0.05477
0.7327	-0.1974	0.03754
0.7746	-0.2624	0.02945
0.8506	-0.3184	0.04001
0.9279	-0.355	0.0291
0.9995	-0.3426	0.03865
1.067	-0.3014	0.0593
1.08	-0.1972	0.07733
1.177	-0.1345	0.08672
1.288	-0.2868	0.009668
1.309	-0.5668	-0.1241
1.35	-0.7096	-0.1623
1.321	-0.5594	-0.08734
1.219	-0.3537	-0.06045
1.101	-0.3477	0.08012
1.235	-0.4587	-0.06765
1.297	-0.5649	-0.1234
1.243	-0.5938	-0.1007
1.145	-0.5857	-0.1179
1.005	-0.5628	-0.1314
0.8608	-0.4906	-0.1259
0.833	-0.5145	-0.1882
0.9583	-0.6458	-0.2923
1.127	-0.6607	-0.3451
1.194	-0.5977	-0.3304
1.146	-0.4698	-0.2677
1.091	-0.3481	-0.1981
0.9985	-0.3292	-0.1626
0.8486	-0.268	-0.1513
0.7581	-0.2415	-0.1514
0.6721	-0.2305	-0.1485
0.5588	-0.1687	-0.1391
0.5008	-0.1879	-0.1502
0.4983	-0.2152	-0.1756
0.5898	-0.2596	-0.2026
0.7193	-0.3201	-0.244
0.7792	-0.3366	-0.2638
0.8097	-0.3537	-0.2441
0.8599	-0.2943	-0.2474
0.9395	-0.211	-0.2546
1.066	-0.1539	-0.2357
1.271	-0.06688	-0.2365
1.431	-0.0377	-0.2516
1.401	-0.1051	-0.2951
1.323	-0.2622	-0.3555
1.266	-0.4856	-0.3552
1.195	-0.6836	-0.3033
1.213	-0.8001	-0.236
1.219	-0.8401	-0.1965
1.084	-0.8013	-0.2148
0.9836	-0.7065	-0.2146
1.003	-0.6149	-0.1542
1.043	-0.4705	-0.09214
1.038	-0.3463	-0.06783
1.004	-0.3702	-0.07385
0.9388	-0.4167	-0.08723
0.8113	-0.4562	-0.09339
0.7105	-0.4737	-0.09373
0.685	-0.4339	-0.08695
0.6374	-0.3996	-0.06995
0.5353	-0.2875	-0.03249
0.4739	-0.1899	0.0009403
0.5473	-0.1991	-0.001881
0.6487	-0.1471	0.01904
0.6925	-0.1189	0.05477
0.7327	-0.1974	0.03754
0.7746	-0.2624	0.02945
0.8506	-0.3184	0.04001
0.9279	-0.355	0.0291
0.9995	-0.3426	0.03865
1.067	-0.3014	0.0593
1.08	-0.1972	0.07733
1.177	-0.1345	0.08672
1.288	-0.2868	0.009668
1.309	-0.5668	-0.1241
1.35	-0.7096	-0.1623
1.321	-0.5594	-0.08734
1.219	-0.3537	-0.06045
1.045	-0.3727	-0.1738
0.903	-0.4764	-0.2924
1.019	-0.6151	-0.2894
1.114	-0.7693	-0.2559
1.091	-0.7236	-0.2466
1.082	-0.5928	-0.177
0.9684	-0.4601	-0.1138
0.8586	-0.2923	-0.1463
0.7737	-0.2687	-0.1732
0.6602	-0.299	-0.1843
0.6017	-0.2754	-0.2201
0.5575	-0.2903	-0.2122
0.5814	-0.2928	-0.1956
0.6368	-0.2973	-0.2016
0.6651	-0.3082	-0.1823
0.7469	-0.2659	-0.1682
0.7811	-0.2107	-0.1535
0.7911	-0.1515	-0.133
0.8755	-0.122	-0.148
0.9902	-0.1447	-0.1556
1.146	-0.1611	-0.1497
1.244	-0.1637	-0.1689
1.242	-0.1891	-0.1866
1.254	-0.2578	-0.1844
1.279	-0.3499	-0.1732
1.304	-0.4363	-0.1649
1.331	-0.511	-0.1712
1.376	-0.6285	-0.2165
1.413	-0.8052	-0.2817
1.319	-0.8648	-0.2792
1.143	-0.7366	-0.1992
1.06	-0.6007	-0.0812
1.06	-0.5251	0.01809
1.048	-0.4618	0.004951
0.994	-0.3994	-0.03755
0.926	-0.3346	-0.0342
0.8869	-0.3455	-0.09143
0.8236	-0.3901	-0.1422
0.6728	-0.3604	-0.1183
0.5344	-0.3344	-0.1125
0.4897	-0.275	-0.09428
0.5148	-0.1945	-0.06735
0.5564	-0.185	-0.06541
0.6001	-0.1574	-0.04561
0.7172	-0.1733	-0.03727
0.8555	-0.2376	-0.03378
0.9431	-0.267	-0.01859
0.9831	-0.2965	-0.002261
0.9364	-0.2691	0.03223
0.9209	-0.2511	0.04367
1.027	-0.2809	0.03723
1.157	-0.3283	0.05636
1.212	-0.4463	0.09529
1.13	-0.4969	0.128
1.095	-0.487	0.08141
1.254	-0.5178	-0.03877
1.362	-0.5093	-0.1281
1.223	-0.5071	-0.1539
1.008	-0.5381	-0.1602
0.9591	-0.5983	-0.2071
1.04	-0.6953	-0.2866
1.111	-0.6938	-0.3131
1.126	-0.5892	-0.2722
1.079	-0.481	-0.2199
1.045	-0.3727	-0.1738
0.903	-0.4764	-0.2924
1.019	-0.6151	-0.2894
1.114	-0.7693	-0.2559
1.091	-0.7236	-0.2466
1.082	-0.5928	-0.177
0.9684	-0.4601	-0.1138
0.8586	-0.2923	-0.1463
0.7737	-0.2687	-0.1732
0.6602	-0.299	-0.1843
0.6017	-0.2754	-0.2201
0.5575	-0.2903	-0.2122
0.5814	-0.2928	-0.1956
0.6368	-0.2973	-0.2016
0.6651	-0.3082	-0.1823
0.7469	-0.2659	-0.1682
0.7811	-0.2107	-0.1535
0.7911	-0.1515	-0.133
0.8755	-0.122	-0.148
0.9902	-0.1447	-0.1556
1.146	-0.1611	-0.1497
1.244	-0.1637	-0.1689
1.242	-0.1891	-0.1866
1.254	-0.2578	-0.1844
1.279	-0.3499	-0.1732
1.304	-0.4363	-0.1649
1.331	-0.511	-0.1712
1.376	-0.6285	-0.2165
1.413	-0.8052	-0.2817
1.319	-0.8648	-0.2792
1.143	-0.7366	-0.1992
1.06	-0.6007	-0.0812
1.06	-0.5251	0.01809
1.048	-0.4618	0.004951
0.994	-0.3994	-0.03755
0.926	-0.3346	-0.0342
0.8869	-0.3455	-0.09143
0.8236	-0.3901	-0.1422
0.6728	-0.3604	-0.1183
0.5344	-0.3344	-0.1125
0.4897	-0.275	-0.09428
0.5148	-0.1945	-0.06735
0.5564	-0.185	-0.06541
0.6001	-0.1574	-0.04561
0.7172	-0.1733	-0.03727
0.8555	-0.2376	-0.03378
0.9431	-0.267	-0.01859
0.9831	-0.2965	-0.002261
0.9364	-0.2691	0.03223
0.9209	-0.2511	0.04367
1.027	-0.2809	0.03723
1.157	-0.3283	0.05636
1.212	-0.4463	0.09529
1.13	-0.4969	0.128
1.095	-0.487	0.08141
1.254	-0.5178	-0.03877
1.362	-0.5093	-0.1281
1.223	-0.5071	-0.1539
1.008	-0.5381	-0.1602
0.9591	-0.5983	-0.2071
1.04	-0.6953	-0.2866
1.111	-0.6938	-0.3131
1.126	-0.5892	-0.2722
1.079	-0.481	-0.2199
1.038	-0.4014	-0.1768
1.019	-0.3663	-0.1607
0.9698	-0.2812	-0.1645
0.8934	-0.1443	-0.1464
0.8324	-0.1336	-0.1358
0.7334	-0.2021	-0.1357
0.54	-0.2075	-0.1002
0.4832	-0.2117	-0.09068
0.5948	-0.202	-0.1315
0.6565	-0.141	-0.1929
0.7559	-0.1325	-0.26
0.8181	-0.1632	-0.241
0.7924	-0.188	-0.1878
0.8509	-0.2058	-0.1948
0.861	-0.1707	-0.1832
0.9134	-0.139	-0.1736
1.072	-0.1444	-0.1854
1.125	-0.1419	-0.1752
1.171	-0.1473	-0.1796
1.141	-0.1592	-0.1648
1.052	-0.1637	-0.1342
1.099	-0.1853	-0.1273
1.13	-0.2657	-0.107
1.166	-0.3676	-0.09396
1.225	-0.3993	-0.102
1.284	-0.4301	-0.1184
1.453	-0.5826	-0.1533
1.499	-0.7638	-0.1943
1.322	-0.7842	-0.2002
1.096	-0.6607	-0.1489
0.9794	-0.5262	-0.09711
1.017	-0.4152	-0.0691
1.019	-0.3712	-0.06002
0.9972	-0.3861	-0.05923
0.9871	-0.368	-0.03036
0.9152	-0.3426	-0.02866
0.8662	-0.3165	-0.05698
0.7911	-0.2517	-0.06285
0.6982	-0.1968	-0.05623
0.6774	-0.1594	-0.03155
0.666	-0.1532	-0.01848
0.6693	-0.2052	-0.002435
0.6988	-0.268	0.03351
0.7468	-0.3205	0.04199
0.8082	-0.3361	0.05394
0.8377	-0.3102	0.06677
0.8551	-0.2899	0.06886
0.8606	-0.2679	0.08128
0.8496	-0.2529	0.07754
0.8577	-0.2569	0.07229
0.8627	-0.2533	0.06999
0.8592	-0.2512	0.06989
0.877	-0.256	0.07802
0.9059	-0.2544	0.06571
0.9481	-0.2593	0.0551
1.05	-0.2902	0.04674
1.195	-0.3282	0.02775
1.25	-0.3645	0.007254
1.272	-0.5019	-0.08421
1.458	-0.7449	-0.2192
1.583	-0.798	-0.2251
1.428	-0.5242	-0.1289
1.245	-0.2093	-0.0895
1.129	-0.09864	-0.09015
1.038	-0.4014	-0.1768
1.019	-0.3663	-0.1607
0.9698	-0.2812	-0.1645
0.8934	-0.1443	-0.1464
0.8324	-0.1336	-0.1358
0.7334	-0.2021	-0.1357
0.54	-0.2075	-0.1002
0.4832	-0.2117	-0.09068
0.5948	-0.202	-0.1315
0.6565	-0.141	-0.1929
0.7559	-0.1325	-0.26
0.8181	-0.1632	-0.241
0.7924	-0.188	-0.1878
0.8509	-0.2058	-0.1948
0.861	-0.1707	-0.1832
0.9134	-0.139	-0.1736
1.072	-0.1444	-0.1854
1.125	-0.1419	-0.1752
1.171	-0.1473	-0.1796
1.141	-0.1592	-0.1648
1.052	-0.1637	-0.1342
1.099	-0.1853	-0.1273
1.13	-0.2657	-0.107
1.166	-0.3676	-0.09396
1.225	-0.3993	-0.102
1.284	-0.4301	-0.1184
1.453	-0.5826	-0.1533
1.499	-0.7638	-0.1943
1.322	-0.7842	-0.2002
1.096	-0.6607	-0.1489
0.9794	-0.5262	-0.09711
1.017	-0.4152	-0.0691
1.019	-0.3712	-0.06002
0.9972	-0.3861	-0.05923
0.9871	-0.368	-0.03036
0.9152	-0.3426	-0.02866
0.8662	-0.3165	-0.05698
0.7911	-0.2517	-0.06285
0.6982	-0.1968	-0.05623
0.6774	-0.1594	-0.03155
0.666	-0.1532	-0.01848
0.6693	-0.2052	-0.002435
0.6988	-0.268	0.03351
0.7468	-0.3205	0.04199
0.8082	-0.3361	0.05394
0.8377	-0.3102	0.06677
0.8551	-0.2899	0.06886
0.8606	-0.2679	0.08128
0.8496	-0.2529	0.07754
0.8577	-0.2569	0.07229
0.8627	-0.2533	0.06999
0.8592	-0.2512	0.06989
0.877	-0.256	0.07802
0.9059	-0.2544	0.06571
0.9481	-0.2593	0.0551
1.05	-0.2902	0.04674
1.195	-0.3282	0.02775
1.25	-0.3645	0.007254
1.272	-0.5019	-0.08421
1.458	-0.7449	-0.2192
1.583	-0.798	-0.2251
1.428	-0.5242	-0.1289
1.245	-0.2093	-0.0895
1.129	-0.09864	-0.09015
0.9886	-0.2243	-0.1161
0.8844	-0.5122	-0.1815
0.9412	-0.7668	-0.2094
1.087	-0.7481	-0.2141
1.082	-0.4948	-0.2297
1.087	-0.3685	-0.2443
1.142	-0.3828	-0.2469
1.007	-0.3356	-0.2218
0.9253	-0.2959	-0.2188
0.8977	-0.2769	-0.2218
0.7829	-0.2701	-0.2126
0.7584	-0.2488	-0.2217
0.6972	-0.2352	-0.2168
0.6082	-0.273	-0.2161
0.5459	-0.2227	-0.2019
0.4692	-0.193	-0.1767
0.5343	-0.2164	-0.2189
0.6521	-0.2163	-0.2831
0.7883	-0.3119	-0.3173
0.9338	-0.3765	-0.3081
0.9723	-0.3673	-0.2721
1.011	-0.3323	-0.2614
1.039	-0.276	-0.2598
1.029	-0.2908	-0.2475
1.034	-0.2843	-0.2064
1.026	-0.2457	-0.1556
1.012	-0.1829	-0.1478
0.9665	-0.08563	-0.1741
0.918	-0.08435	-0.2229
0.9257	-0.143	-0.2582
1	-0.2454	-0.2678
1.147	-0.3934	-0.2827
1.278	-0.4615	-0.2664
1.334	-0.4624	-0.1907
1.407	-0.5341	-0.1233
1.51	-0.6415	-0.1855
1.503	-0.6317	-0.3022
1.413	-0.6355	-0.3206
1.327	-0.7198	-0.3058
1.137	-0.7234	-0.1766
0.9575	-0.6997	0.06311
0.9927	-0.6423	0.08465
1.084	-0.5117	-0.01715
1.069	-0.4024	-0.02498
0.9881	-0.3311	-0.06612
0.8394	-0.333	-0.1096
0.6603	-0.3444	-0.09758
0.5498	-0.318	-0.06937
0.4548	-0.2946	-0.0009648
0.4096	-0.2245	0.02453
0.4515	-0.2019	-0.00137
0.4698	-0.2236	0.009227
0.5953	-0.1648	0.022
0.8349	-0.1227	0.02522
0.9108	-0.1481	0.03308
0.892	-0.2198	0.05342
0.9833	-0.348	0.1084
1.077	-0.4582	0.1364
1.073	-0.4466	0.1176
1.05	-0.3467	0.1213
0.9632	-0.238	0.1487
0.8564	-0.1277	0.1623
0.9067	-0.1277	0.1576
0.977	-0.1719	0.1382
0.9886	-0.2243	-0.1161
0.8844	-0.5122	-0.1815
0.9412	-0.7668	-0.2094
1.087	-0.7481	-0.2141
1.082	-0.4948	-0.2297
1.087	-0.3685	-0.2443
1.142	-0.3828	-0.2469
1.007	-0.3356	-0.2218
0.9253	-0.2959	-0.2188
0.8977	-0.2769	-0.2218
0.7829	-0.2701	-0.2126
0.7584	-0.2488	-0.2217
0.6972	-0.2352	-0.2168
0.6082	-0.273	-0.2161
0.5459	-0.2227	-0.2019
0.4692	-0.193	-0.1767
0.5343	-0.2164	-0.2189
0.6521	-0.2163	-0.2831
0.7883	-0.3119	-0.3173
0.9338	-0.3765	-0.3081
0.9723	-0.3673	-0.2721
1.011	-0.3323	-0.2614
1.039	-0.276	-0.2598
1.029	-0.2908	-0.2475
1.034	-0.2843	-0.2064
1.026	-0.2457	-0.1556
1.012	-0.1829	-0.1478
0.9665	-0.08563	-0.1741
0.918	-0.08435	-0.2229
0.9257	-0.143	-0.2582
1	-0.2454	-0.2678
1.147	-0.3934	-0.2827
1.278	-0.4615	-0.2664
1.334	-0.4624	-0.1907
1.407	-0.5341	-0.1233
1.51	-0.6415	-0.1855
1.503	-0.6317	-0.3022
1.413	-0.6355	-0.3206
1.327	-0.7198	-0.3058
1.137	-0.7234	-0.1766
0.9575	-0.6997	0.06311
0.9927	-0.6423	0.08465
1.084	-0.5117	-0.01715
1.069	-0.4024	-0.02498
0.9881	-0.3311	-0.06612
0.8394	-0.333	-0.1096
0.6603	-0.3444	-0.09758
0.5498	-0.318	-0.06937
0.4548	-0.2946	-0.0009648
0.4096	-0.2245	0.02453
0.4515	-0.2019	-0.00137
0.4698	-0.2236	0.009227
0.5953	-0.1648	0.022
0.8349	-0.1227	0.02522
0.9108	-0.1481	0.03308
0.892	-0.2198	0.05342
0.9833	-0.348	0.1084
1.077	-0.4582	0.1364
1.073	-0.4466	0.1176
1.05	-0.3467	0.1213
0.9632	-0.238	0.1487
0.8564	-0.1277	0.1623
0.9067	-0.1277	0.1576
0.977	-0.1719	0.1382
1.02	-0.1965	0.0758
1.211	-0.451	-0.05165
1.462	-0.7002	-0.1342
1.526	-0.6202	-0.09075
1.308	-0.4203	-0.07346
1.074	-0.3033	-0.1402
1.064	-0.4474	-0.1725
1.107	-0.6942	-0.186
1.076	-0.7242	-0.2145
1.073	-0.7125	-0.2606
1.113	-0.6524	-0.3204
1.128	-0.4493	-0.3057
1.082	-0.3685	-0.2535
0.9679	-0.3706	-0.2153
0.8426	-0.329	-0.1663
0.7725	-0.3123	-0.1675
0.7303	-0.2399	-0.1926
0.6577	-0.1695	-0.2054
0.581	-0.1857	-0.219
0.5344	-0.1943	-0.1957
0.5168	-0.21	-0.1871
0.5714	-0.2231	-0.2125
0.7047	-0.2538	-0.2447
0.8493	-0.3576	-0.276
0.942	-0.4251	-0.2553
0.9535	-0.4244	-0.227
0.9655	-0.3835	-0.2283
1.015	-0.3162	-0.2239
1.023	-0.2758	-0.2255
1.013	-0.2336	-0.2186
1.025	-0.1822	-0.2038
1.029	-0.1627	-0.2082
1.018	-0.1406	-0.2253
1.008	-0.1246	-0.2502
1.038	-0.2034	-0.2664
1.076	-0.332	-0.2755
1.09	-0.4069	-0.2879
1.167	-0.5023	-0.2803
1.34	-0.6776	-0.2601
1.45	-0.8434	-0.2511
1.352	-0.872	-0.2534
1.166	-0.7395	-0.2597
1.056	-0.6277	-0.2495
1.073	-0.612	-0.2152
1.156	-0.5901	-0.1418
1.149	-0.5323	-0.04029
1.106	-0.4477	-0.01996
1.055	-0.3939	-0.07248
0.9158	-0.3825	-0.09822
0.811	-0.3704	-0.1469
0.702	-0.3793	-0.1738
0.5405	-0.3676	-0.0905
0.4388	-0.3257	-0.019
0.4087	-0.291	-0.008084
0.4686	-0.2525	-0.01417
0.5134	-0.2354	-0.02221
0.5658	-0.2344	-0.00675
0.7257	-0.2408	-5.201e-05
0.8151	-0.2576	0.009958
0.87	-0.2784	0.02157
0.9556	-0.3087	0.008859
0.9824	-0.3211	0.01991
0.9931	-0.3414	0.02109
0.9869	-0.3523	0.01851
1.02	-0.1965	0.0758
1.211	-0.451	-0.05165
1.462	-0.7002	-0.1342
1.526	-0.6202	-0.09075
1.308	-0.4203	-0.07346
1.074	-0.3033	-0.1402
1.064	-0.4474	-0.1725
1.107	-0.6942	-0.186
1.076	-0.7242	-0.2145
1.073	-0.7125	-0.2606
1.113	-0.6524	-0.3204
1.128	-0.4493	-0.3057
1.082	-0.3685	-0.2535
0.9679	-0.3706	-0.2153
0.8426	-0.329	-0.1663
0.7725	-0.3123	-0.1675
0.7303	-0.2399	-0.1926
0.6577	-0.1695	-0.2054
0.581	-0.1857	-0.219
0.5344	-0.1943	-0.1957
0.5168	-0.21	-0.1871
0.5714	-0.2231	-0.2125
0.7047	-0.2538	-0.2447
0.8493	-0.3576	-0.276
0.942	-0.4251	-0.2553
0.9535	-0.4244	-0.227
0.9655	-0.3835	-0.2283
1.015	-0.3162	-0.2239
1.023	-0.2758	-0.2255
1.013	-0.2336	-0.2186
1.025	-0.1822	-0.2038
1.029	-0.1627	-0.2082
1.018	-0.1406	-0.2253
1.008	-0.1246	-0.2502
1.038	-0.2034	-0.2664
1.076	-0.332	-0.2755
1.09	-0.4069	-0.2879
1.167	-0.5023	-0.2803
1.34	-0.6776	-0.2601
1.45	-0.8434	-0.2511
1.352	-0.872	-0.2534
1.166	-0.7395	-0.2597
1.056	-0.6277	-0.2495
1.073	-0.612	-0.2152
1.156	-0.5901	-0.1418
1.149	-0.5323	-0.04029
1.106	-0.4477	-0.01996
1.055	-0.3939	-0.07248
0.9158	-0.3825	-0.09822
0.811	-0.3704	-0.1469
0.702	-0.3793	-0.1738
0.5405	-0.3676	-0.0905
0.4388	-0.3257	-0.019
0.4087	-0.291	-0.008084
0.4686	-0.2525	-0.01417
0.5134	-0.2354	-0.02221
0.5658	-0.2344	-0.00675
0.7257	-0.2408	-5.201e-05
0.8151	-0.2576	0.009958
0.87	-0.2784	0.02157
0.9556	-0.3087	0.008859
0.9824	-0.3211	0.01991
0.9931	-0.3414	0.02109
0.9869	-0.3523	0.01851
0.9795	-0.3202	0.05757
0.9646	-0.3002	0.09039
0.9351	-0.2587	0.09663
0.9646	-0.2358	0.04835
1.071	-0.3276	-0.04024
1.303	-0.4879	-0.1284
1.498	-0.6153	-0.1911
1.412	-0.5724	-0.1673
1.271	-0.4569	-0.1148
1.236	-0.4603	-0.09228
1.121	-0.5422	-0.08761
1.028	-0.6874	-0.117
1.052	-0.75	-0.1494
1.061	-0.6504	-0.207
1.119	-0.6076	-0.2793
1.155	-0.5804	-0.2836
1.081	-0.5277	-0.2607
1.006	-0.5243	-0.2222
0.8877	-0.4649	-0.1579
0.7753	-0.3814	-0.1435
0.6972	-0.3123	-0.1734
0.6008	-0.2383	-0.1831
0.5315	-0.191	-0.1717
0.4767	-0.142	-0.1726
0.4931	-0.1384	-0.1833
0.5786	-0.1825	-0.2
0.6656	-0.2073	-0.2311
0.7954	-0.209	-0.262
0.9161	-0.2061	-0.2911
0.9285	-0.233	-0.2859
0.9114	-0.264	-0.2493
0.9981	-0.293	-0.2458
1.025	-0.2988	-0.2399
0.9634	-0.249	-0.2285
1.001	-0.2375	-0.2489
0.9929	-0.2588	-0.258
0.9665	-0.2684	-0.2685
0.9983	-0.2935	-0.2724
0.9586	-0.318	-0.253
0.9537	-0.3324	-0.2472
0.9426	-0.2978	-0.2356
0.9183	-0.2615	-0.2593
0.9933	-0.292	-0.3238
1.088	-0.3531	-0.3481
1.214	-0.4637	-0.3573
1.267	-0.5341	-0.3373
1.221	-0.5264	-0.2415
1.239	-0.6296	-0.1376
1.242	-0.7593	-0.1164
1.208	-0.707	-0.1462
1.191	-0.5875	-0.124
1.166	-0.4768	-0.091
1.144	-0.3827	-0.04978
1.13	-0.4759	0.03756
1.13	-0.5986	0.05148
1.115	-0.5474	-0.0005879
1.072	-0.5352	-0.03397
0.9798	-0.5081	-0.03897
0.8028	-0.3827	-0.02681
0.6698	-0.3495	-0.02446
0.6034	-0.3304	0.02569
0.4996	-0.2765	0.06267
0.4381	-0.2695	0.03024
0.4448	-0.2872	0.02713
1.113	-0.2952	-0.2529
1.092	-0.3651	-0.2591
1.127	-0.4262	-0.2731
1.221	-0.4645	-0.268
1.347	-0.5756	-0.2564
1.355	-0.6739	-0.2575
1.218	-0.6638	-0.2798
1.147	-0.6489	-0.3045
1.173	-0.6579	-0.266
1.176	-0.6206	-0.1897
1.158	-0.5389	-0.1247
1.139	-0.4508	-0.06725
1.093	-0.3873	-0.06489
1.001	-0.3571	-0.09657
0.9127	-0.3488	-0.1067
0.8548	-0.3515	-0.1418
0.7725	-0.3472	-0.166
0.6508	-0.3357	-0.1372
0.5647	-0.3331	-0.1229
0.5727	-0.322	-0.109
0.6047	-0.2966	-0.08174
0.6309	-0.2826	-0.07078
0.6818	-0.2603	-0.04674
0.7614	-0.2224	-0.01966
0.8503	-0.2147	-0.01497
0.8472	-0.2617	-0.02564
0.8572	-0.3583	-0.03667
0.9616	-0.4449	-0.02604
0.954	-0.4585	-0.00952
0.9053	-0.4391	0.02109
0.9296	-0.3955	0.08097
0.9854	-0.2777	0.1015
1.147	-0.1753	0.03399
1.305	-0.208	-0.1034
1.36	-0.4203	-0.2541
1.384	-0.7549	-0.3018
1.356	-0.8563	-0.2322
1.222	-0.5757	-0.2124
1.005	-0.3499	-0.2884
0.938	-0.402	-0.3366
1.038	-0.5408	-0.3224
1.055	-0.6468	-0.2804
1.067	-0.6392	-0.2336
1.078	-0.5046	-0.1969
0.9815	-0.3351	-0.1804
0.9126	-0.1871	-0.1984
0.8391	-0.1266	-0.2208
0.7327	-0.1496	-0.2252
0.6482	-0.1749	-0.2234
0.5695	-0.2301	-0.21
0.5654	-0.2987	-0.1868
0.5643	-0.3006	-0.17
0.5425	-0.2919	-0.1907
0.5854	-0.3085	-0.2376
0.643	-0.3306	-0.2658
0.7478	-0.3674	-0.2696
0.8454	-0.3652	-0.233
0.8655	-0.2845	-0.1731
0.9218	-0.1615	-0.142
1.008	-0.04575	-0.1382
1.084	0.01957	-0.1544
1.173	0.03419	-0.1931
1.305	0.01108	-0.2474
1.426	-0.07519	-0.2952
1.405	-0.2497	-0.3234
1.332	-0.4727	-0.3364
1.311	-0.6804	-0.2971
1.31	-0.8391	-0.2332
1.303	-0.8739	-0.2248
1.204	-0.7649	-0.2368
1.096	-0.6243	-0.2295
1.134	-0.4864	-0.2177
1.215	-0.371	-0.2069
1.24	-0.3611	-0.1925
1.183	-0.3989	-0.1363
1.048	-0.4192	-0.07285
0.9288	-0.4475	-0.09533
0.809	-0.4303	-0.1402
0.6203	-0.3469	-0.1199
0.4663	-0.2565	-0.08208
0.4324	-0.1726	-0.03598
0.4385	-0.137	-0.003478
0.4317	-0.1545	-0.02036
0.4686	-0.156	-0.01092
0.5758	-0.1724	0.001304
0.6652	-0.2091	-0.01428
0.7019	-0.24	-0.001984
0.8156	-0.3233	-0.001227
0.9581	-0.3887	0.0008629
0.9946	-0.3576	0.02613
1.1	-0.3312	0.07062
1.24	-0.2916	0.1455
1.247	-0.1495	0.1433
1.326	-0.1047	0.05472
1.383	-0.3866	-0.04739
1.29	-0.8463	-0.1171
1.291	-1.029	-0.08667
1.225	-0.6782	-0.08213
0.9535	-0.2749	-0.1782
0.7693	-0.3154	-0.2362
0.8696	-0.5512	-0.2566
1.1	-0.7621	-0.2956
1.141	-0.8535	-0.3038
1.09	-0.685	-0.2357
1.032	-0.5041	-0.1462
0.9079	-0.3969	-0.1333
0.8735	-0.2759	-0.1841
0.7964	-0.2646	-0.2359
0.657	-0.2744	-0.2334
0.5582	-0.2704	-0.1607
0.4291	-0.3107	-0.09178
0.4351	-0.2944	-0.08172
0.5331	-0.2677	-0.1122
0.584	-0.2311	-0.1278
0.6529	-0.1781	-0.1411
0.7312	-0.2092	-0.1604
0.8876	-0.2262	-0.1395
1.122	-0.1809	-0.1365
1.293	-0.1816	-0.1552
1.349	-0.2778	-0.1596
1.37	-0.4459	-0.1901
1.39	-0.5575	-0.2307
1.375	-0.5674	-0.2888
1.382	-0.6041	-0.3302
1.298	-0.6608	-0.3053
1.094	-0.6165	-0.2741
1.043	-0.5268	-0.2394
1.116	-0.4698	-0.2012
1.405	-0.2497	-0.3234
1.332	-0.4727	-0.3364
1.311	-0.6804	-0.2971
1.31	-0.8391	-0.2332
1.303	-0.8739	-0.2248
1.204	-0.7649	-0.2368
1.096	-0.6243	-0.2295
1.134	-0.4864	-0.2177
1.215	-0.371	-0.2069
1.24	-0.3611	-0.1925
1.183	-0.3989	-0.1363
1.048	-0.4192	-0.07285
0.9288	-0.4475	-0.09533
0.809	-0.4303	-0.1402
0.6203	-0.3469	-0.1199
0.4663	-0.2565	-0.08208
0.4324	-0.1726	-0.03598
0.4385	-0.137	-0.003478
0.4317	-0.1545	-0.02036
0.4686	-0.156	-0.01092
0.5758	-0.1724	0.001304
0.6652	-0.2091	-0.01428
0.7019	-0.24	-0.001984
0.8156	-0.3233	-0.001227
0.9581	-0.3887	0.0008629
0.9946	-0.3576	0.02613
1.1	-0.3312	0.07062
1.24	-0.2916	0.1455
1.247	-0.1495	0.1433
1.326	-0.1047	0.05472
1.383	-0.3866	-0.04739
1.29	-0.8463	-0.1171
1.291	-1.029	-0.08667
1.225	-0.6782	-0.08213
0.9535	-0.2749	-0.1782
0.7693	-0.3154	-0.2362
0.8696	-0.5512	-0.2566
1.1	-0.7621	-0.2956
1.141	-0.8535	-0.3038
1.09	-0.685	-0.2357
1.032	-0.5041	-0.1462
0.9079	-0.3969	-0.1333
0.8735	-0.2759	-0.1841
0.7964	-0.2646	-0.2359
0.657	-0.2744	-0.2334
0.5582	-0.2704	-0.1607
0.4291	-0.3107	-0.09178
0.4351	-0.2944	-0.08172
0.5331	-0.2677	-0.1122
0.584	-0.2311	-0.1278
0.6529	-0.1781	-0.1411
0.7312	-0.2092	-0.1604
0.8876	-0.2262	-0.1395
1.122	-0.1809	-0.1365
1.293	-0.1816	-0.1552
1.349	-0.2778	-0.1596
1.37	-0.4459	-0.1901
1.39	-0.5575	-0.2307
1.375	-0.5674	-0.2888
1.382	-0.6041	-0.3302
1.298	-0.6608	-0.3053
1.094	-0.6165	-0.2741
1.043	-0.5268	-0.2394
1.116	-0.4698	-0.2012
1.129	-0.414	-0.1721
1.077	-0.3893	-0.141
1.03	-0.3925	-0.1563
1.026	-0.3713	-0.1972
0.9449	-0.3596	-0.2167
0.7726	-0.3515	-0.2128
0.6324	-0.3212	-0.1551
0.563	-0.2897	-0.08908
0.571	-0.2698	-0.06584
0.5819	-0.2823	-0.02298
0.5585	-0.2866	0.04724
0.5585	-0.2442	0.06636
0.6068	-0.1968	0.02552
0.7232	-0.1758	-0.02377
0.8786	-0.2198	-0.06162
1.012	-0.3035	-0.04945
1.089	-0.3264	0.03124
1.092	-0.2599	0.1055
1.107	-0.2102	0.1032
1.276	-0.3357	-0.01929
1.494	-0.5256	-0.1526
1.49	-0.5422	-0.1346
1.292	-0.4395	-0.1104
1.135	-0.376	-0.1743
1.084	-0.4084	-0.191
1.08	-0.4763	-0.2068
1.048	-0.5187	-0.2722
1.028	-0.5548	-0.2882
1.055	-0.519	-0.2537
0.9956	-0.4531	-0.1972
0.9236	-0.4476	-0.1364
0.8978	-0.4274	-0.1502
0.7975	-0.3997	-0.1946
0.741	-0.3709	-0.1898
0.7169	-0.3326	-0.2047
0.6186	-0.2998	-0.2168
0.5918	-0.2406	-0.1987
0.6115	-0.2425	-0.2197
0.6111	-0.2982	-0.2118
0.6461	-0.3299	-0.174
0.6586	-0.348	-0.1676
0.676	-0.3102	-0.1666
0.7877	-0.2504	-0.2106
0.9209	-0.1761	-0.2519
1.016	-0.1003	-0.2402
1.133	-0.1018	-0.24
1.245	-0.1448	-0.2457
1.258	-0.2578	-0.2683
1.251	-0.4032	-0.3236
1.286	-0.5192	-0.3599
1.337	-0.7369	-0.332
1.425	-1.005	-0.2858
1.409	-1.085	-0.274
1.21	-0.8987	-0.2105
1.051	-0.6399	-0.111
1.052	-0.4859	-0.06637
1.104	-0.4174	-0.05399
1.078	-0.4229	-0.0605
1.015	-0.4181	-0.06709
0.9508	-0.3995	-0.09996
0.779	-0.4281	-0.1543
0.5893	-0.3753	-0.1481
0.4737	-0.2896	-0.123
0.4565	-0.2666	-0.1067
1.129	-0.414	-0.1721
1.077	-0.3893	-0.141
1.03	-0.3925	-0.1563
1.026	-0.3713	-0.1972
0.9449	-0.3596	-0.2167
0.7726	-0.3515	-0.2128
0.6324	-0.3212	-0.1551
0.563	-0.2897	-0.08908
0.571	-0.2698	-0.06584
0.5819	-0.2823	-0.02298
0.5585	-0.2866	0.04724
0.5585	-0.2442	0.06636
0.6068	-0.1968	0.02552
0.7232	-0.1758	-0.02377
0.8786	-0.2198	-0.06162
1.012	-0.3035	-0.04945
1.089	-0.3264	0.03124
1.092	-0.2599	0.1055
1.107	-0.2102	0.1032
1.276	-0.3357	-0.01929
1.494	-0.5256	-0.1526
1.49	-0.5422	-0.1346
1.292	-0.4395	-0.1104
1.135	-0.376	-0.1743
1.084	-0.4084	-0.191
1.08	-0.4763	-0.2068
1.048	-0.5187	-0.2722
1.028	-0.5548	-0.2882
1.055	-0.519	-0.2537
0.9956	-0.4531	-0.1972
0.9236	-0.4476	-0.1364
0.8978	-0.4274	-0.1502
0.7975	-0.3997	-0.1946
0.741	-0.3709	-0.1898
0.7169	-0.3326	-0.2047
0.6186	-0.2998	-0.2168
0.5918	-0.2406	-0.1987
0.6115	-0.2425	-0.2197
0.6111	-0.2982	-0.2118
0.6461	-0.3299	-0.174
0.6586	-0.348	-0.1676
0.676	-0.3102	-0.1666
0.7877	-0.2504	-0.2106
0.9209	-0.1761	-0.2519
1.016	-0.1003	-0.2402
1.133	-0.1018	-0.24
1.245	-0.1448	-0.2457
1.258	-0.2578	-0.2683
1.251	-0.4032	-0.3236
1.286	-0.5192	-0.3599
1.337	-0.7369	-0.332
1.425	-1.005	-0.2858
1.409	-1.085	-0.274
1.21	-0.8987	-0.2105
1.051	-0.6399	-0.111
1.052	-0.4859	-0.06637
1.104	-0.4174	-0.05399
1.078	-0.4229	-0.0605
1.015	-0.4181	-0.06709
0.9508	-0.3995	-0.09996
0.779	-0.4281	-0.1543
0.5893	-0.3753	-0.1481
0.4737	-0.2896	-0.123
0.4565	-0.2666	-0.1067
0.5069	-0.2589	-0.08126
0.4941	-0.2706	-0.05973
0.5528	-0.2404	-0.03047
0.6863	-0.1987	-0.02757
0.7522	-0.2076	-0.04527
0.8202	-0.2345	-0.05232
0.8895	-0.3237	-0.07993
1.016	-0.4441	-0.09638
1.139	-0.507	-0.07846
1.13	-0.4637	-0.05429
1.111	-0.3491	-0.01666
1.125	-0.2808	-0.01454
1.228	-0.2985	-0.1053
1.337	-0.4205	-0.2122
1.224	-0.5742	-0.2177
1.035	-0.6547	-0.1274
0.918	-0.6963	-0.06067
0.852	-0.7068	-0.07442
0.9196	-0.6179	-0.1354
1.034	-0.4564	-0.216
1.039	-0.4361	-0.2667
1.072	-0.5113	-0.2709
1.148	-0.4959	-0.2861
1.11	-0.529	-0.3029
1.05	-0.5194	-0.3056
1.004	-0.3765	-0.3544
0.9428	-0.299	-0.3803
0.8822	-0.2468	-0.3089
0.7716	-0.1986	-0.2464
0.7401	-0.1917	-0.2239
0.7884	-0.2007	-0.2051
0.7432	-0.1875	-0.1825
0.7113	-0.1172	-0.1316
0.677	-0.08619	-0.09084
0.5565	-0.07225	-0.08709
0.5433	-0.1093	-0.1318
0.6604	-0.2049	-0.2176
0.7828	-0.1913	-0.2674
0.8773	-0.1779	-0.2751
0.9681	-0.1658	-0.2687
1.102	-0.07294	-0.2543
1.158	-0.04812	-0.2212
1.122	-0.1203	-0.14
1.15	-0.2523	-0.07746
1.205	-0.3538	-0.1115
1.298	-0.3905	-0.2122
1.423	-0.4646	-0.2873
1.449	-0.6272	-0.2582
1.392	-0.8695	-0.2125
1.3	-0.9614	-0.2523
1.201	-0.7518	-0.2774
1.168	-0.4854	-0.272
1.156	-0.3866	-0.2748
1.075	-0.4318	-0.1865
0.9677	-0.49	-0.06514
0.906	-0.4979	-0.04333
0.8721	-0.4428	-0.13
0.8479	-0.3295	-0.2363
0.7864	-0.2481	-0.2238
0.6741	-0.2121	-0.1632
0.6261	-0.1837	-0.1287
0.6405	-0.2035	-0.07415
0.6328	-0.2184	-0.04028
0.652	-0.1799	-0.006753
0.5069	-0.2589	-0.08126
0.4941	-0.2706	-0.05973
0.5528	-0.2404	-0.03047
0.6863	-0.1987	-0.02757
0.7522	-0.2076	-0.04527
0.8202	-0.2345	-0.05232
0.8895	-0.3237	-0.07993
1.016	-0.4441	-0.09638
1.139	-0.507	-0.07846
1.13	-0.4637	-0.05429
1.111	-0.3491	-0.01666
1.125	-0.2808	-0.01454
1.228	-0.2985	-0.1053
1.337	-0.4205	-0.2122
1.224	-0.5742	-0.2177
1.035	-0.6547	-0.1274
0.918	-0.6963	-0.06067
0.852	-0.7068	-0.07442
0.9196	-0.6179	-0.1354
1.034	-0.4564	-0.216
1.039	-0.4361	-0.2667
1.072	-0.5113	-0.2709
1.148	-0.4959	-0.2861
1.11	-0.529	-0.3029
1.05	-0.5194	-0.3056
1.004	-0.3765	-0.3544
0.9428	-0.299	-0.3803
0.8822	-0.2468	-0.3089
0.7716	-0.1986	-0.2464
0.7401	-0.1917	-0.2239
0.7884	-0.2007	-0.2051
0.7432	-0.1875	-0.1825
0.7113	-0.1172	-0.1316
0.677	-0.08619	-0.09084
0.5565	-0.07225	-0.08709
0.5433	-0.1093	-0.1318
0.6604	-0.2049	-0.2176
0.7828	-0.1913	-0.2674
0.8773	-0.1779	-0.2751
0.9681	-0.1658	-0.2687
1.102	-0.07294	-0.2543
1.158	-0.04812	-0.2212
1.122	-0.1203	-0.14
1.15	-0.2523	-0.07746
1.205	-0.3538	-0.1115
1.298	-0.3905	-0.2122
1.423	-0.4646	-0.2873
1.449	-0.6272	-0.2582
1.392	-0.8695	-0.2125
1.3	-0.9614	-0.2523
1.201	-0.7518	-0.2774
1.168	-0.4854	-0.272
1.156	-0.3866	-0.2748
1.075	-0.4318	-0.1865
0.9677	-0.49	-0.06514
0.906	-0.4979	-0.04333
0.8721	-0.4428	-0.13
0.8479	-0.3295	-0.2363
0.7864	-0.2481	-0.2238
0.6741	-0.2121	-0.1632
0.6261	-0.1837	-0.1287
0.6405	-0.2035	-0.07415
0.6328	-0.2184	-0.04028
0.652	-0.1799	-0.006753
0.7377	-0.1494	0.02078
0.8209	-0.1257	0.02051
0.8608	-0.1378	0.03161
0.8991	-0.2388	0.04302
0.9646	-0.3733	0.09298
1.005	-0.4334	0.1397
0.9988	-0.3657	0.1512
1.023	-0.2839	0.1954
1.062	-0.2629	0.1791
1.145	-0.3219	0.05637
1.352	-0.5169	-0.07971
1.403	-0.6224	-0.1361
1.203	-0.4783	-0.08936
1.045	-0.3704	-0.1004
1.002	-0.4866	-0.2287
1.037	-0.6519	-0.3687
1.1	-0.7482	-0.4541
1.129	-0.802	-0.4305
1.119	-0.7201	-0.3594
1.05	-0.5824	-0.2869
1.003	-0.5047	-0.1918
0.9261	-0.3307	-0.1618
0.7483	-0.1632	-0.1919
0.5943	-0.1125	-0.2192
0.5017	-0.09448	-0.2228
0.483	-0.1578	-0.1968
0.4775	-0.2543	-0.1801
0.5	-0.3682	-0.1375
0.6082	-0.4323	-0.1167
0.6444	-0.352	-0.1598
0.706	-0.3006	-0.1782
0.86	-0.2691	-0.1931
0.9558	-0.2091	-0.2045
1.07	-0.2112	-0.2182
1.206	-0.2435	-0.2634
1.338	-0.3253	-0.2821
1.409	-0.4177	-0.3088
1.301	-0.4777	-0.3611
1.225	-0.5577	-0.3786
1.258	-0.63	-0.326
1.243	-0.7118	-0.2574
1.177	-0.7388	-0.2648
1.119	-0.6475	-0.2773
1.123	-0.5814	-0.2623
1.122	-0.5704	-0.2511
1.041	-0.5538	-0.1801
0.9794	-0.5229	-0.102
0.9793	-0.481	-0.1124
0.9521	-0.4503	-0.156
0.8351	-0.4055	-0.1584
0.6626	-0.3586	-0.1361
0.5105	-0.3212	-0.1027
0.4279	-0.2916	-0.06627
0.4733	-0.3395	-0.06989
0.6052	-0.4033	-0.07155
0.6995	-0.403	-0.04635
0.7498	-0.3761	-0.02542
0.7656	-0.3389	0.00534
0.7887	-0.3378	0.007118
0.8853	-0.3505	-0.01739
0.957	-0.3252	-0.0189
0.9975	-0.3019	-0.01538
1.076	-0.2535	-0.005143
1.122	-0.2283	-0.01627
0.7377	-0.1494	0.02078
0.8209	-0.1257	0.02051
0.8608	-0.1378	0.03161
0.8991	-0.2388	0.04302
0.9646	-0.3733	0.09298
1.005	-0.4334	0.1397
0.9988	-0.3657	0.1512
1.023	-0.2839	0.1954
1.062	-0.2629	0.1791
1.145	-0.3219	0.05637
1.352	-0.5169	-0.07971
1.403	-0.6224	-0.1361
1.203	-0.4783	-0.08936
1.045	-0.3704	-0.1004
1.002	-0.4866	-0.2287
1.037	-0.6519	-0.3687
1.1	-0.7482	-0.4541
1.129	-0.802	-0.4305
1.119	-0.7201	-0.3594
1.05	-0.5824	-0.2869
1.003	-0.5047	-0.1918
0.9261	-0.3307	-0.1618
0.7483	-0.1632	-0.1919
0.5943	-0.1125	-0.2192
0.5017	-0.09448	-0.2228
0.483	-0.1578	-0.1968
0.4775	-0.2543	-0.1801
0.5	-0.3682	-0.1375
0.6082	-0.4323	-0.1167
0.6444	-0.352	-0.1598
0.706	-0.3006	-0.1782
0.86	-0.2691	-0.1931
0.9558	-0.2091	-0.2045
1.07	-0.2112	-0.2182
1.206	-0.2435	-0.2634
1.338	-0.3253	-0.2821
1.409	-0.4177	-0.3088
1.301	-0.4777	-0.3611
1.225	-0.5577	-0.3786
1.258	-0.63	-0.326
1.243	-0.7118	-0.2574
1.177	-0.7388	-0.2648
1.119	-0.6475	-0.2773
1.123	-0.5814	-0.2623
1.122	-0.5704	-0.2511
1.041	-0.5538	-0.1801
0.9794	-0.5229	-0.102
0.9793	-0.481	-0.1124
0.9521	-0.4503	-0.156
0.8351	-0.4055	-0.1584
0.6626	-0.3586	-0.1361
0.5105	-0.3212	-0.1027
0.4279	-0.2916	-0.06627
0.4733	-0.3395	-0.06989
0.6052	-0.4033	-0.07155
0.6995	-0.403	-0.04635
0.7498	-0.3761	-0.02542
0.7656	-0.3389	0.00534
0.7887	-0.3378	0.007118
0.8853	-0.3505	-0.01739
0.957	-0.3252	-0.0189
0.9975	-0.3019	-0.01538
1.076	-0.2535	-0.005143
1.122	-0.2283	-0.01627
1.143	-0.3878	-0.1068
1.213	-0.6677	-0.2267
1.301	-0.7804	-0.2553
1.257	-0.6394	-0.2226
1.049	-0.4956	-0.2474
0.8962	-0.4806	-0.2577
0.9387	-0.5324	-0.2297
1.059	-0.609	-0.2445
1.088	-0.6032	-0.2343
1.069	-0.529	-0.2047
1.045	-0.4574	-0.1977
0.9456	-0.3404	-0.1912
0.8668	-0.2543	-0.2157
0.7992	-0.2367	-0.2202
0.692	-0.2335	-0.1873
0.6225	-0.2558	-0.1701
0.6068	-0.2776	-0.1656
0.6329	-0.3053	-0.1732
0.6303	-0.291	-0.1626
0.6526	-0.2299	-0.1443
0.6853	-0.2138	-0.1249
0.6499	-0.1442	-0.1009
0.7109	-0.06144	-0.15
0.8728	-0.1027	-0.281
1.084	-0.1481	-0.4086
1.191	-0.2041	-0.3701
1.161	-0.4186	-0.2114
1.314	-0.6635	-0.1651
1.38	-0.6678	-0.174
1.249	-0.5797	-0.1913
1.264	-0.6608	-0.2157
1.247	-0.714	-0.1835
1.194	-0.7672	-0.1785
1.153	-0.9331	-0.1566
1.05	-0.9047	-0.1352
1.071	-0.7638	-0.1557
1.111	-0.6682	-0.1192
1.086	-0.509	-0.1221
1.031	-0.4718	-0.1369
0.8849	-0.5398	-0.1296
0.8047	-0.5463	-0.1989
0.7657	-0.5561	-0.241
0.679	-0.5281	-0.2395
0.6662	-0.4617	-0.2213
0.6834	-0.3904	-0.1826
0.6795	-0.3096	-0.1719
0.7071	-0.2594	-0.1571
0.7677	-0.2124	-0.143
0.8083	-0.2009	-0.103
0.7807	-0.2066	-0.03202
0.762	-0.1726	0.001703
0.8065	-0.1835	0.02477
0.8846	-0.231	0.04157
1.024	-0.2924	0.04983
1.127	-0.3699	0.06422
1.056	-0.4092	0.06427
0.9889	-0.4871	0.04043
1.071	-0.5635	-0.004709
1.195	-0.5045	-0.05855
1.315	-0.4683	-0.1693
1.291	-0.5527	-0.2856
1.072	-0.6557	-0.2764
0.9046	-0.7708	-0.2378
0.8796	-0.8235	-0.2542
1.143	-0.3878	-0.1068
1.213	-0.6677	-0.2267
1.301	-0.7804	-0.2553
1.257	-0.6394	-0.2226
1.049	-0.4956	-0.2474
0.8962	-0.4806	-0.2577
0.9387	-0.5324	-0.2297
1.059	-0.609	-0.2445
1.088	-0.6032	-0.2343
1.069	-0.529	-0.2047
1.045	-0.4574	-0.1977
0.9456	-0.3404	-0.1912
0.8668	-0.2543	-0.2157
0.7992	-0.2367	-0.2202
0.692	-0.2335	-0.1873
0.6225	-0.2558	-0.1701
0.6068	-0.2776	-0.1656
0.6329	-0.3053	-0.1732
0.6303	-0.291	-0.1626
0.6526	-0.2299	-0.1443
0.6853	-0.2138	-0.1249
0.6499	-0.1442	-0.1009
0.7109	-0.06144	-0.15
0.8728	-0.1027	-0.281
1.084	-0.1481	-0.4086
1.191	-0.2041	-0.3701
1.161	-0.4186	-0.2114
1.314	-0.6635	-0.1651
1.38	-0.6678	-0.174
1.249	-0.5797	-0.1913
1.264	-0.6608	-0.2157
1.247	-0.714	-0.1835
1.194	-0.7672	-0.1785
1.153	-0.9331	-0.1566
1.05	-0.9047	-0.1352
1.071	-0.7638	-0.1557
1.111	-0.6682	-0.1192
1.086	-0.509	-0.1221
1.031	-0.4718	-0.1369
0.8849	-0.5398	-0.1296
0.8047	-0.5463	-0.1989
0.7657	-0.5561	-0.241
0.679	-0.5281	-0.2395
0.6662	-0.4617	-0.2213
0.6834	-0.3904	-0.1826
0.6795	-0.3096	-0.1719
0.7071	-0.2594	-0.1571
0.7677	-0.2124	-0.143
0.8083	-0.2009	-0.103
0.7807	-0.2066	-0.03202
0.762	-0.1726	0.001703
0.8065	-0.1835	0.02477
0.8846	-0.231	0.04157
1.024	-0.2924	0.04983
1.127	-0.3699	0.06422
1.056	-0.4092	0.06427
0.9889	-0.4871	0.04043
1.071	-0.5635	-0.004709
1.195	-0.5045	-0.05855
1.315	-0.4683	-0.1693
1.291	-0.5527	-0.2856
1.072	-0.6557	-0.2764
0.9046	-0.7708	-0.2378
0.8796	-0.8235	-0.2542
1.024	-0.7331	-0.2849
1.222	-0.6052	-0.3184
1.209	-0.4938	-0.2833
1.104	-0.4165	-0.2109
0.9853	-0.4151	-0.205
0.8542	-0.4153	-0.2051
0.7956	-0.3832	-0.1867
0.6994	-0.339	-0.1756
0.6023	-0.2615	-0.1476
0.5645	-0.2077	-0.1335
0.5632	-0.2069	-0.1364
0.6524	-0.2167	-0.1394
0.7352	-0.2274	-0.1556
0.7695	-0.2245	-0.1625
0.8092	-0.2184	-0.1425
0.8677	-0.2048	-0.1063
0.9262	-0.156	-0.09962
0.955	-0.1146	-0.1337
1.025	-0.1488	-0.1485
1.178	-0.2919	-0.126
1.354	-0.4446	-0.1018
1.376	-0.4607	-0.1271
1.278	-0.4508	-0.2069
1.31	-0.5496	-0.2801
1.326	-0.62	-0.2796
1.263	-0.7005	-0.2269
1.214	-0.8741	-0.2039
1.09	-0.8536	-0.1809
1.054	-0.6654	-0.1582
1.059	-0.5272	-0.1477
0.9998	-0.393	-0.09852
1.06	-0.3944	-0.1169
1.051	-0.4141	-0.1608
0.9025	-0.3125	-0.1295
0.7387	-0.3285	-0.1319
0.5581	-0.2924	-0.1028
0.5201	-0.2026	-0.04109
0.5085	-0.2449	-0.0387
0.4673	-0.1902	0.002105
0.5716	-0.1217	0.05296
0.66	-0.1064	0.04487
0.6828	-0.06131	0.0299
0.7602	-0.0966	0.04136
0.8904	-0.1582	0.05549
1.013	-0.2775	0.06607
1.104	-0.3741	0.1131
1.219	-0.3263	0.1375
1.285	-0.3341	0.1007
1.296	-0.4106	0.01297
1.323	-0.5665	-0.08322
1.312	-0.717	-0.05393
1.245	-0.5505	-0.0208
1.098	-0.3323	-0.1343
0.9434	-0.4137	-0.2501
0.9308	-0.591	-0.3255
1.057	-0.743	-0.3858
1.161	-0.7999	-0.3841
1.133	-0.6515	-0.3188
1.068	-0.5218	-0.2122
0.9796	-0.448	-0.1605
0.8689	-0.3116	-0.1826
0.8123	-0.2316	-0.1945
0.7497	-0.1748	-0.2084
0.6863	-0.1726	-0.1965
1.024	-0.7331	-0.2849
1.222	-0.6052	-0.3184
1.209	-0.4938	-0.2833
1.104	-0.4165	-0.2109
0.9853	-0.4151	-0.205
0.8542	-0.4153	-0.2051
0.7956	-0.3832	-0.1867
0.6994	-0.339	-0.1756
0.6023	-0.2615	-0.1476
0.5645	-0.2077	-0.1335
0.5632	-0.2069	-0.1364
0.6524	-0.2167	-0.1394
0.7352	-0.2274	-0.1556
0.7695	-0.2245	-0.1625
0.8092	-0.2184	-0.1425
0.8677	-0.2048	-0.1063
0.9262	-0.156	-0.09962
0.955	-0.1146	-0.1337
1.025	-0.1488	-0.1485
1.178	-0.2919	-0.126
1.354	-0.4446	-0.1018
1.376	-0.4607	-0.1271
1.278	-0.4508	-0.2069
1.31	-0.5496	-0.2801
1.326	-0.62	-0.2796
1.263	-0.7005	-0.2269
1.214	-0.8741	-0.2039
1.09	-0.8536	-0.1809
1.054	-0.6654	-0.1582
1.059	-0.5272	-0.1477
0.9998	-0.393	-0.09852
1.06	-0.3944	-0.1169
1.051	-0.4141	-0.1608
0.9025	-0.3125	-0.1295
0.7387	-0.3285	-0.1319
0.5581	-0.2924	-0.1028
0.5201	-0.2026	-0.04109
0.5085	-0.2449	-0.0387
0.4673	-0.1902	0.002105
0.5716	-0.1217	0.05296
0.66	-0.1064	0.04487
0.6828	-0.06131	0.0299
0.7602	-0.0966	0.04136
0.8904	-0.1582	0.05549
1.013	-0.2775	0.06607
1.104	-0.3741	0.1131
1.219	-0.3263	0.1375
1.285	-0.3341	0.1007
1.296	-0.4106	0.01297
1.323	-0.5665	-0.08322
1.312	-0.717	-0.05393
1.245	-0.5505	-0.0208
1.098	-0.3323	-0.1343
0.9434	-0.4137	-0.2501
0.9308	-0.591	-0.3255
1.057	-0.743	-0.3858
1.161	-0.7999	-0.3841
1.133	-0.6515	-0.3188
1.068	-0.5218	-0.2122
0.9796	-0.448	-0.1605
0.8689	-0.3116	-0.1826
0.8123	-0.2316	-0.1945
0.7497	-0.1748	-0.2084
0.6863	-0.1726	-0.1965
0.6235	-0.2433	-0.1542
0.5615	-0.2525	-0.1544
0.572	-0.2732	-0.1621
0.5954	-0.2831	-0.1796
0.6266	-0.2678	-0.2323
0.7081	-0.2772	-0.2611
0.7963	-0.2717	-0.25
0.9195	-0.2947	-0.2347
1.024	-0.2685	-0.2363
1.034	-0.1714	-0.2181
1.092	-0.0972	-0.2035
1.149	-0.1135	-0.2597
1.142	-0.2705	-0.3161
1.255	-0.4319	-0.326
1.339	-0.5435	-0.3651
1.351	-0.5807	-0.436
1.436	-0.5649	-0.4158
1.402	-0.6951	-0.2755
1.254	-0.8555	-0.1378
1.071	-0.8431	-0.1048
0.9889	-0.6688	-0.1696
1.13	-0.42	-0.1989
1.151	-0.2466	-0.1723
1.033	-0.2195	-0.1439
0.9234	-0.3181	-0.06578
0.7554	-0.4139	-0.04263
0.6442	-0.4299	-0.07517
0.5661	-0.3852	-0.04483
0.5214	-0.2811	-0.03306
0.5301	-0.1916	-0.01091
0.5458	-0.1097	0.02092
0.6347	-0.05918	-0.01083
0.6891	-0.1074	-0.01805
0.7289	-0.1875	-0.01107
0.8184	-0.3054	-0.01611
0.8659	-0.4314	0.007193
0.946	-0.4996	0.06503
1.005	-0.5076	0.149
0.9906	-0.3686	0.1704
1.053	-0.1581	0.1148
1.227	-0.1583	0.02074
1.424	-0.4029	-0.1351
1.498	-0.6669	-0.2188
1.386	-0.7393	-0.132
1.174	-0.5502	-0.08337
1.003	-0.4089	-0.1613
0.9356	-0.5461	-0.2254
0.9479	-0.681	-0.2844
1.022	-0.7237	-0.3364
1.097	-0.7396	-0.3119
1.117	-0.637	-0.2678
1.047	-0.5052	-0.2062
0.9331	-0.3926	-0.1469
0.8522	-0.2795	-0.1622
0.7459	-0.2195	-0.1912
0.6346	-0.1991	-0.2012
0.5507	-0.2174	-0.188
0.4825	-0.2292	-0.1537
0.4751	-0.237	-0.1695
0.5084	-0.3031	-0.2112
0.602	-0.3605	-0.247
0.7303	-0.3852	-0.2666
0.8317	-0.3824	-0.2282
0.9417	-0.3115	-0.1915
0.6235	-0.2433	-0.1542
0.5615	-0.2525	-0.1544
0.572	-0.2732	-0.1621
0.5954	-0.2831	-0.1796
0.6266	-0.2678	-0.2323
0.7081	-0.2772	-0.2611
0.7963	-0.2717	-0.25
0.9195	-0.2947	-0.2347
1.024	-0.2685	-0.2363
1.034	-0.1714	-0.2181
1.092	-0.0972	-0.2035
1.149	-0.1135	-0.2597
1.142	-0.2705	-0.3161
1.255	-0.4319	-0.326
1.339	-0.5435	-0.3651
1.351	-0.5807	-0.436
1.436	-0.5649	-0.4158
1.402	-0.6951	-0.2755
1.254	-0.8555	-0.1378
1.071	-0.8431	-0.1048
0.9889	-0.6688	-0.1696
1.13	-0.42	-0.1989
1.151	-0.2466	-0.1723
1.033	-0.2195	-0.1439
0.9234	-0.3181	-0.06578
0.7554	-0.4139	-0.04263
0.6442	-0.4299	-0.07517
0.5661	-0.3852	-0.04483
0.5214	-0.2811	-0.03306
0.5301	-0.1916	-0.01091
0.5458	-0.1097	0.02092
0.6347	-0.05918	-0.01083
0.6891	-0.1074	-0.01805
0.7289	-0.1875	-0.01107
0.8184	-0.3054	-0.01611
0.8659	-0.4314	0.007193
0.946	-0.4996	0.06503
1.005	-0.5076	0.149
0.9906	-0.3686	0.1704
1.053	-0.1581	0.1148
1.227	-0.1583	0.02074
1.424	-0.4029	-0.1351
1.498	-0.6669	-0.2188
1.386	-0.7393	-0.132
1.174	-0.5502	-0.08337
1.003	-0.4089	-0.1613
0.9356	-0.5461	-0.2254
0.9479	-0.681	-0.2844
1.022	-0.7237	-0.3364
1.097	-0.7396	-0.3119
1.117	-0.637	-0.2678
1.047	-0.5052	-0.2062
0.9331	-0.3926	-0.1469
0.8522	-0.2795	-0.1622
0.7459	-0.2195	-0.1912
0.6346	-0.1991	-0.2012
0.5507	-0.2174	-0.188
0.4825	-0.2292	-0.1537
0.4751	-0.237	-0.1695
0.5084	-0.3031	-0.2112
0.602	-0.3605	-0.247
0.7303	-0.3852	-0.2666
0.8317	-0.3824	-0.2282
0.9417	-0.3115	-0.1915
1.033	-0.1691	-0.1817
1.072	-0.0503	-0.1817
1.105	-0.08826	-0.2157
1.218	-0.1328	-0.247
1.319	-0.1063	-0.2745
1.267	-0.2609	-0.3338
1.236	-0.5161	-0.4277
1.287	-0.631	-0.4672
1.355	-0.7156	-0.3519
1.446	-0.9	-0.2477
1.337	-0.994	-0.2623
1.078	-0.8393	-0.2637
1.009	-0.6946	-0.2422
1.075	-0.624	-0.2005
1.11	-0.5037	-0.1162
1.09	-0.4906	-0.07791
1.022	-0.5093	-0.09639
0.9117	-0.4883	-0.1145
0.7372	-0.4972	-0.1291
0.5857	-0.4151	-0.1179
0.4894	-0.2925	-0.0718
0.4377	-0.1922	-0.0412
0.465	-0.1528	-0.03035
0.4687	-0.1843	-0.02464
0.4881	-0.1529	-0.0162
0.6008	-0.1465	0.01143
0.7157	-0.2076	0.01701
0.8262	-0.2801	0.002451
0.9213	-0.3563	0.004575
0.9824	-0.3645	0.01889
1.013	-0.3473	0.06234
1.056	-0.3068	0.1129
1.16	-0.252	0.1175
1.256	-0.2901	0.03834
1.39	-0.4602	-0.1069
1.511	-0.7029	-0.176
1.442	-0.739	-0.1052
1.273	-0.5185	-0.05001
1.065	-0.4061	-0.09549
0.9233	-0.5449	-0.1407
1.048	-0.7427	-0.2049
1.229	-0.7992	-0.3137
1.251	-0.715	-0.3315
1.204	-0.6001	-0.2763
1.082	-0.5225	-0.2147
0.9266	-0.4996	-0.1609
0.8019	-0.4408	-0.1799
0.659	-0.3106	-0.2065
0.5465	-0.2096	-0.2063
0.4468	-0.1587	-0.2138
0.3597	-0.1064	-0.1859
0.3534	-0.07841	-0.1634
0.3943	-0.1071	-0.1837
0.5579	-0.151	-0.2221
0.8064	-0.2143	-0.2613
0.9289	-0.2718	-0.2489
0.9346	-0.2655	-0.191
0.9521	-0.2508	-0.1558
1.007	-0.1951	-0.1754
1.067	-0.0482	-0.2269
1.114	0.02755	-0.2573
1.113	-0.102	-0.2437
1.132	-0.3222	-0.2105
1.184	-0.4121	-0.1985
