1.013	-0.2587	0.07688
1.005	-0.2483	0.06754
1.007	-0.2585	0.06415
1.005	-0.2947	0.06795
1.001	-0.3088	0.08617
0.9757	-0.2887	0.09381
0.9677	-0.2677	0.1069
0.9778	-0.2664	0.1197
0.9786	-0.2646	0.105
0.9767	-0.2681	0.0963
0.9867	-0.2846	0.0837
1.007	-0.2943	0.08023
0.9893	-0.2966	0.1097
0.9788	-0.2933	0.1122
1.014	-0.2971	0.09706
1.009	-0.2949	0.09774
1.005	-0.2813	0.08093
1.023	-0.2809	0.0566
0.9981	-0.2776	0.05885
0.9994	-0.2841	0.08629
1.015	-0.2926	0.1121
0.9913	-0.2732	0.1166
0.9697	-0.2583	0.1122
0.9457	-0.2517	0.1113
0.9805	-0.2544	0.1063
1.035	-0.2712	0.09437
1.024	-0.2883	0.08804
1.02	-0.3066	0.0866
1.007	-0.3058	0.08208
0.994	-0.2875	0.0807
0.9999	-0.2692	0.08245
0.9715	-0.2689	0.08544
0.9405	-0.2934	0.09166
0.9409	-0.3027	0.0978
0.9958	-0.2943	0.1043
1.039	-0.286	0.1064
1.025	-0.2756	0.09564
1.028	-0.2726	0.08703
1.017	-0.2735	0.08782
0.9938	-0.2753	0.08368
0.9945	-0.2787	0.08388
0.9801	-0.2759	0.08909
0.9855	-0.2685	0.09262
0.9942	-0.2703	0.1032
0.9863	-0.2828	0.1041
0.9925	-0.2882	0.09878
0.9902	-0.2837	0.1003
0.9946	-0.277	0.09445
1.003	-0.2751	0.09067
0.9967	-0.2816	0.09129
0.9953	-0.2901	0.09451
0.9906	-0.2949	0.1001
0.9945	-0.2893	0.09401
1.005	-0.2816	0.09001
1.002	-0.2808	0.08649
1.002	-0.2795	0.08061
1.001	-0.2781	0.08761
0.9971	-0.2758	0.08905
0.996	-0.2735	0.08814
0.9928	-0.2755	0.09392
0.9937	-0.28	0.09393
0.9901	-0.2918	0.09668
0.9853	-0.3017	0.09909
0.9834	-0.2989	0.09915
0.9846	-0.292	0.1008
1	-0.2824	0.09551
1.008	-0.2768	0.08968
1	-0.2785	0.08778
1.003	-0.2733	0.09128
1.006	-0.2608	0.09868
1.004	-0.2538	0.09779
1.001	-0.2609	0.0933
0.9969	-0.2719	0.09236
0.9936	-0.2687	0.09299
0.9905	-0.2663	0.09271
0.9878	-0.2775	0.09008
0.9909	-0.2852	0.08999
0.9958	-0.2936	0.09152
0.9964	-0.3054	0.0924
0.9928	-0.3045	0.09295
0.9926	-0.2979	0.09021
0.9959	-0.296	0.08842
0.9953	-0.301	0.09146
0.9933	-0.3031	0.0967
0.9909	-0.2905	0.0999
0.9913	-0.2807	0.09651
1.001	-0.2736	0.09123
1.005	-0.2652	0.09024
0.9666	-0.2643	0.07739
1.023	-0.2614	0.09269
1.016	-0.2667	0.1012
1.015	-0.28	0.1057
1.004	-0.2793	0.1014
0.9934	-0.2649	0.09661
1.001	-0.2526	0.09325
0.9734	-0.2593	0.09072
0.9428	-0.2908	0.0919
0.9432	-0.3062	0.09402
0.9977	-0.3026	0.09775
1.041	-0.2975	0.09843
1.025	-0.2886	0.08745
1.028	-0.2856	0.07958
1.016	-0.2853	0.0818
0.9929	-0.285	0.0795
0.9933	-0.2857	0.08167
0.9787	-0.28	0.08876
0.9842	-0.2698	0.09389
0.9931	-0.2692	0.1057
0.9854	-0.2797	0.1074
0.9919	-0.2838	0.1024
0.9899	-0.2785	0.1038
0.9946	-0.2717	0.09766
1.003	-0.2702	0.09327
0.997	-0.2774	0.09314
0.9958	-0.2868	0.09556
0.9911	-0.2927	0.1004
0.995	-0.2883	0.09364
1.005	-0.2815	0.08912
1.002	-0.2816	0.08524
1.002	-0.2809	0.07917
1.001	-0.2799	0.08615
0.9972	-0.2778	0.08769
0.996	-0.2755	0.08699
0.9927	-0.2772	0.09304
0.9936	-0.2814	0.09336
0.9899	-0.2928	0.09641
0.9851	-0.3023	0.09909
0.9832	-0.2991	0.09937
0.9844	-0.2919	0.1012
1	-0.282	0.09601
1.008	-0.2762	0.09021
1	-0.2778	0.0883
1.003	-0.2726	0.09174
1.007	-0.2602	0.09905
1.004	-0.2532	0.09805
1.001	-0.2604	0.09345
0.9969	-0.2716	0.09241
0.9937	-0.2686	0.09294
0.9906	-0.2663	0.0926
0.9878	-0.2776	0.08991
0.9909	-0.2854	0.0898
0.9959	-0.2939	0.09133
0.9965	-0.3057	0.09222
0.9928	-0.3048	0.0928
0.9926	-0.2981	0.09009
0.9959	-0.2962	0.08835
0.9952	-0.3012	0.09142
0.9933	-0.3031	0.0967
0.9908	-0.2905	0.09993
0.9913	-0.2806	0.09656
1.001	-0.2735	0.0913
1.005	-0.2652	0.09031
1.001	-0.2707	0.0904
0.9994	-0.2702	0.09132
0.9923	-0.2586	0.0954
0.9885	-0.258	0.09699
1.001	-0.2627	0.09507
1.006	-0.2687	0.09551
1.001	-0.2769	0.09566
0.9978	-0.284	0.09352
0.9898	-0.2914	0.09168
0.9877	-0.2946	0.0891
0.9949	-0.293	0.08891
0.9942	-0.2926	0.09339
0.9909	-0.2926	0.09786
0.9917	-0.2899	0.09802
0.9955	-0.285	0.09228
1	-0.2798	0.08684
0.9995	-0.2787	0.08853
0.9983	-0.2789	0.09393
0.9971	-0.2758	0.09545
0.9962	-0.2734	0.09088
1.001	-0.2731	0.08942
1	-0.2764	0.09353
0.9914	-0.2834	0.09388
0.9885	-0.2852	0.09389
0.9938	-0.2815	0.09501
0.9969	-0.2792	0.09267
0.997	-0.2813	0.09375
0.9978	-0.2876	0.09705
0.9955	-0.2895	0.09674
0.9948	-0.2811	0.09437
0.9969	-0.276	0.09162
0.9959	-0.2795	0.09164
0.995	-0.2778	0.09247
0.9949	-0.2761	0.09297
0.9952	-0.2793	0.09475
0.9958	-0.2793	0.09467
0.9942	-0.2805	0.09285
0.9953	-0.2816	0.09185
0.9994	-0.2806	0.09281
1.002	-0.2815	0.09226
0.9994	-0.2848	0.08954
0.9926	-0.2895	0.09041
0.9908	-0.2875	0.09171
0.9952	-0.2833	0.08842
0.9975	-0.2838	0.08574
0.9962	-0.2807	0.09134
0.9965	-0.2791	0.1025
0.996	-0.2785	0.1073
0.9945	-0.2756	0.1016
0.9968	-0.279	0.0927
0.9977	-0.2832	0.08828
0.9962	-0.2835	0.08767
0.9954	-0.2796	0.08889
0.9939	-0.2713	0.09132
0.9945	-0.2706	0.09191
0.9951	-0.2752	0.09464
0.9954	-0.2791	0.09773
0.9967	-0.2845	0.09506
0.9949	-0.2859	0.09447
0.994	-0.2863	0.09559
0.9959	-0.2882	0.09346
0.9971	-0.286	0.09207
0.9976	-0.2847	0.08957
0.9971	-0.2839	0.08907
1	-0.2887	0.08951
0.9979	-0.2879	0.08877
0.9907	-0.2747	0.0926
0.987	-0.2712	0.09481
0.9994	-0.2722	0.09392
1.005	-0.274	0.09548
1.001	-0.2782	0.09665
0.9979	-0.2816	0.09527
0.9903	-0.2861	0.09388
0.9885	-0.2872	0.09144
0.9958	-0.2845	0.09112
0.9953	-0.284	0.09525
0.9919	-0.2845	0.09925
0.9926	-0.2831	0.09885
0.9963	-0.2797	0.09256
1.001	-0.2764	0.08663
0.9998	-0.2771	0.08792
0.9983	-0.2789	0.09304
0.997	-0.2772	0.0944
0.996	-0.2758	0.0898
1	-0.2762	0.08841
0.9998	-0.2798	0.09266
0.991	-0.2867	0.09322
0.9881	-0.2882	0.09345
0.9934	-0.2838	0.09481
0.9966	-0.2809	0.09268
0.9968	-0.2824	0.09393
0.9977	-0.2879	0.09736
0.9955	-0.2893	0.09713
0.9949	-0.2804	0.09479
0.997	-0.275	0.09203
0.996	-0.2783	0.09201
0.9952	-0.2766	0.09277
0.9951	-0.275	0.09318
0.9954	-0.2784	0.09487
0.9959	-0.2786	0.09471
0.9943	-0.28	0.09282
0.9953	-0.2814	0.09177
0.9994	-0.2805	0.09268
1.002	-0.2817	0.09212
0.9994	-0.2851	0.08939
0.9926	-0.2899	0.09027
0.9908	-0.2879	0.09158
0.9951	-0.2838	0.08832
0.9975	-0.2842	0.08568
0.9962	-0.281	0.09131
0.9964	-0.2793	0.1025
0.996	-0.2787	0.1073
0.9945	-0.2756	0.1017
0.9968	-0.2789	0.09275
0.9977	-0.2831	0.08834
0.9962	-0.2834	0.08772
0.9954	-0.2794	0.08894
0.9939	-0.2711	0.09136
0.9945	-0.2704	0.09194
0.9952	-0.2751	0.09466
0.9954	-0.279	0.09774
0.9967	-0.2844	0.09505
0.9949	-0.2859	0.09445
0.994	-0.2863	0.09557
0.9959	-0.2882	0.09344
0.9971	-0.286	0.09205
0.9976	-0.2848	0.08956
0.997	-0.284	0.08905
0.9974	-0.2829	0.09151
0.9979	-0.2835	0.09022
0.9967	-0.2812	0.08972
0.9963	-0.2806	0.09087
0.9941	-0.2801	0.0926
0.9927	-0.2773	0.09594
0.9948	-0.2774	0.09599
0.9955	-0.2764	0.09637
0.9964	-0.2766	0.09798
0.9983	-0.2786	0.0986
0.9978	-0.2782	0.09843
0.9972	-0.2795	0.09214
0.9951	-0.2816	0.08812
0.9934	-0.2835	0.09081
0.9966	-0.2856	0.09051
0.9969	-0.2858	0.09122
0.9939	-0.2855	0.09248
0.9944	-0.2844	0.09019
0.9958	-0.2816	0.09115
0.9965	-0.2802	0.09317
0.9966	-0.2812	0.09447
0.9941	-0.2808	0.09612
0.9938	-0.2772	0.0932
0.9973	-0.2764	0.09064
0.9997	-0.2778	0.09234
0.9982	-0.2776	0.094
0.9941	-0.2791	0.09595
0.9913	-0.2809	0.0956
0.9947	-0.2819	0.09289
1.001	-0.2861	0.09273
1	-0.2885	0.09118
0.9964	-0.2849	0.09022
0.9945	-0.2834	0.09559
0.9949	-0.2831	0.09921
0.9958	-0.2793	0.09736
0.9957	-0.2776	0.09312
0.9944	-0.2784	0.08811
0.9929	-0.2786	0.08675
0.9942	-0.2788	0.08713
0.9971	-0.2795	0.08998
0.998	-0.2799	0.0962
0.9971	-0.2786	0.09706
0.9948	-0.2791	0.09641
0.9936	-0.2817	0.09657
0.9944	-0.2851	0.09201
0.9975	-0.2869	0.09086
1	-0.2849	0.09433
0.9981	-0.2837	0.09571
0.9931	-0.28	0.09405
0.9918	-0.2756	0.09229
0.9983	-0.2785	0.09429
1.002	-0.2813	0.09377
0.9968	-0.2815	0.09192
0.9941	-0.2814	0.09421
0.9941	-0.2803	0.09259
0.9956	-0.2819	0.08668
0.9988	-0.2824	0.08288
0.994	-0.2835	0.0856
0.9896	-0.2874	0.09295
0.9909	-0.2847	0.09721
0.993	-0.2767	0.1004
0.9969	-0.2713	0.1027
0.9978	-0.2717	0.1008
0.9992	-0.2757	0.09827
1.002	-0.2685	0.1025
1.001	-0.2842	0.0914
0.9981	-0.2905	0.08503
0.9966	-0.2935	0.08326
0.9937	-0.2933	0.08424
0.9917	-0.2886	0.08828
0.9936	-0.2855	0.08992
0.9942	-0.281	0.0923
0.9953	-0.2779	0.09597
0.9974	-0.277	0.09846
0.9972	-0.2745	0.09979
0.9969	-0.2745	0.09456
0.9951	-0.2761	0.09113
0.9936	-0.2781	0.09399
0.997	-0.281	0.0935
0.9974	-0.2822	0.09375
0.9944	-0.2832	0.09438
0.9949	-0.2833	0.09138
0.9962	-0.2817	0.09163
0.9969	-0.2812	0.09303
0.9968	-0.283	0.09382
0.9943	-0.2829	0.09511
0.9938	-0.2795	0.09198
0.9972	-0.2787	0.08936
0.9996	-0.2797	0.09113
0.998	-0.2791	0.09295
0.9939	-0.2801	0.09514
0.9911	-0.2815	0.09506
0.9945	-0.282	0.09263
1	-0.2858	0.09271
1	-0.2879	0.09137
0.9963	-0.2841	0.09056
0.9945	-0.2825	0.09604
0.9949	-0.2822	0.0997
0.9959	-0.2784	0.09784
0.9957	-0.2769	0.09355
0.9945	-0.2778	0.08846
0.993	-0.2783	0.087
0.9943	-0.2787	0.08728
0.9971	-0.2796	0.09004
0.9981	-0.2801	0.09617
0.9971	-0.2789	0.09695
0.9948	-0.2794	0.09626
0.9936	-0.2821	0.0964
0.9944	-0.2855	0.09183
0.9975	-0.2872	0.09069
1	-0.2851	0.09418
0.9981	-0.2838	0.0956
0.993	-0.2801	0.09398
0.9918	-0.2756	0.09225
0.9983	-0.2785	0.09428
1.002	-0.2812	0.09379
0.9967	-0.2814	0.09196
0.9941	-0.2813	0.09427
0.9941	-0.2802	0.09266
0.9956	-0.2818	0.08674
0.9988	-0.2823	0.08294
0.994	-0.2835	0.08565
0.9896	-0.2873	0.09298
0.9909	-0.2847	0.09723
0.993	-0.2767	0.1004
0.9969	-0.2713	0.1027
0.9978	-0.2718	0.1008
0.9992	-0.2757	0.09825
1.001	-0.2796	0.09481
0.9981	-0.2835	0.09043
0.9973	-0.2854	0.08951
0.9967	-0.286	0.0898
0.9967	-0.2854	0.0878
1.001	-0.284	0.08814
1	-0.2857	0.09253
0.992	-0.2853	0.09523
0.9866	-0.2823	0.0944
0.99	-0.2829	0.09318
0.9979	-0.2829	0.09185
0.9998	-0.2801	0.0917
0.9917	-0.2763	0.09376
0.9885	-0.2726	0.09231
0.9964	-0.2728	0.08947
0.9962	-0.2768	0.09061
0.9904	-0.2793	0.09601
0.991	-0.2798	0.1021
0.9952	-0.2834	0.09917
1.004	-0.2878	0.09453
1.006	-0.2892	0.09271
1.004	-0.2899	0.08774
1.01	-0.2872	0.09044
1.005	-0.2806	0.09529
1.001	-0.273	0.09422
1.007	-0.2661	0.09482
1.004	-0.2679	0.09243
0.9842	-0.2804	0.08708
0.9632	-0.2914	0.08329
0.9649	-0.2922	0.08604
0.9771	-0.2877	0.09459
0.982	-0.2826	0.09766
0.9929	-0.2785	0.09905
1.007	-0.2798	0.09996
1.017	-0.2816	0.09642
1.024	-0.2828	0.09419
1.018	-0.2839	0.09296
0.9946	-0.2767	0.09016
0.9819	-0.2745	0.08968
0.995	-0.2785	0.09553
0.9937	-0.2718	0.09823
0.9859	-0.2709	0.09454
1.001	-0.2823	0.09502
1.005	-0.2881	0.09429
1.001	-0.2901	0.09063
0.9962	-0.2926	0.0885
0.9878	-0.2911	0.08663
0.995	-0.286	0.09163
0.9979	-0.2786	0.0969
0.9962	-0.2693	0.09359
1.003	-0.2669	0.08874
0.9983	-0.2775	0.08689
0.9965	-0.2834	0.08934
0.9937	-0.2791	0.08893
0.9759	-0.2822	0.0898
0.9729	-0.2871	0.1023
0.9889	-0.2878	0.1061
0.9989	-0.2919	0.09836
1.002	-0.2924	0.0991
1.006	-0.2867	0.102
1.006	-0.2765	0.09824
1.004	-0.2673	0.08965
1.005	-0.2687	0.08381
1.003	-0.2712	0.08481
0.9953	-0.2671	0.08136
0.9927	-0.2764	0.08428
0.9927	-0.2824	0.08929
0.993	-0.286	0.09391
0.9939	-0.2874	0.09463
0.9992	-0.2873	0.09621
0.9992	-0.2896	0.1006
0.9917	-0.2891	0.1023
0.9868	-0.2858	0.09993
0.9906	-0.2858	0.0968
0.9987	-0.285	0.09351
1.001	-0.2815	0.09157
0.9925	-0.2768	0.09214
0.9893	-0.2724	0.08961
0.9969	-0.2721	0.08613
0.9965	-0.2758	0.08707
0.9906	-0.278	0.09263
0.991	-0.2784	0.09915
0.995	-0.2821	0.09688
1.004	-0.2867	0.093
1.006	-0.2883	0.09195
1.004	-0.2893	0.08769
1.009	-0.2869	0.09099
1.005	-0.2806	0.09629
1.001	-0.2732	0.09551
1.007	-0.2664	0.09623
1.004	-0.2684	0.09382
0.9842	-0.2809	0.08833
0.9633	-0.2919	0.08431
0.965	-0.2927	0.08679
0.9772	-0.288	0.09503
0.9821	-0.2829	0.09782
0.993	-0.2787	0.09896
1.007	-0.2799	0.09968
1.017	-0.2816	0.09599
1.024	-0.2827	0.09368
1.018	-0.2837	0.09244
0.9946	-0.2765	0.08967
0.9818	-0.2743	0.08926
0.995	-0.2784	0.0952
0.9937	-0.2716	0.09801
0.9859	-0.2707	0.09443
1.001	-0.2822	0.09501
1.005	-0.288	0.09437
1	-0.2901	0.09076
0.9961	-0.2926	0.08868
0.9877	-0.2911	0.08682
0.995	-0.2861	0.09182
0.9979	-0.2787	0.09707
0.9962	-0.2694	0.09372
1.003	-0.267	0.08884
0.9983	-0.2776	0.08695
0.9965	-0.2835	0.08936
0.9937	-0.2791	0.08891
0.9759	-0.2822	0.08976
0.9729	-0.2871	0.1022
0.9889	-0.2878	0.106
0.9989	-0.2919	0.09829
1.002	-0.2924	0.09903
1.006	-0.2867	0.102
1.006	-0.2764	0.0982
1.004	-0.2673	0.08962
1.005	-0.2687	0.0838
1.003	-0.2711	0.08481
1.001	-0.273	0.08248
0.9967	-0.2757	0.08354
0.9853	-0.2734	0.0931
0.9843	-0.2752	0.09448
0.9992	-0.2849	0.0909
1.002	-0.2969	0.09359
0.9858	-0.3017	0.1011
0.981	-0.2943	0.1044
0.9902	-0.2849	0.09791
0.9961	-0.2781	0.09383
1.008	-0.2815	0.09068
1.012	-0.2902	0.08674
0.9997	-0.2915	0.09459
0.995	-0.2873	0.0973
0.9939	-0.2676	0.09031
0.9916	-0.2475	0.0902
0.9988	-0.2517	0.09046
1.003	-0.2665	0.09057
0.9976	-0.2826	0.09397
0.9896	-0.2871	0.09909
0.9857	-0.2838	0.1025
0.9917	-0.2944	0.09515
0.9927	-0.3029	0.09011
0.9864	-0.3011	0.09171
0.9901	-0.2962	0.08918
1	-0.2864	0.08974
1.008	-0.2799	0.08825
1.006	-0.2774	0.08728
0.996	-0.2771	0.09544
0.9885	-0.2788	0.09835
0.9911	-0.2735	0.09627
1.004	-0.2627	0.09
1.007	-0.2615	0.08571
0.9976	-0.2719	0.0951
0.996	-0.2775	0.09764
0.9996	-0.2807	0.09405
0.9962	-0.2855	0.09655
0.9927	-0.2838	0.09216
0.9919	-0.2825	0.08807
0.9915	-0.2838	0.0894
0.9913	-0.2919	0.09025
0.9911	-0.3025	0.0971
0.9919	-0.3037	0.1007
0.9924	-0.2965	0.09678
0.9911	-0.2683	0.09955
0.9883	-0.2485	0.105
0.9946	-0.2636	0.1021
1.015	-0.2692	0.08942
1.022	-0.2676	0.07961
1.013	-0.2836	0.07725
1.009	-0.3051	0.06888
1.004	-0.3146	0.07276
0.9817	-0.297	0.09485
0.9565	-0.2752	0.1055
0.9574	-0.2612	0.1099
0.98	-0.2641	0.1134
0.9933	-0.2919	0.11
0.9979	-0.2985	0.1045
1.004	-0.2897	0.09298
1.013	-0.2806	0.08345
1.021	-0.2598	0.07681
1.018	-0.262	0.06998
1.016	-0.2783	0.07822
1.006	-0.2879	0.09692
0.9862	-0.3194	0.126
0.987	-0.2732	0.1055
0.9789	-0.2477	0.09965
0.98	-0.2433	0.09081
0.9963	-0.2572	0.08131
1.001	-0.2788	0.08146
0.9847	-0.2946	0.08889
0.9805	-0.2976	0.09393
0.9903	-0.2963	0.09008
0.9966	-0.2947	0.08908
1.009	-0.3002	0.08895
1.013	-0.3084	0.08767
1.001	-0.3071	0.09758
0.9964	-0.2989	0.1017
0.9953	-0.2745	0.09535
0.9928	-0.2496	0.09529
0.9998	-0.2495	0.09509
1.004	-0.2609	0.09436
0.9981	-0.2746	0.09669
0.9898	-0.2779	0.1007
0.9856	-0.2743	0.103
0.9914	-0.2856	0.09465
0.9924	-0.2954	0.08885
0.986	-0.2956	0.08992
0.9896	-0.2927	0.08713
1	-0.2849	0.08765
1.007	-0.2803	0.08632
1.006	-0.2793	0.08565
0.9957	-0.2801	0.0942
0.9884	-0.2824	0.09756
0.991	-0.2774	0.09591
1.004	-0.2665	0.09004
1.007	-0.2647	0.08607
0.9977	-0.2745	0.09569
0.9962	-0.2793	0.09838
0.9998	-0.2818	0.09484
0.9964	-0.2858	0.09731
0.9928	-0.2834	0.09283
0.992	-0.2816	0.08861
0.9916	-0.2826	0.08978
0.9913	-0.2905	0.09046
0.9911	-0.3011	0.09715
0.9918	-0.3024	0.1006
0.9923	-0.2954	0.0966
0.9911	-0.2675	0.09931
0.9883	-0.248	0.1047
0.9945	-0.2634	0.1018
1.015	-0.2692	0.08915
1.022	-0.2678	0.07939
1.013	-0.284	0.07708
1.009	-0.3056	0.06878
1.004	-0.3151	0.07271
0.9817	-0.2975	0.09485
0.9565	-0.2757	0.1055
0.9574	-0.2615	0.11
0.9801	-0.2643	0.1135
0.9933	-0.292	0.1101
0.9979	-0.2985	0.1046
1.004	-0.2897	0.09307
1.013	-0.2805	0.08353
1.021	-0.2597	0.07686
1.018	-0.2618	0.07001
1.016	-0.2781	0.07823
1.006	-0.2877	0.09691
0.9903	-0.2977	0.1069
0.9863	-0.2921	0.1034
0.9778	-0.2717	0.09668
0.9772	-0.2566	0.1005
0.9897	-0.2579	0.1132
0.9903	-0.2587	0.1154
0.9878	-0.2627	0.09827
0.9929	-0.283	0.08134
1.009	-0.2885	0.07198
1.018	-0.2858	0.06347
1	-0.2884	0.06268
0.9884	-0.2964	0.07228
0.9903	-0.3242	0.08775
0.9879	-0.335	0.1015
0.9882	-0.3225	0.1046
0.9911	-0.3097	0.1062
0.9963	-0.2848	0.1123
1.001	-0.271	0.1137
0.9977	-0.2751	0.1128
1	-0.265	0.1082
1.011	-0.2397	0.09411
1.01	-0.221	0.08492
0.9975	-0.2207	0.08254
0.9896	-0.2293	0.07966
0.9848	-0.2438	0.08528
0.9833	-0.2601	0.09032
0.9977	-0.2791	0.08583
1.009	-0.3119	0.09064
1.002	-0.337	0.1004
0.9961	-0.3468	0.09612
0.9937	-0.3468	0.0834
0.9916	-0.3303	0.07436
0.9903	-0.3071	0.07602
0.9889	-0.279	0.08404
0.9959	-0.2623	0.09643
0.9955	-0.2687	0.1103
0.9872	-0.2718	0.1127
0.9903	-0.2707	0.1165
0.9941	-0.2723	0.124
0.9976	-0.2637	0.1156
0.9997	-0.2476	0.09869
0.9928	-0.248	0.08096
0.9943	-0.2569	0.07155
1.008	-0.2493	0.07408
1.011	-0.2497	0.0736
1.003	-0.2671	0.07702
1.005	-0.283	0.08319
1.01	-0.3021	0.08593
1.002	-0.3142	0.09326
0.9922	-0.3217	0.09431
0.9874	-0.3298	0.09301
0.987	-0.3189	0.09817
0.9819	-0.3166	0.1011
0.9784	-0.3184	0.105
0.9891	-0.2909	0.1062
0.9918	-0.2767	0.1033
0.9928	-0.2643	0.09965
0.9983	-0.2434	0.09485
0.992	-0.2424	0.09686
0.9949	-0.2217	0.09573
1.011	-0.2181	0.08703
1.021	-0.2437	0.08323
1.01	-0.2574	0.08508
0.9799	-0.2987	0.09462
0.986	-0.3345	0.0627
0.9956	-0.3382	0.08023
0.9933	-0.3164	0.08885
0.9938	-0.2932	0.1029
1.004	-0.283	0.1219
1.001	-0.2713	0.127
0.9937	-0.2636	0.1103
0.9944	-0.2745	0.0921
1.007	-0.2731	0.08039
1.013	-0.2665	0.06903
0.9936	-0.2679	0.06532
0.9811	-0.2771	0.0723
0.9832	-0.3079	0.08563
0.9818	-0.3228	0.09783
0.9835	-0.3148	0.1001
0.9881	-0.3067	0.1014
0.995	-0.2859	0.1078
1.001	-0.2755	0.1098
0.9992	-0.282	0.1099
1.003	-0.2733	0.1063
1.014	-0.2484	0.09326
1.013	-0.2292	0.08501
1.001	-0.2277	0.08341
0.9922	-0.2347	0.08109
0.9868	-0.2475	0.08705
0.9846	-0.262	0.09222
0.9984	-0.2792	0.08766
1.009	-0.3107	0.09224
1.001	-0.3347	0.1017
0.9952	-0.3438	0.097
0.9926	-0.3435	0.08388
0.9903	-0.3271	0.07446
0.989	-0.3042	0.0758
0.9878	-0.2766	0.08357
0.995	-0.2606	0.0958
0.9948	-0.2676	0.1096
0.9868	-0.2715	0.1119
0.9901	-0.2709	0.1158
0.9941	-0.273	0.1234
0.9978	-0.2647	0.1152
1	-0.2488	0.09843
0.9933	-0.2492	0.08086
0.9947	-0.258	0.07157
1.008	-0.2503	0.07421
1.011	-0.2505	0.0738
1.003	-0.2676	0.07727
1.005	-0.2833	0.08345
1.01	-0.3021	0.08618
1.002	-0.3141	0.09348
0.9922	-0.3214	0.09449
0.9873	-0.3294	0.09313
0.9868	-0.3185	0.09823
0.9817	-0.3162	0.1011
0.9782	-0.3181	0.1049
0.9889	-0.2906	0.1061
0.9917	-0.2764	0.1032
0.9928	-0.2641	0.09955
0.9983	-0.2433	0.09475
0.992	-0.2424	0.09677
0.9949	-0.2218	0.09566
1.012	-0.2182	0.08697
1.021	-0.2438	0.08319
1.01	-0.2575	0.08507
0.98	-0.2989	0.09463
0.9663	-0.3192	0.09862
0.9848	-0.3105	0.08601
1.006	-0.3226	0.07804
1.014	-0.311	0.07547
1.02	-0.3038	0.0733
1.02	-0.3069	0.08966
1.006	-0.2923	0.1051
0.9984	-0.2893	0.1061
0.9999	-0.2798	0.1153
0.9912	-0.2654	0.1129
0.9627	-0.2493	0.09801
0.9445	-0.2394	0.09803
0.9613	-0.2576	0.09924
0.9822	-0.2581	0.1007
0.9965	-0.2569	0.09885
1.007	-0.28	0.08838
1.008	-0.2987	0.08103
1.013	-0.3197	0.074
1.015	-0.3186	0.0785
1.018	-0.2938	0.08369
1.017	-0.2877	0.0765
1.002	-0.2965	0.07866
0.9997	-0.3037	0.08311
1.005	-0.2985	0.08768
1.002	-0.2796	0.1013
0.9934	-0.2537	0.1121
0.9855	-0.24	0.1178
0.983	-0.2411	0.1211
0.9734	-0.2313	0.1195
0.9754	-0.2366	0.1104
0.9976	-0.2609	0.09882
1.003	-0.278	0.08943
0.9896	-0.3148	0.07948
0.9842	-0.3437	0.07076
0.9937	-0.334	0.07002
0.9999	-0.3253	0.07515
0.9997	-0.3105	0.07676
1.001	-0.2889	0.08256
0.9967	-0.2912	0.09266
1.001	-0.2951	0.09768
1.007	-0.2885	0.1005
1.004	-0.2764	0.09581
1.006	-0.2475	0.09102
1.005	-0.2263	0.09432
0.9965	-0.2281	0.1006
0.9869	-0.2378	0.1066
0.9833	-0.253	0.1056
0.9913	-0.2697	0.1076
0.9958	-0.2868	0.1061
0.9943	-0.2935	0.09377
0.9893	-0.2849	0.09052
0.9878	-0.2875	0.08681
0.9998	-0.2979	0.08031
1.006	-0.3026	0.08364
1	-0.3097	0.09154
0.995	-0.3112	0.09597
0.9908	-0.3077	0.09019
0.9966	-0.306	0.08882
1.009	-0.2984	0.09305
1.005	-0.2897	0.09208
0.9889	-0.2792	0.09268
0.9827	-0.2643	0.0897
0.9904	-0.2564	0.08961
0.9964	-0.2524	0.0937
0.9784	-0.2468	0.09313
0.9852	-0.2476	0.09531
1.001	-0.2728	0.0927
1.009	-0.276	0.08955
1.017	-0.2836	0.08351
1.018	-0.3001	0.0947
1.007	-0.2968	0.105
1.002	-0.3023	0.1017
1.005	-0.2983	0.108
0.9971	-0.2866	0.1041
0.9684	-0.2705	0.08899
0.9494	-0.2588	0.08991
0.9649	-0.2736	0.09281
0.9843	-0.2698	0.09639
0.9971	-0.2639	0.09683
1.006	-0.2826	0.0885
1.006	-0.2974	0.08295
1.01	-0.3153	0.07726
1.012	-0.312	0.08258
1.014	-0.2861	0.08808
1.014	-0.2797	0.08074
0.9996	-0.289	0.08237
0.9979	-0.2973	0.08604
1.004	-0.2936	0.08969
1.001	-0.2763	0.1023
0.9935	-0.2521	0.1123
0.9861	-0.24	0.1171
0.984	-0.2424	0.1199
0.9746	-0.2334	0.1179
0.9767	-0.2393	0.1086
0.9989	-0.2639	0.09704
1.004	-0.2809	0.08781
0.9905	-0.3174	0.07813
0.9848	-0.3458	0.06976
0.9941	-0.3355	0.06939
1	-0.3262	0.07489
0.9996	-0.3108	0.07682
1	-0.2887	0.08289
0.9963	-0.2906	0.09317
1	-0.2942	0.0983
1.006	-0.2874	0.1011
1.004	-0.2753	0.09643
1.006	-0.2465	0.09157
1.004	-0.2254	0.09475
0.9963	-0.2274	0.1009
0.9868	-0.2373	0.1067
0.9833	-0.2528	0.1056
0.9914	-0.2697	0.1076
0.996	-0.287	0.1059
0.9944	-0.2938	0.09356
0.9895	-0.2852	0.09029
0.988	-0.2879	0.08658
1	-0.2983	0.08009
1.006	-0.303	0.08346
1	-0.3099	0.09141
0.9951	-0.3114	0.09589
0.9909	-0.3078	0.09016
0.9966	-0.3061	0.08883
1.009	-0.2984	0.09309
1.005	-0.2896	0.09215
0.9888	-0.2791	0.09277
0.9826	-0.2641	0.08979
0.9903	-0.2563	0.08969
0.9963	-0.2523	0.09377
0.9956	-0.2537	0.09271
0.9944	-0.259	0.0955
0.9931	-0.26	0.09495
0.9981	-0.2672	0.09248
1.001	-0.2771	0.09582
0.9938	-0.2849	0.09457
0.9938	-0.2927	0.09266
0.9955	-0.2956	0.09371
0.9974	-0.2983	0.09702
1.005	-0.2973	0.1008
1.004	-0.296	0.09711
0.9988	-0.2948	0.08901
0.9965	-0.2846	0.08339
0.9958	-0.2808	0.08693
0.9946	-0.2838	0.09548
0.991	-0.2804	0.09653
0.992	-0.2751	0.09257
0.9973	-0.2738	0.09098
0.9976	-0.2794	0.09275
0.9908	-0.2799	0.09466
0.9896	-0.273	0.09806
0.9987	-0.2738	0.1036
1.001	-0.2784	0.1033
0.9946	-0.2721	0.09789
0.9893	-0.259	0.09011
0.9855	-0.257	0.08059
0.9884	-0.2633	0.07887
0.9999	-0.2772	0.08186
1.007	-0.3005	0.08219
1.004	-0.3081	0.08568
1.003	-0.3084	0.09315
1.003	-0.3139	0.09859
0.9981	-0.3046	0.09966
0.9979	-0.293	0.1015
0.9947	-0.2886	0.1042
0.9912	-0.2782	0.09952
0.9938	-0.2656	0.09793
0.9951	-0.2546	0.1072
0.9948	-0.2466	0.1138
0.9843	-0.2443	0.1075
0.9795	-0.2636	0.08124
0.9949	-0.303	0.05524
0.9996	-0.3146	0.0605
0.9977	-0.3046	0.07811
0.9986	-0.314	0.08636
0.9944	-0.3117	0.09181
1.011	-0.277	0.09606
1.029	-0.2428	0.0993
1.017	-0.2285	0.1038
0.993	-0.2295	0.1138
0.9701	-0.2399	0.119
0.969	-0.2651	0.108
0.9844	-0.3088	0.09689
0.9864	-0.346	0.09115
0.9883	-0.3438	0.08696
0.9931	-0.3154	0.08471
1.001	-0.2892	0.07909
1.018	-0.2647	0.07686
1.016	-0.2527	0.07994
0.998	-0.2601	0.08803
0.9881	-0.2676	0.09818
0.9922	-0.2674	0.09807
1.003	-0.2686	0.09898
1.001	-0.2805	0.103
0.9762	-0.3246	0.1098
0.9869	-0.3025	0.09554
0.9924	-0.2811	0.08626
1.001	-0.2711	0.08077
1.004	-0.2689	0.08472
0.9971	-0.2689	0.08608
0.9959	-0.273	0.08762
0.9962	-0.2753	0.09213
0.9967	-0.2798	0.0984
1.003	-0.2823	0.1043
1.002	-0.2852	0.1019
0.9962	-0.2887	0.09427
0.9941	-0.2827	0.08836
0.9938	-0.2826	0.0911
0.9932	-0.2884	0.0985
0.9902	-0.2869	0.09825
0.9919	-0.2825	0.09302
0.9977	-0.2813	0.09032
0.9985	-0.2862	0.0912
0.992	-0.2855	0.09252
0.991	-0.2771	0.09563
1	-0.2762	0.1012
1.002	-0.2792	0.101
0.9956	-0.2716	0.09607
0.9901	-0.2573	0.08879
0.9859	-0.2546	0.0798
0.9886	-0.2604	0.07861
0.9998	-0.2743	0.08207
1.007	-0.2978	0.08277
1.003	-0.3058	0.08652
1.002	-0.3066	0.09413
1.002	-0.3127	0.0996
0.9976	-0.304	0.1006
0.9974	-0.293	0.1024
0.9944	-0.289	0.1048
0.991	-0.279	0.09995
0.9937	-0.2666	0.09815
0.9951	-0.2556	0.1072
0.9949	-0.2477	0.1137
0.9844	-0.2453	0.1073
0.9796	-0.2643	0.08091
0.9951	-0.3036	0.05487
0.9998	-0.3149	0.06014
0.9979	-0.3047	0.07779
0.9987	-0.3139	0.08609
0.9945	-0.3114	0.09161
1.011	-0.2766	0.09594
1.029	-0.2425	0.09926
1.017	-0.2281	0.1038
0.9929	-0.2292	0.1139
0.97	-0.2396	0.1191
0.9689	-0.2648	0.1081
0.9843	-0.3086	0.09702
0.9863	-0.3459	0.09128
0.9883	-0.3438	0.08707
0.9931	-0.3154	0.0848
1.001	-0.2893	0.07915
1.018	-0.2649	0.07688
1.016	-0.2528	0.07995
0.998	-0.2602	0.08801
0.9881	-0.2677	0.09814
0.9922	-0.2675	0.09802
1.003	-0.2687	0.09893
1.002	-0.2806	0.1029
0.9839	-0.2956	0.1011
0.9734	-0.3021	0.09758
0.9909	-0.2988	0.08536
1.007	-0.2923	0.0765
1.005	-0.2874	0.08403
1.003	-0.2807	0.0935
0.9959	-0.2819	0.1016
0.9959	-0.2918	0.1043
0.9981	-0.2913	0.1006
0.9912	-0.2728	0.09916
0.9941	-0.2434	0.09913
1.002	-0.228	0.1011
1.003	-0.2336	0.09956
0.991	-0.2374	0.09423
0.9839	-0.2412	0.09057
1.004	-0.2668	0.07686
1.027	-0.3034	0.05674
1.027	-0.3357	0.06015
0.9794	-0.3819	0.08854
0.9355	-0.4061	0.1047
0.9545	-0.3672	0.105
0.9877	-0.3201	0.1082
1.007	-0.2828	0.1018
1.01	-0.2459	0.0973
0.9956	-0.2225	0.1074
0.9985	-0.1987	0.1069
1.012	-0.2	0.1014
1.023	-0.2189	0.09895
1.02	-0.2256	0.09006
1.006	-0.2482	0.08569
0.9979	-0.2728	0.08659
0.9855	-0.2938	0.08611
0.9837	-0.31	0.08431
0.9982	-0.302	0.08087
1.007	-0.3048	0.08287
0.9959	-0.3219	0.0892
0.9581	-0.3276	0.09427
0.9473	-0.3227	0.1001
0.9739	-0.3195	0.105
0.9921	-0.3218	0.1035
1.014	-0.3088	0.09292
1.036	-0.2881	0.08294
1.038	-0.2667	0.08323
1.022	-0.2375	0.08915
0.9849	-0.2187	0.09559
0.9724	-0.2159	0.09973
0.9993	-0.2279	0.09981
1	-0.2515	0.09884
0.9738	-0.2797	0.09807
0.9762	-0.2968	0.09285
0.9928	-0.3019	0.09046
0.9928	-0.3186	0.1052
0.9902	-0.3223	0.1102
1.003	-0.3015	0.08802
1.022	-0.2899	0.0762
1.024	-0.2845	0.07645
1.014	-0.2796	0.07608
1.002	-0.2762	0.09032
0.9844	-0.2665	0.1048
0.9659	-0.2532	0.1134
0.9617	-0.248	0.1145
0.9719	-0.271	0.09027
0.9832	-0.3049	0.07089
0.9947	-0.3149	0.07646
1.025	-0.364	0.04622
1.002	-0.3079	0.08605
1.01	-0.2701	0.09929
1.017	-0.2492	0.1026
1.009	-0.2436	0.113
1.002	-0.2447	0.1193
0.9918	-0.2578	0.1208
0.99	-0.2807	0.1155
0.9916	-0.2922	0.104
0.9849	-0.2833	0.09579
0.9886	-0.2605	0.0907
0.9975	-0.2485	0.08952
1	-0.2546	0.08674
0.9895	-0.2564	0.08177
0.9837	-0.2566	0.07975
1.005	-0.2775	0.06853
1.029	-0.3091	0.05134
1.029	-0.3366	0.05775
0.9816	-0.3787	0.08888
0.9376	-0.3998	0.1073
0.9564	-0.3588	0.1093
0.9892	-0.3108	0.1135
1.008	-0.2735	0.1074
1.01	-0.2376	0.1027
0.9958	-0.2157	0.1121
0.9983	-0.1937	0.1106
1.012	-0.1971	0.1039
1.022	-0.2179	0.1003
1.02	-0.2263	0.09027
1.005	-0.2503	0.08494
0.9972	-0.2759	0.08512
0.9848	-0.2974	0.08416
0.9833	-0.3137	0.08215
0.9979	-0.3055	0.07872
1.007	-0.3077	0.08091
0.9959	-0.3242	0.08758
0.9583	-0.3292	0.09307
0.9475	-0.3235	0.09934
0.9742	-0.3196	0.1047
0.9924	-0.3213	0.1036
1.014	-0.3078	0.09333
1.036	-0.2869	0.08357
1.038	-0.2653	0.08399
1.022	-0.2362	0.08995
0.985	-0.2175	0.09634
0.9724	-0.215	0.1004
0.9993	-0.2272	0.1003
1	-0.2511	0.0992
0.9737	-0.2796	0.09826
0.9761	-0.2969	0.09289
0.9927	-0.3022	0.09036
0.9927	-0.319	0.105
0.9902	-0.3228	0.1099
1.003	-0.302	0.08773
1.022	-0.2904	0.07591
1.024	-0.2849	0.07618
1.014	-0.2799	0.07586
1.002	-0.2764	0.09016
0.9844	-0.2666	0.1047
0.966	-0.2532	0.1133
0.9618	-0.248	0.1146
0.972	-0.2709	0.09033
0.9833	-0.3047	0.07097
0.9947	-0.3147	0.07656
1.005	-0.3263	0.07855
1.013	-0.3443	0.07638
1.031	-0.3177	0.08032
1.052	-0.2708	0.08444
1.033	-0.2416	0.09411
0.9548	-0.2135	0.1162
0.9046	-0.2085	0.1429
0.9358	-0.221	0.1473
0.9869	-0.2326	0.113
1.032	-0.2596	0.07639
1.067	-0.285	0.06464
1.077	-0.3172	0.06541
1.05	-0.335	0.08122
0.9778	-0.3041	0.095
0.9507	-0.2942	0.08961
0.9809	-0.3329	0.08855
0.9732	-0.365	0.09367
0.9464	-0.3539	0.1041
0.9385	-0.3202	0.113
0.952	-0.289	0.09661
0.9904	-0.2528	0.07922
1.019	-0.2419	0.07633
1.025	-0.2307	0.07302
1.017	-0.1935	0.0742
1.01	-0.1982	0.08464
1.017	-0.2196	0.105
1.018	-0.2355	0.1143
1.022	-0.2739	0.1027
1.028	-0.2992	0.09994
1.012	-0.3165	0.09959
0.9932	-0.3323	0.09113
0.9837	-0.3322	0.09464
0.9733	-0.3302	0.1044
0.9656	-0.3233	0.1087
0.9692	-0.3201	0.1012
0.9889	-0.3242	0.08392
1.004	-0.3095	0.07647
0.9962	-0.2596	0.07833
0.9764	-0.2092	0.08084
0.9745	-0.2128	0.0795
1.001	-0.2454	0.07597
1.009	-0.2637	0.08388
0.9934	-0.2728	0.09964
0.995	-0.2784	0.1139
0.9936	-0.2813	0.1171
0.9895	-0.2848	0.1104
1.016	-0.2929	0.112
1.033	-0.2974	0.108
1.024	-0.296	0.09457
1.016	-0.2948	0.09169
1.005	-0.2898	0.0898
0.9893	-0.2883	0.08373
0.9882	-0.2867	0.07388
0.9862	-0.2813	0.0661
0.9799	-0.2808	0.07419
0.9726	-0.2769	0.08312
0.9594	-0.274	0.08951
0.9664	-0.2747	0.09905
0.9848	-0.2773	0.1012
1.001	-0.2853	0.09909
1.018	-0.2876	0.09434
1.01	-0.2859	0.093
0.9976	-0.2777	0.09993
0.9997	-0.266	0.1039
1.011	-0.1851	0.1552
1.01	-0.3126	0.09567
1.022	-0.3493	0.06573
1.042	-0.332	0.05323
1.023	-0.309	0.05834
0.9453	-0.2726	0.08366
0.8972	-0.2512	0.118
0.9309	-0.2444	0.1319
0.9845	-0.2375	0.1071
1.032	-0.249	0.07875
1.069	-0.2632	0.07325
1.08	-0.2889	0.07801
1.053	-0.3046	0.09559
0.9814	-0.2755	0.1092
0.9542	-0.2701	0.1021
0.9838	-0.3152	0.0983
0.9755	-0.3544	0.1001
0.9478	-0.3504	0.1071
0.9391	-0.3231	0.1129
0.9519	-0.2968	0.09387
0.9898	-0.2641	0.07455
1.018	-0.2551	0.07048
1.024	-0.2442	0.06673
1.015	-0.2061	0.06814
1.008	-0.2088	0.07933
1.016	-0.2275	0.1008
1.017	-0.2405	0.1114
1.021	-0.2761	0.1012
1.028	-0.2988	0.09969
1.012	-0.3139	0.1004
0.9934	-0.3282	0.09279
0.9841	-0.3271	0.09685
0.9738	-0.3249	0.1069
0.9662	-0.3181	0.1112
0.9697	-0.3156	0.1034
0.9894	-0.3206	0.08578
1.005	-0.307	0.07785
0.9965	-0.2581	0.07919
0.9766	-0.2088	0.0812
0.9746	-0.2134	0.07941
1.001	-0.2466	0.07551
1.009	-0.2654	0.08316
0.9932	-0.2747	0.09877
0.9948	-0.2803	0.113
0.9934	-0.283	0.1162
0.9894	-0.2863	0.1097
1.015	-0.294	0.1114
1.033	-0.2982	0.1076
1.023	-0.2963	0.09435
1.016	-0.2947	0.09165
1.005	-0.2895	0.08991
0.9893	-0.2878	0.08395
0.9883	-0.286	0.07417
0.9863	-0.2806	0.06643
0.98	-0.2801	0.07452
0.9727	-0.2763	0.08342
0.9594	-0.2736	0.08976
0.9665	-0.2744	0.09923
0.9848	-0.2771	0.1013
1.001	-0.2853	0.09914
1.018	-0.2877	0.09432
1.01	-0.286	0.09294
0.9976	-0.2779	0.09984
0.9997	-0.2662	0.1038
1.006	-0.2655	0.1061
1.017	-0.2642	0.1064
1.015	-0.2747	0.101
1.013	-0.2972	0.09089
1.006	-0.2967	0.08271
0.9847	-0.2884	0.08555
0.9802	-0.2866	0.0864
0.9745	-0.2852	0.08744
0.9764	-0.2925	0.09322
0.9922	-0.2924	0.0905
0.9915	-0.2784	0.09045
0.9955	-0.2691	0.09186
1.005	-0.2665	0.09166
1.005	-0.2647	0.09758
1.003	-0.2674	0.09609
1.001	-0.2792	0.09878
1.01	-0.2937	0.1137
1.013	-0.3022	0.1145
0.9886	-0.3003	0.08661
0.9539	-0.2929	0.04919
0.9496	-0.2912	0.04402
0.982	-0.2817	0.06588
1.009	-0.2553	0.09518
1.017	-0.2377	0.1334
1.017	-0.2397	0.1452
1.012	-0.2532	0.1283
1.01	-0.2803	0.1107
1.013	-0.3083	0.0854
1.014	-0.3232	0.06836
0.9992	-0.3294	0.07061
0.9817	-0.3183	0.07254
0.9802	-0.2909	0.0768
0.9956	-0.2732	0.0887
0.9973	-0.2724	0.09945
0.9643	-0.2699	0.1058
0.952	-0.263	0.1077
0.9828	-0.267	0.1042
1.004	-0.2767	0.09042
1.009	-0.2808	0.07664
1.011	-0.277	0.08243
1.009	-0.2747	0.09461
1.012	-0.2792	0.09965
1.019	-0.2707	0.09789
1.022	-0.2609	0.08847
1.005	-0.2679	0.09303
0.976	-0.2775	0.1086
0.9727	-0.2833	0.1084
0.9874	-0.2808	0.0961
0.9911	-0.2895	0.08374
0.9827	-0.3152	0.08189
0.9786	-0.3207	0.08857
0.9834	-0.3081	0.0909
0.9877	-0.2929	0.08944
0.9966	-0.2799	0.0894
1.003	-0.2825	0.09109
1	-0.2878	0.09229
1.011	-0.2707	0.09653
1.024	-0.2432	0.1059
1.019	-0.2396	0.1114
1.005	-0.2413	0.09752
0.9876	-0.2301	0.07325
0.9841	-0.253	0.07196
0.9976	-0.2998	0.08308
1.001	-0.3158	0.08869
1	-0.3184	0.0425
0.9963	-0.3102	0.1011
0.9888	-0.3096	0.1269
0.9888	-0.3192	0.129
0.987	-0.306	0.1205
0.9734	-0.2865	0.1157
0.9767	-0.2758	0.1055
0.9781	-0.2684	0.09493
0.9855	-0.2724	0.09042
1.005	-0.2718	0.0798
1.006	-0.2593	0.07472
1.01	-0.2533	0.07395
1.018	-0.2548	0.07407
1.015	-0.2576	0.08227
1.01	-0.2648	0.08439
1.005	-0.2806	0.09137
1.011	-0.2983	0.1107
1.011	-0.3091	0.1155
0.9845	-0.3084	0.09088
0.9484	-0.3013	0.05582
0.9434	-0.2991	0.052
0.9758	-0.2885	0.07426
1.004	-0.2605	0.1031
1.013	-0.2412	0.1402
1.014	-0.2414	0.1504
1.01	-0.2533	0.1318
1.009	-0.2791	0.1123
1.014	-0.306	0.0854
1.015	-0.3203	0.06696
1.001	-0.3262	0.06817
0.9839	-0.3152	0.06945
0.9826	-0.2881	0.07344
0.9978	-0.2709	0.08541
0.9992	-0.2708	0.09651
0.9658	-0.2689	0.1034
0.9531	-0.2627	0.106
0.9834	-0.2672	0.1031
1.004	-0.2773	0.09006
1.009	-0.2818	0.07687
1.011	-0.2781	0.08312
1.008	-0.2759	0.09562
1.011	-0.2803	0.1008
1.019	-0.2716	0.09912
1.022	-0.2616	0.08962
1.004	-0.2684	0.09401
0.9755	-0.2777	0.1093
0.9725	-0.2833	0.1089
0.9872	-0.2806	0.09635
0.9911	-0.2892	0.08376
0.9829	-0.3148	0.08172
0.9789	-0.3203	0.08825
0.9837	-0.3077	0.09049
0.988	-0.2926	0.08899
0.9969	-0.2796	0.08897
1.003	-0.2822	0.0907
1.001	-0.2877	0.09197
1.011	-0.2706	0.0963
1.024	-0.2433	0.1058
1.019	-0.2397	0.1113
1.005	-0.2414	0.09755
0.9875	-0.2302	0.07335
0.984	-0.2531	0.0721
0.9975	-0.3	0.08324
1.001	-0.3159	0.08885
0.9888	-0.3105	0.1001
0.989	-0.3125	0.09972
1.003	-0.3237	0.09163
1.004	-0.3228	0.09798
0.9884	-0.3059	0.09979
0.9714	-0.2897	0.09533
0.9692	-0.2731	0.09558
0.9818	-0.2618	0.09654
0.9955	-0.2591	0.09957
1.006	-0.2601	0.09937
1.003	-0.2583	0.09795
0.997	-0.2517	0.09689
1.002	-0.2591	0.08698
1.006	-0.2711	0.08309
1.009	-0.2751	0.09175
1.003	-0.2817	0.09186
0.9969	-0.2832	0.08585
0.9996	-0.2896	0.08618
0.9989	-0.303	0.08941
0.9998	-0.3064	0.09597
0.9963	-0.3041	0.09825
0.9884	-0.2961	0.08877
0.9885	-0.2877	0.08471
0.991	-0.2827	0.09185
0.9988	-0.2764	0.09669
1.001	-0.2769	0.09917
0.9876	-0.2781	0.1012
0.9819	-0.2727	0.09977
0.987	-0.2667	0.09978
0.996	-0.2608	0.09926
1.003	-0.2595	0.0935
1.002	-0.2696	0.08977
1.001	-0.2862	0.08796
1.001	-0.2958	0.08344
1.002	-0.2969	0.0823
1.001	-0.294	0.08661
0.9931	-0.2841	0.09221
0.9876	-0.2771	0.09899
0.9925	-0.2818	0.1016
0.9975	-0.2909	0.09422
0.9995	-0.2966	0.08873
0.9993	-0.2868	0.08962
0.9965	-0.2702	0.08945
0.9936	-0.2643	0.09588
0.9892	-0.2603	0.1022
0.9895	-0.2599	0.09721
0.9925	-0.2723	0.09592
0.9935	-0.2867	0.09919
0.9974	-0.2942	0.09689
0.9985	-0.2948	0.09164
1	-0.2932	0.08906
1.002	-0.288	0.09037
0.9986	-0.2814	0.08997
1.001	-0.2848	0.08951
1.004	-0.2904	0.0901
1.003	-0.2882	0.08848
0.9975	-0.2844	0.08881
0.9888	-0.2828	0.09048
0.9867	-0.2813	0.09362
0.9865	-0.2771	0.09721
0.9889	-0.2691	0.09655
0.9937	-0.2624	0.09562
0.9889	-0.2651	0.09433
0.9887	-0.2715	0.09274
0.9695	-0.2636	0.1283
0.9986	-0.2722	0.09894
1.028	-0.2941	0.075
1.034	-0.3055	0.07511
1.016	-0.3007	0.07723
0.9932	-0.295	0.0771
0.9829	-0.2864	0.08369
0.987	-0.2802	0.09147
0.9931	-0.2799	0.1007
0.9972	-0.2807	0.1055
0.9904	-0.2767	0.1074
0.9824	-0.2664	0.1081
0.9867	-0.2694	0.09834
0.9931	-0.2766	0.09337
0.998	-0.2761	0.1
0.995	-0.2788	0.09764
0.9926	-0.2774	0.08893
0.9986	-0.2819	0.08669
1.001	-0.2943	0.0877
1.004	-0.2978	0.09256
1.002	-0.2962	0.09372
0.9947	-0.2896	0.08372
0.9948	-0.283	0.07969
0.9967	-0.2798	0.0873
1.004	-0.2753	0.09296
1.004	-0.2774	0.09644
0.9899	-0.2798	0.09955
0.9828	-0.2753	0.09919
0.9867	-0.2699	0.1001
0.9948	-0.2641	0.1003
1.001	-0.2626	0.09511
0.9996	-0.2723	0.09167
0.9981	-0.2883	0.08994
0.9988	-0.2973	0.0853
1	-0.2976	0.0839
0.9996	-0.2942	0.08786
0.992	-0.2837	0.09305
0.987	-0.2763	0.09942
0.9923	-0.2807	0.1017
0.9977	-0.2897	0.09396
1	-0.2954	0.08823
1	-0.2858	0.08897
0.9974	-0.2693	0.08873
0.9945	-0.2636	0.09518
0.99	-0.2599	0.1015
0.9902	-0.2598	0.09668
0.993	-0.2723	0.09554
0.9938	-0.2869	0.09896
0.9975	-0.2945	0.09681
0.9985	-0.2952	0.09168
0.9998	-0.2936	0.0892
1.001	-0.2884	0.09059
0.9983	-0.2817	0.09023
1.001	-0.285	0.08978
1.004	-0.2906	0.09035
1.002	-0.2883	0.0887
0.9973	-0.2844	0.08898
0.9887	-0.2828	0.09059
0.9866	-0.2812	0.09367
0.9865	-0.2769	0.09721
0.9889	-0.2689	0.09651
0.9937	-0.2622	0.09555
0.989	-0.265	0.09424
0.9888	-0.2714	0.09264
0.9956	-0.2756	0.09313
0.9975	-0.2814	0.09279
1.002	-0.2845	0.09623
1.005	-0.2872	0.1027
1.003	-0.2901	0.1002
1.004	-0.2872	0.08994
1.005	-0.2843	0.08476
1.009	-0.2831	0.0883
1.008	-0.2833	0.09161
0.9891	-0.2843	0.08975
0.98	-0.2843	0.08807
0.9876	-0.2843	0.08979
0.9889	-0.2835	0.0926
0.9937	-0.2889	0.09503
0.9949	-0.2905	0.09784
0.9801	-0.2763	0.1002
0.9811	-0.2723	0.09847
1.003	-0.2796	0.09486
1.011	-0.2773	0.09697
0.9996	-0.2732	0.09619
0.9907	-0.2671	0.08402
0.9917	-0.265	0.07917
1.001	-0.2814	0.08664
1.011	-0.2987	0.09234
1.011	-0.302	0.09382
1.007	-0.2968	0.09415
0.9939	-0.2846	0.1008
0.975	-0.269	0.105
0.9771	-0.2589	0.0997
0.9889	-0.2574	0.099
0.9972	-0.2643	0.09496
1.002	-0.279	0.08797
0.9991	-0.2933	0.08926
0.9971	-0.2971	0.08711
0.9947	-0.296	0.08862
0.9959	-0.2947	0.09133
1.001	-0.2887	0.08379
1.003	-0.2855	0.08512
1.004	-0.2859	0.09389
0.9983	-0.2803	0.09755
0.9945	-0.2769	0.09912
0.9978	-0.2803	0.09629
0.9945	-0.2822	0.09058
0.9909	-0.2803	0.0888
0.9866	-0.2754	0.09114
0.9862	-0.2736	0.09342
0.9948	-0.2773	0.09994
0.9972	-0.2748	0.1047
0.9962	-0.2688	0.09927
0.9987	-0.2742	0.1004
0.9987	-0.2803	0.09936
0.9951	-0.2763	0.08558
0.994	-0.2772	0.08398
0.9936	-0.2816	0.09049
0.9914	-0.2811	0.09077
0.9958	-0.2858	0.09176
0.9997	-0.2918	0.09403
0.9991	-0.2916	0.09198
1.002	-0.2908	0.08487
1.001	-0.2907	0.08522
0.9981	-0.2889	0.09256
0.9983	-0.2834	0.095
0.9972	-0.28	0.09723
0.9958	-0.2835	0.09798
1.006	-0.2926	0.07758
0.9906	-0.2825	0.08782
0.9861	-0.2742	0.09823
0.9858	-0.2696	0.1087
0.9854	-0.2692	0.1078
0.9912	-0.2664	0.09755
0.9972	-0.266	0.09116
1.006	-0.2689	0.09284
1.009	-0.2741	0.09405
0.9943	-0.2803	0.09017
0.9876	-0.285	0.08676
0.9963	-0.2889	0.0872
0.9976	-0.2909	0.08921
1.001	-0.298	0.09133
1.001	-0.3002	0.09424
0.9844	-0.2855	0.09701
0.9834	-0.2803	0.09601
1.003	-0.2858	0.09321
1.009	-0.2815	0.09616
0.9971	-0.2753	0.09615
0.9874	-0.2674	0.08463
0.988	-0.2636	0.08027
0.9978	-0.2787	0.08806
1.008	-0.2952	0.09389
1.008	-0.2982	0.09534
1.005	-0.2931	0.09551
0.9928	-0.2812	0.1019
0.9746	-0.2663	0.1058
0.9774	-0.2569	0.1002
0.9897	-0.2562	0.09916
0.9984	-0.2639	0.09484
1.003	-0.2793	0.08763
1.001	-0.2941	0.08877
0.9985	-0.2983	0.08655
0.9959	-0.2974	0.08803
0.9968	-0.2961	0.09079
1.002	-0.29	0.08332
1.003	-0.2867	0.08476
1.005	-0.2868	0.09366
0.9982	-0.2809	0.09744
0.9942	-0.2772	0.09912
0.9973	-0.2803	0.09638
0.994	-0.282	0.09074
0.9903	-0.2799	0.089
0.9861	-0.2749	0.09135
0.9858	-0.2731	0.09362
0.9945	-0.2768	0.1001
0.9971	-0.2743	0.1048
0.9961	-0.2684	0.09938
0.9988	-0.2739	0.1004
0.9988	-0.2801	0.09938
0.9952	-0.2763	0.08557
0.9942	-0.2773	0.08394
0.9938	-0.2817	0.09043
0.9916	-0.2813	0.0907
0.996	-0.2859	0.09168
0.9999	-0.292	0.09396
0.9992	-0.2918	0.09192
1.002	-0.291	0.08482
1.001	-0.2908	0.08518
0.9981	-0.289	0.09254
0.9982	-0.2834	0.095
0.9971	-0.28	0.09724
0.9958	-0.2835	0.098
0.9924	-0.2827	0.09275
0.9929	-0.2791	0.0876
0.9997	-0.2784	0.08807
1.001	-0.2738	0.09316
0.9946	-0.2702	0.09693
0.9871	-0.2736	0.0988
0.9867	-0.2773	0.09981
0.9927	-0.2799	0.09863
0.9932	-0.2818	0.09401
0.9894	-0.279	0.09099
0.9901	-0.2759	0.09388
0.9975	-0.2778	0.09546
1.004	-0.2814	0.09622
1.004	-0.2819	0.09391
1.004	-0.2794	0.08808
1.001	-0.2809	0.09043
0.9987	-0.2868	0.09324
0.9988	-0.2882	0.09256
0.9922	-0.2869	0.09215
0.9896	-0.287	0.09287
0.9949	-0.2835	0.09741
0.9957	-0.2768	0.08992
0.9959	-0.2753	0.08107
0.9999	-0.2784	0.08726
0.999	-0.2788	0.08704
0.9899	-0.2781	0.08258
0.9878	-0.2847	0.08725
0.9977	-0.2964	0.0975
1.002	-0.2976	0.1026
1.001	-0.2884	0.1004
0.9995	-0.2788	0.1066
0.9881	-0.268	0.1083
0.9852	-0.2697	0.1004
0.9988	-0.289	0.1009
0.9995	-0.3017	0.0982
0.9874	-0.2938	0.09189
0.9864	-0.269	0.08949
0.995	-0.2452	0.08412
1.002	-0.2405	0.07802
1.001	-0.2517	0.07717
0.9955	-0.2648	0.08817
0.9926	-0.2694	0.0963
1.002	-0.2763	0.0916
1.017	-0.2987	0.08908
1.021	-0.3194	0.08463
1.019	-0.3283	0.08328
1.004	-0.3327	0.09534
0.9764	-0.3232	0.1043
0.9642	-0.3045	0.1048
0.962	-0.2863	0.1036
0.9648	-0.2627	0.1036
0.9717	-0.2491	0.1028
0.9746	-0.2414	0.09954
0.9983	-0.236	0.09565
1.028	-0.2571	0.09269
1.031	-0.2752	0.09692
1.027	-0.2766	0.09615
1.024	-0.2808	0.08074
1.011	-0.2789	0.07484
0.9937	-0.2832	0.082
0.9863	-0.288	0.08575
0.9966	-0.2808	0.08604
1.003	-0.2841	0.08119
0.9934	-0.2998	0.07753
0.9759	-0.312	0.08361
0.9726	-0.3002	0.1007
0.9811	-0.293	0.1106
0.9871	-0.283	0.1165
0.9871	-0.2749	0.116
0.9858	-0.2747	0.1112
0.9907	-0.2753	0.1049
1.001	-0.2757	0.09719
1.004	-0.2762	0.08745
1	-0.2727	0.08111
1.001	-0.2694	0.08249
1.007	-0.2717	0.08418
1.01	-0.2762	0.08632
1.008	-0.2777	0.08627
1.006	-0.2765	0.08316
1	-0.2793	0.08832
0.9961	-0.2863	0.09372
0.9948	-0.2888	0.09518
0.9875	-0.2882	0.09631
0.9846	-0.2888	0.09794
0.9903	-0.2856	0.1028
0.9917	-0.2789	0.09503
0.9928	-0.2773	0.08549
0.9979	-0.2801	0.09069
0.998	-0.2801	0.08934
0.9899	-0.279	0.08372
0.9886	-0.2852	0.08731
0.9991	-0.2964	0.09665
1.004	-0.2973	0.101
1.003	-0.2879	0.09847
1.001	-0.2781	0.1045
0.9898	-0.2673	0.1062
0.9866	-0.2689	0.09852
0.9998	-0.2884	0.09933
1	-0.3012	0.09706
0.9876	-0.2934	0.0912
0.9863	-0.2688	0.08924
0.9946	-0.2451	0.08425
1.001	-0.2406	0.07844
1	-0.2519	0.07781
0.9948	-0.265	0.08892
0.9919	-0.2696	0.09709
1.002	-0.2766	0.09234
1.017	-0.299	0.08972
1.021	-0.3196	0.08512
1.019	-0.3285	0.08361
1.004	-0.3328	0.09551
0.9765	-0.3232	0.1044
0.9644	-0.3045	0.1047
0.9622	-0.2863	0.1034
0.965	-0.2626	0.1033
0.972	-0.2491	0.1025
0.9749	-0.2413	0.09926
0.9985	-0.2359	0.0954
1.029	-0.257	0.09248
1.031	-0.2751	0.09676
1.027	-0.2765	0.09605
1.024	-0.2807	0.08071
1.011	-0.2789	0.07486
0.9936	-0.2832	0.08206
0.9862	-0.288	0.08583
0.9965	-0.2808	0.08614
1.003	-0.2841	0.08129
0.9933	-0.2998	0.07762
0.9807	-0.3162	0.08681
0.9766	-0.3116	0.1007
0.982	-0.2865	0.1094
0.9843	-0.2745	0.1091
0.9776	-0.2729	0.107
0.974	-0.2714	0.1108
0.9805	-0.2725	0.1091
0.9951	-0.2708	0.1049
1.006	-0.272	0.106
1.003	-0.2784	0.1026
1.012	-0.2796	0.0905
1.035	-0.2784	0.07248
1.039	-0.2796	0.06579
1.026	-0.2678	0.069
1.013	-0.2549	0.06969
0.9963	-0.2655	0.07887
0.9768	-0.2824	0.08188
0.9579	-0.3013	0.08367
0.9424	-0.3171	0.1034
0.9443	-0.3117	0.1113
0.9765	-0.3052	0.1091
1.017	-0.3029	0.1063
1.028	-0.2917	0.09451
1.02	-0.2735	0.09799
1.01	-0.2592	0.1094
0.9967	-0.2608	0.107
0.9954	-0.2571	0.1035
0.9952	-0.2482	0.1019
0.9849	-0.258	0.09571
1	-0.2699	0.08442
1.033	-0.2813	0.07717
1.035	-0.2962	0.07736
1.013	-0.3012	0.07753
0.9974	-0.2971	0.07894
0.982	-0.2903	0.08338
0.9574	-0.2873	0.09383
0.9385	-0.2829	0.1045
0.9426	-0.2767	0.1042
0.9658	-0.2755	0.1044
0.9905	-0.2758	0.1054
1.007	-0.2857	0.09016
1.013	-0.2958	0.0744
1.016	-0.2927	0.07814
1.022	-0.2881	0.08639
1.027	-0.2845	0.08866
1.032	-0.2818	0.09314
1.028	-0.2804	0.09964
1.014	-0.2747	0.1036
1.005	-0.2685	0.106
0.9946	-0.2659	0.1078
0.9865	-0.2637	0.1049
0.9805	-0.2626	0.09936
0.9624	-0.2686	0.09603
0.9583	-0.2778	0.09231
0.977	-0.2865	0.0894
0.9814	-0.2902	0.0832
0.9707	-0.2838	0.0763
0.976	-0.2817	0.0816
0.9964	-0.2972	0.09043
1.008	-0.3197	0.09374
1.011	-0.3272	0.08912
1.016	-0.323	0.08054
1.019	-0.3059	0.08356
1.026	-0.2564	0.09495
1.023	-0.1894	0.1248
1.013	-0.2337	0.1063
1.008	-0.2473	0.09658
0.998	-0.2644	0.08807
0.9795	-0.2832	0.08463
0.9657	-0.2946	0.09167
0.9646	-0.3022	0.09553
0.9748	-0.3018	0.09775
0.9838	-0.3004	0.105
0.9823	-0.3017	0.1067
0.9935	-0.2965	0.09816
1.021	-0.2884	0.08223
1.03	-0.283	0.07616
1.022	-0.2656	0.07875
1.013	-0.2483	0.07788
1.001	-0.256	0.0849
0.9838	-0.2714	0.0855
0.9666	-0.2902	0.0849
0.9517	-0.307	0.1025
0.9532	-0.3033	0.1087
0.9843	-0.299	0.1053
1.023	-0.2991	0.1019
1.032	-0.2902	0.08997
1.022	-0.2741	0.09375
1.011	-0.2615	0.1058
0.9956	-0.2643	0.1043
0.9931	-0.2612	0.1017
0.9921	-0.2524	0.1011
0.9814	-0.262	0.0958
0.9969	-0.2734	0.08523
1.029	-0.2839	0.07851
1.032	-0.298	0.07902
1.012	-0.3021	0.07932
0.9961	-0.2971	0.08067
0.9815	-0.2897	0.08491
0.9575	-0.2862	0.09505
0.9391	-0.2814	0.1053
0.9436	-0.2751	0.1047
0.967	-0.2739	0.1046
0.9918	-0.2744	0.1052
1.008	-0.2845	0.08977
1.014	-0.295	0.07385
1.017	-0.2922	0.07751
1.023	-0.2879	0.08574
1.028	-0.2846	0.08807
1.032	-0.2822	0.09264
1.028	-0.2809	0.09925
1.014	-0.2753	0.1033
1.004	-0.2691	0.1059
0.9942	-0.2664	0.1078
0.986	-0.2641	0.105
0.9801	-0.263	0.09954
0.9621	-0.2688	0.09625
0.958	-0.2779	0.09254
0.9769	-0.2865	0.08963
0.9813	-0.2902	0.0834
0.9707	-0.2836	0.07646
0.976	-0.2815	0.08171
0.9966	-0.297	0.09049
1.008	-0.3195	0.09376
1.011	-0.327	0.08909
1.016	-0.3228	0.08049
1.019	-0.3058	0.08349
1.026	-0.2564	0.09486
1.037	-0.2221	0.1055
1.032	-0.2283	0.1084
0.9934	-0.2353	0.1072
0.9381	-0.2487	0.1126
0.9278	-0.2623	0.1103
0.9761	-0.2667	0.1004
1.019	-0.2811	0.0869
1.03	-0.3	0.07031
1.034	-0.3241	0.07416
1.022	-0.3378	0.0823
0.9816	-0.3294	0.07525
0.967	-0.318	0.07531
0.9827	-0.2963	0.08213
0.9865	-0.2743	0.0891
0.9914	-0.2659	0.0973
0.9845	-0.2555	0.1079
0.9687	-0.2509	0.1236
0.9802	-0.2553	0.1236
0.9909	-0.256	0.1099
1.004	-0.2615	0.1017
1.02	-0.2758	0.0897
1.013	-0.2876	0.08378
1.009	-0.2914	0.09302
1.009	-0.2911	0.09389
1.009	-0.2926	0.08404
1.011	-0.2903	0.07866
0.9955	-0.278	0.07844
0.9899	-0.2744	0.07871
0.9947	-0.2821	0.07998
0.9885	-0.2829	0.08172
0.9892	-0.2858	0.08795
0.9908	-0.2935	0.1025
0.9899	-0.2943	0.1073
0.9879	-0.2923	0.1025
0.982	-0.283	0.1073
0.986	-0.2693	0.1087
0.9943	-0.265	0.1005
0.999	-0.2666	0.09631
1.001	-0.2708	0.09338
1.001	-0.2764	0.0892
1.005	-0.2818	0.08648
1.004	-0.2892	0.08435
1.001	-0.2922	0.08291
0.9994	-0.2897	0.08426
0.9936	-0.2857	0.09119
0.9915	-0.2791	0.09599
0.9942	-0.2776	0.0949
0.9941	-0.2828	0.09619
0.9889	-0.2843	0.09565
0.9852	-0.283	0.09254
0.9918	-0.2824	0.09498
1.007	-0.2798	0.09925
1.015	-0.2776	0.1041
1.005	-0.2758	0.09956
0.9866	-0.2741	0.07937
0.98	-0.2783	0.07539
0.9908	-0.2781	0.09326
1.001	-0.2682	0.09822
1.001	-0.2673	0.09213
1.009	-0.2761	0.09003
1.015	-0.2887	0.08514
1.004	-0.3006	0.08537
0.9864	-0.297	0.09735
0.9688	-0.287	0.1058
0.9825	-0.3577	0.07051
0.9794	-0.2876	0.1052
0.9747	-0.2468	0.1216
0.9977	-0.2372	0.1211
1.009	-0.2479	0.1084
1.013	-0.2641	0.09525
1.019	-0.2766	0.08733
1.001	-0.283	0.0803
0.9954	-0.2821	0.0757
1	-0.2798	0.07812
1	-0.2862	0.08215
1.005	-0.2924	0.08252
0.9983	-0.3042	0.07853
0.9948	-0.3149	0.08046
0.9858	-0.2976	0.0975
0.9755	-0.283	0.1065
0.985	-0.276	0.09992
0.9872	-0.2603	0.0988
0.9925	-0.2654	0.09764
1.001	-0.2734	0.095
0.9934	-0.2747	0.09783
0.9965	-0.2817	0.09816
1.007	-0.275	0.1002
1.006	-0.2727	0.09982
1.004	-0.2795	0.0901
1.001	-0.284	0.08725
0.9996	-0.2908	0.09148
0.9952	-0.2877	0.09304
0.9914	-0.2856	0.09548
0.9897	-0.2863	0.09348
0.9863	-0.2795	0.08592
0.9911	-0.2757	0.08688
0.9986	-0.2737	0.09309
0.9999	-0.2772	0.09391
0.9991	-0.2822	0.09525
0.9972	-0.2847	0.09988
0.9968	-0.2876	0.1002
0.9955	-0.2808	0.09321
0.9935	-0.2752	0.08795
0.9927	-0.277	0.08801
0.9913	-0.2791	0.08713
0.9938	-0.2879	0.08992
0.9964	-0.2913	0.09483
0.9979	-0.2831	0.09574
1.005	-0.2798	0.09512
1.008	-0.2803	0.09035
1.002	-0.2808	0.08889
0.9902	-0.2844	0.0932
0.9855	-0.2834	0.09337
0.9941	-0.2787	0.09588
0.9964	-0.2787	0.0991
0.9898	-0.2779	0.09655
0.9924	-0.2743	0.09493
0.9963	-0.2706	0.09353
0.9966	-0.2733	0.09301
0.9973	-0.2858	0.0935
0.9938	-0.2903	0.09144
0.9939	-0.2834	0.0919
0.9996	-0.282	0.09236
1.002	-0.2825	0.08966
1.001	-0.2785	0.08862
0.9976	-0.282	0.08875
0.9954	-0.2891	0.09173
0.9947	-0.288	0.09395
0.9938	-0.2841	0.09264
0.9935	-0.2807	0.09777
0.9928	-0.279	0.1016
0.9933	-0.2798	0.09802
0.9972	-0.2785	0.09736
0.9988	-0.2779	0.09358
0.9952	-0.2763	0.09
0.9956	-0.2753	0.09292
1.001	-0.2807	0.09044
1	-0.2815	0.08701
0.996	-0.2785	0.08775
0.9933	-0.2799	0.08924
0.9936	-0.2817	0.09184
0.993	-0.2827	0.09178
0.9929	-0.283	0.09405
0.9953	-0.284	0.09858
0.9961	-0.2836	0.0997
0.9964	-0.2822	0.0991
0.9962	-0.2848	0.09229
0.9956	-0.2855	0.08787
0.9976	-0.283	0.09208
0.9994	-0.2816	0.09121
0.9996	-0.2794	0.08899
0.9967	-0.2788	0.09224
0.9917	-0.28	0.09583
0.9909	-0.2793	0.09897
0.9923	-0.2748	0.09754
0.995	-0.2725	0.09396
0.9993	-0.2786	0.09431
0.999	-0.2824	0.09295
0.9959	-0.2811	0.0907
0.9956	-0.2829	0.08993
0.9992	-0.2859	0.08721
1.003	-0.2889	0.0867
1.001	-0.2888	0.08876
0.9957	-0.2843	0.09054
0.9927	-0.2828	0.09415
0.99	-0.2814	0.0981
0.9869	-0.2786	0.1004
0.9856	-0.2784	0.1002
0.99	-0.2771	0.09867
1.001	-0.2743	0.09781
1.006	-0.2723	0.09531
1.001	-0.2721	0.09216
1	-0.2763	0.09068
1.001	-0.2803	0.08882
0.997	-0.2834	0.08706
0.9958	-0.287	0.08739
0.9938	-0.2886	0.08916
0.9914	-0.291	0.09125
0.9946	-0.2893	0.0931
0.9944	-0.2846	0.0935
0.9937	-0.2881	0.09176
0.9939	-0.2867	0.09169
0.993	-0.2778	0.09424
0.9953	-0.2763	0.09453
0.9952	-0.2754	0.09514
0.9949	-0.2721	0.09718
0.9985	-0.2732	0.09584
1	-0.276	0.09522
0.9996	-0.2787	0.09594
0.9986	-0.2805	0.09596
0.9986	-0.2809	0.09647
0.9984	-0.2823	0.0937
1.002	-0.2882	0.0945
0.9951	-0.2832	0.09169
0.9902	-0.2814	0.09209
0.9886	-0.2827	0.08822
0.992	-0.2819	0.08916
0.9942	-0.2817	0.08798
0.9917	-0.2801	0.08729
0.9935	-0.2788	0.09291
0.9998	-0.2835	0.09263
1.001	-0.2835	0.09073
0.9974	-0.2796	0.09231
0.9954	-0.2799	0.09398
0.996	-0.281	0.09622
0.9953	-0.2813	0.09539
0.995	-0.2811	0.09665
0.997	-0.2818	0.1001
0.9972	-0.2814	0.1001
0.997	-0.2803	0.09858
0.9963	-0.2832	0.09103
0.9952	-0.2842	0.08611
0.9969	-0.2823	0.09007
0.9985	-0.2813	0.08917
0.9986	-0.2795	0.08712
0.9957	-0.2792	0.09068
0.9908	-0.2806	0.09467
0.9901	-0.2801	0.09825
0.9918	-0.2756	0.09725
0.9947	-0.2733	0.09406
0.9992	-0.2793	0.09473
0.9991	-0.283	0.09358
0.9961	-0.2816	0.09146
0.9959	-0.2832	0.09074
0.9995	-0.286	0.08798
1.004	-0.2888	0.08737
1.002	-0.2886	0.08929
0.9961	-0.2841	0.0909
0.9929	-0.2825	0.09435
0.9902	-0.2811	0.09814
0.987	-0.2783	0.1003
0.9856	-0.2782	0.09999
0.9899	-0.277	0.09841
1.001	-0.2742	0.09752
1.006	-0.2722	0.09502
1	-0.2721	0.09189
0.9998	-0.2763	0.09046
1.001	-0.2804	0.08866
0.9969	-0.2835	0.08696
0.9957	-0.2871	0.08735
0.9938	-0.2887	0.08917
0.9914	-0.2911	0.0913
0.9946	-0.2894	0.09318
0.9944	-0.2847	0.0936
0.9937	-0.2881	0.09187
0.994	-0.2867	0.09179
0.9931	-0.2777	0.09433
0.9953	-0.2763	0.0946
0.9953	-0.2754	0.09519
0.9949	-0.2721	0.09721
0.9985	-0.2732	0.09585
1	-0.276	0.09521
0.9996	-0.2787	0.09591
0.9986	-0.2804	0.09593
0.9986	-0.2809	0.09644
0.9983	-0.2823	0.09366
0.9995	-0.2849	0.09248
1	-0.2855	0.09317
0.994	-0.2831	0.08965
0.9886	-0.2824	0.08746
0.9894	-0.2826	0.08804
0.9908	-0.2806	0.09331
0.9908	-0.2787	0.09669
0.9907	-0.2777	0.08955
0.9934	-0.2792	0.08863
0.9997	-0.2846	0.093
1.002	-0.2873	0.09174
0.9975	-0.2846	0.09451
0.9961	-0.2841	0.09735
1	-0.2837	0.09475
0.9998	-0.2798	0.09128
0.9983	-0.277	0.08902
0.9982	-0.2766	0.09218
0.9971	-0.2806	0.09591
0.9965	-0.2838	0.09492
0.9948	-0.2806	0.09574
0.9939	-0.2799	0.1018
0.9954	-0.28	0.1024
0.9962	-0.276	0.09187
0.9952	-0.2749	0.08658
0.9916	-0.2752	0.08692
0.9897	-0.2768	0.08482
0.9916	-0.2853	0.09325
0.9945	-0.2903	0.09886
0.9974	-0.2862	0.0914
0.9981	-0.2858	0.09258
0.9978	-0.2859	0.09497
0.999	-0.2822	0.09053
0.9989	-0.2825	0.08973
0.9996	-0.2795	0.09078
1	-0.2765	0.09682
0.9957	-0.2802	0.1004
0.9926	-0.281	0.09469
0.9933	-0.2809	0.09164
0.9956	-0.2794	0.08927
0.9985	-0.277	0.08932
0.9965	-0.2792	0.09553
0.9904	-0.2792	0.09633
0.9903	-0.2785	0.09341
0.9963	-0.2795	0.09262
0.9968	-0.2814	0.09251
0.9904	-0.2864	0.09335
0.9899	-0.2875	0.09446
0.9996	-0.2857	0.09615
1.008	-0.2848	0.09656
1.006	-0.2823	0.09189
0.999	-0.2795	0.08682
0.9945	-0.2748	0.08752
0.9935	-0.2737	0.08832
0.9935	-0.2804	0.08933
0.994	-0.2834	0.09505
0.9944	-0.2827	0.09658
0.9939	-0.2842	0.09508
0.9943	-0.2835	0.09587
0.9951	-0.2815	0.09479
0.9961	-0.28	0.09552
0.9974	-0.2777	0.09843
0.9951	-0.2779	0.09973
0.9919	-0.2787	0.0979
0.9933	-0.2783	0.09156
0.991	-0.2818	0.086
1.001	-0.2839	0.08839
1.001	-0.2824	0.08696
0.9976	-0.2824	0.08681
0.9982	-0.2829	0.08908
0.9981	-0.2811	0.09556
0.9959	-0.2792	0.09962
0.9933	-0.2781	0.09266
0.9937	-0.2795	0.09152
0.9981	-0.2848	0.09536
0.9992	-0.2873	0.09338
0.9936	-0.2844	0.09536
0.992	-0.2839	0.09745
0.9962	-0.2835	0.09419
0.9966	-0.2796	0.09022
0.9959	-0.2769	0.08764
0.9967	-0.2765	0.09066
0.9965	-0.2805	0.09441
0.9967	-0.2838	0.09358
0.9957	-0.2806	0.09465
0.9953	-0.28	0.101
0.997	-0.2801	0.102
0.9979	-0.2762	0.09175
0.9968	-0.275	0.08674
0.993	-0.2753	0.0873
0.9907	-0.2769	0.08534
0.9924	-0.2854	0.09385
0.9948	-0.2904	0.09948
0.9975	-0.2863	0.09197
0.9979	-0.2858	0.09307
0.9974	-0.2858	0.09534
0.9984	-0.2821	0.09077
0.9982	-0.2824	0.08985
0.999	-0.2795	0.09078
0.9994	-0.2764	0.09672
0.9952	-0.2802	0.1003
0.9923	-0.281	0.09448
0.9931	-0.2809	0.09141
0.9955	-0.2794	0.08905
0.9986	-0.277	0.08913
0.9967	-0.2792	0.09537
0.9906	-0.2792	0.09621
0.9905	-0.2785	0.09334
0.9965	-0.2795	0.0926
0.9971	-0.2814	0.09253
0.9906	-0.2864	0.0934
0.9901	-0.2875	0.09453
0.9997	-0.2857	0.09623
1.008	-0.2848	0.09664
1.006	-0.2823	0.09196
0.999	-0.2795	0.08689
0.9944	-0.2748	0.08757
0.9934	-0.2737	0.08836
0.9934	-0.2804	0.08935
0.9939	-0.2834	0.09505
0.9943	-0.2827	0.09657
0.9939	-0.2842	0.09505
0.9942	-0.2835	0.09584
0.9951	-0.2815	0.09476
0.996	-0.28	0.09549
0.9974	-0.2777	0.09841
0.9951	-0.278	0.0997
0.992	-0.2787	0.09788
0.9933	-0.2783	0.09156
0.9957	-0.2808	0.08683
0.9976	-0.2819	0.08568
0.9988	-0.2808	0.08677
0.9978	-0.282	0.09246
0.9946	-0.2847	0.09507
0.994	-0.2854	0.09035
0.9989	-0.2836	0.08974
0.9998	-0.2846	0.09306
0.995	-0.2841	0.0914
0.9958	-0.2785	0.09
1.001	-0.2782	0.0935
1.001	-0.2824	0.1011
0.9944	-0.2831	0.1048
0.9919	-0.2814	0.09616
0.9944	-0.2801	0.09032
0.9934	-0.2782	0.09281
0.9926	-0.2751	0.09364
0.9946	-0.2761	0.09471
0.9949	-0.2787	0.09271
0.9956	-0.28	0.08989
0.9952	-0.2826	0.09093
0.9939	-0.2814	0.09082
0.9952	-0.2806	0.09259
0.9968	-0.2826	0.09482
0.997	-0.2817	0.09362
0.9961	-0.2838	0.08926
0.9986	-0.2869	0.08651
1.002	-0.2864	0.09101
1	-0.2851	0.09249
0.9967	-0.28	0.09196
0.9953	-0.2763	0.09403
0.9958	-0.2784	0.09384
0.9961	-0.2804	0.1001
0.994	-0.2823	0.1058
0.9938	-0.2828	0.1015
0.9937	-0.2803	0.09287
0.9931	-0.279	0.08352
0.9951	-0.2789	0.08417
0.995	-0.2792	0.08977
0.9943	-0.2804	0.09231
0.9946	-0.2809	0.09539
0.9933	-0.2803	0.09541
0.9934	-0.2806	0.09766
0.9968	-0.281	0.09748
1.002	-0.2782	0.09077
1.003	-0.2783	0.08939
0.9991	-0.2842	0.08982
0.998	-0.2858	0.09112
0.9972	-0.2841	0.09356
0.9953	-0.2849	0.09232
0.9956	-0.2839	0.09168
0.9949	-0.2831	0.0928
0.9929	-0.2824	0.09498
0.9925	-0.2775	0.09457
0.9929	-0.2756	0.09205
0.9937	-0.2791	0.09369
0.9956	-0.2808	0.09829
0.9977	-0.2815	0.1002
0.9964	-0.2832	0.09539
0.9929	-0.2816	0.09118
0.9937	-0.2782	0.08721
1	-0.278	0.08289
1.002	-0.2791	0.09141
0.9958	-0.28	0.09813
1	-0.2741	0.08683
0.9971	-0.2822	0.09138
0.9953	-0.2843	0.09475
0.9931	-0.2862	0.1004
0.99	-0.288	0.1015
0.99	-0.2873	0.09462
0.9961	-0.2839	0.09164
0.9982	-0.2835	0.09279
0.9946	-0.2821	0.0894
0.9964	-0.2759	0.08681
1.002	-0.2756	0.08969
1.002	-0.2799	0.09723
0.9964	-0.2812	0.1013
0.9938	-0.2802	0.09327
0.9961	-0.2796	0.08827
0.9947	-0.2784	0.09167
0.9934	-0.2758	0.09338
0.9949	-0.2773	0.09521
0.9949	-0.2801	0.0938
0.9952	-0.2815	0.09137
0.9946	-0.284	0.0926
0.9932	-0.2826	0.0925
0.9944	-0.2815	0.09412
0.996	-0.2832	0.09608
0.9963	-0.282	0.09454
0.9956	-0.2838	0.08983
0.9982	-0.2866	0.08672
1.002	-0.2859	0.09091
0.9999	-0.2846	0.09214
0.9968	-0.2794	0.09142
0.9955	-0.2757	0.09339
0.9961	-0.2779	0.09318
0.9964	-0.28	0.09944
0.9943	-0.282	0.1052
0.9941	-0.2826	0.1011
0.9939	-0.2802	0.09258
0.9933	-0.279	0.08336
0.9952	-0.279	0.08414
0.995	-0.2794	0.08986
0.9942	-0.2806	0.09248
0.9946	-0.2811	0.09561
0.9932	-0.2805	0.09565
0.9932	-0.2808	0.0979
0.9967	-0.2812	0.09769
1.002	-0.2783	0.09095
1.003	-0.2783	0.08952
0.999	-0.2843	0.0899
0.9979	-0.2858	0.09115
0.9972	-0.2841	0.09355
0.9953	-0.2848	0.09228
0.9957	-0.2838	0.0916
0.9949	-0.2831	0.09272
0.9929	-0.2823	0.09489
0.9925	-0.2775	0.09449
0.993	-0.2756	0.09198
0.9937	-0.2791	0.09364
0.9957	-0.2808	0.09825
0.9977	-0.2815	0.1002
0.9964	-0.2833	0.09538
0.9929	-0.2816	0.09119
0.9937	-0.2782	0.08723
1	-0.278	0.08292
1.002	-0.2791	0.09144
0.9958	-0.2801	0.09816
0.9936	-0.2809	0.09406
0.9971	-0.2803	0.09127
0.9993	-0.2809	0.08843
0.9999	-0.2841	0.09321
0.9947	-0.2865	0.09788
0.9899	-0.2874	0.09438
0.9927	-0.2859	0.09685
0.9969	-0.2803	0.09561
1.001	-0.2766	0.09286
0.9979	-0.278	0.09447
0.9897	-0.2783	0.09031
0.9895	-0.2782	0.09181
0.9941	-0.2799	0.09559
0.9978	-0.2808	0.09409
0.9988	-0.2824	0.09303
0.9963	-0.2836	0.09021
0.9958	-0.2835	0.09059
0.9977	-0.2833	0.09217
1.001	-0.2806	0.09285
1	-0.2781	0.09423
0.9944	-0.279	0.09199
0.9927	-0.279	0.09197
0.9959	-0.2768	0.09407
0.9977	-0.278	0.09512
0.9959	-0.2843	0.09537
0.994	-0.2858	0.09337
0.994	-0.2816	0.09333
0.9958	-0.2817	0.09361
0.9963	-0.2853	0.09249
0.9927	-0.2874	0.09351
0.9921	-0.2865	0.09432
0.9966	-0.2813	0.08894
0.9982	-0.2753	0.08489
0.9974	-0.274	0.08991
0.9974	-0.2753	0.08965
0.9973	-0.2777	0.09112
0.9964	-0.2818	0.1048
0.9962	-0.2819	0.1064
0.9972	-0.2796	0.09647
0.9973	-0.2808	0.09276
0.9958	-0.2823	0.0915
0.9942	-0.2835	0.08881
0.994	-0.2835	0.0893
0.995	-0.2835	0.0927
0.9949	-0.2857	0.09341
0.9933	-0.2847	0.09354
0.9934	-0.2824	0.09263
0.9984	-0.2812	0.08912
1.004	-0.2792	0.0901
1.002	-0.2799	0.09576
0.995	-0.2799	0.09925
0.9914	-0.2765	0.09683
0.9922	-0.2753	0.09319
0.9921	-0.2769	0.09181
0.9936	-0.2789	0.09079
0.9967	-0.281	0.09008
0.9961	-0.2831	0.09
0.9969	-0.2841	0.09171
0.9986	-0.2841	0.09267
0.9975	-0.2852	0.09378
0.9973	-0.2841	0.09462
0.9951	-0.2793	0.09181
0.9944	-0.277	0.09206
0.9974	-0.2811	0.09313
0.9932	-0.289	0.09967
0.9969	-0.2813	0.09425
0.9993	-0.2778	0.08946
1	-0.2792	0.09287
0.9949	-0.2813	0.09668
0.9903	-0.2828	0.09273
0.9932	-0.2826	0.09508
0.9973	-0.2784	0.09396
1.001	-0.2761	0.09148
0.9982	-0.2786	0.09346
0.9899	-0.2798	0.0897
0.9896	-0.2803	0.09157
0.9941	-0.2822	0.09569
0.9978	-0.283	0.09444
0.9986	-0.2843	0.09355
0.9961	-0.2851	0.09083
0.9956	-0.2844	0.09122
0.9975	-0.2837	0.09275
1.001	-0.2805	0.09334
0.9999	-0.2777	0.09459
0.9943	-0.2782	0.09221
0.9926	-0.2781	0.09206
0.9959	-0.2758	0.09404
0.9977	-0.277	0.09499
0.996	-0.2835	0.09518
0.994	-0.2852	0.09314
0.994	-0.2811	0.09309
0.9959	-0.2814	0.09339
0.9964	-0.2853	0.09229
0.9927	-0.2876	0.09336
0.9922	-0.2867	0.09421
0.9966	-0.2816	0.08888
0.9982	-0.2757	0.08488
0.9974	-0.2744	0.08995
0.9974	-0.2756	0.08971
0.9973	-0.2779	0.0912
0.9964	-0.282	0.1049
0.9961	-0.2821	0.1065
0.9972	-0.2797	0.09655
0.9973	-0.2808	0.09282
0.9958	-0.2822	0.09154
0.9942	-0.2834	0.08884
0.994	-0.2834	0.08931
0.995	-0.2834	0.0927
0.9949	-0.2856	0.09339
0.9933	-0.2846	0.09351
0.9935	-0.2823	0.0926
0.9984	-0.2812	0.08909
1.004	-0.2792	0.09007
1.002	-0.2798	0.09573
0.995	-0.2799	0.09923
0.9914	-0.2765	0.09682
0.9922	-0.2754	0.09318
0.9921	-0.277	0.09181
0.9936	-0.279	0.0908
0.9967	-0.281	0.09009
0.9961	-0.2832	0.09001
0.9969	-0.2842	0.09172
0.9986	-0.2841	0.09268
0.9975	-0.2852	0.09379
0.9973	-0.2841	0.09463
0.9951	-0.2792	0.09182
0.9944	-0.277	0.09207
0.9974	-0.2811	0.09313
0.9974	-0.2866	0.09413
0.9963	-0.287	0.09809
0.9952	-0.2818	0.09608
0.9939	-0.2748	0.09307
0.9945	-0.2738	0.09423
0.9956	-0.279	0.09227
0.9964	-0.2816	0.09092
0.996	-0.282	0.09165
0.9969	-0.2834	0.09199
0.9985	-0.2826	0.09658
0.9969	-0.2812	0.0976
0.9951	-0.2819	0.08934
0.9946	-0.2818	0.08782
0.9945	-0.2799	0.09316
0.994	-0.2795	0.09303
0.9942	-0.2805	0.09319
0.9965	-0.2804	0.09616
0.9968	-0.2806	0.09548
0.9958	-0.2814	0.09127
0.9952	-0.2816	0.08888
0.9953	-0.2817	0.09
0.9987	-0.2823	0.09237
1	-0.2829	0.09751
0.9982	-0.2827	0.1005
0.9961	-0.2821	0.09342
0.9917	-0.2799	0.08334
0.9892	-0.2771	0.0824
0.9947	-0.2782	0.09321
0.9999	-0.2835	0.1036
0.9991	-0.2854	0.1035
0.9978	-0.2807	0.09996
0.9972	-0.2791	0.0942
0.9963	-0.2818	0.08805
0.9955	-0.2805	0.08946
0.9953	-0.2808	0.09293
0.9953	-0.2825	0.09358
0.9918	-0.2813	0.09002
0.9914	-0.2827	0.08627
0.9996	-0.2822	0.09078
1.002	-0.2773	0.0947
0.9951	-0.2749	0.0933
0.9898	-0.2769	0.09363
0.9892	-0.2823	0.09608
0.9921	-0.2844	0.09562
0.9969	-0.2815	0.09163
1.001	-0.2814	0.09074
1.001	-0.2844	0.08798
1.001	-0.284	0.08678
0.9999	-0.2808	0.09697
0.9977	-0.2804	0.1027
0.9979	-0.2823	0.09941
1.002	-0.2841	0.09339
1	-0.2826	0.08788
0.9901	-0.28	0.09305
0.9854	-0.2806	0.09916
0.9893	-0.2811	0.09776
0.9888	-0.2811	0.09687
0.9897	-0.2812	0.09278
0.9933	-0.2796	0.08626
0.9947	-0.278	0.08707
1.001	-0.2773	0.09055
1.001	-0.2782	0.09044
0.9983	-0.2781	0.09152
1.007	-0.2791	0.0915
1.01	-0.2927	0.08398
1	-0.2873	0.09499
0.9937	-0.2798	0.09725
0.9893	-0.2727	0.09648
0.9887	-0.2726	0.09844
0.9899	-0.2793	0.09633
0.9916	-0.2832	0.09428
0.9924	-0.2845	0.09404
0.9949	-0.2865	0.09334
0.9979	-0.2857	0.09697
0.9975	-0.2839	0.09722
0.9966	-0.2839	0.0884
0.9967	-0.283	0.08655
0.9968	-0.2803	0.09177
0.9962	-0.2791	0.0917
0.9962	-0.2794	0.09206
0.9981	-0.2788	0.0953
0.9978	-0.2788	0.09493
0.9963	-0.2795	0.09104
0.9952	-0.2798	0.08893
0.9949	-0.2802	0.09028
0.998	-0.2812	0.0928
0.9993	-0.2822	0.09804
0.9972	-0.2824	0.1011
0.9952	-0.2821	0.09394
0.9908	-0.2803	0.08379
0.9886	-0.2777	0.08273
0.9942	-0.2789	0.09342
0.9996	-0.2843	0.1037
0.999	-0.2862	0.1035
0.9979	-0.2813	0.09985
0.9974	-0.2797	0.09404
0.9966	-0.2822	0.08784
0.9959	-0.2808	0.08923
0.9957	-0.2809	0.09272
0.9957	-0.2824	0.09338
0.9921	-0.2811	0.08987
0.9917	-0.2824	0.08616
0.9997	-0.2819	0.09071
1.002	-0.2771	0.09468
0.9951	-0.2746	0.09332
0.9897	-0.2767	0.09368
0.9891	-0.2821	0.09615
0.992	-0.2843	0.0957
0.9968	-0.2815	0.09171
1	-0.2814	0.09082
1.001	-0.2845	0.08804
1.001	-0.2841	0.08683
0.9999	-0.2809	0.097
0.9976	-0.2805	0.1027
0.9979	-0.2824	0.09941
1.002	-0.2842	0.09337
1	-0.2826	0.08785
0.9901	-0.2801	0.09302
0.9854	-0.2807	0.09913
0.9894	-0.2811	0.09773
0.9889	-0.2811	0.09684
0.9898	-0.2811	0.09276
0.9933	-0.2795	0.08624
0.9947	-0.2779	0.08706
1.001	-0.2773	0.09055
1.001	-0.2782	0.09045
0.9983	-0.2781	0.09153
1.007	-0.2791	0.09151
1.01	-0.2847	0.08857
1.002	-0.2884	0.08952
0.9945	-0.2882	0.09332
0.991	-0.2855	0.09901
0.9926	-0.2783	0.09942
0.9882	-0.2712	0.09063
0.9849	-0.2713	0.09166
0.9883	-0.2757	0.1015
0.9853	-0.2757	0.1056
0.9866	-0.2772	0.1033
0.9951	-0.2887	0.09372
1.004	-0.2949	0.08832
1.01	-0.2908	0.09031
1.006	-0.2922	0.08582
1.003	-0.2904	0.07708
1.002	-0.2803	0.0784
0.9977	-0.282	0.08882
1.001	-0.2869	0.09352
0.9978	-0.282	0.09538
0.9921	-0.2735	0.0994
0.9935	-0.2669	0.09759
0.9898	-0.2709	0.09596
0.9889	-0.2716	0.09842
0.9895	-0.2653	0.0998
0.9893	-0.2707	0.1003
0.9931	-0.2764	0.09862
0.9951	-0.2805	0.09652
0.9982	-0.2898	0.09496
0.9986	-0.2928	0.09095
0.9988	-0.2939	0.08683
1	-0.2951	0.08478
0.9959	-0.2925	0.08311
0.9965	-0.2865	0.08619
0.9979	-0.2773	0.09635
0.9932	-0.2739	0.09985
0.9933	-0.2752	0.09377
0.9923	-0.2779	0.09305
0.9902	-0.2828	0.09393
0.9957	-0.2819	0.09004
1.002	-0.278	0.08985
1.006	-0.2787	0.09039
1.005	-0.2829	0.0904
0.9974	-0.2846	0.09301
0.9911	-0.2807	0.09491
0.9943	-0.2794	0.1013
0.9976	-0.2804	0.106
0.9989	-0.2793	0.09987
0.9977	-0.2805	0.09284
0.9894	-0.281	0.08691
0.9846	-0.2803	0.08411
0.9911	-0.2829	0.08838
1.001	-0.283	0.09246
1.003	-0.2791	0.09467
0.9945	-0.2784	0.09421
0.9924	-0.2804	0.09331
0.9985	-0.2777	0.09501
0.9998	-0.2751	0.09434
0.9959	-0.2774	0.09369
0.9886	-0.2776	0.0923
0.9842	-0.2786	0.09124
0.987	-0.2815	0.09686
0.9908	-0.2835	0.0974
0.9977	-0.2899	0.09137
1.002	-0.2911	0.09187
1.004	-0.2967	0.08494
1.009	-0.2954	0.08462
1.007	-0.2903	0.08865
1.005	-0.2832	0.09544
1.004	-0.2727	0.09729
0.9961	-0.2636	0.08996
0.9886	-0.2628	0.09224
0.988	-0.2674	0.103
0.9818	-0.2685	0.1077
0.9809	-0.2716	0.1055
0.9882	-0.285	0.09584
0.9964	-0.2933	0.0901
1.004	-0.291	0.0916
1.001	-0.2939	0.08657
0.9995	-0.2932	0.07728
1	-0.2839	0.07812
0.9972	-0.2858	0.08816
1.002	-0.2906	0.09261
0.9999	-0.2852	0.09434
0.995	-0.276	0.09836
0.9967	-0.2686	0.09663
0.993	-0.2718	0.09516
0.9918	-0.2718	0.09784
0.9919	-0.2648	0.09945
0.9911	-0.2698	0.1001
0.9941	-0.2751	0.0987
0.9956	-0.2791	0.09675
0.998	-0.2884	0.09532
0.9979	-0.2914	0.09136
0.9978	-0.2928	0.08726
0.9991	-0.2942	0.08519
0.9946	-0.292	0.08346
0.9953	-0.2863	0.08647
0.9969	-0.2773	0.09654
0.9924	-0.2742	0.09995
0.9927	-0.2756	0.09379
0.992	-0.2784	0.093
0.9901	-0.2833	0.09382
0.9959	-0.2824	0.0899
1.003	-0.2785	0.08969
1.006	-0.2791	0.09024
1.006	-0.2831	0.09026
0.9979	-0.2847	0.09289
0.9915	-0.2808	0.09482
0.9946	-0.2793	0.1012
0.9978	-0.2802	0.1059
0.999	-0.2792	0.09988
0.9978	-0.2803	0.09287
0.9894	-0.2808	0.08695
0.9845	-0.2801	0.08416
0.9909	-0.2827	0.08844
1.001	-0.2829	0.09252
1.003	-0.2791	0.09472
0.9944	-0.2784	0.09425
0.9922	-0.2804	0.09333
0.9984	-0.2777	0.09502
0.9998	-0.2751	0.09434
0.9959	-0.2775	0.09368
0.9886	-0.2777	0.09228
0.9843	-0.2787	0.09122
0.9871	-0.2816	0.09684
0.9909	-0.2835	0.09738
0.9978	-0.2899	0.09135
1.002	-0.2911	0.09186
1.001	-0.2895	0.09217
1.005	-0.2931	0.0853
1.01	-0.2883	0.0844
1.009	-0.2823	0.0931
1.006	-0.2817	0.0958
0.9943	-0.2766	0.09329
0.986	-0.2732	0.09315
0.9908	-0.2724	0.09228
0.9928	-0.2727	0.09403
0.9921	-0.2762	0.09504
0.9925	-0.2787	0.09465
0.9905	-0.2794	0.09937
0.9908	-0.2775	0.1017
0.9906	-0.2762	0.09982
0.9887	-0.2764	0.09706
0.9915	-0.2764	0.09287
0.9976	-0.2815	0.0901
1.004	-0.2874	0.0895
1.006	-0.2919	0.08901
1.001	-0.2953	0.08896
0.9942	-0.2895	0.09174
0.9943	-0.2819	0.09036
0.9977	-0.2785	0.08412
0.9964	-0.2753	0.08632
0.9896	-0.2772	0.0944
0.989	-0.2804	0.09967
0.9993	-0.2811	0.09964
1.005	-0.2829	0.09459
1	-0.2831	0.09111
1.001	-0.2859	0.08699
1	-0.2884	0.08469
0.9956	-0.2818	0.09249
0.9952	-0.2757	0.09849
0.9926	-0.2746	0.1008
0.9923	-0.274	0.1048
0.9952	-0.2737	0.09842
0.9929	-0.273	0.09315
0.9905	-0.2757	0.09705
0.9899	-0.2799	0.09281
0.9915	-0.2819	0.08955
0.9917	-0.2849	0.08938
0.992	-0.2876	0.08521
0.9995	-0.29	0.08873
1.002	-0.2905	0.09404
1.002	-0.2871	0.0931
1.007	-0.2856	0.08683
1.005	-0.2846	0.08435
0.998	-0.2825	0.09377
0.9941	-0.2791	0.0962
0.9916	-0.2729	0.09416
0.9928	-0.2712	0.0997
0.9954	-0.2732	0.1002
0.9942	-0.274	0.09875
0.9878	-0.2795	0.0963
0.9868	-0.2836	0.09017
0.9973	-0.2818	0.08953
1.004	-0.2838	0.09086
1.004	-0.287	0.09329
0.9993	-0.2873	0.09623
0.9905	-0.2855	0.09456
0.9888	-0.2776	0.09378
0.9924	-0.2711	0.09068
0.9898	-0.2741	0.08788
0.9928	-0.2824	0.09303
0.9934	-0.2783	0.1012
0.9994	-0.2897	0.09047
1.007	-0.2903	0.08622
1.008	-0.2875	0.09235
1.007	-0.2885	0.09331
0.9963	-0.2837	0.08988
0.9891	-0.2796	0.08952
0.9944	-0.2775	0.08898
0.9965	-0.2762	0.09144
0.9954	-0.2781	0.09336
0.9952	-0.279	0.09394
0.9924	-0.2784	0.09957
0.9919	-0.2757	0.1027
0.9908	-0.2738	0.1013
0.9883	-0.2737	0.09887
0.9906	-0.2738	0.09476
0.9962	-0.2792	0.09189
1.003	-0.2855	0.09104
1.005	-0.2906	0.09018
0.9992	-0.2946	0.08973
0.993	-0.2894	0.09209
0.9934	-0.2822	0.09033
0.9972	-0.2792	0.08377
0.9962	-0.2762	0.08573
0.9897	-0.2782	0.09366
0.9893	-0.2814	0.09888
0.9998	-0.282	0.09887
1.005	-0.2837	0.09391
1.001	-0.2837	0.09055
1.002	-0.2862	0.08659
1.001	-0.2886	0.08445
0.996	-0.2818	0.09242
0.9954	-0.2755	0.09855
0.9928	-0.2743	0.101
0.9924	-0.2737	0.1051
0.9951	-0.2733	0.0987
0.9927	-0.2727	0.09344
0.9903	-0.2754	0.09732
0.9897	-0.2796	0.09304
0.9913	-0.2817	0.08973
0.9915	-0.2848	0.0895
0.9918	-0.2876	0.08526
0.9993	-0.29	0.08873
1.002	-0.2906	0.094
1.002	-0.2873	0.09303
1.007	-0.2858	0.08673
1.005	-0.2847	0.08425
0.9981	-0.2826	0.09367
0.9942	-0.2792	0.09611
0.9917	-0.273	0.09409
0.9928	-0.2713	0.09965
0.9954	-0.2732	0.1002
0.9943	-0.274	0.09874
0.9878	-0.2795	0.09631
0.9868	-0.2836	0.09019
0.9973	-0.2818	0.08956
1.004	-0.2838	0.0909
1.004	-0.2869	0.09333
0.9993	-0.2872	0.09627
0.9905	-0.2855	0.09459
0.9888	-0.2776	0.0938
0.9924	-0.2711	0.0907
0.9898	-0.2741	0.08789
0.9928	-0.2824	0.09303
0.9994	-0.2875	0.09502
0.9993	-0.2857	0.09344
0.9998	-0.2858	0.09319
1.002	-0.2868	0.09253
1.002	-0.2836	0.0934
1	-0.2828	0.08968
0.9988	-0.2796	0.08432
0.998	-0.2763	0.0869
0.9946	-0.2771	0.0933
0.9918	-0.2758	0.0979
0.9884	-0.2782	0.09924
0.9878	-0.2814	0.1013
0.994	-0.2808	0.09921
1.001	-0.2833	0.09139
1.003	-0.2837	0.09178
0.9923	-0.2802	0.09238
0.9875	-0.2781	0.08979
0.9943	-0.2778	0.09344
0.9959	-0.279	0.09396
0.9968	-0.2805	0.09554
0.9968	-0.2823	0.09809
0.9939	-0.2813	0.09231
0.9976	-0.2802	0.08814
1	-0.2826	0.08681
0.9993	-0.285	0.0904
0.9983	-0.2866	0.09823
0.9958	-0.2845	0.09704
0.9969	-0.2828	0.09179
0.9974	-0.2839	0.08969
0.9965	-0.2817	0.08869
0.9969	-0.2808	0.08834
0.994	-0.2807	0.09221
0.9913	-0.279	0.09815
0.9909	-0.2785	0.09596
0.995	-0.2775	0.09354
1.001	-0.2782	0.09553
0.9985	-0.2793	0.0934
0.9955	-0.2794	0.09198
0.9948	-0.2804	0.09316
0.9952	-0.2805	0.0966
0.9965	-0.2809	0.09843
0.9946	-0.2807	0.09192
0.9949	-0.2802	0.08977
0.9957	-0.2822	0.09358
0.9947	-0.284	0.0944
0.9969	-0.2861	0.09379
0.997	-0.2873	0.08625
0.9964	-0.2825	0.08279
0.9969	-0.276	0.09365
0.996	-0.2755	0.09657
0.9975	-0.2797	0.093
0.9981	-0.2815	0.09731
0.996	-0.281	0.09915
0.9942	-0.2807	0.09762
0.9938	-0.2798	0.09326
0.9948	-0.2815	0.08828
0.9951	-0.2844	0.09263
0.9955	-0.2845	0.09673
0.996	-0.2839	0.09498
0.9966	-0.2817	0.08954
0.9981	-0.2789	0.08523
0.9972	-0.2792	0.09081
0.9952	-0.2796	0.09322
0.9947	-0.2795	0.09198
0.9987	-0.2783	0.09315
0.9936	-0.2792	0.09597
0.9923	-0.2818	0.09769
0.9949	-0.2849	0.09731
0.9968	-0.2835	0.09738
0.9968	-0.284	0.0923
0.9975	-0.2817	0.08538
0.9988	-0.2789	0.08651
0.9969	-0.2798	0.09174
0.9952	-0.2784	0.09552
0.9922	-0.2803	0.09645
0.9916	-0.2829	0.09845
0.9973	-0.2818	0.09664
1.004	-0.2838	0.0893
1.004	-0.2836	0.09031
0.9932	-0.2797	0.09158
0.9875	-0.2773	0.08964
0.9936	-0.2768	0.09385
0.9947	-0.278	0.0948
0.9953	-0.2795	0.09666
0.9952	-0.2814	0.09935
0.9922	-0.2806	0.09358
0.9961	-0.2798	0.0893
0.9989	-0.2823	0.08777
0.9984	-0.285	0.09111
0.9978	-0.2867	0.09866
0.9957	-0.2847	0.09721
0.9971	-0.2832	0.09172
0.9978	-0.2843	0.08944
0.997	-0.2821	0.0883
0.9976	-0.2811	0.08787
0.9946	-0.2809	0.09172
0.9919	-0.2792	0.09768
0.9914	-0.2786	0.09556
0.9954	-0.2776	0.09322
1.001	-0.2782	0.09531
0.9986	-0.2792	0.09328
0.9955	-0.2793	0.09196
0.9947	-0.2803	0.09322
0.995	-0.2803	0.09672
0.9963	-0.2807	0.09859
0.9943	-0.2806	0.09209
0.9946	-0.2801	0.08995
0.9955	-0.2822	0.09374
0.9945	-0.2839	0.09453
0.9968	-0.2861	0.09389
0.997	-0.2873	0.08631
0.9964	-0.2826	0.08282
0.9969	-0.276	0.09365
0.9961	-0.2756	0.09654
0.9976	-0.2798	0.09295
0.9982	-0.2815	0.09725
0.9961	-0.2811	0.09909
0.9943	-0.2807	0.09755
0.9938	-0.2799	0.0932
0.9949	-0.2815	0.08824
0.9952	-0.2844	0.0926
0.9955	-0.2845	0.09671
0.996	-0.2839	0.09497
0.9966	-0.2817	0.08955
0.9981	-0.2788	0.08525
0.9972	-0.2792	0.09083
0.9951	-0.2796	0.09325
0.9946	-0.2794	0.092
0.9954	-0.2806	0.09483
0.996	-0.2808	0.09381
0.9955	-0.2819	0.09515
0.996	-0.2822	0.09565
0.9959	-0.2804	0.09357
0.9945	-0.2818	0.09597
0.9954	-0.2823	0.09402
0.9988	-0.279	0.09371
1.001	-0.2779	0.09549
0.9967	-0.2792	0.09281
0.9911	-0.2819	0.0923
0.9918	-0.2848	0.08902
0.9964	-0.2845	0.08753
0.9988	-0.282	0.09245
0.9963	-0.2793	0.09411
0.9951	-0.2785	0.09336
0.9962	-0.2803	0.09232
0.9951	-0.2819	0.09274
0.9956	-0.2818	0.09457
0.9961	-0.2813	0.09499
0.995	-0.2819	0.09599
0.9957	-0.2826	0.09462
0.9962	-0.2836	0.0914
0.9977	-0.2859	0.09075
0.998	-0.2848	0.08977
0.9962	-0.2783	0.09223
0.9965	-0.2757	0.09835
0.9961	-0.2779	0.09717
0.9948	-0.276	0.09302
0.9947	-0.2752	0.09222
0.9948	-0.2789	0.09097
0.9951	-0.2803	0.09042
0.9952	-0.2822	0.09184
0.9958	-0.2841	0.09573
0.9964	-0.2836	0.09683
0.9965	-0.2846	0.09347
0.9961	-0.2855	0.09351
0.9956	-0.2856	0.09285
0.9961	-0.2839	0.09059
0.9962	-0.2821	0.09048
0.9964	-0.2828	0.09076
0.9968	-0.2806	0.09187
0.9956	-0.2777	0.08793
0.995	-0.2771	0.08667
0.9953	-0.2772	0.09674
0.9952	-0.2773	0.1018
0.9959	-0.277	0.09972
0.9976	-0.279	0.09793
0.9985	-0.2798	0.09536
0.9969	-0.281	0.0954
0.9949	-0.2852	0.09399
0.995	-0.286	0.08853
0.9956	-0.2874	0.08729
0.9956	-0.288	0.08924
0.9938	-0.2815	0.08726
0.9939	-0.2753	0.08701
0.9984	-0.2745	0.09498
0.9988	-0.2781	0.1002
0.9936	-0.2821	0.09908
0.9926	-0.2844	0.09995
0.9966	-0.2847	0.097
0.9979	-0.2799	0.08998
0.9969	-0.2771	0.0874
0.9971	-0.2796	0.08613
0.9951	-0.279	0.0952
0.996	-0.2811	0.09168
0.9955	-0.2832	0.0921
0.996	-0.2839	0.09271
0.9959	-0.2821	0.09136
0.9943	-0.2832	0.09478
0.9952	-0.2831	0.09387
0.9985	-0.2793	0.09449
1	-0.2777	0.09695
0.9965	-0.2786	0.09468
0.991	-0.2811	0.09431
0.9916	-0.2838	0.09093
0.9964	-0.2835	0.08915
0.9988	-0.2811	0.09366
0.9964	-0.2785	0.09486
0.9952	-0.278	0.09364
0.9963	-0.28	0.09218
0.9952	-0.2818	0.09225
0.9957	-0.2819	0.09383
0.9962	-0.2816	0.09411
0.9951	-0.2822	0.09508
0.9957	-0.283	0.09376
0.9962	-0.284	0.09066
0.9977	-0.2863	0.09018
0.998	-0.2851	0.08938
0.9962	-0.2785	0.09204
0.9965	-0.2759	0.09834
0.9961	-0.278	0.09731
0.9948	-0.276	0.09327
0.9946	-0.2751	0.09254
0.9948	-0.2788	0.09132
0.9951	-0.2802	0.09076
0.9952	-0.2821	0.09215
0.9958	-0.284	0.09598
0.9964	-0.2834	0.09701
0.9965	-0.2845	0.09358
0.9961	-0.2855	0.09355
0.9956	-0.2856	0.09283
0.9961	-0.2839	0.09052
0.9962	-0.2821	0.09038
0.9964	-0.2828	0.09063
0.9969	-0.2806	0.09174
0.9956	-0.2777	0.08781
0.995	-0.2772	0.08656
0.9953	-0.2773	0.09666
0.9952	-0.2774	0.1017
0.9959	-0.2771	0.09969
0.9976	-0.279	0.09792
0.9985	-0.2798	0.09538
0.9968	-0.281	0.09543
0.9949	-0.2852	0.09403
0.995	-0.286	0.08857
0.9956	-0.2874	0.08734
0.9956	-0.288	0.08928
0.9938	-0.2815	0.08729
0.9939	-0.2753	0.08704
0.9984	-0.2745	0.095
0.9988	-0.2781	0.1002
0.9936	-0.2821	0.09908
0.9926	-0.2844	0.09994
0.9966	-0.2847	0.09698
0.9979	-0.2799	0.08997
0.9969	-0.2771	0.08738
0.9971	-0.2796	0.08611
0.996	-0.2789	0.08901
0.9944	-0.2787	0.09597
0.9949	-0.2829	0.09854
0.9965	-0.2846	0.09798
0.9982	-0.2844	0.09279
0.9975	-0.2829	0.08818
0.9947	-0.2813	0.08949
0.9936	-0.284	0.08664
0.9947	-0.2845	0.08772
0.9953	-0.2813	0.09702
0.9961	-0.2787	0.09938
0.9973	-0.2753	0.09802
0.9962	-0.2746	0.09598
0.9956	-0.2771	0.09247
0.9968	-0.2787	0.09325
0.9969	-0.2811	0.094
0.9963	-0.2839	0.09709
0.9943	-0.2848	0.1012
0.9945	-0.2854	0.09417
0.9975	-0.2848	0.08507
0.9964	-0.2831	0.08465
0.9943	-0.2827	0.08853
0.9943	-0.2821	0.09194
0.9947	-0.2822	0.0917
0.997	-0.2813	0.09254
0.9966	-0.2766	0.09543
0.9958	-0.2751	0.09631
0.9993	-0.2765	0.09657
1	-0.2774	0.0943
0.9979	-0.2802	0.09292
0.9961	-0.283	0.09359
0.994	-0.2849	0.0911
0.9927	-0.2853	0.09056
0.9926	-0.2835	0.09171
0.9936	-0.2827	0.09119
0.9947	-0.2821	0.09235
0.995	-0.2809	0.09557
0.996	-0.2806	0.09976
0.9964	-0.2802	0.09849
0.9957	-0.2799	0.09028
0.9964	-0.28	0.08768
0.9967	-0.28	0.09338
0.9967	-0.2803	0.09587
0.9989	-0.2805	0.09377
0.9998	-0.2807	0.09216
0.9991	-0.2813	0.08967
0.9981	-0.2821	0.08983
0.9947	-0.282	0.09361
0.992	-0.2799	0.09689
0.993	-0.2794	0.09703
0.9953	-0.2821	0.08852
0.9955	-0.2832	0.08483
0.9936	-0.2829	0.09297
0.993	-0.2831	0.09458
0.9941	-0.2795	0.09536
0.9977	-0.2759	0.1002
0.9995	-0.278	0.09846
0.9962	-0.2818	0.09693
0.9955	-0.2836	0.09301
0.997	-0.2829	0.08779
0.9965	-0.2828	0.091
0.9966	-0.2848	0.09056
0.9947	-0.284	0.08758
0.9928	-0.2803	0.09015
0.9976	-0.2787	0.08995
0.9961	-0.276	0.09787
0.9965	-0.2791	0.1006
0.9977	-0.2809	0.09968
0.9989	-0.2814	0.0939
0.9979	-0.2808	0.08862
0.9946	-0.2803	0.08932
0.9933	-0.284	0.08598
0.9941	-0.2853	0.08674
0.9946	-0.2827	0.09589
0.9954	-0.2804	0.09825
0.9966	-0.2771	0.09702
0.9957	-0.2762	0.09519
0.9953	-0.2784	0.09194
0.9966	-0.2797	0.093
0.9968	-0.2817	0.09401
0.9963	-0.284	0.09732
0.9945	-0.2847	0.1016
0.9947	-0.285	0.09466
0.9978	-0.2842	0.0856
0.9967	-0.2824	0.08516
0.9946	-0.2819	0.08898
0.9945	-0.2814	0.0923
0.9949	-0.2816	0.09195
0.9971	-0.2808	0.09268
0.9966	-0.2763	0.09546
0.9958	-0.2749	0.09625
0.9992	-0.2766	0.09644
1	-0.2776	0.09411
0.9978	-0.2805	0.09271
0.996	-0.2833	0.09338
0.9939	-0.2852	0.09091
0.9926	-0.2856	0.0904
0.9925	-0.2838	0.09159
0.9936	-0.2829	0.09111
0.9947	-0.2822	0.09231
0.995	-0.281	0.09558
0.996	-0.2806	0.0998
0.9965	-0.2801	0.09855
0.9957	-0.2798	0.09035
0.9964	-0.2799	0.08776
0.9968	-0.2799	0.09345
0.9967	-0.2802	0.09593
0.999	-0.2804	0.09382
0.9999	-0.2807	0.09219
0.9991	-0.2812	0.08969
0.9981	-0.282	0.08984
0.9947	-0.282	0.0936
0.992	-0.2799	0.09688
0.993	-0.2794	0.09701
0.9953	-0.2822	0.08849
0.9955	-0.2833	0.08481
0.9936	-0.283	0.09294
0.993	-0.2832	0.09455
0.9941	-0.2796	0.09535
0.9977	-0.2759	0.1002
0.9995	-0.278	0.09845
0.9962	-0.2818	0.09693
0.9955	-0.2836	0.09302
0.997	-0.2829	0.0878
0.9965	-0.2828	0.09101
0.9966	-0.2848	0.09057
0.9947	-0.2839	0.08758
0.9928	-0.2803	0.09015
0.996	-0.2772	0.09356
0.9989	-0.2766	0.09896
0.9988	-0.2793	0.09752
0.9971	-0.2816	0.08867
0.9952	-0.2827	0.08794
0.9956	-0.2827	0.09399
0.9955	-0.2813	0.09686
0.9949	-0.2818	0.09526
0.9957	-0.2818	0.09588
0.9949	-0.2797	0.09473
0.9945	-0.279	0.09092
0.9946	-0.2799	0.09351
0.9949	-0.2808	0.09426
0.9969	-0.2813	0.0926
0.9972	-0.281	0.09137
0.9979	-0.2811	0.08807
0.9984	-0.283	0.09051
0.9954	-0.2837	0.09311
0.9945	-0.2825	0.09363
0.9946	-0.2821	0.09537
0.9947	-0.2811	0.09521
0.9969	-0.2792	0.09637
0.997	-0.2797	0.09512
0.9961	-0.282	0.09287
0.9959	-0.2824	0.09305
0.9952	-0.2819	0.09235
0.9955	-0.2814	0.09143
0.9962	-0.2785	0.08879
0.9967	-0.2777	0.08925
0.9957	-0.2795	0.09218
0.9931	-0.2794	0.09333
0.9935	-0.2799	0.09495
0.9967	-0.2806	0.0954
0.9976	-0.2815	0.09979
0.9969	-0.285	0.1025
0.9966	-0.2859	0.09596
0.9964	-0.2834	0.08911
0.9979	-0.2816	0.08458
0.9995	-0.2809	0.08548
0.997	-0.2799	0.08945
0.993	-0.28	0.09237
0.9916	-0.2813	0.09552
0.9936	-0.2798	0.09437
0.9967	-0.2799	0.09498
0.9972	-0.2817	0.09713
0.996	-0.2793	0.09558
0.9949	-0.2791	0.09527
0.9955	-0.2805	0.09317
0.9977	-0.2809	0.09095
0.9972	-0.2832	0.0907
0.9947	-0.2824	0.09038
0.9946	-0.2829	0.09182
0.9971	-0.2844	0.09181
0.9977	-0.2807	0.09054
0.9954	-0.2783	0.091
0.995	-0.2778	0.09631
0.9957	-0.2798	0.1021
0.9947	-0.2819	0.0996
0.9953	-0.2807	0.0938
0.9964	-0.2816	0.08957
0.9966	-0.2819	0.08984
0.9966	-0.2807	0.0917
0.9966	-0.2824	0.08991
0.9968	-0.2827	0.09154
0.9947	-0.2831	0.09077
0.9971	-0.2801	0.09691
0.9971	-0.2809	0.09623
0.9957	-0.2818	0.08806
0.9942	-0.2821	0.08787
0.995	-0.2814	0.09432
0.9954	-0.2797	0.09742
0.9952	-0.2802	0.09591
0.9962	-0.2805	0.09652
0.9956	-0.2787	0.09528
0.9953	-0.2783	0.09131
0.9953	-0.2796	0.09373
0.9955	-0.2808	0.09432
0.9974	-0.2816	0.09251
0.9975	-0.2815	0.09117
0.9981	-0.2817	0.08779
0.9984	-0.2836	0.0902
0.9952	-0.2843	0.0928
0.9942	-0.283	0.09335
0.9943	-0.2825	0.09514
0.9944	-0.2814	0.09505
0.9966	-0.2793	0.09628
0.9967	-0.2797	0.0951
0.9959	-0.2819	0.0929
0.9958	-0.2822	0.09314
0.9951	-0.2817	0.09247
0.9955	-0.2811	0.09156
0.9963	-0.2783	0.08893
0.9968	-0.2775	0.08938
0.9958	-0.2794	0.09229
0.9932	-0.2793	0.09341
0.9936	-0.2798	0.095
0.9968	-0.2806	0.09543
0.9977	-0.2816	0.09979
0.997	-0.285	0.1025
0.9967	-0.286	0.09593
0.9965	-0.2835	0.08907
0.9979	-0.2817	0.08453
0.9994	-0.281	0.08543
0.9969	-0.28	0.08941
0.993	-0.2801	0.09234
0.9916	-0.2813	0.0955
0.9936	-0.2798	0.09436
0.9966	-0.2799	0.09498
0.9971	-0.2817	0.09714
0.996	-0.2793	0.0956
0.9949	-0.2791	0.09529
0.9955	-0.2805	0.09319
0.9977	-0.2809	0.09097
0.9973	-0.2831	0.09072
0.9947	-0.2823	0.0904
0.9946	-0.2829	0.09183
0.9971	-0.2844	0.09182
0.9977	-0.2807	0.09055
0.9954	-0.2783	0.091
0.995	-0.2779	0.09631
0.9957	-0.2798	0.1021
0.9947	-0.2819	0.09959
0.9953	-0.2807	0.09379
0.9964	-0.2816	0.08957
0.9965	-0.2819	0.08984
0.9966	-0.2807	0.0917
0.9966	-0.2824	0.0899
0.9968	-0.2827	0.09154
0.9966	-0.2821	0.09275
0.9955	-0.2825	0.09207
0.9951	-0.2816	0.09481
0.9954	-0.2811	0.09395
0.9958	-0.281	0.0916
0.9956	-0.2797	0.09201
0.9944	-0.2795	0.09443
0.9939	-0.2802	0.0963
0.9962	-0.2793	0.09407
0.9987	-0.2793	0.09477
0.9984	-0.2802	0.09545
0.9964	-0.2807	0.09203
0.9941	-0.2826	0.09198
0.9935	-0.284	0.09163
0.9951	-0.2832	0.08967
0.9973	-0.2806	0.09142
0.9991	-0.2787	0.09382
0.998	-0.28	0.09343
0.9959	-0.2811	0.09355
0.9954	-0.2809	0.09507
0.9955	-0.2809	0.09407
0.9954	-0.2809	0.0933
0.9935	-0.2838	0.09312
0.9934	-0.2858	0.09172
0.9969	-0.2832	0.09216
0.9969	-0.2811	0.09238
0.9931	-0.2787	0.09215
0.9927	-0.2776	0.0935
0.9966	-0.2796	0.09612
0.998	-0.2801	0.09744
0.9968	-0.2807	0.09511
0.9974	-0.2819	0.09401
0.9968	-0.2815	0.09476
0.997	-0.2821	0.09292
0.9993	-0.2812	0.0861
0.9991	-0.2782	0.08301
0.9971	-0.2795	0.0914
0.9941	-0.2839	0.09413
0.9934	-0.284	0.09197
0.9941	-0.2814	0.09679
0.9928	-0.2811	0.09634
0.9942	-0.2811	0.0954
0.9955	-0.2807	0.09863
0.9952	-0.2809	0.09567
0.9967	-0.2802	0.09044
0.9964	-0.2803	0.08823
0.996	-0.2813	0.09153
0.9966	-0.2806	0.09412
0.996	-0.2794	0.09223
0.9962	-0.2791	0.09313
0.997	-0.2796	0.09467
0.9976	-0.2824	0.09846
0.9971	-0.2843	0.09837
0.9958	-0.2828	0.08824
0.9946	-0.2822	0.08633
0.9941	-0.2827	0.09124
0.9958	-0.2831	0.08988
0.9974	-0.2826	0.09047
0.9981	-0.2795	0.09703
0.9977	-0.2778	0.09929
0.9949	-0.279	0.09452
0.9926	-0.2791	0.0928
0.9933	-0.2786	0.09313
0.9954	-0.2799	0.09267
0.9984	-0.2823	0.09521
0.9964	-0.284	0.09167
0.9955	-0.2837	0.09291
0.9955	-0.2833	0.09151
0.9958	-0.2829	0.08925
0.9957	-0.2811	0.09013
0.9946	-0.2805	0.09319
0.9942	-0.2806	0.09573
0.9965	-0.2792	0.09411
0.9991	-0.2789	0.09527
0.9987	-0.2795	0.09628
0.9966	-0.2799	0.09301
0.9942	-0.2818	0.09298
0.9936	-0.2832	0.09252
0.9951	-0.2825	0.09038
0.9971	-0.2802	0.09191
0.9989	-0.2784	0.09408
0.9978	-0.2799	0.09346
0.9957	-0.2812	0.09338
0.9952	-0.2812	0.09476
0.9953	-0.2812	0.09367
0.9952	-0.2813	0.09286
0.9934	-0.2841	0.09269
0.9934	-0.2861	0.09133
0.9969	-0.2835	0.09185
0.9969	-0.2813	0.09216
0.9931	-0.2789	0.09203
0.9927	-0.2777	0.09347
0.9967	-0.2796	0.09617
0.9981	-0.2801	0.09755
0.9969	-0.2806	0.09526
0.9975	-0.2818	0.09418
0.9969	-0.2814	0.09493
0.9971	-0.282	0.09308
0.9993	-0.2811	0.08623
0.9991	-0.2781	0.08311
0.9971	-0.2795	0.09147
0.9941	-0.2839	0.09416
0.9934	-0.284	0.09197
0.9941	-0.2814	0.09676
0.9928	-0.2812	0.09629
0.9942	-0.2812	0.09534
0.9955	-0.2807	0.09857
0.9951	-0.2809	0.09561
0.9966	-0.2802	0.09039
0.9964	-0.2803	0.08819
0.996	-0.2814	0.09149
0.9966	-0.2806	0.0941
0.996	-0.2794	0.09223
0.9962	-0.2791	0.09313
0.997	-0.2796	0.09468
0.9976	-0.2824	0.09848
0.9971	-0.2842	0.09839
0.9958	-0.2828	0.08827
0.9946	-0.2821	0.08635
0.9941	-0.2827	0.09126
0.9958	-0.2831	0.08989
0.9974	-0.2826	0.09048
0.9981	-0.2795	0.09704
0.9977	-0.2778	0.09929
0.9949	-0.279	0.09452
0.9926	-0.2791	0.09279
0.9933	-0.2786	0.09312
0.9954	-0.2799	0.09267
0.9989	-0.2843	0.09569
0.9994	-0.2862	0.0948
0.9937	-0.281	0.08891
0.9914	-0.2795	0.08733
0.9951	-0.2819	0.09121
0.9962	-0.2804	0.09387
0.9955	-0.2805	0.09273
0.9968	-0.2815	0.09446
0.9982	-0.2808	0.09756
0.9979	-0.2815	0.09562
0.9953	-0.2806	0.08988
0.9944	-0.2796	0.08787
0.9968	-0.2808	0.0945
0.9979	-0.2815	0.09779
0.997	-0.282	0.09649
0.996	-0.281	0.09858
0.9951	-0.2803	0.09401
0.9943	-0.2819	0.08728
0.9948	-0.2817	0.08853
0.9963	-0.2813	0.09191
0.9972	-0.2816	0.09665
0.9975	-0.2806	0.09658
0.9964	-0.2803	0.08919
0.9941	-0.281	0.08581
0.9925	-0.2819	0.08707
0.9933	-0.2822	0.09035
0.9963	-0.2822	0.09692
0.9978	-0.2821	0.09958
0.9969	-0.2802	0.09536
0.9964	-0.2788	0.0948
0.9961	-0.2787	0.09751
0.9961	-0.2786	0.09566
0.9974	-0.281	0.09379
0.9972	-0.2824	0.0925
0.9948	-0.2811	0.09211
0.9938	-0.2833	0.0954
0.9936	-0.2845	0.09507
0.9952	-0.2826	0.09034
0.9983	-0.2822	0.08858
0.9984	-0.2806	0.08945
0.9974	-0.2804	0.08756
0.997	-0.2813	0.08753
0.9957	-0.2777	0.09309
0.9948	-0.2759	0.0949
0.9949	-0.2781	0.09474
0.9949	-0.2809	0.09673
0.9948	-0.2833	0.09615
0.9954	-0.2828	0.09612
0.9957	-0.2838	0.09596
0.9965	-0.2857	0.0932
0.9968	-0.2838	0.09123
0.9946	-0.282	0.09041
0.9932	-0.2799	0.09344
0.9952	-0.2768	0.09973
0.9984	-0.2767	0.09938
0.9995	-0.2802	0.09089
0.9978	-0.2831	0.08691
0.9968	-0.2818	0.08945
0.9956	-0.2817	0.09027
0.9935	-0.2821	0.09279
0.9943	-0.2808	0.09402
0.9958	-0.2818	0.09017
0.9955	-0.282	0.09148
0.9946	-0.2811	0.09332
0.9959	-0.2807	0.09329
0.9992	-0.2828	0.09684
0.995	-0.2784	0.09297
0.9931	-0.2778	0.0918
0.9967	-0.2812	0.09506
0.9972	-0.2805	0.09657
0.9959	-0.2812	0.09409
0.9966	-0.2826	0.09455
0.9975	-0.2821	0.0966
0.9969	-0.2828	0.09393
0.9942	-0.2817	0.08779
0.9934	-0.2804	0.08569
0.9959	-0.2813	0.09248
0.9972	-0.2817	0.09613
0.9966	-0.282	0.0953
0.9959	-0.2806	0.09791
0.9953	-0.2798	0.09385
0.9946	-0.2813	0.08756
0.9953	-0.2811	0.08915
0.9968	-0.2808	0.09276
0.9978	-0.2811	0.09761
0.9981	-0.2803	0.09755
0.9968	-0.2801	0.09007
0.9944	-0.2809	0.08654
0.9927	-0.2819	0.0876
0.9934	-0.2823	0.09068
0.9963	-0.2824	0.09704
0.9977	-0.2824	0.09952
0.9968	-0.2804	0.09515
0.9962	-0.279	0.09449
0.9959	-0.2789	0.09714
0.9959	-0.2788	0.09528
0.9972	-0.2812	0.09343
0.997	-0.2825	0.09218
0.9947	-0.2812	0.09186
0.9938	-0.2833	0.09524
0.9935	-0.2845	0.09498
0.9952	-0.2826	0.09033
0.9983	-0.2821	0.08863
0.9985	-0.2805	0.08954
0.9975	-0.2803	0.08768
0.9971	-0.2812	0.08767
0.9958	-0.2777	0.09323
0.9949	-0.2759	0.09502
0.995	-0.2781	0.09485
0.9949	-0.2809	0.0968
0.9948	-0.2833	0.0962
0.9954	-0.2828	0.09614
0.9957	-0.2839	0.09595
0.9965	-0.2857	0.09318
0.9968	-0.2838	0.09119
0.9945	-0.282	0.09037
0.9931	-0.2799	0.09339
0.9951	-0.2769	0.09968
0.9984	-0.2767	0.09934
0.9995	-0.2802	0.09085
0.9978	-0.2831	0.08689
0.9968	-0.2818	0.08944
0.9956	-0.2817	0.09027
0.9935	-0.282	0.09279
0.9943	-0.2807	0.09403
0.9958	-0.2818	0.09019
0.9955	-0.2819	0.0915
0.9947	-0.2811	0.09334
0.9937	-0.2794	0.09098
0.996	-0.278	0.09337
0.9996	-0.2821	0.09926
1	-0.2831	0.1009
0.9978	-0.2808	0.09436
0.9934	-0.2819	0.08908
0.9922	-0.2813	0.09054
0.9956	-0.2806	0.09115
0.9965	-0.2814	0.09412
0.9959	-0.2815	0.09556
0.9961	-0.2812	0.09245
0.9954	-0.2801	0.09272
0.9954	-0.2804	0.09189
0.996	-0.2816	0.0924
0.9967	-0.2821	0.09518
0.9972	-0.282	0.09421
0.9962	-0.2796	0.0946
0.9951	-0.2787	0.09404
0.995	-0.2805	0.09197
0.9949	-0.2811	0.09054
0.9949	-0.2824	0.08725
0.9954	-0.2837	0.0892
0.9964	-0.2819	0.09566
0.9975	-0.2811	0.09816
0.9981	-0.2817	0.09601
0.9973	-0.281	0.09351
0.9959	-0.2813	0.09356
0.9954	-0.2807	0.09131
0.9965	-0.279	0.08951
0.9967	-0.2797	0.09194
0.9943	-0.2801	0.09285
0.9931	-0.2802	0.09409
0.9941	-0.2811	0.09512
0.9954	-0.2808	0.09306
0.9967	-0.2809	0.09205
0.9967	-0.282	0.09262
0.9971	-0.2831	0.09457
0.9982	-0.2835	0.09579
0.9966	-0.2824	0.09589
0.9943	-0.2804	0.09669
0.9938	-0.2789	0.09454
0.9943	-0.2806	0.09318
0.995	-0.2835	0.09479
0.9959	-0.2849	0.09298
0.997	-0.2843	0.08893
0.9974	-0.2806	0.08627
0.9991	-0.2785	0.08654
0.9999	-0.2765	0.08822
0.9963	-0.2739	0.09074
0.9929	-0.2772	0.09544
0.9925	-0.2798	0.0976
0.9948	-0.2815	0.09723
0.9967	-0.2864	0.09549
0.9957	-0.2854	0.09383
0.9958	-0.284	0.09494
0.9958	-0.2831	0.09321
0.9955	-0.2783	0.09105
0.9968	-0.2799	0.09209
0.996	-0.2834	0.0946
0.9954	-0.2827	0.09735
0.9953	-0.2827	0.09509
0.9931	-0.2808	0.09376
0.9942	-0.2786	0.0939
0.9991	-0.2782	0.09089
0.9994	-0.2831	0.08935
0.9978	-0.2789	0.08957
0.9991	-0.2815	0.09473
0.9983	-0.2818	0.09666
0.9956	-0.2793	0.09097
0.9913	-0.2806	0.08689
0.9905	-0.2805	0.0896
0.9945	-0.2802	0.09135
0.996	-0.2815	0.09525
0.9959	-0.282	0.09732
0.9965	-0.2819	0.09456
0.9961	-0.2809	0.0949
0.9962	-0.2812	0.0939
0.9969	-0.2823	0.09408
0.9975	-0.2827	0.09641
0.9978	-0.2824	0.09495
0.9966	-0.2799	0.09486
0.9954	-0.2787	0.09387
0.9951	-0.2803	0.09147
0.9948	-0.2808	0.0898
0.9947	-0.2821	0.08638
0.9951	-0.2834	0.0883
0.996	-0.2815	0.09481
0.9972	-0.2807	0.09744
0.9977	-0.2814	0.09546
0.997	-0.2808	0.09315
0.9957	-0.2812	0.09338
0.9953	-0.2807	0.09131
0.9965	-0.2791	0.08965
0.9967	-0.2798	0.09219
0.9944	-0.2802	0.09316
0.9932	-0.2803	0.09443
0.9943	-0.2812	0.09545
0.9956	-0.2809	0.09336
0.9968	-0.281	0.09229
0.9968	-0.2821	0.09279
0.9972	-0.2832	0.09467
0.9983	-0.2836	0.09582
0.9966	-0.2824	0.09586
0.9944	-0.2803	0.09662
0.9938	-0.2789	0.09443
0.9943	-0.2806	0.09306
0.995	-0.2834	0.09466
0.9959	-0.2849	0.09286
0.997	-0.2842	0.08883
0.9974	-0.2806	0.08619
0.999	-0.2785	0.08649
0.9998	-0.2765	0.08819
0.9962	-0.2739	0.09074
0.9929	-0.2772	0.09546
0.9925	-0.2798	0.09764
0.9948	-0.2816	0.09727
0.9968	-0.2864	0.09554
0.9957	-0.2854	0.09388
0.9958	-0.284	0.09498
0.9958	-0.2831	0.09324
0.9956	-0.2783	0.09107
0.9968	-0.2799	0.09211
0.996	-0.2834	0.0946
0.9954	-0.2827	0.09735
0.9953	-0.2827	0.09508
0.9931	-0.2808	0.09375
0.9942	-0.2786	0.09388
0.9991	-0.2782	0.09088
1	-0.2789	0.09137
0.9985	-0.2821	0.09009
0.9966	-0.2845	0.08735
0.9942	-0.2839	0.0889
0.9947	-0.2824	0.08942
0.9962	-0.2788	0.09363
0.9956	-0.2755	0.1008
0.9966	-0.276	0.1014
0.9955	-0.2775	0.0985
0.9933	-0.2806	0.09571
0.9936	-0.2813	0.09264
0.9941	-0.2799	0.09238
0.9961	-0.2866	0.09127
0.9961	-0.2915	0.08835
0.9935	-0.289	0.09234
0.9944	-0.288	0.09253
0.9998	-0.2827	0.07967
1.003	-0.2786	0.07791
0.9973	-0.2799	0.09515
0.9948	-0.2749	0.1037
0.9968	-0.2709	0.09928
0.9956	-0.273	0.1
0.9954	-0.2746	0.09874
0.9951	-0.2775	0.09319
0.9945	-0.2804	0.09412
0.9949	-0.2824	0.0958
0.9931	-0.2836	0.09687
0.9937	-0.2819	0.09533
0.999	-0.2837	0.08955
1.004	-0.2912	0.08752
1.002	-0.296	0.08711
0.9914	-0.2922	0.08832
0.9872	-0.2828	0.09136
0.9933	-0.2713	0.09253
0.9959	-0.266	0.09305
0.9943	-0.2718	0.09349
0.9966	-0.275	0.09592
0.997	-0.2771	0.09594
0.9975	-0.2857	0.09451
1	-0.2888	0.09505
0.9968	-0.2888	0.09143
0.9954	-0.29	0.09111
0.9985	-0.2862	0.09238
0.9965	-0.2828	0.09111
0.9886	-0.2789	0.1014
0.9852	-0.2752	0.1068
0.9946	-0.278	0.09396
1	-0.2783	0.08702
0.9991	-0.2744	0.08689
1.002	-0.2739	0.08477
1	-0.2751	0.08794
0.9997	-0.2766	0.08952
1.003	-0.2774	0.08777
0.9983	-0.2825	0.09235
0.9938	-0.2943	0.09865
0.9909	-0.2958	0.1006
0.9877	-0.2894	0.09946
0.9868	-0.2883	0.09864
0.9887	-0.2831	0.09711
0.9937	-0.2773	0.09082
0.9966	-0.2783	0.08341
0.9986	-0.2763	0.08187
0.9998	-0.2732	0.09225
0.9989	-0.275	0.103
