0.9884	0.05177	0.05592
0.9606	0.05911	0.06568
0.9738	0.06712	0.06875
1.032	0.06281	0.06267
1.062	0.0557	0.06135
1.031	0.04824	0.05454
1.012	0.04267	0.05133
1.008	0.04814	0.06012
0.9941	0.0534	0.06031
1.012	0.05154	0.05397
1.029	0.05164	0.05246
1.022	0.05051	0.05397
1.027	0.04896	0.05771
1.021	0.05241	0.06341
1.018	0.0567	0.07289
1.02	0.05892	0.07948
1.013	0.05349	0.07718
1.025	0.04621	0.07231
1.029	0.05054	0.0598
1.023	0.06106	0.0445
1.021	0.06755	0.04668
1.009	0.06637	0.05579
1.008	0.06161	0.05745
1.016	0.05783	0.05655
1.016	0.05581	0.05344
1.016	0.0586	0.04915
1.015	0.05959	0.04927
1.016	0.05576	0.06541
1.021	0.05218	0.08251
1.022	0.0496	0.0779
1.017	0.05117	0.07562
1.012	0.05058	0.07278
1.013	0.04771	0.05999
1.014	0.05427	0.06589
1.022	0.06186	0.07458
1.027	0.06129	0.0678
1.016	0.05744	0.058
1.014	0.05451	0.04955
1.015	0.05193	0.04377
1.01	0.04854	0.03749
1.02	0.05012	0.04322
1.033	0.05381	0.05799
1.033	0.05408	0.06178
1.02	0.05593	0.06419
1.005	0.05703	0.06985
1.003	0.05878	0.07392
1.011	0.06318	0.06891
1.021	0.06347	0.056
1.027	0.05993	0.05565
1.022	0.05283	0.05974
1.015	0.04892	0.05778
1.012	0.05092	0.05914
1.016	0.04887	0.06041
1.02	0.05168	0.06205
1.02	0.06203	0.06861
1.024	0.06629	0.07793
1.019	0.06409	0.07977
1.008	0.05606	0.06628
1.009	0.04912	0.05491
1.009	0.05089	0.05111
1.012	0.04991	0.04471
1.022	0.0455	0.05003
1.028	0.04664	0.06564
1.028	0.05266	0.06859
1.024	0.06424	0.06565
1.019	0.06999	0.06874
1.017	0.06066	0.06806
1.015	0.05228	0.06067
1.011	0.05162	0.05386
1.01	0.05285	0.04865
1.012	0.05414	0.04549
1.011	0.05438	0.04681
1.019	0.05499	0.05538
1.03	0.05316	0.06844
1.028	0.05214	0.075
1.022	0.0585	0.0741
1.021	0.06296	0.06797
1.02	0.0615	0.06028
1.01	0.06017	0.06127
1.004	0.0578	0.06472
1.007	0.05416	0.06603
1.007	0.05198	0.06625
1.016	0.051	0.06216
1.027	0.05282	0.06094
1.027	0.05387	0.05662
1.027	0.04917	0.04885
1.026	0.04764	0.05051
1.02	0.05171	0.05209
1.014	0.04654	0.0812
1.013	0.05853	0.05808
1.012	0.06513	0.04626
1.014	0.06417	0.0559
1.019	0.06142	0.07058
1.021	0.05824	0.06641
1.016	0.05832	0.06636
1.011	0.05577	0.06668
1.013	0.05081	0.05728
1.014	0.0554	0.06631
1.022	0.06132	0.07754
1.027	0.05948	0.07253
1.016	0.05479	0.06369
1.014	0.05145	0.05544
1.015	0.04885	0.04921
1.01	0.04574	0.04201
1.019	0.04782	0.04651
1.033	0.05213	0.05994
1.033	0.05308	0.06241
1.02	0.05558	0.06365
1.005	0.05725	0.06838
1.003	0.05944	0.0718
1.011	0.06415	0.06644
1.021	0.06459	0.05347
1.027	0.06108	0.05329
1.022	0.05391	0.05773
1.015	0.04983	0.05625
1.012	0.0516	0.05814
1.016	0.04931	0.05994
1.02	0.05187	0.06206
1.02	0.062	0.06902
1.025	0.06609	0.07864
1.019	0.06375	0.08066
1.008	0.05564	0.06724
1.009	0.04868	0.05585
1.009	0.05046	0.05194
1.012	0.04953	0.04538
1.022	0.0452	0.05051
1.028	0.04643	0.06592
1.028	0.05254	0.06868
1.024	0.06421	0.06557
1.019	0.07003	0.06853
1.017	0.06076	0.06777
1.015	0.05242	0.06033
1.011	0.05178	0.05351
1.01	0.05301	0.04832
1.012	0.05429	0.04521
1.011	0.0545	0.0466
1.019	0.05508	0.05524
1.03	0.05322	0.06838
1.028	0.05216	0.075
1.022	0.0585	0.07415
1.021	0.06293	0.06806
1.02	0.06145	0.0604
1.01	0.06011	0.0614
1.004	0.05774	0.06484
1.007	0.0541	0.06614
1.007	0.05193	0.06634
1.016	0.05096	0.06223
1.027	0.05279	0.06098
1.027	0.05385	0.05663
1.027	0.04916	0.04883
1.026	0.04764	0.05048
1.02	0.05172	0.05205
1.016	0.05504	0.05478
1.014	0.05924	0.0632
1.014	0.06132	0.0675
1.013	0.05956	0.07281
1.013	0.05756	0.07577
1.016	0.05477	0.06903
1.016	0.05428	0.06481
1.016	0.05644	0.065
1.015	0.05666	0.05981
1.015	0.0554	0.05222
1.02	0.05489	0.05106
1.023	0.05598	0.05509
1.022	0.05681	0.05716
1.02	0.0559	0.0569
1.018	0.05557	0.06039
1.019	0.05644	0.06498
1.019	0.05664	0.06381
1.017	0.05618	0.06163
1.018	0.0557	0.06361
1.018	0.05454	0.06445
1.017	0.05259	0.05609
1.016	0.05146	0.04784
1.013	0.05227	0.05394
1.012	0.05292	0.06575
1.013	0.05333	0.07255
1.016	0.05437	0.07066
1.021	0.05339	0.0677
1.023	0.05427	0.07091
1.02	0.0597	0.06717
1.017	0.06193	0.06281
1.016	0.05934	0.06445
1.016	0.05718	0.05937
1.017	0.05602	0.0537
1.017	0.05491	0.05259
1.017	0.05447	0.05238
1.017	0.05404	0.05125
1.018	0.05351	0.05454
1.02	0.05397	0.06097
1.024	0.05507	0.05458
1.025	0.05572	0.05118
1.017	0.05467	0.06059
1.014	0.05371	0.06622
1.015	0.05457	0.07066
1.012	0.0558	0.07065
1.013	0.05719	0.0701
1.018	0.05808	0.07272
1.02	0.0575	0.06752
1.017	0.0541	0.06687
1.016	0.05105	0.06609
1.014	0.05312	0.05769
1.013	0.05478	0.05745
1.019	0.05537	0.05866
1.024	0.05677	0.05634
1.021	0.05546	0.05208
1.018	0.05645	0.05015
1.017	0.05905	0.05868
1.018	0.05832	0.06114
1.022	0.05701	0.05633
1.02	0.05536	0.05747
1.018	0.05444	0.06046
1.015	0.05394	0.06693
1.013	0.05291	0.06956
1.017	0.05302	0.06103
1.018	0.05323	0.05869
1.015	0.06411	0.07038
1.018	0.0565	0.0621
1.019	0.05284	0.05827
1.018	0.04952	0.06119
1.017	0.04861	0.06525
1.019	0.04834	0.06146
1.018	0.05091	0.06083
1.016	0.05603	0.06445
1.014	0.05872	0.06203
1.013	0.05921	0.05634
1.018	0.05968	0.05614
1.021	0.06102	0.06028
1.02	0.06147	0.06179
1.019	0.05974	0.06051
1.017	0.05831	0.0627
1.019	0.05797	0.06593
1.019	0.05699	0.06351
1.018	0.0555	0.06028
1.018	0.05423	0.06151
1.019	0.05253	0.06191
1.018	0.05032	0.05343
1.017	0.04918	0.04533
1.014	0.05019	0.05179
1.012	0.0512	0.0641
1.013	0.05208	0.07147
1.016	0.05361	0.07016
1.022	0.05312	0.06774
1.023	0.05442	0.0714
1.02	0.0602	0.06799
1.017	0.06268	0.06384
1.015	0.06023	0.06556
1.016	0.0581	0.06045
1.017	0.05689	0.05466
1.017	0.05566	0.05338
1.016	0.05506	0.05294
1.017	0.05443	0.05158
1.018	0.05372	0.05465
1.02	0.054	0.06089
1.025	0.05495	0.05435
1.025	0.0555	0.05085
1.017	0.05437	0.0602
1.014	0.05338	0.06582
1.015	0.05424	0.07028
1.012	0.05551	0.07033
1.013	0.05695	0.06986
1.019	0.0579	0.07255
1.02	0.05739	0.06744
1.017	0.05406	0.06686
1.016	0.05106	0.06614
1.014	0.05318	0.0578
1.013	0.05487	0.05758
1.019	0.05549	0.05881
1.024	0.05689	0.05648
1.021	0.05557	0.05221
1.018	0.05655	0.05025
1.017	0.05913	0.05876
1.018	0.05837	0.06119
1.022	0.05704	0.05634
1.02	0.05536	0.05746
1.018	0.05442	0.06043
1.015	0.05391	0.06688
1.013	0.05287	0.06951
1.017	0.05298	0.06097
1.018	0.05319	0.05864
1.017	0.05502	0.06405
1.02	0.05652	0.06156
1.018	0.05463	0.0599
1.016	0.05393	0.0668
1.014	0.05502	0.06752
1.015	0.05636	0.06447
1.012	0.05758	0.06564
1.012	0.05669	0.06248
1.02	0.05508	0.05759
1.026	0.05351	0.05611
1.025	0.05163	0.05595
1.022	0.05149	0.05889
1.017	0.05301	0.06224
1.014	0.05715	0.06112
1.014	0.06375	0.05763
1.017	0.06413	0.05789
1.02	0.05743	0.06029
1.017	0.05559	0.06065
1.015	0.05898	0.06241
1.017	0.05767	0.06382
1.02	0.05312	0.06497
1.021	0.05234	0.0657
1.017	0.05265	0.05687
1.014	0.05255	0.04822
1.015	0.05299	0.05272
1.015	0.04687	0.06278
1.018	0.04212	0.06946
1.018	0.04961	0.0687
1.014	0.05652	0.06773
1.014	0.06065	0.07017
1.02	0.0641	0.06806
1.023	0.0614	0.06519
1.02	0.05923	0.06212
1.019	0.05609	0.05942
1.018	0.05459	0.05928
1.016	0.05841	0.05222
1.018	0.05645	0.04904
1.018	0.05684	0.0543
1.017	0.06031	0.05422
1.019	0.05675	0.05643
1.02	0.05523	0.05928
1.02	0.05525	0.05993
1.018	0.05395	0.06761
1.015	0.05513	0.06905
1.015	0.05526	0.06124
1.014	0.05261	0.06052
1.015	0.04946	0.06775
1.016	0.04881	0.07239
1.017	0.0497	0.07011
1.018	0.05196	0.06849
1.018	0.05469	0.06758
1.019	0.05451	0.06038
1.022	0.05591	0.05098
1.023	0.05786	0.04741
1.018	0.05665	0.04938
1.016	0.05645	0.04815
1.017	0.05894	0.05113
1.015	0.06255	0.06553
1.014	0.06237	0.07122
1.015	0.05921	0.06735
1.017	0.05772	0.06717
1.021	0.05597	0.06508
1.022	0.05516	0.06305
1.019	0.0535	0.06232
1.013	0.04971	0.06116
1.018	0.05266	0.05657
1.018	0.05164	0.05476
1.016	0.0515	0.06266
1.015	0.05302	0.06491
1.016	0.05477	0.0635
1.013	0.0564	0.06612
1.012	0.05595	0.06408
1.021	0.05478	0.05988
1.026	0.05362	0.05869
1.025	0.0521	0.05845
1.022	0.05223	0.06104
1.017	0.05394	0.06386
1.014	0.05817	0.06211
1.014	0.06476	0.05799
1.016	0.06505	0.05768
1.019	0.0582	0.05962
1.017	0.05617	0.05966
1.015	0.05935	0.06124
1.017	0.05784	0.06261
1.02	0.05311	0.06385
1.022	0.05217	0.06475
1.017	0.05237	0.05615
1.014	0.0522	0.04776
1.015	0.0526	0.05252
1.015	0.04649	0.06282
1.018	0.04179	0.0697
1.018	0.04933	0.06908
1.014	0.05632	0.06819
1.014	0.06053	0.07066
1.02	0.06405	0.06854
1.023	0.06142	0.06561
1.02	0.05931	0.06246
1.019	0.0562	0.05966
1.018	0.05472	0.05941
1.016	0.05854	0.05226
1.018	0.05658	0.04899
1.018	0.05694	0.05419
1.017	0.0604	0.05406
1.019	0.05681	0.05625
1.02	0.05525	0.0591
1.02	0.05526	0.05977
1.018	0.05393	0.06747
1.015	0.0551	0.06894
1.015	0.05521	0.06117
1.014	0.05257	0.06049
1.015	0.04941	0.06775
1.016	0.04876	0.07242
1.017	0.04967	0.07016
1.018	0.05193	0.06855
1.018	0.05467	0.06764
1.019	0.0545	0.06044
1.022	0.05591	0.05103
1.023	0.05787	0.04745
1.018	0.05666	0.04941
1.016	0.05646	0.04816
1.017	0.05895	0.05113
1.015	0.06257	0.06553
1.014	0.06238	0.0712
1.015	0.05922	0.06733
1.017	0.05773	0.06714
1.021	0.05598	0.06505
1.022	0.05516	0.06303
1.019	0.0535	0.0623
1.016	0.05018	0.05807
1.014	0.05093	0.05791
1.016	0.05193	0.06191
1.016	0.05184	0.06172
1.016	0.05345	0.05957
1.018	0.0538	0.06043
1.017	0.0551	0.06445
1.018	0.05753	0.06594
1.019	0.05766	0.06236
1.019	0.05612	0.06128
1.02	0.05468	0.06235
1.018	0.05479	0.06206
1.017	0.05422	0.06323
1.019	0.05411	0.06164
1.019	0.0558	0.05777
1.019	0.05683	0.05662
1.018	0.05783	0.05493
1.017	0.0565	0.05408
1.015	0.05594	0.05723
1.015	0.05886	0.06063
1.017	0.0587	0.06258
1.017	0.05696	0.06459
1.017	0.05609	0.06547
1.017	0.05564	0.06402
1.017	0.05451	0.06152
1.018	0.05105	0.06119
1.02	0.04989	0.06403
1.02	0.05109	0.06449
1.019	0.05326	0.06327
1.015	0.05607	0.06423
1.013	0.05625	0.063
1.017	0.05567	0.0609
1.018	0.05562	0.06066
1.017	0.05587	0.05999
1.018	0.05573	0.06061
1.018	0.05546	0.05943
1.02	0.05752	0.05433
1.022	0.05814	0.0542
1.018	0.05732	0.06001
1.016	0.05774	0.06249
1.017	0.05607	0.06177
1.017	0.05408	0.06204
1.018	0.05418	0.06129
1.017	0.05458	0.06193
1.017	0.05453	0.06512
1.018	0.05327	0.06399
1.018	0.05254	0.05891
1.018	0.0538	0.05733
1.017	0.05501	0.0622
1.015	0.05589	0.06701
1.014	0.05711	0.06713
1.013	0.0581	0.06663
1.017	0.05721	0.06245
1.022	0.05371	0.05736
1.021	0.05277	0.05812
1.021	0.05534	0.0558
1.02	0.05446	0.05373
1.019	0.05214	0.05649
1.019	0.05503	0.05697
1.015	0.06098	0.06224
1.013	0.06304	0.06844
1.015	0.05927	0.06624
1.017	0.05509	0.06246
1.017	0.05212	0.05893
1.023	0.04873	0.05959
1.018	0.05236	0.06065
1.017	0.05474	0.06466
1.016	0.05496	0.06382
1.015	0.05618	0.06074
1.017	0.05576	0.06066
1.016	0.05615	0.06391
1.017	0.05768	0.06486
1.018	0.05706	0.061
1.018	0.05496	0.05988
1.019	0.05318	0.06111
1.018	0.05318	0.06111
1.017	0.05269	0.06263
1.019	0.0528	0.06142
1.019	0.05482	0.0579
1.019	0.05621	0.05704
1.018	0.05757	0.05556
1.017	0.05657	0.05482
1.016	0.05629	0.058
1.015	0.0594	0.06135
1.017	0.05935	0.06319
1.017	0.05765	0.06505
1.016	0.05675	0.06576
1.017	0.0562	0.06414
1.016	0.05495	0.06148
1.018	0.05135	0.06103
1.019	0.05004	0.06378
1.019	0.05111	0.06419
1.018	0.05316	0.06294
1.015	0.05589	0.06392
1.013	0.05601	0.06272
1.017	0.0554	0.06068
1.018	0.05536	0.0605
1.017	0.05564	0.0599
1.018	0.05554	0.06058
1.019	0.05532	0.05946
1.021	0.05744	0.05441
1.022	0.0581	0.0543
1.018	0.05733	0.06012
1.016	0.05779	0.06261
1.017	0.05615	0.06188
1.017	0.05417	0.06213
1.018	0.05427	0.06136
1.017	0.05467	0.06198
1.017	0.05461	0.06514
1.018	0.05333	0.06399
1.018	0.05258	0.05889
1.018	0.05382	0.0573
1.017	0.05502	0.06216
1.015	0.05588	0.06697
1.014	0.05708	0.06709
1.013	0.05807	0.06659
1.017	0.05717	0.06242
1.022	0.05368	0.05734
1.021	0.05274	0.05811
1.021	0.05532	0.0558
1.02	0.05444	0.05374
1.019	0.05213	0.0565
1.019	0.05503	0.05698
1.015	0.06098	0.06226
1.013	0.06305	0.06845
1.015	0.05929	0.06626
1.017	0.05511	0.06247
1.017	0.05213	0.05894
1.019	0.05026	0.05994
1.02	0.05188	0.06343
1.02	0.05371	0.06115
1.019	0.05491	0.0616
1.016	0.05617	0.06473
1.015	0.05523	0.06349
1.017	0.05529	0.06252
1.017	0.05675	0.06152
1.016	0.05658	0.05853
1.018	0.05564	0.05849
1.02	0.05495	0.0614
1.02	0.05422	0.06196
1.02	0.05245	0.06175
1.018	0.05288	0.06138
1.014	0.05536	0.05912
1.013	0.05575	0.06068
1.015	0.05833	0.06112
1.018	0.06062	0.0542
1.018	0.05843	0.05346
1.019	0.05775	0.06142
1.019	0.05722	0.06436
1.018	0.05552	0.06406
1.017	0.0539	0.06531
1.018	0.05344	0.06249
1.018	0.05477	0.06079
1.017	0.05053	0.06322
1.018	0.04859	0.06301
1.018	0.05303	0.06488
1.018	0.05082	0.0669
1.018	0.05165	0.06399
1.016	0.05866	0.06281
1.015	0.05973	0.06025
1.016	0.0592	0.05737
1.017	0.05991	0.05803
1.018	0.06232	0.05485
1.019	0.06197	0.05404
1.018	0.0537	0.0571
1.018	0.05089	0.05598
1.018	0.05514	0.05903
1.019	0.05518	0.06507
1.018	0.05364	0.066
1.017	0.05253	0.0661
1.016	0.05138	0.06625
1.016	0.05332	0.0661
1.016	0.05396	0.06493
1.018	0.0534	0.06164
1.018	0.05767	0.05998
1.018	0.05909	0.05845
1.02	0.05547	0.05431
1.022	0.05502	0.05463
1.019	0.05544	0.06254
1.016	0.05648	0.0661
1.014	0.05753	0.06373
1.014	0.0542	0.06434
1.016	0.05371	0.06172
1.017	0.05734	0.05758
1.017	0.05707	0.05866
1.018	0.05466	0.05686
1.02	0.05418	0.05748
1.019	0.05446	0.06577
1.017	0.05383	0.06902
1.017	0.05306	0.06672
1.018	0.05369	0.06412
1.017	0.05574	0.05853
1.018	0.05494	0.05673
1.019	0.05676	0.05703
1.02	0.05808	0.05436
1.018	0.05834	0.05612
1.016	0.05844	0.06139
1.015	0.05631	0.06249
1.017	0.05528	0.06363
1.017	0.05586	0.06425
1.016	0.05505	0.06229
1.017	0.05374	0.06267
1.02	0.05294	0.06545
1.02	0.05232	0.06545
1.02	0.05083	0.06441
1.018	0.05163	0.06305
1.015	0.05455	0.05977
1.013	0.05538	0.06042
1.015	0.05837	0.06011
1.018	0.06098	0.05264
1.018	0.05904	0.05159
1.019	0.05851	0.05947
1.019	0.05803	0.0625
1.018	0.0563	0.06246
1.017	0.05458	0.06407
1.018	0.05399	0.06166
1.018	0.05516	0.06039
1.017	0.05075	0.0632
1.018	0.04865	0.06331
1.018	0.05294	0.06543
1.018	0.05063	0.0676
1.018	0.05138	0.06476
1.016	0.05836	0.06356
1.015	0.05943	0.06093
1.016	0.05892	0.05792
1.017	0.05968	0.05843
1.018	0.06215	0.05509
1.019	0.06186	0.05413
1.018	0.05365	0.05705
1.018	0.05089	0.05583
1.018	0.05519	0.0588
1.019	0.05526	0.0648
1.018	0.05374	0.06572
1.017	0.05264	0.06584
1.016	0.05148	0.06602
1.016	0.05341	0.06592
1.016	0.05403	0.06482
1.018	0.05346	0.06158
1.018	0.0577	0.05998
1.018	0.05909	0.05848
1.02	0.05545	0.05438
1.022	0.05499	0.05472
1.019	0.0554	0.06264
1.016	0.05644	0.0662
1.014	0.05749	0.06382
1.014	0.05416	0.06442
1.016	0.05368	0.06178
1.017	0.05731	0.05762
1.017	0.05706	0.05867
1.018	0.05466	0.05685
1.02	0.05418	0.05746
1.019	0.05446	0.06573
1.017	0.05384	0.06899
1.017	0.05308	0.06669
1.018	0.0537	0.06409
1.017	0.05575	0.0585
1.017	0.05722	0.05526
1.018	0.05675	0.05723
1.02	0.05701	0.05583
1.021	0.05761	0.05599
1.018	0.05683	0.06242
1.015	0.05603	0.06421
1.016	0.05442	0.06396
1.015	0.05378	0.06454
1.016	0.05445	0.06131
1.017	0.05375	0.06031
1.016	0.05367	0.06162
1.017	0.054	0.06225
1.019	0.0548	0.06271
1.02	0.05652	0.06253
1.02	0.05777	0.06371
1.019	0.05855	0.06301
1.017	0.05633	0.06036
1.016	0.0548	0.06013
1.015	0.05579	0.0609
1.016	0.05388	0.06075
1.019	0.05372	0.05893
1.021	0.05501	0.05845
1.02	0.05327	0.06034
1.018	0.05323	0.0603
1.016	0.05426	0.05939
1.017	0.05568	0.0598
1.017	0.05716	0.06075
1.014	0.05579	0.06154
1.013	0.05618	0.06227
1.015	0.05852	0.06392
1.018	0.05809	0.06413
1.021	0.05558	0.06163
1.021	0.05353	0.05988
1.02	0.05348	0.06057
1.02	0.05451	0.06228
1.017	0.05606	0.06189
1.016	0.05747	0.05989
1.016	0.05719	0.06079
1.016	0.05477	0.0633
1.016	0.05175	0.06346
1.018	0.05264	0.06158
1.018	0.05432	0.06026
1.016	0.05358	0.06149
1.016	0.05463	0.0606
1.016	0.05483	0.05424
1.017	0.05562	0.05358
1.019	0.05936	0.06331
1.019	0.05913	0.0685
1.019	0.05637	0.06509
1.019	0.05473	0.06303
1.018	0.05429	0.06118
1.018	0.05622	0.06003
1.018	0.05715	0.06354
1.018	0.05583	0.06301
1.018	0.05434	0.05752
1.016	0.05311	0.0565
1.015	0.05361	0.05959
1.015	0.05545	0.06068
1.016	0.05549	0.05974
1.017	0.05518	0.06068
1.019	0.05724	0.06258
1.018	0.05723	0.06502
1.019	0.05426	0.06605
1.019	0.05409	0.06121
1.017	0.05553	0.051
1.018	0.05322	0.06022
1.02	0.05326	0.06179
1.02	0.05462	0.06214
1.017	0.05507	0.06715
1.015	0.0556	0.0668
1.016	0.05517	0.06431
1.016	0.05543	0.06295
1.016	0.05665	0.05831
1.017	0.05614	0.05651
1.016	0.05595	0.0576
1.017	0.05594	0.05853
1.019	0.05623	0.05966
1.02	0.05737	0.06039
1.02	0.05804	0.06257
1.019	0.05831	0.06284
1.017	0.05567	0.06103
1.016	0.05385	0.06145
1.015	0.05468	0.06265
1.016	0.05274	0.0627
1.019	0.05266	0.06087
1.021	0.05411	0.06019
1.02	0.05258	0.06177
1.017	0.05279	0.06133
1.016	0.05406	0.05999
1.017	0.0557	0.06
1.017	0.05737	0.06058
1.014	0.05613	0.06108
1.014	0.0566	0.06162
1.015	0.05898	0.06316
1.018	0.05852	0.06334
1.021	0.05597	0.06089
1.021	0.05384	0.05925
1.021	0.0537	0.06007
1.02	0.05463	0.06195
1.017	0.0561	0.06172
1.016	0.05743	0.05987
1.016	0.05709	0.0609
1.016	0.05463	0.06351
1.016	0.05159	0.06372
1.018	0.05248	0.06186
1.018	0.05417	0.06055
1.016	0.05345	0.06174
1.016	0.05453	0.06081
1.016	0.05477	0.05439
1.017	0.05559	0.05367
1.019	0.05937	0.06334
1.019	0.05916	0.06848
1.019	0.05641	0.06503
1.019	0.05479	0.06294
1.018	0.05435	0.06108
1.018	0.05628	0.05992
1.018	0.0572	0.06344
1.018	0.05587	0.06292
1.018	0.05436	0.05745
1.016	0.05312	0.05646
1.015	0.05361	0.05956
1.015	0.05544	0.06067
1.016	0.05548	0.05975
1.017	0.05517	0.06071
1.019	0.05722	0.06261
1.018	0.05721	0.06506
1.019	0.05424	0.06608
1.019	0.05407	0.06125
1.017	0.05494	0.0552
1.018	0.05319	0.05528
1.02	0.05306	0.06232
1.02	0.05521	0.066
1.017	0.05501	0.06301
1.015	0.05392	0.06334
1.016	0.05482	0.06323
1.016	0.05742	0.06077
1.016	0.05931	0.06142
1.017	0.05796	0.06172
1.017	0.0566	0.06224
1.017	0.05612	0.06272
1.018	0.0559	0.06115
1.019	0.05718	0.05742
1.02	0.05603	0.05266
1.019	0.05321	0.05408
1.019	0.05258	0.06088
1.019	0.05329	0.0669
1.018	0.05331	0.06727
1.016	0.0512	0.06097
1.014	0.05202	0.05717
1.016	0.0575	0.05889
1.018	0.06074	0.06256
1.018	0.05945	0.06482
1.019	0.05622	0.06379
1.018	0.05374	0.06238
1.018	0.05359	0.06221
1.016	0.05551	0.06481
1.015	0.05732	0.06543
1.017	0.05654	0.06137
1.019	0.05418	0.05942
1.02	0.05295	0.05815
1.02	0.0534	0.05798
1.016	0.05515	0.0601
1.016	0.05735	0.05999
1.019	0.05672	0.05988
1.019	0.05509	0.05846
1.017	0.0559	0.05593
1.016	0.05543	0.05794
1.018	0.054	0.06184
1.018	0.05423	0.06451
1.018	0.05507	0.06497
1.017	0.05567	0.06437
1.016	0.05521	0.06408
1.018	0.05577	0.06149
1.018	0.05677	0.06048
1.017	0.05562	0.06261
1.018	0.05448	0.0618
1.019	0.05467	0.0616
1.019	0.05629	0.06611
1.017	0.05784	0.06612
1.016	0.05696	0.05886
1.018	0.05458	0.05547
1.018	0.05297	0.05388
1.017	0.05299	0.05089
1.017	0.05404	0.05788
1.017	0.056	0.06604
1.017	0.05584	0.06502
1.017	0.05416	0.06548
1.017	0.05544	0.06665
1.018	0.05581	0.06546
1.02	0.05708	0.06284
1.02	0.05925	0.05758
1.018	0.05504	0.05715
1.014	0.05406	0.06663
1.017	0.05379	0.05562
1.02	0.05409	0.05734
1.021	0.05604	0.05953
1.018	0.05534	0.05736
1.016	0.05367	0.0597
1.016	0.05405	0.06195
1.016	0.0563	0.06169
1.016	0.058	0.06403
1.017	0.05666	0.06539
1.017	0.05545	0.06631
1.017	0.05524	0.06663
1.017	0.05534	0.06446
1.019	0.05696	0.05983
1.02	0.05613	0.05404
1.019	0.05357	0.05442
1.019	0.05313	0.06031
1.019	0.05395	0.0656
1.018	0.05401	0.06547
1.016	0.05187	0.05892
1.014	0.0526	0.0551
1.016	0.05796	0.05699
1.018	0.06105	0.06099
1.018	0.05961	0.06367
1.019	0.05623	0.06309
1.018	0.05364	0.06212
1.018	0.05339	0.06235
1.016	0.05526	0.06528
1.015	0.05704	0.06611
1.017	0.05626	0.06219
1.019	0.05393	0.06028
1.02	0.05274	0.05897
1.019	0.05325	0.05868
1.016	0.05505	0.06065
1.016	0.05731	0.06037
1.019	0.05673	0.06009
1.019	0.05514	0.0585
1.017	0.05598	0.05583
1.016	0.05552	0.05773
1.018	0.05411	0.06157
1.018	0.05432	0.0642
1.018	0.05515	0.06466
1.018	0.05573	0.06409
1.016	0.05526	0.06385
1.018	0.0558	0.06131
1.018	0.05677	0.06038
1.017	0.05561	0.06257
1.018	0.05445	0.06181
1.019	0.05464	0.06166
1.019	0.05625	0.0662
1.017	0.05781	0.06622
1.016	0.05693	0.05897
1.018	0.05455	0.05558
1.018	0.05295	0.05398
1.017	0.05297	0.05096
1.017	0.05404	0.05793
1.017	0.056	0.06607
1.017	0.05585	0.06502
1.017	0.05417	0.06547
1.017	0.05545	0.06662
1.018	0.05583	0.06543
1.02	0.05709	0.0628
1.02	0.05926	0.05753
1.018	0.05505	0.05711
1.016	0.05357	0.05981
1.017	0.05518	0.06046
1.017	0.0531	0.06093
1.018	0.05445	0.05837
1.019	0.05521	0.05656
1.017	0.05474	0.05907
1.015	0.0573	0.0626
1.015	0.05663	0.06607
1.017	0.05599	0.06557
1.019	0.05646	0.0631
1.019	0.05549	0.06469
1.016	0.05656	0.06688
1.015	0.05613	0.06405
1.017	0.05334	0.05961
1.019	0.05274	0.05854
1.02	0.05389	0.0544
1.022	0.05351	0.05207
1.021	0.05183	0.05934
1.017	0.05368	0.06091
1.015	0.05821	0.06002
1.015	0.05963	0.0664
1.015	0.05812	0.06674
1.015	0.05748	0.06237
1.018	0.05626	0.06025
1.02	0.05432	0.0591
1.019	0.05527	0.05978
1.017	0.05532	0.06053
1.016	0.0541	0.06192
1.015	0.05493	0.06231
1.016	0.05448	0.06101
1.019	0.05433	0.06047
1.021	0.05502	0.06034
1.018	0.0551	0.0627
1.017	0.0573	0.06388
1.018	0.05729	0.06222
1.017	0.0532	0.06294
1.018	0.05161	0.06392
1.019	0.05351	0.0626
1.017	0.05455	0.059
1.016	0.05496	0.05726
1.016	0.05677	0.05954
1.017	0.05882	0.05816
1.018	0.05889	0.05656
1.018	0.05398	0.05951
1.018	0.05085	0.06109
1.018	0.0558	0.06332
1.017	0.05866	0.06459
1.018	0.05778	0.06229
1.019	0.0579	0.06156
1.019	0.05655	0.05955
1.019	0.05551	0.05977
1.018	0.05474	0.06642
1.017	0.05369	0.06717
1.016	0.05365	0.0621
1.016	0.05326	0.06154
1.016	0.05349	0.06151
1.018	0.05391	0.0591
1.018	0.05392	0.05723
1.014	0.05404	0.0563
1.014	0.05438	0.05894
1.018	0.05667	0.06212
1.019	0.05841	0.06266
1.019	0.05747	0.06489
1.019	0.05582	0.06557
1.018	0.05768	0.05905
1.018	0.05634	0.06026
1.018	0.05266	0.06074
1.019	0.05336	0.05793
1.019	0.05404	0.05583
1.017	0.05382	0.05813
1.015	0.05677	0.06157
1.015	0.0565	0.06509
1.017	0.05622	0.06475
1.019	0.05692	0.06253
1.019	0.05608	0.0644
1.016	0.05718	0.06689
1.015	0.05668	0.06432
1.017	0.05376	0.06008
1.019	0.05299	0.05914
1.02	0.05397	0.05506
1.022	0.05343	0.05272
1.021	0.05162	0.05992
1.017	0.05339	0.06138
1.015	0.05786	0.06035
1.015	0.05928	0.06658
1.015	0.05779	0.06679
1.015	0.0572	0.0623
1.018	0.05605	0.06008
1.02	0.05418	0.05885
1.019	0.05522	0.05951
1.017	0.05534	0.06024
1.016	0.05417	0.06166
1.015	0.05505	0.06209
1.016	0.05462	0.06083
1.019	0.05449	0.06035
1.021	0.05516	0.06028
1.018	0.05523	0.0627
1.017	0.0574	0.06392
1.018	0.05736	0.06229
1.017	0.05324	0.06304
1.018	0.05162	0.06403
1.019	0.05349	0.0627
1.017	0.05452	0.05909
1.016	0.05491	0.05734
1.016	0.05672	0.05959
1.017	0.05877	0.05819
1.018	0.05884	0.05657
1.018	0.05393	0.0595
1.018	0.05082	0.06107
1.018	0.05578	0.06329
1.017	0.05865	0.06455
1.018	0.05778	0.06226
1.019	0.05791	0.06153
1.019	0.05657	0.05952
1.019	0.05553	0.05975
1.018	0.05476	0.06641
1.017	0.05371	0.06716
1.016	0.05366	0.0621
1.016	0.05327	0.06155
1.016	0.0535	0.06152
1.018	0.05392	0.05911
1.018	0.05393	0.05724
1.014	0.05403	0.05632
1.014	0.05438	0.05895
1.018	0.05666	0.06213
1.019	0.0584	0.06267
1.019	0.05746	0.06489
1.019	0.05581	0.06558
1.019	0.05505	0.06303
1.019	0.05662	0.06136
1.019	0.05755	0.05896
1.016	0.0561	0.05544
1.015	0.05472	0.05335
1.017	0.05208	0.05467
1.018	0.05086	0.05837
1.018	0.05383	0.06451
1.018	0.05557	0.06979
1.018	0.05583	0.06842
1.018	0.0556	0.06776
1.019	0.05562	0.06587
1.018	0.05984	0.05865
1.017	0.06126	0.05608
1.017	0.05759	0.05729
1.016	0.05541	0.06179
1.015	0.05315	0.06386
1.016	0.05272	0.05783
1.018	0.05337	0.05618
1.018	0.0525	0.05832
1.018	0.05395	0.0616
1.018	0.05436	0.06485
1.018	0.05436	0.06172
1.019	0.05548	0.06096
1.019	0.0551	0.0623
1.017	0.05703	0.0614
1.014	0.05893	0.06388
1.014	0.05748	0.06637
1.02	0.05362	0.06823
1.022	0.05165	0.06502
1.019	0.05654	0.04972
1.017	0.05841	0.04427
1.017	0.0558	0.05766
1.016	0.05615	0.06218
1.016	0.05434	0.06193
1.017	0.05309	0.0711
1.017	0.05445	0.06955
1.017	0.05376	0.06299
1.016	0.05571	0.06391
1.017	0.05847	0.0614
1.018	0.05755	0.06179
1.017	0.05624	0.06173
1.018	0.05516	0.05434
1.017	0.05426	0.0537
1.017	0.05378	0.05738
1.021	0.05386	0.05778
1.022	0.05444	0.05823
1.019	0.05452	0.05708
1.02	0.0551	0.05714
1.019	0.05567	0.06479
1.012	0.0559	0.06969
1.01	0.05604	0.06808
1.014	0.05518	0.07053
1.014	0.0555	0.0692
1.016	0.05604	0.06446
1.02	0.0551	0.0627
1.02	0.05535	0.05843
1.02	0.05572	0.05746
1.02	0.05594	0.05355
1.018	0.05693	0.05071
1.018	0.05686	0.06066
1.018	0.05645	0.06253
1.018	0.05496	0.0581
1.019	0.05381	0.05906
1.018	0.05423	0.06844
1.017	0.05558	0.0652
1.017	0.05647	0.06173
1.014	0.05512	0.05747
1.013	0.05396	0.05481
1.017	0.05161	0.05569
1.018	0.0507	0.05901
1.018	0.05396	0.06483
1.019	0.05596	0.06982
1.018	0.05641	0.06822
1.019	0.05629	0.06738
1.019	0.05635	0.06536
1.019	0.06053	0.05808
1.018	0.06186	0.05549
1.017	0.05807	0.05674
1.016	0.05573	0.06132
1.015	0.05332	0.06348
1.016	0.05275	0.05757
1.018	0.05327	0.05604
1.018	0.05231	0.05828
1.018	0.05369	0.06166
1.017	0.05408	0.06498
1.018	0.05407	0.0619
1.018	0.05522	0.06116
1.019	0.05489	0.06251
1.017	0.05686	0.0616
1.014	0.05883	0.06405
1.014	0.05744	0.0665
1.02	0.05362	0.06832
1.022	0.0517	0.06507
1.019	0.05662	0.04972
1.017	0.0585	0.04424
1.017	0.0559	0.05761
1.016	0.05625	0.06211
1.017	0.05442	0.06186
1.017	0.05316	0.07103
1.017	0.0545	0.06949
1.017	0.05379	0.06293
1.016	0.05572	0.06387
1.017	0.05846	0.06138
1.018	0.05753	0.06178
1.017	0.0562	0.06173
1.018	0.05513	0.05436
1.017	0.05422	0.05372
1.017	0.05375	0.0574
1.021	0.05383	0.0578
1.022	0.05442	0.05825
1.019	0.05451	0.0571
1.02	0.05509	0.05716
1.019	0.05567	0.0648
1.012	0.0559	0.06969
1.01	0.05605	0.06808
1.014	0.05519	0.07053
1.014	0.05551	0.06919
1.016	0.05606	0.06445
1.02	0.05511	0.06269
1.02	0.05535	0.05842
1.02	0.05572	0.05745
1.02	0.05594	0.05354
1.018	0.05693	0.0507
1.018	0.05686	0.06066
1.018	0.05644	0.06253
1.018	0.05496	0.0581
1.019	0.05381	0.05907
1.018	0.0562	0.05912
1.018	0.05651	0.06351
1.016	0.05289	0.06712
1.013	0.0514	0.06562
1.016	0.05278	0.06516
1.016	0.05353	0.06159
1.017	0.05395	0.0564
1.018	0.05647	0.05566
1.018	0.05729	0.06014
1.02	0.05678	0.06653
1.019	0.05866	0.06829
1.019	0.05797	0.06417
1.019	0.05667	0.05812
1.016	0.05657	0.0557
1.016	0.05432	0.05748
1.017	0.0548	0.05835
1.018	0.05569	0.05952
1.02	0.05324	0.06106
1.02	0.05235	0.06091
1.016	0.05313	0.06283
1.015	0.05501	0.0644
1.016	0.05684	0.06378
1.015	0.05591	0.06329
1.015	0.05357	0.06084
1.017	0.0532	0.06047
1.018	0.05595	0.06383
1.019	0.05699	0.06381
1.02	0.05629	0.06109
1.019	0.05866	0.06059
1.019	0.05916	0.06019
1.016	0.05634	0.06017
1.015	0.05597	0.06359
1.018	0.05589	0.06294
1.02	0.0551	0.05662
1.019	0.05562	0.05488
1.019	0.05475	0.05717
1.017	0.05257	0.05836
1.016	0.05089	0.05987
1.018	0.0507	0.06084
1.018	0.05249	0.06097
1.016	0.05456	0.06372
1.017	0.05622	0.06502
1.019	0.05639	0.06333
1.019	0.05612	0.06433
1.017	0.05715	0.06471
1.014	0.05723	0.06349
1.015	0.0572	0.06385
1.015	0.05817	0.0637
1.015	0.05868	0.06135
1.018	0.05733	0.05871
1.02	0.0542	0.05969
1.019	0.05359	0.05958
1.018	0.05529	0.0585
1.017	0.05626	0.05989
1.019	0.05626	0.05781
1.019	0.0532	0.05781
1.018	0.05046	0.06011
1.018	0.05225	0.05963
1.02	0.05398	0.06129
1.02	0.05441	0.06137
1.017	0.05579	0.06137
1.014	0.05629	0.06413
1.014	0.05681	0.06491
1.015	0.05786	0.06469
1.02	0.05554	0.05449
1.019	0.05881	0.06248
1.017	0.05627	0.06759
1.015	0.05462	0.06629
1.017	0.05513	0.06533
1.017	0.05472	0.06101
1.017	0.05396	0.05508
1.018	0.05548	0.05379
1.019	0.05557	0.05798
1.02	0.05466	0.06437
1.019	0.05644	0.06639
1.019	0.05591	0.06269
1.019	0.05496	0.05717
1.016	0.05535	0.05531
1.015	0.05363	0.05762
1.017	0.05463	0.05894
1.018	0.05597	0.06044
1.02	0.05389	0.06218
1.02	0.05323	0.06209
1.016	0.05414	0.06397
1.015	0.05603	0.06539
1.016	0.05777	0.06457
1.016	0.05668	0.06383
1.015	0.05414	0.06112
1.017	0.05356	0.06052
1.018	0.05609	0.06367
1.019	0.05694	0.06349
1.02	0.05608	0.06067
1.019	0.05834	0.06012
1.019	0.05878	0.05972
1.016	0.05593	0.05974
1.015	0.05559	0.06323
1.018	0.05555	0.06267
1.02	0.05483	0.05645
1.019	0.05543	0.05481
1.019	0.05465	0.05719
1.017	0.05255	0.05844
1.016	0.05094	0.06
1.018	0.0508	0.061
1.018	0.05262	0.06114
1.016	0.0547	0.06388
1.017	0.05637	0.06517
1.019	0.05652	0.06344
1.019	0.05623	0.06441
1.017	0.05723	0.06476
1.014	0.05728	0.0635
1.015	0.05722	0.06383
1.015	0.05817	0.06366
1.015	0.05865	0.0613
1.018	0.05729	0.05865
1.02	0.05415	0.05963
1.019	0.05354	0.05952
1.018	0.05524	0.05845
1.017	0.05621	0.05985
1.019	0.05623	0.05779
1.019	0.05317	0.0578
1.018	0.05045	0.06011
1.018	0.05225	0.05964
1.02	0.05399	0.0613
1.02	0.05442	0.06139
1.017	0.05581	0.06139
1.014	0.05631	0.06415
1.014	0.05683	0.06492
1.015	0.05787	0.0647
1.018	0.05682	0.06388
1.019	0.05613	0.06559
1.018	0.0562	0.06444
1.017	0.05576	0.05377
1.016	0.05617	0.0514
1.017	0.05534	0.06034
1.016	0.05476	0.06209
1.017	0.05519	0.05949
1.019	0.05476	0.05995
1.019	0.05538	0.06171
1.018	0.05465	0.06516
1.02	0.05326	0.06564
1.02	0.05391	0.06573
1.018	0.05384	0.06612
1.018	0.05433	0.05969
1.019	0.05589	0.05672
1.019	0.05646	0.05775
1.017	0.05656	0.05605
1.013	0.05659	0.05955
1.013	0.05658	0.06166
1.016	0.05617	0.0599
1.017	0.05591	0.06246
1.018	0.0557	0.06354
1.017	0.05512	0.06292
1.017	0.05465	0.06399
1.018	0.0541	0.06332
1.018	0.0548	0.06089
1.019	0.05604	0.05812
1.02	0.05584	0.05824
1.02	0.05592	0.06171
1.019	0.05683	0.06267
1.019	0.05626	0.06089
1.018	0.05343	0.0613
1.017	0.05197	0.06178
1.016	0.053	0.05877
1.016	0.05388	0.05836
1.02	0.05708	0.06171
1.021	0.05913	0.06084
1.016	0.05482	0.05924
1.014	0.05406	0.0629
1.016	0.05794	0.06515
1.015	0.05731	0.06396
1.015	0.05535	0.06497
1.016	0.05466	0.06501
1.016	0.05475	0.06175
1.017	0.05519	0.06103
1.018	0.05303	0.06143
1.019	0.05214	0.05958
1.021	0.05442	0.05702
1.021	0.05629	0.05522
1.021	0.05739	0.0566
1.021	0.05786	0.05848
1.019	0.05858	0.05936
1.017	0.05735	0.06134
1.016	0.05311	0.06224
1.016	0.05224	0.0637
1.014	0.05467	0.06456
1.013	0.05502	0.06246
1.013	0.05482	0.06155
1.017	0.05565	0.06031
1.022	0.05562	0.0585
1.019	0.05559	0.06065
1.019	0.05623	0.06552
1.018	0.0557	0.06752
1.01	0.1009	-0.02367
1.027	0.04628	0.07402
1.006	0.02764	0.115
1.004	0.01373	0.1222
1.017	0.02418	0.1001
1.03	0.04888	0.07277
1.042	0.07578	0.05344
1.031	0.08779	0.04091
1.009	0.08367	0.03585
1	0.08194	0.03017
0.9948	0.06425	0.03177
1.005	0.04999	0.03375
1.029	0.0488	0.0331
1.031	0.04138	0.04504
1.024	0.04433	0.05899
1.023	0.04678	0.0782
1.022	0.04709	0.09844
1.02	0.05283	0.09875
1.019	0.05014	0.08733
1.022	0.05326	0.07305
1.018	0.06134	0.0632
1.007	0.06207	0.06006
1.003	0.05674	0.05698
1.007	0.05002	0.05462
1.015	0.052	0.05132
1.02	0.05382	0.04923
1.021	0.0554	0.04647
1.022	0.05978	0.04017
1.022	0.05642	0.04384
1.023	0.05744	0.06153
1.024	0.06531	0.0766
1.022	0.06594	0.07909
1.009	0.06273	0.07784
0.9995	0.05973	0.07619
1.01	0.05351	0.0649
1.023	0.04677	0.05009
1.028	0.04509	0.04917
1.028	0.0464	0.05876
1.025	0.0505	0.06452
1.021	0.05582	0.06452
1.018	0.05587	0.05911
1.018	0.05312	0.05471
1.016	0.05052	0.05818
1.01	0.04922	0.06137
1.007	0.0508	0.06366
1.009	0.05646	0.06608
1.011	0.06302	0.06538
1.015	0.06461	0.06602
1.019	0.06588	0.06244
1.023	0.06348	0.05344
1.026	0.05718	0.05212
1.026	0.05464	0.05959
1.024	0.05105	0.06347
1.02	0.05343	0.06141
1.016	0.05841	0.06346
1.014	0.0563	0.06476
1.015	0.05697	0.06336
1.014	0.05449	0.06526
1.015	0.04857	0.06256
1.014	0.0487	0.05899
1.014	0.05172	0.05855
1.019	0.05499	0.05815
1.025	0.05518	0.05919
1.024	0.05686	0.05691
1.02	0.05704	0.05724
1.015	0.05141	0.06119
1.014	0.05152	0.0613
1.016	0.0542	0.06239
1.017	0.05684	0.06349
1.017	0.06081	0.06276
1.017	0.0597	0.06284
1.015	0.05748	0.06515
1.015	0.05325	0.06724
1.017	0.04735	0.06576
1.019	0.04769	0.06227
1.02	0.05262	0.05208
1.019	0.06123	0.04796
1.02	0.06587	0.06139
1.021	0.06139	0.06542
1.019	0.06036	0.0596
1.016	0.05985	0.0633
1.014	0.0561	0.06524
1.016	0.05861	0.06408
1.019	0.05877	0.06319
1.018	0.05461	0.06084
1.017	0.0542	0.06525
1.015	0.05137	0.06686
1.014	0.04815	0.06241
1.015	0.04751	0.06002
1.018	0.04274	0.04975
1.022	0.03944	0.04467
1.02	0.04746	0.05694
1.018	0.05968	0.06165
1.019	0.06539	0.06162
1.018	0.0668	0.0687
1.017	0.06589	0.06638
1.015	0.06154	0.0612
1.013	0.05741	0.06125
1.016	0.05577	0.05927
1.018	0.05478	0.06393
1.019	0.05383	0.07009
1.02	0.05357	0.06778
1.022	0.05384	0.06259
1.022	0.05667	0.05803
1.02	0.0581	0.05743
1.017	0.05433	0.0554
1.01	0.05188	0.05569
1.008	0.0499	0.06631
1.014	0.0495	0.06824
1.018	0.05558	0.05823
1.021	0.05923	0.05615
1.022	0.05851	0.05993
1.018	0.05749	0.0591
1.015	0.05493	0.06087
1.017	0.05409	0.06621
1.022	0.05448	0.06422
1.023	0.05539	0.05995
1.018	0.05826	0.05941
1.015	0.05884	0.05967
1.016	0.05891	0.05962
1.014	0.05794	0.05851
1.013	0.05063	0.05957
1.016	0.0472	0.0603
1.022	0.05211	0.06032
1.026	0.05383	0.06328
1.02	0.05367	0.06298
1.016	0.05429	0.06236
1.017	0.05283	0.06516
1.014	0.04903	0.07071
1.012	0.05623	0.06466
1.013	0.0618	0.0587
1.017	0.06508	0.05666
1.019	0.06544	0.05671
1.019	0.06577	0.05633
1.019	0.06074	0.05761
1.017	0.05505	0.06152
1.017	0.04822	0.0653
1.018	0.04078	0.06535
1.019	0.04061	0.06312
1.02	0.04593	0.05382
1.019	0.05562	0.05022
1.02	0.0618	0.06382
1.021	0.05905	0.06772
1.018	0.05974	0.06156
1.015	0.06076	0.06478
1.013	0.05821	0.06617
1.016	0.06155	0.06447
1.019	0.06214	0.06309
1.018	0.05803	0.06035
1.016	0.05735	0.06448
1.015	0.05401	0.06593
1.015	0.05011	0.06143
1.016	0.04874	0.0591
1.019	0.04324	0.04896
1.022	0.03929	0.04407
1.02	0.04677	0.05654
1.019	0.05861	0.06146
1.019	0.0641	0.06162
1.018	0.06543	0.06886
1.017	0.06458	0.06666
1.015	0.0604	0.06155
1.013	0.0565	0.06164
1.016	0.05513	0.05965
1.018	0.05443	0.06426
1.019	0.05374	0.07036
1.02	0.05371	0.06798
1.022	0.05416	0.06271
1.022	0.0571	0.05807
1.02	0.05859	0.0574
1.017	0.05482	0.05532
1.01	0.05233	0.05557
1.008	0.05028	0.06617
1.014	0.04979	0.0681
1.018	0.05576	0.0581
1.021	0.05931	0.05604
1.022	0.0585	0.05984
1.018	0.0574	0.05904
1.015	0.05479	0.06084
1.018	0.05392	0.06621
1.022	0.0543	0.06424
1.023	0.05522	0.05999
1.018	0.05811	0.05946
1.015	0.05872	0.05972
1.016	0.05882	0.05967
1.014	0.05789	0.05855
1.013	0.05062	0.05961
1.016	0.04722	0.06032
1.022	0.05215	0.06034
1.026	0.05389	0.06329
1.02	0.05373	0.06297
1.015	0.05435	0.06235
1.017	0.05289	0.06514
1.015	0.05475	0.06507
1.014	0.05656	0.06324
1.013	0.05725	0.06112
1.012	0.06137	0.0559
1.017	0.06087	0.05481
1.018	0.0589	0.06545
1.018	0.05928	0.07284
1.019	0.05767	0.06858
1.02	0.05915	0.06387
1.021	0.057	0.05751
1.022	0.04638	0.05235
1.024	0.03989	0.05131
1.022	0.04326	0.04845
1.014	0.05364	0.05122
1.011	0.06181	0.05598
1.014	0.0641	0.06111
1.016	0.07025	0.07356
1.017	0.07274	0.0761
1.016	0.05775	0.06725
1.016	0.04426	0.06392
1.018	0.04473	0.06243
1.02	0.04478	0.05929
1.022	0.04648	0.06062
1.022	0.05164	0.06225
1.015	0.05209	0.06097
1.01	0.05251	0.06382
1.012	0.05335	0.06469
1.016	0.05449	0.06146
1.02	0.05847	0.06017
1.022	0.06282	0.05572
1.021	0.0713	0.05539
1.022	0.07661	0.05823
1.019	0.0692	0.0572
1.016	0.05975	0.06007
1.015	0.04983	0.06074
1.015	0.04108	0.06103
1.018	0.04213	0.06519
1.022	0.0435	0.06509
1.023	0.04689	0.06262
1.021	0.05501	0.05631
1.014	0.05424	0.0547
1.009	0.04994	0.0606
1.009	0.04889	0.05869
1.01	0.05007	0.05633
1.014	0.05501	0.05894
1.017	0.06195	0.06495
1.019	0.06821	0.07256
1.022	0.06824	0.07079
1.023	0.06697	0.07239
1.024	0.06519	0.07504
1.024	0.05891	0.06542
1.025	0.05599	0.06402
1.021	0.05235	0.06344
1.018	0.04887	0.05347
1.016	0.04964	0.05049
1.011	0.04958	0.04903
1.012	0.05125	0.04925
1.014	0.05032	0.05099
1.013	0.04931	0.05113
1.012	0.05207	0.05721
1.012	0.05203	0.05918
1.015	0.05383	0.05999
1.017	0.05713	0.06356
1.021	0.06034	0.06291
1.037	0.06052	0.0593
1.026	0.05739	0.07009
1.019	0.05529	0.0742
1.013	0.0582	0.07059
1.014	0.05756	0.06797
1.014	0.05613	0.07527
1.012	0.05741	0.07852
1.015	0.05679	0.07009
1.016	0.0592	0.06175
1.018	0.0578	0.05261
1.02	0.0477	0.04567
1.023	0.04148	0.04386
1.022	0.04489	0.04113
1.015	0.05512	0.04475
1.013	0.063	0.05087
1.016	0.06493	0.05763
1.018	0.07068	0.07179
1.019	0.0728	0.07593
1.018	0.05748	0.06843
1.017	0.04374	0.06613
1.018	0.04405	0.06529
1.02	0.04402	0.06244
1.022	0.04573	0.06372
1.021	0.05097	0.06502
1.015	0.05154	0.06323
1.01	0.05211	0.06545
1.012	0.05311	0.06565
1.015	0.05441	0.06177
1.019	0.05852	0.05992
1.021	0.06298	0.05502
1.021	0.07155	0.05439
1.022	0.0769	0.05706
1.019	0.0695	0.05599
1.016	0.06003	0.05894
1.016	0.05007	0.05978
1.015	0.04127	0.06029
1.018	0.04226	0.0647
1.022	0.04356	0.06485
1.024	0.04689	0.06261
1.022	0.05497	0.05649
1.014	0.05417	0.05502
1.009	0.04984	0.061
1.009	0.04878	0.05913
1.01	0.04997	0.05676
1.014	0.05491	0.05933
1.017	0.06187	0.06527
1.019	0.06816	0.07278
1.022	0.0682	0.07092
1.023	0.06696	0.07243
1.024	0.0652	0.07501
1.024	0.05893	0.06533
1.025	0.05602	0.06388
1.021	0.05239	0.06329
1.018	0.04891	0.05331
1.016	0.04968	0.05034
1.011	0.04961	0.0489
1.012	0.05128	0.04915
1.014	0.05034	0.05093
1.013	0.04932	0.0511
1.012	0.05207	0.05721
1.012	0.05202	0.05921
1.015	0.05382	0.06004
1.017	0.05711	0.06361
1.021	0.06033	0.06297
1.029	0.06081	0.06752
1.029	0.05616	0.06989
1.023	0.05728	0.06807
1.019	0.05849	0.06933
1.015	0.05751	0.06628
1.015	0.05944	0.06827
1.014	0.05519	0.07102
1.013	0.05266	0.06627
1.014	0.05324	0.06782
1.014	0.05126	0.06362
1.015	0.05507	0.04905
1.017	0.05653	0.04215
1.018	0.05482	0.04189
1.02	0.05741	0.05047
1.018	0.057	0.06462
1.018	0.05471	0.06675
1.02	0.05369	0.0626
1.018	0.05295	0.06408
1.018	0.05321	0.0666
1.019	0.05509	0.06634
1.016	0.05895	0.06367
1.016	0.0594	0.05981
1.02	0.05601	0.05744
1.021	0.05375	0.05893
1.019	0.05314	0.06195
1.016	0.05417	0.06153
1.015	0.05541	0.06229
1.018	0.05557	0.06378
1.019	0.0555	0.06103
1.015	0.05536	0.06266
1.014	0.05496	0.06359
1.018	0.05549	0.05872
1.017	0.05766	0.05953
1.017	0.05903	0.06071
1.018	0.05637	0.05903
1.017	0.05202	0.06188
1.017	0.05206	0.06619
1.017	0.05343	0.06431
1.019	0.05191	0.05624
1.02	0.05175	0.05459
1.018	0.05375	0.05792
1.016	0.05694	0.05717
1.016	0.05984	0.06063
1.017	0.06036	0.06468
1.018	0.06017	0.06258
1.018	0.05759	0.06467
1.018	0.05417	0.06725
1.017	0.05494	0.06273
1.017	0.05697	0.06196
1.018	0.05662	0.06568
1.018	0.05475	0.06448
1.019	0.05411	0.06196
1.019	0.05411	0.0607
1.015	0.05238	0.05795
1.014	0.05157	0.05679
1.017	0.0528	0.05879
1.019	0.05404	0.05977
1.02	0.05421	0.05915
1.018	0.05429	0.05981
1.018	0.05421	0.0592
1.019	0.05329	0.05729
1.019	0.05614	0.05891
1.018	0.05999	0.06239
1.014	0.05958	0.06417
1.008	0.06049	0.07306
1.019	0.05564	0.06286
1.02	0.05628	0.05525
1.022	0.05698	0.05547
1.02	0.0556	0.05446
1.02	0.05735	0.06016
1.02	0.05314	0.06721
1.018	0.05086	0.06659
1.017	0.05183	0.07157
1.015	0.05034	0.06979
1.016	0.05467	0.05658
1.016	0.05661	0.05
1.016	0.05532	0.04918
1.018	0.05822	0.05655
1.016	0.058	0.06906
1.016	0.05579	0.06938
1.018	0.05474	0.06345
1.017	0.05388	0.06335
1.018	0.05396	0.06461
1.018	0.05562	0.06347
1.016	0.05925	0.06033
1.017	0.05948	0.05638
1.02	0.0559	0.05425
1.022	0.05349	0.05622
1.019	0.05278	0.05988
1.016	0.05375	0.06019
1.016	0.05499	0.06167
1.019	0.05518	0.06382
1.02	0.05517	0.06161
1.015	0.0551	0.06364
1.014	0.05479	0.06481
1.017	0.05541	0.06004
1.017	0.05765	0.06081
1.017	0.05909	0.06185
1.018	0.05648	0.05994
1.017	0.05216	0.06253
1.017	0.05221	0.06656
1.017	0.05358	0.06443
1.019	0.05204	0.05613
1.02	0.05185	0.05431
1.018	0.05382	0.05751
1.016	0.05698	0.0567
1.016	0.05985	0.06016
1.017	0.06034	0.06424
1.018	0.06014	0.0622
1.018	0.05754	0.06438
1.018	0.05412	0.06707
1.017	0.05489	0.06264
1.017	0.05692	0.06196
1.018	0.05658	0.06575
1.018	0.05472	0.06461
1.019	0.05409	0.06212
1.019	0.0541	0.06088
1.014	0.05238	0.05812
1.014	0.05158	0.05695
1.017	0.05282	0.05891
1.019	0.05406	0.05986
1.02	0.05423	0.0592
1.018	0.05431	0.05983
1.018	0.05423	0.05918
1.019	0.05331	0.05725
1.019	0.05615	0.05886
1.018	0.06	0.06233
1.014	0.05958	0.0641
1.013	0.0592	0.06313
1.017	0.0582	0.06128
1.019	0.05644	0.06134
1.018	0.05575	0.06284
1.019	0.05233	0.06387
1.019	0.05035	0.06271
1.019	0.05414	0.06183
1.015	0.05749	0.06282
1.012	0.0573	0.0661
1.018	0.05715	0.06969
1.023	0.05771	0.06333
1.022	0.05638	0.05109
1.022	0.0537	0.04882
1.017	0.05205	0.05752
1.012	0.05388	0.06539
1.013	0.0575	0.06839
1.016	0.05431	0.06707
1.02	0.04557	0.05382
1.019	0.04534	0.04777
1.017	0.05404	0.05633
1.016	0.05862	0.05306
1.015	0.05931	0.05568
1.017	0.0628	0.06839
1.021	0.06543	0.06898
1.023	0.06323	0.07092
1.018	0.05575	0.06949
1.013	0.04868	0.06347
1.013	0.04859	0.06232
1.016	0.05104	0.05804
1.019	0.05515	0.05948
1.021	0.0588	0.06506
1.021	0.05802	0.07073
1.021	0.05909	0.07472
1.016	0.05908	0.06479
1.013	0.05793	0.05602
1.019	0.05934	0.05263
1.022	0.05478	0.04943
1.021	0.04856	0.05337
1.018	0.04675	0.05079
1.014	0.04693	0.04815
1.013	0.04956	0.05656
1.014	0.05259	0.06172
1.015	0.05604	0.0655
1.017	0.05642	0.06484
1.015	0.05491	0.06097
1.017	0.05743	0.06585
1.024	0.05902	0.06761
1.024	0.05979	0.06721
1.02	0.06115	0.07063
1.017	0.06077	0.06832
1.018	0.05917	0.06379
1.017	0.05662	0.06147
1.018	0.05719	0.06235
1.017	0.05581	0.06314
1.013	0.05237	0.05944
1.012	0.05756	0.05634
1.014	0.05874	0.05334
1.016	0.05103	0.05403
1.018	0.0497	0.06087
1.018	0.0508	0.0619
1.019	0.05024	0.05591
1.021	0.0515	0.05477
1.021	0.0526	0.06026
1.021	0.05619	0.06194
1.021	0.04108	0.05741
1.02	0.05372	0.06198
1.018	0.0604	0.06537
1.014	0.06415	0.06801
1.015	0.06223	0.06877
1.015	0.05974	0.06649
1.015	0.06176	0.06414
1.013	0.06271	0.06362
1.011	0.05998	0.06558
1.017	0.05749	0.06816
1.023	0.05613	0.06116
1.024	0.05342	0.04866
1.024	0.04995	0.04645
1.019	0.04806	0.05546
1.014	0.05009	0.0638
1.014	0.05428	0.06738
1.018	0.05187	0.06663
1.02	0.04402	0.05392
1.019	0.04469	0.04831
1.017	0.0542	0.05718
1.015	0.05944	0.0541
1.014	0.06059	0.05678
1.016	0.06435	0.06943
1.021	0.06707	0.06989
1.022	0.06479	0.07163
1.017	0.05709	0.06996
1.012	0.04973	0.06371
1.013	0.0493	0.06234
1.015	0.05141	0.05788
1.019	0.05519	0.05918
1.021	0.05857	0.06466
1.021	0.05758	0.0703
1.021	0.05853	0.07429
1.016	0.05845	0.0644
1.013	0.05731	0.0557
1.019	0.05878	0.0524
1.022	0.05432	0.04928
1.021	0.04822	0.05332
1.018	0.04655	0.05081
1.014	0.04685	0.04823
1.013	0.0496	0.05668
1.014	0.05272	0.06187
1.015	0.05622	0.06566
1.016	0.05664	0.06499
1.015	0.05514	0.06109
1.017	0.05765	0.06596
1.023	0.0592	0.06768
1.024	0.05993	0.06725
1.019	0.06125	0.07063
1.017	0.06082	0.06829
1.018	0.05918	0.06375
1.017	0.05659	0.06142
1.018	0.05714	0.0623
1.017	0.05574	0.06308
1.013	0.05228	0.05938
1.012	0.05748	0.0563
1.014	0.05866	0.05331
1.016	0.05097	0.05402
1.018	0.04966	0.06087
1.018	0.05077	0.0619
1.019	0.05023	0.05593
1.021	0.05151	0.05478
1.021	0.05262	0.06028
1.021	0.05621	0.06196
1.019	0.05697	0.06243
1.018	0.05083	0.06643
1.019	0.04934	0.06532
1.018	0.05226	0.06338
1.016	0.05655	0.06394
1.013	0.06474	0.06375
1.012	0.06622	0.06402
1.015	0.06236	0.06021
1.016	0.06243	0.05752
1.017	0.06045	0.05814
1.018	0.05698	0.05567
1.019	0.05332	0.05649
1.021	0.04938	0.06309
1.021	0.05009	0.06993
1.019	0.05049	0.06919
1.017	0.0519	0.06117
1.018	0.05518	0.05871
1.017	0.05384	0.06122
1.018	0.05423	0.06108
1.018	0.05485	0.05927
1.015	0.05239	0.05891
1.014	0.05205	0.06031
1.015	0.05225	0.06003
1.015	0.05685	0.05957
1.017	0.06039	0.06063
1.018	0.05668	0.06023
1.019	0.05733	0.05859
1.022	0.05936	0.05791
1.024	0.06133	0.06034
1.022	0.06613	0.06496
1.017	0.06101	0.06747
1.014	0.04873	0.06721
1.014	0.04227	0.06712
1.015	0.04438	0.06543
1.016	0.0502	0.06045
1.018	0.05569	0.05671
1.017	0.06219	0.05417
1.014	0.06484	0.05391
1.014	0.06351	0.05748
1.016	0.05824	0.05717
1.018	0.04937	0.05684
1.023	0.04648	0.06166
1.024	0.04598	0.06335
1.019	0.04879	0.06523
1.017	0.05663	0.0677
1.018	0.06091	0.06415
1.017	0.06436	0.06263
1.02	0.06382	0.06081
1.024	0.06086	0.05164
1.019	0.05619	0.05006
1.013	0.04546	0.06719
1.009	0.04533	0.08402
1.009	0.04946	0.07907
1.011	0.04828	0.06818
1.013	0.05264	0.06335
1.02	0.05567	0.05394
1.024	0.0609	0.0483
1.022	0.06851	0.04819
1.023	0.0681	0.04908
1.022	0.06516	0.05704
1.02	0.06124	0.06189
1.02	0.05975	0.05972
1.018	0.05749	0.05939
1.016	0.05088	0.05928
1.013	0.06174	0.06686
1.015	0.03945	0.06463
1.017	0.03076	0.06146
1.018	0.03271	0.05992
1.017	0.04	0.0621
1.014	0.05334	0.06388
1.014	0.06069	0.06591
1.017	0.0624	0.06336
1.018	0.06708	0.0613
1.019	0.06838	0.06195
1.019	0.06674	0.05901
1.02	0.06355	0.059
1.021	0.05891	0.06458
1.021	0.05805	0.07036
1.018	0.05633	0.06863
1.017	0.05539	0.05981
1.017	0.05635	0.05679
1.016	0.05295	0.05899
1.017	0.05169	0.0588
1.018	0.05117	0.05715
1.015	0.04808	0.05713
1.014	0.04762	0.05898
1.015	0.04812	0.05919
1.015	0.05335	0.05922
1.017	0.05772	0.06073
1.018	0.05495	0.06071
1.019	0.05654	0.05933
1.022	0.05941	0.05881
1.024	0.06209	0.06129
1.023	0.06741	0.06588
1.018	0.0626	0.06828
1.014	0.05044	0.06786
1.014	0.04393	0.06758
1.015	0.04585	0.0657
1.016	0.05138	0.06053
1.018	0.05654	0.05662
1.017	0.06268	0.05396
1.014	0.06499	0.05362
1.014	0.06336	0.05714
1.016	0.05787	0.05683
1.018	0.04884	0.05652
1.023	0.04587	0.0614
1.024	0.04536	0.06314
1.019	0.04821	0.06509
1.017	0.05614	0.06764
1.018	0.06054	0.06415
1.017	0.06412	0.06268
1.02	0.06371	0.0609
1.024	0.06086	0.05176
1.019	0.05629	0.05018
1.013	0.04563	0.06731
1.009	0.04555	0.08413
1.009	0.04969	0.07915
1.011	0.0485	0.06824
1.013	0.05283	0.06339
1.02	0.05583	0.05395
1.024	0.06102	0.04829
1.022	0.06858	0.04816
1.023	0.06812	0.04904
1.022	0.06513	0.05699
1.02	0.06119	0.06184
1.02	0.05967	0.05968
1.018	0.05741	0.05935
1.016	0.0508	0.05926
1.016	0.04659	0.05745
1.016	0.04271	0.05671
1.015	0.04221	0.05925
1.014	0.04388	0.06619
1.014	0.04655	0.07281
1.015	0.05227	0.07455
1.013	0.05333	0.07918
1.016	0.05624	0.08107
1.023	0.06051	0.06628
1.026	0.0609	0.04981
1.023	0.06387	0.04502
1.018	0.06378	0.0483
1.015	0.06357	0.05452
1.013	0.06635	0.05717
1.017	0.06395	0.05885
1.021	0.06003	0.0593
1.02	0.05522	0.05835
1.018	0.05032	0.06223
1.013	0.04987	0.06682
1.012	0.04849	0.06665
1.017	0.04668	0.05916
1.018	0.04626	0.0545
1.019	0.04443	0.0579
1.022	0.04728	0.05413
1.021	0.05526	0.05663
1.018	0.06042	0.07005
1.015	0.06311	0.07047
1.014	0.0642	0.06809
1.016	0.06084	0.06913
1.021	0.05592	0.06582
1.024	0.05407	0.06415
1.021	0.05501	0.06283
1.013	0.05796	0.06379
1.009	0.06128	0.06452
1.013	0.05969	0.05972
1.015	0.05307	0.05386
1.016	0.05052	0.05085
1.019	0.05226	0.05677
1.019	0.04906	0.06004
1.019	0.04786	0.05414
1.019	0.05143	0.05361
1.023	0.05083	0.05335
1.025	0.05515	0.05396
1.021	0.06095	0.06432
1.021	0.05919	0.07088
1.018	0.06239	0.071
1.012	0.06555	0.07561
1.013	0.06196	0.07396
1.011	0.05883	0.0575
1.009	0.05603	0.05186
1.013	0.05399	0.06383
1.017	0.04991	0.06664
1.02	0.04693	0.06066
1.021	0.0486	0.05519
1.021	0.04921	0.05084
1.021	0.05393	0.05477
1.017	0.0583	0.0585
1.017	0.05536	0.06002
1.02	0.05549	0.06629
1.02	0.05636	0.06867
1.02	0.05387	0.06813
1.018	0.05351	0.06416
1.017	0.05625	0.05876
1.016	0.06207	0.0613
1.017	0.07331	0.05548
1.018	0.05963	0.04962
1.017	0.05168	0.05034
1.016	0.04777	0.05765
1.016	0.0464	0.06596
1.015	0.04937	0.07002
1.013	0.04873	0.07707
1.015	0.05083	0.08116
1.022	0.05498	0.06813
1.025	0.05578	0.05286
1.021	0.05952	0.04869
1.017	0.06044	0.05208
1.014	0.06131	0.05799
1.012	0.06517	0.06003
1.016	0.06373	0.0609
1.021	0.06061	0.06048
1.02	0.05638	0.05869
1.019	0.05186	0.06184
1.013	0.05158	0.06585
1.013	0.05019	0.0653
1.018	0.04821	0.05761
1.019	0.04753	0.05294
1.019	0.04536	0.05647
1.022	0.04786	0.05294
1.021	0.0555	0.05575
1.018	0.06036	0.06951
1.015	0.06281	0.07027
1.014	0.06373	0.06818
1.016	0.06028	0.06946
1.021	0.05533	0.06632
1.024	0.05351	0.06475
1.021	0.05453	0.06345
1.013	0.05759	0.06438
1.008	0.06103	0.06503
1.013	0.05956	0.06012
1.015	0.05305	0.05414
1.016	0.0506	0.05099
1.019	0.05242	0.05679
1.02	0.04926	0.05997
1.019	0.04808	0.05399
1.019	0.05164	0.05341
1.023	0.05103	0.05312
1.025	0.05531	0.05374
1.022	0.06107	0.06412
1.021	0.05926	0.07072
1.018	0.06242	0.07088
1.012	0.06554	0.07553
1.013	0.06191	0.07393
1.011	0.05877	0.05751
1.008	0.05595	0.05191
1.013	0.05391	0.06389
1.017	0.04984	0.06672
1.02	0.04686	0.06075
1.021	0.04855	0.05527
1.021	0.04917	0.05091
1.021	0.05392	0.05482
1.017	0.0583	0.05854
1.017	0.05537	0.06004
1.02	0.05551	0.06629
1.02	0.05639	0.06866
1.02	0.0539	0.06811
1.018	0.05354	0.06413
1.017	0.05628	0.05873
1.016	0.06209	0.06127
1.016	0.06368	0.05755
1.017	0.05954	0.05325
1.017	0.05795	0.06016
1.017	0.05461	0.06016
1.017	0.05033	0.05694
1.016	0.05196	0.05756
1.017	0.05252	0.05907
1.018	0.05059	0.06607
1.018	0.05217	0.07039
1.018	0.05494	0.06774
1.018	0.05513	0.06286
1.018	0.05421	0.06157
1.018	0.05514	0.06482
1.017	0.05692	0.06369
1.017	0.05816	0.05975
1.016	0.05978	0.05698
1.016	0.05988	0.05664
1.017	0.05791	0.0607
1.019	0.05678	0.0627
1.02	0.05559	0.06031
1.02	0.05376	0.05827
1.018	0.05323	0.05805
1.015	0.05169	0.05889
1.016	0.05012	0.06217
1.02	0.05115	0.0641
1.02	0.05083	0.06058
1.017	0.05221	0.05931
1.017	0.0568	0.06095
1.019	0.05815	0.06124
1.018	0.06123	0.0617
1.016	0.06674	0.06049
1.013	0.06606	0.0613
1.012	0.06169	0.06485
1.015	0.05633	0.06441
1.018	0.05166	0.06305
1.02	0.05115	0.06315
1.022	0.05038	0.06272
1.021	0.04902	0.06242
1.02	0.04737	0.0607
1.019	0.04724	0.05743
1.017	0.05223	0.05814
1.013	0.04974	0.06604
1.013	0.04614	0.06715
1.021	0.05349	0.05348
1.026	0.05765	0.0477
1.023	0.06287	0.05258
1.025	0.06643	0.05202
1.019	0.06314	0.05852
1.006	0.06853	0.0698
1.006	0.06771	0.07132
1.011	0.06044	0.07236
1.011	0.05936	0.07201
1.013	0.0529	0.0706
1.018	0.05106	0.06867
1.024	0.05126	0.05884
1.026	0.04362	0.05489
1.023	0.04241	0.05368
1.023	0.04641	0.0479
1.021	0.05046	0.05007
1.019	0.05347	0.05431
1.016	0.05373	0.06186
1.013	0.05473	0.07146
1.015	0.05738	0.06899
1.016	0.06023	0.06291
1.019	0.02855	0.07432
1.018	0.06064	0.05883
1.016	0.07725	0.05895
1.016	0.07973	0.05543
1.016	0.07344	0.05101
1.016	0.06875	0.05196
1.018	0.06129	0.05468
1.019	0.05149	0.0633
1.019	0.04649	0.06929
1.019	0.0446	0.0681
1.019	0.04225	0.06436
1.019	0.04076	0.0638
1.018	0.04279	0.06737
1.017	0.04687	0.06623
1.016	0.05115	0.06199
1.016	0.05609	0.05873
1.016	0.05936	0.05779
1.016	0.06015	0.06123
1.018	0.06112	0.06265
1.019	0.06131	0.05979
1.02	0.06009	0.05739
1.017	0.05949	0.05696
1.014	0.05731	0.05772
1.016	0.05469	0.06104
1.02	0.05443	0.06311
1.02	0.05273	0.0598
1.017	0.05278	0.05877
1.017	0.0562	0.06066
1.019	0.05663	0.06119
1.019	0.05907	0.06186
1.016	0.06425	0.0608
1.013	0.0635	0.06171
1.012	0.05931	0.0653
1.015	0.0543	0.06487
1.018	0.0501	0.06346
1.02	0.05011	0.0635
1.021	0.04987	0.06298
1.021	0.04899	0.06258
1.02	0.04774	0.06077
1.019	0.04791	0.05742
1.017	0.05308	0.05806
1.013	0.05067	0.0659
1.013	0.04705	0.06699
1.021	0.0543	0.05331
1.026	0.05831	0.04754
1.023	0.06335	0.05244
1.025	0.06671	0.05191
1.019	0.06324	0.05844
1.006	0.06846	0.06975
1.006	0.06751	0.07131
1.011	0.06016	0.07238
1.011	0.05903	0.07205
1.013	0.05256	0.07066
1.018	0.05074	0.06873
1.024	0.05099	0.0589
1.026	0.04342	0.05494
1.023	0.04227	0.05373
1.023	0.04634	0.04793
1.021	0.05045	0.05009
1.019	0.05352	0.05432
1.016	0.05382	0.06185
1.013	0.05484	0.07145
1.015	0.0575	0.06897
1.016	0.06035	0.06288
1.016	0.05892	0.05972
1.018	0.05804	0.06054
1.018	0.06006	0.06341
1.017	0.05921	0.06287
1.017	0.06121	0.0639
1.019	0.06248	0.0615
1.021	0.05695	0.05738
1.018	0.05181	0.05863
1.017	0.04938	0.05747
1.017	0.05173	0.05732
1.015	0.05537	0.05955
1.015	0.055	0.0607
1.016	0.05988	0.06556
1.015	0.06753	0.06819
1.017	0.06443	0.06542
1.02	0.05306	0.06378
1.023	0.04425	0.06243
1.022	0.04431	0.06002
1.022	0.04535	0.05876
1.018	0.04205	0.05808
1.014	0.04403	0.05888
1.014	0.04966	0.06157
1.014	0.05769	0.06415
1.014	0.06571	0.06575
1.016	0.06398	0.06264
1.016	0.06351	0.06016
1.021	0.06264	0.06083
1.027	0.05355	0.04842
1.026	0.05247	0.03141
1.018	0.0622	0.0399
0.999	0.07334	0.0707
0.9903	0.0747	0.08821
1.007	0.06502	0.07948
1.028	0.05513	0.06627
1.043	0.04593	0.05768
1.045	0.04149	0.065
1.027	0.03813	0.08516
1.016	0.03566	0.07827
1.018	0.04043	0.05867
1.011	0.03991	0.0555
1.006	0.04507	0.05546
1.006	0.06113	0.05651
1.003	0.06603	0.05102
1.008	0.06737	0.04382
1.016	0.07197	0.04822
1.021	0.07021	0.05282
1.021	0.06376	0.05569
1.021	0.0593	0.05471
1.027	0.05821	0.05539
1.026	0.05493	0.06263
1.022	0.05144	0.06427
1.02	0.05407	0.0638
1.017	0.0603	0.06175
1.017	0.0606	0.06471
1.016	0.05354	0.08116
1.014	0.04634	0.09005
1.012	0.03834	0.08945
1.012	0.03617	0.08425
1.017	0.0425	0.05816
1.02	0.0452	0.03719
1.02	0.05102	0.04351
1.02	0.0646	0.04299
1.02	0.0708	0.04362
1.02	0.07011	0.05457
1.012	0.08351	0.02978
1.016	0.0628	0.05522
1.017	0.05347	0.07227
1.016	0.0474	0.07833
1.017	0.04838	0.08072
1.019	0.05129	0.07637
1.021	0.04881	0.06848
1.019	0.04723	0.06529
1.018	0.0482	0.05981
1.017	0.0534	0.056
1.015	0.05911	0.05552
1.015	0.05994	0.05498
1.016	0.06523	0.05916
1.015	0.07261	0.06198
1.017	0.06871	0.06005
1.02	0.05623	0.05969
1.023	0.04615	0.05983
1.022	0.04496	0.05894
1.022	0.04489	0.05906
1.018	0.04068	0.0595
1.014	0.04205	0.06111
1.014	0.04735	0.06427
1.014	0.05532	0.06698
1.014	0.06351	0.06843
1.016	0.06212	0.06494
1.016	0.06211	0.06193
1.021	0.06176	0.06201
1.027	0.05317	0.04899
1.026	0.05255	0.03142
1.018	0.06266	0.03944
0.999	0.07407	0.06989
0.9903	0.07559	0.08718
1.007	0.06597	0.07835
1.028	0.05605	0.06517
1.043	0.04673	0.05669
1.045	0.04213	0.0642
1.027	0.03858	0.08458
1.016	0.03591	0.07792
1.018	0.04049	0.05855
1.011	0.03982	0.05558
1.006	0.04485	0.05569
1.006	0.06083	0.05685
1.003	0.06569	0.05142
1.008	0.06702	0.04423
1.016	0.07165	0.0486
1.021	0.06995	0.05315
1.021	0.06356	0.05594
1.021	0.05918	0.05487
1.027	0.05815	0.05547
1.026	0.05494	0.06263
1.022	0.0515	0.06422
1.02	0.05416	0.06369
1.017	0.06042	0.06161
1.017	0.06073	0.06456
1.016	0.05366	0.08101
1.014	0.04645	0.08992
1.012	0.03843	0.08934
1.012	0.03623	0.08418
1.017	0.04254	0.05811
1.02	0.04521	0.03718
1.02	0.051	0.04352
1.02	0.06457	0.04303
1.02	0.07076	0.04367
1.02	0.07006	0.05462
1.017	0.07013	0.04731
1.014	0.06482	0.04782
1.014	0.0583	0.06222
1.014	0.05666	0.06875
1.014	0.05087	0.07558
1.017	0.04815	0.07281
1.021	0.05348	0.06941
1.022	0.05468	0.07031
1.02	0.05781	0.06523
1.018	0.06344	0.06866
1.018	0.05866	0.06837
1.018	0.04781	0.0605
1.016	0.04164	0.05907
1.014	0.04377	0.05747
1.013	0.04886	0.05581
1.017	0.05369	0.0522
1.021	0.05976	0.04898
1.021	0.06013	0.0509
1.021	0.05403	0.05368
1.023	0.05319	0.06189
1.022	0.05878	0.06573
1.018	0.05997	0.05505
1.013	0.05853	0.05309
1.011	0.06016	0.06755
1.012	0.05892	0.07611
1.012	0.05776	0.07505
1.013	0.05848	0.07011
1.012	0.05521	0.06274
1.013	0.05297	0.06157
1.025	0.054	0.06235
1.032	0.05463	0.05824
1.026	0.05492	0.05529
1.023	0.05631	0.05796
1.019	0.05653	0.0664
1.012	0.05392	0.06858
1.011	0.05382	0.06143
1.013	0.05348	0.05788
1.015	0.05148	0.05576
1.016	0.05301	0.05428
1.017	0.05378	0.05591
1.018	0.05409	0.05523
1.017	0.0549	0.05763
1.016	0.05314	0.06584
1.017	0.0533	0.06897
1.023	0.05511	0.06194
1.027	0.0543	0.0561
1.02	0.05306	0.05712
1.014	0.05429	0.058
1.014	0.0593	0.06275
1.017	0.06751	0.067
1.021	0.0687	0.06421
1.017	0.06112	0.06624
1.01	0.05815	0.06976
1.009	0.05526	0.06741
1.015	0.0508	0.06315
1.026	0.05511	0.06128
1.026	0.05451	0.06064
1.016	0.04409	0.05089
1.011	0.04134	0.04565
1.013	0.04524	0.05223
1.013	0.04407	0.05375
1.017	0.04491	0.05976
1.024	0.058	0.06648
1.025	0.07142	0.06214
1.031	0.07876	0.05481
1.019	0.06884	0.06382
1.013	0.05947	0.07827
1.01	0.05627	0.08006
1.009	0.04985	0.08013
1.012	0.0471	0.0705
1.017	0.05275	0.06136
1.019	0.05442	0.05832
1.018	0.05804	0.05129
1.018	0.06407	0.05468
1.019	0.05957	0.05591
1.02	0.04885	0.05069
1.018	0.04268	0.05255
1.016	0.0447	0.05443
1.015	0.04958	0.05603
1.018	0.05416	0.05519
1.022	0.05997	0.05403
1.022	0.0601	0.05723
1.022	0.05379	0.0605
1.023	0.05279	0.0685
1.021	0.05829	0.07156
1.018	0.05944	0.0597
1.012	0.05802	0.05633
1.01	0.0597	0.06932
1.012	0.05856	0.07649
1.011	0.05751	0.07423
1.013	0.05833	0.06836
1.012	0.05517	0.06037
1.013	0.05303	0.05889
1.025	0.05413	0.05965
1.032	0.0548	0.05576
1.027	0.05512	0.05321
1.024	0.05652	0.0564
1.019	0.05672	0.06539
1.012	0.05408	0.06813
1.012	0.05394	0.06148
1.014	0.05356	0.05833
1.015	0.05152	0.0565
1.016	0.05301	0.05521
1.017	0.05374	0.05689
1.018	0.05404	0.05618
1.017	0.05484	0.05847
1.016	0.05306	0.06651
1.017	0.05323	0.06944
1.023	0.05505	0.0622
1.027	0.05425	0.05617
1.02	0.05302	0.05702
1.014	0.05427	0.05778
1.014	0.0593	0.06244
1.017	0.06752	0.06664
1.021	0.06872	0.06386
1.017	0.06114	0.06591
1.01	0.05818	0.06949
1.009	0.05529	0.0672
1.015	0.05082	0.06301
1.026	0.05514	0.06122
1.026	0.05453	0.06064
1.016	0.0441	0.05095
1.011	0.04135	0.04575
1.013	0.04524	0.05235
1.013	0.04407	0.05388
1.017	0.0449	0.05988
1.024	0.05799	0.06659
1.025	0.07141	0.06223
1.023	0.07597	0.06091
1.023	0.07335	0.0658
1.016	0.06111	0.07549
1.009	0.05088	0.07533
1.009	0.05146	0.06527
1.022	0.05233	0.07158
1.037	0.05103	0.07477
1.025	0.05118	0.06155
0.9893	0.05458	0.04856
0.9802	0.05794	0.03815
1.012	0.0525	0.04559
1.029	0.04369	0.06017
1.029	0.0457	0.06309
1.045	0.06434	0.06921
1.036	0.07918	0.06785
1.011	0.06969	0.0571
1.012	0.0545	0.05221
1.012	0.04109	0.04889
1.015	0.03417	0.05603
1.019	0.04371	0.06771
1.016	0.04756	0.06953
1.016	0.05515	0.07101
1.012	0.07037	0.07037
1.012	0.06879	0.05983
1.011	0.06382	0.04846
1.013	0.05449	0.05055
1.027	0.04568	0.0608
1.028	0.04964	0.06749
1.023	0.04842	0.07222
1.021	0.04986	0.07268
1.017	0.05461	0.06631
1.019	0.0581	0.05548
1.017	0.06773	0.05206
1.013	0.06927	0.05861
1.011	0.06807	0.05929
1.009	0.06982	0.06168
1.012	0.06561	0.07108
1.016	0.05708	0.06866
1.017	0.04317	0.05065
1.02	0.03705	0.04159
1.028	0.04379	0.05173
1.033	0.04653	0.05485
1.022	0.04547	0.06108
1.011	0.04661	0.07671
1.01	0.04931	0.07233
1.012	0.05323	0.07018
1.017	0.05662	0.07083
1.018	0.06043	0.06159
1.019	0.06256	0.06744
1.023	0.06106	0.06628
1.02	0.05909	0.05297
1.017	0.05442	0.04407
1.017	0.05	0.03847
1.017	0.05096	0.05529
1.018	0.05747	0.07334
1.013	0.07143	0.07934
1.011	0.07818	0.08586
1.014	0.0719	0.07022
1.013	0.06362	0.05368
1.015	0.04892	0.05442
1.022	0.03868	0.0471
1.028	0.04094	0.04581
1.027	0.04403	0.04702
1.022	0.05025	0.04137
1.01	0.06012	0.06487
1.018	0.05754	0.05728
1.016	0.04832	0.06464
1.012	0.04268	0.06789
1.013	0.04831	0.0637
1.026	0.05387	0.07616
1.04	0.05637	0.08438
1.027	0.05916	0.07437
0.9902	0.06393	0.06258
0.98	0.06748	0.05151
1.011	0.06124	0.05681
1.028	0.0509	0.06828
1.027	0.05093	0.06759
1.043	0.0674	0.07012
1.034	0.08012	0.06556
1.01	0.06878	0.05225
1.011	0.05211	0.04562
1.011	0.03769	0.04143
1.015	0.03024	0.04851
1.019	0.03968	0.06082
1.017	0.04381	0.06379
1.017	0.05198	0.06677
1.013	0.06796	0.06777
1.013	0.06723	0.05883
1.012	0.06311	0.0489
1.013	0.05454	0.05216
1.027	0.04636	0.06324
1.029	0.05079	0.07042
1.023	0.04985	0.0753
1.021	0.0514	0.07561
1.016	0.0561	0.06887
1.018	0.05942	0.0575
1.017	0.06878	0.05347
1.012	0.07003	0.05938
1.01	0.0685	0.05946
1.009	0.06995	0.06136
1.011	0.06548	0.07037
1.016	0.05675	0.06769
1.017	0.04269	0.04956
1.02	0.0365	0.0405
1.028	0.04323	0.05072
1.033	0.04601	0.05402
1.022	0.04504	0.06046
1.011	0.04627	0.07632
1.01	0.04909	0.07216
1.012	0.05313	0.07021
1.017	0.05663	0.07103
1.018	0.06052	0.06191
1.019	0.06272	0.06782
1.023	0.06125	0.06668
1.02	0.05929	0.05336
1.017	0.05462	0.04441
1.017	0.05017	0.03874
1.017	0.0511	0.05547
1.018	0.05757	0.07344
1.013	0.07149	0.07936
1.011	0.07819	0.08581
1.014	0.07188	0.07012
1.013	0.06357	0.05355
1.015	0.04886	0.05427
1.022	0.03861	0.04696
1.028	0.04086	0.04568
1.027	0.04396	0.04691
1.022	0.05019	0.04128
1.014	0.0532	0.05149
1.011	0.05233	0.06068
1.015	0.05487	0.06583
1.017	0.05486	0.07864
1.018	0.0572	0.0783
1.023	0.05724	0.07688
1.023	0.05372	0.0821
1.015	0.05723	0.07507
1.011	0.05749	0.06037
1.014	0.05498	0.05071
1.013	0.05244	0.0518
1.012	0.04878	0.0539
1.016	0.0548	0.05692
1.017	0.0594	0.06337
1.019	0.05764	0.06128
1.022	0.06267	0.05912
1.023	0.06829	0.05664
1.025	0.06748	0.05292
1.024	0.06516	0.05665
1.025	0.06342	0.05724
1.023	0.05553	0.06078
1.014	0.04432	0.0642
1.012	0.04027	0.05782
1.011	0.03828	0.05867
1.01	0.04033	0.06269
1.01	0.04691	0.06491
1.009	0.0474	0.06967
1.014	0.05142	0.06916
1.02	0.05947	0.06558
1.021	0.06119	0.06033
1.024	0.0628	0.0569
1.026	0.06212	0.05903
1.026	0.0612	0.05905
1.019	0.06765	0.05959
1.015	0.06753	0.06324
1.015	0.06112	0.06511
1.012	0.06305	0.06609
1.011	0.06098	0.06656
1.016	0.05065	0.06464
1.019	0.0481	0.06041
1.02	0.0476	0.05777
1.018	0.04494	0.05876
1.016	0.04666	0.05647
1.02	0.0466	0.04854
1.02	0.04853	0.04659
1.019	0.05623	0.05582
1.019	0.05879	0.06472
1.017	0.05679	0.06853
1.016	0.05843	0.07041
1.016	0.0602	0.06723
1.017	0.05543	0.0641
1.019	0.05225	0.0641
1.019	0.05521	0.05983
1.016	0.05751	0.05828
1.016	0.05975	0.06355
1.016	0.05928	0.06543
1.016	0.05697	0.06347
1.017	0.05571	0.06217
1.016	0.05277	0.06208
1.018	0.05814	0.06214
1.022	0.06599	0.06235
1.022	0.06111	0.06197
1.02	0.05201	0.05415
1.017	0.04688	0.04617
1.014	0.04039	0.03831
1.012	0.04854	0.05112
1.017	0.05611	0.05889
1.019	0.05829	0.07366
1.02	0.06092	0.07486
1.024	0.06009	0.0747
1.023	0.05518	0.08097
1.015	0.05716	0.07482
1.011	0.05609	0.06084
1.014	0.05259	0.05173
1.012	0.04948	0.0532
1.011	0.04568	0.05551
1.015	0.05192	0.05858
1.017	0.05702	0.06495
1.019	0.05594	0.06267
1.021	0.06172	0.06025
1.023	0.06808	0.05745
1.025	0.06793	0.05341
1.024	0.06612	0.05683
1.026	0.06473	0.05715
1.023	0.05701	0.06047
1.014	0.04583	0.06375
1.012	0.04165	0.05728
1.011	0.03944	0.05811
1.01	0.04119	0.06216
1.01	0.04746	0.06445
1.009	0.04763	0.0693
1.014	0.05136	0.0689
1.02	0.05918	0.06544
1.021	0.06073	0.06029
1.024	0.06225	0.05695
1.026	0.06153	0.05915
1.025	0.06063	0.05922
1.019	0.06716	0.05978
1.015	0.06714	0.06343
1.015	0.06085	0.06528
1.012	0.06289	0.06623
1.011	0.06094	0.06666
1.016	0.05071	0.06471
1.019	0.04824	0.06044
1.02	0.04778	0.05776
1.018	0.04515	0.05873
1.016	0.04687	0.05641
1.02	0.0468	0.04847
1.02	0.04869	0.04652
1.019	0.05635	0.05575
1.019	0.05886	0.06466
1.017	0.05682	0.06849
1.016	0.05843	0.07037
1.016	0.06016	0.06721
1.017	0.05537	0.06409
1.019	0.05217	0.06411
1.019	0.05513	0.05985
1.016	0.05744	0.0583
1.016	0.05968	0.06358
1.016	0.05922	0.06545
1.016	0.05693	0.06349
1.017	0.05569	0.06219
1.016	0.05276	0.0621
1.018	0.05814	0.06215
1.022	0.06601	0.06235
1.022	0.06113	0.06197
1.02	0.05204	0.05414
1.017	0.04691	0.04616
1.016	0.04715	0.05059
1.016	0.04844	0.0546
1.014	0.05099	0.05566
1.013	0.05619	0.06325
1.016	0.05407	0.06572
1.022	0.05328	0.06451
1.023	0.05675	0.06707
1.018	0.05736	0.06912
1.016	0.06231	0.07253
1.018	0.06318	0.07172
1.017	0.05898	0.06929
1.018	0.05642	0.06891
1.018	0.05189	0.06239
1.015	0.05192	0.05686
1.014	0.05325	0.05383
1.014	0.05303	0.05232
1.018	0.05443	0.05385
1.021	0.05396	0.05273
1.02	0.0538	0.05424
1.02	0.05225	0.05664
1.02	0.0518	0.05896
1.015	0.05635	0.06379
1.015	0.06184	0.06385
1.019	0.06563	0.06291
1.021	0.06434	0.06074
1.016	0.06121	0.0591
1.012	0.0557	0.06377
1.013	0.04758	0.06613
1.018	0.04507	0.06928
1.021	0.04527	0.07316
1.02	0.04677	0.06738
1.02	0.05212	0.06029
1.02	0.05857	0.06067
1.016	0.06108	0.05982
1.013	0.0569	0.04953
1.014	0.05645	0.04484
1.018	0.0632	0.05483
1.022	0.06602	0.06251
1.02	0.06077	0.06421
1.017	0.0531	0.0614
1.015	0.05096	0.05796
1.016	0.05367	0.06514
1.02	0.05474	0.06897
1.02	0.0535	0.06623
1.016	0.05406	0.06673
1.015	0.05365	0.06389
1.017	0.04835	0.06399
1.019	0.04782	0.06502
1.019	0.05182	0.05988
1.017	0.05173	0.056
1.016	0.05376	0.05414
1.016	0.05678	0.05682
1.017	0.05759	0.05739
1.018	0.06251	0.05308
1.019	0.06503	0.05517
1.018	0.062	0.0613
1.017	0.06037	0.06822
1.018	0.05802	0.06933
1.017	0.05685	0.06581
1.018	0.0578	0.06717
1.018	0.0543	0.06582
1.017	0.0508	0.06328
1.016	0.05043	0.06274
1.016	0.0502	0.06067
1.024	0.04999	0.06345
1.02	0.05052	0.05763
1.015	0.05236	0.05139
1.012	0.05696	0.05427
1.014	0.05436	0.05444
1.02	0.05322	0.05293
1.022	0.05648	0.05676
1.017	0.05699	0.06109
1.016	0.06192	0.06735
1.018	0.06283	0.06949
1.018	0.05872	0.06979
1.019	0.05626	0.07166
1.018	0.05185	0.06676
1.015	0.05197	0.06216
1.014	0.05337	0.05941
1.015	0.0532	0.05761
1.018	0.05462	0.0584
1.021	0.05416	0.05624
1.02	0.05397	0.05654
1.02	0.05239	0.05773
1.019	0.0519	0.05894
1.015	0.0564	0.06283
1.015	0.06185	0.0622
1.019	0.0656	0.06082
1.021	0.06428	0.05848
1.016	0.06113	0.05689
1.012	0.05561	0.0618
1.013	0.04749	0.06453
1.018	0.04499	0.06813
1.021	0.0452	0.07248
1.02	0.04672	0.06716
1.02	0.05209	0.06046
1.02	0.05855	0.06115
1.016	0.06108	0.06051
1.013	0.05691	0.05034
1.014	0.05648	0.04567
1.018	0.06323	0.0556
1.022	0.06606	0.06317
1.02	0.0608	0.06471
1.017	0.05313	0.06174
1.015	0.05098	0.05812
1.016	0.05368	0.06515
1.02	0.05475	0.06885
1.02	0.0535	0.06601
1.016	0.05406	0.06645
1.015	0.05364	0.06359
1.017	0.04833	0.0637
1.019	0.04781	0.06476
1.019	0.05181	0.05966
1.017	0.05172	0.05585
1.016	0.05375	0.05405
1.016	0.05677	0.0568
1.017	0.05759	0.05741
1.018	0.0625	0.05315
1.019	0.06503	0.05526
1.018	0.062	0.0614
1.017	0.06037	0.06833
1.018	0.05803	0.06944
1.017	0.05685	0.0659
1.018	0.05781	0.06724
1.018	0.0543	0.06586
1.017	0.05081	0.0633
1.016	0.05043	0.06274
1.016	0.0502	0.06066
1.019	0.05078	0.05823
1.024	0.05061	0.05281
1.022	0.05155	0.05215
1.016	0.05475	0.0569
1.012	0.05634	0.05927
1.012	0.05646	0.06545
1.013	0.05646	0.07038
1.017	0.05713	0.06594
1.022	0.05735	0.0602
1.019	0.05554	0.0577
1.019	0.05538	0.05594
1.02	0.058	0.05704
1.018	0.05813	0.06251
1.02	0.05471	0.06714
1.018	0.05367	0.0671
1.017	0.05701	0.06059
1.019	0.06003	0.05241
1.017	0.05982	0.05394
1.015	0.0579	0.06332
1.014	0.05639	0.06855
1.016	0.05665	0.06846
1.017	0.05481	0.06672
1.015	0.04596	0.05957
1.016	0.04188	0.05437
1.017	0.04799	0.05851
1.018	0.05151	0.0593
1.02	0.05553	0.05934
1.022	0.05946	0.06314
1.025	0.05677	0.06151
1.024	0.05735	0.061
1.022	0.06	0.06262
1.016	0.06184	0.06452
1.008	0.06279	0.06558
1.008	0.05921	0.05657
1.011	0.05844	0.053
1.014	0.05714	0.06053
1.018	0.05208	0.06285
1.021	0.0504	0.06352
1.022	0.05092	0.06336
1.022	0.05375	0.06149
1.022	0.05557	0.06385
1.02	0.05424	0.06347
1.017	0.05386	0.05899
1.017	0.05254	0.05757
1.016	0.05256	0.05897
1.014	0.0562	0.06156
1.015	0.05889	0.06317
1.015	0.05822	0.06143
1.016	0.05417	0.0594
1.021	0.05078	0.05974
1.023	0.05228	0.06016
1.02	0.05618	0.06016
1.017	0.05832	0.06349
1.016	0.05819	0.06912
1.014	0.05748	0.06958
1.014	0.05673	0.06323
1.019	0.05599	0.05676
1.023	0.05595	0.05507
1.02	0.0555	0.05564
1.016	0.05435	0.05607
1.013	0.05458	0.05849
1.013	0.05645	0.06125
1.016	0.05797	0.06146
1.018	0.05648	0.06176
1.016	0.05232	0.07543
1.024	0.05242	0.06082
1.024	0.05288	0.05486
1.018	0.05524	0.05688
1.015	0.05592	0.05817
1.014	0.05524	0.0642
1.014	0.05466	0.06944
1.017	0.05503	0.06545
1.021	0.0552	0.06012
1.018	0.05358	0.05791
1.018	0.05377	0.05627
1.018	0.05686	0.05734
1.017	0.0575	0.06268
1.019	0.05456	0.06711
1.017	0.05394	0.06687
1.016	0.05762	0.06017
1.018	0.06087	0.05184
1.017	0.06077	0.05328
1.016	0.05886	0.06265
1.015	0.05727	0.06793
1.016	0.05738	0.06793
1.017	0.05535	0.06633
1.015	0.0463	0.05932
1.016	0.04201	0.05428
1.018	0.04794	0.05856
1.018	0.05132	0.05947
1.02	0.05523	0.0596
1.022	0.0591	0.06345
1.025	0.0564	0.06183
1.024	0.05699	0.06132
1.021	0.05968	0.0629
1.016	0.06159	0.06475
1.008	0.06262	0.06574
1.008	0.05912	0.05667
1.011	0.05842	0.05304
1.013	0.05718	0.06051
1.018	0.05217	0.06279
1.021	0.05052	0.06343
1.022	0.05105	0.06325
1.022	0.05388	0.06138
1.022	0.0557	0.06374
1.02	0.05434	0.06338
1.017	0.05393	0.05891
1.017	0.05258	0.05753
1.016	0.05258	0.05895
1.014	0.05619	0.06155
1.015	0.05887	0.06319
1.015	0.05819	0.06146
1.016	0.05412	0.05944
1.021	0.05073	0.05978
1.023	0.05223	0.0602
1.02	0.05614	0.06019
1.017	0.05829	0.06352
1.016	0.05816	0.06914
1.014	0.05747	0.0696
1.014	0.05673	0.06323
1.019	0.056	0.05676
1.023	0.05596	0.05506
1.02	0.05552	0.05563
1.016	0.05436	0.05606
1.013	0.05459	0.05848
1.013	0.05646	0.06123
1.016	0.05799	0.06145
1.018	0.05649	0.06175
1.018	0.05276	0.06323
1.02	0.0514	0.06199
1.02	0.05371	0.0617
1.019	0.05664	0.06871
1.019	0.05625	0.07009
1.02	0.05291	0.06204
1.018	0.05216	0.06204
1.016	0.05548	0.06318
1.016	0.05707	0.05686
1.016	0.05641	0.05585
1.016	0.05783	0.05541
1.016	0.05683	0.0518
1.017	0.05205	0.05554
1.017	0.05058	0.06144
1.018	0.05379	0.06224
1.018	0.05924	0.05962
1.018	0.0625	0.05865
1.019	0.05962	0.06531
1.017	0.05303	0.07104
1.015	0.05019	0.06931
1.017	0.0534	0.06577
1.021	0.05444	0.06182
1.023	0.05462	0.06118
1.019	0.05991	0.06124
1.016	0.06029	0.05709
1.016	0.05318	0.05739
1.016	0.0515	0.06338
1.016	0.05639	0.06611
1.017	0.05852	0.06205
1.017	0.05723	0.05795
1.017	0.0554	0.05751
1.017	0.05346	0.05875
1.017	0.05305	0.0628
1.018	0.05148	0.06198
1.019	0.0502	0.05735
1.018	0.05401	0.05686
1.017	0.05631	0.05713
1.018	0.05615	0.06044
1.018	0.05743	0.064
1.017	0.05745	0.06451
1.018	0.05804	0.06286
1.018	0.05803	0.05848
1.017	0.05631	0.0589
1.015	0.05618	0.06052
1.015	0.05514	0.06251
1.017	0.05362	0.06841
1.016	0.05277	0.06845
1.016	0.05256	0.06446
1.022	0.05504	0.0616
1.025	0.05554	0.05923
1.023	0.05372	0.05913
1.021	0.05555	0.06223
1.013	0.05953	0.0632
1.009	0.06147	0.05718
1.015	0.05972	0.05692
1.017	0.05581	0.05981
1.017	0.05267	0.0541
1.02	0.05142	0.05472
1.018	0.05163	0.06199
1.017	0.0522	0.06365
1.018	0.05362	0.06288
1.019	0.05535	0.06141
1.021	0.05474	0.0611
1.018	0.05178	0.06344
