0.9712	-0.1594	0.3022
0.9922	-0.1253	0.2538
1.008	-0.1675	0.2182
1.071	-0.2276	0.2553
1.071	-0.1751	0.289
1.057	-0.1537	0.2544
1.133	-0.236	0.2186
1.262	-0.3147	0.2067
1.443	-0.3564	0.2109
1.503	-0.3564	0.272
1.264	-0.389	0.3091
1.039	-0.4965	0.246
1.126	-0.5773	0.1259
1.196	-0.5853	0.009398
1.073	-0.5804	-0.0314
1.036	-0.5974	0.02213
0.9967	-0.5873	0.09223
0.9492	-0.5336	0.08594
1.055	-0.4246	0.0141
1.076	-0.267	-0.05214
1.018	-0.2431	-0.05383
0.9195	-0.2941	0.003008
0.7599	-0.2291	0.01869
0.79	-0.2264	0.01172
0.8355	-0.2534	0.02204
0.7524	-0.1902	0.01535
0.7294	-0.2123	0.02265
0.6534	-0.2376	0.01769
0.5323	-0.2186	0.00333
0.5498	-0.2344	0.002719
0.6667	-0.1826	-0.01366
0.8154	-0.1279	-0.01963
0.9723	-0.1172	-0.03211
1.044	-0.1048	-0.02589
1.026	-0.09818	0.01744
1.018	-0.03162	0.05596
0.9819	0.05268	0.08861
0.9513	0.0772	0.04053
1.007	0.03431	-0.02838
1.059	-0.03623	-0.007265
1.068	-0.05913	0.01925
1.047	-0.07802	0.03199
1.037	-0.1083	0.03245
1.091	-0.1287	0.01266
1.156	-0.1566	0.00594
1.212	-0.1939	-0.0347
1.302	-0.267	-0.07072
1.467	-0.3204	-0.04063
1.582	-0.338	-0.02143
1.528	-0.3538	-0.04047
1.458	-0.3515	-0.07182
1.373	-0.4296	-0.1024
1.173	-0.5853	-0.0829
1.038	-0.6342	-0.02834
1.048	-0.5096	0.01152
1.089	-0.3603	0.05193
1.088	-0.3268	0.06027
1.015	-0.2899	0.04299
0.9272	-0.2294	0.06421
0.8883	-0.2254	0.06742
0.8325	-0.1582	0.05252
0.7417	-0.09428	0.03932
0.6918	-0.1212	-0.006588
0.6591	-0.1396	0.002275
0.6404	-0.1828	0.0477
0.6728	-0.2086	0.07184
0.6881	-0.1597	0.1085
0.7219	-0.139	0.09273
0.8222	-0.161	0.07952
0.9061	-0.1938	0.1414
0.9609	-0.2259	0.199
0.9655	-0.2428	0.2465
0.9197	-0.2263	0.2642
0.8694	-0.1594	0.2564
0.833	-0.07779	0.2591
0.8801	-0.05039	0.2223
0.9699	-0.1396	0.1924
1.016	-0.2273	0.2262
1.016	-0.1924	0.2539
1	-0.1756	0.2241
1.044	-0.2071	0.1699
1.124	-0.2345	0.1513
1.231	-0.3346	0.1909
1.363	-0.4085	0.2574
1.403	-0.3546	0.2892
1.415	-0.3244	0.3098
1.397	-0.3769	0.3237
1.211	-0.4346	0.2578
1.04	-0.4927	0.1802
1.017	-0.4953	0.1227
1.012	-0.4271	0.07856
0.9976	-0.3821	0.1013
1.012	-0.3305	0.0973
0.9962	-0.2767	0.05593
0.9462	-0.239	0.05323
0.9213	-0.1572	0.06011
0.8722	-0.1288	0.0711
0.7905	-0.1661	0.06463
0.7222	-0.1782	0.05005
0.6584	-0.1968	0.03753
0.6356	-0.2005	-0.001617
0.6319	-0.1928	-0.0121
0.6422	-0.2101	0.006724
0.7286	-0.2315	0.01664
0.8495	-0.2403	0.03131
0.9539	-0.1782	0.0394
0.994	-0.06979	0.03979
0.9982	-0.02931	0.02781
1.024	-0.05579	0.009129
1.017	-0.05777	0.02559
1.015	-0.02572	0.05997
1.024	-0.02	0.07113
0.9989	-0.02501	0.06164
0.9924	-0.0234	0.04303
1.003	-0.03892	0.03222
1.037	-0.08997	0.02822
1.094	-0.1734	0.01793
1.122	-0.1902	0.01586
1.193	-0.1338	-0.000289
1.407	-0.1394	-0.05747
1.647	-0.2364	-0.09629
1.697	-0.3535	-0.07176
1.626	-0.4403	-0.02566
1.581	-0.5175	-0.006506
1.431	-0.5228	-0.03088
1.167	-0.423	-0.07318
0.9928	-0.3845	-0.06689
0.9841	-0.3674	-0.01812
0.6404	-0.1828	0.0477
0.6728	-0.2086	0.07184
0.6881	-0.1597	0.1085
0.7219	-0.139	0.09273
0.8222	-0.161	0.07952
0.9061	-0.1938	0.1414
0.9609	-0.2259	0.199
0.9655	-0.2428	0.2465
0.9197	-0.2263	0.2642
0.8694	-0.1594	0.2564
0.833	-0.07779	0.2591
0.8801	-0.05039	0.2223
0.9699	-0.1396	0.1924
1.016	-0.2273	0.2262
1.016	-0.1924	0.2539
1	-0.1756	0.2241
1.044	-0.2071	0.1699
1.124	-0.2345	0.1513
1.231	-0.3346	0.1909
1.363	-0.4085	0.2574
1.403	-0.3546	0.2892
1.415	-0.3244	0.3098
1.397	-0.3769	0.3237
1.211	-0.4346	0.2578
1.04	-0.4927	0.1802
1.017	-0.4953	0.1227
1.012	-0.4271	0.07856
0.9976	-0.3821	0.1013
1.012	-0.3305	0.0973
0.9962	-0.2767	0.05593
0.9462	-0.239	0.05323
0.9213	-0.1572	0.06011
0.8722	-0.1288	0.0711
0.7905	-0.1661	0.06463
0.7222	-0.1782	0.05005
0.6584	-0.1968	0.03753
0.6356	-0.2005	-0.001617
0.6319	-0.1928	-0.0121
0.6422	-0.2101	0.006724
0.7286	-0.2315	0.01664
0.8495	-0.2403	0.03131
0.9539	-0.1782	0.0394
0.994	-0.06979	0.03979
0.9982	-0.02931	0.02781
1.024	-0.05579	0.009129
1.017	-0.05777	0.02559
1.015	-0.02572	0.05997
1.024	-0.02	0.07113
0.9989	-0.02501	0.06164
0.9924	-0.0234	0.04303
1.003	-0.03892	0.03222
1.037	-0.08997	0.02822
1.094	-0.1734	0.01793
1.122	-0.1902	0.01586
1.193	-0.1338	-0.000289
1.407	-0.1394	-0.05747
1.647	-0.2364	-0.09629
1.697	-0.3535	-0.07176
1.626	-0.4403	-0.02566
1.581	-0.5175	-0.006506
1.431	-0.5228	-0.03088
1.167	-0.423	-0.07318
0.9928	-0.3845	-0.06689
0.9841	-0.3674	-0.01812
1.082	-0.3337	0.01509
1.139	-0.3885	0.03324
1.061	-0.3871	0.05149
0.9721	-0.3234	0.0788
0.959	-0.2698	0.07142
0.9185	-0.1956	0.02217
0.798	-0.1637	0.01176
0.6643	-0.1072	0.01013
0.5668	-0.08109	-0.003225
0.5254	-0.1284	0.001207
0.546	-0.1186	0.0183
0.6264	-0.127	0.06962
0.7641	-0.1481	0.09086
0.8893	-0.166	0.08139
0.9314	-0.2265	0.1137
0.9329	-0.2477	0.1584
0.9427	-0.2426	0.2132
0.945	-0.2171	0.2363
0.9207	-0.1814	0.2182
0.8974	-0.1619	0.2307
0.9142	-0.1245	0.2516
0.951	-0.1097	0.26
1.007	-0.1379	0.2338
1.077	-0.2183	0.1955
1.087	-0.3037	0.2246
1.072	-0.2978	0.2548
1.122	-0.2766	0.2337
1.245	-0.3204	0.2018
1.428	-0.3892	0.1701
1.525	-0.4433	0.193
1.372	-0.4237	0.2564
1.109	-0.3493	0.2518
0.9687	-0.3547	0.1728
0.9809	-0.4268	0.08148
1.036	-0.4617	0.05211
1.032	-0.4146	0.06062
1.018	-0.3182	0.03187
1.009	-0.3117	0.053
0.9497	-0.313	0.102
0.9231	-0.2217	0.08421
0.9196	-0.167	0.06284
0.8828	-0.139	0.03105
0.8561	-0.1489	0.0158
0.7541	-0.186	0.03112
0.6051	-0.1806	0.004212
0.5878	-0.2059	-0.002037
0.6568	-0.2199	-0.003327
0.6937	-0.2157	-0.02223
0.7613	-0.2004	0.001265
0.8856	-0.1192	0.01201
0.9769	-0.06332	0.01454
1.055	-0.03919	0.02103
1.089	-0.04925	0.01244
1.034	-0.09544	0.02612
0.9982	-0.09424	0.03257
0.9781	-0.07393	0.03391
0.9722	-0.05357	0.0456
1.018	-0.08684	0.03825
1.048	-0.159	0.02957
1.047	-0.1487	0.01823
1.043	-0.119	0.006096
1.087	-0.1172	-0.01151
1.19	-0.1657	-0.05279
1.3	-0.2666	-0.06801
1.082	-0.3337	0.01509
1.139	-0.3885	0.03324
1.061	-0.3871	0.05149
0.9721	-0.3234	0.0788
0.959	-0.2698	0.07142
0.9185	-0.1956	0.02217
0.798	-0.1637	0.01176
0.6643	-0.1072	0.01013
0.5668	-0.08109	-0.003225
0.5254	-0.1284	0.001207
0.546	-0.1186	0.0183
0.6264	-0.127	0.06962
0.7641	-0.1481	0.09086
0.8893	-0.166	0.08139
0.9314	-0.2265	0.1137
0.9329	-0.2477	0.1584
0.9427	-0.2426	0.2132
0.945	-0.2171	0.2363
0.9207	-0.1814	0.2182
0.8974	-0.1619	0.2307
0.9142	-0.1245	0.2516
0.951	-0.1097	0.26
1.007	-0.1379	0.2338
1.077	-0.2183	0.1955
1.087	-0.3037	0.2246
1.072	-0.2978	0.2548
1.122	-0.2766	0.2337
1.245	-0.3204	0.2018
1.428	-0.3892	0.1701
1.525	-0.4433	0.193
1.372	-0.4237	0.2564
1.109	-0.3493	0.2518
0.9687	-0.3547	0.1728
0.9809	-0.4268	0.08148
1.036	-0.4617	0.05211
1.032	-0.4146	0.06062
1.018	-0.3182	0.03187
1.009	-0.3117	0.053
0.9497	-0.313	0.102
0.9231	-0.2217	0.08421
0.9196	-0.167	0.06284
0.8828	-0.139	0.03105
0.8561	-0.1489	0.0158
0.7541	-0.186	0.03112
0.6051	-0.1806	0.004212
0.5878	-0.2059	-0.002037
0.6568	-0.2199	-0.003327
0.6937	-0.2157	-0.02223
0.7613	-0.2004	0.001265
0.8856	-0.1192	0.01201
0.9769	-0.06332	0.01454
1.055	-0.03919	0.02103
1.089	-0.04925	0.01244
1.034	-0.09544	0.02612
0.9982	-0.09424	0.03257
0.9781	-0.07393	0.03391
0.9722	-0.05357	0.0456
1.018	-0.08684	0.03825
1.048	-0.159	0.02957
1.047	-0.1487	0.01823
1.043	-0.119	0.006096
1.087	-0.1172	-0.01151
1.19	-0.1657	-0.05279
1.3	-0.2666	-0.06801
1.395	-0.2853	-0.05326
1.504	-0.2608	-0.04023
1.661	-0.2791	-0.02238
1.668	-0.3357	-0.02919
1.509	-0.5217	-0.06158
1.431	-0.7233	-0.06789
1.263	-0.6526	-0.02933
0.9821	-0.446	0.01759
0.9552	-0.3535	0.02597
1.075	-0.2803	0.05612
1.069	-0.2679	0.1293
0.9919	-0.2944	0.1287
0.9069	-0.2028	0.08875
0.8218	-0.174	0.07902
0.7576	-0.1712	0.0448
0.6694	-0.1203	0.02183
0.6034	-0.1489	0.02691
0.6325	-0.1361	0.03001
0.6361	-0.1171	0.04428
0.6282	-0.1216	0.04576
0.6944	-0.09893	0.05236
0.762	-0.1463	0.0884
0.8427	-0.1999	0.1511
0.9109	-0.2643	0.2253
0.9467	-0.3197	0.244
0.9703	-0.2909	0.2293
0.922	-0.2463	0.2334
0.8907	-0.177	0.2372
0.9091	-0.1529	0.2414
0.9252	-0.1876	0.2497
0.9688	-0.1785	0.2591
0.9843	-0.1626	0.2641
0.9955	-0.1564	0.2532
1.07	-0.1816	0.2284
1.164	-0.2819	0.2128
1.241	-0.41	0.2357
1.293	-0.4853	0.2594
1.343	-0.5039	0.2462
1.373	-0.5006	0.2397
1.359	-0.3897	0.2464
1.269	-0.2481	0.2324
1.061	-0.3012	0.2076
0.9031	-0.4388	0.1872
0.9327	-0.4842	0.1827
1.016	-0.4313	0.1562
1.06	-0.3	0.04434
1.054	-0.2393	-0.03735
0.9716	-0.2722	0.02753
0.8734	-0.265	0.1078
0.8428	-0.2535	0.1118
0.8637	-0.2419	0.08087
0.8641	-0.1991	0.02438
0.8215	-0.1667	-0.01548
0.7597	-0.1425	-0.01234
0.6976	-0.1428	-0.005513
0.6971	-0.1729	0.0009707
0.7615	-0.2137	0.0006261
0.8201	-0.2289	-0.001295
0.8853	-0.1959	0.02133
0.9254	-0.155	0.03674
0.9379	-0.1023	0.03057
1.006	-0.05174	0.01875
1.068	-0.01326	0.009991
1.061	0.00685	0.01398
1.395	-0.2853	-0.05326
1.504	-0.2608	-0.04023
1.661	-0.2791	-0.02238
1.668	-0.3357	-0.02919
1.509	-0.5217	-0.06158
1.431	-0.7233	-0.06789
1.263	-0.6526	-0.02933
0.9821	-0.446	0.01759
0.9552	-0.3535	0.02597
1.075	-0.2803	0.05612
1.069	-0.2679	0.1293
0.9919	-0.2944	0.1287
0.9069	-0.2028	0.08875
0.8218	-0.174	0.07902
0.7576	-0.1712	0.0448
0.6694	-0.1203	0.02183
0.6034	-0.1489	0.02691
0.6325	-0.1361	0.03001
0.6361	-0.1171	0.04428
0.6282	-0.1216	0.04576
0.6944	-0.09893	0.05236
0.762	-0.1463	0.0884
0.8427	-0.1999	0.1511
0.9109	-0.2643	0.2253
0.9467	-0.3197	0.244
0.9703	-0.2909	0.2293
0.922	-0.2463	0.2334
0.8907	-0.177	0.2372
0.9091	-0.1529	0.2414
0.9252	-0.1876	0.2497
0.9688	-0.1785	0.2591
0.9843	-0.1626	0.2641
0.9955	-0.1564	0.2532
1.07	-0.1816	0.2284
1.164	-0.2819	0.2128
1.241	-0.41	0.2357
1.293	-0.4853	0.2594
1.343	-0.5039	0.2462
1.373	-0.5006	0.2397
1.359	-0.3897	0.2464
1.269	-0.2481	0.2324
1.061	-0.3012	0.2076
0.9031	-0.4388	0.1872
0.9327	-0.4842	0.1827
1.016	-0.4313	0.1562
1.06	-0.3	0.04434
1.054	-0.2393	-0.03735
0.9716	-0.2722	0.02753
0.8734	-0.265	0.1078
0.8428	-0.2535	0.1118
0.8637	-0.2419	0.08087
0.8641	-0.1991	0.02438
0.8215	-0.1667	-0.01548
0.7597	-0.1425	-0.01234
0.6976	-0.1428	-0.005513
0.6971	-0.1729	0.0009707
0.7615	-0.2137	0.0006261
0.8201	-0.2289	-0.001295
0.8853	-0.1959	0.02133
0.9254	-0.155	0.03674
0.9379	-0.1023	0.03057
1.006	-0.05174	0.01875
1.068	-0.01326	0.009991
1.061	0.00685	0.01398
1.015	-0.01746	0.008162
0.9849	-0.01493	-0.01556
0.9828	-0.04436	-0.02733
0.9531	-0.1131	0.006559
0.9291	-0.06688	0.04221
0.9304	-0.04368	0.002403
0.9692	-0.1275	-0.03323
1.058	-0.1649	-0.0001765
1.075	-0.1489	0.02935
1.048	-0.1246	0.03381
1.081	-0.09531	-0.006783
1.161	-0.0532	-0.07531
1.262	-0.06245	-0.06911
1.346	-0.1553	-0.02101
1.451	-0.2234	0.02399
1.536	-0.2584	0.0797
1.524	-0.2988	0.05463
1.563	-0.4332	0.00965
1.545	-0.6456	0.05015
1.288	-0.665	0.06956
1.064	-0.5284	0.07784
1.041	-0.4426	0.09699
1.092	-0.4211	0.08512
1.061	-0.4321	0.1064
0.9851	-0.3911	0.09504
0.9874	-0.3549	0.05134
0.9306	-0.3544	0.06458
0.8312	-0.3114	0.0548
0.7446	-0.2753	0.03989
0.6024	-0.2055	0.01867
0.5695	-0.1356	-0.0631
0.6112	-0.1598	-0.09228
0.61	-0.1746	-0.04955
0.6066	-0.1704	0.01601
0.6101	-0.1738	0.09023
0.7103	-0.153	0.1124
0.8733	-0.1431	0.1208
0.9887	-0.1531	0.1732
1.006	-0.1789	0.2069
0.9606	-0.209	0.2094
0.9591	-0.2123	0.2194
0.9562	-0.1857	0.2114
0.9478	-0.1618	0.2013
0.9383	-0.1622	0.2079
0.9036	-0.1448	0.2155
0.9111	-0.1036	0.2393
0.9231	-0.09258	0.2381
0.94	-0.1427	0.2233
0.989	-0.2207	0.2303
1.01	-0.2304	0.2197
0.997	-0.171	0.2371
0.989	-0.1448	0.2659
1.03	-0.1795	0.2559
1.059	-0.2209	0.2792
1.019	-0.2213	0.3189
1.001	-0.2115	0.3037
1.05	-0.2349	0.2405
1.112	-0.2921	0.1896
1.133	-0.3481	0.2132
1.166	-0.3012	0.2709
1.235	-0.2177	0.2919
1.246	-0.2521	0.2854
1.223	-0.3476	0.2814
1.209	-0.5023	0.2913
1.015	-0.01746	0.008162
0.9849	-0.01493	-0.01556
0.9828	-0.04436	-0.02733
0.9531	-0.1131	0.006559
0.9291	-0.06688	0.04221
0.9304	-0.04368	0.002403
0.9692	-0.1275	-0.03323
1.058	-0.1649	-0.0001765
1.075	-0.1489	0.02935
1.048	-0.1246	0.03381
1.081	-0.09531	-0.006783
1.161	-0.0532	-0.07531
1.262	-0.06245	-0.06911
1.346	-0.1553	-0.02101
1.451	-0.2234	0.02399
1.536	-0.2584	0.0797
1.524	-0.2988	0.05463
1.563	-0.4332	0.00965
1.545	-0.6456	0.05015
1.288	-0.665	0.06956
1.064	-0.5284	0.07784
1.041	-0.4426	0.09699
1.092	-0.4211	0.08512
1.061	-0.4321	0.1064
0.9851	-0.3911	0.09504
0.9874	-0.3549	0.05134
0.9306	-0.3544	0.06458
0.8312	-0.3114	0.0548
0.7446	-0.2753	0.03989
0.6024	-0.2055	0.01867
0.5695	-0.1356	-0.0631
0.6112	-0.1598	-0.09228
0.61	-0.1746	-0.04955
0.6066	-0.1704	0.01601
0.6101	-0.1738	0.09023
0.7103	-0.153	0.1124
0.8733	-0.1431	0.1208
0.9887	-0.1531	0.1732
1.006	-0.1789	0.2069
0.9606	-0.209	0.2094
0.9591	-0.2123	0.2194
0.9562	-0.1857	0.2114
0.9478	-0.1618	0.2013
0.9383	-0.1622	0.2079
0.9036	-0.1448	0.2155
0.9111	-0.1036	0.2393
0.9231	-0.09258	0.2381
0.94	-0.1427	0.2233
0.989	-0.2207	0.2303
1.01	-0.2304	0.2197
0.997	-0.171	0.2371
0.989	-0.1448	0.2659
1.03	-0.1795	0.2559
1.059	-0.2209	0.2792
1.019	-0.2213	0.3189
1.001	-0.2115	0.3037
1.05	-0.2349	0.2405
1.112	-0.2921	0.1896
1.133	-0.3481	0.2132
1.166	-0.3012	0.2709
1.235	-0.2177	0.2919
1.246	-0.2521	0.2854
1.223	-0.3476	0.2814
1.209	-0.5023	0.2913
1.131	-0.6656	0.2838
1.027	-0.649	0.1909
1.025	-0.5477	0.04235
1.084	-0.4795	-0.0393
1.093	-0.4476	-0.028
1.077	-0.4945	0.004278
1.051	-0.504	0.04074
1.014	-0.4282	0.06607
1.002	-0.3283	0.01813
0.9809	-0.2347	-0.02545
0.9229	-0.2426	0.01987
0.8461	-0.2703	0.06242
0.7791	-0.2361	0.0663
0.7522	-0.2217	0.05736
0.7514	-0.1848	0.02269
0.7624	-0.1571	-0.009416
0.7628	-0.1847	-0.01097
0.7366	-0.1792	-0.0001739
0.7099	-0.1826	-0.0002277
0.7143	-0.2147	-6.033e-05
0.791	-0.2178	-0.004384
0.9239	-0.2018	-0.02915
1.021	-0.1632	-0.03444
1.032	-0.1231	-0.01102
1.006	-0.06503	0.01574
1.003	0.04376	0.02632
1	0.0889	-0.003763
1.012	-0.001378	-0.02897
1.059	-0.1348	-0.006754
1.072	-0.1954	0.02713
1.046	-0.1438	0.04343
1.032	-0.05554	0.03143
1.053	-0.02771	0.0147
1.075	-0.07443	0.02714
1.073	-0.1535	0.03408
1.139	-0.2216	0.01935
1.32	-0.269	0.0125
1.535	-0.2774	0.001392
1.662	-0.2264	-0.008055
1.635	-0.2117	-0.001035
1.513	-0.3149	-0.004032
1.345	-0.4444	-0.00778
1.167	-0.4579	-0.008902
1.051	-0.3408	-0.03036
0.9928	-0.2686	-0.04921
1.003	-0.3217	-0.02985
1.029	-0.3508	0.0248
0.9755	-0.294	0.05887
0.9454	-0.2209	0.03335
0.953	-0.1616	-0.002782
0.9333	-0.1415	0.001595
0.9192	-0.1865	0.02052
0.8453	-0.2199	0.02666
0.7687	-0.2056	0.01838
0.7349	-0.2064	-0.02484
0.6558	-0.2047	-0.05098
0.6383	-0.1999	0.02096
0.6687	-0.1991	0.1209
0.684	-0.1724	0.1303
0.7842	-0.1644	0.08302
0.8563	-0.19	0.08229
0.8609	-0.2325	0.1317
0.9195	-0.2561	0.1928
0.9484	-0.2226	0.2222
1.131	-0.6656	0.2838
1.027	-0.649	0.1909
1.025	-0.5477	0.04235
1.084	-0.4795	-0.0393
1.093	-0.4476	-0.028
1.077	-0.4945	0.004278
1.051	-0.504	0.04074
1.014	-0.4282	0.06607
1.002	-0.3283	0.01813
0.9809	-0.2347	-0.02545
0.9229	-0.2426	0.01987
0.8461	-0.2703	0.06242
0.7791	-0.2361	0.0663
0.7522	-0.2217	0.05736
0.7514	-0.1848	0.02269
0.7624	-0.1571	-0.009416
0.7628	-0.1847	-0.01097
0.7366	-0.1792	-0.0001739
0.7099	-0.1826	-0.0002277
0.7143	-0.2147	-6.033e-05
0.791	-0.2178	-0.004384
0.9239	-0.2018	-0.02915
1.021	-0.1632	-0.03444
1.032	-0.1231	-0.01102
1.006	-0.06503	0.01574
1.003	0.04376	0.02632
1	0.0889	-0.003763
1.012	-0.001378	-0.02897
1.059	-0.1348	-0.006754
1.072	-0.1954	0.02713
1.046	-0.1438	0.04343
1.032	-0.05554	0.03143
1.053	-0.02771	0.0147
1.075	-0.07443	0.02714
1.073	-0.1535	0.03408
1.139	-0.2216	0.01935
1.32	-0.269	0.0125
1.535	-0.2774	0.001392
1.662	-0.2264	-0.008055
1.635	-0.2117	-0.001035
1.513	-0.3149	-0.004032
1.345	-0.4444	-0.00778
1.167	-0.4579	-0.008902
1.051	-0.3408	-0.03036
0.9928	-0.2686	-0.04921
1.003	-0.3217	-0.02985
1.029	-0.3508	0.0248
0.9755	-0.294	0.05887
0.9454	-0.2209	0.03335
0.953	-0.1616	-0.002782
0.9333	-0.1415	0.001595
0.9192	-0.1865	0.02052
0.8453	-0.2199	0.02666
0.7687	-0.2056	0.01838
0.7349	-0.2064	-0.02484
0.6558	-0.2047	-0.05098
0.6383	-0.1999	0.02096
0.6687	-0.1991	0.1209
0.684	-0.1724	0.1303
0.7842	-0.1644	0.08302
0.8563	-0.19	0.08229
0.8609	-0.2325	0.1317
0.9195	-0.2561	0.1928
0.9484	-0.2226	0.2222
0.9318	-0.1705	0.2045
0.9401	-0.1239	0.1982
0.9421	-0.1184	0.1942
0.9611	-0.1756	0.1949
0.9882	-0.2065	0.2399
0.9874	-0.1472	0.2743
1.011	-0.0897	0.2717
1.068	-0.1357	0.2387
1.105	-0.2022	0.2157
1.104	-0.2186	0.2482
1.141	-0.2231	0.2694
1.269	-0.2429	0.2526
1.434	-0.3545	0.2496
1.543	-0.4633	0.2787
1.467	-0.3747	0.2881
1.252	-0.2701	0.2167
1.091	-0.3386	0.1243
1.016	-0.4591	0.08217
1.008	-0.5436	0.05068
1.017	-0.5031	0.0235
0.9888	-0.3516	0.04437
0.9439	-0.2853	0.062
0.878	-0.2639	0.05929
0.8492	-0.2316	0.0814
0.8194	-0.2155	0.08944
0.7581	-0.1458	0.09106
0.7783	-0.1341	0.07998
0.7667	-0.1645	0.0367
0.7098	-0.1465	0.03097
0.6956	-0.1753	0.02565
0.6572	-0.1791	-0.001085
0.6828	-0.1834	-0.01106
0.767	-0.2274	-0.01324
0.8642	-0.2146	0.003121
0.9744	-0.2024	0.005263
0.9872	-0.1609	0.01561
1.008	-0.07868	0.04355
1.041	-0.01767	0.03086
0.9902	0.02049	0.01882
0.9867	0.005887	0.01173
0.9898	-0.02455	0.01572
0.9673	-0.06049	0.03554
0.9985	-0.06902	0.008575
1.03	-0.06037	-0.01987
1.061	-0.1122	-0.0139
1.078	-0.1156	0.02771
1.082	-0.08609	0.09117
1.141	-0.08975	0.07832
1.251	-0.07947	0.01211
1.441	-0.1843	-0.0168
1.663	-0.4192	0.006397
1.722	-0.5605	0.04847
1.554	-0.4813	0.04551
1.322	-0.3405	0.02563
1.149	-0.3239	-0.0004886
1.012	-0.3707	-0.05693
0.9778	-0.4416	-0.05018
1.058	-0.4551	0.01362
1.082	-0.3839	0.06791
1.018	-0.3538	0.1104
0.9345	-0.2627	0.08853
0.876	-0.1613	0.05369
0.8667	-0.1656	0.05029
0.8353	-0.1545	0.0259
0.9318	-0.1705	0.2045
0.9401	-0.1239	0.1982
0.9421	-0.1184	0.1942
0.9611	-0.1756	0.1949
0.9882	-0.2065	0.2399
0.9874	-0.1472	0.2743
1.011	-0.0897	0.2717
1.068	-0.1357	0.2387
1.105	-0.2022	0.2157
1.104	-0.2186	0.2482
1.141	-0.2231	0.2694
1.269	-0.2429	0.2526
1.434	-0.3545	0.2496
1.543	-0.4633	0.2787
1.467	-0.3747	0.2881
1.252	-0.2701	0.2167
1.091	-0.3386	0.1243
1.016	-0.4591	0.08217
1.008	-0.5436	0.05068
1.017	-0.5031	0.0235
0.9888	-0.3516	0.04437
0.9439	-0.2853	0.062
0.878	-0.2639	0.05929
0.8492	-0.2316	0.0814
0.8194	-0.2155	0.08944
0.7581	-0.1458	0.09106
0.7783	-0.1341	0.07998
0.7667	-0.1645	0.0367
0.7098	-0.1465	0.03097
0.6956	-0.1753	0.02565
0.6572	-0.1791	-0.001085
0.6828	-0.1834	-0.01106
0.767	-0.2274	-0.01324
0.8642	-0.2146	0.003121
0.9744	-0.2024	0.005263
0.9872	-0.1609	0.01561
1.008	-0.07868	0.04355
1.041	-0.01767	0.03086
0.9902	0.02049	0.01882
0.9867	0.005887	0.01173
0.9898	-0.02455	0.01572
0.9673	-0.06049	0.03554
0.9985	-0.06902	0.008575
1.03	-0.06037	-0.01987
1.061	-0.1122	-0.0139
1.078	-0.1156	0.02771
1.082	-0.08609	0.09117
1.141	-0.08975	0.07832
1.251	-0.07947	0.01211
1.441	-0.1843	-0.0168
1.663	-0.4192	0.006397
1.722	-0.5605	0.04847
1.554	-0.4813	0.04551
1.322	-0.3405	0.02563
1.149	-0.3239	-0.0004886
1.012	-0.3707	-0.05693
0.9778	-0.4416	-0.05018
1.058	-0.4551	0.01362
1.082	-0.3839	0.06791
1.018	-0.3538	0.1104
0.9345	-0.2627	0.08853
0.876	-0.1613	0.05369
0.8667	-0.1656	0.05029
0.8353	-0.1545	0.0259
0.7501	-0.1596	0.03745
0.6664	-0.161	0.06634
0.6438	-0.1411	0.06243
0.6905	-0.1533	0.07178
0.727	-0.1409	0.07769
0.7294	-0.1379	0.09618
0.7567	-0.1262	0.1201
0.817	-0.1102	0.1274
0.8745	-0.1381	0.1745
0.9215	-0.1617	0.1994
0.971	-0.2085	0.1818
0.9859	-0.233	0.2003
0.9331	-0.206	0.2283
0.8765	-0.1893	0.2428
0.8795	-0.1765	0.2328
0.9451	-0.2148	0.2007
1.004	-0.255	0.2013
0.9703	-0.167	0.2406
0.9369	-0.03056	0.2604
1.005	-0.008986	0.1835
1.094	-0.1225	0.1118
1.15	-0.2225	0.2213
1.137	-0.1951	0.3358
1.122	-0.1555	0.2773
1.25	-0.2005	0.2078
1.403	-0.2736	0.1774
1.423	-0.3536	0.1481
1.357	-0.3549	0.1623
1.275	-0.3103	0.1517
1.193	-0.3927	0.1403
1.033	-0.479	0.1881
0.911	-0.5363	0.1996
0.9814	-0.6079	0.1496
1.036	-0.5552	0.06298
0.9914	-0.497	-0.01782
0.9753	-0.477	-0.04807
0.9422	-0.4393	-0.02677
0.893	-0.4501	0.03751
0.8767	-0.4003	0.04818
0.8387	-0.3174	0.02198
0.8062	-0.2706	0.02571
0.7914	-0.228	0.00663
0.7485	-0.2268	-0.01166
0.7267	-0.1959	-0.04261
0.7525	-0.2009	-0.07401
0.8082	-0.2669	-0.0634
0.843	-0.2452	-0.06743
0.8265	-0.1867	-0.04864
0.8479	-0.1321	-0.0209
0.9331	-0.1331	-0.01526
1.02	-0.1628	0.01185
1.033	-0.06943	0.01057
0.9678	0.02522	-0.009695
0.9446	0.04697	-0.01558
0.9821	0.02922	-0.02085
1.022	-0.00593	-0.01714
1.026	0.04512	-0.01255
0.9932	0.07191	0.00938
0.9767	0.02344	0.0348
0.9897	-0.05163	0.03741
1.019	-0.1969	0.03981
1.035	-0.2372	0.04029
1.017	-0.1196	0.03909
0.987	-0.02986	0.0531
0.7501	-0.1596	0.03745
0.6664	-0.161	0.06634
0.6438	-0.1411	0.06243
0.6905	-0.1533	0.07178
0.727	-0.1409	0.07769
0.7294	-0.1379	0.09618
0.7567	-0.1262	0.1201
0.817	-0.1102	0.1274
0.8745	-0.1381	0.1745
0.9215	-0.1617	0.1994
0.971	-0.2085	0.1818
0.9859	-0.233	0.2003
0.9331	-0.206	0.2283
0.8765	-0.1893	0.2428
0.8795	-0.1765	0.2328
0.9451	-0.2148	0.2007
1.004	-0.255	0.2013
0.9703	-0.167	0.2406
0.9369	-0.03056	0.2604
1.005	-0.008986	0.1835
1.094	-0.1225	0.1118
1.15	-0.2225	0.2213
1.137	-0.1951	0.3358
1.122	-0.1555	0.2773
1.25	-0.2005	0.2078
1.403	-0.2736	0.1774
1.423	-0.3536	0.1481
1.357	-0.3549	0.1623
1.275	-0.3103	0.1517
1.193	-0.3927	0.1403
1.033	-0.479	0.1881
0.911	-0.5363	0.1996
0.9814	-0.6079	0.1496
1.036	-0.5552	0.06298
0.9914	-0.497	-0.01782
0.9753	-0.477	-0.04807
0.9422	-0.4393	-0.02677
0.893	-0.4501	0.03751
0.8767	-0.4003	0.04818
0.8387	-0.3174	0.02198
0.8062	-0.2706	0.02571
0.7914	-0.228	0.00663
0.7485	-0.2268	-0.01166
0.7267	-0.1959	-0.04261
0.7525	-0.2009	-0.07401
0.8082	-0.2669	-0.0634
0.843	-0.2452	-0.06743
0.8265	-0.1867	-0.04864
0.8479	-0.1321	-0.0209
0.9331	-0.1331	-0.01526
1.02	-0.1628	0.01185
1.033	-0.06943	0.01057
0.9678	0.02522	-0.009695
0.9446	0.04697	-0.01558
0.9821	0.02922	-0.02085
1.022	-0.00593	-0.01714
1.026	0.04512	-0.01255
0.9932	0.07191	0.00938
0.9767	0.02344	0.0348
0.9897	-0.05163	0.03741
1.019	-0.1969	0.03981
1.035	-0.2372	0.04029
1.017	-0.1196	0.03909
0.987	-0.02986	0.0531
0.9759	-0.01841	0.06746
1.021	-0.03669	0.05616
1.09	-0.02266	0.03824
1.119	-0.009267	0.03169
1.129	-0.03664	0.02394
1.148	-0.06968	0.03655
1.2	-0.1072	0.06963
1.309	-0.1354	0.09751
1.428	-0.1785	0.1154
1.488	-0.268	0.09074
1.502	-0.353	0.02796
1.435	-0.4259	-0.01563
1.211	-0.4872	-0.02524
1.009	-0.4664	-0.03535
1.058	-0.3905	-0.06578
1.165	-0.3688	-0.06672
1.116	-0.4029	-0.02461
1.064	-0.4312	0.01804
1.007	-0.3893	0.05493
0.9336	-0.3025	0.04482
0.9595	-0.2552	0.005665
0.886	-0.2052	0.004535
0.7434	-0.1562	0.006389
0.696	-0.1351	0.0155
0.6593	-0.1148	0.03091
0.6808	-0.1472	0.03504
0.6725	-0.1805	0.06926
0.6314	-0.1661	0.09463
0.6999	-0.1399	0.09368
0.7753	-0.1022	0.09098
0.8641	-0.1346	0.09228
0.9302	-0.2102	0.1249
0.9471	-0.2482	0.1606
0.993	-0.291	0.1828
0.983	-0.3256	0.1956
0.949	-0.3309	0.2061
0.9038	-0.2785	0.2307
0.8701	-0.1862	0.2315
0.9715	-0.1637	0.2051
1.092	-0.2038	0.1867
1.134	-0.2221	0.2108
1.131	-0.1772	0.2418
1.165	-0.1566	0.2062
1.302	-0.2869	0.1768
1.402	-0.481	0.1857
1.363	-0.5416	0.1816
1.23	-0.4335	0.1689
1.089	-0.3628	0.1047
1.045	-0.4247	0.006746
1.073	-0.4401	-0.01929
1.062	-0.3954	0.0073
1.007	-0.388	-0.004061
0.996	-0.3735	-0.02343
0.9781	-0.3298	0.003313
0.9215	-0.2699	0.02933
0.8994	-0.2351	0.04271
0.886	-0.2247	0.03882
0.8678	-0.1818	0.000714
0.8566	-0.1819	-0.02409
0.8423	-0.2153	-0.02885
0.7662	-0.1911	-0.0184
0.6211	-0.1957	-0.001735
0.5914	-0.2152	-0.002266
0.6784	-0.1995	-0.002838
0.9759	-0.01841	0.06746
1.021	-0.03669	0.05616
1.09	-0.02266	0.03824
1.119	-0.009267	0.03169
1.129	-0.03664	0.02394
1.148	-0.06968	0.03655
1.2	-0.1072	0.06963
1.309	-0.1354	0.09751
1.428	-0.1785	0.1154
1.488	-0.268	0.09074
1.502	-0.353	0.02796
1.435	-0.4259	-0.01563
1.211	-0.4872	-0.02524
1.009	-0.4664	-0.03535
1.058	-0.3905	-0.06578
1.165	-0.3688	-0.06672
1.116	-0.4029	-0.02461
1.064	-0.4312	0.01804
1.007	-0.3893	0.05493
0.9336	-0.3025	0.04482
0.9595	-0.2552	0.005665
0.886	-0.2052	0.004535
0.7434	-0.1562	0.006389
0.696	-0.1351	0.0155
0.6593	-0.1148	0.03091
0.6808	-0.1472	0.03504
0.6725	-0.1805	0.06926
0.6314	-0.1661	0.09463
0.6999	-0.1399	0.09368
0.7753	-0.1022	0.09098
0.8641	-0.1346	0.09228
0.9302	-0.2102	0.1249
0.9471	-0.2482	0.1606
0.993	-0.291	0.1828
0.983	-0.3256	0.1956
0.949	-0.3309	0.2061
0.9038	-0.2785	0.2307
0.8701	-0.1862	0.2315
0.9715	-0.1637	0.2051
1.092	-0.2038	0.1867
1.134	-0.2221	0.2108
1.131	-0.1772	0.2418
1.165	-0.1566	0.2062
1.302	-0.2869	0.1768
1.402	-0.481	0.1857
1.363	-0.5416	0.1816
1.23	-0.4335	0.1689
1.089	-0.3628	0.1047
1.045	-0.4247	0.006746
1.073	-0.4401	-0.01929
1.062	-0.3954	0.0073
1.007	-0.388	-0.004061
0.996	-0.3735	-0.02343
0.9781	-0.3298	0.003313
0.9215	-0.2699	0.02933
0.8994	-0.2351	0.04271
0.886	-0.2247	0.03882
0.8678	-0.1818	0.000714
0.8566	-0.1819	-0.02409
0.8423	-0.2153	-0.02885
0.7662	-0.1911	-0.0184
0.6211	-0.1957	-0.001735
0.5914	-0.2152	-0.002266
0.6784	-0.1995	-0.002838
0.7526	-0.217	-0.02075
0.8224	-0.1955	-0.03812
0.9033	-0.0749	-0.02729
0.9975	0.06141	-0.02599
1.01	0.08791	-0.02926
0.9775	0.01027	-0.03035
1.045	-0.01504	-0.02906
1.064	-0.02181	-0.009962
1.011	-0.01724	0.01289
1.034	0.03521	0.01832
1.08	-0.007709	0.01023
1.142	-0.05781	0.02177
1.183	-0.05588	0.03758
1.197	-0.09174	0.03154
1.323	-0.08447	0.0084
1.485	-0.1089	-0.04115
1.615	-0.2238	-0.06853
1.639	-0.3481	-0.0529
1.443	-0.4777	-0.06107
1.235	-0.5427	-0.1069
1.118	-0.5457	-0.1368
1.042	-0.5152	-0.1049
1.045	-0.414	-0.05444
1.069	-0.3217	-0.02133
1.083	-0.3021	0.03338
1.026	-0.316	0.052
0.9305	-0.2856	0.02211
0.9079	-0.208	0.03465
0.839	-0.1449	0.03312
0.696	-0.09238	0.01554
0.5913	-0.08155	0.03529
0.5616	-0.1163	0.02791
0.5882	-0.138	0.04533
0.6299	-0.1525	0.07812
0.7187	-0.1709	0.04158
0.8083	-0.2105	0.02514
0.82	-0.2419	0.03781
0.8262	-0.2196	0.05429
0.9012	-0.1966	0.132
0.9946	-0.1809	0.2208
0.9809	-0.1626	0.2295
0.9211	-0.1601	0.2166
0.9335	-0.1544	0.2503
0.9443	-0.1672	0.2386
0.9739	-0.1887	0.2218
1.056	-0.1799	0.2487
1.148	-0.18	0.2245
1.303	-0.203	0.2208
1.459	-0.2517	0.229
1.512	-0.3622	0.2179
1.45	-0.4902	0.249
1.297	-0.5432	0.2218
1.149	-0.5267	0.1251
1.042	-0.5122	-0.003261
0.9804	-0.4523	-0.08743
0.9666	-0.3173	-0.04602
0.9679	-0.2664	-0.02662
0.9796	-0.3015	-0.01104
0.9552	-0.2871	0.04256
0.9137	-0.262	0.05224
0.8842	-0.2357	0.0966
0.8694	-0.1893	0.1043
0.8643	-0.154	0.02541
0.7876	-0.09311	-0.01517
0.7526	-0.217	-0.02075
0.8224	-0.1955	-0.03812
0.9033	-0.0749	-0.02729
0.9975	0.06141	-0.02599
1.01	0.08791	-0.02926
0.9775	0.01027	-0.03035
1.045	-0.01504	-0.02906
1.064	-0.02181	-0.009962
1.011	-0.01724	0.01289
1.034	0.03521	0.01832
1.08	-0.007709	0.01023
1.142	-0.05781	0.02177
1.183	-0.05588	0.03758
1.197	-0.09174	0.03154
1.323	-0.08447	0.0084
1.485	-0.1089	-0.04115
1.615	-0.2238	-0.06853
1.639	-0.3481	-0.0529
1.443	-0.4777	-0.06107
1.235	-0.5427	-0.1069
1.118	-0.5457	-0.1368
1.042	-0.5152	-0.1049
1.045	-0.414	-0.05444
1.069	-0.3217	-0.02133
1.083	-0.3021	0.03338
1.026	-0.316	0.052
0.9305	-0.2856	0.02211
0.9079	-0.208	0.03465
0.839	-0.1449	0.03312
0.696	-0.09238	0.01554
0.5913	-0.08155	0.03529
0.5616	-0.1163	0.02791
0.5882	-0.138	0.04533
0.6299	-0.1525	0.07812
0.7187	-0.1709	0.04158
0.8083	-0.2105	0.02514
0.82	-0.2419	0.03781
0.8262	-0.2196	0.05429
0.9012	-0.1966	0.132
0.9946	-0.1809	0.2208
0.9809	-0.1626	0.2295
0.9211	-0.1601	0.2166
0.9335	-0.1544	0.2503
0.9443	-0.1672	0.2386
0.9739	-0.1887	0.2218
1.056	-0.1799	0.2487
1.148	-0.18	0.2245
1.303	-0.203	0.2208
1.459	-0.2517	0.229
1.512	-0.3622	0.2179
1.45	-0.4902	0.249
1.297	-0.5432	0.2218
1.149	-0.5267	0.1251
1.042	-0.5122	-0.003261
0.9804	-0.4523	-0.08743
0.9666	-0.3173	-0.04602
0.9679	-0.2664	-0.02662
0.9796	-0.3015	-0.01104
0.9552	-0.2871	0.04256
0.9137	-0.262	0.05224
0.8842	-0.2357	0.0966
0.8694	-0.1893	0.1043
0.8643	-0.154	0.02541
0.7876	-0.09311	-0.01517
0.7483	-0.08103	-0.03015
0.7656	-0.159	-0.02768
0.7139	-0.2011	-0.02254
0.7058	-0.2332	-0.01973
0.714	-0.2848	0.01268
0.7115	-0.2673	-0.00377
0.8075	-0.2139	-0.03436
0.9152	-0.1544	-0.02661
0.986	-0.04625	-0.0323
1.007	0.04285	-0.01821
0.9891	0.04719	-0.0071
1.011	0.02661	-0.02547
1.034	-0.007952	-0.03393
1.043	-0.07831	-0.04126
1.056	-0.1237	-0.03032
1.092	-0.135	-0.01562
1.173	-0.1383	-0.01061
1.25	-0.1136	0.007328
1.333	-0.08993	0.006784
1.409	-0.121	-0.003989
1.458	-0.1919	-0.02038
1.566	-0.2886	-0.05386
1.601	-0.4234	-0.05221
1.393	-0.5049	-0.02618
1.118	-0.4715	-0.02369
0.9871	-0.4109	-0.02868
0.9974	-0.3489	-0.02625
1.04	-0.3029	-0.003727
1.05	-0.3226	0.03482
1.015	-0.3255	0.05013
0.9504	-0.2708	0.05959
0.9329	-0.2115	0.06874
0.9429	-0.1613	0.03437
0.8884	-0.1646	0.002281
0.7333	-0.2001	0.01198
0.5547	-0.2004	0.01414
0.5772	-0.1995	0.009982
0.7129	-0.1911	0.03687
0.7182	-0.1725	0.06645
0.737	-0.1744	0.07445
0.8234	-0.1721	0.1056
0.9009	-0.1761	0.1526
0.9524	-0.1841	0.1509
0.9344	-0.2019	0.139
0.9777	-0.2352	0.1667
0.9992	-0.225	0.1943
0.915	-0.1957	0.2318
0.9268	-0.1821	0.2682
0.9642	-0.1766	0.2514
1.002	-0.1782	0.2615
1.037	-0.1376	0.3016
1.001	-0.07074	0.2856
1.068	-0.08199	0.2516
1.224	-0.2438	0.2073
1.381	-0.4546	0.1806
1.414	-0.5113	0.2216
1.249	-0.4784	0.2383
1.158	-0.4644	0.1955
1.127	-0.372	0.1264
1.078	-0.3148	0.03643
1.115	-0.3983	-0.009565
1.147	-0.4415	0.01444
1.14	-0.418	0.0335
1.08	-0.3839	0.02433
0.7483	-0.08103	-0.03015
0.7656	-0.159	-0.02768
0.7139	-0.2011	-0.02254
0.7058	-0.2332	-0.01973
0.714	-0.2848	0.01268
0.7115	-0.2673	-0.00377
0.8075	-0.2139	-0.03436
0.9152	-0.1544	-0.02661
0.986	-0.04625	-0.0323
1.007	0.04285	-0.01821
0.9891	0.04719	-0.0071
1.011	0.02661	-0.02547
1.034	-0.007952	-0.03393
1.043	-0.07831	-0.04126
1.056	-0.1237	-0.03032
1.092	-0.135	-0.01562
1.173	-0.1383	-0.01061
1.25	-0.1136	0.007328
1.333	-0.08993	0.006784
1.409	-0.121	-0.003989
1.458	-0.1919	-0.02038
1.566	-0.2886	-0.05386
1.601	-0.4234	-0.05221
1.393	-0.5049	-0.02618
1.118	-0.4715	-0.02369
0.9871	-0.4109	-0.02868
0.9974	-0.3489	-0.02625
1.04	-0.3029	-0.003727
1.05	-0.3226	0.03482
1.015	-0.3255	0.05013
0.9504	-0.2708	0.05959
0.9329	-0.2115	0.06874
0.9429	-0.1613	0.03437
0.8884	-0.1646	0.002281
0.7333	-0.2001	0.01198
0.5547	-0.2004	0.01414
0.5772	-0.1995	0.009982
0.7129	-0.1911	0.03687
0.7182	-0.1725	0.06645
0.737	-0.1744	0.07445
0.8234	-0.1721	0.1056
0.9009	-0.1761	0.1526
0.9524	-0.1841	0.1509
0.9344	-0.2019	0.139
0.9777	-0.2352	0.1667
0.9992	-0.225	0.1943
0.915	-0.1957	0.2318
0.9268	-0.1821	0.2682
0.9642	-0.1766	0.2514
1.002	-0.1782	0.2615
1.037	-0.1376	0.3016
1.001	-0.07074	0.2856
1.068	-0.08199	0.2516
1.224	-0.2438	0.2073
1.381	-0.4546	0.1806
1.414	-0.5113	0.2216
1.249	-0.4784	0.2383
1.158	-0.4644	0.1955
1.127	-0.372	0.1264
1.078	-0.3148	0.03643
1.115	-0.3983	-0.009565
1.147	-0.4415	0.01444
1.14	-0.418	0.0335
1.08	-0.3839	0.02433
0.9846	-0.3172	0.0246
0.9382	-0.2652	0.008915
0.9125	-0.2388	-0.01605
0.8769	-0.2193	-0.00597
0.8151	-0.2007	0.001164
0.7632	-0.1893	0.001914
0.7466	-0.2106	0.008315
0.7273	-0.239	0.00661
0.7024	-0.2451	0.01449
0.6811	-0.221	0.01053
0.7138	-0.1825	0.0003427
0.7947	-0.1611	0.002243
0.8823	-0.1523	-0.01055
0.9574	-0.1345	-0.01874
0.9904	-0.09772	-0.01265
1.024	-0.06568	-0.0044
1.034	-0.03651	0.001381
0.9902	0.002606	-0.008364
0.9718	0.00162	-0.0152
0.9839	-0.0436	-0.01009
0.9947	-0.07316	0.002616
0.9935	-0.0592	0.009939
1.007	-0.04087	-0.02675
1.04	-0.07605	-0.06701
1.045	-0.1633	-0.04587
1.055	-0.2458	-0.01815
1.07	-0.2318	-0.03337
1.084	-0.1769	-0.06834
1.18	-0.1944	-0.09537
1.317	-0.1708	-0.0458
1.411	-0.1284	0.02997
1.442	-0.1716	-0.005746
1.486	-0.1858	-0.07295
1.566	-0.221	-0.1051
1.507	-0.356	-0.1146
1.325	-0.5259	-0.03711
1.168	-0.6249	0.02736
1.061	-0.5208	0.00111
1.049	-0.389	-0.03876
1.041	-0.358	-0.07064
0.9953	-0.3089	-0.04954
0.9534	-0.2833	0.005344
0.8868	-0.253	0.03347
0.8828	-0.2147	0.04614
0.8687	-0.2327	0.03469
0.79	-0.1991	0.03205
0.7568	-0.1594	0.0384
0.71	-0.1798	0.02746
0.6818	-0.1912	0.03323
0.6903	-0.197	0.0366
0.6905	-0.161	0.03399
0.7373	-0.1073	0.0419
0.7975	-0.1231	0.05186
0.8701	-0.1626	0.08191
0.9462	-0.2022	0.1163
0.9853	-0.235	0.1434
0.9647	-0.2011	0.1671
0.8981	-0.1509	0.1798
0.9008	-0.1559	0.204
0.9104	-0.1787	0.2288
0.8994	-0.1995	0.238
0.9431	-0.2028	0.2319
0.9526	-0.1781	0.1873
0.9678	-0.1735	0.1461
0.9759	0.06443	0.02402
1.026	0.01682	-0.0178
1.053	-0.01935	0.00326
1.016	0.01844	0.01823
0.9627	0.03065	-0.01098
0.9923	-0.0443	-0.03099
1.097	-0.1776	-0.04602
1.209	-0.2603	-0.04603
1.283	-0.2413	-0.01914
1.38	-0.1937	0.02401
1.537	-0.1543	0.07613
1.569	-0.1239	0.06001
1.574	-0.164	-0.001846
1.653	-0.3571	-0.01307
1.486	-0.6528	-0.02253
1.168	-0.7658	-0.02796
1.03	-0.5121	-0.008362
1.067	-0.2431	-0.004107
1.114	-0.2479	0.01974
1.021	-0.296	0.04293
0.9722	-0.289	0.06253
1.001	-0.2817	0.08652
0.9355	-0.238	0.06286
0.8839	-0.2062	0.05755
0.8209	-0.2106	0.07112
0.7471	-0.2119	0.05225
0.6634	-0.1527	0.03258
0.5643	-0.08642	0.003688
0.6307	-0.08979	0.007921
0.6565	-0.07318	0.0415
0.6139	-0.06741	0.05631
0.7006	-0.1313	0.08255
0.7588	-0.1875	0.08335
0.8395	-0.2253	0.09491
0.9361	-0.2756	0.1798
0.9668	-0.3551	0.2442
0.9926	-0.3643	0.2604
0.8803	-0.2141	0.2577
0.7744	-0.08562	0.2448
0.9025	-0.1342	0.2359
1.103	-0.2474	0.2163
1.195	-0.2766	0.2184
1.162	-0.1954	0.2244
1.174	-0.1327	0.1813
1.35	-0.305	0.1695
1.574	-0.5936	0.2444
1.637	-0.646	0.3192
1.364	-0.5075	0.2813
0.9699	-0.3767	0.164
0.8852	-0.3051	0.06837
0.9991	-0.3235	0.02454
1.022	-0.3354	0.05789
1.039	-0.3083	0.08668
1.002	-0.2904	0.0887
0.8684	-0.2355	0.1448
0.8607	-0.1647	0.1503
0.9189	-0.1229	0.08493
0.9123	-0.1112	0.02174
0.8684	-0.1227	-0.005518
0.746	-0.1605	0.03237
0.6155	-0.2265	0.03056
0.5814	-0.2583	0.02355
0.6205	-0.2409	0.04744
0.6977	-0.2013	0.01921
0.7945	-0.1213	0.01074
0.892	-0.04376	-0.008601
0.9432	-0.02394	-0.04145
0.961	-0.02106	0.007816
0.976	-0.009966	0.06734
0.9937	-0.01231	0.08268
1.09	-0.01153	0.06019
1.192	-0.003005	0.04706
1.177	-0.01022	0.05883
1.172	-0.04863	0.04458
1.311	-0.1507	0.02501
1.53	-0.2916	0.004895
1.71	-0.3835	-0.0219
1.74	-0.4297	-0.05057
1.587	-0.477	-0.07541
1.353	-0.4895	-0.06491
1.116	-0.4582	-0.03174
0.9815	-0.4012	0.02732
1.034	-0.3225	0.09681
1.086	-0.3029	0.1277
1.062	-0.3078	0.1413
1.044	-0.2371	0.1386
0.9635	-0.1946	0.09868
0.8713	-0.1941	0.04444
0.828	-0.1522	0.01329
0.721	-0.1134	0.0231
0.5716	-0.07181	0.02263
0.5051	-0.06136	0.003822
0.537	-0.09861	0.02026
0.5818	-0.09419	0.04542
0.6587	-0.1093	0.06712
0.7704	-0.1291	0.08678
0.8113	-0.1103	0.08745
0.8924	-0.1639	0.1406
1.029	-0.2224	0.2219
1.029	-0.2355	0.235
0.9655	-0.2579	0.237
0.9215	-0.2438	0.2596
0.8712	-0.1978	0.2684
0.9325	-0.1252	0.2756
1.105	-0.08431	0.2526
1.236	-0.1788	0.2185
1.345	-0.3095	0.2554
1.424	-0.3615	0.3013
1.4	-0.3784	0.294
1.345	-0.4002	0.2802
1.218	-0.3994	0.2004
1.043	-0.3977	0.05267
0.9879	-0.4128	-0.0003973
1	-0.3792	0.03124
1.049	-0.321	0.03235
1.097	-0.295	0.04397
1.038	-0.2713	0.0929
0.9531	-0.2354	0.1102
0.911	-0.1744	0.1102
0.8724	-0.1061	0.1113
0.8174	-0.09869	0.06559
0.756	-0.1313	0.003829
0.6851	-0.1479	-0.01421
0.6135	-0.1676	0.01141
0.5846	-0.1976	0.02331
0.5997	-0.2202	-0.01313
0.6735	-0.2297	-0.03714
0.8091	-0.205	-0.03074
0.7945	-0.1213	0.01074
0.892	-0.04376	-0.008601
0.9432	-0.02394	-0.04145
0.961	-0.02106	0.007816
0.976	-0.009966	0.06734
0.9937	-0.01231	0.08268
1.09	-0.01153	0.06019
1.192	-0.003005	0.04706
1.177	-0.01022	0.05883
1.172	-0.04863	0.04458
1.311	-0.1507	0.02501
1.53	-0.2916	0.004895
1.71	-0.3835	-0.0219
1.74	-0.4297	-0.05057
1.587	-0.477	-0.07541
1.353	-0.4895	-0.06491
1.116	-0.4582	-0.03174
0.9815	-0.4012	0.02732
1.034	-0.3225	0.09681
1.086	-0.3029	0.1277
1.062	-0.3078	0.1413
1.044	-0.2371	0.1386
0.9635	-0.1946	0.09868
0.8713	-0.1941	0.04444
0.828	-0.1522	0.01329
0.721	-0.1134	0.0231
0.5716	-0.07181	0.02263
0.5051	-0.06136	0.003822
0.537	-0.09861	0.02026
0.5818	-0.09419	0.04542
0.6587	-0.1093	0.06712
0.7704	-0.1291	0.08678
0.8113	-0.1103	0.08745
0.8924	-0.1639	0.1406
1.029	-0.2224	0.2219
1.029	-0.2355	0.235
0.9655	-0.2579	0.237
0.9215	-0.2438	0.2596
0.8712	-0.1978	0.2684
0.9325	-0.1252	0.2756
1.105	-0.08431	0.2526
1.236	-0.1788	0.2185
1.345	-0.3095	0.2554
1.424	-0.3615	0.3013
1.4	-0.3784	0.294
1.345	-0.4002	0.2802
1.218	-0.3994	0.2004
1.043	-0.3977	0.05267
0.9879	-0.4128	-0.0003973
1	-0.3792	0.03124
1.049	-0.321	0.03235
1.097	-0.295	0.04397
1.038	-0.2713	0.0929
0.9531	-0.2354	0.1102
0.911	-0.1744	0.1102
0.8724	-0.1061	0.1113
0.8174	-0.09869	0.06559
0.756	-0.1313	0.003829
0.6851	-0.1479	-0.01421
0.6135	-0.1676	0.01141
0.5846	-0.1976	0.02331
0.5997	-0.2202	-0.01313
0.6735	-0.2297	-0.03714
0.8091	-0.205	-0.03074
0.942	-0.1621	-0.02429
1.017	-0.1134	-0.008428
1.034	-0.02227	0.01992
1.044	0.07181	0.0329
1.076	0.08418	5.325e-06
1.127	0.02535	-0.02263
1.144	-0.02179	0.02328
1.083	-0.03518	0.0797
1.045	-0.07787	0.08532
1.157	-0.176	0.03239
1.41	-0.286	-0.02666
1.651	-0.3473	-0.03427
1.72	-0.3765	-0.03228
1.639	-0.46	-0.05965
1.548	-0.5682	-0.07697
1.362	-0.6038	-0.07808
1.019	-0.5454	-0.08803
0.8871	-0.4002	-0.0748
1.038	-0.2423	-0.01303
1.068	-0.2084	0.05585
0.9784	-0.2686	0.07162
0.9476	-0.26	0.04488
0.9252	-0.2046	0.04368
0.8749	-0.1781	0.04573
0.7695	-0.147	0.02738
0.6456	-0.1427	0.02796
0.5924	-0.1498	0.01811
0.5787	-0.1406	0.006493
0.5739	-0.1521	0.03636
0.6226	-0.1377	0.07603
0.7437	-0.1356	0.1025
0.8885	-0.1931	0.1053
0.9472	-0.2403	0.1063
0.9309	-0.2582	0.1497
0.9587	-0.2626	0.2145
0.9643	-0.2626	0.2439
0.9072	-0.2409	0.2293
0.9121	-0.2344	0.2336
0.9714	-0.2388	0.2622
1.029	-0.1794	0.2697
1.066	-0.1264	0.2592
1.106	-0.1082	0.2283
1.199	-0.1592	0.2109
1.297	-0.3252	0.2368
1.437	-0.4822	0.2681
1.526	-0.5446	0.291
1.327	-0.4372	0.2847
1.092	-0.2948	0.2155
1.031	-0.3241	0.09922
1.002	-0.3497	0.02491
1.032	-0.3407	0.04882
1.069	-0.3748	0.08157
1.003	-0.3434	0.09344
0.9239	-0.2799	0.1169
0.8866	-0.2056	0.1038
0.8937	-0.1332	0.07099
0.8962	-0.1267	0.03564
0.845	-0.131	-0.002101
0.7566	-0.1354	0.01496
0.6553	-0.1566	0.02634
0.6362	-0.1927	-0.006627
0.6779	-0.2446	-0.01642
0.6701	-0.2552	-0.01783
0.7185	-0.2241	-0.007306
0.942	-0.1621	-0.02429
1.017	-0.1134	-0.008428
1.034	-0.02227	0.01992
1.044	0.07181	0.0329
1.076	0.08418	5.325e-06
1.127	0.02535	-0.02263
1.144	-0.02179	0.02328
1.083	-0.03518	0.0797
1.045	-0.07787	0.08532
1.157	-0.176	0.03239
1.41	-0.286	-0.02666
1.651	-0.3473	-0.03427
1.72	-0.3765	-0.03228
1.639	-0.46	-0.05965
1.548	-0.5682	-0.07697
1.362	-0.6038	-0.07808
1.019	-0.5454	-0.08803
0.8871	-0.4002	-0.0748
1.038	-0.2423	-0.01303
1.068	-0.2084	0.05585
0.9784	-0.2686	0.07162
0.9476	-0.26	0.04488
0.9252	-0.2046	0.04368
0.8749	-0.1781	0.04573
0.7695	-0.147	0.02738
0.6456	-0.1427	0.02796
0.5924	-0.1498	0.01811
0.5787	-0.1406	0.006493
0.5739	-0.1521	0.03636
0.6226	-0.1377	0.07603
0.7437	-0.1356	0.1025
0.8885	-0.1931	0.1053
0.9472	-0.2403	0.1063
0.9309	-0.2582	0.1497
0.9587	-0.2626	0.2145
0.9643	-0.2626	0.2439
0.9072	-0.2409	0.2293
0.9121	-0.2344	0.2336
0.9714	-0.2388	0.2622
1.029	-0.1794	0.2697
1.066	-0.1264	0.2592
1.106	-0.1082	0.2283
1.199	-0.1592	0.2109
1.297	-0.3252	0.2368
1.437	-0.4822	0.2681
1.526	-0.5446	0.291
1.327	-0.4372	0.2847
1.092	-0.2948	0.2155
1.031	-0.3241	0.09922
1.002	-0.3497	0.02491
1.032	-0.3407	0.04882
1.069	-0.3748	0.08157
1.003	-0.3434	0.09344
0.9239	-0.2799	0.1169
0.8866	-0.2056	0.1038
0.8937	-0.1332	0.07099
0.8962	-0.1267	0.03564
0.845	-0.131	-0.002101
0.7566	-0.1354	0.01496
0.6553	-0.1566	0.02634
0.6362	-0.1927	-0.006627
0.6779	-0.2446	-0.01642
0.6701	-0.2552	-0.01783
0.7185	-0.2241	-0.007306
0.8201	-0.1839	0.01318
0.8565	-0.1352	-0.00168
0.9361	-0.0822	-0.01855
1.035	-0.03556	-0.03311
1.038	-0.01932	-0.04579
1.034	-0.01004	-0.02193
1.039	0.0064	0.008293
1.041	-0.005378	0.02339
1.082	-0.02873	0.02265
1.124	-0.04357	0.01444
1.141	-0.07627	0.016
1.212	-0.1462	0.0007621
1.401	-0.2218	-0.02265
1.582	-0.2496	-0.03174
1.629	-0.259	-0.04208
1.615	-0.3523	-0.04029
1.573	-0.5	-0.03348
1.422	-0.5515	-0.04288
1.099	-0.5244	-0.05491
0.8028	-0.4568	-0.0584
0.8276	-0.3064	-0.01458
0.9888	-0.2403	0.07596
1.035	-0.3084	0.1378
1.062	-0.3057	0.1595
1.034	-0.2263	0.1492
0.9478	-0.149	0.09604
0.8764	-0.09565	0.04193
0.7241	-0.1013	0.01058
0.615	-0.1232	0.00638
0.6192	-0.1571	0.03317
0.6153	-0.1966	0.05744
0.6694	-0.1627	0.05869
0.7716	-0.1062	0.05321
0.8519	-0.1016	0.0839
0.8844	-0.1291	0.1664
0.8666	-0.1861	0.2541
0.8993	-0.2475	0.2808
0.9324	-0.28	0.2528
0.9163	-0.282	0.2496
0.9088	-0.2674	0.2405
0.9037	-0.2658	0.2181
0.9518	-0.2471	0.2692
1.038	-0.2045	0.3155
1.068	-0.1872	0.3015
1.056	-0.1624	0.2901
1.083	-0.1238	0.2666
1.156	-0.1543	0.2342
1.257	-0.2685	0.2418
1.427	-0.3558	0.2751
1.492	-0.2986	0.2924
1.289	-0.1669	0.3036
1.055	-0.181	0.2875
0.9669	-0.4623	0.2062
1.001	-0.7637	0.1296
1.064	-0.696	0.1057
1.041	-0.4991	0.1044
0.9989	-0.5048	0.1052
0.9513	-0.4577	0.1147
0.9376	-0.3939	0.1082
1.025	-0.3553	0.07651
1.044	-0.182	0.08038
0.9885	-0.1525	0.07248
0.9059	-0.1778	0.03358
0.786	-0.1445	0.01843
0.8201	-0.1839	0.01318
0.8565	-0.1352	-0.00168
0.9361	-0.0822	-0.01855
1.035	-0.03556	-0.03311
1.038	-0.01932	-0.04579
1.034	-0.01004	-0.02193
1.039	0.0064	0.008293
1.041	-0.005378	0.02339
1.082	-0.02873	0.02265
1.124	-0.04357	0.01444
1.141	-0.07627	0.016
1.212	-0.1462	0.0007621
1.401	-0.2218	-0.02265
1.582	-0.2496	-0.03174
1.629	-0.259	-0.04208
1.615	-0.3523	-0.04029
1.573	-0.5	-0.03348
1.422	-0.5515	-0.04288
1.099	-0.5244	-0.05491
0.8028	-0.4568	-0.0584
0.8276	-0.3064	-0.01458
0.9888	-0.2403	0.07596
1.035	-0.3084	0.1378
1.062	-0.3057	0.1595
1.034	-0.2263	0.1492
0.9478	-0.149	0.09604
0.8764	-0.09565	0.04193
0.7241	-0.1013	0.01058
0.615	-0.1232	0.00638
0.6192	-0.1571	0.03317
0.6153	-0.1966	0.05744
0.6694	-0.1627	0.05869
0.7716	-0.1062	0.05321
0.8519	-0.1016	0.0839
0.8844	-0.1291	0.1664
0.8666	-0.1861	0.2541
0.8993	-0.2475	0.2808
0.9324	-0.28	0.2528
0.9163	-0.282	0.2496
0.9088	-0.2674	0.2405
0.9037	-0.2658	0.2181
0.9518	-0.2471	0.2692
1.038	-0.2045	0.3155
1.068	-0.1872	0.3015
1.056	-0.1624	0.2901
1.083	-0.1238	0.2666
1.156	-0.1543	0.2342
1.257	-0.2685	0.2418
1.427	-0.3558	0.2751
1.492	-0.2986	0.2924
1.289	-0.1669	0.3036
1.055	-0.181	0.2875
0.9669	-0.4623	0.2062
1.001	-0.7637	0.1296
1.064	-0.696	0.1057
1.041	-0.4991	0.1044
0.9989	-0.5048	0.1052
0.9513	-0.4577	0.1147
0.9376	-0.3939	0.1082
1.025	-0.3553	0.07651
1.044	-0.182	0.08038
0.9885	-0.1525	0.07248
0.9059	-0.1778	0.03358
0.786	-0.1445	0.01843
0.7331	-0.2406	-0.008228
0.7157	-0.2627	-0.0136
0.7313	-0.2589	-0.003407
0.7615	-0.2618	-0.001666
0.7569	-0.1714	0.02554
0.7974	-0.1557	0.01917
0.8609	-0.1285	0.01169
0.954	-0.09627	0.03043
1.031	-0.1019	0.02807
1.029	-0.06558	0.04455
1.054	-0.06467	0.05242
1.056	-0.04407	0.02171
1.029	0.01144	0.004556
1.029	0.07664	0.03017
0.9755	0.1012	0.06444
0.9248	0.02501	0.05251
0.9542	-0.03775	0.04075
1.016	-0.1043	0.05176
1.056	-0.1138	0.05447
1.062	-0.03718	0.06893
1.115	-0.02242	0.06578
1.294	0.009845	0.05201
1.514	0.02343	0.06352
1.57	-0.05158	0.05731
1.494	-0.1961	0.04013
1.444	-0.4583	0.02277
1.322	-0.5852	-0.008951
1.136	-0.5051	-0.02445
1.086	-0.4972	-0.01016
1.107	-0.5278	0.03008
1.09	-0.4924	0.05676
1.077	-0.431	0.04179
1.028	-0.307	0.03445
0.9664	-0.182	0.051
0.9431	-0.1762	0.06406
0.8811	-0.1834	0.06553
0.7942	-0.127	0.05672
0.7582	-0.09572	0.04068
0.7625	-0.1027	0.03291
0.737	-0.1445	0.04739
0.6671	-0.1747	0.06762
0.625	-0.1298	0.08413
0.6361	-0.06264	0.09458
0.7059	-0.0319	0.09008
0.8462	-0.08252	0.08158
0.9754	-0.1717	0.08107
0.9938	-0.245	0.1172
0.9802	-0.3237	0.2021
1.015	-0.3364	0.2585
0.977	-0.2892	0.2381
0.9364	-0.2655	0.2335
1.005	-0.2102	0.2882
1.055	-0.1255	0.313
1.123	-0.1161	0.2966
1.281	-0.217	0.2785
1.444	-0.3607	0.2597
1.467	-0.4244	0.2629
1.364	-0.4183	0.251
1.335	-0.4494	0.1876
1.249	-0.4563	0.1333
1.079	-0.387	0.1003
0.9686	-0.3253	0.03578
0.8754	-0.2862	-0.01164
0.9446	-0.2889	0.03247
0.7331	-0.2406	-0.008228
0.7157	-0.2627	-0.0136
0.7313	-0.2589	-0.003407
0.7615	-0.2618	-0.001666
0.7569	-0.1714	0.02554
0.7974	-0.1557	0.01917
0.8609	-0.1285	0.01169
0.954	-0.09627	0.03043
1.031	-0.1019	0.02807
1.029	-0.06558	0.04455
1.054	-0.06467	0.05242
1.056	-0.04407	0.02171
1.029	0.01144	0.004556
1.029	0.07664	0.03017
0.9755	0.1012	0.06444
0.9248	0.02501	0.05251
0.9542	-0.03775	0.04075
1.016	-0.1043	0.05176
1.056	-0.1138	0.05447
1.062	-0.03718	0.06893
1.115	-0.02242	0.06578
1.294	0.009845	0.05201
1.514	0.02343	0.06352
1.57	-0.05158	0.05731
1.494	-0.1961	0.04013
1.444	-0.4583	0.02277
1.322	-0.5852	-0.008951
1.136	-0.5051	-0.02445
1.086	-0.4972	-0.01016
1.107	-0.5278	0.03008
1.09	-0.4924	0.05676
1.077	-0.431	0.04179
1.028	-0.307	0.03445
0.9664	-0.182	0.051
0.9431	-0.1762	0.06406
0.8811	-0.1834	0.06553
0.7942	-0.127	0.05672
0.7582	-0.09572	0.04068
0.7625	-0.1027	0.03291
0.737	-0.1445	0.04739
0.6671	-0.1747	0.06762
0.625	-0.1298	0.08413
0.6361	-0.06264	0.09458
0.7059	-0.0319	0.09008
0.8462	-0.08252	0.08158
0.9754	-0.1717	0.08107
0.9938	-0.245	0.1172
0.9802	-0.3237	0.2021
1.015	-0.3364	0.2585
0.977	-0.2892	0.2381
0.9364	-0.2655	0.2335
1.005	-0.2102	0.2882
1.055	-0.1255	0.313
1.123	-0.1161	0.2966
1.281	-0.217	0.2785
1.444	-0.3607	0.2597
1.467	-0.4244	0.2629
1.364	-0.4183	0.251
1.335	-0.4494	0.1876
1.249	-0.4563	0.1333
1.079	-0.387	0.1003
0.9686	-0.3253	0.03578
0.8754	-0.2862	-0.01164
0.9446	-0.2889	0.03247
0.9795	-0.3105	0.07532
0.8675	-0.2844	0.07433
0.877	-0.2702	0.09139
0.8379	-0.2239	0.1024
0.8077	-0.1224	0.1134
0.8279	-0.08118	0.07482
0.7585	-0.07035	-0.01814
0.7699	-0.1027	-0.01985
0.7096	-0.1991	-0.000197
0.627	-0.2733	-0.02589
0.6769	-0.3103	-0.02704
0.708	-0.2939	-0.03563
0.8216	-0.2576	-0.03649
0.9362	-0.1787	-0.02238
0.9807	-0.01977	-0.02098
1.011	0.04731	-0.02547
0.9864	0.01916	-0.04307
1.044	0.0163	-0.03733
1.075	0.003838	-0.01616
1.038	-0.0224	-0.0001325
1.093	-0.068	0.01505
1.155	-0.1161	0.005023
1.255	-0.1092	0.003535
1.39	-0.1253	0.005913
1.504	-0.2315	-0.01699
1.633	-0.3663	-0.03388
1.652	-0.4623	-0.04676
1.533	-0.5136	-0.05775
1.32	-0.5558	-0.06263
1.093	-0.5472	-0.04165
0.9963	-0.4383	0.02836
1.002	-0.3011	0.07632
1.039	-0.2269	0.06161
1.05	-0.2536	0.05472
0.9955	-0.2709	0.08054
0.9248	-0.2149	0.08338
0.8666	-0.1951	0.05099
0.7942	-0.1598	-0.002282
0.6865	-0.09772	-0.06392
0.6157	-0.08886	-0.07272
0.5993	-0.07469	-0.04194
0.5887	-0.07952	-0.01232
0.6267	-0.08742	0.04381
0.7008	-0.0861	0.08496
0.809	-0.1417	0.109
0.9328	-0.1935	0.1499
0.9591	-0.2647	0.1556
0.9566	-0.3651	0.1707
0.9808	-0.3992	0.2291
0.944	-0.3638	0.2504
0.9213	-0.2831	0.2566
0.9809	-0.2019	0.2623
1.06	-0.1838	0.2446
1.156	-0.2331	0.271
1.24	-0.2588	0.3004
1.274	-0.269	0.271
1.301	-0.3588	0.2486
1.321	-0.4247	0.2354
1.265	-0.4062	0.2225
1.097	-0.4146	0.1791
0.9321	-0.5069	0.06894
0.9104	-0.5723	0.02653
0.9545	-0.4621	0.07799
0.9721	-0.3159	0.08598
0.9795	-0.3105	0.07532
0.8675	-0.2844	0.07433
0.877	-0.2702	0.09139
0.8379	-0.2239	0.1024
0.8077	-0.1224	0.1134
0.8279	-0.08118	0.07482
0.7585	-0.07035	-0.01814
0.7699	-0.1027	-0.01985
0.7096	-0.1991	-0.000197
0.627	-0.2733	-0.02589
0.6769	-0.3103	-0.02704
0.708	-0.2939	-0.03563
0.8216	-0.2576	-0.03649
0.9362	-0.1787	-0.02238
0.9807	-0.01977	-0.02098
1.011	0.04731	-0.02547
0.9864	0.01916	-0.04307
1.044	0.0163	-0.03733
1.075	0.003838	-0.01616
1.038	-0.0224	-0.0001325
1.093	-0.068	0.01505
1.155	-0.1161	0.005023
1.255	-0.1092	0.003535
1.39	-0.1253	0.005913
1.504	-0.2315	-0.01699
1.633	-0.3663	-0.03388
1.652	-0.4623	-0.04676
1.533	-0.5136	-0.05775
1.32	-0.5558	-0.06263
1.093	-0.5472	-0.04165
0.9963	-0.4383	0.02836
1.002	-0.3011	0.07632
1.039	-0.2269	0.06161
1.05	-0.2536	0.05472
0.9955	-0.2709	0.08054
0.9248	-0.2149	0.08338
0.8666	-0.1951	0.05099
0.7942	-0.1598	-0.002282
0.6865	-0.09772	-0.06392
0.6157	-0.08886	-0.07272
0.5993	-0.07469	-0.04194
0.5887	-0.07952	-0.01232
0.6267	-0.08742	0.04381
0.7008	-0.0861	0.08496
0.809	-0.1417	0.109
0.9328	-0.1935	0.1499
0.9591	-0.2647	0.1556
0.9566	-0.3651	0.1707
0.9808	-0.3992	0.2291
0.944	-0.3638	0.2504
0.9213	-0.2831	0.2566
0.9809	-0.2019	0.2623
1.06	-0.1838	0.2446
1.156	-0.2331	0.271
1.24	-0.2588	0.3004
1.274	-0.269	0.271
1.301	-0.3588	0.2486
1.321	-0.4247	0.2354
1.265	-0.4062	0.2225
1.097	-0.4146	0.1791
0.9321	-0.5069	0.06894
0.9104	-0.5723	0.02653
0.9545	-0.4621	0.07799
0.9721	-0.3159	0.08598
1.008	-0.3029	0.05366
1.007	-0.327	0.04388
0.9543	-0.3007	0.05937
0.952	-0.2336	0.08408
0.9405	-0.1376	0.09025
0.889	-0.07399	0.05034
0.8308	-0.1056	-0.01478
0.7215	-0.1539	-0.03294
0.6549	-0.1843	0.0009473
0.6532	-0.2118	0.01944
0.6465	-0.1749	0.01324
0.6799	-0.1409	0.009096
0.7609	-0.1064	-0.005492
0.9136	-0.005106	-0.03332
1.039	0.05067	-0.04209
1.019	0.05859	-0.03336
1.006	0.05595	-0.03262
1.03	-0.01454	-0.01894
1.01	-0.09959	0.01729
1.004	-0.09346	0.03373
1.027	-0.03726	0.007562
1.068	-0.03777	-0.06121
1.121	-0.0438	-0.1179
1.134	-0.0283	-0.06474
1.189	-0.01533	0.01907
1.317	0.02123	0.001959
1.391	-0.001883	-0.01694
1.502	-0.08055	0.004618
1.634	-0.1587	-0.0179
1.61	-0.2676	-0.04809
1.604	-0.4263	-0.05684
1.549	-0.669	0.01598
1.247	-0.8072	0.1527
0.9629	-0.7036	0.1513
0.8721	-0.5094	0.06465
0.9312	-0.28	0.01972
0.9551	-0.1985	-0.008856
0.8856	-0.3137	0.0278
0.902	-0.3322	0.07313
0.8548	-0.3163	0.07022
0.6871	-0.2919	0.05458
0.5734	-0.1435	-0.01876
0.574	-0.1076	-0.08158
0.684	-0.1414	-0.0475
0.6991	-0.09803	0.02441
0.6744	-0.104	0.07014
0.7195	-0.07873	0.06052
0.7531	-0.04055	0.04863
0.8901	-0.08817	0.09539
0.9777	-0.1305	0.1661
0.9529	-0.1875	0.2143
0.9645	-0.2536	0.2174
0.9227	-0.2819	0.1995
0.8975	-0.272	0.2213
0.8772	-0.1671	0.2814
0.8478	-0.02407	0.3198
0.9375	-0.02731	0.2713
1.076	-0.2065	0.2004
1.219	-0.3519	0.2493
1.264	-0.3452	0.305
1.237	-0.2921	0.2796
1.343	-0.313	0.2816
1.489	-0.4243	0.2698
1.495	-0.5077	0.2661
1.008	-0.3029	0.05366
1.007	-0.327	0.04388
0.9543	-0.3007	0.05937
0.952	-0.2336	0.08408
0.9405	-0.1376	0.09025
0.889	-0.07399	0.05034
0.8308	-0.1056	-0.01478
0.7215	-0.1539	-0.03294
0.6549	-0.1843	0.0009473
0.6532	-0.2118	0.01944
0.6465	-0.1749	0.01324
0.6799	-0.1409	0.009096
0.7609	-0.1064	-0.005492
0.9136	-0.005106	-0.03332
1.039	0.05067	-0.04209
1.019	0.05859	-0.03336
1.006	0.05595	-0.03262
1.03	-0.01454	-0.01894
1.01	-0.09959	0.01729
1.004	-0.09346	0.03373
1.027	-0.03726	0.007562
1.068	-0.03777	-0.06121
1.121	-0.0438	-0.1179
1.134	-0.0283	-0.06474
1.189	-0.01533	0.01907
1.317	0.02123	0.001959
1.391	-0.001883	-0.01694
1.502	-0.08055	0.004618
1.634	-0.1587	-0.0179
1.61	-0.2676	-0.04809
1.604	-0.4263	-0.05684
1.549	-0.669	0.01598
1.247	-0.8072	0.1527
0.9629	-0.7036	0.1513
0.8721	-0.5094	0.06465
0.9312	-0.28	0.01972
0.9551	-0.1985	-0.008856
0.8856	-0.3137	0.0278
0.902	-0.3322	0.07313
0.8548	-0.3163	0.07022
0.6871	-0.2919	0.05458
0.5734	-0.1435	-0.01876
0.574	-0.1076	-0.08158
0.684	-0.1414	-0.0475
0.6991	-0.09803	0.02441
0.6744	-0.104	0.07014
0.7195	-0.07873	0.06052
0.7531	-0.04055	0.04863
0.8901	-0.08817	0.09539
0.9777	-0.1305	0.1661
0.9529	-0.1875	0.2143
0.9645	-0.2536	0.2174
0.9227	-0.2819	0.1995
0.8975	-0.272	0.2213
0.8772	-0.1671	0.2814
0.8478	-0.02407	0.3198
0.9375	-0.02731	0.2713
1.076	-0.2065	0.2004
1.219	-0.3519	0.2493
1.264	-0.3452	0.305
1.237	-0.2921	0.2796
1.343	-0.313	0.2816
1.489	-0.4243	0.2698
1.495	-0.5077	0.2661
1.285	-0.4606	0.2813
1.004	-0.3971	0.186
0.9453	-0.4735	0.05588
1.023	-0.5498	-0.01377
1.035	-0.5209	-0.01444
1.047	-0.4847	0.0008985
1.051	-0.3755	-0.02472
0.9649	-0.2338	-0.0008538
0.9015	-0.1607	0.03615
0.8787	-0.1315	0.0348
0.8069	-0.1432	0.03683
0.7436	-0.102	0.003481
0.7145	-0.09949	-0.03599
0.6813	-0.1699	-0.05575
0.6486	-0.2036	-0.04804
0.6394	-0.3108	-0.02112
0.6496	-0.3479	-0.03184
0.6981	-0.2581	-0.03788
0.832	-0.2081	-0.04919
0.9649	-0.1071	-0.07066
1.026	0.0008436	-0.05454
1.041	0.06213	-0.05273
1.046	0.0873	-0.05271
1.104	0.008471	-0.04172
1.165	-0.1085	-0.03962
1.214	-0.2105	-0.02017
1.312	-0.2174	-0.02083
1.439	-0.15	-0.04254
1.553	-0.1575	-0.05976
1.597	-0.2303	-0.07043
1.552	-0.3758	-0.04285
1.408	-0.5383	-0.03878
1.183	-0.6212	-0.1353
1.075	-0.636	-0.2124
1.065	-0.5076	-0.1088
0.9689	-0.3228	0.03276
0.9551	-0.2832	0.0243
1.036	-0.2933	0.028
0.9962	-0.2457	0.09067
0.9849	-0.237	0.06578
0.9778	-0.2418	0.03872
0.8316	-0.1686	0.03204
0.7482	-0.1355	-0.005854
0.6781	-0.1712	0.005536
0.542	-0.1751	0.01853
0.5216	-0.1805	0.004308
0.5938	-0.1577	0.03247
0.671	-0.1159	0.0589
0.8075	-0.1537	0.078
0.9615	-0.1918	0.1196
0.9632	-0.2179	0.1612
0.9506	-0.3158	0.2215
1.025	-0.4046	0.2661
0.9952	-0.4039	0.2527
1.008	-0.3394	0.2565
1.065	-0.2432	0.2832
1.063	-0.1817	0.2891
1.206	-0.2079	0.2975
1.349	-0.2819	0.2805
1.397	-0.3868	0.2448
1.387	-0.4735	0.2251
1.186	-0.4528	0.1892
0.9908	-0.3689	0.144
0.9827	-0.3028	0.03982
1.285	-0.4606	0.2813
1.004	-0.3971	0.186
0.9453	-0.4735	0.05588
1.023	-0.5498	-0.01377
1.035	-0.5209	-0.01444
1.047	-0.4847	0.0008985
1.051	-0.3755	-0.02472
0.9649	-0.2338	-0.0008538
0.9015	-0.1607	0.03615
0.8787	-0.1315	0.0348
0.8069	-0.1432	0.03683
0.7436	-0.102	0.003481
0.7145	-0.09949	-0.03599
0.6813	-0.1699	-0.05575
0.6486	-0.2036	-0.04804
0.6394	-0.3108	-0.02112
0.6496	-0.3479	-0.03184
0.6981	-0.2581	-0.03788
0.832	-0.2081	-0.04919
0.9649	-0.1071	-0.07066
1.026	0.0008436	-0.05454
1.041	0.06213	-0.05273
1.046	0.0873	-0.05271
1.104	0.008471	-0.04172
1.165	-0.1085	-0.03962
1.214	-0.2105	-0.02017
1.312	-0.2174	-0.02083
1.439	-0.15	-0.04254
1.553	-0.1575	-0.05976
1.597	-0.2303	-0.07043
1.552	-0.3758	-0.04285
1.408	-0.5383	-0.03878
1.183	-0.6212	-0.1353
1.075	-0.636	-0.2124
1.065	-0.5076	-0.1088
0.9689	-0.3228	0.03276
0.9551	-0.2832	0.0243
1.036	-0.2933	0.028
0.9962	-0.2457	0.09067
0.9849	-0.237	0.06578
0.9778	-0.2418	0.03872
0.8316	-0.1686	0.03204
0.7482	-0.1355	-0.005854
0.6781	-0.1712	0.005536
0.542	-0.1751	0.01853
0.5216	-0.1805	0.004308
0.5938	-0.1577	0.03247
0.671	-0.1159	0.0589
0.8075	-0.1537	0.078
0.9615	-0.1918	0.1196
0.9632	-0.2179	0.1612
0.9506	-0.3158	0.2215
1.025	-0.4046	0.2661
0.9952	-0.4039	0.2527
1.008	-0.3394	0.2565
1.065	-0.2432	0.2832
1.063	-0.1817	0.2891
1.206	-0.2079	0.2975
1.349	-0.2819	0.2805
1.397	-0.3868	0.2448
1.387	-0.4735	0.2251
1.186	-0.4528	0.1892
0.9908	-0.3689	0.144
0.9827	-0.3028	0.03982
1.058	-0.322	-0.0792
1.069	-0.403	-0.009162
1.02	-0.4198	0.1271
0.9816	-0.3674	0.1382
0.8545	-0.2465	0.1383
0.7641	-0.1184	0.1379
0.7946	-0.09458	0.0753
0.7831	-0.05659	-0.02091
0.7554	-0.01272	-0.1011
0.6917	-0.09376	-0.0588
0.5836	-0.2135	0.006968
0.5504	-0.3155	-0.01173
0.6085	-0.3559	-0.01298
0.7295	-0.2833	-0.03125
0.9111	-0.1895	-0.04285
1.089	-0.0967	-0.009291
1.111	0.009349	-0.002273
1.061	0.05696	0.03331
1.087	0.04044	0.03108
1.159	-0.03318	-0.01121
1.29	-0.1573	0.01527
1.369	-0.2274	0.02872
1.375	-0.2266	0.04465
1.473	-0.2522	0.03595
1.611	-0.31	-0.0658
1.643	-0.392	-0.1191
1.467	-0.582	-0.06488
1.187	-0.7845	-0.0001085
1.073	-0.6885	-0.01893
1.074	-0.3383	-0.01497
1.013	-0.1036	0.05367
0.9944	-0.1088	0.02646
1.056	-0.2274	0.02587
1.043	-0.2706	0.0941
1.017	-0.2584	0.08889
0.9796	-0.2678	0.07178
0.7899	-0.1979	0.02205
0.6388	-0.1595	-0.02556
0.5829	-0.1391	0.003133
0.4742	-0.04955	0.007348
0.4493	-0.08407	-0.001499
0.5166	-0.1164	0.0107
0.5494	-0.08571	0.02346
0.6814	-0.151	0.04499
0.9022	-0.22	0.0818
1.017	-0.2808	0.1377
1.069	-0.3329	0.1705
1.07	-0.3629	0.1917
1.014	-0.3818	0.2532
1.03	-0.3162	0.3369
1.098	-0.2203	0.3626
1.236	-0.1599	0.2972
1.357	-0.1578	0.2506
1.334	-0.2165	0.2529
1.324	-0.3485	0.2044
1.289	-0.5873	0.122
1.129	-0.6843	0.08499
0.9804	-0.4548	0.04388
0.9794	-0.2273	-0.06536
1.099	-0.2624	-0.122
1.128	-0.3465	-0.02317
1.059	-0.3324	0.09644
0.9591	-0.2971	0.1102
0.8545	-0.2069	0.1027
1.058	-0.322	-0.0792
1.069	-0.403	-0.009162
1.02	-0.4198	0.1271
0.9816	-0.3674	0.1382
0.8545	-0.2465	0.1383
0.7641	-0.1184	0.1379
0.7946	-0.09458	0.0753
0.7831	-0.05659	-0.02091
0.7554	-0.01272	-0.1011
0.6917	-0.09376	-0.0588
0.5836	-0.2135	0.006968
0.5504	-0.3155	-0.01173
0.6085	-0.3559	-0.01298
0.7295	-0.2833	-0.03125
0.9111	-0.1895	-0.04285
1.089	-0.0967	-0.009291
1.111	0.009349	-0.002273
1.061	0.05696	0.03331
1.087	0.04044	0.03108
1.159	-0.03318	-0.01121
1.29	-0.1573	0.01527
1.369	-0.2274	0.02872
1.375	-0.2266	0.04465
1.473	-0.2522	0.03595
1.611	-0.31	-0.0658
1.643	-0.392	-0.1191
1.467	-0.582	-0.06488
1.187	-0.7845	-0.0001085
1.073	-0.6885	-0.01893
1.074	-0.3383	-0.01497
1.013	-0.1036	0.05367
0.9944	-0.1088	0.02646
1.056	-0.2274	0.02587
1.043	-0.2706	0.0941
1.017	-0.2584	0.08889
0.9796	-0.2678	0.07178
0.7899	-0.1979	0.02205
0.6388	-0.1595	-0.02556
0.5829	-0.1391	0.003133
0.4742	-0.04955	0.007348
0.4493	-0.08407	-0.001499
0.5166	-0.1164	0.0107
0.5494	-0.08571	0.02346
0.6814	-0.151	0.04499
0.9022	-0.22	0.0818
1.017	-0.2808	0.1377
1.069	-0.3329	0.1705
1.07	-0.3629	0.1917
1.014	-0.3818	0.2532
1.03	-0.3162	0.3369
1.098	-0.2203	0.3626
1.236	-0.1599	0.2972
1.357	-0.1578	0.2506
1.334	-0.2165	0.2529
1.324	-0.3485	0.2044
1.289	-0.5873	0.122
1.129	-0.6843	0.08499
0.9804	-0.4548	0.04388
0.9794	-0.2273	-0.06536
1.099	-0.2624	-0.122
1.128	-0.3465	-0.02317
1.059	-0.3324	0.09644
0.9591	-0.2971	0.1102
0.8545	-0.2069	0.1027
0.8651	-0.1191	0.1104
0.8664	-0.09902	0.05677
0.8017	-0.06118	-0.002361
0.7524	-0.07686	-0.03658
0.6369	-0.1731	-0.07381
0.5336	-0.267	-0.06984
0.5531	-0.3486	-0.05952
0.6219	-0.3807	-0.05995
0.7182	-0.3647	-0.05067
0.8712	-0.2739	-0.05163
1.013	-0.111	-0.04652
1.107	0.005994	-0.04174
1.155	0.04423	-0.02789
1.095	0.02517	0.001768
1.05	0.0005629	0.01559
1.12	-0.02108	0.02396
1.215	-0.06798	0.03692
1.362	-0.1053	0.058
1.48	-0.1691	0.06457
1.507	-0.2328	0.01619
1.562	-0.2856	-0.07635
1.563	-0.4763	-0.1318
1.427	-0.7331	-0.07528
1.191	-0.8048	-0.01994
0.9784	-0.6174	-0.05413
0.9951	-0.3399	-0.05017
1.125	-0.1985	0.001371
1.149	-0.2193	0.02664
1.093	-0.285	0.05508
1.005	-0.3038	0.06828
0.9345	-0.2737	0.05707
0.8361	-0.2412	0.03161
0.6717	-0.2182	-0.007382
0.5627	-0.1888	-0.001159
0.4814	-0.1389	0.000502
0.4644	-0.103	-0.02625
0.5475	-0.07105	0.02136
0.5819	-0.02391	0.07984
0.7083	-0.07036	0.08536
0.9449	-0.2055	0.1147
1.041	-0.3089	0.1587
1.014	-0.3412	0.1871
0.9514	-0.3218	0.2228
0.8957	-0.3109	0.2348
0.8507	-0.2828	0.204
0.8669	-0.2408	0.2063
0.9817	-0.204	0.2736
1.039	-0.08148	0.3286
1.044	-0.01736	0.3102
1.11	-0.1609	0.2639
1.303	-0.4314	0.26
1.481	-0.6707	0.2635
1.373	-0.6085	0.2468
1.203	-0.4475	0.2037
1.13	-0.4997	0.1325
1.07	-0.5067	0.1121
1.05	-0.4952	0.09796
0.9831	-0.5238	0.06571
0.9803	-0.4197	0.08559
1.018	-0.3706	0.078
0.9474	-0.3531	0.06947
0.9694	-0.3167	0.09494
0.9954	-0.3258	0.07721
0.9527	-0.2261	0.05544
1.125	-0.1671	-0.02873
1.167	-0.1721	-0.03362
1.327	-0.1522	-0.04334
1.525	-0.1171	-0.04879
1.617	-0.0685	-0.07501
1.62	-0.1253	-0.1325
1.596	-0.4254	-0.2042
1.566	-0.8378	-0.2473
1.391	-0.9071	-0.1876
1.084	-0.548	-0.0769
0.9306	-0.2857	-0.04178
1.008	-0.2812	-0.03238
1.045	-0.2715	0.01996
0.9531	-0.2318	0.04953
0.9142	-0.1966	0.01191
0.8464	-0.1414	-0.0311
0.7058	-0.1198	-0.02689
0.6417	-0.1508	-0.02732
0.5908	-0.1578	-0.0324
0.5765	-0.135	-0.01344
0.5861	-0.1271	-0.002328
0.573	-0.09639	0.01047
0.681	-0.07159	0.01029
0.7784	-0.07263	0.003437
0.8051	-0.112	0.02097
0.9004	-0.2372	0.04394
0.96	-0.3228	0.1117
0.9463	-0.3329	0.2001
0.9282	-0.3166	0.2264
0.9269	-0.2342	0.2082
0.9773	-0.1594	0.1847
1.077	-0.1385	0.1833
1.15	-0.1477	0.2105
1.195	-0.1871	0.2441
1.339	-0.3132	0.2525
1.49	-0.5325	0.2715
1.484	-0.6048	0.3134
1.353	-0.5024	0.2315
1.166	-0.4642	0.04776
1.05	-0.4687	-0.07229
1.046	-0.4159	-0.1106
1.046	-0.3516	-0.0849
1.016	-0.3044	-0.05843
0.9608	-0.2554	-0.009285
0.8964	-0.2149	0.09169
0.8404	-0.174	0.0862
0.804	-0.1304	0.04818
0.8069	-0.1496	0.06458
0.8029	-0.1764	0.01461
0.7443	-0.1566	0.000755
0.6718	-0.1755	0.0127
0.6169	-0.2224	-0.05196
0.6159	-0.2614	-0.04907
0.6732	-0.2772	-0.01629
0.7179	-0.2365	-0.02859
0.7729	-0.1536	-0.02852
0.8329	9.97e-05	-0.04755
0.8772	0.1297	-0.0422
1.018	0.09726	-0.01724
1.195	0.006791	-0.01333
1.257	-0.0674	0.02714
1.243	-0.1033	0.05591
1.309	-0.1033	0.04075
1.524	-0.1487	-0.008432
1.742	-0.1732	-0.09875
1.798	-0.2325	-0.1536
1.68	-0.4171	-0.1477
1.546	-0.5341	-0.1347
1.372	-0.5527	-0.1298
0.9977	-0.5539	-0.09532
0.8363	-0.4373	-0.04371
1.028	-0.251	-0.007702
1.07	-0.2494	0.05895
1.034	-0.3334	0.1151
1.044	-0.2672	0.09839
0.9168	-0.241	0.0712
0.7954	-0.1946	0.04899
0.6863	-0.02863	0.004955
0.5666	-0.02092	-0.03898
0.5674	-0.06355	-0.05326
0.5706	-0.09382	-0.0173
0.5701	-0.167	0.04264
0.6568	-0.1403	0.06366
0.7788	-0.1333	0.06943
0.9029	-0.1758	0.1053
0.985	-0.2473	0.1414
1.047	-0.3826	0.1718
1.062	-0.4262	0.1794
1.02	-0.4073	0.1693
1.065	-0.3815	0.1803
1.169	-0.2438	0.1705
1.289	-0.09885	0.1715
1.362	-0.1626	0.2299
1.316	-0.2902	0.2592
1.351	-0.338	0.1973
1.371	-0.487	0.1224
1.174	-0.5506	0.1471
0.9713	-0.393	0.1471
0.9499	-0.3147	0.0189
1.088	-0.3023	-0.05825
1.159	-0.3211	-0.0182
1.072	-0.3782	0.05923
0.9947	-0.3277	0.1078
0.9034	-0.2244	0.1111
0.8163	-0.1016	0.1109
0.8008	-0.05071	0.07243
0.7604	-0.09815	0.01202
0.6566	-0.1031	-0.008747
0.5453	-0.1803	-0.01831
0.507	-0.241	-0.04919
0.5459	-0.1862	-0.07533
0.6591	-0.1879	-0.0581
0.8486	-0.151	-0.04882
0.9971	-0.1062	-0.04209
1.043	-0.1211	-0.00539
1.049	-0.04844	0.01106
1.042	0.05155	0.02638
1.027	0.1044	0.01419
1.078	0.07112	-0.01455
1.16	-0.02885	0.0197
1.197	-0.1078	0.04527
1.257	-0.1791	0.03932
1.397	-0.1894	0.03515
1.6	-0.2193	0.01515
1.725	-0.3536	-0.01429
1.662	-0.4611	-0.07906
1.459	-0.5097	-0.142
1.136	-0.4691	-0.123
1.742	-0.1732	-0.09875
1.798	-0.2325	-0.1536
1.68	-0.4171	-0.1477
1.546	-0.5341	-0.1347
1.372	-0.5527	-0.1298
0.9977	-0.5539	-0.09532
0.8363	-0.4373	-0.04371
1.028	-0.251	-0.007702
1.07	-0.2494	0.05895
1.034	-0.3334	0.1151
1.044	-0.2672	0.09839
0.9168	-0.241	0.0712
0.7954	-0.1946	0.04899
0.6863	-0.02863	0.004955
0.5666	-0.02092	-0.03898
0.5674	-0.06355	-0.05326
0.5706	-0.09382	-0.0173
0.5701	-0.167	0.04264
0.6568	-0.1403	0.06366
0.7788	-0.1333	0.06943
0.9029	-0.1758	0.1053
0.985	-0.2473	0.1414
1.047	-0.3826	0.1718
1.062	-0.4262	0.1794
1.02	-0.4073	0.1693
1.065	-0.3815	0.1803
1.169	-0.2438	0.1705
1.289	-0.09885	0.1715
1.362	-0.1626	0.2299
1.316	-0.2902	0.2592
1.351	-0.338	0.1973
1.371	-0.487	0.1224
1.174	-0.5506	0.1471
0.9713	-0.393	0.1471
0.9499	-0.3147	0.0189
1.088	-0.3023	-0.05825
1.159	-0.3211	-0.0182
1.072	-0.3782	0.05923
0.9947	-0.3277	0.1078
0.9034	-0.2244	0.1111
0.8163	-0.1016	0.1109
0.8008	-0.05071	0.07243
0.7604	-0.09815	0.01202
0.6566	-0.1031	-0.008747
0.5453	-0.1803	-0.01831
0.507	-0.241	-0.04919
0.5459	-0.1862	-0.07533
0.6591	-0.1879	-0.0581
0.8486	-0.151	-0.04882
0.9971	-0.1062	-0.04209
1.043	-0.1211	-0.00539
1.049	-0.04844	0.01106
1.042	0.05155	0.02638
1.027	0.1044	0.01419
1.078	0.07112	-0.01455
1.16	-0.02885	0.0197
1.197	-0.1078	0.04527
1.257	-0.1791	0.03932
1.397	-0.1894	0.03515
1.6	-0.2193	0.01515
1.725	-0.3536	-0.01429
1.662	-0.4611	-0.07906
1.459	-0.5097	-0.142
1.136	-0.4691	-0.123
0.8864	-0.3912	-0.07953
0.8829	-0.3534	-0.04984
0.9427	-0.2927	0.008114
1.004	-0.271	0.05695
1.093	-0.2542	0.08671
1.052	-0.2136	0.09983
0.9562	-0.2259	0.0686
0.9388	-0.1964	0.07316
0.874	-0.1737	0.08227
0.7648	-0.1736	0.05373
0.689	-0.1077	0.06831
0.6406	-0.07735	0.05094
0.6693	-0.0658	0.02199
0.6922	-0.06922	0.04429
0.6817	-0.1148	0.06245
0.7318	-0.1303	0.1217
0.798	-0.174	0.1581
0.9029	-0.2323	0.1405
1.01	-0.2839	0.1537
0.9977	-0.3221	0.1882
0.9343	-0.2423	0.2707
0.912	-0.1475	0.3281
1.029	-0.14	0.2901
1.253	-0.1709	0.2717
1.36	-0.2244	0.2964
1.355	-0.3074	0.2908
1.405	-0.443	0.2547
1.453	-0.5234	0.2321
1.292	-0.4571	0.2146
1.004	-0.3417	0.1385
0.9106	-0.2596	-0.005884
0.9917	-0.2775	-0.06625
1.032	-0.355	0.02164
1.035	-0.358	0.06719
1.014	-0.3249	0.06698
0.9125	-0.2775	0.1212
0.8083	-0.1974	0.1341
0.7949	-0.1698	0.1046
0.8167	-0.1737	0.06069
0.8097	-0.1841	-0.02057
0.7602	-0.2082	-0.03837
0.673	-0.1969	0.01343
0.6075	-0.206	0.01885
0.6217	-0.241	-0.01122
0.7297	-0.2414	-0.04152
0.8838	-0.1968	-0.06664
0.9588	-0.1012	-0.03755
0.9059	-0.03583	-0.006951
0.8899	-0.02071	-0.02258
1.003	-0.002635	-0.02051
1.132	-0.005948	-0.007362
1.235	-0.04275	0.004767
1.272	-0.1075	0.03048
1.301	-0.1863	0.03592
1.471	-0.2823	8.98e-05
1.631	-0.383	-0.07322
1.637	-0.4239	-0.1028
1.505	-0.4588	0.004633
1.262	-0.5527	0.1202
1.06	-0.5995	0.08734
0.9712	-0.5209	0.04402
0.975	-0.3341	0.04885
1.003	-0.155	0.007817
1.022	-0.1982	0.07338
0.8864	-0.3912	-0.07953
0.8829	-0.3534	-0.04984
0.9427	-0.2927	0.008114
1.004	-0.271	0.05695
1.093	-0.2542	0.08671
1.052	-0.2136	0.09983
0.9562	-0.2259	0.0686
0.9388	-0.1964	0.07316
0.874	-0.1737	0.08227
0.7648	-0.1736	0.05373
0.689	-0.1077	0.06831
0.6406	-0.07735	0.05094
0.6693	-0.0658	0.02199
0.6922	-0.06922	0.04429
0.6817	-0.1148	0.06245
0.7318	-0.1303	0.1217
0.798	-0.174	0.1581
0.9029	-0.2323	0.1405
1.01	-0.2839	0.1537
0.9977	-0.3221	0.1882
0.9343	-0.2423	0.2707
0.912	-0.1475	0.3281
1.029	-0.14	0.2901
1.253	-0.1709	0.2717
1.36	-0.2244	0.2964
1.355	-0.3074	0.2908
1.405	-0.443	0.2547
1.453	-0.5234	0.2321
1.292	-0.4571	0.2146
1.004	-0.3417	0.1385
0.9106	-0.2596	-0.005884
0.9917	-0.2775	-0.06625
1.032	-0.355	0.02164
1.035	-0.358	0.06719
1.014	-0.3249	0.06698
0.9125	-0.2775	0.1212
0.8083	-0.1974	0.1341
0.7949	-0.1698	0.1046
0.8167	-0.1737	0.06069
0.8097	-0.1841	-0.02057
0.7602	-0.2082	-0.03837
0.673	-0.1969	0.01343
0.6075	-0.206	0.01885
0.6217	-0.241	-0.01122
0.7297	-0.2414	-0.04152
0.8838	-0.1968	-0.06664
0.9588	-0.1012	-0.03755
0.9059	-0.03583	-0.006951
0.8899	-0.02071	-0.02258
1.003	-0.002635	-0.02051
1.132	-0.005948	-0.007362
1.235	-0.04275	0.004767
1.272	-0.1075	0.03048
1.301	-0.1863	0.03592
1.471	-0.2823	8.98e-05
1.631	-0.383	-0.07322
1.637	-0.4239	-0.1028
1.505	-0.4588	0.004633
1.262	-0.5527	0.1202
1.06	-0.5995	0.08734
0.9712	-0.5209	0.04402
0.975	-0.3341	0.04885
1.003	-0.155	0.007817
1.022	-0.1982	0.07338
1.094	-0.2945	0.1856
1.053	-0.186	0.1196
0.9025	-0.1455	0.06863
0.8427	-0.1791	0.07721
0.7687	-0.1007	0.02955
0.6926	-0.07974	0.03558
0.6472	-0.04429	0.03035
0.6235	-0.03265	-0.006374
0.7006	-0.1546	0.03317
0.7077	-0.1948	0.06364
0.7081	-0.1949	0.07598
0.7806	-0.1737	0.1029
0.7673	-0.1193	0.1213
0.8153	-0.1163	0.1567
0.8984	-0.08748	0.1689
0.9357	-0.1384	0.1673
0.9892	-0.2253	0.2147
0.9601	-0.1974	0.2692
0.947	-0.1371	0.2737
0.9864	-0.08506	0.2488
1.032	-0.157	0.261
1.144	-0.2425	0.3022
1.197	-0.1485	0.335
1.196	-0.09545	0.3393
1.261	-0.1677	0.2953
1.338	-0.2688	0.265
1.362	-0.3936	0.254
1.331	-0.4563	0.2188
1.173	-0.4848	0.1694
0.8941	-0.627	0.1141
0.8428	-0.7377	0.07834
1.082	-0.6542	0.009997
1.205	-0.5492	-0.06245
1.113	-0.4799	-0.03318
1.012	-0.415	0.006011
0.9731	-0.4322	0.0321
0.9297	-0.4088	0.05957
0.8995	-0.3004	0.01686
0.9037	-0.2506	-0.02962
0.8708	-0.2374	-0.0451
0.8388	-0.2298	-0.05385
0.7783	-0.225	-0.05214
0.7028	-0.2056	-0.05649
0.7344	-0.2171	-0.03482
0.7386	-0.2213	-0.004421
0.7141	-0.2055	-0.002775
0.7715	-0.1979	-0.01167
0.8239	-0.1601	-0.03882
0.8827	-0.1388	-0.058
0.928	-0.1322	-0.04557
0.9271	-0.08165	-0.02311
0.9307	-0.02118	-0.00752
0.9357	0.01113	-0.01796
1.018	-0.02416	-0.02097
1.125	-0.05583	0.02272
1.113	-0.01404	0.06588
1.104	-0.001893	0.05124
1.244	-0.0497	0.005164
1.478	-0.1548	-0.01234
1.619	-0.2708	0.01722
1.56	-0.2569	0.07952
1.518	-0.2424	0.08792
1.552	-0.3955	-0.02169
1.402	-0.5708	-0.1199
1.094	-0.2945	0.1856
1.053	-0.186	0.1196
0.9025	-0.1455	0.06863
0.8427	-0.1791	0.07721
0.7687	-0.1007	0.02955
0.6926	-0.07974	0.03558
0.6472	-0.04429	0.03035
0.6235	-0.03265	-0.006374
0.7006	-0.1546	0.03317
0.7077	-0.1948	0.06364
0.7081	-0.1949	0.07598
0.7806	-0.1737	0.1029
0.7673	-0.1193	0.1213
0.8153	-0.1163	0.1567
0.8984	-0.08748	0.1689
0.9357	-0.1384	0.1673
0.9892	-0.2253	0.2147
0.9601	-0.1974	0.2692
0.947	-0.1371	0.2737
0.9864	-0.08506	0.2488
1.032	-0.157	0.261
1.144	-0.2425	0.3022
1.197	-0.1485	0.335
1.196	-0.09545	0.3393
1.261	-0.1677	0.2953
1.338	-0.2688	0.265
1.362	-0.3936	0.254
1.331	-0.4563	0.2188
1.173	-0.4848	0.1694
0.8941	-0.627	0.1141
0.8428	-0.7377	0.07834
1.082	-0.6542	0.009997
1.205	-0.5492	-0.06245
1.113	-0.4799	-0.03318
1.012	-0.415	0.006011
0.9731	-0.4322	0.0321
0.9297	-0.4088	0.05957
0.8995	-0.3004	0.01686
0.9037	-0.2506	-0.02962
0.8708	-0.2374	-0.0451
0.8388	-0.2298	-0.05385
0.7783	-0.225	-0.05214
0.7028	-0.2056	-0.05649
0.7344	-0.2171	-0.03482
0.7386	-0.2213	-0.004421
0.7141	-0.2055	-0.002775
0.7715	-0.1979	-0.01167
0.8239	-0.1601	-0.03882
0.8827	-0.1388	-0.058
0.928	-0.1322	-0.04557
0.9271	-0.08165	-0.02311
0.9307	-0.02118	-0.00752
0.9357	0.01113	-0.01796
1.018	-0.02416	-0.02097
1.125	-0.05583	0.02272
1.113	-0.01404	0.06588
1.104	-0.001893	0.05124
1.244	-0.0497	0.005164
1.478	-0.1548	-0.01234
1.619	-0.2708	0.01722
1.56	-0.2569	0.07952
1.518	-0.2424	0.08792
1.552	-0.3955	-0.02169
1.402	-0.5708	-0.1199
1.12	-0.6551	-0.07854
0.92	-0.649	-6.602e-05
0.8643	-0.562	0.02302
0.9715	-0.4353	0.04935
1.051	-0.2831	0.03782
1.023	-0.1896	-0.001452
0.9835	-0.1855	0.01783
0.8817	-0.1769	0.001481
0.7751	-0.1557	-0.02183
0.7175	-0.1294	0.002708
0.6893	-0.1316	-0.002258
0.7098	-0.165	0.02092
0.7011	-0.172	0.06517
0.6842	-0.1825	0.0937
0.689	-0.1487	0.1235
0.6937	-0.0827	0.1244
0.754	-0.09022	0.1286
0.8483	-0.1355	0.1357
0.9482	-0.2015	0.1642
0.9942	-0.2412	0.202
0.9788	-0.2249	0.1713
1.03	-0.2268	0.1619
1.101	-0.2185	0.2195
1.151	-0.188	0.263
1.231	-0.1853	0.2633
1.303	-0.2411	0.266
1.402	-0.3623	0.3289
1.508	-0.4751	0.3614
1.498	-0.5335	0.2697
1.355	-0.5003	0.1494
1.087	-0.3349	0.09214
0.879	-0.2052	0.01126
0.8689	-0.3018	-0.08599
0.8692	-0.448	-0.03602
0.8795	-0.4254	0.04119
0.9516	-0.3721	0.03439
0.9123	-0.328	0.05206
0.8318	-0.1993	0.04837
0.8044	-0.1214	0.04796
0.772	-0.1104	0.0564
0.7685	-0.09541	0.003675
0.7309	-0.1232	-0.001392
0.6562	-0.1686	0.001297
0.639	-0.2078	-0.02709
0.6672	-0.2254	-0.02797
0.7761	-0.2479	-0.0481
0.8934	-0.2811	-0.0493
0.9161	-0.2319	-0.03548
0.9332	-0.1267	-0.03206
0.9785	-0.0005991	-0.02269
1.025	0.088	-0.02608
1.066	0.06364	-0.007564
1.084	0.03215	0.001733
1.082	-0.01131	0.02337
1.115	-0.1035	0.07434
1.231	-0.1253	0.04149
1.387	-0.1639	-0.0155
1.575	-0.2913	-0.03996
1.757	-0.3264	-0.06997
1.798	-0.353	-0.06244
1.632	-0.541	-0.05423
1.318	-0.6946	-0.07716
1.012	-0.656	-0.07075
0.8346	-0.4625	-0.02564
1.12	-0.6551	-0.07854
0.92	-0.649	-6.602e-05
0.8643	-0.562	0.02302
0.9715	-0.4353	0.04935
1.051	-0.2831	0.03782
1.023	-0.1896	-0.001452
0.9835	-0.1855	0.01783
0.8817	-0.1769	0.001481
0.7751	-0.1557	-0.02183
0.7175	-0.1294	0.002708
0.6893	-0.1316	-0.002258
0.7098	-0.165	0.02092
0.7011	-0.172	0.06517
0.6842	-0.1825	0.0937
0.689	-0.1487	0.1235
0.6937	-0.0827	0.1244
0.754	-0.09022	0.1286
0.8483	-0.1355	0.1357
0.9482	-0.2015	0.1642
0.9942	-0.2412	0.202
0.9788	-0.2249	0.1713
1.03	-0.2268	0.1619
1.101	-0.2185	0.2195
1.151	-0.188	0.263
1.231	-0.1853	0.2633
1.303	-0.2411	0.266
1.402	-0.3623	0.3289
1.508	-0.4751	0.3614
1.498	-0.5335	0.2697
1.355	-0.5003	0.1494
1.087	-0.3349	0.09214
0.879	-0.2052	0.01126
0.8689	-0.3018	-0.08599
0.8692	-0.448	-0.03602
0.8795	-0.4254	0.04119
0.9516	-0.3721	0.03439
0.9123	-0.328	0.05206
0.8318	-0.1993	0.04837
0.8044	-0.1214	0.04796
0.772	-0.1104	0.0564
0.7685	-0.09541	0.003675
0.7309	-0.1232	-0.001392
0.6562	-0.1686	0.001297
0.639	-0.2078	-0.02709
0.6672	-0.2254	-0.02797
0.7761	-0.2479	-0.0481
0.8934	-0.2811	-0.0493
0.9161	-0.2319	-0.03548
0.9332	-0.1267	-0.03206
0.9785	-0.0005991	-0.02269
1.025	0.088	-0.02608
1.066	0.06364	-0.007564
1.084	0.03215	0.001733
1.082	-0.01131	0.02337
1.115	-0.1035	0.07434
1.231	-0.1253	0.04149
1.387	-0.1639	-0.0155
1.575	-0.2913	-0.03996
1.757	-0.3264	-0.06997
1.798	-0.353	-0.06244
1.632	-0.541	-0.05423
1.318	-0.6946	-0.07716
1.012	-0.656	-0.07075
0.8346	-0.4625	-0.02564
0.8505	-0.2338	0.03475
0.9677	-0.1345	0.07556
1.002	-0.1274	0.09047
0.9977	-0.1244	0.0979
0.9843	-0.1587	0.07971
0.9229	-0.1871	0.0605
0.8113	-0.1851	0.0386
0.6302	-0.1911	-0.00284
0.5556	-0.1554	0.001046
0.5997	-0.106	0.01425
0.5937	-0.1126	0.006978
0.5992	-0.1123	0.04073
0.6424	-0.09718	0.08641
0.7413	-0.1087	0.131
0.9171	-0.1589	0.1798
1.038	-0.2581	0.21
1.047	-0.3189	0.2342
0.9812	-0.2897	0.2743
0.9189	-0.2343	0.3224
0.9359	-0.1668	0.3109
1.032	-0.1133	0.2882
1.161	-0.1233	0.3125
1.246	-0.1465	0.2924
1.26	-0.2232	0.2765
1.269	-0.4228	0.3012
1.268	-0.5728	0.2771
1.166	-0.5844	0.1971
1.026	-0.5301	0.09219
0.9787	-0.4132	0.07215
0.9974	-0.3331	0.1114
1.023	-0.373	0.09052
1.059	-0.4271	0.1063
1.069	-0.4175	0.1327
1.011	-0.3505	0.1128
0.9711	-0.2258	0.1198
0.9928	-0.1305	0.07318
0.979	-0.1504	-0.02185
0.8652	-0.1669	-0.05226
0.6852	-0.1678	0.003762
0.5886	-0.2395	0.08502
0.6133	-0.2773	0.07517
0.6237	-0.2592	0.02464
0.6487	-0.1644	-0.001837
0.7446	0.03146	-0.02902
0.82	0.1041	-0.02293
0.8802	0.04107	-0.006471
0.9559	0.04134	0.0131
0.974	0.05539	0.01322
0.9983	0.003315	-0.02391
1.103	-0.06149	-0.01244
1.143	-0.1119	0.04413
1.133	-0.1174	0.122
1.196	-0.06955	0.1347
1.292	-0.07151	0.01926
1.471	-0.1737	-0.06216
1.629	-0.2732	-0.0623
1.597	-0.2793	-0.0503
1.574	-0.3059	-0.04997
1.568	-0.4737	-0.03346
1.384	-0.6748	0.05902
1.108	-0.8005	0.1407
0.9284	-0.7142	0.1446
0.9368	-0.4481	0.09805
0.9532	-0.3142	0.04698
0.8505	-0.2338	0.03475
0.9677	-0.1345	0.07556
1.002	-0.1274	0.09047
0.9977	-0.1244	0.0979
0.9843	-0.1587	0.07971
0.9229	-0.1871	0.0605
0.8113	-0.1851	0.0386
0.6302	-0.1911	-0.00284
0.5556	-0.1554	0.001046
0.5997	-0.106	0.01425
0.5937	-0.1126	0.006978
0.5992	-0.1123	0.04073
0.6424	-0.09718	0.08641
0.7413	-0.1087	0.131
0.9171	-0.1589	0.1798
1.038	-0.2581	0.21
1.047	-0.3189	0.2342
0.9812	-0.2897	0.2743
0.9189	-0.2343	0.3224
0.9359	-0.1668	0.3109
1.032	-0.1133	0.2882
1.161	-0.1233	0.3125
1.246	-0.1465	0.2924
1.26	-0.2232	0.2765
1.269	-0.4228	0.3012
1.268	-0.5728	0.2771
1.166	-0.5844	0.1971
1.026	-0.5301	0.09219
0.9787	-0.4132	0.07215
0.9974	-0.3331	0.1114
1.023	-0.373	0.09052
1.059	-0.4271	0.1063
1.069	-0.4175	0.1327
1.011	-0.3505	0.1128
0.9711	-0.2258	0.1198
0.9928	-0.1305	0.07318
0.979	-0.1504	-0.02185
0.8652	-0.1669	-0.05226
0.6852	-0.1678	0.003762
0.5886	-0.2395	0.08502
0.6133	-0.2773	0.07517
0.6237	-0.2592	0.02464
0.6487	-0.1644	-0.001837
0.7446	0.03146	-0.02902
0.82	0.1041	-0.02293
0.8802	0.04107	-0.006471
0.9559	0.04134	0.0131
0.974	0.05539	0.01322
0.9983	0.003315	-0.02391
1.103	-0.06149	-0.01244
1.143	-0.1119	0.04413
1.133	-0.1174	0.122
1.196	-0.06955	0.1347
1.292	-0.07151	0.01926
1.471	-0.1737	-0.06216
1.629	-0.2732	-0.0623
1.597	-0.2793	-0.0503
1.574	-0.3059	-0.04997
1.568	-0.4737	-0.03346
1.384	-0.6748	0.05902
1.108	-0.8005	0.1407
0.9284	-0.7142	0.1446
0.9368	-0.4481	0.09805
0.9532	-0.3142	0.04698
0.9012	-0.2796	0.03676
0.91	-0.2307	0.0275
0.8825	-0.2196	0.03161
0.8057	-0.2293	0.04305
0.7187	-0.2766	0.02735
0.6058	-0.2571	0.01744
0.5963	-0.2051	-0.006711
0.6317	-0.19	-0.01052
0.6371	-0.139	0.02126
0.6737	-0.1384	0.03254
0.7458	-0.08151	0.04164
0.8741	0.01162	0.05059
0.9303	-0.04612	0.06789
0.9045	-0.156	0.1342
0.9576	-0.2688	0.242
0.9687	-0.2703	0.2995
0.906	-0.1804	0.2713
0.9033	-0.1828	0.2639
0.9389	-0.1962	0.272
0.9961	-0.1912	0.285
1.035	-0.1395	0.3599
1.034	-0.04511	0.3877
1.071	-0.06427	0.328
1.15	-0.1474	0.2957
1.21	-0.1929	0.3438
1.208	-0.197	0.382
1.257	-0.2332	0.3086
1.466	-0.3599	0.2547
1.567	-0.41	0.3016
1.357	-0.3668	0.3059
1.064	-0.4292	0.2191
0.9443	-0.5866	0.1033
0.9888	-0.6997	0.02407
1.037	-0.6551	-0.006061
1.033	-0.515	-0.01106
0.9887	-0.4136	0.01114
0.8886	-0.3143	0.02726
0.8197	-0.2668	0.02898
0.8016	-0.2416	0.04022
0.7734	-0.1518	0.04296
0.7585	-0.1455	0.03468
0.7389	-0.1663	0.0243
0.7044	-0.153	0.003509
0.6874	-0.2008	-0.02291
0.6972	-0.2366	-0.02831
0.7517	-0.269	-0.02062
0.8017	-0.2843	-0.02721
0.8199	-0.2331	-0.0164
0.8476	-0.1433	0.002116
0.8916	-0.0009264	-0.0211
0.9636	0.06577	-0.0606
1.034	0.03003	-0.08112
1.065	0.01318	-0.04943
1.069	0.001474	0.009224
1.079	-0.006464	0.01444
1.16	-0.04402	0.007943
1.294	-0.1727	0.02473
1.439	-0.3061	0.03333
1.572	-0.3286	0.02991
1.633	-0.3031	-0.05183
1.594	-0.3756	-0.1436
1.42	-0.5267	-0.07701
1.119	-0.6102	0.001322
0.9071	-0.5205	-0.03938
0.9012	-0.2796	0.03676
0.91	-0.2307	0.0275
0.8825	-0.2196	0.03161
0.8057	-0.2293	0.04305
0.7187	-0.2766	0.02735
0.6058	-0.2571	0.01744
0.5963	-0.2051	-0.006711
0.6317	-0.19	-0.01052
0.6371	-0.139	0.02126
0.6737	-0.1384	0.03254
0.7458	-0.08151	0.04164
0.8741	0.01162	0.05059
0.9303	-0.04612	0.06789
0.9045	-0.156	0.1342
0.9576	-0.2688	0.242
0.9687	-0.2703	0.2995
0.906	-0.1804	0.2713
0.9033	-0.1828	0.2639
0.9389	-0.1962	0.272
0.9961	-0.1912	0.285
1.035	-0.1395	0.3599
1.034	-0.04511	0.3877
1.071	-0.06427	0.328
1.15	-0.1474	0.2957
1.21	-0.1929	0.3438
1.208	-0.197	0.382
1.257	-0.2332	0.3086
1.466	-0.3599	0.2547
1.567	-0.41	0.3016
1.357	-0.3668	0.3059
1.064	-0.4292	0.2191
0.9443	-0.5866	0.1033
0.9888	-0.6997	0.02407
1.037	-0.6551	-0.006061
1.033	-0.515	-0.01106
0.9887	-0.4136	0.01114
0.8886	-0.3143	0.02726
0.8197	-0.2668	0.02898
0.8016	-0.2416	0.04022
0.7734	-0.1518	0.04296
0.7585	-0.1455	0.03468
0.7389	-0.1663	0.0243
0.7044	-0.153	0.003509
0.6874	-0.2008	-0.02291
0.6972	-0.2366	-0.02831
0.7517	-0.269	-0.02062
0.8017	-0.2843	-0.02721
0.8199	-0.2331	-0.0164
0.8476	-0.1433	0.002116
0.8916	-0.0009264	-0.0211
0.9636	0.06577	-0.0606
1.034	0.03003	-0.08112
1.065	0.01318	-0.04943
1.069	0.001474	0.009224
1.079	-0.006464	0.01444
1.16	-0.04402	0.007943
1.294	-0.1727	0.02473
1.439	-0.3061	0.03333
1.572	-0.3286	0.02991
1.633	-0.3031	-0.05183
1.594	-0.3756	-0.1436
1.42	-0.5267	-0.07701
1.119	-0.6102	0.001322
0.9071	-0.5205	-0.03938
0.9538	-0.3615	-0.04015
1.08	-0.2936	-0.002254
1.107	-0.2676	0.008671
1.081	-0.2541	0.05435
1.021	-0.2542	0.06452
0.9849	-0.2277	0.03115
0.9458	-0.2189	0.02925
0.8392	-0.1938	0.01685
0.741	-0.1252	0.01604
0.6034	-0.07834	0.02039
0.5759	-0.09578	0.00584
0.692	-0.1486	0.03746
0.683	-0.1264	0.08347
0.7277	-0.1021	0.103
0.8167	-0.1278	0.1027
0.8132	-0.1249	0.1054
0.9098	-0.1865	0.1452
0.9825	-0.2713	0.1813
1.001	-0.3061	0.2015
0.9797	-0.3177	0.2113
0.8934	-0.2647	0.2141
1.015	-0.2282	0.2357
1.185	-0.1995	0.2352
1.243	-0.1725	0.2326
1.33	-0.2114	0.2739
1.371	-0.2634	0.3223
1.42	-0.4273	0.3335
1.432	-0.6292	0.2564
1.263	-0.6184	0.1541
1.035	-0.4213	0.07645
0.9327	-0.2191	-0.06576
1.022	-0.2232	-0.1488
1.058	-0.3351	-0.04151
0.9902	-0.3355	0.06138
0.9675	-0.3113	0.09021
0.8779	-0.276	0.1411
0.8138	-0.2193	0.151
0.807	-0.1803	0.09744
0.7222	-0.1149	0.04689
0.7061	-0.1191	0.01564
0.6718	-0.1772	-0.02318
0.5308	-0.1974	-0.0729
0.5389	-0.2564	-0.06122
0.6342	-0.2839	-0.03229
0.6853	-0.2713	-0.03471
0.7763	-0.2854	-0.0214
0.8882	-0.203	-0.03105
1.038	-0.1052	-0.03024
1.121	-0.0663	-0.02799
1.064	0.03211	-0.05164
1.1	0.0889	-0.00274
1.182	0.03668	0.05317
1.238	-0.0292	0.06842
1.353	-0.1215	0.07428
1.448	-0.2768	0.04163
1.595	-0.3929	-0.0314
1.696	-0.4004	-0.1282
1.618	-0.4417	-0.1257
1.454	-0.5683	-0.07556
1.117	-0.6318	-0.1041
0.8696	-0.518	-0.07013
0.945	-0.3078	0.001129
1.062	-0.2289	0.04283
1.138	-0.2979	0.09837
0.9538	-0.3615	-0.04015
1.08	-0.2936	-0.002254
1.107	-0.2676	0.008671
1.081	-0.2541	0.05435
1.021	-0.2542	0.06452
0.9849	-0.2277	0.03115
0.9458	-0.2189	0.02925
0.8392	-0.1938	0.01685
0.741	-0.1252	0.01604
0.6034	-0.07834	0.02039
0.5759	-0.09578	0.00584
0.692	-0.1486	0.03746
0.683	-0.1264	0.08347
0.7277	-0.1021	0.103
0.8167	-0.1278	0.1027
0.8132	-0.1249	0.1054
0.9098	-0.1865	0.1452
0.9825	-0.2713	0.1813
1.001	-0.3061	0.2015
0.9797	-0.3177	0.2113
0.8934	-0.2647	0.2141
1.015	-0.2282	0.2357
1.185	-0.1995	0.2352
1.243	-0.1725	0.2326
1.33	-0.2114	0.2739
1.371	-0.2634	0.3223
1.42	-0.4273	0.3335
1.432	-0.6292	0.2564
1.263	-0.6184	0.1541
1.035	-0.4213	0.07645
0.9327	-0.2191	-0.06576
1.022	-0.2232	-0.1488
1.058	-0.3351	-0.04151
0.9902	-0.3355	0.06138
0.9675	-0.3113	0.09021
0.8779	-0.276	0.1411
0.8138	-0.2193	0.151
0.807	-0.1803	0.09744
0.7222	-0.1149	0.04689
0.7061	-0.1191	0.01564
0.6718	-0.1772	-0.02318
0.5308	-0.1974	-0.0729
0.5389	-0.2564	-0.06122
0.6342	-0.2839	-0.03229
0.6853	-0.2713	-0.03471
0.7763	-0.2854	-0.0214
0.8882	-0.203	-0.03105
1.038	-0.1052	-0.03024
1.121	-0.0663	-0.02799
1.064	0.03211	-0.05164
1.1	0.0889	-0.00274
1.182	0.03668	0.05317
1.238	-0.0292	0.06842
1.353	-0.1215	0.07428
1.448	-0.2768	0.04163
1.595	-0.3929	-0.0314
1.696	-0.4004	-0.1282
1.618	-0.4417	-0.1257
1.454	-0.5683	-0.07556
1.117	-0.6318	-0.1041
0.8696	-0.518	-0.07013
0.945	-0.3078	0.001129
1.062	-0.2289	0.04283
1.138	-0.2979	0.09837
1.116	-0.3383	0.09535
1.001	-0.273	0.07919
0.8994	-0.1823	0.04327
0.7068	-0.1183	-0.03986
0.5267	-0.0379	-0.04672
0.4881	-0.02846	-0.03392
0.4982	-0.09571	-0.0331
0.5511	-0.157	0.02556
0.6098	-0.2059	0.08537
0.6712	-0.1533	0.1003
0.8048	-0.1019	0.09479
0.9451	-0.1565	0.1178
1.018	-0.2178	0.1365
1.03	-0.3122	0.1436
1.028	-0.3623	0.1893
1.018	-0.2896	0.2362
1.013	-0.2125	0.2945
1.134	-0.1588	0.3242
1.344	-0.1512	0.3038
1.441	-0.1962	0.3407
1.4	-0.2367	0.3571
1.374	-0.351	0.2499
1.323	-0.5146	0.1214
1.119	-0.5052	0.0767
0.9772	-0.3216	0.01365
1.028	-0.1966	-0.1257
1.077	-0.2454	-0.1152
1.067	-0.3149	0.01457
1.019	-0.282	0.0668
0.9075	-0.2642	0.1032
0.7903	-0.2447	0.09548
0.727	-0.1745	0.02808
0.6962	-0.1356	-0.02629
0.684	-0.06808	-0.06345
0.6713	-0.04465	-0.05158
0.6281	-0.1698	-0.06155
0.6051	-0.3006	-0.094
0.6205	-0.3373	-0.09576
0.6676	-0.2967	-0.1046
0.7713	-0.2853	-0.07846
0.8963	-0.2587	-0.06463
1.008	-0.1434	-0.05625
1.061	-0.08035	-0.001454
1.056	0.007058	-6.492e-05
1.063	0.1194	-0.02592
1.102	0.01303	-0.03303
1.157	-0.1704	0.0009493
1.188	-0.182	0.05344
1.266	-0.1446	0.02167
1.456	-0.1686	-0.02383
1.609	-0.185	-0.06013
1.626	-0.2878	-0.09199
1.545	-0.504	-0.06065
1.397	-0.6011	-0.0582
1.208	-0.5215	-0.09501
1.032	-0.4034	-0.1081
0.9692	-0.3113	-0.09725
1.033	-0.2652	-0.02775
1.074	-0.3086	0.06419
1.025	-0.3363	0.09229
0.9781	-0.2811	0.05978
0.9213	-0.2594	0.03667
0.7643	-0.1917	0.02192
0.5901	-0.09241	-0.01006
