0.8723	0.3747	0.2575
0.8741	0.3651	0.2562
0.8782	0.3602	0.2531
0.8827	0.3562	0.2448
0.889	0.3515	0.2431
0.8912	0.351	0.2504
0.892	0.346	0.2569
0.8938	0.3469	0.2621
0.897	0.3531	0.2658
0.9026	0.355	0.2684
0.9025	0.3591	0.2702
0.8981	0.3619	0.2651
0.8955	0.3618	0.2627
0.8923	0.3615	0.2671
0.891	0.3618	0.2663
0.892	0.3645	0.2637
0.8907	0.3659	0.2623
0.8848	0.3672	0.2601
0.8813	0.3674	0.2596
0.8862	0.3657	0.2591
0.8912	0.3642	0.2572
0.8924	0.3593	0.2573
0.8915	0.3553	0.2613
0.891	0.356	0.2622
0.8946	0.3561	0.2601
0.8947	0.3565	0.2613
0.8908	0.359	0.2611
0.8905	0.3611	0.2616
0.8906	0.3623	0.2633
0.8898	0.3612	0.2614
0.8895	0.3604	0.2616
0.8897	0.3627	0.2632
0.8916	0.3624	0.264
0.8928	0.3604	0.2642
0.892	0.3608	0.2612
0.8906	0.3613	0.2582
0.8904	0.3617	0.2589
0.8925	0.3615	0.2607
0.8934	0.3607	0.2603
0.8908	0.3593	0.2605
0.8893	0.3577	0.2621
0.8898	0.3588	0.2626
0.8895	0.359	0.2636
0.8897	0.3589	0.2627
0.8898	0.3604	0.2612
0.8899	0.3603	0.2621
0.8925	0.3608	0.2611
0.8943	0.3612	0.2614
0.8934	0.3608	0.2633
0.8908	0.3623	0.2642
0.889	0.3626	0.2645
0.8905	0.3618	0.2612
0.8921	0.3604	0.2581
0.8923	0.3597	0.2578
0.892	0.3624	0.2586
0.8896	0.3624	0.2604
0.8884	0.3579	0.2612
0.8895	0.3573	0.2625
0.8907	0.3608	0.263
0.892	0.3624	0.2604
0.8919	0.3614	0.2598
0.8916	0.3596	0.2613
0.8917	0.3582	0.2623
0.8909	0.3594	0.2633
0.8918	0.3593	0.2641
0.8923	0.3588	0.2657
0.891	0.3629	0.2669
0.8909	0.3646	0.2641
0.8909	0.3621	0.2608
0.8907	0.3609	0.2586
0.89	0.3597	0.2569
0.8898	0.3594	0.2579
0.8911	0.3594	0.2583
0.8908	0.359	0.2571
0.8898	0.3607	0.2593
0.8902	0.3619	0.2618
0.891	0.3618	0.2616
0.8919	0.3608	0.2627
0.8921	0.3589	0.2638
0.8905	0.3588	0.2644
0.8893	0.3588	0.2662
0.8904	0.3589	0.2664
0.8917	0.361	0.2651
0.8933	0.3627	0.2636
0.8943	0.3631	0.2612
0.8922	0.3626	0.2584
0.8914	0.3619	0.2561
0.8915	0.3618	0.2554
0.8885	0.3638	0.2645
0.8917	0.3583	0.2608
0.8895	0.3573	0.2585
0.8902	0.3578	0.2588
0.8907	0.3586	0.2612
0.89	0.3579	0.2605
0.8897	0.3579	0.2619
0.8898	0.3613	0.2644
0.8917	0.362	0.2658
0.8928	0.3609	0.2663
0.8919	0.362	0.2632
0.8906	0.3628	0.2599
0.8904	0.3634	0.2602
0.8925	0.3631	0.2614
0.8935	0.3621	0.2604
0.891	0.3603	0.2601
0.8895	0.3584	0.2614
0.89	0.359	0.2616
0.8897	0.3589	0.2625
0.8898	0.3585	0.2615
0.8899	0.3598	0.2601
0.89	0.3596	0.2612
0.8925	0.3601	0.2605
0.8943	0.3605	0.261
0.8933	0.3602	0.2632
0.8907	0.3618	0.2643
0.8889	0.3623	0.2648
0.8904	0.3616	0.2617
0.892	0.3604	0.2586
0.8923	0.3598	0.2583
0.8919	0.3626	0.2591
0.8895	0.3626	0.2608
0.8884	0.3582	0.2615
0.8894	0.3575	0.2628
0.8907	0.3611	0.2631
0.892	0.3626	0.2604
0.8919	0.3615	0.2597
0.8916	0.3596	0.2612
0.8918	0.3583	0.2621
0.891	0.3594	0.2631
0.8919	0.3593	0.2639
0.8923	0.3587	0.2655
0.891	0.3628	0.2668
0.8909	0.3645	0.264
0.8909	0.362	0.2607
0.8907	0.3608	0.2586
0.89	0.3596	0.2569
0.8898	0.3594	0.2579
0.8911	0.3593	0.2583
0.8908	0.359	0.2571
0.8898	0.3607	0.2594
0.8902	0.3619	0.2618
0.891	0.3619	0.2616
0.8919	0.3608	0.2627
0.8921	0.3589	0.2638
0.8905	0.3589	0.2644
0.8893	0.3589	0.2662
0.8904	0.3589	0.2664
0.8917	0.361	0.265
0.8933	0.3627	0.2635
0.8943	0.3631	0.2612
0.8922	0.3625	0.2584
0.8914	0.3619	0.2561
0.8915	0.3618	0.2554
0.8899	0.3609	0.2575
0.8897	0.3603	0.2617
0.8896	0.3597	0.2628
0.89	0.3579	0.2614
0.8909	0.3569	0.2625
0.8903	0.3568	0.2647
0.8906	0.3584	0.2653
0.8907	0.3623	0.2637
0.8908	0.3645	0.2615
0.8924	0.3629	0.2608
0.8916	0.3611	0.2611
0.8894	0.3608	0.2615
0.8901	0.361	0.2608
0.8928	0.361	0.2609
0.8934	0.3592	0.2596
0.8906	0.3577	0.2576
0.8896	0.3586	0.2612
0.8906	0.3601	0.2625
0.8895	0.3622	0.2622
0.89	0.363	0.2656
0.8921	0.363	0.2624
0.8917	0.3624	0.2572
0.8918	0.3596	0.2578
0.8926	0.3588	0.2613
0.8913	0.3596	0.2647
0.891	0.3589	0.2644
0.8918	0.3596	0.2637
0.8912	0.3599	0.2614
0.8904	0.3588	0.2569
0.8904	0.3595	0.2582
0.8908	0.3616	0.2656
0.891	0.3628	0.2715
0.891	0.3628	0.2672
0.8925	0.3638	0.2563
0.8932	0.3632	0.2528
0.8891	0.3596	0.2604
0.8844	0.3588	0.2656
0.8861	0.3597	0.2616
0.8934	0.3587	0.2594
0.8958	0.358	0.2592
0.8904	0.3576	0.2611
0.8902	0.3576	0.2654
0.8965	0.3592	0.2619
0.8947	0.3609	0.2594
0.8857	0.3623	0.2594
0.884	0.3645	0.2551
0.8905	0.3675	0.2546
0.8913	0.3687	0.2593
0.8898	0.3622	0.2714
0.897	0.3523	0.2795
0.8991	0.3509	0.272
0.8956	0.3552	0.2601
0.8965	0.3591	0.2526
0.8906	0.365	0.2558
0.884	0.3653	0.2563
0.8812	0.3575	0.2511
0.8792	0.3559	0.258
0.8895	0.3635	0.2645
0.8973	0.3665	0.2665
0.894	0.363	0.2695
0.8973	0.3614	0.2684
0.8986	0.3593	0.2646
0.8922	0.3593	0.2568
0.8869	0.3633	0.2556
0.8899	0.3487	0.2626
0.8868	0.3609	0.2604
0.8861	0.3662	0.2588
0.8872	0.366	0.2569
0.8895	0.3638	0.2589
0.8905	0.3613	0.2626
0.892	0.36	0.2647
0.8931	0.3612	0.2645
0.8936	0.3614	0.2633
0.8953	0.3586	0.2631
0.8942	0.3563	0.2635
0.8914	0.3562	0.2637
0.8915	0.3572	0.2626
0.8933	0.3582	0.2621
0.8932	0.3576	0.2601
0.8898	0.3574	0.2575
0.8884	0.3594	0.2606
0.8891	0.3617	0.2614
0.888	0.3643	0.261
0.8885	0.3654	0.2643
0.8908	0.3654	0.2611
0.8907	0.3647	0.2562
0.8911	0.3615	0.257
0.8922	0.3602	0.2608
0.8913	0.3604	0.2644
0.8912	0.3592	0.2644
0.8922	0.3594	0.2639
0.8918	0.3593	0.2619
0.8911	0.358	0.2574
0.891	0.3586	0.2587
0.8914	0.3606	0.2661
0.8915	0.3618	0.272
0.8914	0.362	0.2676
0.8927	0.3632	0.2565
0.8933	0.3628	0.253
0.8891	0.3593	0.2605
0.8843	0.3588	0.2656
0.886	0.3598	0.2615
0.8932	0.3589	0.2593
0.8956	0.3583	0.259
0.8902	0.3579	0.2609
0.89	0.3579	0.2652
0.8964	0.3595	0.2617
0.8946	0.3612	0.2593
0.8856	0.3625	0.2593
0.884	0.3646	0.2551
0.8905	0.3675	0.2546
0.8914	0.3686	0.2593
0.8898	0.3622	0.2715
0.8971	0.3522	0.2796
0.8991	0.3508	0.2721
0.8957	0.3551	0.2602
0.8966	0.359	0.2526
0.8907	0.3649	0.2559
0.884	0.3652	0.2564
0.8812	0.3574	0.2511
0.8792	0.3559	0.258
0.8895	0.3635	0.2645
0.8973	0.3665	0.2665
0.894	0.3631	0.2695
0.8973	0.3614	0.2683
0.8986	0.3593	0.2646
0.8922	0.3593	0.2568
0.8869	0.3633	0.2555
0.8831	0.3639	0.2589
0.8855	0.361	0.2575
0.8903	0.3545	0.2615
0.8913	0.3526	0.2635
0.8918	0.3613	0.264
0.8936	0.3635	0.2679
0.8993	0.3597	0.2639
0.8996	0.3606	0.2575
0.8895	0.3613	0.2566
0.8858	0.3637	0.2593
0.8878	0.3642	0.2598
0.8859	0.3559	0.2582
0.8859	0.3537	0.2619
0.8868	0.3625	0.2667
0.8887	0.3655	0.2698
0.8972	0.3631	0.2684
0.9012	0.3606	0.2613
0.8964	0.3556	0.2587
0.8925	0.3561	0.2586
0.8899	0.3625	0.2564
0.8899	0.367	0.2566
0.8893	0.367	0.2604
0.8844	0.3594	0.2641
0.8853	0.354	0.2641
0.8919	0.3568	0.2627
0.8945	0.3579	0.2629
0.8933	0.3588	0.2621
0.8944	0.3617	0.2615
0.8958	0.3607	0.2612
0.8929	0.3587	0.2573
0.8894	0.3613	0.2581
0.8854	0.3669	0.2671
0.8843	0.3678	0.2684
0.889	0.3626	0.2601
0.89	0.3604	0.2575
0.8905	0.3602	0.2595
0.8937	0.357	0.2573
0.8937	0.3574	0.257
0.8933	0.3606	0.2608
0.8943	0.3601	0.264
0.8937	0.3562	0.2663
0.8893	0.3551	0.2638
0.8869	0.3603	0.2626
0.8899	0.3622	0.2671
0.8909	0.3608	0.2661
0.8914	0.3627	0.2617
0.8928	0.3615	0.2577
0.8921	0.3609	0.2563
0.893	0.364	0.2607
0.8929	0.3632	0.262
0.8896	0.3609	0.2604
0.8889	0.3599	0.2607
0.8892	0.3594	0.261
0.8876	0.3591	0.2607
0.8888	0.3599	0.2595
0.8923	0.3618	0.261
0.893	0.3612	0.2636
0.8922	0.3591	0.2629
0.8922	0.3586	0.2619
0.8901	0.3595	0.262
0.8891	0.3599	0.2615
0.8919	0.3594	0.2594
0.8935	0.3605	0.26
0.8929	0.3609	0.2675
0.8888	0.3684	0.2592
0.8898	0.3627	0.2597
0.8929	0.3549	0.2638
0.8921	0.3525	0.2652
0.8911	0.3614	0.2646
0.8917	0.3638	0.2673
0.8968	0.3603	0.2624
0.8969	0.3615	0.2554
0.8869	0.3622	0.2542
0.8836	0.3645	0.257
0.8862	0.3649	0.2577
0.8848	0.3563	0.2567
0.8855	0.3538	0.261
0.8871	0.3623	0.2663
0.8894	0.3651	0.27
0.8983	0.3625	0.269
0.9024	0.3599	0.2623
0.8977	0.3549	0.2598
0.8937	0.3554	0.2598
0.8909	0.3619	0.2575
0.8906	0.3666	0.2576
0.8898	0.3667	0.2611
0.8846	0.3593	0.2646
0.8853	0.354	0.2643
0.8917	0.357	0.2627
0.8941	0.3581	0.2626
0.8929	0.359	0.2617
0.8939	0.362	0.2611
0.8953	0.361	0.2607
0.8924	0.359	0.2568
0.8891	0.3616	0.2577
0.8851	0.3671	0.2668
0.8842	0.3679	0.2682
0.889	0.3626	0.2599
0.8901	0.3604	0.2574
0.8906	0.3602	0.2595
0.8938	0.3569	0.2574
0.8939	0.3573	0.2571
0.8935	0.3605	0.261
0.8944	0.36	0.2642
0.8938	0.3561	0.2665
0.8894	0.355	0.2639
0.887	0.3603	0.2627
0.8899	0.3622	0.2672
0.8909	0.3608	0.2662
0.8913	0.3627	0.2617
0.8928	0.3616	0.2576
0.892	0.361	0.2563
0.8929	0.364	0.2606
0.8928	0.3633	0.2619
0.8895	0.3609	0.2604
0.8889	0.3599	0.2606
0.8892	0.3594	0.2609
0.8876	0.3592	0.2607
0.8887	0.3599	0.2595
0.8923	0.3618	0.261
0.893	0.3612	0.2636
0.8922	0.359	0.2629
0.8922	0.3586	0.2619
0.8902	0.3594	0.262
0.8891	0.3598	0.2616
0.8919	0.3594	0.2594
0.8936	0.3605	0.2601
0.8929	0.3608	0.2675
0.8927	0.3608	0.2684
0.8914	0.3623	0.2572
0.89	0.3617	0.2546
0.8903	0.3613	0.2629
0.8902	0.3615	0.2635
0.8899	0.3608	0.2611
0.8897	0.3617	0.2623
0.8894	0.3612	0.2607
0.8905	0.3593	0.261
0.891	0.3585	0.2639
0.8901	0.3585	0.2629
0.89	0.3608	0.2587
0.8905	0.3619	0.2563
0.8926	0.3604	0.2598
0.8946	0.3603	0.2642
0.8937	0.3607	0.2661
0.8914	0.3614	0.2672
0.8899	0.361	0.2634
0.8899	0.3576	0.2582
0.8897	0.3576	0.2577
0.8895	0.3622	0.2583
0.8907	0.3638	0.2575
0.8918	0.3611	0.2579
0.8927	0.3602	0.263
0.8927	0.3612	0.2661
0.8918	0.3603	0.2638
0.8913	0.3586	0.2646
0.8899	0.3577	0.2672
0.8897	0.3594	0.2656
0.8899	0.363	0.2604
0.8904	0.363	0.2569
0.8927	0.36	0.2593
0.8924	0.3591	0.262
0.8892	0.3615	0.2592
0.8851	0.3629	0.2504
0.8854	0.3624	0.2474
0.8931	0.3618	0.264
0.8961	0.3593	0.2797
0.8941	0.3585	0.2761
0.8963	0.3594	0.2651
0.8971	0.3573	0.2587
0.8942	0.3576	0.2589
0.8905	0.3599	0.2555
0.8862	0.3606	0.2538
0.8861	0.3628	0.2635
0.8865	0.3636	0.2656
0.8847	0.3613	0.2602
0.887	0.3605	0.2615
0.8909	0.3618	0.2616
0.893	0.3613	0.2598
0.894	0.3601	0.2582
0.8938	0.3602	0.2571
0.8941	0.3603	0.262
0.8941	0.362	0.267
0.8942	0.3646	0.2659
0.8927	0.3635	0.2619
0.8888	0.3569	0.2603
0.8852	0.3519	0.2633
0.8849	0.354	0.2659
0.893	0.3574	0.2643
0.8974	0.3614	0.2601
0.8928	0.3651	0.2568
0.8928	0.3644	0.2578
0.8923	0.366	0.2588
0.8933	0.3582	0.2668
0.8895	0.3619	0.256
0.8871	0.3621	0.2543
0.8875	0.3616	0.2636
0.8882	0.3614	0.265
0.8888	0.3601	0.2631
0.8897	0.3606	0.2645
0.8901	0.3599	0.2629
0.8919	0.3579	0.2629
0.8927	0.3573	0.2654
0.8918	0.3575	0.2638
0.8916	0.3601	0.2591
0.8918	0.3616	0.2562
0.8935	0.3606	0.2592
0.8951	0.3608	0.2634
0.8938	0.3613	0.265
0.8911	0.3622	0.2661
0.8894	0.3619	0.2624
0.8892	0.3584	0.2573
0.8889	0.3584	0.257
0.8887	0.3627	0.2579
0.89	0.3642	0.2572
0.8912	0.3613	0.2579
0.8923	0.3602	0.2631
0.8924	0.3611	0.2664
0.8918	0.36	0.2642
0.8913	0.3582	0.265
0.8901	0.3573	0.2676
0.8899	0.359	0.266
0.8902	0.3627	0.2607
0.8907	0.3628	0.2571
0.893	0.3598	0.2595
0.8927	0.359	0.262
0.8894	0.3614	0.2592
0.8852	0.3629	0.2503
0.8854	0.3624	0.2473
0.8931	0.3619	0.2638
0.8961	0.3594	0.2795
0.894	0.3586	0.276
0.8962	0.3596	0.265
0.897	0.3574	0.2586
0.8941	0.3577	0.2588
0.8904	0.3599	0.2554
0.8861	0.3607	0.2538
0.8861	0.3628	0.2635
0.8865	0.3636	0.2656
0.8847	0.3613	0.2603
0.887	0.3605	0.2616
0.8909	0.3617	0.2616
0.8931	0.3613	0.2599
0.8941	0.3601	0.2583
0.8939	0.3601	0.2571
0.8942	0.3603	0.262
0.8941	0.362	0.267
0.8942	0.3646	0.2659
0.8927	0.3635	0.2619
0.8888	0.3569	0.2603
0.8852	0.352	0.2633
0.8849	0.354	0.2659
0.893	0.3574	0.2643
0.8974	0.3615	0.26
0.8927	0.3651	0.2567
0.8927	0.3644	0.2578
0.8923	0.366	0.2588
0.89	0.3654	0.2578
0.8912	0.3595	0.2601
0.8892	0.3578	0.263
0.8878	0.3583	0.2653
0.8888	0.3587	0.2651
0.8881	0.3596	0.2607
0.889	0.3599	0.2608
0.8908	0.3606	0.2645
0.893	0.3612	0.2652
0.894	0.3618	0.2634
0.8923	0.3611	0.2606
0.8921	0.3602	0.2597
0.8925	0.3604	0.2593
0.8916	0.3601	0.2598
0.8902	0.3597	0.2607
0.8883	0.3596	0.2599
0.8896	0.3599	0.261
0.892	0.3609	0.263
0.8922	0.3599	0.2632
0.8917	0.3602	0.2612
0.8914	0.363	0.2602
0.8915	0.3624	0.2616
0.891	0.3601	0.2606
0.8898	0.3591	0.2598
0.8897	0.3582	0.2598
0.8902	0.3614	0.2595
0.8927	0.3643	0.2645
0.894	0.3618	0.2681
0.8911	0.3609	0.2655
0.89	0.3606	0.2635
0.8899	0.3583	0.2612
0.8897	0.3583	0.259
0.8916	0.3593	0.2582
0.8918	0.3597	0.2578
0.8922	0.3596	0.2597
0.8914	0.3598	0.2615
0.889	0.3604	0.2629
0.8905	0.3611	0.2642
0.8888	0.3635	0.2634
0.8877	0.3643	0.2615
0.8924	0.3611	0.2571
0.8924	0.3594	0.2543
0.8917	0.3586	0.2599
0.8937	0.3574	0.2673
0.8932	0.3603	0.2698
0.8929	0.3622	0.2692
0.8918	0.3608	0.2647
0.8898	0.3624	0.2585
0.8897	0.3624	0.2569
0.8906	0.3597	0.2546
0.8912	0.3604	0.2513
0.8896	0.3603	0.2587
0.8868	0.3581	0.2707
0.8875	0.3575	0.2717
0.8914	0.3586	0.2651
0.8929	0.3604	0.2612
0.8915	0.3626	0.2595
0.8919	0.3642	0.2573
0.8928	0.3629	0.2591
0.8928	0.3613	0.2609
0.8932	0.3606	0.2585
0.8922	0.3596	0.2601
0.8901	0.36	0.2633
0.8904	0.359	0.2634
0.887	0.3659	0.2549
0.893	0.3577	0.2598
0.893	0.3555	0.2641
0.8918	0.3567	0.2669
0.892	0.3581	0.2666
0.89	0.3601	0.2617
0.8895	0.3614	0.2612
0.8901	0.3627	0.2643
0.8914	0.3636	0.2646
0.8919	0.3641	0.2624
0.8899	0.3631	0.2596
0.8899	0.3617	0.2586
0.8906	0.3614	0.2583
0.8903	0.3604	0.2591
0.8894	0.3595	0.2601
0.8881	0.3589	0.2597
0.8899	0.3589	0.261
0.8928	0.3597	0.2632
0.8931	0.3587	0.2636
0.8928	0.359	0.2617
0.8925	0.362	0.2607
0.8926	0.3616	0.2621
0.8919	0.3597	0.261
0.8905	0.3589	0.2601
0.8901	0.3582	0.2601
0.8904	0.3617	0.2596
0.8926	0.3647	0.2645
0.8938	0.3623	0.2681
0.8907	0.3614	0.2654
0.8895	0.3611	0.2633
0.8895	0.3587	0.261
0.8893	0.3587	0.2588
0.8912	0.3596	0.258
0.8915	0.3598	0.2576
0.892	0.3597	0.2595
0.8913	0.3597	0.2614
0.889	0.3603	0.2628
0.8905	0.3609	0.2642
0.8889	0.3633	0.2634
0.8879	0.3641	0.2616
0.8926	0.3609	0.2572
0.8926	0.3593	0.2544
0.8918	0.3585	0.26
0.8938	0.3573	0.2674
0.8933	0.3603	0.2699
0.893	0.3622	0.2692
0.8918	0.3609	0.2647
0.8898	0.3625	0.2585
0.8897	0.3624	0.2568
0.8906	0.3598	0.2546
0.8911	0.3605	0.2513
0.8896	0.3604	0.2587
0.8868	0.3581	0.2706
0.8874	0.3575	0.2717
0.8914	0.3586	0.2651
0.8928	0.3604	0.2612
0.8915	0.3626	0.2595
0.8919	0.3642	0.2573
0.8928	0.3629	0.2591
0.8928	0.3613	0.2609
0.8932	0.3606	0.2585
0.8922	0.3596	0.2602
0.8902	0.36	0.2633
0.8904	0.359	0.2634
0.8921	0.3578	0.2609
0.8922	0.359	0.2568
0.8902	0.3597	0.2586
0.8895	0.361	0.2632
0.8901	0.3632	0.2652
0.8883	0.3645	0.266
0.8883	0.3634	0.2643
0.8917	0.3604	0.2647
0.8929	0.3595	0.2653
0.8915	0.3581	0.2618
0.889	0.356	0.2614
0.8881	0.3572	0.2635
0.8923	0.3595	0.2627
0.8956	0.3621	0.2576
0.8943	0.3628	0.2527
0.8921	0.3621	0.2534
0.8904	0.3624	0.2577
0.8899	0.362	0.2648
0.8898	0.3624	0.2678
0.8898	0.3622	0.2622
0.8901	0.3593	0.2609
0.89	0.3589	0.2631
0.8923	0.3595	0.2616
0.8934	0.3587	0.2623
0.89	0.3585	0.2624
0.8893	0.3588	0.2579
0.8913	0.3598	0.2571
0.8923	0.3612	0.2619
0.8929	0.3631	0.2646
0.8901	0.3639	0.2662
0.8879	0.3613	0.2663
0.8892	0.3578	0.2614
0.8899	0.3565	0.2592
0.8908	0.3602	0.2622
0.8915	0.363	0.2635
0.8931	0.3616	0.2623
0.8951	0.3623	0.2601
0.8944	0.3625	0.2586
0.8939	0.3619	0.2572
0.8913	0.3618	0.2565
0.8878	0.3572	0.2607
0.8883	0.3559	0.2658
0.8875	0.3613	0.2671
0.8878	0.363	0.2656
0.8886	0.361	0.2591
0.8873	0.3588	0.2551
0.8913	0.3578	0.262
0.8949	0.3601	0.2664
0.8943	0.3613	0.2627
0.8941	0.3606	0.2581
0.8917	0.3619	0.2557
0.8916	0.362	0.26
0.894	0.3605	0.2654
0.8936	0.3607	0.2672
0.8915	0.3606	0.2663
0.8911	0.3603	0.259
0.8913	0.3606	0.2561
0.887	0.3601	0.2638
0.8854	0.3595	0.2659
0.889	0.3588	0.2606
0.8889	0.3604	0.2578
0.8897	0.3631	0.2571
0.8918	0.3634	0.2586
0.8911	0.3627	0.2606
0.8923	0.3607	0.2711
0.894	0.3589	0.2607
0.8928	0.358	0.2584
0.8924	0.3586	0.2606
0.8927	0.3606	0.2617
0.8904	0.3623	0.2625
0.8897	0.3619	0.2614
0.8924	0.3595	0.2628
0.8929	0.3593	0.2643
0.8909	0.3585	0.2618
0.8879	0.3568	0.2622
0.8869	0.3582	0.2649
0.891	0.3607	0.2644
0.8943	0.3632	0.2594
0.8932	0.3637	0.2543
0.8912	0.3628	0.2548
0.8898	0.3629	0.2587
0.8896	0.3622	0.2655
0.8898	0.3624	0.268
0.89	0.362	0.262
0.8905	0.359	0.2605
0.8905	0.3585	0.2624
0.8928	0.359	0.2609
0.894	0.3582	0.2615
0.8905	0.3581	0.2617
0.8897	0.3585	0.2573
0.8916	0.3596	0.2567
0.8925	0.3611	0.2616
0.8929	0.3631	0.2644
0.89	0.3639	0.2662
0.8878	0.3615	0.2665
0.889	0.3579	0.2616
0.8897	0.3566	0.2595
0.8906	0.3603	0.2625
0.8913	0.3632	0.2638
0.8929	0.3617	0.2625
0.895	0.3624	0.2603
0.8943	0.3626	0.2588
0.8938	0.3619	0.2573
0.8913	0.3618	0.2566
0.8879	0.3571	0.2606
0.8883	0.3558	0.2657
0.8876	0.3612	0.267
0.8879	0.3629	0.2655
0.8887	0.361	0.259
0.8873	0.3587	0.255
0.8913	0.3578	0.2619
0.8949	0.36	0.2664
0.8943	0.3612	0.2627
0.8941	0.3606	0.2581
0.8917	0.3619	0.2557
0.8915	0.362	0.26
0.894	0.3606	0.2654
0.8936	0.3607	0.2672
0.8915	0.3606	0.2663
0.891	0.3604	0.259
0.8913	0.3606	0.2562
0.887	0.3602	0.2638
0.8853	0.3595	0.2659
0.889	0.3588	0.2607
0.8889	0.3604	0.2578
0.8897	0.3631	0.2571
0.8918	0.3634	0.2586
0.8911	0.3627	0.2606
0.8913	0.361	0.261
0.8917	0.359	0.2656
0.8941	0.3584	0.268
0.8958	0.3582	0.2641
0.8927	0.3588	0.2622
0.8916	0.3601	0.2598
0.8919	0.3607	0.2585
0.8914	0.3607	0.2614
0.8912	0.3608	0.2616
0.8888	0.3612	0.2612
0.8878	0.3607	0.2623
0.8899	0.3606	0.2623
0.8894	0.3614	0.2616
0.8882	0.3602	0.2599
0.8883	0.36	0.2587
0.8892	0.3611	0.2595
0.8929	0.3609	0.2611
0.8948	0.362	0.2618
0.8934	0.3615	0.2618
0.8936	0.361	0.2607
0.8928	0.3614	0.2604
0.8908	0.3592	0.2615
0.8913	0.3581	0.2607
0.8928	0.358	0.2626
0.8918	0.3592	0.2681
0.8881	0.3598	0.2717
0.8865	0.3589	0.2708
0.8873	0.3634	0.2641
0.8885	0.3656	0.2572
0.8927	0.3629	0.253
0.8943	0.3632	0.252
0.8928	0.3604	0.255
0.894	0.3566	0.2575
0.893	0.3573	0.2593
0.8908	0.3581	0.2589
0.8908	0.3584	0.2584
0.8898	0.3581	0.2633
0.8897	0.3594	0.2681
0.8894	0.3637	0.2684
0.8889	0.3665	0.2666
0.8908	0.3646	0.2661
0.8932	0.3596	0.2676
0.8935	0.3578	0.2659
0.8901	0.361	0.2594
0.8881	0.3627	0.2545
0.8895	0.3613	0.2557
0.8899	0.3591	0.2591
0.8916	0.3572	0.263
0.8935	0.3576	0.2672
0.8927	0.3586	0.2653
0.8917	0.3606	0.2551
0.8907	0.363	0.2494
0.891	0.3607	0.254
0.892	0.3597	0.2568
0.8912	0.3609	0.2613
0.8899	0.3596	0.2689
0.8888	0.36	0.2696
0.8893	0.3618	0.2697
0.8902	0.3657	0.2659
0.8914	0.3679	0.2597
0.8935	0.361	0.2618
0.8931	0.3564	0.2616
0.8936	0.3568	0.2616
0.8935	0.3562	0.2612
0.8853	0.362	0.2583
0.8883	0.3594	0.2626
0.8921	0.3587	0.265
0.8945	0.3587	0.2613
0.8918	0.3596	0.2598
0.8909	0.3611	0.2578
0.8914	0.3619	0.2571
0.8909	0.3618	0.2607
0.891	0.3618	0.2614
0.8887	0.3621	0.2614
0.8879	0.3612	0.263
0.8902	0.3609	0.2632
0.8899	0.3614	0.2626
0.8888	0.3599	0.261
0.889	0.3596	0.2596
0.8898	0.3606	0.2604
0.8935	0.3603	0.2617
0.8953	0.3614	0.2622
0.8938	0.361	0.262
0.8938	0.3606	0.2607
0.8929	0.3611	0.2603
0.8908	0.359	0.2612
0.8912	0.358	0.2603
0.8926	0.3581	0.2622
0.8916	0.3593	0.2677
0.8878	0.36	0.2714
0.8862	0.3591	0.2705
0.8871	0.3637	0.2639
0.8883	0.3658	0.2571
0.8925	0.3631	0.2529
0.8942	0.3634	0.2521
0.8927	0.3605	0.2551
0.894	0.3567	0.2576
0.893	0.3573	0.2594
0.8909	0.358	0.2591
0.8909	0.3583	0.2585
0.8899	0.358	0.2634
0.8898	0.3593	0.2681
0.8895	0.3636	0.2685
0.889	0.3664	0.2667
0.8909	0.3646	0.2661
0.8932	0.3596	0.2676
0.8935	0.3578	0.2658
0.8901	0.361	0.2593
0.8881	0.3627	0.2544
0.8895	0.3614	0.2556
0.8899	0.3591	0.259
0.8916	0.3572	0.2629
0.8935	0.3577	0.2672
0.8926	0.3586	0.2653
0.8917	0.3607	0.2551
0.8907	0.363	0.2494
0.891	0.3607	0.254
0.892	0.3597	0.2569
0.8912	0.361	0.2613
0.8899	0.3596	0.269
0.8888	0.36	0.2696
0.8893	0.3618	0.2697
0.8902	0.3657	0.2659
0.8915	0.3679	0.2597
0.8935	0.361	0.2618
0.8932	0.3564	0.2616
0.8936	0.3568	0.2616
0.8935	0.3562	0.2612
0.8898	0.3596	0.2583
0.8884	0.3622	0.2638
0.8876	0.3606	0.264
0.8875	0.3594	0.2596
0.8907	0.3586	0.258
0.893	0.3591	0.2563
0.8937	0.3592	0.2653
0.8933	0.36	0.2679
0.8937	0.3634	0.257
0.8933	0.3639	0.2566
0.8888	0.3632	0.2604
0.8872	0.363	0.259
0.8887	0.3613	0.2586
0.8883	0.3603	0.2602
0.8892	0.3595	0.2648
0.8907	0.3591	0.2674
0.8913	0.3595	0.2649
0.8932	0.3591	0.2634
0.8936	0.3596	0.2637
0.8911	0.3597	0.2636
0.8896	0.3591	0.263
0.8908	0.3598	0.2583
0.8925	0.3613	0.2553
0.8934	0.3624	0.2597
0.8919	0.3621	0.2621
0.89	0.3622	0.261
0.8905	0.3615	0.2596
0.8914	0.3594	0.2581
0.8917	0.3595	0.2605
0.8919	0.3599	0.2644
0.8913	0.3599	0.268
0.891	0.36	0.267
0.8911	0.3581	0.2613
0.8905	0.3594	0.2596
0.8896	0.3626	0.2579
0.8885	0.3616	0.2584
0.8892	0.3599	0.2654
0.8917	0.3602	0.2665
0.8924	0.3623	0.2626
0.8904	0.3634	0.2612
0.8899	0.3611	0.2611
0.8916	0.3607	0.2604
0.8915	0.3617	0.2578
0.8908	0.3602	0.2563
0.8919	0.359	0.2577
0.8931	0.3586	0.2589
0.8932	0.3586	0.261
0.89	0.3586	0.265
0.8878	0.3591	0.2646
0.89	0.3613	0.2609
0.8917	0.3612	0.262
0.8931	0.3602	0.2662
0.8931	0.3613	0.2671
0.8895	0.3627	0.2611
0.8886	0.3637	0.2567
0.8909	0.3606	0.2617
0.8909	0.3573	0.2697
0.8906	0.3584	0.2705
0.8923	0.3596	0.2587
0.8926	0.3614	0.2515
0.8908	0.3638	0.2549
0.8905	0.3644	0.2548
0.8905	0.3616	0.2625
0.8908	0.3585	0.2676
0.971	0.27	0.1912
0.9031	0.3574	0.2605
0.847	0.3932	0.3018
0.8304	0.4012	0.3116
0.836	0.4032	0.2898
0.8601	0.3944	0.2784
0.8909	0.4044	0.2589
0.8981	0.3909	0.2427
0.9152	0.355	0.2417
0.9284	0.3391	0.2542
0.9336	0.328	0.2589
0.9373	0.3219	0.2515
0.9053	0.3137	0.2603
0.8751	0.3005	0.2567
0.8646	0.3083	0.2544
0.8489	0.3352	0.2636
0.8558	0.3597	0.2551
0.905	0.3887	0.2589
0.9389	0.4151	0.2652
0.9189	0.4068	0.2623
0.905	0.394	0.2637
0.8967	0.3904	0.2563
0.8772	0.3734	0.2567
0.8799	0.3672	0.2592
0.8701	0.3614	0.2577
0.8651	0.3491	0.2658
0.8773	0.348	0.2676
0.8738	0.3423	0.2749
0.8873	0.3419	0.2821
0.8946	0.3462	0.2728
0.8917	0.3504	0.2712
0.9013	0.359	0.267
0.8977	0.3581	0.2564
0.9008	0.3637	0.2551
0.9037	0.3691	0.2515
0.9011	0.3648	0.2491
0.9031	0.3682	0.2496
0.8904	0.3651	0.2506
0.8856	0.3624	0.2564
0.8867	0.367	0.2587
0.8838	0.3647	0.2611
0.8889	0.362	0.2661
0.8892	0.359	0.2671
0.8898	0.3553	0.2662
0.8915	0.353	0.2661
0.8888	0.3518	0.2681
0.8915	0.3541	0.2683
0.8945	0.3572	0.2659
0.894	0.3609	0.2635
0.8919	0.362	0.2592
0.8893	0.3629	0.2558
0.8881	0.3657	0.254
0.8873	0.365	0.255
0.8882	0.365	0.2595
0.8884	0.3635	0.2618
0.8885	0.361	0.2621
0.8917	0.3616	0.2636
0.8945	0.3606	0.2651
0.8948	0.3599	0.2655
0.8944	0.3598	0.2644
0.8937	0.3592	0.263
0.892	0.3583	0.2634
0.8906	0.3569	0.2645
0.892	0.3586	0.2615
0.8944	0.359	0.2544
0.8936	0.3591	0.2507
0.8888	0.361	0.2537
0.8851	0.3607	0.2616
0.8858	0.3615	0.2676
0.8874	0.3624	0.2672
0.8891	0.3618	0.2681
0.8915	0.3618	0.2674
0.893	0.3612	0.2601
0.894	0.362	0.2575
0.8936	0.3618	0.2585
0.8915	0.3599	0.2568
0.891	0.3585	0.2584
0.8923	0.3559	0.2613
0.8932	0.3563	0.2607
0.8919	0.3612	0.2608
0.8894	0.3652	0.2678
0.8887	0.365	0.2745
0.89	0.3625	0.2696
0.8903	0.3613	0.2571
0.8898	0.3597	0.2495
0.8929	0.3583	0.2554
0.8955	0.3595	0.2645
0.8929	0.3599	0.2638
0.8896	0.3596	0.258
0.887	0.3609	0.2541
0.8865	0.3617	0.2593
0.8876	0.3609	0.2667
0.8888	0.3603	0.2661
0.8929	0.3581	0.2655
0.8956	0.3562	0.2644
0.8945	0.3599	0.263
0.891	0.3631	0.2635
0.8892	0.3633	0.2608
0.8949	0.3648	0.2564
0.8973	0.3643	0.2545
0.8908	0.3623	0.2608
0.8855	0.3603	0.266
0.885	0.3569	0.2627
0.89	0.356	0.2627
0.8935	0.3566	0.2627
0.8904	0.3552	0.2616
0.8888	0.3548	0.2627
0.89	0.3583	0.2592
0.8953	0.3628	0.2578
0.8983	0.3653	0.26
0.8914	0.366	0.2593
0.8897	0.3651	0.2594
0.8915	0.3639	0.2598
0.889	0.3632	0.2608
0.8902	0.3625	0.2646
0.8901	0.3619	0.2657
0.8891	0.3604	0.2647
0.8898	0.3595	0.2659
0.8881	0.3589	0.2658
0.8894	0.3577	0.2636
0.8907	0.3579	0.2607
0.8913	0.3589	0.2587
0.894	0.3604	0.2605
0.8931	0.3607	0.2622
0.8911	0.3589	0.2607
0.8911	0.358	0.2573
0.892	0.3572	0.2547
0.8925	0.3571	0.258
0.89	0.3618	0.2654
0.8924	0.3629	0.2592
0.8898	0.3646	0.2594
0.8875	0.3635	0.2647
0.8888	0.3633	0.2685
0.8904	0.363	0.2665
0.8916	0.3614	0.2662
0.8933	0.3606	0.2649
0.894	0.3595	0.2575
0.8942	0.36	0.2551
0.8931	0.3599	0.2566
0.8905	0.3583	0.2555
0.8897	0.3572	0.2577
0.8908	0.3551	0.2612
0.8917	0.3559	0.2611
0.8905	0.3613	0.2616
0.8883	0.3656	0.2689
0.8879	0.3657	0.2757
0.8896	0.3633	0.2707
0.8902	0.3622	0.2581
0.89	0.3605	0.2503
0.8933	0.359	0.256
0.896	0.3601	0.2648
0.8935	0.3603	0.2638
0.8902	0.3598	0.2579
0.8875	0.3609	0.2538
0.887	0.3616	0.2589
0.8879	0.3607	0.2662
0.889	0.36	0.2657
0.893	0.3577	0.2651
0.8956	0.3559	0.264
0.8944	0.3596	0.2628
0.8908	0.3628	0.2633
0.889	0.3631	0.2607
0.8947	0.3647	0.2564
0.8971	0.3642	0.2546
0.8906	0.3623	0.261
0.8854	0.3603	0.2662
0.8848	0.357	0.2628
0.89	0.3561	0.2629
0.8935	0.3567	0.2628
0.8904	0.3553	0.2617
0.8889	0.3549	0.2628
0.8901	0.3584	0.2593
0.8954	0.3628	0.2579
0.8984	0.3653	0.26
0.8915	0.366	0.2593
0.8898	0.365	0.2594
0.8916	0.3639	0.2597
0.8891	0.3631	0.2607
0.8902	0.3625	0.2645
0.8901	0.3619	0.2656
0.889	0.3604	0.2647
0.8897	0.3595	0.2658
0.8881	0.3589	0.2658
0.8893	0.3577	0.2636
0.8907	0.3579	0.2607
0.8913	0.3589	0.2587
0.8939	0.3604	0.2605
0.893	0.3607	0.2622
0.8911	0.3589	0.2607
0.8911	0.358	0.2573
0.892	0.3572	0.2547
0.8925	0.3571	0.258
0.8909	0.3617	0.2636
0.8896	0.3654	0.2643
0.8892	0.3635	0.2631
0.89	0.3625	0.2629
0.8912	0.3625	0.2628
0.8907	0.3606	0.2603
0.8913	0.3602	0.2575
0.8924	0.3605	0.2601
0.8924	0.3609	0.2655
0.8922	0.3614	0.2674
0.8916	0.3614	0.2656
0.8906	0.3623	0.2639
0.89	0.3599	0.2619
0.8909	0.3546	0.259
0.8915	0.3548	0.258
0.8914	0.359	0.257
0.8927	0.3614	0.2575
0.8934	0.3622	0.2598
0.892	0.3638	0.2608
0.8885	0.3633	0.2625
0.8834	0.3618	0.2611
0.8839	0.3622	0.2602
0.8904	0.3609	0.2615
0.893	0.3608	0.2546
0.8911	0.361	0.2552
0.8925	0.3583	0.2714
0.8968	0.3583	0.2781
0.8996	0.3597	0.2735
0.8978	0.3596	0.2712
0.8893	0.3585	0.261
0.8834	0.357	0.2499
0.8857	0.3585	0.2532
0.8874	0.3626	0.257
0.8886	0.366	0.2592
0.8913	0.3666	0.2609
0.8931	0.3647	0.2576
0.8958	0.3606	0.259
0.8951	0.3551	0.2591
0.8899	0.3531	0.2587
0.8883	0.3551	0.2629
0.8911	0.358	0.2638
0.8925	0.3618	0.265
0.8926	0.3638	0.2621
0.8932	0.3636	0.2593
0.8894	0.3646	0.2647
0.8853	0.3659	0.2674
0.8869	0.3653	0.2683
0.888	0.3644	0.2683
0.8896	0.3629	0.2638
0.8937	0.3573	0.2567
0.8943	0.3523	0.2521
0.8917	0.353	0.2539
0.8915	0.3565	0.2539
0.8963	0.3605	0.2558
0.8978	0.361	0.2631
0.894	0.3591	0.267
0.8933	0.3595	0.2697
0.889	0.3596	0.2672
0.8813	0.3594	0.2616
0.8821	0.3619	0.263
0.888	0.3639	0.2671
0.891	0.3648	0.2675
0.8911	0.3667	0.2597
0.891	0.367	0.2531
0.8952	0.3596	0.2642
0.8942	0.3609	0.258
0.8932	0.358	0.2544
0.8928	0.357	0.2547
0.8927	0.3576	0.2568
0.891	0.3567	0.2571
0.8907	0.3576	0.2571
0.8911	0.3592	0.262
0.8907	0.3607	0.2691
0.8904	0.3621	0.272
0.8899	0.3628	0.2704
0.8893	0.3641	0.2684
0.8891	0.3618	0.2655
0.8905	0.3565	0.2615
0.8915	0.3564	0.2594
0.8917	0.3603	0.2573
0.8933	0.3622	0.2568
0.8942	0.3626	0.2583
0.8929	0.3638	0.2588
0.8893	0.363	0.2603
0.8841	0.3613	0.2588
0.8845	0.3615	0.2582
0.8908	0.3601	0.2598
0.8933	0.3601	0.2534
0.8911	0.3603	0.2545
0.8924	0.3577	0.2712
0.8966	0.3579	0.2783
0.8993	0.3595	0.2741
0.8975	0.3595	0.272
0.889	0.3586	0.2619
0.8831	0.3572	0.2508
0.8855	0.3588	0.2541
0.8872	0.3629	0.2577
0.8885	0.3662	0.2598
0.8913	0.3669	0.2613
0.8931	0.3649	0.2578
0.8958	0.3608	0.259
0.8952	0.3552	0.259
0.89	0.3531	0.2585
0.8884	0.3551	0.2626
0.8912	0.358	0.2634
0.8926	0.3617	0.2646
0.8927	0.3637	0.2618
0.8932	0.3635	0.2591
0.8894	0.3645	0.2645
0.8853	0.3658	0.2673
0.8869	0.3652	0.2683
0.8879	0.3643	0.2683
0.8896	0.3629	0.2639
0.8937	0.3573	0.2568
0.8943	0.3524	0.2522
0.8917	0.353	0.2541
0.8914	0.3566	0.254
0.8963	0.3605	0.2559
0.8977	0.3611	0.2632
0.894	0.3591	0.2671
0.8933	0.3595	0.2698
0.889	0.3597	0.2672
0.8813	0.3594	0.2616
0.8821	0.3619	0.2629
0.888	0.3639	0.2671
0.891	0.3648	0.2675
0.8911	0.3667	0.2596
0.891	0.367	0.2531
0.8933	0.3644	0.2542
0.8955	0.3596	0.2561
0.8941	0.3523	0.2605
0.8933	0.3512	0.2625
0.8938	0.3588	0.2621
0.8919	0.3616	0.2636
0.8909	0.3597	0.2615
0.8903	0.3618	0.2615
0.8884	0.3627	0.2621
0.888	0.3607	0.2588
0.8882	0.3605	0.2607
0.8902	0.3603	0.2668
0.8922	0.36	0.2684
0.8918	0.3597	0.2625
0.8918	0.3597	0.2598
0.8905	0.3631	0.2628
0.8894	0.3634	0.2603
0.8904	0.3603	0.2584
0.8917	0.3605	0.26
0.8935	0.3599	0.26
0.893	0.3593	0.2603
0.8911	0.36	0.2592
0.8906	0.3587	0.2601
0.8896	0.3592	0.2636
0.8888	0.36	0.2651
0.891	0.3611	0.2638
0.8945	0.3636	0.2589
0.8927	0.3629	0.2596
0.8894	0.3621	0.2657
0.8913	0.3609	0.2651
0.8908	0.3588	0.2605
0.8897	0.359	0.2591
0.891	0.358	0.2612
0.8883	0.3584	0.2619
0.8886	0.3603	0.2607
0.8921	0.3604	0.261
0.8928	0.3614	0.2598
0.8933	0.3611	0.2587
0.893	0.3639	0.2605
0.8925	0.3665	0.2634
0.8915	0.3618	0.2659
0.8894	0.3596	0.2635
0.8894	0.3591	0.2607
0.8901	0.3571	0.2604
0.8912	0.3566	0.2579
0.8912	0.3552	0.259
0.8888	0.3573	0.2635
0.8876	0.3608	0.2646
0.8891	0.3617	0.2634
0.8934	0.3631	0.2614
0.8952	0.3632	0.2606
0.8933	0.3632	0.2642
0.8935	0.3632	0.2679
0.8931	0.3624	0.2658
0.8898	0.3622	0.2605
0.8879	0.3605	0.2548
0.8879	0.3593	0.2527
0.8882	0.3594	0.2573
0.8898	0.3591	0.2585
0.8935	0.3604	0.2586
0.8936	0.36	0.2625
0.8894	0.3577	0.2652
0.8887	0.3584	0.2684
0.8921	0.36	0.2673
0.8921	0.3582	0.2583
0.8936	0.3623	0.2591
0.8921	0.3594	0.2625
0.8916	0.3594	0.2637
0.8925	0.3661	0.2625
0.8911	0.367	0.2633
0.8906	0.3627	0.2607
0.8904	0.3626	0.2603
0.8889	0.3616	0.2606
0.8886	0.3583	0.2572
0.8889	0.3572	0.2592
0.8909	0.3568	0.2654
0.8928	0.3568	0.2672
0.8923	0.357	0.2617
0.8921	0.3578	0.2593
0.8907	0.362	0.2626
0.8894	0.3631	0.2604
0.8902	0.3608	0.2587
0.8915	0.3615	0.2604
0.8932	0.3613	0.2605
0.8927	0.3609	0.2609
0.8908	0.3616	0.2598
0.8903	0.3602	0.2606
0.8894	0.3604	0.264
0.8887	0.3608	0.2654
0.8909	0.3616	0.264
0.8945	0.3638	0.259
0.8927	0.3628	0.2596
0.8895	0.3617	0.2656
0.8914	0.3603	0.2649
0.8909	0.3581	0.2603
0.8898	0.3584	0.2589
0.8911	0.3573	0.261
0.8884	0.3579	0.2618
0.8886	0.3598	0.2605
0.8922	0.3602	0.2609
0.8928	0.3613	0.2597
0.8933	0.3611	0.2587
0.893	0.364	0.2606
0.8925	0.3667	0.2634
0.8914	0.362	0.266
0.8894	0.3598	0.2636
0.8894	0.3594	0.2607
0.89	0.3573	0.2605
0.8912	0.3567	0.258
0.8912	0.3553	0.2591
0.8888	0.3573	0.2635
0.8876	0.3608	0.2646
0.8891	0.3617	0.2634
0.8934	0.3631	0.2614
0.8952	0.3632	0.2606
0.8933	0.3631	0.2641
0.8935	0.3631	0.2679
0.8931	0.3623	0.2658
0.8898	0.3621	0.2605
0.8879	0.3604	0.2548
0.8879	0.3593	0.2527
0.8882	0.3594	0.2573
0.8898	0.3591	0.2585
0.8935	0.3605	0.2586
0.8936	0.36	0.2625
0.8894	0.3578	0.2652
0.8887	0.3584	0.2684
0.8921	0.36	0.2673
0.893	0.3593	0.2629
0.8918	0.3586	0.2615
0.8922	0.3623	0.2587
0.8905	0.3663	0.2559
0.8895	0.3658	0.2562
0.8932	0.3634	0.263
0.8939	0.3601	0.2673
0.8916	0.358	0.2619
0.891	0.3586	0.2626
0.8909	0.3575	0.2658
0.8919	0.356	0.2628
0.8914	0.3571	0.2607
0.8878	0.3603	0.2593
0.8863	0.3624	0.2624
0.8875	0.3608	0.2646
0.888	0.361	0.2601
0.89	0.3628	0.2588
0.8934	0.3618	0.2584
0.8943	0.3613	0.2572
0.8943	0.36	0.2581
0.894	0.3597	0.2603
0.8924	0.3626	0.2652
0.8916	0.3636	0.2646
0.8918	0.3624	0.2569
0.89	0.3605	0.2565
0.8872	0.3584	0.2661
0.8883	0.3582	0.2703
0.8917	0.3588	0.2674
0.8922	0.3591	0.2692
0.8916	0.3604	0.2654
0.8913	0.3621	0.2574
0.8913	0.3623	0.2598
0.8904	0.3618	0.2578
0.8887	0.3612	0.2495
0.8899	0.3598	0.2501
0.8931	0.3601	0.2565
0.894	0.3601	0.2625
0.893	0.3589	0.266
0.894	0.3596	0.2689
0.894	0.3578	0.269
0.8886	0.3549	0.2643
0.8859	0.358	0.2603
0.8878	0.3626	0.26
0.8881	0.3637	0.2631
0.8891	0.3635	0.2628
0.8923	0.363	0.2649
0.8928	0.3625	0.2686
0.8904	0.3643	0.2607
0.8894	0.3677	0.2577
0.8905	0.3645	0.2586
0.8925	0.3575	0.2534
0.8934	0.3561	0.2557
0.8929	0.3569	0.2592
0.8955	0.3578	0.2594
0.8959	0.359	0.2593
0.8904	0.3557	0.2603
0.8883	0.3533	0.27
0.8892	0.3569	0.273
0.8887	0.3617	0.2638
0.89	0.3642	0.2592
0.8904	0.3635	0.2595
0.8896	0.3637	0.2617
0.8905	0.3675	0.2638
0.8908	0.367	0.2619
0.8909	0.3567	0.2633
0.8899	0.3568	0.262
0.8909	0.3607	0.2588
0.8899	0.3648	0.2554
0.8896	0.3642	0.2552
0.8939	0.3617	0.2617
0.895	0.3584	0.2659
0.893	0.3566	0.2607
0.8924	0.3574	0.2617
0.8922	0.3566	0.2653
0.8929	0.3555	0.2627
0.8922	0.3569	0.2611
0.8882	0.3604	0.26
0.8863	0.3628	0.2634
0.8872	0.3614	0.2657
0.8876	0.3617	0.2612
0.8894	0.3636	0.2599
0.8927	0.3625	0.2593
0.8936	0.3618	0.2578
0.8937	0.3605	0.2585
0.8935	0.36	0.2605
0.892	0.3628	0.2651
0.8914	0.3637	0.2644
0.8917	0.3623	0.2565
0.89	0.3603	0.2561
0.8873	0.3582	0.2656
0.8885	0.358	0.2698
0.892	0.3585	0.267
0.8925	0.3588	0.2689
0.8918	0.3602	0.2652
0.8916	0.3619	0.2573
0.8915	0.3622	0.2598
0.8905	0.3617	0.2578
0.8888	0.3612	0.2496
0.8899	0.3598	0.2502
0.893	0.3601	0.2566
0.8939	0.3602	0.2627
0.8929	0.359	0.2661
0.8939	0.3596	0.2691
0.8939	0.3579	0.2691
0.8886	0.355	0.2644
0.8858	0.358	0.2603
0.8877	0.3626	0.26
0.888	0.3637	0.2631
0.8891	0.3634	0.2627
0.8923	0.363	0.2649
0.8928	0.3625	0.2685
0.8904	0.3643	0.2607
0.8894	0.3676	0.2577
0.8905	0.3645	0.2586
0.8926	0.3575	0.2534
0.8934	0.3561	0.2557
0.8929	0.3569	0.2591
0.8955	0.3578	0.2594
0.8959	0.359	0.2593
0.8904	0.3558	0.2603
0.8883	0.3533	0.2701
0.8892	0.3569	0.273
0.8887	0.3617	0.2638
0.8899	0.3642	0.2592
0.8904	0.3635	0.2595
0.8896	0.3638	0.2617
0.8905	0.3675	0.2638
0.8908	0.367	0.2619
0.8899	0.3621	0.2613
0.8902	0.3607	0.2625
0.8913	0.36	0.2607
0.8909	0.3563	0.2595
0.8894	0.3548	0.2584
0.8913	0.3568	0.2561
0.8948	0.3584	0.2565
0.8955	0.3596	0.2601
0.8956	0.3607	0.2659
0.8944	0.3611	0.2674
0.8901	0.3614	0.265
0.8886	0.3616	0.265
0.8893	0.362	0.2635
0.8867	0.3618	0.2607
0.8861	0.3609	0.2583
0.8884	0.3623	0.2582
0.8898	0.3625	0.2599
0.8931	0.3605	0.2588
0.8938	0.3607	0.2614
0.8888	0.3615	0.2637
0.8879	0.3609	0.2624
0.8919	0.3592	0.2641
0.8933	0.3584	0.2625
0.8931	0.3592	0.2601
0.8951	0.3582	0.2585
0.895	0.3574	0.2559
0.8916	0.3591	0.2596
0.8903	0.3605	0.2626
0.8895	0.3613	0.2669
0.8887	0.3614	0.2706
0.8902	0.3629	0.2634
0.8923	0.3642	0.2602
0.8928	0.3622	0.2617
0.8914	0.3612	0.2619
0.8906	0.3606	0.2656
0.8897	0.3601	0.2641
0.8875	0.3627	0.2585
0.8879	0.3624	0.2557
0.8888	0.3588	0.2544
0.8896	0.3558	0.2545
0.8923	0.3547	0.2542
0.8928	0.3585	0.2589
0.8922	0.3612	0.2664
0.893	0.3599	0.2687
0.893	0.361	0.2692
0.8934	0.3627	0.2674
0.8926	0.3629	0.2626
0.8905	0.3628	0.2603
0.8898	0.3612	0.2607
0.8908	0.3606	0.2607
0.8929	0.3617	0.2605
0.8926	0.3627	0.2615
0.8887	0.3625	0.2607
0.8845	0.3605	0.2571
0.8853	0.3591	0.2582
0.8931	0.3588	0.2648
0.8961	0.3595	0.2662
0.8904	0.3599	0.2612
0.8901	0.3576	0.2609
0.8933	0.3569	0.2628
0.8919	0.3574	0.2596
0.8917	0.3577	0.2582
0.8922	0.3612	0.2606
0.8912	0.364	0.2606
0.8928	0.369	0.2587
0.8901	0.3653	0.2638
0.8895	0.363	0.2643
0.8884	0.3582	0.264
0.8868	0.3559	0.2629
0.8891	0.3574	0.2599
0.8932	0.3587	0.2591
0.8946	0.3596	0.2615
0.8953	0.3606	0.2661
0.8947	0.3609	0.2665
0.8908	0.3611	0.2634
0.8896	0.3612	0.2629
0.8904	0.3616	0.2612
0.8878	0.3614	0.2585
0.887	0.3605	0.2564
0.8891	0.362	0.2567
0.8902	0.3622	0.2589
0.8933	0.3603	0.2583
0.8938	0.3606	0.2614
0.8886	0.3614	0.2641
0.8875	0.3609	0.2631
0.8914	0.3592	0.265
0.8929	0.3585	0.2634
0.8927	0.3593	0.261
0.8947	0.3583	0.2593
0.8947	0.3575	0.2566
0.8914	0.3592	0.2601
0.8902	0.3606	0.2629
0.8895	0.3614	0.267
0.8887	0.3615	0.2705
0.8903	0.3629	0.2632
0.8924	0.3642	0.2599
0.893	0.3622	0.2613
0.8915	0.3611	0.2615
0.8908	0.3606	0.2653
0.8899	0.3601	0.2638
0.8876	0.3626	0.2583
0.8879	0.3624	0.2555
0.8888	0.3588	0.2544
0.8896	0.3557	0.2545
0.8923	0.3547	0.2543
0.8927	0.3585	0.259
0.8922	0.3612	0.2665
0.8929	0.3599	0.2688
0.893	0.361	0.2694
0.8934	0.3627	0.2676
0.8925	0.363	0.2627
0.8905	0.3628	0.2604
0.8898	0.3612	0.2607
0.8908	0.3607	0.2608
0.8929	0.3617	0.2605
0.8926	0.3627	0.2615
0.8887	0.3625	0.2606
0.8845	0.3605	0.2571
0.8853	0.3591	0.2582
0.8931	0.3588	0.2647
0.8961	0.3595	0.2661
0.8904	0.3599	0.2612
0.8901	0.3576	0.2608
0.8933	0.3569	0.2628
0.8919	0.3574	0.2596
0.8917	0.3577	0.2582
0.8922	0.3612	0.2606
0.8912	0.364	0.2606
0.892	0.3649	0.2609
0.8915	0.3663	0.2621
0.889	0.3642	0.2618
0.8883	0.3615	0.2625
0.8896	0.3613	0.2635
0.8911	0.358	0.2654
0.8919	0.3558	0.2649
0.8928	0.3573	0.2603
0.8919	0.3579	0.2613
0.8887	0.3598	0.2644
0.8886	0.3618	0.2637
0.8915	0.3632	0.2619
0.8925	0.3625	0.2566
0.892	0.3567	0.2532
0.8931	0.3549	0.2548
0.8929	0.3592	0.2597
0.8902	0.3638	0.2646
0.8893	0.3661	0.2634
0.8906	0.3653	0.2637
0.8914	0.365	0.2636
0.89	0.3624	0.2611
0.8885	0.3563	0.267
0.8904	0.3554	0.2688
0.8919	0.3595	0.2638
0.8924	0.3611	0.2613
0.8929	0.3602	0.2582
0.8911	0.361	0.2576
0.8901	0.3609	0.2567
0.8904	0.3596	0.257
0.8916	0.3606	0.2615
0.8929	0.3598	0.2612
0.8917	0.3576	0.262
0.8913	0.3584	0.2645
0.8907	0.3608	0.2625
0.889	0.3629	0.2626
0.8893	0.361	0.2626
0.8884	0.359	0.2602
0.8882	0.3603	0.2579
0.8904	0.3609	0.2578
0.8909	0.3631	0.2641
0.8923	0.3663	0.2672
0.895	0.3648	0.2635
0.8972	0.3599	0.2615
0.8971	0.3576	0.2621
0.8937	0.355	0.2654
0.8905	0.3538	0.2645
0.886	0.3613	0.2581
0.8831	0.3645	0.257
0.8879	0.3606	0.26
0.89	0.3623	0.2622
0.8875	0.3635	0.2621
0.8889	0.3616	0.2604
0.8906	0.3602	0.261
0.8938	0.3586	0.2615
0.8965	0.3608	0.2577
0.8941	0.3613	0.2567
0.8944	0.3579	0.2615
0.895	0.3579	0.2622
0.893	0.3579	0.2608
0.8918	0.3579	0.2644
0.8886	0.3606	0.2661
0.8867	0.3624	0.2653
0.8864	0.3634	0.2651
0.8851	0.3654	0.2641
0.8878	0.3604	0.262
0.8914	0.3634	0.2603
0.8914	0.3625	0.2583
0.892	0.3605	0.2582
0.8936	0.3608	0.2592
0.8948	0.3579	0.2617
0.8948	0.3559	0.2621
0.8948	0.3575	0.2585
0.8929	0.3582	0.2606
0.8888	0.3601	0.2647
0.8879	0.3621	0.2648
0.8903	0.3635	0.2635
0.891	0.3627	0.2585
0.8904	0.3569	0.2551
0.8915	0.3551	0.2566
0.8916	0.3593	0.2612
0.8892	0.3639	0.2657
0.8887	0.3661	0.2641
0.8903	0.3653	0.264
0.8914	0.365	0.2635
0.8903	0.3623	0.2607
0.889	0.3562	0.2664
0.891	0.3553	0.268
0.8925	0.3594	0.263
0.8931	0.3611	0.2606
0.8934	0.3602	0.2575
0.8916	0.361	0.257
0.8905	0.3609	0.2564
0.8906	0.3596	0.2568
0.8916	0.3606	0.2614
0.8928	0.3598	0.2613
0.8915	0.3577	0.2621
0.8911	0.3584	0.2647
0.8905	0.3608	0.2628
0.8887	0.3629	0.2629
0.8891	0.361	0.2628
0.8882	0.359	0.2604
0.8881	0.3603	0.2581
0.8903	0.3609	0.2579
0.8908	0.3631	0.2642
0.8923	0.3663	0.2672
0.895	0.3648	0.2635
0.8972	0.3599	0.2615
0.8972	0.3575	0.262
0.8938	0.3549	0.2653
0.8906	0.3538	0.2644
0.8861	0.3613	0.2581
0.8831	0.3645	0.2569
0.8879	0.3606	0.26
0.8901	0.3623	0.2621
0.8876	0.3635	0.2621
0.8889	0.3616	0.2604
0.8906	0.3602	0.2611
0.8938	0.3586	0.2615
0.8964	0.3608	0.2578
0.8941	0.3613	0.2568
0.8944	0.3579	0.2616
0.895	0.3579	0.2622
0.8929	0.3579	0.2608
0.8918	0.3579	0.2645
0.8886	0.3606	0.2661
0.8867	0.3624	0.2653
0.8864	0.3634	0.2651
0.8851	0.3654	0.2641
0.8867	0.3645	0.2636
0.8902	0.361	0.2613
0.8932	0.3594	0.258
0.8925	0.3585	0.2566
0.8925	0.3584	0.2567
0.8975	0.3597	0.2588
0.8982	0.3593	0.2609
0.8947	0.3579	0.2628
0.8917	0.3586	0.2632
0.8885	0.3621	0.2614
0.8859	0.3642	0.2624
0.8854	0.3622	0.2641
0.8875	0.3611	0.2625
0.89	0.3602	0.2586
0.8943	0.3578	0.2576
0.8957	0.3585	0.2634
0.8905	0.3602	0.2663
0.8889	0.3594	0.2636
0.8902	0.3596	0.263
0.8911	0.3613	0.2616
0.8925	0.3609	0.2608
0.8917	0.3619	0.263
0.892	0.3647	0.2628
0.891	0.3648	0.2594
0.8888	0.3652	0.2545
0.8896	0.3618	0.2551
0.8887	0.3554	0.2625
0.8902	0.3546	0.2648
0.8947	0.3534	0.2614
0.8947	0.356	0.2584
0.8937	0.3617	0.259
0.8913	0.3609	0.2654
0.8886	0.3631	0.2685
0.8888	0.365	0.2644
0.8886	0.364	0.2641
0.8902	0.365	0.2663
0.8911	0.3609	0.2644
0.8903	0.359	0.2624
0.8923	0.3594	0.259
0.8924	0.3537	0.2558
0.8914	0.3544	0.2574
0.8925	0.3624	0.2573
0.8919	0.3653	0.2564
0.8911	0.3631	0.2598
0.8915	0.3619	0.2645
0.8912	0.3618	0.2651
0.8909	0.3623	0.258
0.8913	0.362	0.254
0.8889	0.3561	0.2584
0.8849	0.352	0.262
0.8866	0.3556	0.2679
0.8912	0.3602	0.2717
0.895	0.3648	0.2685
0.8976	0.3666	0.2707
0.8955	0.3654	0.27
0.8923	0.3664	0.2594
0.8896	0.3659	0.2529
0.8885	0.363	0.2522
0.8897	0.3571	0.256
0.889	0.3521	0.26
0.8896	0.3545	0.2591
0.8918	0.3551	0.2601
0.8916	0.3566	0.2594
0.8899	0.361	0.257
0.8913	0.3584	0.2587
0.8906	0.3604	0.265
0.8912	0.3622	0.2661
0.8893	0.3632	0.2661
0.8892	0.3637	0.2654
0.8945	0.3648	0.2656
0.896	0.3636	0.2653
0.8934	0.361	0.2647
0.8912	0.3604	0.2628
0.8888	0.3627	0.2592
0.8868	0.3637	0.259
0.8866	0.3609	0.2602
0.8889	0.3593	0.2585
0.8914	0.3581	0.255
0.8955	0.3557	0.2546
0.8966	0.3567	0.2613
0.8911	0.3587	0.2652
0.8892	0.3583	0.2633
0.8902	0.359	0.2635
0.8908	0.3611	0.2627
0.8921	0.3611	0.2623
0.8912	0.3624	0.2647
0.8914	0.3654	0.2645
0.8904	0.3656	0.2609
0.8883	0.366	0.2558
0.8892	0.3626	0.256
0.8885	0.3561	0.2631
0.89	0.3551	0.265
0.8946	0.3537	0.2613
0.8947	0.3561	0.2581
0.8938	0.3617	0.2584
0.8915	0.3608	0.2647
0.8889	0.3629	0.2678
0.889	0.3647	0.2638
0.8888	0.3637	0.2636
0.8904	0.3647	0.2659
0.8912	0.3606	0.2642
0.8904	0.3588	0.2623
0.8924	0.3592	0.259
0.8924	0.3536	0.2558
0.8914	0.3544	0.2576
0.8924	0.3625	0.2575
0.8918	0.3654	0.2566
0.8911	0.3632	0.26
0.8914	0.362	0.2647
0.8911	0.3619	0.2653
0.8908	0.3624	0.2581
0.8913	0.3621	0.254
0.8889	0.3562	0.2584
0.8849	0.3521	0.262
0.8866	0.3556	0.2678
0.8912	0.3602	0.2716
0.895	0.3648	0.2684
0.8976	0.3666	0.2706
0.8955	0.3654	0.2699
0.8924	0.3663	0.2593
0.8897	0.3659	0.2528
0.8885	0.363	0.2522
0.8897	0.357	0.256
0.889	0.3521	0.26
0.8896	0.3545	0.2591
0.8918	0.3551	0.2601
0.8916	0.3566	0.2594
0.8899	0.361	0.2571
0.8891	0.3588	0.26
0.8916	0.3598	0.2632
0.8923	0.3635	0.2656
0.8913	0.3625	0.2662
0.8923	0.3638	0.2647
0.8918	0.3638	0.2669
0.8915	0.3626	0.2703
0.8919	0.3625	0.2691
0.8912	0.3607	0.2616
0.8903	0.3612	0.2518
0.8876	0.3617	0.2489
0.8887	0.3607	0.2563
0.8933	0.3603	0.2618
0.893	0.3591	0.2593
0.8928	0.3592	0.2621
0.8928	0.3607	0.2631
0.8905	0.3614	0.2606
0.8899	0.3598	0.2664
0.8866	0.3586	0.2661
0.8859	0.3588	0.2621
0.8922	0.3572	0.263
0.893	0.3569	0.2609
0.8913	0.3576	0.2597
0.8923	0.3582	0.2584
0.8923	0.3613	0.2593
0.8933	0.361	0.2639
0.893	0.3597	0.263
0.8919	0.3658	0.2621
0.8921	0.3703	0.2637
0.892	0.3681	0.2634
0.8911	0.3661	0.2629
0.8871	0.3634	0.2622
0.8859	0.3579	0.2595
0.8909	0.355	0.2577
0.8923	0.3553	0.2599
0.8904	0.3549	0.2604
0.8915	0.3557	0.2603
0.8921	0.3585	0.2616
0.8913	0.3593	0.2595
0.8912	0.3598	0.2601
0.8905	0.3609	0.2626
0.8908	0.3605	0.26
0.8912	0.3604	0.2594
0.8908	0.3607	0.2623
0.8915	0.3625	0.2631
0.8918	0.3649	0.2645
0.8916	0.3643	0.2665
0.8913	0.3639	0.2654
0.8909	0.3634	0.2651
0.8917	0.3613	0.2654
0.8904	0.36	0.2615
0.8887	0.3585	0.2601
0.8902	0.3579	0.2612
0.8914	0.3581	0.2587
0.8917	0.3584	0.2547
0.8918	0.3604	0.2538
0.8917	0.3595	0.2595
0.8912	0.3576	0.2638
0.8909	0.359	0.2619
0.8914	0.3599	0.2634
0.8908	0.3606	0.265
0.8902	0.3618	0.264
0.8917	0.3623	0.2599
0.8917	0.3634	0.2542
0.8914	0.364	0.2612
0.8919	0.3611	0.2624
0.8914	0.362	0.2638
0.8897	0.3593	0.264
0.8905	0.3598	0.2626
0.8901	0.3596	0.2652
0.8902	0.3589	0.2691
0.891	0.3596	0.2685
0.8908	0.3586	0.2615
0.8904	0.3602	0.2522
0.888	0.3615	0.2495
0.8893	0.3613	0.2572
0.8941	0.3614	0.2627
0.8939	0.3606	0.2601
0.8936	0.3609	0.2629
0.8935	0.3624	0.2636
0.891	0.3629	0.2609
0.8903	0.361	0.2666
0.8867	0.3594	0.266
0.8858	0.3593	0.2619
0.8921	0.3573	0.2628
0.8928	0.3567	0.2605
0.891	0.3572	0.2594
0.8919	0.3576	0.258
0.892	0.3607	0.259
0.893	0.3603	0.2636
0.8928	0.3591	0.2629
0.8917	0.3653	0.2621
0.892	0.3699	0.2636
0.8919	0.3679	0.2635
0.8911	0.366	0.263
0.8872	0.3635	0.2623
0.886	0.3581	0.2597
0.891	0.3551	0.2578
0.8924	0.3556	0.26
0.8905	0.3551	0.2605
0.8916	0.3559	0.2604
0.8921	0.3587	0.2617
0.8913	0.3594	0.2595
0.8912	0.3599	0.2601
0.8905	0.3609	0.2626
0.8907	0.3605	0.26
0.8911	0.3604	0.2593
0.8908	0.3606	0.2622
0.8914	0.3624	0.2631
0.8917	0.3648	0.2644
0.8915	0.3642	0.2665
0.8913	0.3638	0.2653
0.8909	0.3633	0.2651
0.8917	0.3613	0.2654
0.8904	0.3599	0.2615
0.8887	0.3585	0.2601
0.8902	0.3579	0.2612
0.8915	0.3581	0.2587
0.8917	0.3584	0.2548
0.8918	0.3604	0.2538
0.8917	0.3595	0.2595
0.8912	0.3576	0.2638
0.8909	0.359	0.2619
0.8914	0.3599	0.2634
0.8908	0.3606	0.265
0.8902	0.3618	0.264
0.8917	0.3623	0.2599
0.8917	0.3634	0.2542
0.8903	0.3638	0.2572
0.8911	0.3622	0.263
0.8924	0.3605	0.2666
0.8929	0.36	0.2684
0.8926	0.3597	0.265
0.8892	0.3593	0.2643
0.8873	0.3596	0.2633
0.8888	0.36	0.2605
0.8881	0.3611	0.2617
0.8886	0.361	0.2599
0.892	0.3578	0.2586
0.8925	0.3574	0.2602
0.8923	0.3621	0.2601
0.8935	0.3632	0.2573
0.8943	0.3597	0.2548
0.8933	0.359	0.2592
0.8899	0.3597	0.2622
0.889	0.3606	0.2611
0.8912	0.363	0.2637
0.8915	0.3629	0.2644
0.8911	0.3619	0.2638
0.8906	0.3625	0.2663
0.8895	0.3612	0.267
0.8895	0.3584	0.2648
0.8906	0.357	0.2638
0.892	0.3579	0.2614
0.8921	0.3598	0.2582
0.8903	0.3603	0.2591
0.8902	0.3604	0.2585
0.8927	0.3601	0.2579
0.8927	0.3601	0.2601
0.8894	0.3632	0.2604
0.8879	0.3661	0.2623
0.8906	0.3641	0.262
0.8944	0.3582	0.2586
0.8948	0.3554	0.2582
0.891	0.3594	0.2592
0.8895	0.3616	0.2636
0.8907	0.3598	0.2659
0.889	0.3602	0.2642
0.8893	0.3598	0.2651
0.8926	0.3582	0.264
0.8915	0.3596	0.2616
0.8866	0.3633	0.262
0.8852	0.3648	0.2636
0.8914	0.3602	0.2654
0.8969	0.358	0.2618
0.8951	0.3611	0.256
0.8914	0.3616	0.2555
0.8893	0.3621	0.2564
0.8917	0.3622	0.2566
0.8941	0.3609	0.2589
0.892	0.3617	0.2638
0.8924	0.3615	0.2679
0.8923	0.3596	0.2664
0.8931	0.3551	0.2606
0.8941	0.3521	0.2591
0.8865	0.3556	0.2655
0.8836	0.3589	0.2668
0.8872	0.3614	0.2592
0.887	0.364	0.2589
0.8891	0.3655	0.2637
0.8907	0.3695	0.2626
0.8897	0.3704	0.2603
0.8937	0.3571	0.2569
0.8947	0.3586	0.2601
0.8959	0.3586	0.2625
0.8961	0.359	0.2643
0.8952	0.3591	0.2615
0.891	0.3588	0.2618
0.8883	0.359	0.2619
0.8891	0.3594	0.2603
0.8878	0.3606	0.2623
0.8877	0.3606	0.2613
0.8908	0.3575	0.2604
0.8911	0.3573	0.2622
0.8909	0.3622	0.2621
0.8922	0.3634	0.259
0.8932	0.3601	0.2562
0.8925	0.3594	0.2601
0.8894	0.3602	0.2627
0.8888	0.3611	0.2612
0.8913	0.3635	0.2634
0.8918	0.3633	0.2638
0.8915	0.3622	0.263
0.8911	0.3627	0.2654
0.8901	0.3613	0.2662
0.89	0.3584	0.2641
0.8911	0.3569	0.2632
0.8923	0.3578	0.261
0.8924	0.3596	0.258
0.8905	0.3601	0.2591
0.8903	0.3602	0.2586
0.8926	0.3599	0.2581
0.8926	0.3599	0.2604
0.8892	0.3631	0.2607
0.8877	0.366	0.2626
0.8904	0.3641	0.2623
0.8943	0.3582	0.2588
0.8946	0.3554	0.2584
0.8909	0.3595	0.2593
0.8895	0.3617	0.2637
0.8906	0.3599	0.2659
0.889	0.3603	0.2642
0.8893	0.3598	0.265
0.8926	0.3583	0.2639
0.8915	0.3596	0.2615
0.8867	0.3633	0.2619
0.8853	0.3648	0.2635
0.8914	0.3602	0.2653
0.897	0.358	0.2618
0.8951	0.3611	0.256
0.8914	0.3615	0.2555
0.8893	0.3621	0.2564
0.8916	0.3622	0.2566
0.894	0.3609	0.2589
0.892	0.3617	0.2639
0.8923	0.3615	0.2679
0.8923	0.3596	0.2664
0.8931	0.3551	0.2606
0.8941	0.3521	0.2591
0.8865	0.3556	0.2655
0.8836	0.3589	0.2668
0.8872	0.3614	0.2592
0.887	0.364	0.2588
0.8891	0.3655	0.2637
0.8907	0.3695	0.2626
0.8897	0.3704	0.2602
0.8927	0.3653	0.2599
0.8962	0.3588	0.2612
0.897	0.3533	0.2621
0.8946	0.3527	0.2608
0.8919	0.355	0.2599
0.8917	0.3559	0.2607
0.8902	0.3583	0.2618
0.8885	0.3618	0.2596
0.8879	0.3633	0.2564
0.8891	0.3632	0.2583
0.8933	0.3635	0.2619
0.8936	0.3635	0.2642
0.8909	0.3623	0.2661
0.891	0.3613	0.2677
0.8907	0.36	0.2691
0.8894	0.3598	0.2669
0.8896	0.3598	0.2607
0.8902	0.3595	0.2586
0.8896	0.3601	0.2597
0.8895	0.3593	0.2513
0.89	0.3594	0.2481
0.8903	0.3597	0.2602
0.8929	0.3569	0.2613
0.8949	0.3571	0.259
0.8925	0.3627	0.2684
0.8892	0.3654	0.2731
0.889	0.3646	0.2711
0.8933	0.3648	0.2614
0.8952	0.3631	0.2551
0.8914	0.3581	0.2635
0.8914	0.3554	0.2637
0.8924	0.3561	0.2589
0.8898	0.3593	0.2615
0.8891	0.3617	0.2597
0.8887	0.3609	0.259
0.8889	0.361	0.2613
0.8901	0.3614	0.2606
0.8894	0.3605	0.2617
0.89	0.3609	0.2609
0.8891	0.3613	0.2588
0.889	0.3608	0.259
0.8958	0.3609	0.2583
0.8982	0.3615	0.2612
0.8938	0.3612	0.2655
0.8915	0.3593	0.2647
0.8907	0.358	0.2649
0.8911	0.3587	0.2659
0.8914	0.3606	0.2639
0.8881	0.3618	0.2605
0.8865	0.3619	0.2576
0.8883	0.3618	0.2593
0.8891	0.3616	0.2638
0.89	0.3601	0.2643
0.892	0.3586	0.2609
0.8955	0.3586	0.2586
0.8968	0.3599	0.2598
0.8914	0.3613	0.2593
0.8878	0.3614	0.2578
0.8883	0.3601	0.2568
0.8882	0.3569	0.2561
0.8917	0.3573	0.2633
0.8936	0.3657	0.2696
0.8909	0.3686	0.2675
0.8916	0.3636	0.2678
0.8919	0.3709	0.2643
0.8931	0.3605	0.2643
0.893	0.3526	0.2636
0.8907	0.3511	0.2607
0.8886	0.3532	0.2585
0.8894	0.3544	0.2583
0.889	0.3575	0.2589
0.8883	0.3617	0.2566
0.8885	0.3638	0.2536
0.8904	0.3641	0.2561
0.895	0.3648	0.2603
0.8954	0.3649	0.2633
0.8926	0.3636	0.2659
0.8924	0.3624	0.2681
0.8918	0.3608	0.2699
0.8901	0.3602	0.2681
0.8899	0.36	0.262
0.8901	0.3594	0.26
0.8892	0.3597	0.2609
0.8889	0.3588	0.2523
0.8893	0.3588	0.2489
0.8896	0.3591	0.2606
0.8922	0.3563	0.2614
0.8943	0.3566	0.2589
0.892	0.3623	0.2681
0.8888	0.3652	0.2727
0.8888	0.3645	0.2706
0.8933	0.3648	0.2608
0.8953	0.3632	0.2546
0.8916	0.3583	0.263
0.8916	0.3556	0.2633
0.8927	0.3563	0.2587
0.8901	0.3596	0.2614
0.8893	0.362	0.2596
0.8889	0.361	0.259
0.8891	0.3611	0.2614
0.8902	0.3615	0.2608
0.8895	0.3606	0.2619
0.89	0.3609	0.2611
0.889	0.3613	0.259
0.889	0.3608	0.2592
0.8957	0.3608	0.2584
0.8981	0.3614	0.2613
0.8937	0.3611	0.2655
0.8914	0.3592	0.2647
0.8906	0.358	0.2649
0.8911	0.3587	0.2659
0.8914	0.3606	0.2638
0.8881	0.3618	0.2605
0.8865	0.3619	0.2575
0.8883	0.3619	0.2592
0.8891	0.3616	0.2638
0.8901	0.3601	0.2643
0.892	0.3586	0.2608
0.8956	0.3586	0.2586
0.8968	0.3599	0.2598
0.8914	0.3613	0.2593
0.8879	0.3614	0.2579
0.8883	0.3601	0.2568
0.8882	0.3569	0.2562
0.8917	0.3572	0.2633
0.8936	0.3657	0.2696
0.8909	0.3685	0.2675
0.8916	0.3636	0.2678
0.8929	0.3652	0.2686
0.8922	0.3639	0.2657
0.8914	0.3549	0.2609
0.8904	0.3527	0.2553
0.8908	0.3546	0.2543
0.8898	0.3556	0.2536
0.8877	0.3587	0.255
0.8892	0.3606	0.2626
0.8915	0.3618	0.2651
0.8934	0.363	0.2632
0.8937	0.3626	0.2622
0.8898	0.3626	0.2595
0.8883	0.3626	0.2618
0.8905	0.36	0.2676
0.8913	0.3579	0.2672
0.891	0.3613	0.2641
0.89	0.3665	0.2642
0.8902	0.3662	0.2625
0.8952	0.3609	0.259
0.8974	0.3586	0.2592
0.8925	0.3594	0.2572
0.8896	0.3572	0.2548
0.8894	0.3568	0.2573
0.8879	0.3586	0.257
0.8883	0.3581	0.2583
0.8898	0.359	0.2638
0.8906	0.3602	0.2642
0.8913	0.3608	0.2645
0.8907	0.3621	0.2697
0.8908	0.3619	0.2701
0.8914	0.3637	0.2632
0.8913	0.3642	0.2607
0.8916	0.3604	0.2626
0.8917	0.3591	0.26
0.8917	0.3588	0.258
0.8917	0.3579	0.2574
0.8913	0.3604	0.2566
0.8905	0.3618	0.258
0.8905	0.3609	0.2592
0.8923	0.3617	0.261
0.8928	0.3625	0.2644
0.8909	0.3633	0.2668
0.8902	0.3627	0.2656
0.8907	0.3569	0.2627
0.8918	0.3549	0.2629
0.892	0.3597	0.2621
0.8887	0.3601	0.2602
0.8878	0.3578	0.2614
0.892	0.3585	0.2622
0.8924	0.3606	0.2615
0.8891	0.3644	0.2596
0.8881	0.3657	0.2573
0.8891	0.3625	0.255
0.8924	0.3609	0.2543
0.8949	0.3607	0.2606
0.8932	0.3609	0.2675
0.8921	0.3613	0.2681
0.8921	0.3582	0.2681
0.8906	0.3556	0.2666
0.8906	0.3583	0.2624
0.8918	0.3603	0.2608
0.8916	0.3601	0.2599
0.8908	0.3606	0.2589
0.8891	0.36	0.2603
0.8885	0.361	0.2643
0.8902	0.3663	0.2629
0.891	0.3606	0.2598
0.891	0.3595	0.2557
0.892	0.3608	0.2559
0.8911	0.3605	0.256
0.889	0.3617	0.2579
0.8904	0.3617	0.2655
0.8923	0.3613	0.2677
0.894	0.3611	0.2653
0.8939	0.3599	0.2637
0.8898	0.3595	0.2603
0.8881	0.3594	0.2619
0.8901	0.3571	0.2672
0.8908	0.3557	0.2664
0.8906	0.3597	0.2631
0.8895	0.3657	0.2629
0.8898	0.3661	0.2613
0.895	0.3613	0.2579
0.8973	0.3595	0.2583
0.8924	0.3606	0.2566
0.8896	0.3586	0.2544
0.8895	0.3581	0.2571
0.888	0.3598	0.2571
0.8885	0.3591	0.2586
0.89	0.3598	0.2642
0.8908	0.3607	0.2647
0.8914	0.361	0.265
0.8908	0.362	0.2701
0.8909	0.3616	0.2705
0.8914	0.3632	0.2635
0.8913	0.3637	0.261
0.8916	0.3599	0.2627
0.8916	0.3586	0.26
0.8916	0.3584	0.2579
0.8916	0.3576	0.2573
0.8912	0.3601	0.2564
0.8905	0.3617	0.2579
0.8904	0.3609	0.2591
0.8922	0.3618	0.2608
0.8928	0.3627	0.2643
0.8909	0.3635	0.2667
0.8902	0.3629	0.2656
0.8907	0.3571	0.2627
0.8918	0.3551	0.2629
0.892	0.3598	0.2622
0.8888	0.3602	0.2602
0.8879	0.3579	0.2614
0.892	0.3586	0.2623
0.8924	0.3605	0.2616
0.8891	0.3644	0.2597
0.8881	0.3656	0.2573
0.8891	0.3624	0.255
0.8924	0.3608	0.2543
0.8949	0.3607	0.2606
0.8932	0.3608	0.2675
0.8921	0.3612	0.2681
0.8921	0.3581	0.2681
0.8906	0.3556	0.2665
0.8905	0.3583	0.2624
0.8918	0.3603	0.2608
0.8916	0.3601	0.2599
0.8908	0.3606	0.2589
0.8891	0.3601	0.2603
0.8878	0.3596	0.2598
0.8906	0.3622	0.2599
0.8924	0.3653	0.2634
0.8908	0.3657	0.2628
0.8893	0.3634	0.2611
0.8888	0.3606	0.26
0.8932	0.3578	0.258
0.8956	0.3564	0.2603
0.8912	0.3592	0.2619
0.8908	0.3599	0.2615
0.8903	0.3557	0.2607
0.8882	0.3559	0.2588
0.8913	0.3606	0.2624
0.8918	0.3634	0.2646
0.8899	0.364	0.2633
0.8911	0.3658	0.2651
0.8914	0.3656	0.2648
0.8922	0.3599	0.2625
0.8938	0.3577	0.2595
0.8946	0.3603	0.2592
0.8937	0.3599	0.2625
0.8891	0.3593	0.261
0.8858	0.3596	0.2611
0.8864	0.3588	0.2624
0.8871	0.36	0.2602
0.8888	0.3608	0.2609
0.892	0.3599	0.2598
0.8934	0.3595	0.26
0.8939	0.3594	0.2639
0.894	0.3602	0.2612
0.8932	0.3604	0.2603
0.8935	0.3593	0.2637
0.8923	0.3607	0.2636
0.889	0.3641	0.2632
0.8884	0.3647	0.2596
0.8885	0.3644	0.2544
0.8886	0.3642	0.2578
0.889	0.3601	0.266
0.8897	0.3572	0.268
0.8945	0.3577	0.2621
0.8976	0.3555	0.2591
0.8941	0.3562	0.262
0.8914	0.3605	0.2605
0.8892	0.3617	0.2597
0.8873	0.362	0.261
0.8899	0.3619	0.2583
0.8904	0.3612	0.2616
0.8884	0.3613	0.2659
0.8886	0.3602	0.2662
0.8891	0.3603	0.2683
0.891	0.3625	0.2648
0.8927	0.3627	0.2587
0.8923	0.36	0.2572
0.8932	0.3591	0.257
0.894	0.3605	0.2582
0.8944	0.3603	0.2602
0.8946	0.3601	0.2595
0.8916	0.3607	0.2569
0.8901	0.3601	0.2585
0.8906	0.3607	0.2612
0.8878	0.3601	0.265
0.8871	0.3591	0.2708
0.8892	0.361	0.2692
0.8887	0.3605	0.2665
0.8889	0.3531	0.2546
0.891	0.3597	0.2582
0.8927	0.3652	0.2634
0.8913	0.3669	0.2635
0.89	0.365	0.2618
0.8898	0.3621	0.2604
0.8943	0.3591	0.2578
0.8966	0.3573	0.2597
0.8921	0.3596	0.2609
0.8914	0.3598	0.2603
0.8907	0.3554	0.2595
0.8883	0.3554	0.2577
0.8911	0.36	0.2615
0.8914	0.3628	0.2639
0.8894	0.3635	0.263
0.8905	0.3654	0.2651
0.8908	0.3654	0.265
0.8916	0.3599	0.263
0.8933	0.3577	0.26
0.8943	0.3605	0.2598
0.8934	0.3602	0.2631
0.889	0.3596	0.2616
0.8858	0.3598	0.2616
0.8865	0.3591	0.2627
0.8873	0.3602	0.2603
0.8891	0.3609	0.261
0.8922	0.36	0.2597
0.8936	0.3595	0.2599
0.8941	0.3594	0.2636
0.8942	0.3601	0.2609
0.8933	0.3603	0.26
0.8935	0.3592	0.2634
0.8923	0.3606	0.2634
0.889	0.364	0.2631
0.8884	0.3646	0.2595
0.8885	0.3643	0.2543
0.8885	0.3641	0.2578
0.8889	0.3601	0.266
0.8896	0.3572	0.2681
0.8944	0.3577	0.2622
0.8975	0.3555	0.2592
0.894	0.3562	0.2621
0.8914	0.3606	0.2606
0.8892	0.3617	0.2598
0.8873	0.362	0.261
0.8899	0.3619	0.2583
0.8904	0.3612	0.2616
0.8884	0.3613	0.2659
0.8887	0.3602	0.2662
0.8891	0.3603	0.2683
0.891	0.3625	0.2648
0.8927	0.3627	0.2587
0.8923	0.36	0.2572
0.8932	0.3591	0.257
0.894	0.3605	0.2582
0.8944	0.3602	0.2602
0.8946	0.3601	0.2595
0.8916	0.3606	0.2569
0.8901	0.3601	0.2585
0.8906	0.3607	0.2612
0.8878	0.3601	0.265
0.8871	0.3591	0.2708
0.8892	0.361	0.2692
0.8887	0.3605	0.2665
0.8883	0.3588	0.2638
0.8892	0.3605	0.2575
0.8916	0.3602	0.2566
0.895	0.359	0.2561
0.8948	0.361	0.2559
0.8933	0.3615	0.259
0.8904	0.3626	0.2615
0.8881	0.3646	0.2634
0.8904	0.3627	0.2632
0.8914	0.3612	0.2631
0.8916	0.359	0.2624
0.8941	0.3572	0.2634
0.894	0.361	0.266
0.8924	0.3626	0.2631
0.8906	0.3617	0.2629
0.8886	0.3608	0.263
0.888	0.3564	0.2585
0.8879	0.3552	0.2586
0.8898	0.3576	0.2592
0.8919	0.3585	0.2588
0.8919	0.3597	0.2606
0.8917	0.3617	0.2614
0.8913	0.3638	0.261
0.8917	0.3638	0.2596
0.8919	0.3627	0.2592
0.8906	0.3634	0.2626
0.8905	0.3633	0.2659
0.8904	0.3628	0.2645
0.8904	0.3612	0.2631
0.8919	0.3577	0.2637
0.8922	0.3576	0.2613
0.8913	0.3583	0.2604
0.8914	0.358	0.2616
0.892	0.3597	0.2602
0.8907	0.3603	0.2615
0.8888	0.3605	0.2644
0.8894	0.3622	0.2634
0.8918	0.3617	0.2605
0.8927	0.3583	0.2588
0.8909	0.3567	0.2601
0.8903	0.3605	0.2616
0.8911	0.3639	0.2614
0.8898	0.3635	0.2602
0.8901	0.3622	0.2545
0.8924	0.3603	0.2517
0.8932	0.36	0.2603
0.8928	0.3606	0.2687
0.8911	0.3588	0.2696
0.89	0.3593	0.2659
0.8903	0.3622	0.2624
0.8897	0.3613	0.2639
0.8896	0.3599	0.2647
0.8908	0.3605	0.2648
0.8917	0.3601	0.2646
0.8922	0.3609	0.2584
0.8919	0.3614	0.2563
0.8916	0.3605	0.2591
0.8917	0.3622	0.2584
0.8901	0.3618	0.2583
0.8875	0.358	0.2602
0.887	0.3573	0.2623
0.8896	0.3584	0.2622
0.8933	0.3589	0.2605
0.8963	0.3595	0.2613
0.8934	0.3633	0.2672
0.8918	0.3621	0.2608
0.8921	0.3602	0.2597
0.8937	0.3584	0.259
0.8924	0.3602	0.2585
0.8903	0.3609	0.2612
0.8872	0.3623	0.2632
0.8851	0.3646	0.2646
0.888	0.3631	0.2639
0.8897	0.3617	0.2633
0.8907	0.3595	0.2622
0.8939	0.3577	0.2628
0.8944	0.3614	0.2651
0.8933	0.3628	0.2622
0.8918	0.3618	0.2619
0.89	0.3608	0.2621
0.8894	0.3563	0.2577
0.8892	0.3549	0.258
0.8908	0.3573	0.2588
0.8927	0.3582	0.2586
0.8923	0.3594	0.2606
0.8918	0.3614	0.2615
0.8912	0.3636	0.2613
0.8914	0.3637	0.2599
0.8914	0.3626	0.2595
0.89	0.3634	0.263
0.8899	0.3634	0.2662
0.8899	0.3629	0.2648
0.8899	0.3613	0.2633
0.8915	0.3579	0.2638
0.892	0.3577	0.2614
0.8911	0.3584	0.2604
0.8914	0.3581	0.2616
0.892	0.3597	0.2601
0.8908	0.3604	0.2614
0.889	0.3606	0.2642
0.8896	0.3622	0.2632
0.892	0.3617	0.2604
0.8929	0.3582	0.2587
0.891	0.3567	0.2601
0.8904	0.3604	0.2616
0.8912	0.3639	0.2614
0.8898	0.3634	0.2602
0.8901	0.3621	0.2545
0.8924	0.3603	0.2518
0.8932	0.36	0.2604
0.8928	0.3606	0.2688
0.891	0.3588	0.2696
0.89	0.3593	0.2659
0.8902	0.3622	0.2624
0.8896	0.3613	0.264
0.8896	0.3599	0.2647
0.8907	0.3605	0.2648
0.8917	0.3602	0.2646
0.8922	0.361	0.2584
0.8919	0.3614	0.2563
0.8917	0.3605	0.2591
0.8917	0.3622	0.2583
0.8901	0.3617	0.2582
0.8875	0.358	0.2602
0.887	0.3573	0.2623
0.8896	0.3584	0.2622
0.8933	0.3589	0.2605
0.8963	0.3595	0.2613
0.8971	0.3608	0.2619
0.8918	0.3615	0.2611
0.8878	0.3621	0.2602
0.8905	0.3628	0.2597
0.89	0.3614	0.2645
0.8894	0.3608	0.2711
0.8911	0.3611	0.2685
0.8896	0.3611	0.2586
0.8904	0.3616	0.2543
0.8913	0.3609	0.2596
0.8913	0.3606	0.2629
0.8923	0.3606	0.2616
0.8908	0.3598	0.2624
0.89	0.3601	0.2606
0.8897	0.3601	0.2586
0.8904	0.3598	0.2621
0.8915	0.3598	0.2647
0.8907	0.3596	0.2626
0.8916	0.3596	0.2576
0.8907	0.3598	0.2568
0.8902	0.3604	0.2591
0.894	0.3603	0.2619
0.8941	0.3601	0.2675
0.892	0.361	0.2668
0.8908	0.3617	0.2635
0.8906	0.3622	0.2621
0.8911	0.3625	0.2583
0.8908	0.3614	0.2596
0.8907	0.36	0.2599
0.8886	0.3596	0.2586
0.8878	0.359	0.2623
0.8915	0.3598	0.2622
0.8921	0.3626	0.2623
0.8899	0.3617	0.2627
0.8898	0.359	0.2602
0.8906	0.3588	0.2616
0.8914	0.3591	0.2625
0.8908	0.3601	0.2624
0.891	0.3598	0.2628
0.8948	0.3595	0.2634
0.8959	0.3614	0.2638
0.8929	0.3628	0.259
0.8911	0.3634	0.2577
0.888	0.3606	0.2624
0.8859	0.359	0.2651
0.8892	0.3617	0.265
0.8911	0.3611	0.2586
0.8913	0.3602	0.2532
0.8927	0.3608	0.257
0.8922	0.3595	0.2588
0.8925	0.3599	0.2582
0.8923	0.362	0.2635
0.8892	0.3629	0.2679
0.8886	0.3604	0.2691
0.8908	0.3566	0.2705
0.8912	0.3559	0.2674
0.8908	0.3573	0.2597
0.8918	0.3603	0.255
0.8931	0.3632	0.2565
0.8926	0.3627	0.2596
0.8894	0.3626	0.26
0.8878	0.3616	0.2594
0.8904	0.3611	0.2598
0.8916	0.367	0.2612
